"playerId","player","team","position","age","exp","bye","points","lower","upper","sdPts","positionRank","dropoff","tier","ptSpread","overallECR","positionECR","sdRank","risk","sleeper","actualPoints","salary"
2504211,"Tom Brady","NE","QB",38,15,4,21.23,19.736,23.592,2.70562377281099,1,0.841666666666665,1,3.856,NA,1.5,0.9,5.42888990783131,NA,30.34,NA
2495455,"Cam Newton","CAR","QB",26,4,5,20.93,19.408,22.104,1.84577896834913,2,1.19166666666667,1,2.696,NA,5.7,2.3,5.80811918820305,NA,16.02,NA
2532975,"Russell Wilson","SEA","QB",27,3,9,19.8466666666667,17.972,21.78,2.38338694578395,3,0.790000000000003,1,3.808,NA,13.5,2.6,6.58390525416063,NA,12.6,NA
2506363,"Aaron Rodgers","GB","QB",32,10,7,19.63,15.508,24.244,5.47853995148342,4,1.52166666666666,1,8.736,NA,5.4,2.3,9.30330282208948,NA,6.18,NA
2506121,"Philip Rivers","SD","QB",34,11,10,18.4833333333333,14.96,22.92,5.35358135581532,5,0.988333333333333,1,7.96,NA,2,1.2,8.23510391479844,NA,24.04,NA
2540175,"LeVeon Bell","PIT","RB",23,2,11,18.0933333333333,16.744,19.4,1.66256829433661,1,1.15833333333333,1,2.656,NA,2.4,1,2.97286862192611,NA,5.8,NA
310,"Matt Ryan","ATL","QB",30,7,10,17.7333333333333,17.352,18.216,0.582866479850518,6,0.513333333333335,2,0.864000000000001,NA,8.9,2.8,5.02393148774545,NA,18.08,NA
2495143,"Andy Dalton","CIN","QB",28,4,7,17.2566666666667,15.202,19.458,2.91143149212433,7,0.281666666666666,2,4.256,NA,5.3,2.3,6.83341407487497,NA,7.64,NA
2543583,"Devonta Freeman","ATL","RB",23,1,10,17.2166666666667,15.14,18.7,2.56920869789383,2,0.741666666666667,1,3.56,NA,2.5,1.4,4.09972552945575,NA,13.1,NA
2506581,"Ryan Fitzpatrick","NYJ","QB",33,10,5,17.1833333333333,14.478,19.694,3.29017223460009,8,0.473333333333333,2,5.216,NA,14.4,2.6,7.45634941319932,NA,3.04,NA
2506109,"Ben Roethlisberger","PIT","QB",33,11,11,16.7666666666667,15.32,18.6,2.21434715736565,9,0.141666666666666,2,3.28,NA,7.7,3,6.76598454989179,NA,5.48,NA
234,"Matt Forte","CHI","RB",30,7,7,16.6533333333333,14.608,18.8,2.62916970417151,3,0.578333333333337,1,4.19199999999999,NA,5.8,1.5,4.21943134075496,NA,6.9,NA
2505996,"Eli Manning","NYG","QB",34,11,11,16.6533333333333,14.84,18.776,2.54953590548032,10,0.0583333333333336,2,3.936,NA,9.7,2.5,6.65758260594062,NA,38,NA
2506340,"Alex Smith","KC","QB",31,10,9,16.5966666666667,14.634,19.066,2.97930081283064,11,0.0850000000000009,2,4.432,NA,19.6,3.6,8.01904441630815,NA,27.6,NA
2505245,"Carson Palmer","ARI","QB",36,12,9,16.5933333333333,14.7,18.348,2.29968113731737,12,0.761666666666667,2,3.648,NA,4.4,2.8,6.67572815729052,NA,28.56,NA
2495454,"Julio Jones","ATL","WR",26,4,10,16.5333333333333,16.16,16.8,0.461880215351701,1,1.34166666666667,1,0.640000000000001,NA,1.3,0.7,1.51735394936278,NA,19.2,NA
2504775,"Drew Brees","NO","QB",36,14,11,16.43,15.932,16.82,0.589660919512222,13,1.21833333333333,3,0.887999999999998,NA,8.4,2.6,4.85810994865943,NA,42.3,NA
2552475,"Todd Gurley","STL","RB",21,0,6,16.2966666666667,14.492,18.18,2.31128391447986,4,0.708333333333332,1,3.688,NA,1.9,1,3.60333029316876,NA,20.6,NA
927,"Justin Forsett","BAL","RB",30,7,9,15.8533333333333,14.068,17.7,2.27388067702185,5,0.635,2,3.632,NA,7,2,4.18129976793573,NA,7.4,NA
2495663,"Marshawn Lynch","SEA","RB",29,8,9,15.3233333333333,13.914,16.794,1.80489150181758,6,1.03333333333334,2,2.88,NA,5.9,1.9,3.66407526746139,NA,8.2,NA
2543496,"Odell Beckham","NYG","WR",23,1,11,15.25,12.92,17.44,2.84121452903508,2,0.238333333333335,1,4.52,NA,5.7,2.1,4.44328298514733,NA,31,NA
2543465,"Teddy Bridgewater","MIN","QB",23,1,5,15.2333333333333,14.648,15.464,0.519358578761663,14,0.0749999999999975,4,0.816000000000001,NA,19,2.3,4.53193205151468,NA,10.58,NA
382,"Joe Flacco","BAL","QB",30,7,9,15.19,11.776,17.688,3.75780521049189,15,0.170000000000002,4,5.912,NA,17.9,2.9,8.16481052127781,NA,22.96,NA
2540165,"DeAndre Hopkins","HOU","WR",23,2,9,15.1333333333333,13.78,16.58,1.76162803489651,3,0.386666666666667,2,2.8,NA,2.6,2,3.33629495499233,NA,15.4,NA
2532956,"Ryan Tannehill","MIA","QB",27,3,5,15.1266666666667,13.904,16,1.51265770527682,16,0.268333333333336,4,2.096,NA,11.9,2.5,5.65997232205179,NA,5.9,NA
2507164,"Adrian Peterson","MIN","RB",30,8,5,15.1133333333333,13.952,16.08,1.39518218643062,7,1.69166666666667,2,2.128,NA,4.4,1.4,2.95873447957656,NA,10.9,NA
81294,"Brian Hoyer","HOU","QB",30,6,9,14.9133333333333,14.02,16.004,1.31153853673208,17,0.114999999999998,4,1.984,NA,19.2,2.9,5.81118712520452,NA,17.3,NA
2508061,"Antonio Brown","PIT","WR",27,5,11,14.89,13.596,15.86,1.57933530322095,4,0.501666666666667,2,2.264,NA,3.5,1.5,2.95024795291115,NA,10.7,NA
2495824,"Jay Cutler","CHI","QB",32,9,7,14.8033333333333,13.52,16.296,1.79321870761303,18,0.168333333333333,4,2.776,NA,16.9,2.4,5.84372878468186,NA,19.54,NA
2533031,"Andrew Luck","IND","QB",26,3,10,14.7933333333333,13.564,16.172,1.79692329645239,19,0.571666666666665,4,2.608,NA,11.7,2.5,5.93347240823051,NA,11.74,NA
2495450,"A.J. Green","CIN","WR",27,4,7,14.6033333333333,11.928,17.04,3.23651561611146,5,0.763333333333334,2,5.112,NA,7.2,2.3,4.91596010578454,NA,17.8,NA
79860,"Matthew Stafford","DET","QB",27,6,9,14.4766666666667,12.326,16.086,2.46345962689331,20,0.661666666666667,4,3.76,NA,11.3,2.6,6.66094547944223,NA,7.18,NA
2543468,"Mike Evans","TB","WR",22,1,6,14.1733333333333,12.236,15.58,2.38498078259204,6,0.678333333333335,2,3.344,NA,12.8,3.9,4.73480155269139,NA,4.8,NA
2501863,"Peyton Manning","DEN","QB",39,17,7,13.9666666666667,12.912,14.816,1.27032804162285,21,0.5075,5,1.904,NA,18.3,2.6,5.51299932794169,NA,10.6,NA
2532842,"Nick Foles","STL","QB",26,3,6,13.6633333333333,11.942,15.206,2.09552698224894,22,0.522499999999999,5,3.264,NA,25.2,1.7,5.53133292869522,NA,11.34,NA
497240,"Rob Gronkowski","NE","TE",26,5,4,13.6066666666667,12.816,14.24,0.952960299977566,1,1.90833333333333,1,1.424,NA,1.1,0.3,2.6614932712185,NA,17.3,NA
2495893,"Brandon Marshall","NYJ","WR",31,9,5,13.5066666666667,12.844,14.364,1.03929463259142,7,0.116666666666665,3,1.52,NA,7.9,2.7,2.91172753588304,NA,10.8,NA
2540154,"Keenan Allen","SD","WR",23,2,10,13.4833333333333,11.52,15.32,2.3907809045024,8,0.199999999999999,3,3.8,NA,6.1,2.7,4.24591830713968,NA,9.5,NA
2495466,"Mark Ingram","NO","RB",26,4,11,13.4666666666667,11.76,15.76,2.80416357107308,8,0.396666666666667,2,4,NA,8.6,1.7,4.51236517285694,NA,11.9,NA
2507999,"Chris Ivory","NYJ","RB",27,5,5,13.3766666666667,11.584,14.84,2.15630084481116,9,0.629999999999999,3,3.256,NA,10.1,2.3,4.25132453876441,NA,4.1,NA
497328,"Demaryius Thomas","DEN","WR",28,5,7,13.2966666666667,11.072,15.16,2.67208408051344,9,0.246666666666666,3,4.088,NA,11.5,3.4,4.81214353484846,NA,16.8,NA
2533039,"Alshon Jeffery","CHI","WR",25,3,7,13.27,10.988,15.06,2.75893095237993,10,0.49,3,4.072,NA,10.1,2.8,4.6505744226723,NA,17.6,NA
2543605,"Zach Mettenberger","TEN","QB",24,1,4,13.255,1.962,14.602,8.14162350722098,23,0.630000000000001,5,12.64,NA,25.7,2.4,11.9517112971266,NA,0.84,NA
2505076,"Josh McCown","CLE","QB",36,13,11,13.0266666666667,11.416,14.536,1.96166595865181,24,0.829999999999998,5,3.12,NA,23.6,2.7,6.26433471763223,NA,16.24,NA
100026,"Cardinals","ARI","DST",NA,NA,9,12.95,10.35,11.55,1.06066017177982,1,0.699999999999999,1,1.2,NA,3,1.6,3.32788402011219,NA,9,NA
238498,"Julian Edelman","NE","WR",29,6,4,12.83,11.012,14.7,2.30774781984514,11,0.101666666666668,3,3.688,NA,11.5,3,4.28760011473622,NA,20.1,NA
2533034,"Lamar Miller","MIA","RB",24,3,5,12.7633333333333,7.218,15.938,5.47257099847351,10,0.0899999999999981,3,8.72,NA,11.2,1.9,7.22855140036768,NA,9.4,NA
2533437,"Ronnie Hillman","DEN","RB",24,3,7,12.73,9.472,15.48,3.81375143395581,11,0.296666666666669,3,6.008,NA,21.4,3.2,6.41502500366888,NA,17.5,NA
2552487,"Amari Cooper","OAK","WR",21,0,6,12.73,10.972,14.9,2.61202986200388,12,0.123333333333331,3,3.928,NA,22.5,3.5,4.79407528217973,NA,4.6,NA
497322,"Emmanuel Sanders","DEN","WR",28,5,7,12.7266666666667,11.104,14.16,1.95349259874035,13,0.43,3,3.056,NA,14.4,3.4,4.10274815051381,NA,2.2,NA
2532899,"Doug Martin","TB","RB",26,3,6,12.6166666666667,10.98,14.46,2.17504789219303,12,0.376666666666667,3,3.48,NA,9.1,2.1,4.14668002298912,NA,7.8,NA
2495448,"Randall Cobb","GB","WR",25,4,7,12.4866666666667,9.908,14.9,3.14046705655916,14,0.453333333333335,3,4.992,NA,16.3,3.4,5.27453242997967,NA,2.7,NA
100016,"Chiefs","KC","DST",NA,NA,9,12.3,10.6,12.2,1.4142135623731,2,0.350000000000001,1,1.6,NA,11.4,2.9,4.97394003427798,NA,14,NA
2541161,"Latavius Murray","OAK","RB",25,2,6,12.25,10.84,13.76,1.83779759494891,13,0.1325,3,2.92,NA,20.8,3.8,4.86326388049853,NA,11.9,NA
2540156,"Giovani Bernard","CIN","RB",24,2,7,12.23,10.232,13.84,2.40638733374326,14,0.275833333333335,3,3.608,NA,16.6,2.5,4.61723799169455,NA,3.4,NA
2543499,"Derek Carr","OAK","QB",24,1,6,12.2233333333333,9.89,14.322,2.81620903580209,25,0.818333333333333,5,4.432,NA,22.4,2.7,7.08651514501879,NA,29.12,NA
100017,"Rams","STL","DST",NA,NA,6,12.2,11.72,12.68,0.848528137423858,3,0.5,2,0.959999999999999,NA,1.5,1,2.50410532766857,NA,12,NA
2552033,"Jameis Winston","TB","QB",21,0,6,12.17,10.382,13.342,2.05759568428785,26,1.705,6,2.96,NA,22.5,2.3,6.01191413160003,NA,19.48,NA
80429,"Jeremy Maclin","KC","WR",27,6,9,12.1066666666667,10.476,13.66,1.99703112978575,15,0.173333333333334,3,3.184,NA,21.1,6.8,5.54712206811068,NA,9.5,NA
2495469,"Dion Lewis","NE","RB",25,4,4,12.005,10.649,13.361,2.3970919882224,15,0.183333333333332,3,2.712,NA,19.9,4.2,5.65254860794933,NA,17.2,NA
2495647,"Calvin Johnson","DET","WR",30,8,9,11.96,7.536,13.776,3.92209127889701,16,0.0599999999999969,4,6.24,NA,5.1,2.4,5.63397961595374,NA,8.5,NA
2532865,"T.Y. Hilton","IND","WR",26,3,10,11.9066666666667,9.116,12.54,2.3448098714679,17,0.0466666666666686,4,3.424,NA,20.4,3.8,4.65392729607647,NA,1.5,NA
284,"Darren McFadden","DAL","RB",28,7,6,11.9033333333333,10.108,13.54,2.28123504561308,16,0.188333333333331,3,3.432,NA,19.8,3.4,5.04849552741462,NA,11.3,NA
2504595,"Steve Smith","BAL","WR",36,14,9,11.8933333333333,10.976,13.056,1.40432664766191,18,0.0750000000000011,4,2.08,NA,18.4,3.3,3.51939266339241,NA,8.2,NA
2540148,"Tyler Eifert","CIN","TE",25,2,7,11.89,10.076,13.46,2.17997706409953,2,0.515000000000001,2,3.384,NA,2.8,0.9,4.29770205768545,NA,3.9,NA
2552608,"Stefon Diggs","MIN","WR",22,0,5,11.8266666666667,8.684,14.3,3.79738506519069,19,0.138333333333334,4,5.616,NA,21.4,3.8,6.08791331450709,NA,15.5,NA
2543498,"Brandin Cooks","NO","WR",22,1,11,11.81,10.024,13.2,2.16224420452455,20,0.256666666666666,4,3.176,NA,27.4,3.7,4.43248056526192,NA,20.8,NA
949,"Jonathan Stewart","CAR","RB",28,7,5,11.74,8.204,12.924,2.99846627461441,17,0.798333333333336,4,4.72,NA,13.1,2.5,5.19265666048932,NA,11.3,NA
100001,"Falcons","ATL","DST",NA,NA,10,11.7,9.46,11.54,1.83847763108502,4,0.0249999999999986,3,2.08,NA,7.7,2.5,5.1650092764465,NA,2,NA
100024,"Jets","NYJ","DST",NA,NA,5,11.7,7.96,10.84,2.54558441227157,4,0.125,3,2.88,NA,5.6,2.6,6.18135858178009,NA,0,NA
262,"Chris Johnson","ARI","RB",30,7,9,11.69,6.614,14.214,4.75113670609466,18,1.76833333333333,4,7.6,NA,11,2.3,6.77314535347505,NA,4.9,NA
100030,"Seahawks","SEA","DST",NA,NA,9,11.65,8.99,12.11,2.75771644662754,6,0.625,3,3.12,NA,2.4,1.4,5.36658811366515,NA,5,NA
2543572,"Martavis Bryant","PIT","WR",24,1,11,11.5666666666667,9.62,13.14,2.34378611083293,21,0.0633333333333326,4,3.52,NA,17,3.9,4.6941340653271,NA,4.9,NA
2506106,"Larry Fitzgerald","ARI","WR",32,11,9,11.54,9.876,12.98,1.99969997749662,22,0.106666666666667,4,3.104,NA,10.9,3.3,4.1071467668763,NA,11.4,NA
497236,"Jimmy Graham","SEA","TE",29,5,9,11.5066666666667,10.076,12.94,1.79000931096275,3,0.466666666666669,2,2.864,NA,7.5,1.6,4.29987560745939,NA,7.5,NA
100012,"Titans","TEN","DST",NA,NA,4,11.5,7.98,11.02,2.68700576850888,7,1.65,3,3.04,NA,13.9,3.3,7.00363590350226,NA,7,NA
497284,"Eric Decker","NYJ","WR",28,5,5,11.4666666666667,9.8,12.68,2.05020324195757,23,0.119999999999999,4,2.88,NA,19.6,4,4.44552572015598,NA,12,NA
2506400,"Vincent Jackson","TB","WR",32,10,6,11.4,11.4,11.4,NA,24,0.315,4,0,NA,45.7,9.9,7.79681805783236,NA,NA,NA
2507763,"Mike Wallace","MIN","WR",29,6,5,11.2933333333333,9.004,13.02,2.79000597370926,25,0.454999999999998,4,4.016,NA,40.2,3.7,5.052208620516,NA,0,NA
2495700,"Greg Olsen","CAR","TE",30,8,5,11.2433333333333,10.044,12.58,1.61264792603139,4,0.531666666666666,2,2.536,NA,2.5,0.9,3.70382073747976,NA,13.9,NA
2506922,"Stephen Gostkowski","NE","K",31,9,4,11,10,11.8666666666667,1.20185042515466,1,0.255555555555555,1,1.86666666666667,NA,1.5,1.6,2.00055864785584,NA,12,NA
2507183,"James Jones","GB","WR",31,8,7,10.8766666666667,8.724,12.46,2.64038507292655,26,0.393333333333333,4,3.736,NA,27.7,3.3,4.73963276349365,NA,0.2,NA
1060,"Gary Barnidge","CLE","TE",30,7,11,10.8366666666667,8.648,12.56,2.64443440707712,5,0.328333333333335,2,3.912,NA,6.1,1.7,5.25291708774396,NA,11.3,NA
2543488,"Jarvis Landry","MIA","WR",23,1,5,10.8,8.3,13.02,3.01164406927512,27,0.695,4,4.72,NA,17.5,3.9,5.35344518315587,NA,7.1,NA
2536340,"Justin Tucker","BAL","K",26,3,9,10.7555555555556,9.85333333333333,11.72,1.17441868993101,2,0.199999999999999,1,1.86666666666667,NA,3.5,1.7,2.08625524665351,NA,20,NA
2541556,"Brandon McManus","DEN","K",24,1,7,10.7333333333333,8.96,12,2.19393102292058,3,0.511111111111113,1,3.04,NA,6.9,3.7,5.23751018662467,NA,11,NA
2495186,"Colin Kaepernick","SF","QB",28,4,10,10.64,8.26,12.836,2.86020978251596,27,5.361,6,4.576,NA,26.2,1.5,6.09469753937214,NA,9.28,NA
1062,"Martellus Bennett","CHI","TE",28,7,7,10.5866666666667,7.828,12.58,3.40096064860112,6,0.368333333333332,2,4.752,NA,5.4,1.5,5.92759529919346,NA,3.2,NA
100013,"Texans","HOU","DST",NA,NA,9,10.55,10.51,10.59,0.0707106781186545,8,1.65,3,0.0800000000000001,NA,11.4,2.9,3.21583432109202,NA,20,NA
2540258,"Travis Kelce","KC","TE",26,2,9,10.43,9.092,11.66,1.62194327890959,7,0.523333333333333,2,2.568,NA,4.3,1.2,3.88943367667224,NA,10.9,NA
2504797,"Matt Bryant","ATL","K",40,13,10,10.3777777777778,9.50666666666667,11.5333333333333,1.40844016688807,4,0.461111111111112,1,2.02666666666667,NA,5.5,2.9,3.63083107474863,NA,8,NA
2506562,"Matt Cassel","DAL","QB",33,10,6,10.29,8.392,12.624,2.80839811992531,28,10.033,6,4.232,NA,27.7,1.4,5.95866871907361,NA,8.18,NA
4327,"Danny Woodhead","SD","RB",30,7,10,10.1933333333333,6.756,13.876,4.55325524579211,19,0.565833333333332,4,7.12,NA,17.1,2.8,6.88799211905124,NA,4.5,NA
2543614,"Donte Moncrief","IND","WR",22,1,10,10.1666666666667,7.62,12.42,3.06648550189518,28,0.208333333333334,4,4.8,NA,24.7,3.7,5.32514993158494,NA,1.8,NA
2550325,"Chandler Catanzaro","ARI","K",24,1,9,10.0666666666667,8.76,11.5333333333333,1.76760981114171,5,0.388888888888889,1,2.77333333333333,NA,5.1,2.2,3.18415795090399,NA,10,NA
2532903,"Rishard Matthews","MIA","WR",26,3,5,10.0433333333333,7.224,12.56,3.39876938513535,29,0.216666666666665,4,5.336,NA,29.3,3.9,5.73561630429513,NA,6.2,NA
2532853,"Ladarius Green","SD","TE",25,3,10,10.0066666666667,7.896,12.04,2.59540619813804,8,0.291666666666668,2,4.144,NA,9.6,3,5.96375194957749,NA,1,NA
2532977,"Kendall Wright","TEN","WR",26,3,4,9.87333333333333,5.544,12.104,4.2412419564714,30,0.240000000000002,4,6.56,NA,32.1,4.3,6.73217713690656,NA,2.1,NA
2495966,"Delanie Walker","TEN","TE",31,9,4,9.80666666666667,5.956,12.58,4.75185577783389,9,0.2425,2,6.624,NA,8.5,1.7,7.45897015626163,NA,6.2,NA
71269,"Michael Crabtree","OAK","WR",28,6,6,9.78,6.752,12.24,3.64378923649544,31,0.443333333333335,4,5.488,NA,32.5,5,6.43089225298438,NA,16.2,NA
2507225,"Nick Folk","NYJ","K",31,8,5,9.76666666666667,8.64,11.3333333333333,1.9341952101872,6,0.238888888888889,1,2.69333333333333,NA,12.9,3,4.22356434878585,NA,9,NA
2540168,"Eddie Lacy","GB","RB",24,2,7,9.65,5.03,13.99,5.63271692880088,20,0.637500000000001,4,8.96,NA,21.1,3.9,8.61283152355721,NA,10.7,NA
2543466,"Eric Ebron","DET","TE",22,1,9,9.62333333333333,7.996,10.9,1.96739252141847,10,0.424166666666668,3,2.904,NA,10.5,2.3,4.89595332444325,NA,2.4,NA
2550268,"Charcandrick West","KC","RB",24,1,9,9.605,6.901,9.309,2.12839141137151,21,1.27333333333333,4,2.408,NA,14.7,3.3,4.83852067520254,NA,18.2,NA
2506264,"Robbie Gould","CHI","K",33,10,7,9.58888888888889,7.61333333333333,11.5333333333333,2.45092575102491,7,0.155555555555555,1,3.92,NA,16.2,3.5,5.25138526517667,NA,10,NA
2543683,"Austin Seferian-Jenkins","TB","TE",23,1,6,9.505,7.989,11.021,2.67993470069701,11,1.99666666666667,3,3.032,NA,16.8,4.2,6.75576673960555,NA,NA,NA
2530747,"Doug Baldwin","SEA","WR",27,4,9,9.48666666666667,5.012,11.252,3.9049370460141,32,0.573333333333332,4,6.24,NA,48.8,3.8,6.19408891038795,NA,3.5,NA
2550636,"Cairo Santos","KC","K",24,1,9,9.46666666666667,7.92,11.3333333333333,2.24301384550143,8,0.133333333333333,1,3.41333333333333,NA,10.2,3.9,5.50417786449811,NA,9,NA
2553648,"Andrew Franks","MIA","K",22,0,5,9.4,7.32,11.48,3.67695526217005,9,0.216666666666667,1,4.16,NA,20.4,4.1,7.04017106583808,NA,1,NA
2506677,"Matt Prater","DET","K",31,9,9,9.26666666666667,6.84,11.5333333333333,2.95371705558343,10,0.188888888888888,1,4.69333333333333,NA,18.2,3.4,5.6013909371789,NA,4,NA
2532841,"Michael Floyd","ARI","WR",26,3,9,9.18666666666667,4.412,11.692,4.69281720646919,33,0.676666666666666,4,7.28,NA,35.5,6,7.87866968417887,NA,16.6,NA
100031,"Buccaneers","TB","DST",NA,NA,6,9.15,9.03,9.27,0.212132034355965,9,1,4,0.239999999999998,NA,24.1,3.8,4.22017266065403,NA,13,NA
2507374,"Steven Hauschka","SEA","K",NA,NA,9,9.1,6.86,11.3933333333333,2.83568529832052,11,0.144444444444444,1,4.53333333333333,NA,3,3.1,5.16068663445574,NA,7,NA
71309,"Graham Gano","CAR","K",28,6,5,9.05555555555556,6.83333333333333,11.3666666666667,2.83986175980712,12,0.261111111111111,1,4.53333333333333,NA,11.7,3.7,5.82955357229736,NA,14,NA
2505629,"Jason Witten","DAL","TE",33,12,6,8.89333333333333,6.044,11.02,3.48139818655283,12,2.88833333333333,3,4.976,NA,9.5,2,6.30493505516055,NA,1.6,NA
2503471,"Adam Vinatieri","IND","K",43,19,10,8.85555555555555,6.45333333333333,11.3333333333333,3.05438361363783,13,0.25,1,4.88,NA,12.8,4.6,7.02373710011859,NA,17,NA
2534797,"Greg Zuerlein","STL","K",28,3,6,8.73333333333333,6.64,11.1733333333333,2.93105972493075,14,0.261111111111111,2,4.53333333333333,NA,16.6,3.7,5.91314326536337,NA,5,NA
100004,"Panthers","CAR","DST",NA,NA,5,8.65,9.49,11.81,2.05060966544099,10,1.025,5,2.32,NA,4.7,1.7,4.71436084401124,NA,10,NA
497278,"Dez Bryant","DAL","WR",27,5,6,8.64,6.604,11.324,3.26661904727196,34,0.280000000000001,4,4.72,NA,33,11.7,8.82011656286589,NA,1.2,NA
2506386,"Mike Nugent","CIN","K",33,10,7,8.47777777777778,6.48666666666667,11.02,3.07432618332562,15,0.0361111111111114,2,4.53333333333333,NA,17.6,4.2,6.59865667543801,NA,13,NA
2507232,"Mason Crosby","GB","K",31,8,7,8.46666666666667,6.72,10.4,2.33523731841827,16,0.0833333333333339,2,3.68,NA,9.2,2.8,4.36946952554711,NA,6,NA
2506404,"Frank Gore","IND","RB",32,10,10,8.42,7.232,10.592,2.25858362696625,22,0.216666666666667,4,3.36,NA,17.7,2.4,4.41216125044757,NA,9.2,NA
2504257,"Sebastian Janikowski","OAK","K",37,15,6,8.41666666666667,7.6,9,1.01036297108185,17,0.0861111111111104,2,1.4,NA,19.5,3.7,4.15268236133462,NA,13,NA
2532790,"Travis Benjamin","CLE","WR",26,3,11,8.38,6.748,10.428,2.4700607279984,35,0.106666666666667,4,3.68,NA,28.8,4.4,5.02487983871221,NA,2.6,NA
2532968,"Blair Walsh","MIN","K",25,3,5,8.35,7,9.44,1.62557682070089,18,0.21111111111111,2,2.44,NA,12.4,3.1,4.051532542216,NA,13,NA
2505785,"Malcom Floyd","SD","WR",34,11,10,8.34,4.844,9.964,3.39805826907073,36,0.241666666666667,4,5.12,NA,49.8,5.7,6.47682800019785,NA,21.2,NA
2550551,"Travis Coons","CLE","K",23,1,11,8.31111111111111,5.74666666666667,11.1333333333333,3.41261277116609,19,0.505555555555556,2,5.38666666666667,NA,21,4.7,7.46292048569925,NA,2,NA
497149,"LeGarrette Blount","NE","RB",29,5,4,8.24333333333333,4.646,10.966,4.38048323057324,23,0.220000000000001,4,6.32,NA,21.5,4,7.45726595135635,NA,7.4,NA
2649,"Danny Amendola","NE","WR",30,7,4,8.20666666666667,4.004,10.324,4.10416049068909,37,0.273333333333333,4,6.32,NA,43.8,6,7.29754623960141,NA,1.1,NA
2495473,"Shane Vereen","NYG","RB",26,4,11,8.16333333333333,5.998,10.478,2.9003505535251,24,0.754166666666666,4,4.48,NA,33.6,3.4,5.65018999212361,NA,12.3,NA
2532884,"Marvin Jones","CIN","WR",25,3,7,7.99,5.394,10.994,3.60975068391156,38,0.121666666666666,4,5.6,NA,33,4.5,6.19120216303422,NA,1.2,NA
2505459,"Josh Brown","NYG","K",36,12,11,7.96666666666667,7.12,8.8,1.05039675043925,20,0.322222222222223,2,1.68,NA,7.3,3.3,3.74601701913238,NA,7,NA
2543603,"Jeremy Hill","CIN","RB",23,1,7,7.88333333333333,4.65,10.01,3.52502955070356,25,1.0125,4,5.36,NA,20,3.1,6.07299532604983,NA,6.8,NA
2505587,"Anquan Boldin","SF","WR",35,12,10,7.87666666666667,5.686,10.646,3.34359586872178,39,0.0233333333333334,4,4.96,NA,40,4.4,5.88723600713525,NA,NA,NA
2507855,"Victor Cruz","NYG","WR",29,5,11,7.86,0.516000000000001,7.044,5.76999133448223,40,0.165,5,6.528,NA,NA,NA,13.3022589423956,NA,NA,NA
2506366,"Roddy White","ATL","WR",34,10,10,7.84666666666667,2.868,9.908,4.40732723238624,41,0.371666666666666,5,7.04,NA,48.5,5.1,7.22587638166027,NA,2.4,NA
100029,"49ers","SF","DST",NA,NA,10,7.65,7.45,7.85,0.353553390593274,11,0.15,6,0.399999999999999,NA,18.5,3.5,4.132144893177,NA,2,NA
89802,"Ryan Succop","TEN","K",29,6,4,7.64444444444444,4.94666666666667,10.8666666666667,3.87030480185466,21,0.072222222222222,2,5.92,NA,23.4,4.5,7.66074951431419,NA,7,NA
2500351,"Phil Dawson","SF","K",40,17,10,7.64444444444444,5.38666666666667,10.72,3.7743775547666,21,0.269444444444444,2,5.33333333333333,NA,22.5,4.2,7.24030563317375,NA,8,NA
100011,"Packers","GB","DST",NA,NA,7,7.6,6.06,8.14,1.83847763108502,12,0.275,6,2.08,NA,8.6,2.3,4.98294825860666,NA,2,NA
2539336,"Tavon Austin","STL","WR",24,2,6,7.54333333333333,5.66,8.244,1.66271865729995,42,0.173333333333333,5,2.584,NA,37.3,5.9,4.84613106787765,NA,12.8,NA
2495259,"Dan Bailey","DAL","K",27,4,6,7.5,5.2,10.6666666666667,3.89800518784217,23,2.75,2,5.46666666666667,NA,16,4.5,7.68613897074961,NA,14,NA
497302,"Brandon LaFell","NE","WR",29,5,4,7.40666666666667,4.564,10.324,3.60362780172056,43,0.336666666666667,5,5.76,NA,43.8,6.4,6.96828877772594,NA,4.7,NA
100022,"Saints","NO","DST",NA,NA,11,7.4,5.12,7.68,2.26274169979695,13,0.274999999999999,6,2.56,NA,19.1,3.7,6.81256666133374,NA,1,NA
2533533,"Rueben Randle","NYG","WR",24,3,11,7.33333333333333,5.5,9.9,3.17542648054294,44,0.548333333333334,5,4.4,NA,43.8,4.2,5.6387838918327,NA,5.5,NA
100020,"Vikings","MIN","DST",NA,NA,5,7.25,5.77,7.13,1.20208152801713,14,0.25,7,1.36,NA,6.9,2.2,4.05913083291445,NA,5,NA
2553833,"Josh Lambo","SD","K",25,0,10,7.25,6.65,7.85,1.06066017177982,24,5.025,2,1.2,NA,10.4,3.4,3.86626402224014,NA,10,NA
100005,"Bears","CHI","DST",NA,NA,7,7,5.44,7.36,1.69705627484771,15,0.0499999999999998,7,1.92,NA,21.2,3.5,5.89025060636297,NA,3,NA
100010,"Lions","DET","DST",NA,NA,9,7,7.52,8.48,0.848528137423857,15,0.149999999999999,8,0.960000000000001,NA,17,2.4,3.77853245254745,NA,-1,NA
2550474,"Antonio Andrews","TEN","RB",23,1,4,6.935,5.317,7.053,1.53442171517481,26,0.301666666666666,5,1.736,NA,28.3,3.5,4.38412850179137,NA,8.2,NA
100008,"Cowboys","DAL","DST",NA,NA,6,6.9,4.9,7.3,2.12132034355964,17,0.0999999999999996,9,2.4,NA,16.3,2.8,5.80822832177173,NA,6,NA
497204,"C.J. Spiller","NO","RB",28,5,11,6.80666666666667,3.064,10.424,4.60283970319773,27,0.365,5,7.36,NA,39.9,4,7.67336562429393,NA,9.6,NA
2507166,"Ted Ginn","CAR","WR",30,8,5,6.80666666666667,4.56,8.256,2.46903489917282,45,0.170000000000001,5,3.696,NA,40.1,5.1,5.31238913675159,NA,6,NA
100006,"Bengals","CIN","DST",NA,NA,7,6.8,6.16,7.44,1.13137084989848,18,0.0500000000000007,9,1.28,NA,15,3.7,5.33205658707188,NA,13,NA
100007,"Browns","CLE","DST",NA,NA,11,6.8,5.54,6.66,0.989949493661167,19,0.124999999999999,10,1.12,NA,23.3,5.2,6.51245046158794,NA,9,NA
2543847,"John Brown","ARI","WR",25,1,9,6.76333333333333,5.192,8.96,2.71643761815605,46,0.283333333333333,5,3.768,NA,25.2,8.9,7.1228880258747,NA,NA,NA
100021,"Patriots","NE","DST",NA,NA,4,6.7,4.8,6.4,1.4142135623731,20,0.25,10,1.6,NA,9.2,3.6,5.61115359671742,NA,15,NA
100002,"Ravens","BAL","DST",NA,NA,9,6.65,4.05,7.65,3.18198051533946,21,0.525,10,3.6,NA,19.4,5.2,9.3809387304703,NA,1,NA
2543495,"Davante Adams","GB","WR",23,1,7,6.51,4.526,9.246,3.36946583303645,47,0.1125,5,4.72,NA,45.4,7,6.98442804224042,NA,0.8,NA
2553439,"Mike Davis","SF","RB",22,0,10,6.46,0.646000000000001,5.814,4.5679098064651,28,0.148333333333333,5,5.168,NA,60.5,11.3,12.1239563397764,NA,1.8,NA
2495821,"Marques Colston","NO","WR",32,9,11,6.45,3.01,10.45,4.80546563820823,48,0.2625,5,7.44,NA,60.7,5,7.5777022255047,NA,17.4,NA
2543600,"Alfred Blue","HOU","RB",24,1,9,6.42333333333333,5.22,7.356,1.5134838397992,29,0.248333333333333,5,2.136,NA,25.8,3.3,4.24091574139868,NA,7.2,NA
2552463,"Jaelen Strong","HOU","WR",21,0,9,6.345,4.149,6.141,1.7606958851545,49,0.316666666666667,5,1.992,NA,76.5,8.3,5.93207272471181,NA,0,NA
100018,"Raiders","OAK","DST",NA,NA,6,6.25,5.27,5.83,0.494974746830583,22,0.25,10,0.56,NA,20.2,4.5,5.22751374165893,NA,9,NA
2543770,"Charles Sims","TB","RB",25,1,6,6.2,4.82,7.54,1.73493515728975,30,0.0533333333333346,5,2.72,NA,27.7,3.4,4.51756775275128,NA,4.6,NA
2552461,"Duke Johnson","CLE","RB",22,0,11,6.15,5.4,6.64,0.785811682275086,31,0.0783333333333331,5,1.24,NA,26.8,2.9,3.28799116413802,NA,7.1,NA
497206,"James Starks","GB","RB",29,5,7,6.14333333333333,5.504,6.52,0.649332991101895,32,0.155,5,1.016,NA,31.8,5.2,4.56828933845052,NA,1.8,NA
2550313,"Richard Rodgers","GB","TE",23,1,7,6.12333333333333,3.496,9.6,4.235048209092,13,0.375000000000001,4,6.104,NA,17.4,2.4,7.32836752358402,NA,1.6,NA
2550256,"Willie Snead","NO","WR",23,1,11,6.03,3.886,6.974,2.72943217538007,50,0.0299999999999994,5,3.088,NA,33,4.3,5.23971457938795,NA,19,NA
497326,"Golden Tate","DET","WR",27,5,9,6.02666666666667,5.02,6.604,0.992034945621037,51,0.116666666666667,5,1.584,NA,32.1,4.5,3.60698636122508,NA,5.9,NA
100014,"Colts","IND","DST",NA,NA,10,6,4.74,5.86,0.989949493661167,23,0.0499999999999998,10,1.12,NA,22.1,3.5,4.9649318099493,NA,8,NA
100023,"Giants","NYG","DST",NA,NA,11,6,2.1,6.1,3.53553390593274,23,0.25,10,4,NA,14.1,3.2,8.02298795027874,NA,6,NA
2552374,"Ameer Abdullah","DET","RB",22,0,9,6,4.24,7.36,1.99749843554382,33,0.081666666666667,5,3.12,NA,31,3.6,4.895606915628,NA,0.3,NA
2540269,"C.J. Anderson","DEN","RB",24,2,7,5.97666666666667,4.18,7.644,2.39282956629454,34,0.186666666666667,5,3.464,NA,35,4.6,5.89413421960951,NA,16.6,NA
1990,"Eddie Royal","CHI","WR",29,7,7,5.97333333333333,3.624,8.584,3.15121140727393,52,0.448333333333333,5,4.96,NA,48.3,4.6,5.77974842204204,NA,0.2,NA
100009,"Broncos","DEN","DST",NA,NA,7,5.9,4.72,5.68,0.848528137423857,25,0.3,10,0.959999999999999,NA,10.1,3.2,4.50677652390681,NA,9,NA
2537933,"Larry Donnell","NYG","TE",27,3,11,5.88666666666667,3.208,9.56,4.51647355060708,14,0.431666666666667,4,6.352,NA,16.1,2.5,7.6815916704989,NA,2.2,NA
2542022,"Khiry Robinson","NO","RB",26,2,11,5.86,2.136,9.576,4.65003225795263,35,0.226666666666667,5,7.44,NA,40.4,4.6,8.0878223891682,NA,1.7,NA
2506313,"Nate Washington","HOU","WR",32,10,9,5.84666666666667,3.22,7.492,2.79473314170304,53,0.653333333333334,5,4.272,NA,38.5,5.6,5.84000643303864,NA,13.4,NA
71345,"Rashad Jennings","NYG","RB",30,6,11,5.72,3.66,7.468,2.39232104868891,36,0.381666666666667,5,3.808,NA,33.2,4.5,5.83220798722569,NA,8.5,NA
2495825,"Owen Daniels","DEN","TE",33,9,7,5.61,3.686,8.006,2.88691877267096,15,0.53,4,4.32,NA,23.8,2.7,6.09302537364774,NA,4.4,NA
100027,"Steelers","PIT","DST",NA,NA,11,5.6,2.88,5.12,1.97989898732233,26,0.125000000000001,11,2.24,NA,19,3.5,6.26037812492843,NA,11,NA
100028,"Chargers","SD","DST",NA,NA,10,5.6,2.74,5.46,2.40416305603426,26,2.925,11,2.72,NA,20.8,3.1,6.45144736709695,NA,3,NA
2550189,"Isaiah Crowell","CLE","RB",22,1,11,5.54666666666667,3.7,6.612,1.86186286641453,37,0.48,5,2.912,NA,40.4,5.1,5.68526829770041,NA,2.6,NA
100019,"Dolphins","MIA","DST",NA,NA,5,5.35,4.65,5.05,0.353553390593274,28,5.35,11,0.399999999999999,NA,20,5.5,5.9527550715754,NA,-2,NA
2505299,"Antonio Gates","SD","TE",35,12,10,5.3,1.46,9.14,6.78822509939086,16,0.503333333333334,4,7.68,NA,16.5,5.7,11.9357463852977,NA,5.6,NA
2495459,"Torrey Smith","SF","WR",26,4,10,5.20333333333333,3.38,6.588,2.0351985980079,54,0.173333333333333,5,3.208,NA,49.5,4.9,4.80166995229629,NA,1.9,NA
768,"Steve Johnson","SD","WR",29,7,10,5.18333333333333,3.3,6.62,2.10138842990375,55,0.3525,5,3.32,NA,37.5,4,4.49605587114765,NA,2.8,NA
497190,"Dexter McCluster","TEN","RB",27,5,4,5.13,4.338,5.778,0.908129946648606,38,0.139999999999999,5,1.44,NA,41.6,5.3,4.88123613391408,NA,3.8,NA
2540020,"Theo Riddick","DET","RB",24,2,9,5.00333333333333,3.88,5.968,1.40571452768097,39,0.0349999999999993,5,2.088,NA,34.1,4,4.56620307303124,NA,4.7,NA
2506874,"Reggie Bush","SF","RB",30,9,10,4.97666666666667,1.54,8.204,4.25001568624556,40,0.0966666666666676,5,6.664,NA,43.6,11.7,12.0607354098337,NA,0,NA
2553733,"Thomas Rawls","SEA","RB",22,0,9,4.96,3.942,5.078,1.0040916292849,41,0.282500000000001,6,1.136,NA,54.7,5.6,5.15879366046765,NA,1,NA
71217,"Kenny Britt","STL","WR",27,6,6,4.87666666666667,3.88,5.264,0.865235998634669,56,0.126666666666667,5,1.384,NA,58.6,3.9,3.23450553965509,NA,0,NA
2495267,"Jordan Cameron","MIA","TE",27,4,5,4.86,3.844,5.78,1.23077211538124,17,0.216666666666667,4,1.936,NA,13.4,2.5,4.24211258293039,NA,3.4,NA
2533037,"Chris Polk","HOU","RB",26,3,9,4.8,2.18,6.34,2.8,42,0.2575,6,4.16,NA,36,4,5.92125530512255,NA,2.2,NA
2532978,"Jarius Wright","MIN","WR",26,3,5,4.785,4.257,4.713,0.403050865276332,57,0.0975000000000001,5,0.456,NA,74.5,6,3.64380116777573,NA,0.8,NA
2495438,"Kyle Rudolph","MIN","TE",26,4,5,4.73333333333333,2.58,5.86,2.10792156716832,18,0.403333333333334,4,3.28,NA,15.2,2.5,5.16031445110667,NA,2.2,NA
80427,"Darrius Heyward-Bey","PIT","WR",28,6,11,4.715,3.727,4.503,0.685893577750951,58,0.128333333333333,5,0.776,NA,83,14.9,7.59137536022478,NA,0,NA
2539205,"Terrance Williams","DAL","WR",26,2,6,4.66,3.52,5.344,1.18186293621553,59,0.238333333333333,5,1.824,NA,47.1,5.3,4.12412447581309,NA,2,NA
2552379,"Jeremy Langford","CHI","RB",24,0,7,4.555,3.729,3.881,0.134350288425444,43,0.0299999999999994,6,0.152,NA,63.6,4.5,3.63777336143635,NA,4.6,NA
2495826,"Vernon Davis","SF","TE",31,9,10,4.55333333333333,3.06,5.828,1.91690723127994,19,0.538333333333332,4,2.768,NA,21.5,2.4,4.90173273268674,NA,2.4,NA
2540273,"Zac Stacy","NYJ","RB",24,2,5,4.53,3.4,5.072,1.04532291661477,44,0.0883333333333329,6,1.672,NA,52.6,6.5,5.75175297088632,NA,1.8,NA
2553435,"David Johnson","ARI","RB",24,0,9,4.52,3.392,5.312,1.20797350964332,45,0.190833333333334,6,1.92,NA,43,5,4.98834644778036,NA,4.8,NA
2533040,"Mohamed Sanu","CIN","WR",26,3,7,4.51333333333333,3.968,4.768,0.537152988759565,60,0.188333333333333,5,0.8,NA,64.7,6.5,3.98227427580578,NA,1,NA
2539217,"Andre Ellington","ARI","RB",26,2,9,4.36333333333333,2.28,5.872,2.56671644973365,46,0.153333333333333,6,3.592,NA,37.5,5.3,6.49315233596977,NA,0,NA
2495189,"Jeremy Kerley","NYJ","WR",27,4,5,4.33,3.04,4.632,1.07503488315496,61,0.0350000000000001,5,1.592,NA,73.2,8.2,5.21396896744807,NA,6.3,NA
2550328,"Brandon Coleman","NO","WR",23,1,11,4.32,3.464,3.976,0.45254833995939,62,0.0800000000000001,5,0.512,NA,81.9,8.5,4.72310091430011,NA,1.4,NA
2495161,"Roy Helu","OAK","RB",27,4,6,4.295,3.649,4.041,0.346482322781408,47,0.2675,6,0.392,NA,62.3,5.4,4.39682451123897,NA,0,NA
2552429,"Ty Montgomery","GB","WR",22,0,7,4.27,3.614,3.726,0.0989949493661167,63,0.18,5,0.112,NA,75.6,8,4.16798494322063,NA,NA,NA
2532933,"Brian Quick","STL","WR",26,3,6,4.21,3.282,3.938,0.579827560572969,64,0.263333333333334,5,0.656,NA,79.6,9.3,5.17849072008437,NA,0.5,NA
2540037,"Fozzy Whittaker","CAR","RB",26,3,5,4.125,3.015,4.335,1.1667261889578,48,0.241666666666667,6,1.32,NA,75.5,3.8,4.21107548390823,NA,0.3,NA
2506369,"Heath Miller","PIT","TE",33,10,11,4.10666666666667,3.396,4.74,0.880984298006119,20,0.204999999999999,4,1.344,NA,19,2.9,4.11046402843187,NA,10.5,NA
2530660,"Kamar Aiken","BAL","WR",26,4,9,3.97,0.554,4.986,3.91737156777347,65,0.125,5,4.432,NA,51.8,5.3,6.82462572896817,NA,6.2,NA
2543502,"Tre Mason","STL","RB",22,1,6,3.93,3.004,3.356,0.311126983722081,49,0.118333333333333,7,0.352,NA,68.3,7,5.34537640192013,NA,5.2,NA
2532887,"Jermaine Kearse","SEA","WR",25,3,9,3.92333333333333,2.62,5.076,1.62715498135037,66,0.185,5,2.456,NA,58,5.1,4.48128308690857,NA,0,NA
2543794,"Crockett Gillmore","BAL","TE",24,1,9,3.92333333333333,1.82,5.236,2.13509562627376,21,0.113333333333334,4,3.416,NA,15.5,2.7,5.30601534228578,NA,6.8,NA
2552468,"Maxx Williams","BAL","TE",21,0,9,3.88,3.136,3.424,0.254558441227157,22,0.185,4,0.288,NA,32.4,2.3,3.10295505134004,NA,NA,NA
2550658,"Branden Oliver","SD","RB",24,1,10,3.83666666666667,2.2,5.088,1.84906282568585,50,0.0783333333333331,7,2.888,NA,45,5.4,5.85712450344291,NA,3.4,NA
2552631,"Javorius Allen","BAL","RB",24,0,9,3.78666666666667,1.98,5.388,2.17129761509871,51,0.0966666666666667,7,3.408,NA,47.5,4.7,5.74026789097381,NA,3.1,NA
2552430,"Tyler Lockett","SEA","WR",23,0,9,3.76666666666667,2.06,4.78,1.81475434517549,67,0.0633333333333335,5,2.72,NA,54.1,5,4.62526423957146,NA,3.6,NA
2540928,"Darren Fells","ARI","TE",29,3,9,3.74,0.374,3.366,2.64457936163769,23,0.155,5,2.992,NA,NA,NA,8.09562723515189,NA,NA,NA
2552469,"Melvin Gordon","SD","RB",22,0,10,3.73,3.2,4.552,0.868158971617526,52,0.0925000000000002,7,1.352,NA,36.7,4.2,4.16663762486876,NA,6.1,NA
2540177,"Marquess Wilson","CHI","WR",23,2,7,3.71,2.38,4.644,1.41502650151861,68,0.0366666666666662,5,2.264,NA,63.9,6.1,4.68404358273893,NA,1.4,NA
2506004,"Jerricho Cotchery","CAR","WR",33,11,5,3.69666666666667,2.06,4.932,1.99174128172645,69,0.0499999999999994,5,2.872,NA,82,5.7,5.08850820370955,NA,1.8,NA
71435,"John Phillips","SD","TE",28,6,10,3.65,0.365,3.285,2.5809397513309,25,0.135,5,2.92,NA,46,0,4.18978299810016,NA,1.1,NA
2507428,"Mike Tolbert","CAR","RB",30,7,5,3.65,2.16,4.52,1.52561463023924,53,0.0258333333333338,7,2.36,NA,54.1,4.8,5.17418554465716,NA,4,NA
2508097,"Andrew Hawkins","CLE","WR",29,4,11,3.65,0.365,3.285,2.5809397513309,71,0.0150000000000001,5,2.92,NA,74,5.9,5.75260132591218,NA,NA,NA
2541147,"Charles Johnson","MIN","WR",26,2,5,3.64333333333333,3.384,3.68,0.191398362932741,72,0.113333333333334,5,0.296,NA,79.4,8.1,4.30042326242856,NA,3.5,NA
2552491,"Dorial Green-Beckham","TEN","WR",22,0,4,3.62666666666667,2.58,4.244,1.10369077795066,73,0.195,5,1.664,NA,58.1,6.5,4.54156185838559,NA,1.2,NA
2550481,"Orleans Darkwa","NYG","RB",23,1,11,3.625,1.935,3.815,1.66170093578839,54,0.0883333333333338,7,1.88,NA,40.7,7,6.65794709471229,NA,2.3,NA
497145,"Joique Bell","DET","RB",29,5,9,3.62333333333333,2.594,4.194,1.14613844422623,55,0.185,7,1.6,NA,47.6,5.7,5.35827550075159,NA,5.6,NA
2540203,"Levine Toilolo","ATL","TE",24,2,10,3.52,2.424,3.416,0.876812408671319,26,0.0516666666666663,5,0.992,NA,45.1,8.9,7.62374777582902,NA,0.7,NA
2532838,"Coby Fleener","IND","TE",27,3,10,3.51,2.56,4.264,1.15295273103454,27,0.0900000000000003,5,1.704,NA,21.8,2.6,4.21927860457743,NA,10.3,NA
2543638,"DeAnthony Thomas","KC","RB",22,1,9,3.45,2.29,4.61,2.05060966544099,56,0.0333333333333332,7,2.32,NA,90.6,10.2,9.00173723749602,NA,2.2,NA
2540151,"Justin Hunter","TEN","WR",24,2,4,3.43333333333333,2.88,3.84,0.611010092660779,74,0.00833333333333375,5,0.96,NA,64.7,6.4,4.01396877292035,NA,1.7,NA
2541944,"Russell Shepard","TB","WR",25,2,6,3.43,0.343,3.087,2.42537625946986,75,0.0366666666666666,5,2.744,NA,95.8,14.5,9.14372748516237,NA,NA,NA
71265,"Jared Cook","STL","TE",28,6,6,3.42666666666667,2.32,4.144,1.14023389413459,28,0.188333333333333,5,1.824,NA,22,2.8,4.32321952935118,NA,5.7,NA
2539322,"Christine Michael","DAL","RB",25,2,6,3.42666666666667,2.48,4.064,1.01790634801701,57,0.0933333333333337,7,1.584,NA,44.8,5.2,4.92649155735949,NA,2,NA
2540202,"Kenny Stills","MIA","WR",23,2,5,3.42,2.732,3.772,0.713582510996451,76,0.0549999999999997,5,1.04,NA,68.3,5.6,3.78548910438127,NA,5.8,NA
2506122,"Benjamin Watson","NO","TE",35,11,11,3.41333333333333,1.868,4.188,1.65726682623328,29,0.361666666666666,5,2.32,NA,12.9,2.3,4.57131310251944,NA,20.7,NA
2540178,"Knile Davis","KC","RB",24,2,9,3.40666666666667,1.1,5.036,2.47429451224654,58,0.225,7,3.936,NA,50.3,5.2,6.34189899859762,NA,0.9,NA
2505551,"Andre Johnson","IND","WR",34,12,10,3.36666666666667,2.2,4.52,1.67431578064991,77,0.0850000000000004,5,2.32,NA,55.2,4.3,4.19810092358658,NA,14.1,NA
2550546,"Philly Brown","CAR","WR",24,1,5,3.36333333333333,3.092,3.5,0.291604755333882,78,0.168333333333333,5,0.407999999999999,NA,70.1,6.6,3.78108584798759,NA,10.2,NA
2539303,"Zach Line","MIN","RB",25,2,5,3.26,0.326,2.934,2.30516810666814,59,0.166666666666666,7,2.608,NA,83.5,6.6,7.03757990569695,NA,NA,NA
81831,"Brian Hartline","CLE","WR",29,6,11,3.2,2.16,4.16,1.27671453348037,79,0.0599999999999996,5,2,NA,79.1,8.3,5.45428507249179,NA,15.2,NA
2550272,"Albert Wilson","KC","WR",23,1,9,3.19,1.42,4.356,1.88740562677979,80,0.1,5,2.936,NA,59.4,7,5.52133434256236,NA,1.2,NA
2543682,"Bishop Sankey","TEN","RB",23,1,4,3.10333333333333,1.64,4.688,2.02806147178367,60,0.0666666666666664,7,3.048,NA,55.7,6,6.39967852086933,NA,-3,NA
222,"Harry Douglas","TEN","WR",31,7,4,3.09,0.309,2.781,2.18495995386643,81,0.0183333333333331,5,2.472,NA,NA,NA,6.22395429055507,NA,NA,NA
2552458,"Devin Funchess","CAR","WR",21,0,5,3.09,2.14,3.716,0.998649087517733,81,0.0483333333333333,5,1.576,NA,78.2,7.9,5.01490842558423,NA,0.8,NA
2541544,"Benny Cunningham","STL","RB",25,2,6,3.08333333333333,2.92,3.2,0.202072594216369,61,0.113333333333333,7,0.28,NA,59.7,6.5,4.93223053142694,NA,NA,NA
497234,"Garrett Graham","HOU","TE",29,5,9,3.06333333333333,2.56,3.192,0.398789836045671,30,0.0700000000000003,5,0.632,NA,34.2,5.8,5.30589979409954,NA,0,NA
2540157,"Stedman Bailey","STL","WR",25,2,6,3.05333333333333,2.3,3.708,0.906936234436211,83,0.0833333333333335,5,1.408,NA,75.9,5.5,3.93515097585863,NA,0,NA
2552402,"Nick Boyle","BAL","TE",22,0,9,3.04,1.528,3.352,1.61220346110533,31,0.163333333333333,5,1.824,NA,44.3,9.7,8.86257677573949,NA,1.5,NA
2539291,"Markus Wheaton","PIT","WR",24,2,11,3.03,2.14,3.652,0.956399498117811,84,0.12,5,1.512,NA,70.6,7,4.60224266500665,NA,0.5,NA
2543565,"Andre Williams","NYG","RB",23,1,11,2.99,1.16,4.336,1.99331382376183,62,0.0516666666666667,7,3.176,NA,61.7,5.4,5.99731648048413,NA,0.7,NA
2495258,"Matt Asiata","MIN","RB",28,4,5,2.95,2.42,2.58,0.141421356237309,63,0.0316666666666672,8,0.16,NA,68.6,4.4,3.58321343555305,NA,1.1,NA
2533046,"Dwayne Allen","IND","TE",25,3,10,2.94666666666667,2.5,3.092,0.427239199200323,32,0.200833333333333,5,0.592,NA,25.6,3,3.69411023129706,NA,0.4,NA
2552453,"Tevin Coleman","ATL","RB",22,0,10,2.92666666666667,2.08,3.744,1.10369077795066,64,0.0433333333333326,8,1.664,NA,46.8,4.5,4.57983796733299,NA,2.1,NA
2532923,"Chris Owusu","NYJ","WR",25,3,5,2.91,0.291,2.619,2.05768073325285,85,0.085,5,2.328,NA,NA,NA,5.97265353368499,NA,NA,NA
2540230,"Kyle Juszczyk","BAL","RB",24,2,9,2.91,0.291,2.619,2.05768073325285,65,0.0641666666666669,8,2.328,NA,64.6,6.1,6.48989636155955,NA,3.9,NA
2543638,"DeAnthony Thomas","KC","WR",22,1,9,2.91,2.91,2.91,NA,85,0.275,5,0,NA,90.6,10.2,8.04412262834428,NA,2.2,NA
4433,"Marcel Reece","OAK","RB",30,7,6,2.85666666666667,1.2,4.136,1.89726996848981,66,0.0241666666666664,8,2.936,NA,61.2,5.1,5.7196790935177,NA,2.6,NA
2533460,"Robert Turbin","CLE","RB",26,3,11,2.835,2.593,2.777,0.162634559672906,67,0.0799999999999996,9,0.183999999999999,NA,50.2,5.8,4.46387806167572,NA,0.3,NA
163982,"Will Johnson","PIT","RB",26,4,11,2.83,0.283,2.547,2.00111219075793,68,0.22,9,2.264,NA,NA,NA,5.93132583348923,NA,0,NA
324,"Jacob Tamme","ATL","TE",30,7,10,2.80666666666667,1.24,3.816,1.64564070602709,33,0.1825,5,2.576,NA,19.2,2.4,4.61777037056772,NA,16.3,NA
2540005,"Marlon Brown","BAL","WR",24,2,9,2.74,2.084,3.284,0.773821684886124,88,0.24,5,1.2,NA,81.8,8.5,5.04026279804304,NA,0,NA
2534820,"Garrett Celek","SF","TE",27,3,10,2.685,1.457,2.713,1.11015764646288,34,0.148333333333333,5,1.256,NA,31.4,3.5,4.70212825462519,NA,0,NA
2495560,"Ahmad Bradshaw","IND","RB",29,8,10,2.68,0.268,2.412,1.89504617357995,69,0.155,10,2.144,NA,52.3,5.4,5.90181394433574,NA,3.1,NA
2495187,"Lance Kendricks","STL","TE",27,4,6,2.56333333333333,1.06,3.612,1.76154288432991,35,0.0558333333333332,5,2.552,NA,28.9,3.6,5.44262718953494,NA,0.7,NA
2550512,"Damien Williams","MIA","RB",23,1,5,2.54,1.568,2.912,1.1879393923934,70,0.0499999999999998,10,1.344,NA,70,6.3,5.76749237129553,NA,NA,NA
2541966,"Jaron Brown","ARI","WR",25,2,9,2.53,0.253,2.277,1.78898015640197,89,0.0725000000000002,5,2.024,NA,91.6,11.8,7.40260502568355,NA,3.9,NA
2507486,"Kellen Davis","NYJ","TE",30,7,5,2.51,0.251,2.259,1.77483802077823,36,0.00583333333333291,5,2.008,NA,49.4,8.3,8.21203776301091,NA,6.1,NA
2495467,"Taiwan Jones","OAK","RB",27,4,6,2.51,0.251,2.259,1.77483802077823,71,0.0733333333333333,10,2.008,NA,70.6,5.1,5.60069220932538,NA,12.4,NA
2495835,"Anthony Fasano","TEN","TE",31,9,4,2.505,2.129,2.281,0.134350288425444,37,0.00333333333333341,5,0.152,NA,30.5,3.5,3.68065108525038,NA,0.9,NA
2539995,"Mychal Rivera","OAK","TE",25,2,6,2.50333333333333,2.042,2.842,0.527288662246149,38,0.00333333333333385,5,0.8,NA,30,3.1,3.85746973187,NA,NA,NA
497226,"Jim Dray","CLE","TE",29,5,11,2.5,0.25,2.25,1.76776695296637,39,0.0125000000000002,5,2,NA,51,3.5,5.39051504268213,NA,0,NA
2508112,"Rob Housler","CLE","TE",27,4,11,2.5,0.25,2.25,1.76776695296637,39,0.0791666666666666,5,2,NA,58.5,6.5,7.14934048759153,NA,NA,NA
2495288,"Virgil Green","DEN","TE",27,4,7,2.475,2.115,2.235,0.106066017177982,41,0.131666666666666,5,0.12,NA,42.5,6.1,5.17535843694361,NA,6.1,NA
2495979,"DeAngelo Williams","PIT","RB",32,9,11,2.47,1.882,2.762,0.587962583843564,72,0.0833333333333335,10,0.88,NA,65.1,6.1,5.06153402225341,NA,11,NA
206,"Andre Caldwell","DEN","WR",30,7,7,2.47,1.948,2.74,0.507641605859882,90,0.0358333333333327,5,0.792,NA,102.3,12.1,6.261316553109,NA,2.4,NA
2535869,"Rod Streater","OAK","WR",27,3,6,2.445,1.629,2.661,0.912167747730646,91,0.0333333333333332,5,1.032,NA,NA,NA,3.7109467218543,NA,NA,NA
2495867,"Greg Jennings","MIA","WR",32,9,5,2.42333333333333,1.614,3.134,0.975004273494908,92,0.0508333333333333,5,1.52,NA,80.7,7.4,4.78547906144033,NA,NA,NA
2534770,"Jonathan Grimes","HOU","RB",26,3,9,2.40333333333333,0.28,4.768,3.12986155178361,73,0.0383333333333331,10,4.488,NA,57.4,5.5,7.16331537114307,NA,1.2,NA
2540145,"Cordarrelle Patterson","MIN","WR",24,2,5,2.4,1.44,3.36,1.69705627484771,93,0.1125,5,1.92,NA,109,13,7.80646667117097,NA,0,NA
2534437,"Austin Johnson","NO","RB",26,2,11,2.37,0.237,2.133,1.67584307141212,74,0.135,10,1.896,NA,NA,NA,5.29909282963123,NA,NA,NA
2495573,"Scott Chandler","NE","TE",30,8,4,2.36666666666667,1.28,3.2,1.20554275466834,42,0.0516666666666667,5,1.92,NA,29.7,2.7,4.33295746538945,NA,0.9,NA
2495328,"Bilal Powell","NYJ","RB",27,4,5,2.36,0.236,2.124,1.66877200360025,75,0.282500000000001,10,1.888,NA,57.8,6.7,6.48052312132632,NA,NA,NA
2531049,"Chris Matthews","SEA","WR",26,2,9,2.345,1.449,2.641,1.05358910396796,95,0.115,5,1.192,NA,105.7,8,5.11036278148342,NA,0,NA
2532835,"Rhett Ellison","MIN","TE",27,3,5,2.32,0.232,2.088,1.64048773235279,43,0.0350000000000001,5,1.856,NA,55.8,3.3,5.14002386049435,NA,NA,NA
71431,"Brandon Pettigrew","DET","TE",30,6,9,2.31,0.231,2.079,1.63341666454093,44,0.0950000000000006,5,1.848,NA,55.5,7.5,7.59497747489379,NA,0,NA
2541199,"Luke Willson","SEA","TE",25,2,9,2.26,1.6,2.784,0.752861208988749,45,0.165,5,1.184,NA,38.5,3.9,4.56261966100985,NA,10.1,NA
2495150,"Kai Forbath","NO","K",28,4,11,2.25,0.4,2.4,1.3228756555323,25,0.0999999999999996,3,2,NA,16.3,4.3,5.10416229611914,NA,12,NA
2543750,"Jeff Janis","GB","WR",24,1,7,2.23,1.106,2.754,1.45663996924429,96,0.00499999999999989,5,1.648,NA,77.7,11.4,6.9096482127619,NA,NA,NA
2553434,"Devin Smith","NYJ","WR",NA,NA,5,2.23,2.23,2.23,NA,96,0.0550000000000002,5,0,NA,86.6,4.8,3.5926403591298,NA,NA,NA
2495453,"Andre Holmes","OAK","WR",27,4,6,2.22,1.664,2.176,0.452548339959391,98,0.106666666666667,5,0.512,NA,98.9,12.4,6.33058062262756,NA,17.4,NA
2550545,"Chris Boswell","PIT","K",26,1,11,2.2,0.22,1.98,1.5556349186104,26,0.15,3,1.76,NA,16.2,4.9,5.98254231025914,NA,4,NA
497238,"Jermaine Gresham","ARI","TE",27,5,9,2.17,1.662,2.542,0.567186036499489,46,0.161666666666667,5,0.88,NA,26.8,3.3,4.01648941577524,NA,1.9,NA
2540261,"Corey Fuller","DET","WR",25,2,9,2.13,-0.327,1.857,1.93040151263928,99,0.0366666666666666,5,2.184,NA,108.8,8.4,6.14082399104385,NA,0,NA
2495314,"Bruce Miller","SF","RB",28,4,10,2.11,0.211,1.899,1.49199530830362,76,0.105,10,1.688,NA,78,6.4,6.12442460337179,NA,0,NA
2506194,"Nick Novak","HOU","K",NA,NA,9,2.1,0.4,2.16,1.21655250605964,27,1.1,3,1.76,NA,20.7,5,5.78258796907942,NA,8,NA
2550617,"Taylor Gabriel","CLE","WR",24,1,11,2.09666666666667,1.54,2.572,0.694286204193439,100,0.0333333333333332,5,1.032,NA,74.9,7.7,4.63200573678727,NA,3.2,NA
2552652,"Chris Conley","KC","WR",23,0,9,2.09,1.054,2.494,1.03067938758859,101,0.0550000000000002,5,1.44,NA,62.3,6.9,4.6343545371378,NA,0.6,NA
2550263,"Juwan Thompson","DEN","RB",23,1,7,2.045,0.829,2.661,1.61927452891719,77,0.16,10,1.832,NA,NA,NA,5.18913926374288,NA,-0.1,NA
2495802,"Jason Avant","KC","WR",32,9,9,2.03666666666667,1.262,2.462,0.816721086622192,102,0.00500000000000034,5,1.2,NA,101.4,7.3,4.58800405826137,NA,NA,NA
2535698,"Cole Beasley","DAL","WR",26,3,6,2.03333333333333,1.58,2.3,0.45092497528229,103,0.0216666666666665,5,0.72,NA,67.7,6.9,4.06201946975996,NA,0,NA
318,"Jerome Simpson","SF","WR",29,7,10,2.03,2.03,2.03,NA,104,0.0383333333333336,5,0,NA,NA,NA,NA,NA,3.4,NA
2553318,"James OShaughnessy","KC","TE",NA,NA,9,2.02,0.202,1.818,1.42835569799683,47,0.0383333333333331,5,1.616,NA,42.3,3.9,5.26972869526432,NA,NA,NA
2507463,"Connor Barth","TB","K",29,7,6,2,0.4,2,1.15470053837925,28,2,3,1.6,NA,21.3,4.7,5.39337660659183,NA,11,NA
2541834,"Josh Hill","NO","TE",25,2,11,1.99666666666667,0.76,3.152,1.64652158605144,48,0.0583333333333331,5,2.392,NA,31.1,3.7,5.38085017040108,NA,0.5,NA
2552418,"Justin Hardy","ATL","WR",24,0,10,1.99333333333333,1.116,2.476,0.948753568284902,105,0.0183333333333333,5,1.36,NA,81.9,9.9,5.79000000728189,NA,2.1,NA
2495651,"Jacoby Jones","SD","WR",31,8,10,1.99,0.702,3.278,2.27688383542068,106,0.05,5,2.576,NA,NA,NA,6.4054492816279,NA,0,NA
89766,"Brandon Myers","TB","TE",30,6,6,1.96666666666667,1.36,2.32,0.611010092660779,49,0.0716666666666665,5,0.96,NA,34.4,7.8,6.70060269616185,NA,3.2,NA
2543773,"James White","NE","RB",23,1,4,1.965,0.497,3.433,2.59508188695463,78,0.164166666666667,10,2.936,NA,57.7,8.5,8.4865443695611,NA,0.3,NA
2543646,"Bruce Ellington","SF","WR",24,1,10,1.96,1.452,1.868,0.367695526217005,107,0.0750000000000002,5,0.416,NA,111.4,5,3.19672400069058,NA,0.8,NA
2506287,"Lance Moore","DET","WR",32,10,9,1.92,0.76,2.728,1.27326352339176,108,0.0899999999999999,5,1.968,NA,68.4,6.7,4.79139937163632,NA,8.9,NA
497224,"Ed Dickson","CAR","TE",28,5,5,1.91,1.2,2.344,0.733689307541005,50,0.0875000000000001,5,1.144,NA,37.7,3.6,4.36666793025887,NA,NA,NA
2495347,"Lee Smith","OAK","TE",28,4,6,1.88,0.188,1.692,1.32936074863071,51,0.115833333333334,5,1.504,NA,50.5,4.5,5.51786566561397,NA,0.6,NA
2550198,"Bennie Fowler","DEN","WR",24,1,7,1.85,0.185,1.665,1.30814754519511,109,0.12,5,1.48,NA,102.9,6,4.53731496998044,NA,2.1,NA
2495159,"Dwayne Harris","NYG","WR",28,4,11,1.81,1.22,2.204,0.615060972587271,110,0.191666666666667,5,0.984,NA,60.7,5.6,3.68822838479611,NA,15.7,NA
2553462,"Josh Robinson","IND","RB",23,0,10,1.805,1.729,1.881,0.134350288425444,80,0.0191666666666668,10,0.152,NA,66.8,4.8,3.82206943269034,NA,NA,NA
2533030,"Jonas Gray","MIA","RB",25,3,5,1.79666666666667,0.998,2.438,0.962306257556987,81,0.0291666666666668,10,1.44,NA,65.4,6.7,5.79393633183639,NA,5.1,NA
2534571,"Bobby Rainey","TB","RB",28,3,6,1.775,0.475,3.075,2.29809703885628,82,0.0749999999999997,10,2.6,NA,82.6,4.5,5.74063530905102,NA,NA,NA
2540200,"Dion Sims","MIA","TE",24,2,5,1.765,0.933,1.997,0.940452018978108,52,0.0800000000000001,5,1.064,NA,31.6,4.7,5.22801022921942,NA,0.6,NA
2543721,"C.J. Fiedorowicz","HOU","TE",24,1,9,1.76333333333333,0.76,2.592,1.24460167657501,53,0.165,5,1.832,NA,37.1,5.5,6.01541484122469,NA,1.5,NA
2506147,"John Kuhn","GB","RB",33,9,7,1.76,0.472,1.848,1.21622366364086,83,0.155,10,1.376,NA,77.5,7.2,6.34786897652958,NA,NA,NA
2539250,"Quinton Patton","SF","WR",25,2,10,1.65,-0.105,1.455,1.37885822331377,111,0.221666666666667,5,1.56,NA,92.1,7.3,5.14294730522017,NA,3.3,NA
2543715,"Jerick McKinnon","MIN","RB",23,1,5,1.64,1.244,2.124,0.58206528843421,84,0.0900000000000001,10,0.88,NA,67.8,5.4,4.62577850221728,NA,1.8,NA
2540211,"Gavin Escobar","DAL","TE",24,2,6,1.60666666666667,0.66,2.036,0.896734817732273,54,0.245,5,1.376,NA,40.6,6.5,6.23754223909002,NA,NA,NA
2550206,"Ryan Hewitt","CIN","TE",24,1,7,1.59,0.159,1.431,1.12429978208661,55,0.586666666666667,5,1.272,NA,NA,NA,4.91276359144778,NA,2.2,NA
2552409,"DeVante Parker","MIA","WR",22,0,5,1.58666666666667,1.1,1.868,0.480138868800822,112,0.481666666666667,5,0.768,NA,NA,NA,2.85794665050398,NA,NA,NA
2543596,"Dri Archer","PIT","RB",24,1,11,1.57,0.346,2.794,2.16374675043084,85,0.115,10,2.448,NA,NA,NA,6.24744233541823,NA,0,NA
2552464,"Jalston Fowler","TEN","RB",NA,NA,4,1.53,0.153,1.377,1.08187337521542,86,0.2175,10,1.224,NA,NA,NA,4.14458038780357,NA,NA,NA
2540225,"Tommy Bohanon","NYJ","RB",25,2,5,1.38,0.138,1.242,0.975807358037435,87,0.1425,10,1.104,NA,82.9,5.7,5.1927372927469,NA,NA,NA
2539256,"Aaron Dobson","NE","WR",24,2,4,1.27,0.366,2.174,1.5980613254816,113,0.3375,5,1.808,NA,85.2,11.3,7.00804231593773,NA,NA,NA
2543551,"KaDeem Carey","CHI","RB",23,1,7,1.245,0.321,2.169,1.63341666454093,88,0.0550000000000002,10,1.848,NA,NA,NA,5.21662765521497,NA,NA,NA
2495340,"Anthony Sherman","KC","RB",27,4,9,1.23,0.123,1.107,0.869741340859453,89,0.085,10,0.984,NA,79,4.1,4.1067434447053,NA,NA,NA
2506871,"Fred Jackson","SEA","RB",34,9,9,1.15,0.5,1.66,0.785811682275086,90,0.0649999999999999,10,1.16,NA,60,5.4,4.82379175792125,NA,0.9,NA
2532797,"Brandon Bolden","NE","RB",25,3,4,1.14,0.292,1.988,1.49906637611548,91,0.195,10,1.696,NA,NA,NA,4.95548793623014,NA,NA,NA
2552397,"Clive Walford","OAK","TE",24,0,6,1.13333333333333,0.76,1.32,0.351188458428425,56,0.301666666666667,5,0.56,NA,25.7,3.2,3.7317551875424,NA,1.3,NA
2534871,"Derrick Coleman","SEA","RB",25,3,9,1.03,0.103,0.927,0.728319984622144,92,0.175,10,0.824,NA,NA,NA,3.45737060100139,NA,NA,NA
2495306,"Ricardo Lockette","SEA","WR",29,4,9,0.94,0.332,1.548,1.07480230740355,114,0.055,5,1.216,NA,88.8,10.8,6.28539250694487,NA,0.3,NA
2530700,"Dontrelle Inman","SD","WR",26,2,10,0.925,0.305,1.545,1.09601551083915,115,0.1525,5,1.24,NA,81.1,9.2,5.6468553819856,NA,1,NA
2541768,"Tim Wright","TB","TE",25,2,6,0.873333333333333,0.296,1.4,0.698665394400877,57,0.146666666666667,5,1.104,NA,33.1,6,5.73706518115841,NA,NA,NA
2530763,"Patrick DiMarco","ATL","RB",26,4,10,0.86,0.0860000000000001,0.774,0.608111831820431,93,0.0149999999999999,10,0.688,NA,81.9,3.7,3.60674772858318,NA,0.8,NA
2552375,"Cameron Artis-Payne","CAR","RB",23,0,5,0.85,0.25,1.45,1.06066017177982,94,0.055,10,1.2,NA,73.7,5.2,4.96804234840651,NA,NA,NA
2552420,"Keith Mumphery","HOU","WR",23,0,9,0.845,0.241,1.449,1.06773123959169,116,0.18,5,1.208,NA,83.3,9.4,5.701367932504,NA,0.3,NA
2539315,"Stepfan Taylor","ARI","RB",24,2,9,0.84,0.232,1.448,1.07480230740355,95,0.125,10,1.216,NA,86.3,3.5,3.93744214036996,NA,NA,NA
2540215,"Vance McDonald","SF","TE",25,2,10,0.79,-0.191,0.681,0.770746391493337,58,0.230833333333333,5,0.872,NA,53.3,3.5,4.34683184788613,NA,1.3,NA
2543695,"Jay Prosch","HOU","RB",23,1,9,0.75,0.0750000000000001,0.675,0.530330085889911,96,0.16,10,0.6,NA,78.8,3.5,3.40829060453228,NA,NA,NA
2543491,"Paul Richardson","SEA","WR",23,1,9,0.7,0.7,0.7,NA,117,0.1225,5,0,NA,82.5,17.5,14.0618671774676,NA,NA,NA
2508096,"Tyler Clutts","DAL","RB",31,5,6,0.68,0.0680000000000001,0.612,0.480832611206852,97,0.325,10,0.544,NA,NA,NA,2.97632375023987,NA,NA,NA
2507883,"Jeff Cumberland","NYJ","TE",28,5,5,0.663333333333333,0.172,1.22,0.670099495100044,59,0.250833333333333,5,1.048,NA,26.1,5,5.12088719012907,NA,0.7,NA
2495558,"Dwayne Bowe","CLE","WR",31,8,11,0.63,0.292,0.94,0.409511904588865,118,0.1625,5,0.648,NA,97.1,11.7,5.99957294249363,NA,0,NA
2543641,"Devin Street","DAL","WR",24,1,6,0.525,0.145,0.905,0.67175144212722,119,0.12,5,0.76,NA,96.1,9.6,5.39289050087675,NA,NA,NA
2543664,"Terrance West","TEN","RB",24,1,4,0.5,0.1,0.9,0.707106781186548,98,0.315,10,0.8,NA,NA,NA,3.41613801379326,NA,NA,NA
2534244,"Chase Ford","MIN","TE",25,3,5,0.455,0.179,0.731,0.487903679018718,60,0.085,5,0.552,NA,NA,NA,3.58040206617629,NA,NA,NA
2543590,"Cody Latimer","DEN","WR",23,1,7,0.41,0.0980000000000001,0.722,0.551543289325507,120,0.00999999999999995,5,0.624,NA,102.5,10.2,5.52152526953335,NA,NA,NA
2552470,"Sammie Coates","PIT","WR",22,0,11,0.4,0.0800000000000001,0.72,0.565685424949238,121,0.13,5,0.64,NA,104,12.6,6.52470470474046,NA,NA,NA
2552656,"J.J. Nelson","ARI","WR",23,0,9,0.4,0.0800000000000001,0.72,0.565685424949238,121,0.265,5,0.64,NA,NA,NA,3.02685021704131,NA,7,NA
2552401,"MyCole Pruitt","MIN","TE",23,0,5,0.37,0.106,0.634,0.466690475583121,61,0.035,5,0.528,NA,59,3,3.73540790936415,NA,1.5,NA
2552586,"Tyler Kroft","CIN","TE",23,0,7,0.37,0.106,0.634,0.466690475583121,61,0.175,5,0.528,NA,NA,NA,3.53599001533391,NA,NA,NA
2553292,"Kennard Backman","GB","TE",22,0,7,0.3,0.0600000000000001,0.54,0.424264068711929,63,0.22,5,0.48,NA,NA,NA,3.44716591364915,NA,NA,NA
2539335,"Geno Smith","NYJ","QB",25,2,5,0.268,0.0268,0.2412,0.189504617357995,29,0.043,7,0.2144,NA,NA,NA,3.80085724813267,NA,19,NA
2539275,"Mike Glennon","TB","QB",26,2,6,0.246,0.0246,0.2214,0.173948268171891,30,0.061,7,0.1968,NA,NA,NA,3.7709228278222,NA,NA,NA
2507779,"Donald Brown","SD","RB",28,6,10,0.21,0.021,0.189,0.148492424049175,99,0.1,10,0.168,NA,NA,NA,2.33034655064582,NA,NA,NA
2532888,"Case Keenum","STL","QB",27,3,6,0.204,0.0204,0.1836,0.144249783362056,31,0.04,7,0.1632,NA,NA,NA,3.7137752981386,NA,NA,NA
2542065,"Matt McGloin","OAK","QB",26,2,6,0.166,0.0166,0.1494,0.117379725676967,32,0.00599999999999998,7,0.1328,NA,NA,NA,3.66207039032962,NA,NA,NA
2505982,"Matt Schaub","BAL","QB",34,11,9,0.162,0.0162,0.1458,0.114551298552221,33,0.00399999999999998,7,0.1296,NA,NA,NA,3.65662776845499,NA,NA,NA
2540224,"Mike James","FA","RB",24,2,NA,0.16,0.016,0.144,0.113137084989848,100,0.105,10,0.128,NA,NA,NA,2.2616255719656,NA,NA,NA
2504833,"Shaun Hill","MIN","QB",NA,NA,5,0.158,0.0158,0.1422,0.111722871427475,34,0.004,7,0.1264,NA,NA,NA,3.65118514658036,NA,NA,NA
2532970,"Brandon Weeden","DAL","QB",32,3,6,0.158,0.0158,0.1422,0.111722871427475,34,0.015,7,0.1264,NA,40,11,11.6373359424594,NA,NA,NA
2506895,"Kellen Clemens","SD","QB",32,9,10,0.15,0.015,0.135,0.106066017177982,36,0.02,7,0.12,NA,NA,NA,3.6402999028311,NA,NA,NA
2495192,"Greg Little","CIN","WR",26,4,7,0.14,0.014,0.126,0.0989949493661166,123,0.015,5,0.112,NA,NA,NA,2.1054141085177,NA,NA,NA
2543462,"Johnny Manziel","CLE","QB",23,1,11,0.136,0.0136,0.1224,0.0961665222413705,37,0.021,7,0.1088,NA,28.5,2.9,4.64184281825635,NA,0.58,NA
2541388,"Brice Butler","DAL","WR",25,2,6,0.13,0.013,0.117,0.0919238815542512,124,0.01,5,0.104,NA,84.6,12.6,6.05700607389893,NA,NA,NA
2501078,"Matt Hasselbeck","IND","QB",40,17,10,0.124,0.0124,0.1116,0.0876812408671319,38,0.019,7,0.0992,NA,30,0,2.13447824955076,NA,NA,NA
81306,"Brandon Tate","CIN","WR",28,6,7,0.12,0.012,0.108,0.0848528137423857,125,0.00499999999999999,5,0.096,NA,121,2,1.68097808494203,NA,0,NA
2532900,"Keshawn Martin","NE","WR",25,3,4,0.12,0.012,0.108,0.0848528137423857,125,0.025,5,0.096,NA,105.5,8.5,4.36011093215444,NA,NA,NA
2541785,"Adam Thielen","MIN","WR",25,1,5,0.11,0.11,0.11,NA,127,0.04,5,0,NA,104.4,14.9,11.9185608996976,NA,NA,NA
2495441,"Blaine Gabbert","SF","QB",26,4,10,0.106,0.0106,0.0954,0.074953318805774,39,0.00599999999999999,7,0.0848,NA,NA,NA,3.58043106221018,NA,NA,NA
81284,"Chase Daniel","KC","QB",29,6,9,0.104,0.0104,0.0936,0.0735391052434009,40,0.011,7,0.0832,NA,NA,NA,3.57770975127286,NA,0.16,NA
2495425,"Scott Tolzien","GB","QB",28,4,7,0.096,0.00960000000000001,0.0864,0.0678822509939086,41,0.00900000000000001,7,0.0768,NA,NA,NA,3.5668245075236,NA,NA,NA
497246,"Michael Hoomanawanui","NO","TE",27,5,11,0.09,0.00900000000000001,0.081,0.0636396103067893,64,0.025,5,0.072,NA,34,5.2,4.60329875262841,NA,0,NA
2495748,"Drew Stanton","ARI","QB",31,8,9,0.09,0.00900000000000001,0.081,0.0636396103067893,42,0.00699999999999998,7,0.072,NA,NA,NA,3.55866057471166,NA,NA,NA
2506546,"Derek Anderson","CAR","QB",32,10,5,0.084,0.00840000000000001,0.0756,0.05939696961967,43,0.00899999999999999,7,0.0672,NA,38.5,6.5,7.70892173787027,NA,NA,NA
497108,"Jimmy Clausen","CHI","QB",27,5,7,0.082,0.00820000000000001,0.0738,0.0579827560572969,44,0.018,7,0.0656,NA,NA,NA,3.5477753309624,NA,NA,NA
2535876,"Griff Whalen","IND","WR",25,3,10,0.08,0.00800000000000001,0.072,0.0565685424949238,128,0.025,5,0.064,NA,100.4,5.7,3.17810063011328,NA,4.8,NA
2539327,"Joseph Fauria","FA","TE",25,2,NA,0.07,0.00700000000000001,0.063,0.0494974746830583,65,0.015,5,0.056,NA,NA,NA,2.66255301543371,NA,NA,NA
2506053,"Luke McCown","NO","QB",34,11,11,0.068,0.00680000000000001,0.0612,0.0480832611206852,45,0.026,7,0.0544,NA,34.5,3.5,5.11265652595517,NA,NA,NA
2539265,"Rex Burkhead","CIN","RB",25,2,7,0.06,0.00600000000000001,0.054,0.0424264068711929,101,0.01,10,0.048,NA,81.4,3.3,2.81125180413612,NA,NA,NA
238457,"Zach Miller","CHI","TE",31,6,7,0.06,0.00600000000000001,0.054,0.0424264068711929,66,0.01,5,0.048,NA,60,7,5.63638799415286,NA,NA,NA
2535964,"Josh Bellamy","CHI","WR",26,3,7,0.06,0.00600000000000001,0.054,0.0424264068711929,130,0.01,5,0.048,NA,NA,NA,1.99372488324211,NA,NA,NA
2539287,"Landry Jones","PIT","QB",26,2,11,0.06,0.00600000000000001,0.054,0.0424264068711929,46,0.036,7,0.048,NA,30.8,4.7,6.14136589134688,NA,NA,NA
2536532,"Jorvorskie Lane","TB","RB",28,3,6,0.05,0.00500000000000001,0.045,0.0353553390593274,102,0.01,10,0.04,NA,NA,NA,2.11043941886913,NA,NA,NA
2541910,"George Winn","DET","RB",25,2,9,0.05,0.00500000000000001,0.045,0.0353553390593274,102,0.025,10,0.04,NA,NA,NA,2.11043941886913,NA,NA,NA
79589,"David Johnson","SD","TE",28,6,10,0.05,0.005,0.045,0.0353553390593274,67,0,5,0.04,NA,NA,NA,2.63294498153879,NA,NA,NA
1037885,"Marc Mariani","CHI","WR",28,5,7,0.05,0.005,0.045,0.0353553390593274,131,0.01,5,0.04,NA,NA,NA,1.97976373008266,NA,1.9,NA
2495234,"Luke Stocker","TB","TE",27,4,6,0.05,0.05,0.05,NA,67,0.005,5,0,NA,36.6,10.2,12.3771879389595,NA,0,NA
2507182,"Matt Spaeth","PIT","TE",31,8,11,0.05,0.005,0.045,0.0353553390593274,67,0.01,5,0.04,NA,NA,NA,2.63294498153879,NA,0.4,NA
2552654,"Geremy Davis","NYG","WR",23,0,11,0.05,0.005,0.045,0.0353553390593274,131,0.035,5,0.04,NA,110.3,7.5,3.89907261190985,NA,NA,NA
1992,"Craig Stevens","TEN","TE",31,7,4,0.04,0.004,0.036,0.0282842712474619,70,0,5,0.032,NA,59.8,2.6,3.04197332467161,NA,0.9,NA
2540232,"Jack Doyle","IND","TE",25,2,10,0.04,0.004,0.036,0.0282842712474619,70,0,5,0.032,NA,51.2,3.6,3.62824847297474,NA,NA,NA
2541187,"Demetrius Harris","KC","TE",24,2,9,0.04,0.004,0.036,0.0282842712474619,70,0.005,5,0.032,NA,NA,NA,2.61814096459133,NA,0,NA
2543628,"Troy Niklas","ARI","TE",23,1,9,0.04,0.004,0.036,0.0282842712474619,70,0.01,5,0.032,NA,48,6.1,5.09393634373258,NA,13.2,NA
2536044,"Jamize Olawale","OAK","RB",26,3,6,0.03,0.003,0.027,0.0212132034355964,104,0.01,10,0.024,NA,84.5,4,3.22065967679136,NA,NA,NA
2533028,"James Hanna","DAL","TE",26,3,6,0.03,0.003,0.027,0.0212132034355964,74,0,5,0.024,NA,61,7,5.61418196873167,NA,0,NA
2533353,"Cory Harkey","STL","TE",25,3,6,0.03,0.003,0.027,0.0212132034355964,74,0,5,0.024,NA,49,5.3,4.61751421661634,NA,NA,NA
2539645,"Brandon Williams","MIA","TE",28,3,5,0.03,0.03,0.03,NA,74,0.005,5,0,NA,NA,NA,NA,NA,NA,NA
2541828,"Frankie Hammond","KC","WR",NA,NA,9,0.03,0.003,0.027,0.0212132034355964,133,0.03,5,0.024,NA,NA,NA,1.95184142376376,NA,NA,NA
2552633,"Jesse James","PIT","TE",21,0,11,0.03,0.003,0.027,0.0212132034355964,74,0.02,5,0.024,NA,NA,NA,2.60333694764387,NA,NA,NA
2506481,"Dan Orlovsky","DET","QB",32,10,9,0.024,0.0024,0.0216,0.0169705627484771,47,0.002,7,0.0192,NA,NA,NA,3.46885731378028,NA,0.4,NA
2508123,"T.J. Yates","FA","QB",28,4,NA,0.024,0.0024,0.0216,0.0169705627484771,47,0.006,7,0.0192,NA,NA,NA,3.46885731378028,NA,NA,NA
2552477,"Aaron Ripkowski","GB","RB",NA,NA,7,0.02,0.002,0.018,0.014142135623731,105,0.005,10,0.016,NA,NA,NA,2.069206831661,NA,NA,NA
2552636,"Michael Burton","DET","RB",23,0,9,0.02,0.002,0.018,0.014142135623731,105,0.01,10,0.016,NA,87.5,3.5,2.90662746016669,NA,NA,NA
2553446,"Malcolm Johnson","CLE","TE",23,0,11,0.02,0.002,0.018,0.014142135623731,78,0.02,5,0.016,NA,NA,NA,2.58853293069641,NA,NA,NA
2495863,"Tarvaris Jackson","SEA","QB",32,9,9,0.02,0.002,0.018,0.014142135623731,49,0.004,7,0.016,NA,NA,NA,3.46341469190565,NA,NA,NA
2533436,"Brock Osweiler","DEN","QB",25,3,7,0.016,0.0016,0.0144,0.0113137084989848,50,0.002,7,0.0128,NA,NA,NA,3.45797207003102,NA,NA,NA
2539961,"Ryan Nassib","NYG","QB",25,2,11,0.016,0.0016,0.0144,0.0113137084989848,50,0.004,7,0.0128,NA,NA,NA,3.45797207003102,NA,NA,NA
2507282,"Matt Moore","MIA","QB",31,8,5,0.012,0.0012,0.0108,0.00848528137423857,52,0.002,7,0.0096,NA,NA,NA,3.45252944815639,NA,NA,NA
2543497,"AJ McCarron","CIN","QB",25,1,7,0.012,0.0012,0.0108,0.00848528137423857,52,0.008,7,0.0096,NA,NA,NA,3.45252944815639,NA,NA,NA
79629,"Cedric Peerman","CIN","RB",29,6,7,0.01,0.001,0.009,0.00707106781186548,107,0.005,10,0.008,NA,NA,NA,2.05546263592495,NA,NA,NA
2527672,"Will Tukuafu","SEA","RB",31,5,9,0.01,0.01,0.01,NA,107,0.01,10,0,NA,NA,NA,NA,NA,NA,NA
2543801,"Jimmy Garoppolo","NE","QB",24,1,4,0.008,0.000800000000000001,0.0072,0.00565685424949238,55,0.008,7,0.0064,NA,NA,NA,3.44708682628176,NA,NA,NA
184,"Donnie Avery","FA","WR",31,7,NA,0,0,0,NA,134,0,5,0,NA,NA,NA,NA,NA,NA,NA
216,"Fred Davis","FA","TE",29,7,NA,0,0,0,NA,79,0,5,0,NA,NA,NA,NA,NA,NA,NA
230,"Jerome Felton","BUF","RB",29,7,8,0,0,0,NA,111,0,10,0,NA,NA,NA,NA,NA,NA,NA
252,"Chad Henne","JAC","QB",30,7,8,0,0,0,NA,56,0,7,0,NA,NA,NA,NA,NA,NA,NA
367,"Matt Flynn","FA","QB",30,7,NA,0,0,0,NA,56,0,7,0,NA,NA,NA,NA,NA,NA,NA
832,"Josh Morgan","FA","WR",30,7,NA,0,0,0,NA,134,0,5,0,NA,NA,NA,NA,NA,NA,NA
925,"Jamaal Charles","KC","RB",29,7,9,0,0,0,NA,111,0,10,0,NA,NA,NA,NA,NA,NA,NA
929,"BenJarvus Green-Ellis","FA","RB",30,7,NA,0,0,0,NA,111,0,10,0,NA,NA,NA,NA,NA,NA,NA
941,"Ray Rice","FA","RB",28,7,NA,0,0,0,NA,111,0,10,0,NA,NA,NA,NA,NA,NA,NA
1030,"Mario Manningham","FA","WR",29,7,NA,0,0,0,NA,134,0,5,0,NA,NA,NA,NA,NA,NA,NA
1032,"Jordy Nelson","GB","WR",30,7,7,0,0,0,NA,134,0,5,0,NA,NA,NA,NA,NA,NA,NA
1072,"Jermichael Finley","FA","TE",28,7,NA,0,0,0,NA,79,0,5,0,NA,NA,NA,NA,NA,NA,NA
1581,"DeSean Jackson","WAS","WR",29,7,8,0,0,0,NA,134,0,5,0,NA,NA,NA,NA,NA,NA,NA
1966,"John Carlson","FA","TE",31,7,NA,0,0,0,NA,79,0,5,0,NA,NA,NA,NA,NA,NA,NA
1980,"Peyton Hillis","FA","RB",29,7,NA,0,0,0,NA,111,0,10,0,NA,NA,NA,NA,NA,NA,NA
2346,"Pierre Garcon","WAS","WR",29,7,8,0,0,0,NA,134,0,5,0,NA,NA,NA,NA,NA,NA,NA
4231,"Jed Collins","FA","RB",29,7,NA,0,0,0,NA,111,0,10,0,NA,NA,NA,NA,NA,NA,NA
4381,"Garrett Hartley","FA","K",29,7,NA,0,0,0,NA,29,0,3,0,NA,NA,NA,NA,NA,NA,NA
4383,"Tim Hightower","NO","RB",29,7,11,0,0,0,0,111,0,10,0,NA,NA,NA,2.04171844018891,NA,NA,NA
4487,"Matthew Slater","NE","WR",30,7,4,0,0,0,NA,134,0,5,0,NA,NA,NA,NA,NA,NA,NA
71247,"James Casey","FA","TE",31,6,NA,0,0,0,0,79,0,5,0,NA,NA,NA,2.55892489680149,NA,NA,NA
71255,"Chase Coffman","FA","TE",29,6,NA,0,0,0,0,79,0,5,0,NA,NA,NA,2.55892489680149,NA,NA,NA
79555,"Arian Foster","HOU","RB",29,6,9,0,0,0,NA,111,0,10,0,NA,NA,NA,NA,NA,NA,NA
79557,"Josh Freeman","FA","QB",27,6,NA,0,0,0,NA,56,0,7,0,NA,NA,NA,NA,NA,NA,NA
79563,"Shonn Greene","FA","RB",30,6,NA,0,0,0,NA,111,0,10,0,NA,NA,NA,NA,NA,NA,NA
79607,"LeSean McCoy","BUF","RB",27,6,8,0,0,0,NA,111,0,10,0,NA,NA,NA,NA,NA,NA,NA
79619,"Knowshon Moreno","FA","RB",28,6,NA,0,0,0,NA,111,0,10,0,NA,NA,NA,NA,NA,NA,NA
79625,"Bear Pascoe","FA","TE",29,6,NA,0,0,0,NA,79,0,5,0,NA,NA,NA,NA,NA,NA,NA
79858,"Mark Sanchez","PHI","QB",29,6,8,0,0,0,NA,56,0,7,0,NA,NA,NA,NA,NA,NA,NA
80425,"Percy Harvin","BUF","WR",27,6,8,0,0,0,NA,134,0,5,0,NA,NA,NA,NA,NA,NA,NA
80670,"Louis Murphy","TB","WR",28,6,6,0,0,0,NA,134,0,5,0,NA,NA,NA,NA,NA,NA,NA
80672,"Hakeem Nicks","FA","WR",27,6,NA,0,0,0,NA,134,0,5,0,NA,NA,NA,NA,NA,NA,NA
80674,"Chris Ogbonnaya","FA","RB",29,6,NA,0,0,0,NA,111,0,10,0,NA,NA,NA,NA,NA,NA,NA
81288,"Brandon Gibson","NE","WR",28,6,4,0,0,0,NA,134,0,5,0,NA,NA,NA,NA,NA,NA,NA
81857,"Kevin Ogletree","FA","WR",28,6,NA,0,0,0,NA,134,0,5,0,NA,NA,NA,NA,NA,NA,NA
89798,"Antone Smith","CHI","RB",30,6,7,0,0,0,0,111,0,10,0,NA,NA,NA,2.04171844018891,NA,NA,NA
100003,"Bills","BUF","DST",NA,NA,8,0,0,0,NA,29,0,11,0,NA,27,0,-0.18004053758308,NA,NA,NA
100015,"Jaguars","JAC","DST",NA,NA,8,0,0,0,NA,29,0,11,0,NA,NA,NA,NA,NA,NA,NA
100025,"Eagles","PHI","DST",NA,NA,8,0,0,0,NA,29,0,11,0,NA,28,0,-0.18004053758308,NA,NA,NA
100032,"Redskins","WAS","DST",NA,NA,8,0,0,0,NA,29,NA,11,0,NA,NA,NA,NA,NA,NA,NA
238445,"Frank Summers","FA","RB",30,6,NA,0,0,0,NA,111,0,10,0,NA,NA,NA,NA,NA,NA,NA
496812,"Erik Lorig","FA","RB",29,5,NA,0,0,0,NA,111,0,10,0,NA,NA,NA,NA,NA,NA,NA
497095,"Sam Bradford","PHI","QB",28,5,8,0,0,0,NA,56,0,7,0,NA,NA,NA,NA,NA,NA,NA
497121,"Thad Lewis","PHI","QB",28,5,8,0,0,0,NA,56,0,7,0,NA,NA,NA,NA,NA,NA,NA
497123,"Colt McCoy","WAS","QB",29,5,8,0,0,0,NA,56,0,7,0,NA,NA,NA,NA,NA,NA,NA
497135,"Tim Tebow","FA","QB",28,5,NA,0,0,0,NA,56,0,7,0,NA,NA,NA,NA,NA,NA,NA
497172,"Anthony Dixon","BUF","RB",28,5,8,0,0,0,NA,111,0,10,0,NA,NA,NA,NA,NA,NA,NA
497174,"Jonathan Dwyer","FA","RB",26,5,NA,0,0,0,NA,111,0,10,0,NA,NA,NA,NA,NA,NA,NA
497176,"Toby Gerhart","JAC","RB",28,5,8,0,0,0,NA,111,0,10,0,NA,NA,NA,NA,NA,NA,NA
497188,"Ryan Mathews","PHI","RB",28,5,8,0,0,0,NA,111,0,10,0,NA,NA,NA,NA,NA,NA,NA
497192,"Joe McKnight","FA","RB",27,5,NA,0,0,0,NA,111,0,10,0,NA,NA,NA,NA,NA,NA,NA
497208,"Ben Tate","FA","RB",27,5,NA,0,0,0,NA,111,0,10,0,NA,NA,NA,NA,NA,NA,NA
497218,"Trindon Holliday","FA","WR",29,5,NA,0,0,0,NA,134,0,5,0,NA,NA,NA,NA,NA,NA,NA
497242,"Clay Harbor","JAC","TE",28,5,8,0,0,0,NA,79,0,5,0,NA,NA,NA,NA,NA,NA,NA
497250,"Anthony McCoy","WAS","TE",28,5,8,0,0,0,NA,79,0,5,0,NA,NA,NA,NA,NA,NA,NA
497254,"Dennis Pitta","BAL","TE",30,5,9,0,0,0,NA,79,0,5,0,NA,NA,NA,NA,NA,NA,NA
497256,"Tony Moeaki","ATL","TE",28,5,10,0,0,0,NA,79,0,5,0,NA,51.5,7.5,9.2113021381226,NA,NA,NA
497258,"Andrew Quarless","GB","TE",27,5,7,0,0,0,NA,79,0,5,0,NA,NA,NA,NA,NA,NA,NA
497260,"Seyi Ajirotutu","PHI","WR",28,5,8,0,0,0,NA,134,0,5,0,NA,NA,NA,NA,NA,NA,NA
497282,"Riley Cooper","PHI","WR",28,5,8,0,0,0,NA,134,0,5,0,NA,NA,NA,NA,NA,NA,NA
497286,"Marcus Easley","BUF","WR",28,5,8,0,0,0,NA,134,0,5,0,NA,NA,NA,NA,NA,NA,NA
497288,"Jacoby Ford","FA","WR",28,5,NA,0,0,0,NA,134,0,5,0,NA,NA,NA,NA,NA,NA,NA
497312,"Preston Parker","FA","WR",28,5,NA,0,0,0,0,134,0,5,0,NA,NA,NA,1.90995796428541,NA,NA,NA
497320,"Andre Roberts","WAS","WR",27,5,8,0,0,0,NA,134,0,5,0,NA,NA,NA,NA,NA,NA,NA
1037347,"Joe Webb","CAR","QB",29,5,5,0,0,0,NA,56,0,7,0,NA,NA,NA,NA,NA,NA,NA
1037366,"Michael Palmer","FA","TE",27,5,NA,0,0,0,NA,79,0,5,0,NA,NA,NA,NA,NA,NA,NA
1037847,"Deji Karim","FA","RB",29,5,NA,0,0,0,NA,111,0,10,0,NA,NA,NA,NA,NA,NA,NA
2495139,"Charles Clay","BUF","TE",26,4,8,0,0,0,NA,79,0,5,0,NA,NA,NA,NA,NA,NA,NA
2495158,"Leonard Hankerson","ATL","WR",27,4,10,0,0,0,NA,134,0,5,0,NA,55.3,8.1,6.31299063476087,NA,NA,NA
2495162,"Alex Henery","FA","K",28,4,NA,0,0,0,NA,29,0,3,0,NA,NA,NA,NA,NA,NA,NA
2495172,"Kendall Hunter","FA","RB",27,4,NA,0,0,0,NA,111,0,10,0,NA,NA,NA,NA,NA,NA,NA
2495179,"Jerrel Jernigan","FA","WR",26,4,NA,0,0,0,NA,134,0,5,0,NA,NA,NA,NA,NA,NA,NA
2495194,"Jake Locker","FA","QB",27,4,NA,0,0,0,NA,56,0,7,0,NA,NA,NA,NA,NA,NA,NA
2495207,"DeMarco Murray","PHI","RB",27,4,8,0,0,0,NA,111,0,10,0,NA,NA,NA,NA,NA,NA,NA
2495211,"Niles Paul","WAS","TE",26,4,8,0,0,0,NA,79,0,5,0,NA,NA,NA,NA,NA,NA,NA
2495212,"Austin Pettis","FA","WR",27,4,NA,0,0,0,NA,134,0,5,0,NA,NA,NA,NA,NA,NA,NA
2495215,"Christian Ponder","FA","QB",27,4,NA,0,0,0,NA,56,0,7,0,NA,NA,NA,NA,NA,NA,NA
2495223,"Greg Salas","FA","WR",27,4,NA,0,0,0,NA,134,0,5,0,NA,NA,NA,NA,NA,NA,NA
2495240,"Tyrod Taylor","BUF","QB",26,4,8,0,0,0,NA,56,0,7,0,NA,NA,NA,NA,NA,NA,NA
2495241,"Daniel Thomas","FA","RB",28,4,NA,0,0,0,NA,111,0,10,0,NA,NA,NA,NA,NA,NA,NA
2495315,"Denarius Moore","BUF","WR",27,4,8,0,0,0,NA,134,0,5,0,NA,NA,NA,NA,NA,NA,NA
2495331,"Aldrick Robinson","FA","WR",27,4,NA,0,0,0,NA,134,0,5,0,NA,NA,NA,NA,NA,NA,NA
2495338,"Dane Sanzenbacher","FA","WR",27,4,NA,0,0,0,NA,134,0,5,0,NA,NA,NA,NA,NA,NA,NA
2495341,"Cecil Shorts","HOU","WR",28,4,9,0,0,0,NA,134,0,5,0,NA,NA,NA,NA,NA,NA,NA
2495443,"Ryan Mallett","HOU","QB",27,4,9,0,0,0,0,56,0,7,0,NA,NA,NA,3.4362015825325,NA,NA,NA
2495449,"Tandon Doss","FA","WR",26,4,NA,0,0,0,NA,134,0,5,0,NA,NA,NA,NA,NA,NA,NA
2495461,"Shaun Draughn","CLE","RB",28,4,11,0,0,0,0,111,0,10,0,NA,NA,NA,2.04171844018891,NA,NA,NA
2495468,"Mikel Leshoure","FA","RB",25,4,NA,0,0,0,NA,111,0,10,0,NA,NA,NA,NA,NA,NA,NA
2495470,"Stevan Ridley","NYJ","RB",26,4,5,0,0,0,NA,111,0,10,0,NA,65.9,8.8,10.2558426063133,NA,NA,NA
2495471,"Jacquizz Rodgers","CHI","RB",25,4,7,0,0,0,NA,111,0,10,0,NA,NA,NA,NA,NA,NA,NA
2495472,"Jordan Todman","PIT","RB",25,4,11,0,0,0,0,111,0,10,0,NA,NA,NA,2.04171844018891,NA,NA,NA
2495660,"Brian Leonard","FA","RB",31,8,NA,0,0,0,NA,111,0,10,0,NA,NA,NA,NA,NA,NA,NA
2495676,"Robert Meachem","FA","WR",31,8,NA,0,0,0,NA,134,0,5,0,NA,NA,NA,NA,NA,NA,NA
2495724,"Dante Rosario","FA","TE",31,8,NA,0,0,0,NA,79,0,5,0,NA,NA,NA,NA,NA,NA,NA
2495801,"Miles Austin","PHI","WR",31,9,8,0,0,0,NA,134,0,5,0,NA,NA,NA,NA,NA,NA,NA
2495838,"Bruce Gradkowski","PIT","QB",32,9,11,0,0,0,NA,56,0,7,0,NA,NA,NA,NA,NA,NA,NA
2495843,"Derek Hagan","FA","WR",31,9,NA,0,0,0,NA,134,0,5,0,NA,NA,NA,NA,NA,NA,NA
2495888,"Marcedes Lewis","JAC","TE",31,9,8,0,0,0,NA,79,0,5,0,NA,NA,NA,NA,NA,NA,NA
2495974,"Charlie Whitehurst","TEN","QB",33,9,4,0,0,0,0,56,0,7,0,NA,NA,NA,3.4362015825325,NA,NA,NA
2499248,"Kris Durham","FA","WR",27,4,NA,0,0,0,NA,134,0,5,0,NA,NA,NA,NA,NA,NA,NA
2499255,"Richard Gordon","DEN","TE",28,4,7,0,0,0,NA,79,0,5,0,NA,NA,NA,NA,NA,NA,NA
2499277,"David Ausberry","FA","TE",28,4,NA,0,0,0,NA,79,0,5,0,NA,NA,NA,NA,NA,NA,NA
2504162,"Shayne Graham","FA","K",NA,NA,NA,0,0,0,NA,29,0,3,0,NA,NA,NA,NA,NA,NA,NA
2504343,"Jay Feely","FA","K",39,16,NA,0,0,0,NA,29,0,3,0,NA,NA,NA,NA,NA,NA,NA
2504531,"Michael Vick","PIT","QB",35,14,11,0,0,0,0,56,0,7,0,NA,NA,NA,3.4362015825325,NA,NA,NA
2504743,"Santana Moss","FA","WR",36,14,NA,0,0,0,NA,134,0,5,0,NA,NA,NA,NA,NA,NA,NA
2504941,"Billy Cundiff","FA","K",35,13,NA,0,0,0,NA,29,0,3,0,NA,NA,NA,NA,NA,NA,NA
2505310,"Kassim Osgood","FA","WR",35,12,NA,0,0,0,NA,134,0,5,0,NA,NA,NA,NA,NA,NA,NA
2505354,"Tony Romo","DAL","QB",35,12,6,0,0,0,NA,56,0,7,0,NA,NA,NA,NA,NA,NA,NA
2505936,"Steven Jackson","FA","RB",32,11,NA,0,0,0,NA,111,0,10,0,NA,NA,NA,NA,NA,NA,NA
2506149,"Shaun Suisham","PIT","K",NA,NA,11,0,0,0,NA,29,0,3,0,NA,NA,NA,NA,NA,NA,NA
2506222,"Josh Cribbs","FA","WR",32,10,NA,0,0,0,NA,134,0,5,0,NA,NA,NA,NA,NA,NA,NA
2506341,"Ronnie Brown","FA","RB",34,10,NA,0,0,0,NA,111,0,10,0,NA,NA,NA,NA,NA,NA,NA
2506364,"Jason Campbell","FA","QB",34,10,NA,0,0,0,NA,56,0,7,0,NA,NA,NA,NA,NA,NA,NA
2506410,"Alex Smith","NO","TE",33,10,11,0,0,0,NA,79,0,5,0,NA,NA,NA,NA,NA,NA,NA
2506444,"Kyle Orton","FA","QB",33,10,NA,0,0,0,NA,56,0,7,0,NA,NA,NA,NA,NA,NA,NA
2506467,"Darren Sproles","PHI","RB",32,10,8,0,0,0,NA,111,0,10,0,NA,NA,NA,NA,NA,NA,NA
2506619,"Daniel Fells","NYG","TE",32,9,11,0,0,0,NA,79,0,5,0,NA,NA,NA,NA,NA,NA,NA
2506885,"Santonio Holmes","FA","WR",31,9,NA,0,0,0,NA,134,0,5,0,NA,NA,NA,NA,NA,NA,NA
2506897,"Devin Hester","ATL","WR",33,9,10,0,0,0,NA,134,0,5,0,NA,NA,NA,NA,NA,NA,NA
2507029,"Eric Weems","ATL","WR",30,8,10,0,0,0,NA,134,0,5,0,NA,NA,NA,NA,NA,1.1,NA
2507141,"Pierre Thomas","FA","RB",31,8,NA,0,0,0,NA,111,0,10,0,NA,NA,NA,NA,NA,NA,NA
2507170,"Zach Miller","FA","TE",30,8,NA,0,0,0,NA,79,0,5,0,NA,60,7,8.62502698981947,NA,NA,NA
2507192,"Michael Bush","FA","RB",31,8,NA,0,0,0,NA,111,0,10,0,NA,NA,NA,NA,NA,NA,NA
2507218,"Brent Celek","PHI","TE",30,8,8,0,0,0,NA,79,0,5,0,NA,NA,NA,NA,NA,NA,NA
2507237,"Jordan Palmer","FA","QB",31,8,NA,0,0,0,NA,56,0,7,0,NA,NA,NA,NA,NA,NA,NA
2507278,"Jackie Battle","FA","RB",32,8,NA,0,0,0,NA,111,0,10,0,NA,NA,NA,NA,NA,NA,NA
2507401,"Dan Carpenter","BUF","K",30,7,8,0,0,0,NA,29,0,3,0,NA,NA,NA,NA,NA,NA,NA
2507405,"Matthew Mulligan","BUF","TE",30,7,8,0,0,0,NA,79,0,5,0,NA,NA,NA,NA,NA,NA,NA
2507585,"Will Taufoou","FA","RB",29,3,NA,0,0,0,NA,111,0,10,0,NA,NA,NA,NA,NA,NA,NA
2507596,"Marcus Thigpen","FA","RB",29,6,NA,0,0,0,0,111,0,10,0,NA,NA,NA,2.04171844018891,NA,NA,NA
2507828,"Logan Paulsen","WAS","TE",28,5,8,0,0,0,NA,79,0,5,0,NA,NA,NA,NA,NA,NA,NA
2507884,"David Nelson","PIT","WR",29,5,11,0,0,0,NA,134,0,5,0,NA,NA,NA,NA,NA,NA,NA
2507897,"Alfonso Smith","FA","RB",28,5,NA,0,0,0,NA,111,0,10,0,NA,NA,NA,NA,NA,NA,NA
2507902,"Marlon Moore","CLE","WR",28,5,11,0,0,0,0,134,0,5,0,NA,NA,NA,1.90995796428541,NA,NA,NA
2508051,"John Conner","FA","RB",28,5,NA,0,0,0,NA,111,0,10,0,NA,NA,NA,NA,NA,NA,NA
2508101,"James Develin","NE","RB",27,5,4,0,0,0,NA,111,0,10,0,NA,NA,NA,NA,NA,NA,NA
2508115,"Vincent Brown","FA","WR",26,4,NA,0,0,0,NA,134,0,5,0,NA,NA,NA,NA,NA,NA,NA
2530515,"Chris Hogan","BUF","WR",27,4,8,0,0,0,NA,134,0,5,0,NA,NA,NA,NA,NA,NA,NA
2530516,"Robert Hughes","FA","RB",26,4,NA,0,0,0,NA,111,0,10,0,NA,NA,NA,NA,NA,NA,NA
2530575,"Drew Davis","FA","WR",26,3,NA,0,0,0,NA,134,0,5,0,NA,NA,NA,NA,NA,NA,NA
2530598,"Jeremy Ross","BAL","WR",27,4,9,0,0,0,NA,134,0,5,0,NA,92.1,6.7,5.1589026390386,NA,2.1,NA
2530690,"DuJuan Harris","FA","RB",27,4,NA,0,0,0,NA,111,0,10,0,NA,NA,NA,NA,NA,NA,NA
2530699,"Henry Hynoski","FA","RB",27,4,NA,0,0,0,NA,111,0,10,0,NA,NA,NA,NA,NA,NA,NA
2530713,"Jeff Maehl","FA","WR",26,4,NA,0,0,0,NA,134,0,5,0,NA,NA,NA,NA,NA,NA,NA
2530720,"Joseph Morgan","NO","WR",27,4,11,0,0,0,NA,134,0,5,0,NA,NA,NA,NA,NA,NA,NA
2530990,"Phillip Tanner","FA","RB",27,4,NA,0,0,0,NA,111,0,10,0,NA,NA,NA,NA,NA,NA,NA
2531218,"Chase Reynolds","STL","RB",28,3,6,0,0,0,NA,111,0,10,0,NA,NA,NA,NA,NA,NA,NA
2531332,"Terrelle Pryor","FA","WR",26,4,NA,0,0,0,0,134,0,5,0,NA,NA,NA,1.90995796428541,NA,NA,NA
2532799,"Jarrett Boykin","FA","WR",26,3,NA,0,0,0,NA,134,0,5,0,NA,NA,NA,NA,NA,NA,NA
2532807,"Ryan Broyles","FA","WR",27,3,NA,0,0,0,NA,134,0,5,0,NA,NA,NA,NA,NA,NA,NA
2532820,"Kirk Cousins","WAS","QB",27,3,8,0,0,0,NA,56,0,7,0,NA,NA,NA,NA,NA,NA,NA
2532823,"Juron Criner","FA","WR",26,3,NA,0,0,0,NA,134,0,5,0,NA,NA,NA,NA,NA,NA,NA
2532850,"T.J. Graham","NO","WR",26,3,11,0,0,0,0,134,0,5,0,NA,NA,NA,1.90995796428541,NA,NA,NA
2532851,"Cyrus Gray","FA","RB",26,3,NA,0,0,0,NA,111,0,10,0,NA,NA,NA,NA,NA,NA,NA
2532862,"Junior Hemingway","FA","WR",27,3,NA,0,0,0,NA,134,0,5,0,NA,NA,NA,NA,NA,NA,NA
2532864,"Dan Herron","BUF","RB",26,3,8,0,0,0,NA,111,0,10,0,NA,NA,NA,NA,NA,NA,NA
2532876,"A.J. Jenkins","FA","WR",25,3,NA,0,0,0,NA,134,0,5,0,NA,NA,NA,NA,NA,NA,NA
2532894,"Ryan Lindley","FA","QB",26,3,NA,0,0,0,NA,56,0,7,0,NA,NA,NA,NA,NA,NA,NA
2532917,"Kellen Moore","DAL","QB",26,3,6,0,0,0,0,56,0,7,0,NA,NA,NA,3.4362015825325,NA,NA,NA
2532926,"Isaiah Pead","FA","RB",26,3,NA,0,0,0,0,111,0,10,0,NA,NA,NA,2.04171844018891,NA,NA,NA
2532930,"DeVier Posey","FA","WR",25,3,NA,0,0,0,NA,134,0,5,0,NA,NA,NA,NA,NA,NA,NA
2533012,"Vick Ballard","FA","RB",25,3,NA,0,0,0,NA,111,0,10,0,NA,NA,NA,NA,NA,NA,NA
2533032,"Trent Richardson","FA","RB",24,3,NA,0,0,0,NA,111,0,10,0,NA,NA,NA,NA,NA,NA,NA
2533033,"Robert Griffin","WAS","QB",25,3,8,0,0,0,NA,56,0,7,0,NA,NA,NA,NA,NA,NA,NA
2533036,"LaMichael James","FA","RB",26,3,NA,0,0,0,0,111,0,10,0,NA,NA,NA,2.04171844018891,NA,NA,NA
2533038,"Justin Blackmon","JAC","WR",25,3,8,0,0,0,NA,134,0,5,0,NA,NA,NA,NA,NA,NA,NA
2533047,"Orson Charles","FA","TE",24,3,NA,0,0,0,NA,79,0,5,0,NA,NA,NA,NA,NA,NA,NA
2533349,"Austin Davis","CLE","QB",26,3,11,0,0,0,0,56,0,7,0,NA,NA,NA,3.4362015825325,NA,NA,NA
2533444,"Randy Bullock","FA","K",26,3,NA,0,0,0,0,29,0,3,0,NA,NA,NA,1.38600892204843,NA,NA,NA
2533457,"Alfred Morris","WAS","RB",27,3,8,0,0,0,NA,111,0,10,0,NA,NA,NA,NA,NA,NA,NA
2533537,"Stephen Hill","FA","WR",24,3,NA,0,0,0,NA,134,0,5,0,NA,NA,NA,NA,NA,NA,NA
2533540,"Edwin Baker","FA","RB",24,3,NA,0,0,0,NA,111,0,10,0,NA,NA,NA,NA,NA,NA,NA
2533545,"Bernard Pierce","JAC","RB",24,3,8,0,0,0,NA,111,0,10,0,NA,NA,NA,NA,NA,NA,NA
2534241,"Derek Carrier","WAS","TE",25,3,8,0,0,0,NA,79,0,5,0,NA,NA,NA,NA,NA,NA,NA
2534752,"Adrien Robinson","FA","TE",27,3,NA,0,0,0,NA,79,0,5,0,NA,NA,NA,NA,NA,NA,NA
2534789,"Daryl Richardson","FA","RB",25,3,NA,0,0,0,NA,111,0,10,0,NA,NA,NA,NA,NA,NA,NA
2534796,"Bryce Brown","FA","RB",24,3,NA,0,0,0,NA,111,0,10,0,NA,NA,NA,NA,NA,NA,NA
2534889,"Matt Simms","FA","QB",27,3,NA,0,0,0,NA,56,0,7,0,NA,NA,NA,NA,NA,NA,NA
2535535,"Phillip Supernaw","TEN","TE",25,3,4,0,0,0,NA,79,0,5,0,NA,NA,NA,NA,NA,NA,NA
2535696,"Joe Banyard","JAC","RB",27,3,8,0,0,0,NA,111,0,10,0,NA,NA,NA,NA,NA,NA,NA
2535708,"Lance Dunbar","DAL","RB",25,3,6,0,0,0,NA,111,0,10,0,NA,NA,NA,NA,NA,NA,NA
2535882,"Mike Brown","FA","WR",26,3,NA,0,0,0,NA,134,0,5,0,NA,NA,NA,NA,NA,NA,NA
2535890,"Travaris Cadet","FA","RB",26,3,NA,0,0,0,0,111,0,10,0,NA,NA,NA,2.04171844018891,NA,NA,NA
2535966,"Brenton Bersin","CAR","WR",25,2,5,0,0,0,NA,134,0,5,0,NA,100.6,8.4,6.56029520527279,NA,NA,NA
2536031,"Damaris Johnson","FA","WR",26,3,NA,0,0,0,NA,134,0,5,0,NA,NA,NA,NA,NA,NA,NA
2536056,"Jeremy Stewart","FA","RB",26,3,NA,0,0,0,NA,111,0,10,0,NA,NA,NA,NA,NA,NA,NA
2536071,"Cooper Helfet","SEA","TE",26,4,9,0,0,0,0,79,0,5,0,NA,NA,NA,2.55892489680149,NA,NA,NA
2536342,"Brandon Bostick","FA","TE",26,3,NA,0,0,0,NA,79,0,5,0,NA,NA,NA,NA,NA,NA,NA
2537931,"Josh Gordon","CLE","WR",24,3,11,0,0,0,NA,134,0,5,0,NA,NA,NA,NA,NA,NA,NA
2539202,"Chris Gragg","BUF","TE",25,2,8,0,0,0,NA,79,0,5,0,NA,NA,NA,NA,NA,NA,NA
2539214,"Kenbrell Thompkins","NYJ","WR",27,2,5,0,0,0,NA,134,0,5,0,NA,NA,NA,NA,NA,4.1,NA
2539227,"Dustin Hopkins","WAS","K",25,2,8,0,0,0,NA,29,0,3,0,NA,NA,NA,NA,NA,NA,NA
2539228,"EJ Manuel","BUF","QB",25,2,8,0,0,0,NA,56,0,7,0,NA,NA,NA,NA,NA,NA,NA
2539235,"Tavarres King","FA","WR",25,2,NA,0,0,0,NA,134,0,5,0,NA,NA,NA,NA,NA,NA,NA
2539246,"Chris Harper","FA","WR",26,2,NA,0,0,0,NA,134,0,5,0,NA,NA,NA,NA,NA,NA,NA
2539260,"Denard Robinson","JAC","RB",25,2,8,0,0,0,NA,111,0,10,0,NA,NA,NA,NA,NA,NA,NA
2539289,"Kenjon Barner","PHI","RB",26,2,8,0,0,0,NA,111,0,10,0,NA,NA,NA,NA,NA,NA,NA
2539308,"Matt Barkley","ARI","QB",25,2,9,0,0,0,0,56,0,7,0,NA,NA,NA,3.4362015825325,NA,NA,NA
2539341,"Montee Ball","FA","RB",25,2,NA,0,0,0,NA,111,0,10,0,NA,NA,NA,NA,NA,NA,NA
2539637,"Caleb Sturgis","PHI","K",26,2,8,0,0,0,NA,29,0,3,0,NA,NA,NA,NA,NA,NA,NA
2539663,"Mike Gillislee","FA","RB",25,2,NA,0,0,0,NA,111,0,10,0,NA,NA,NA,NA,NA,NA,NA
2539964,"Marquise Goodwin","BUF","WR",25,2,8,0,0,0,NA,134,0,5,0,NA,NA,NA,NA,NA,NA,NA
2540158,"Zach Ertz","PHI","TE",25,2,8,0,0,0,NA,79,0,5,0,NA,NA,NA,NA,NA,NA,NA
2540160,"Jordan Reed","WAS","TE",25,2,8,0,0,0,NA,79,0,5,0,NA,NA,NA,NA,NA,NA,NA
2540171,"Joseph Randle","DAL","RB",24,2,6,0,0,0,NA,111,0,10,0,NA,NA,NA,NA,NA,NA,NA
2540179,"DaRick Rogers","FA","WR",24,2,NA,0,0,0,NA,134,0,5,0,NA,NA,NA,NA,NA,NA,NA
2540181,"Josh Boyce","NE","WR",24,2,4,0,0,0,NA,134,0,5,0,NA,NA,NA,NA,NA,NA,NA
2540233,"Nick Kasa","FA","TE",25,2,NA,0,0,0,NA,79,0,5,0,NA,NA,NA,NA,NA,NA,NA
2540259,"MarQueis Gray","BUF","TE",25,2,8,0,0,0,NA,79,0,5,0,NA,NA,NA,NA,NA,NA,NA
2540267,"Ace Sanders","FA","WR",24,2,NA,0,0,0,NA,134,0,5,0,NA,NA,NA,NA,NA,NA,NA
2541096,"Ifeanyi Momah","ARI","TE",26,2,9,0,0,0,NA,79,0,5,0,NA,NA,NA,NA,NA,NA,NA
2541185,"Ryan Griffin","TB","QB",26,2,6,0,0,0,NA,56,0,7,0,NA,NA,NA,NA,NA,NA,NA
2541314,"Justin Brown","FA","WR",24,2,NA,0,0,0,NA,134,0,5,0,NA,NA,NA,NA,NA,NA,NA
2541316,"Ryan Griffin","HOU","TE",25,2,9,0,0,0,NA,79,0,5,0,NA,NA,NA,NA,NA,NA,NA
2541390,"Kevin Dorsey","NE","WR",25,2,4,0,0,0,NA,134,0,5,0,NA,NA,NA,NA,NA,NA,NA
2541429,"B.J. Daniels","SEA","WR",26,2,9,0,0,0,0,134,0,5,0,NA,NA,NA,1.90995796428541,NA,NA,NA
2541432,"Michael Cox","FA","RB",26,2,NA,0,0,0,NA,111,0,10,0,NA,NA,NA,NA,NA,NA,NA
2541512,"Brian Leonhardt","OAK","TE",25,2,6,0,0,0,NA,79,0,5,0,NA,NA,NA,NA,NA,NA,NA
2543471,"Kelvin Benjamin","CAR","WR",24,1,5,0,0,0,NA,134,0,5,0,NA,NA,NA,NA,NA,NA,NA
2543475,"Marqise Lee","JAC","WR",24,1,8,0,0,0,NA,134,0,5,0,NA,NA,NA,NA,NA,NA,NA
2543477,"Blake Bortles","JAC","QB",24,1,8,0,0,0,NA,56,0,7,0,NA,NA,NA,NA,NA,NA,NA
2543481,"Jace Amaro","NYJ","TE",23,1,5,0,0,0,NA,79,0,5,0,NA,NA,NA,NA,NA,NA,NA
2543500,"Jordan Matthews","PHI","WR",23,1,8,0,0,0,NA,134,0,5,0,NA,NA,NA,NA,NA,NA,NA
2543509,"Allen Robinson","JAC","WR",22,1,8,0,0,0,NA,134,0,5,0,NA,NA,NA,NA,NA,NA,NA
2543533,"Patrick Murray","TB","K",24,1,6,0,0,0,NA,29,0,3,0,NA,NA,NA,NA,NA,NA,NA
2543559,"Lache Seastrunk","FA","RB",24,1,NA,0,0,0,NA,111,0,10,0,NA,NA,NA,NA,NA,NA,NA
2543570,"Storm Johnson","FA","RB",23,1,NA,0,0,0,NA,111,0,10,0,NA,NA,NA,NA,NA,NA,NA
2543587,"Aaron Murray","KC","QB",25,1,9,0,0,0,0,56,0,7,0,NA,NA,NA,3.4362015825325,NA,NA,NA
2543619,"Walt Powell","OAK","WR",24,1,6,0,0,0,0,134,0,5,0,NA,NA,NA,1.90995796428541,NA,NA,NA
2543640,"Tom Savage","HOU","QB",25,1,9,0,0,0,NA,56,0,7,0,NA,NA,NA,NA,NA,NA,NA
2543655,"Tyler Gaffney","NE","RB",24,1,4,0,0,0,NA,111,0,10,0,NA,NA,NA,NA,NA,NA,NA
2543689,"Kevin Norwood","CAR","WR",26,1,5,0,0,0,0,134,0,5,0,NA,NA,NA,1.90995796428541,NA,NA,NA
2543690,"Marion Grice","FA","RB",23,1,NA,0,0,0,NA,111,0,10,0,NA,NA,NA,NA,NA,NA,NA
2543704,"Lorenzo Taliaferro","BAL","RB",24,1,9,0,0,0,NA,111,0,10,0,NA,NA,NA,NA,NA,NA,NA
2543743,"Carlos Hyde","SF","RB",24,1,10,0,0,0,NA,111,0,10,0,NA,NA,NA,NA,NA,NA,NA
2543745,"Jalen Saunders","FA","WR",23,1,NA,0,0,0,NA,134,0,5,0,NA,NA,NA,NA,NA,NA,NA
2543746,"Josh Huff","PHI","WR",24,1,8,0,0,0,NA,134,0,5,0,NA,NA,NA,NA,NA,NA,NA
2543751,"David Fales","FA","QB",25,1,NA,0,0,0,0,56,0,7,0,NA,NA,NA,3.4362015825325,NA,NA,NA
2543759,"Ryan Grant","WAS","WR",25,1,8,0,0,0,NA,134,0,5,0,NA,NA,NA,NA,NA,NA,NA
2543767,"Logan Thomas","FA","QB",24,1,NA,0,0,0,0,56,0,7,0,NA,NA,NA,3.4362015825325,NA,NA,NA
2543774,"Jared Abbrederis","GB","WR",25,1,7,0,0,0,NA,134,0,5,0,NA,NA,NA,NA,NA,0,NA
2543777,"Robert Herron","FA","WR",23,1,NA,0,0,0,NA,134,0,5,0,NA,NA,NA,NA,NA,NA,NA
2543781,"Zach Hocker","FA","K",24,1,NA,0,0,0,NA,29,0,3,0,NA,12.5,5.5,9.05744414146081,NA,NA,NA
2543792,"Matt Hazel","MIA","WR",23,1,5,0,0,0,0,134,0,5,0,NA,NA,NA,1.90995796428541,NA,NA,NA
2543828,"Quincy Enunwa","NYJ","WR",23,1,5,0,0,0,NA,134,0,5,0,NA,NA,NA,NA,NA,NA,NA
2543836,"T.J. Jones","DET","WR",23,1,9,0,0,0,0,134,0,5,0,NA,NA,NA,1.90995796428541,NA,NA,NA
2550158,"Nate Freese","FA","K",25,1,NA,0,0,0,NA,29,0,3,0,NA,NA,NA,NA,NA,NA,NA
2550163,"Michael Campanaro","BAL","WR",24,1,9,0,0,0,NA,134,0,5,0,NA,NA,NA,NA,NA,NA,NA
2550182,"Isaiah Burse","DEN","WR",24,1,7,0,0,0,NA,134,0,5,0,NA,NA,NA,NA,NA,NA,NA
2550183,"Jeremy Butler","BAL","WR",24,1,9,0,0,0,NA,134,0,5,0,NA,NA,NA,NA,NA,NA,NA
2550233,"Rajion Neal","FA","RB",23,1,NA,0,0,0,NA,111,0,10,0,NA,NA,NA,NA,NA,NA,NA
2550252,"Connor Shaw","CLE","QB",24,1,11,0,0,0,NA,56,0,7,0,NA,NA,NA,NA,NA,NA,NA
2550284,"Trey Burton","PHI","TE",24,1,8,0,0,0,NA,79,0,5,0,NA,NA,NA,NA,NA,NA,NA
2550310,"Carey Spear","FA","K",23,1,NA,0,0,0,NA,29,0,3,0,NA,NA,NA,NA,NA,NA,NA
2550353,"Allen Hurns","JAC","WR",24,1,8,0,0,0,NA,134,0,5,0,NA,NA,NA,NA,NA,NA,NA
2550355,"Nic Jacobs","JAC","TE",24,1,8,0,0,0,NA,79,0,5,0,NA,NA,NA,NA,NA,NA,NA
2550356,"Marcel Jensen","FA","TE",25,1,NA,0,0,0,NA,79,0,5,0,NA,NA,NA,NA,NA,NA,NA
2550359,"Seantavius Jones","NO","WR",23,1,11,0,0,0,NA,134,0,5,0,NA,NA,NA,NA,NA,NA,NA
2550380,"Cody Parkey","PHI","K",23,1,8,0,0,0,NA,29,0,3,0,NA,NA,NA,NA,NA,NA,NA
2550407,"Zurlon Tipton","IND","RB",25,1,10,0,0,0,NA,111,0,10,0,NA,84.7,9.6,11.2387549863346,NA,NA,NA
2550410,"Dustin Vaughan","DAL","QB",24,1,6,0,0,0,NA,56,0,7,0,NA,NA,NA,NA,NA,NA,NA
2550485,"Gator Hoskins","FA","TE",24,1,NA,0,0,0,NA,79,0,5,0,NA,NA,NA,NA,NA,NA,NA
2550500,"Solomon Patton","DEN","WR",25,1,7,0,0,0,NA,134,0,5,0,NA,NA,NA,NA,NA,NA,NA
2550529,"Silas Redd","WAS","RB",23,1,8,0,0,0,NA,111,0,10,0,NA,NA,NA,NA,NA,NA,NA
2550542,"Kapri Bibbs","FA","RB",22,1,NA,0,0,0,NA,111,0,10,0,NA,NA,NA,NA,NA,NA,NA
2550596,"Darrin Reaves","CAR","RB",22,1,5,0,0,0,NA,111,0,10,0,NA,NA,NA,NA,NA,NA,NA
2550608,"RaShaun Allen","SEA","TE",25,1,9,0,0,0,NA,79,0,5,0,NA,NA,NA,NA,NA,NA,NA
2550738,"Fitzgerald Toussaint","BAL","RB",25,1,9,0,0,0,NA,111,0,10,0,NA,NA,NA,NA,NA,NA,NA
2551247,"Josh Harris","PIT","RB",24,1,11,0,0,0,NA,111,0,10,0,NA,NA,NA,NA,NA,NA,NA
2551359,"Jerome Cunningham","NYG","TE",24,1,11,0,0,0,0,79,0,5,0,NA,NA,NA,2.55892489680149,NA,NA,NA
2552369,"Bryce Petty","NYJ","QB",24,0,5,0,0,0,0,56,0,7,0,NA,NA,NA,3.4362015825325,NA,NA,NA
2552371,"Garrett Grayson","NO","QB",24,0,11,0,0,0,0,56,0,7,0,NA,NA,NA,3.4362015825325,NA,NA,NA
2552376,"David Cobb","TEN","RB",22,0,4,0,0,0,NA,111,0,10,0,NA,NA,NA,NA,NA,NA,NA
2552382,"Malcolm Brown","STL","RB",22,0,6,0,0,0,NA,111,0,10,0,NA,NA,NA,NA,NA,NA,NA
2552383,"Terrence Magee","BAL","RB",22,0,9,0,0,0,NA,111,0,10,0,NA,NA,NA,NA,NA,NA,NA
2552396,"Ben Koyack","JAC","TE",22,0,8,0,0,0,NA,79,0,5,0,NA,NA,NA,NA,NA,NA,NA
2552399,"Jeff Heuerman","DEN","TE",23,0,7,0,0,0,NA,79,0,5,0,NA,NA,NA,NA,NA,NA,NA
2552403,"Nick OLeary","BUF","TE",23,0,8,0,0,0,NA,79,0,5,0,NA,NA,NA,NA,NA,NA,NA
2552411,"Dezmin Lewis","BUF","WR",23,0,8,0,0,0,NA,134,0,5,0,NA,NA,NA,NA,NA,NA,NA
2552415,"Jamison Crowder","WAS","WR",22,0,8,0,0,0,NA,134,0,5,0,NA,NA,NA,NA,NA,NA,NA
2552421,"Kenny Bell","TB","WR",23,0,6,0,0,0,NA,134,0,5,0,NA,NA,NA,NA,NA,NA,NA
2552424,"Phillip Dorsett","IND","WR",22,0,10,0,0,0,NA,134,0,5,0,NA,NA,NA,NA,NA,NA,NA
2552425,"Rashad Greene","JAC","WR",23,0,8,0,0,0,NA,134,0,5,0,NA,NA,NA,NA,NA,NA,NA
2552427,"Tony Lippett","MIA","WR",23,0,5,0,0,0,0,134,0,5,0,NA,NA,NA,1.90995796428541,NA,NA,NA
2552428,"Tre McBride","TEN","WR",23,0,4,0,0,0,NA,134,0,5,0,NA,NA,NA,NA,NA,NA,NA
2552431,"Vince Mayle","CLE","WR",NA,NA,11,0,0,0,0,134,0,5,0,NA,NA,NA,1.90995796428541,NA,NA,NA
2552462,"Gerald Christian","ARI","TE",24,0,9,0,0,0,NA,79,0,5,0,NA,NA,NA,NA,NA,NA,NA
2552466,"Marcus Mariota","TEN","QB",22,0,4,0,0,0,NA,56,0,7,0,NA,NA,NA,NA,NA,NA,NA
2552476,"Kenny Hilliard","HOU","RB",24,0,9,0,0,0,NA,111,0,10,0,NA,NA,NA,NA,NA,NA,NA
2552478,"Blake Bell","SF","TE",24,0,10,0,0,0,0,79,0,5,0,NA,NA,NA,2.55892489680149,NA,NA,NA
2552479,"DaRon Brown","KC","WR",24,0,9,0,0,0,NA,134,0,5,0,NA,NA,NA,NA,NA,NA,NA
2552559,"C.J. Uzomah","CIN","TE",22,0,7,0,0,0,NA,79,0,5,0,NA,NA,NA,NA,NA,NA,NA
2552576,"Sean Mannion","STL","QB",23,0,6,0,0,0,0,56,0,7,0,NA,NA,NA,3.4362015825325,NA,NA,NA
2552580,"A.J. Derby","NE","TE",24,0,4,0,0,0,NA,79,0,5,0,NA,NA,NA,NA,NA,NA,NA
2552582,"Jay Ajayi","MIA","RB",22,0,5,0,0,0,NA,111,0,10,0,NA,NA,NA,NA,NA,NA,NA
2552588,"Brett Hundley","GB","QB",22,0,7,0,0,0,0,56,0,7,0,NA,NA,NA,3.4362015825325,NA,NA,NA
2552597,"Breshad Perriman","BAL","WR",22,0,9,0,0,0,NA,134,0,5,0,NA,NA,NA,NA,NA,NA,NA
2552600,"Nelson Agholor","PHI","WR",22,0,8,0,0,0,NA,134,0,5,0,NA,NA,NA,NA,NA,NA,NA
2552616,"Duron Carter","FA","WR",24,0,NA,0,0,0,NA,134,0,5,0,NA,NA,NA,NA,NA,NA,NA
2552634,"Joey Iosefa","TB","RB",NA,NA,6,0,0,0,NA,111,0,10,0,NA,NA,NA,NA,NA,NA,NA
2552635,"Matt Jones","WAS","RB",23,0,8,0,0,0,NA,111,0,10,0,NA,NA,NA,NA,NA,NA,NA
2552647,"Marcus Murphy","NO","RB",24,0,11,0,0,0,0,111,0,10,0,NA,NA,NA,2.04171844018891,NA,0,NA
2552650,"Mario Alford","CIN","WR",NA,NA,7,0,0,0,0,134,0,5,0,NA,NA,NA,1.90995796428541,NA,NA,NA
2552651,"Kaelin Clay","TB","WR",23,0,6,0,0,0,NA,134,0,5,0,NA,NA,NA,NA,NA,NA,NA
2553112,"Jason Myers","JAC","K",NA,NA,8,0,0,0,NA,29,0,3,0,NA,NA,NA,NA,NA,NA,NA
2553352,"Bud Sasser","FA","WR",NA,NA,NA,0,0,0,NA,134,0,5,0,NA,NA,NA,NA,NA,NA,NA
2553432,"Kevin White","CHI","WR",22,0,7,0,0,0,NA,134,0,5,0,NA,NA,NA,NA,NA,NA,NA
2553453,"Andre Debose","FA","WR",NA,NA,NA,0,0,0,NA,134,0,5,0,NA,NA,NA,NA,NA,NA,NA
2553454,"Geoff Swaim","DAL","TE",NA,NA,6,0,0,0,NA,79,0,5,0,NA,NA,NA,NA,NA,NA,NA
2553457,"Trevor Siemian","DEN","QB",NA,NA,7,0,0,0,0,56,NA,7,0,NA,NA,NA,3.4362015825325,NA,NA,NA
2553465,"Rory Anderson","SF","TE",23,0,10,0,0,0,NA,79,0,5,0,NA,NA,NA,NA,NA,NA,NA
2553497,"Kyle Brindza","DET","K",22,0,9,0,0,0,0,29,NA,3,0,NA,NA,NA,1.38600892204843,NA,NA,NA
2553502,"DeAndre Carter","BAL","WR",22,0,9,0,0,0,NA,134,0,5,0,NA,NA,NA,NA,NA,NA,NA
2553511,"John Crockett","GB","RB",23,0,7,0,0,0,NA,111,0,10,0,NA,NA,NA,NA,NA,NA,NA
2553599,"Jaxon Shipley","FA","WR",23,0,NA,0,0,0,NA,134,0,5,0,NA,NA,NA,NA,NA,NA,NA
2553650,"Corey Grant","JAC","RB",NA,NA,8,0,0,0,NA,111,0,10,0,NA,NA,NA,NA,NA,NA,NA
2553653,"Josh Harper","OAK","WR",24,0,6,0,0,0,NA,134,0,5,0,NA,NA,NA,NA,NA,NA,NA
2553682,"Wes Saxton","NYJ","TE",22,0,5,0,0,0,NA,79,0,5,0,NA,NA,NA,NA,NA,NA,NA
2553703,"Devante Davis","PHI","WR",23,0,8,0,0,0,NA,134,NA,5,0,NA,NA,NA,NA,NA,NA,NA
2553791,"E.J. Bibbs","CLE","TE",24,0,11,0,0,0,0,79,NA,5,0,NA,NA,NA,2.55892489680149,NA,NA,NA
2553797,"Michael Dyer","OAK","RB",25,0,6,0,0,0,NA,111,NA,10,0,NA,NA,NA,NA,NA,NA,NA
