"playerId","player","team","position","age","exp","bye","points","lower","upper","sdPts","positionRank","dropoff","tier","ptSpread","overallECR","positionECR","sdRank","risk","sleeper","actualPoints","salary"
2540175,"LeVeon Bell","PIT","RB",24,3,8,21.0366666666667,16.892,22.372,3.52789361139666,1,2.88833333333334,1,5.48,NA,1.5,0.9,4.7583592418947,NA,20.2,NA
2552466,"Marcus Mariota","TEN","QB",23,1,13,19.1566666666667,18.416,21.32,2.03264195896211,1,0.891666666666666,1,2.904,NA,7.5,2.2,5.45963191959441,NA,21.64,NA
2553435,"David Johnson","ARI","RB",25,1,9,18.89,18.336,19.16,0.546168472176854,2,2.35666666666667,1,0.824000000000002,NA,2,0.7,2.15244431647553,NA,22.1,NA
2504211,"Tom Brady","NE","QB",39,16,9,18.76,14.416,23.376,5.63087914983087,2,1.02333333333334,1,8.96,NA,NA,NA,11.6367294652047,NA,19.04,NA
2506363,"Aaron Rodgers","GB","QB",33,11,4,17.77,14.314,21.498,4.52845448249179,3,0.0983333333333327,1,7.184,NA,4.3,2.7,8.21338541246162,NA,23.12,NA
2495455,"Cam Newton","CAR","QB",27,5,7,17.7033333333333,14.186,18.634,2.90331419817651,4,0.155000000000001,2,4.448,NA,6.8,3,7.612551700459,NA,18.44,NA
2543499,"Derek Carr","OAK","QB",25,2,10,17.64,13.9,22.332,5.4038134682833,5,0.425000000000001,2,8.432,NA,8.4,2.6,8.65440032367491,NA,13.4,NA
2555260,"Dak Prescott","DAL","QB",23,0,7,17.4566666666667,14.412,19.844,3.68122715046672,6,0.621666666666666,2,5.432,NA,6.7,2,6.26796934825782,NA,21.7,NA
2555224,"Ezekiel Elliott","DAL","RB",21,0,7,17.4066666666667,16.404,18.884,1.66016063479813,3,1.965,1,2.48,NA,2.9,0.7,3.08613941451056,NA,24,NA
2504775,"Drew Brees","NO","QB",37,15,5,16.9733333333333,16.532,20.284,2.64923259328684,7,0.793333333333333,2,3.752,NA,3.1,2.8,7.04804810146847,NA,31.5,NA
2532975,"Russell Wilson","SEA","QB",28,4,5,16.6966666666667,13.676,18.836,3.54635493617508,8,1.07,2,5.16,NA,NA,NA,8.62861436163751,NA,8.04,NA
2495240,"Tyrod Taylor","BUF","QB",27,5,10,15.6633333333333,14.744,17.048,1.48382388892123,9,0.116666666666665,2,2.304,NA,NA,NA,5.65223694458675,NA,20.44,NA
2552469,"Melvin Gordon","SD","RB",23,1,11,15.66,13.344,18.16,3.03624768423131,4,0.470000000000001,2,4.816,NA,5.3,1.2,4.50644776910057,NA,8.9,NA
2506109,"Ben Roethlisberger","PIT","QB",34,12,8,15.59,13.192,17.824,3.00034997958571,10,0.359999999999999,2,4.632,NA,5.4,2.7,7.11080425631395,NA,20.84,NA
310,"Matt Ryan","ATL","QB",31,8,11,15.5033333333333,15.124,17.628,1.73442593769043,11,0.628333333333334,2,2.504,NA,11.7,2.4,5.62563335199063,NA,17.26,NA
2543583,"Devonta Freeman","ATL","RB",24,2,11,15.2233333333333,11.016,19.68,5.4160532986053,5,0.168333333333335,2,8.664,NA,13.2,3.2,7.56883862144199,NA,19.7,NA
2495207,"DeMarco Murray","TEN","RB",28,5,13,15.1566666666667,10.054,16.774,4.24518943432838,6,0.494999999999997,2,6.72,NA,NA,NA,9.84912993620916,NA,8.4,NA
2532820,"Kirk Cousins","WAS","QB",28,4,9,14.9566666666667,15.068,16.796,1.12735679060949,12,0.168333333333333,2,1.728,NA,9.9,2.5,5.37819899759503,NA,30.16,NA
2555418,"Jordan Howard","CHI","RB",22,0,9,14.9533333333333,12.228,15.3,1.92055547520329,7,0.675000000000001,2,3.072,NA,18.6,3.4,4.74585419549655,NA,12.7,NA
2508061,"Antonio Brown","PIT","WR",28,6,8,14.9,9.06,16.98,5.01098792654702,1,1.51666666666667,1,7.92,NA,3,12.5,10.0851438005257,NA,27.1,NA
2552033,"Jameis Winston","TB","QB",22,1,6,14.7933333333333,13.424,17.88,3.05738995441101,13,0.0633333333333326,2,4.456,NA,20,3.1,7.91431017017814,NA,15,NA
2555259,"Carson Wentz","PHI","QB",24,0,4,14.7833333333333,14.278,15.206,0.60698709486556,14,0.361666666666666,2,0.928000000000001,NA,18.2,2.7,5.38390873869903,NA,16.46,NA
2532956,"Ryan Tannehill","MIA","QB",28,4,8,14.6766666666667,11.384,20.232,5.54120323876803,15,0.56,2,8.848,NA,18.5,2.6,8.75353187632451,NA,26.8,NA
2553733,"Thomas Rawls","SEA","RB",23,1,5,14.37,13.208,15.2,1.43760217028217,8,0.383333333333333,2,1.992,NA,8.8,3.9,4.60800359336146,NA,3.8,NA
100003,"Bills","BUF","DST",NA,NA,10,14.35,13.03,15.67,2.33345237791561,1,0.874999999999998,1,2.64,NA,2.6,2.6,3.50976709725135,NA,2,NA
2506404,"Frank Gore","IND","RB",33,11,10,14.1866666666667,10.208,18.8,5.45183761068993,9,0.521666666666667,2,8.592,NA,13.2,3.4,7.70560645436722,NA,3.1,NA
2506121,"Philip Rivers","SD","QB",35,12,11,14.1666666666667,12.908,17.364,2.8325312590214,16,0.131666666666666,2,4.456,NA,15.3,2.6,6.79912975436609,NA,18.68,NA
2543477,"Blake Bortles","JAC","QB",25,2,5,14.0666666666667,11.724,17.708,4.03431943868273,17,0.0899999999999999,2,5.984,NA,NA,NA,9.33278147103445,NA,21.14,NA
2505245,"Carson Palmer","ARI","QB",37,13,9,14.0033333333333,12.89,15.626,1.72123018022963,18,0.303333333333335,2,2.736,NA,NA,NA,5.99483092641161,NA,16.56,NA
2505996,"Eli Manning","NYG","QB",35,12,8,13.95,12.978,14.994,1.44634020894117,19,0.518333333333333,3,2.016,NA,10.2,2.4,5.41776936410896,NA,19.56,NA
2533034,"Lamar Miller","HOU","RB",25,4,9,13.7866666666667,12.69,14.618,1.21327380806367,10,0.313333333333333,2,1.928,NA,NA,NA,4.76671579922286,NA,4.5,NA
2543496,"Odell Beckham","NYG","WR",24,2,8,13.6466666666667,8.048,15.168,4.56842788422159,2,0.569999999999999,1,7.12,NA,2.1,0.7,5.31735901124017,NA,21.6,NA
100012,"Titans","TEN","DST",NA,NA,13,13.55,11.59,15.51,3.46482322781408,2,0.350000000000001,1,3.92,NA,7.3,3.7,7.00466044049902,NA,4,NA
79607,"LeSean McCoy","BUF","RB",28,7,10,13.5433333333333,7.626,16.186,5.35244181036406,11,0.481666666666667,2,8.56,NA,NA,NA,11.7052221969653,NA,25.4,NA
2533436,"Brock Osweiler","HOU","QB",26,4,9,13.45,12.6,14.08,1.04043260233424,20,0.0499999999999989,3,1.48,NA,25.5,2.5,5.31548013784201,NA,9.14,NA
2495186,"Colin Kaepernick","SF","QB",29,5,8,13.4133333333333,9.468,13.964,3.22186281520489,21,0.228333333333333,3,4.496,NA,15.5,2.4,6.69887138576886,NA,32.14,NA
2552582,"Jay Ajayi","MIA","RB",23,1,8,13.4033333333333,12.988,13.7,0.478574271491201,12,0.793333333333335,3,0.712,NA,4.2,1.4,2.46950303394808,NA,11.6,NA
100023,"Giants","NYG","DST",NA,NA,8,13.4,11.32,15.48,3.67695526217005,3,0.85,1,4.16,NA,3.4,3.2,6.1139940758457,NA,23,NA
2495425,"Scott Tolzien","IND","QB",29,5,10,13.3866666666667,11.2,16.128,3.09814998560969,22,0.698333333333334,3,4.928,NA,26.5,3.1,7.94371996658813,NA,6.8,NA
2552487,"Amari Cooper","OAK","WR",22,1,10,13.12,10.748,15.5,2.97005050462109,3,0.183333333333334,1,4.752,NA,5.2,3.8,5.03418199427311,NA,2.2,NA
2495454,"Julio Jones","ATL","WR",27,5,11,13.0333333333333,9.48,13.88,2.75741424768447,4,0.238333333333332,1,4.4,NA,NA,NA,7.2950321342365,NA,3.5,NA
100022,"Saints","NO","DST",NA,NA,5,13,10.76,13.64,2.54558441227157,4,1.15,1,2.88,NA,15.2,4.6,8.0915214990131,NA,7,NA
382,"Joe Flacco","BAL","QB",31,8,8,12.9833333333333,11.89,13.89,1.31370975992924,23,0.921666666666667,3,2,NA,21.9,2.5,5.51265922068407,NA,12.26,NA
2543468,"Mike Evans","TB","WR",23,2,6,12.84,10.896,14.32,2.36406429692595,5,0.441666666666668,1,3.424,NA,8,3.4,4.34324357526109,NA,22.4,NA
2530747,"Doug Baldwin","SEA","WR",28,5,5,12.75,7.69,14.01,4.04382244911915,6,0.738333333333333,1,6.32,NA,7.8,2.7,5.58840873082291,NA,3.4,NA
2543743,"Carlos Hyde","SF","RB",25,2,8,12.72,10.448,14.88,2.85117519630064,13,0.278333333333334,3,4.432,NA,18.2,3.6,5.63263038842438,NA,15.5,NA
2555223,"Devontae Booker","DEN","RB",24,0,11,12.5,8.02,15.22,4.70850294679742,14,0.375,3,7.2,NA,21.3,4.5,7.66984200410718,NA,10.1,NA
2505076,"Josh McCown","CLE","QB",37,14,13,12.3933333333333,11.768,13.192,1.0163332786706,24,0.726666666666665,4,1.424,NA,27.3,2.5,5.29809162802681,NA,10.88,NA
71345,"Rashad Jennings","NYG","RB",31,7,8,12.3833333333333,11.64,12.8,0.775134396948899,15,0.561666666666667,4,1.16,NA,14.7,4.2,4.21291739658275,NA,5.9,NA
100013,"Texans","HOU","DST",NA,NA,9,12.1,6.64,11.76,4.5254833995939,5,0.6,2,5.12,NA,15,2.8,6.05367790773807,NA,3,NA
2543500,"Jordan Matthews","PHI","WR",24,2,4,12.0466666666667,10.552,13.64,1.9417861193585,7,0.134999999999998,1,3.088,NA,17.1,6.2,5.00230964710522,NA,4.7,NA
2543498,"Brandin Cooks","NO","WR",23,2,5,11.9766666666667,9.164,14.42,3.38092196498726,8,0.205,1,5.256,NA,9.7,4.1,5.51331890451636,NA,NA,NA
2540020,"Theo Riddick","DET","RB",25,3,10,11.8666666666667,6.46,15.74,6.24286259125838,16,0.128333333333334,4,9.28,NA,NA,NA,13.1978386555107,NA,5.8,NA
2540165,"DeAndre Hopkins","HOU","WR",24,3,9,11.8466666666667,10.172,13.34,2.0185473324481,9,0.203333333333333,1,3.168,NA,21.5,5.5,4.81174077067005,NA,7,NA
234,"Matt Forte","NYJ","RB",31,8,11,11.7766666666667,10.246,13.846,2.5342914854715,17,0.291666666666668,4,3.6,NA,NA,NA,6.98114381981321,NA,5,NA
497095,"Sam Bradford","MIN","QB",29,6,6,11.73,10.906,13.162,1.48016890928029,25,0.206666666666665,4,2.256,NA,22.3,2.8,6.20452752688023,NA,5.96,NA
2532899,"Doug Martin","TB","RB",27,4,6,11.7,9.08,13.72,3.17765636908713,18,0.454999999999998,4,4.64,NA,20.6,3.2,5.69272107710492,NA,6,NA
2506106,"Larry Fitzgerald","ARI","WR",33,12,9,11.6966666666667,7.118,13.358,3.90410467755839,10,0.250000000000002,1,6.24,NA,NA,NA,9.34911275557055,NA,5.3,NA
2495143,"Andy Dalton","CIN","QB",29,5,9,11.6033333333333,9.264,13.144,2.57403056184913,26,0.521666666666668,4,3.88,NA,NA,NA,7.22548187854351,NA,10.72,NA
100016,"Chiefs","KC","DST",NA,NA,5,11.6,10.2,11.8,1.4142135623731,6,0.225,2,1.6,NA,7.9,3.1,3.72104083313902,NA,9,NA
1032,"Jordy Nelson","GB","WR",31,8,4,11.59,9.416,13.44,2.61099597854918,11,0.343333333333334,1,4.024,NA,7,2.6,4.26804313218603,NA,9.1,NA
79860,"Matthew Stafford","DET","QB",28,7,10,11.4433333333333,10.672,12.568,1.18929951371946,27,0.978333333333335,4,1.896,NA,15.6,2.4,5.23230546005292,NA,16.28,NA
100025,"Eagles","PHI","DST",NA,NA,4,11.4,6.58,11.22,4.10121933088198,7,0.299999999999999,2,4.64,NA,13.7,3.5,7.1783201450749,NA,0,NA
100009,"Broncos","DEN","DST",NA,NA,11,11.35,6.59,11.31,4.17193000900063,8,0.524999999999999,2,4.72,NA,4.8,3.3,6.80846574663826,NA,6,NA
497278,"Dez Bryant","DAL","WR",28,6,7,11.3033333333333,7.082,11.722,3.02820628975856,12,0.151666666666666,1,4.64,NA,NA,NA,7.78010523814042,NA,7.2,NA
2540204,"Spencer Ware","KC","RB",25,3,5,11.27,5.852,13.812,4.97772036177204,19,0.0700000000000021,4,7.96,NA,9.6,3.6,7.41499911898947,NA,9.6,NA
497149,"LeGarrette Blount","NE","RB",30,6,9,11.22,7.312,12.032,2.95858074082828,20,0.0633333333333344,5,4.72,NA,15.8,4.4,6.14975311024084,NA,6.7,NA
2556370,"Michael Thomas","NO","WR",22,0,5,11.19,9.056,12.76,2.61730777708698,13,0.0916666666666686,1,3.704,NA,18.3,5.1,5.1998410737517,NA,22.8,NA
2556414,"Rob Kelley","WAS","RB",24,0,9,11.18,10.42,11.892,0.977087508875229,21,0.108333333333333,5,1.472,NA,NA,NA,4.37079561742126,NA,4.2,NA
2540160,"Jordan Reed","WAS","TE",26,3,9,11.1566666666667,8.896,13,2.71949137401341,1,0.341666666666665,1,4.104,NA,3.2,1.4,4.7203341079855,NA,21.5,NA
2543664,"Terrance West","BAL","RB",25,2,8,11.1333333333333,8.68,13.4,3.06648550189518,22,0.476666666666665,5,4.72,NA,29.8,3.5,5.75970565254315,NA,6.4,NA
2531332,"Terrelle Pryor","CLE","WR",27,5,13,11.1133333333333,8.812,13.26,2.8000952364756,14,0.0333333333333332,1,4.448,NA,21.3,4.6,5.1783268338065,NA,13.1,NA
2504595,"Steve Smith","BAL","WR",37,15,8,11.0833333333333,8.6,13.2,2.98258836136221,15,0.096666666666664,1,4.6,NA,24.1,5.7,5.74928160529705,NA,2,NA
2543509,"Allen Robinson","JAC","WR",23,2,5,11.0766666666667,7.046,12.246,3.26383720999276,16,0.275000000000002,1,5.2,NA,12.3,4.1,5.40845122618652,NA,2.4,NA
2541161,"Latavius Murray","OAK","RB",26,3,10,11.01,6.906,11.466,3.0105315145336,23,0.951666666666668,5,4.56,NA,NA,NA,7.77946717529721,NA,14.8,NA
2553913,"Tyrell Williams","SD","WR",NA,NA,11,10.8966666666667,7.572,13.66,3.9943752118865,17,0.191666666666668,1,6.088,NA,27.7,6,6.76663206726625,NA,13,NA
497236,"Jimmy Graham","SEA","TE",30,6,5,10.87,6.442,11.882,3.43201107224321,2,0.128333333333334,1,5.44,NA,NA,NA,9.2399339758507,NA,3.7,NA
100010,"Lions","DET","DST",NA,NA,10,10.85,8.47,10.63,1.90918830920368,9,0.125,2,2.16,NA,13,3.3,4.63440933458818,NA,6,NA
100030,"Seahawks","SEA","DST",NA,NA,5,10.8,10.1,10.9,0.707106781186548,10,0.475000000000001,2,0.799999999999997,NA,5.3,2.9,2.60385454306016,NA,10,NA
2540148,"Tyler Eifert","CIN","TE",26,3,9,10.76,9.044,12.26,2.06368602263038,3,0.191666666666668,1,3.216,NA,6.1,2.2,4.63649291273908,NA,12.8,NA
2495700,"Greg Olsen","CAR","TE",31,9,7,10.7233333333333,6.294,12.294,3.75215049449424,4,0.678333333333331,1,6,NA,1.7,1.1,5.5054805901944,NA,4.5,NA
2506340,"Alex Smith","KC","QB",32,11,5,10.72,5.33,12.666,4.68468782311052,28,0.525,4,7.336,NA,28.8,3,8.89787543792294,NA,13,NA
238498,"Julian Edelman","NE","WR",30,7,9,10.7066666666667,5.644,13.404,4.94045881809912,18,0.0166666666666639,1,7.76,NA,NA,NA,11.2055466294959,NA,8.3,NA
2532903,"Rishard Matthews","TEN","WR",27,4,13,10.7033333333333,8.128,12.84,3.09435507550981,19,0.0750000000000011,1,4.712,NA,19.4,5.4,5.73824877888929,NA,12.4,NA
71269,"Michael Crabtree","OAK","WR",29,7,10,10.6766666666667,5.966,12.206,3.90020939608803,20,0.118333333333334,1,6.24,NA,NA,NA,9.34213509013054,NA,11,NA
100019,"Dolphins","MIA","DST",NA,NA,8,10.65,10.07,10.63,0.494974746830583,11,0.725,2,0.559999999999999,NA,5.5,3.2,3.05672724640028,NA,6,NA
2495893,"Brandon Marshall","NYJ","WR",32,10,11,10.58,6.548,12.708,4.1343923374542,21,0.135,1,6.16,NA,NA,NA,9.76162986324045,NA,12.7,NA
497328,"Demaryius Thomas","DEN","WR",29,6,11,10.5366666666667,6.362,12.122,3.62877849053002,22,0.21833333333333,1,5.76,NA,14.7,3.2,5.40190101394445,NA,6,NA
2495966,"Delanie Walker","TEN","TE",32,10,13,10.4133333333333,6.168,12.088,3.73316666294626,5,0.798333333333334,1,5.92,NA,4.3,1.6,5.82756506884426,NA,11,NA
2495448,"Randall Cobb","GB","WR",26,5,4,10.3533333333333,8.508,11.74,2.25089611784581,23,0.179999999999998,1,3.232,NA,31.2,5.1,4.87166222570772,NA,4.1,NA
2506467,"Darren Sproles","PHI","RB",33,11,4,10.3033333333333,5.542,15.862,6.5783761927495,24,0.585000000000001,5,10.32,NA,36.3,5.3,9.66418109106652,NA,5.4,NA
2552409,"DeVante Parker","MIA","WR",23,1,8,10.2833333333333,6.19,11.79,3.5001190455945,24,0.291666666666668,1,5.6,NA,26.6,5.1,5.99053639643613,NA,6.4,NA
2553833,"Josh Lambo","SD","K",26,1,11,10.2666666666667,7.84,12,3.00222139978605,1,0.377777777777778,1,4.16,NA,12.6,3.8,6.66862230224477,NA,3,NA
2555334,"Jared Goff","LA","QB",22,0,8,10.21,8.812,11.588,1.79919426410824,29,0.433333333333334,5,2.776,NA,29.3,2.3,5.48177858663725,NA,14.56,NA
2553457,"Trevor Siemian","DEN","QB",NA,NA,11,10.18,9.536,11.456,1.20199833610534,30,1.24166666666667,5,1.92,NA,NA,NA,5.24554284314962,NA,29.02,NA
2532865,"T.Y. Hilton","IND","WR",27,4,10,10.0633333333333,8.258,12.338,2.74500151791093,25,0.316666666666668,1,4.08,NA,18.5,6.9,5.98103496843192,NA,5.4,NA
100006,"Bengals","CIN","DST",NA,NA,9,10,7.3,9.7,2.12132034355964,12,0.175000000000001,2,2.4,NA,18.8,2.9,3.96263980059146,NA,10,NA
2541785,"Adam Thielen","MIN","WR",26,2,6,9.92,8.088,11.64,2.23320397635326,26,0.396666666666667,1,3.552,NA,39.3,9,6.30060194597839,NA,5.3,NA
2506264,"Robbie Gould","NYG","K",34,11,8,9.91111111111111,8.38666666666667,11.5333333333333,1.97802744990877,2,0.0861111111111121,1,3.14666666666667,NA,14.3,3.7,5.36729007818823,NA,3,NA
2507374,"Steven Hauschka","SEA","K",NA,NA,5,9.86666666666667,9.68,10,0.230940107675851,3,0.141666666666667,1,0.32,NA,NA,NA,2.33092417076879,NA,4,NA
100027,"Steelers","PIT","DST",NA,NA,8,9.85,8.13,11.57,3.04055915910215,13,0.324999999999999,2,3.44,NA,9.7,4.5,8.34819950849245,NA,11,NA
4383,"Tim Hightower","NO","RB",30,8,5,9.81333333333333,6.068,11.908,3.99431262338507,25,0.208333333333332,5,5.84,NA,29.8,4.1,6.85769148026495,NA,16.5,NA
100002,"Ravens","BAL","DST",NA,NA,8,9.8,9.64,9.96,0.282842712474619,14,1.5,2,0.32,NA,8.7,3.1,2.63401262711398,NA,11,NA
2550545,"Chris Boswell","PIT","K",27,2,8,9.78333333333333,9.2,10.28,0.700594985232791,4,0.311111111111112,1,1.08,NA,14.8,5.2,6.20292735027169,NA,4,NA
2495438,"Kyle Rudolph","MIN","TE",27,5,6,9.67666666666667,8.144,11.16,1.88802365804386,6,0.265000000000001,1,3.016,NA,7.4,2.1,4.40015036728184,NA,6.4,NA
2504257,"Sebastian Janikowski","OAK","K",38,16,10,9.66666666666667,9.2,10,0.577350269189626,5,0.416666666666666,1,0.800000000000001,NA,10.9,3.7,3.79456172592096,NA,9,NA
2552475,"Todd Gurley","LA","RB",22,1,8,9.62333333333333,7.62,11.356,2.44144083142175,26,0.0483333333333338,5,3.736,NA,12.1,3.7,5.34259815101173,NA,8.9,NA
2495328,"Bilal Powell","NYJ","RB",28,5,11,9.58666666666667,6.648,11.96,3.5384365662441,27,0.663333333333332,5,5.312,NA,36.2,2.9,5.8349471367431,NA,4.3,NA
2535698,"Cole Beasley","DAL","WR",27,4,7,9.57333333333333,5.564,10.844,3.34815372008714,27,0.256666666666668,2,5.28,NA,36.1,5.8,6.11374824871836,NA,5.6,NA
2507999,"Chris Ivory","JAC","RB",28,6,5,9.56333333333333,7.518,11.678,2.61534573877591,28,1.34333333333333,5,4.16,NA,27.8,3.5,5.38158182053883,NA,11.5,NA
2540158,"Zach Ertz","PHI","TE",26,3,4,9.55333333333333,6.968,11.72,3.10524287831618,7,0.288333333333332,1,4.752,NA,10.5,3,6.17876067509,NA,3.6,NA
2543495,"Davante Adams","GB","WR",24,2,4,9.47333333333333,5.644,11.484,4.02295082412566,28,0.325000000000001,2,5.84,NA,27.5,6.1,6.82927177910638,NA,23.3,NA
2506581,"Ryan Fitzpatrick","NYJ","QB",34,11,11,9.37333333333333,8.828,14.068,3.75593308424595,31,4.68166666666667,5,5.24,NA,NA,NA,8.93105037483403,NA,15.86,NA
2553648,"Andrew Franks","MIA","K",23,1,8,9.27777777777778,7.46666666666667,11.3333333333333,2.47393823091248,6,0.216666666666667,1,3.86666666666667,NA,15.3,4.5,7.13477289305892,NA,7,NA
2543721,"C.J. Fiedorowicz","HOU","TE",25,2,9,9.27,7.028,11.26,2.70068509826673,8,0.0750000000000011,1,4.232,NA,NA,NA,7.83868241946026,NA,4.2,NA
497240,"Rob Gronkowski","NE","TE",27,6,9,9.26,5.784,10.84,3.50838994411967,9,0.235000000000001,2,5.056,NA,NA,NA,9.38627913095342,NA,0,NA
100021,"Patriots","NE","DST",NA,NA,9,9.25,5.49,9.41,3.46482322781408,15,1.9,2,3.92,NA,6.6,3.4,6.34796994852921,NA,9,NA
2495150,"Kai Forbath","MIN","K",29,5,6,9.22222222222222,7.33333333333333,11.3333333333333,2.54587538608658,7,0.327777777777778,1,4,NA,22.7,3.1,5.0968963131741,NA,7,NA
2555295,"Sterling Shepard","NYG","WR",NA,0,8,9.16,4.816,10.656,3.66480558829524,29,0.0516666666666659,2,5.84,NA,32.9,4.2,5.80462680104932,NA,0,NA
497326,"Golden Tate","DET","WR",28,6,10,9.13666666666667,5.062,11.542,4.34799187365079,30,0.0966666666666676,2,6.48,NA,33,5,6.7128931011996,NA,7.7,NA
2540258,"Travis Kelce","KC","TE",27,3,5,9.13,4.978,11.378,4.27442393779559,10,0.588333333333335,2,6.4,NA,8.5,2.2,6.75442667595057,NA,10.1,NA
2543847,"John Brown","ARI","WR",26,2,9,9.08,5.888,10.528,3.22911752650782,31,0.216666666666667,2,4.64,NA,53.9,8.8,7.11850644109159,NA,1.9,NA
2553568,"Cameron Meredith","CHI","WR",NA,NA,9,9,7.08,10.92,3.39411254969543,32,0.401666666666667,2,3.84,NA,46.7,7.5,6.78468997965922,NA,1.9,NA
2550656,"Cameron Brate","TB","TE",25,2,6,8.92,6.888,10.44,2.48137058900923,11,0.913333333333334,2,3.552,NA,15.3,2.4,5.17275213370997,NA,4.9,NA
2495259,"Dan Bailey","DAL","K",28,5,7,8.9,8.76,9,0.173205080756888,8,0.0444444444444425,1,0.24,NA,1.9,1.9,0.616794975700025,NA,8,NA
2536340,"Justin Tucker","BAL","K",27,4,8,8.88888888888889,6.73333333333333,11.2666666666667,2.87389270141724,9,0.172222222222222,1,4.53333333333333,NA,4.7,3.4,5.91920184541488,NA,19,NA
2534797,"Greg Zuerlein","LA","K",29,4,8,8.82222222222222,7.17333333333333,10.5333333333333,2.10431655131735,10,0.241666666666667,1,3.36,NA,24.6,3.4,5.05509536381335,NA,3,NA
1581,"DeSean Jackson","WAS","WR",30,8,9,8.72666666666667,4.816,10.816,3.9537492754768,33,0.271666666666665,2,6,NA,NA,NA,9.43804173228603,NA,17.8,NA
2506922,"Stephen Gostkowski","NE","K",32,10,9,8.61111111111111,4.96666666666667,12.1666666666667,4.50411334637984,11,0.102777777777776,1,7.2,NA,3.5,3,7.14434087251857,NA,11,NA
2507401,"Dan Carpenter","BUF","K",31,8,10,8.55,7,9.92,1.86614576065215,12,0.183333333333334,1,2.92,NA,15.4,4.5,6.45232267295738,NA,2,NA
2539308,"Matt Barkley","CHI","QB",26,3,9,8.50333333333333,6.128,10.584,2.98382863672385,32,7.66733333333333,5,4.456,NA,31.6,1.5,4.8118348299908,NA,18.64,NA
2543471,"Kelvin Benjamin","CAR","WR",25,2,7,8.47,5.94,9.868,2.45941049847316,34,0.15,2,3.928,NA,15.5,5,5.02137361891381,NA,11.3,NA
2539637,"Caleb Sturgis","PHI","K",27,3,4,8.46666666666667,5.88,10.68,3.10698138606161,13,0.511111111111114,1,4.8,NA,8.1,4.5,7.8455754477208,NA,10,NA
2556214,"Tyreek Hill","KC","WR",22,0,5,8.44,5.696,12,4.31796248246786,35,0.303333333333335,2,6.304,NA,47.9,6,7.05645498917056,NA,11.2,NA
2543603,"Jeremy Hill","CIN","RB",24,2,9,8.28333333333333,7.38,8.54,0.732006375199925,29,0.245000000000001,5,1.16,NA,23,3.8,3.96321928718557,NA,8.2,NA
2506194,"Nick Novak","HOU","K",NA,NA,9,8.26666666666667,8,8.64,0.461880215351701,14,1.04444444444444,1,0.640000000000001,NA,19.2,4.7,5.17822947959641,NA,8,NA
2553737,"Eli Rogers","PIT","WR",NA,NA,8,8.2,6.12,10.28,3.67695526217005,36,0.138333333333334,2,4.16,NA,43.2,4.6,5.96369188939499,NA,3.6,NA
2505299,"Antonio Gates","SD","TE",36,13,11,8.16333333333333,4.478,9.358,3.12266446057423,12,0.496666666666665,2,4.88,NA,11.4,2.7,5.99128808511863,NA,NA,NA
2495466,"Mark Ingram","NO","RB",27,5,5,8.15666666666667,6.74,9.356,1.83293025872054,30,0.428333333333335,5,2.616,NA,NA,NA,5.80544876316524,NA,28.7,NA
2507763,"Mike Wallace","BAL","WR",30,7,8,8.07333333333333,6.164,10.644,3.14485823739852,37,0.0566666666666666,2,4.48,NA,32.5,5.7,5.89461961419153,NA,5.7,NA
2553895,"Adam Humphries","TB","WR",NA,NA,6,8.05,6.09,10.01,3.46482322781408,38,0.125,2,3.92,NA,74.2,8.9,7.36666348653968,NA,1.8,NA
2550256,"Willie Snead","NO","WR",24,2,5,7.98333333333333,5.59,10.87,3.46854916836036,39,0.191666666666667,2,5.28,NA,32.4,4.8,5.85112327356176,NA,3.8,NA
2555461,"Wendell Smallwood","PHI","RB",22,0,4,7.92,5.632,10.432,3.02410317284315,31,0.386666666666666,5,4.8,NA,25.8,4.4,6.2046708876152,NA,4.7,NA
2555333,"Corey Coleman","CLE","WR",22,0,13,7.86666666666667,5.46,10.66,3.35608899365516,40,0.286666666666667,2,5.2,NA,42.3,4.9,5.78744341852941,NA,9.8,NA
2540215,"Vance McDonald","SF","TE",26,3,8,7.85,3.61,10.17,4.35631725199164,13,0.665,2,6.56,NA,18.9,3.3,7.58147926737551,NA,6,NA
497322,"Emmanuel Sanders","DEN","WR",29,6,11,7.71666666666667,6.62,8.18,0.977667291737498,41,0.473333333333333,2,1.56,NA,23.9,4.9,3.6571954457585,NA,22.2,NA
2550325,"Chandler Catanzaro","ARI","K",25,2,9,7.64444444444444,3.98666666666667,11.1866666666667,4.50694936654414,15,0.894444444444444,1,7.2,NA,19.1,4.6,9.56883963448353,NA,9,NA
2555229,"Kenneth Dixon","BAL","RB",22,0,8,7.53666666666667,6.302,9.102,1.89077585486311,32,0.0766666666666671,5,2.8,NA,34.7,2.4,4.18701869161364,NA,8,NA
2543715,"Jerick McKinnon","MIN","RB",24,2,6,7.53,5.638,9.718,2.55845656597879,33,0.163333333333333,5,4.08,NA,36.4,3.9,5.547450287861,NA,7.6,NA
2540232,"Jack Doyle","IND","TE",26,3,10,7.48333333333333,3.37,10.09,4.62394132027358,14,0.94,2,6.72,NA,24.1,3.3,7.83786879513189,NA,2.5,NA
2543488,"Jarvis Landry","MIA","WR",24,2,8,7.44333333333333,6.26,8.044,1.2102203656084,42,0.423333333333335,2,1.784,NA,NA,NA,4.52352477024071,NA,4.7,NA
2552461,"Duke Johnson","CLE","RB",23,1,13,7.39,5.436,10.02,3.21718821333164,34,0.238333333333333,5,4.584,NA,38.8,3.5,5.88601747739271,NA,4,NA
100018,"Raiders","OAK","DST",NA,NA,10,7.35,2.53,6.77,3.7476659402887,16,0.175,3,4.24,NA,17.5,2.7,5.08744918543925,NA,12,NA
100020,"Vikings","MIN","DST",NA,NA,6,7.35,6.31,7.19,0.777817459305202,16,0.575,3,0.88,NA,9.9,2.7,2.23400014462352,NA,6,NA
2550189,"Isaiah Crowell","CLE","RB",23,2,13,7.34333333333333,6.42,7.804,0.875576000889319,35,0.553333333333332,6,1.384,NA,30.7,4.5,4.45726545231195,NA,6.1,NA
2543828,"Quincy Enunwa","NYJ","WR",24,2,11,7.04333333333333,4.846,9.726,3.22593139005363,43,0.0933333333333319,2,4.88,NA,NA,NA,8.13429263369763,NA,16.9,NA
100026,"Cardinals","ARI","DST",NA,NA,9,7,4.32,6.88,2.26274169979695,18,0.5,3,2.56,NA,15.4,3.4,5.19300247962761,NA,1,NA
2552415,"Jamison Crowder","WAS","WR",23,1,9,6.99666666666667,5.74,7.252,1.04068887441604,44,0.116666666666666,2,1.512,NA,NA,NA,4.21984093222143,NA,8.8,NA
949,"Jonathan Stewart","CAR","RB",29,8,7,6.96,4,9.184,3.39216744869707,36,0.381666666666667,6,5.184,NA,20.5,4.4,6.51316480854008,NA,21.6,NA
2533040,"Mohamed Sanu","ATL","WR",27,4,11,6.90333333333333,4.848,9.24,2.81176694150375,45,0.180000000000001,2,4.392,NA,50.7,7.9,6.41129172543494,NA,6.5,NA
1062,"Martellus Bennett","NE","TE",29,8,9,6.88666666666667,2.572,9.292,4.33226653535229,15,0.941666666666666,2,6.72,NA,NA,NA,10.9648615918787,NA,2.6,NA
71217,"Kenny Britt","LA","WR",28,7,8,6.85666666666667,5.46,7.756,1.57754027946463,46,0.341666666666667,2,2.296,NA,36,6.9,4.93539115577932,NA,11.2,NA
2507232,"Mason Crosby","GB","K",32,9,4,6.8,5.28,8.48,2.02977831301844,16,0.133333333333333,2,3.2,NA,16.4,4.4,6.48472276307604,NA,9,NA
2507463,"Connor Barth","CHI","K",30,8,9,6.7,5.12,7.92,1.9157244060668,17,0.183333333333334,2,2.8,NA,30.9,1.1,1.36269821525237,NA,4,NA
89802,"Ryan Succop","TEN","K",30,7,13,6.63333333333333,5.38,7.78,1.51767365837763,18,0.233333333333333,2,2.4,NA,18.5,4.5,6.0610462512626,NA,9,NA
2555460,"Paul Perkins","NYG","RB",22,0,8,6.62,3.892,9.332,3.40017646600879,37,0.121666666666668,6,5.44,NA,40.8,2.9,5.71906411514286,NA,4.3,NA
2543457,"Sammy Watkins","BUF","WR",23,2,10,6.59,5.718,7.462,1.54149278298667,47,0.181666666666667,2,1.744,NA,NA,NA,5.11693711169891,NA,8,NA
100001,"Falcons","ATL","DST",NA,NA,11,6.55,6.21,6.29,0.0707106781186545,19,0.0999999999999996,3,0.0799999999999992,NA,17.9,4.2,4.83805997570692,NA,8,NA
497206,"James Starks","GB","RB",30,6,4,6.53666666666667,5.2,7.928,1.96876441793662,38,0.196666666666667,6,2.728,NA,30.5,3.5,4.83964819658217,NA,6.8,NA
2552453,"Tevin Coleman","ATL","RB",23,1,11,6.46,4,8.464,2.88769804515638,39,0.794999999999999,6,4.464,NA,NA,NA,7.57356086449826,NA,7.3,NA
100011,"Packers","GB","DST",NA,NA,4,6.45,6.03,6.27,0.212132034355964,20,0.0499999999999998,3,0.239999999999999,NA,22.9,3.2,2.78497019489402,NA,10,NA
100031,"Buccaneers","TB","DST",NA,NA,6,6.45,4.27,6.43,1.90918830920368,20,0.149999999999999,3,2.16,NA,26.5,3.3,4.63440933458818,NA,19,NA
2556462,"Robby Anderson","NYJ","WR",23,0,11,6.44,3.832,9.048,4.61033621333629,48,0.0841666666666665,2,5.216,NA,83.8,8.5,8.24446605347343,NA,0.4,NA
2539227,"Dustin Hopkins","WAS","K",26,3,9,6.4,5.2,7.76,1.63707055437449,19,0.0166666666666675,2,2.56,NA,13.3,4.4,6.0437770300574,NA,8,NA
2550380,"Cody Parkey","CLE","K",24,2,13,6.4,5.54,7.54,1.38924439894498,20,0.0999999999999988,2,2,NA,30.4,4.5,5.91684147635029,NA,7,NA
2539964,"Marquise Goodwin","BUF","WR",26,3,10,6.37666666666667,4.526,8.926,3.13857186206296,49,0.0941666666666663,2,4.4,NA,65.3,6.5,6.18535550056615,NA,1.3,NA
2541556,"Brandon McManus","DEN","K",25,2,11,6.36666666666667,4.62,7.82,2.09841209807162,21,0.183333333333334,2,3.2,NA,9.8,4.4,6.56178712962845,NA,10,NA
100028,"Chargers","SD","DST",NA,NA,11,6.35,6.01,6.09,0.0707106781186551,22,0.2,3,0.080000000000001,NA,14.9,3.9,4.18136948373711,NA,13,NA
2552458,"Devin Funchess","CAR","WR",22,1,7,6.335,4.387,5.883,1.32228968081884,50,0.17,3,1.496,NA,77.6,8.1,5.15132386832718,NA,1.9,NA
100005,"Bears","CHI","DST",NA,NA,9,6.25,5.91,5.99,0.0707106781186545,23,0.274999999999999,3,0.0800000000000001,NA,24,3.9,4.18136948373711,NA,0,NA
2500351,"Phil Dawson","SF","K",41,18,8,6.23333333333333,5.76,6.8,0.680685928555405,22,0.15,2,1.04,NA,26.3,3.7,3.9105905464957,NA,6,NA
2550617,"Taylor Gabriel","ATL","WR",25,2,11,6.23,4.038,8.598,2.87536084691991,51,0.206666666666667,3,4.56,NA,NA,NA,7.50631132304808,NA,19.5,NA
2495258,"Matt Asiata","MIN","RB",29,5,6,6.22,4.98,6.788,1.14070153852794,40,1.52333333333333,7,1.808,NA,39.7,3.5,4.14560538612883,NA,10.1,NA
2552397,"Clive Walford","OAK","TE",25,1,10,6.2,3.96,8.44,3.95979797464467,16,0.579999999999998,2,4.48,NA,29,3.5,7.33771395493869,NA,10.3,NA
2553112,"Jason Myers","JAC","K",NA,NA,5,6.13333333333333,4.48,7.68,2.01328918273887,23,0.366666666666666,2,3.2,NA,27,3.3,4.80155456521819,NA,3,NA
2540145,"Cordarrelle Patterson","MIN","WR",25,3,6,6.1,3.82,8.78,3.21869538788622,52,0.258333333333334,3,4.96,NA,56,12.5,8.47986600474364,NA,1.5,NA
100015,"Jaguars","JAC","DST",NA,NA,5,6.05,4.19,5.71,1.34350288425444,24,0.15,3,1.52,NA,25,3.4,4.30979206223226,NA,5,NA
71309,"Graham Gano","CAR","K",29,7,7,6.03333333333333,5,7.48,1.78978583448784,24,0.55,2,2.48,NA,13.4,4,5.60992238616234,NA,2,NA
2532841,"Michael Floyd","ARI","WR",27,4,9,5.94666666666667,4.6,6.712,1.40233139212289,53,0.240833333333334,3,2.112,NA,NA,NA,4.86765560662643,NA,3.1,NA
100014,"Colts","IND","DST",NA,NA,10,5.9,3.3,5.7,2.12132034355964,25,0.0500000000000007,3,2.4,NA,30.2,2.8,3.74374296993486,NA,0,NA
100029,"49ers","SF","DST",NA,NA,8,5.9,4.18,5.62,1.27279220613579,25,0.15,3,1.44,NA,27.5,3.8,5.11744012198211,NA,2,NA
100004,"Panthers","CAR","DST",NA,NA,7,5.8,5.26,5.74,0.424264068711928,27,0.0999999999999996,3,0.48,NA,20.3,3.4,3.42658164483692,NA,2,NA
497302,"Brandon LaFell","CIN","WR",30,6,9,5.73666666666667,4.26,6.348,1.42584477883581,54,0.165833333333334,3,2.088,NA,NA,NA,4.90977542443483,NA,3.8,NA
100007,"Browns","CLE","DST",NA,NA,13,5.7,3.28,5.52,1.97989898732233,28,0.25,3,2.24,NA,30,2.4,2.73227712155532,NA,3,NA
100008,"Cowboys","DAL","DST",NA,NA,7,5.7,5.08,5.72,0.565685424949239,28,0.925,3,0.64,NA,19.4,3.4,3.56246017059005,NA,0,NA
1060,"Gary Barnidge","CLE","TE",31,8,13,5.69,3.634,8.354,3.23037149566424,17,0.236666666666666,2,4.72,NA,15.3,2.7,6.09447370680074,NA,1.1,NA
2539203,"Cobi Hamilton","PIT","WR",26,3,8,5.675,4.055,7.295,2.86378246380552,55,0.231666666666666,3,3.24,NA,90.5,7.2,6.19855921939905,NA,0.5,NA
2541316,"Ryan Griffin","HOU","TE",26,3,9,5.55,3.35,7.75,3.88908729652601,18,0.203333333333333,2,4.4,NA,NA,NA,10.1157113903774,NA,3.6,NA
2556601,"Wil Lutz","NO","K",22,0,5,5.5,5.1,5.9,0.707106781186548,25,1.5,2,0.8,NA,NA,NA,3.40023669780028,NA,7,NA
2346,"Pierre Garcon","WAS","WR",30,8,9,5.46666666666667,4.68,5.8,0.709459888459759,56,0.0641666666666669,3,1.12,NA,44.4,6.5,4.00970647531988,NA,4.3,NA
2503471,"Adam Vinatieri","IND","K",44,20,10,5.46666666666667,4.2,6.92,1.74737898961082,26,3.2,2,2.72,NA,9.3,4.9,6.92429586655806,NA,1,NA
2540151,"Justin Hunter","BUF","WR",25,3,10,5.42,2.784,5.056,2.00818325856979,57,0.0641666666666669,3,2.272,NA,104.5,12.3,7.32157181861665,NA,7.6,NA
2541944,"Russell Shepard","TB","WR",26,3,6,5.385,3.293,7.477,3.69816846560564,58,0.0633333333333335,3,4.184,NA,88,8.2,7.31634005140733,NA,2.3,NA
2543466,"Eric Ebron","DET","TE",23,2,10,5.35666666666667,4.554,5.594,0.742046719104217,19,0.0449999999999999,3,1.04,NA,7.6,1.9,3.16617162254702,NA,0,NA
2505629,"Jason Witten","DAL","TE",34,13,7,5.33666666666667,4.92,5.408,0.327159492195066,20,0.258333333333335,3,0.488,NA,11.6,3.2,3.65340648654777,NA,3.3,NA
2555346,"Will Fuller","HOU","WR",22,0,9,5.32666666666667,3.74,6.364,1.72746442317442,59,0.0599999999999987,3,2.624,NA,NA,NA,5.45007039011073,NA,6,NA
2540177,"Marquess Wilson","CHI","WR",24,3,9,5.31666666666667,1.83,9.03,4.52668016689199,60,0.100000000000001,3,7.2,NA,NA,NA,10.4643398601504,NA,18.5,NA
2555341,"Hunter Henry","SD","TE",22,0,11,5.28666666666667,3.912,6.872,1.90539584688677,21,0.523333333333333,3,2.96,NA,23.4,4.1,5.77787885825757,NA,8,NA
2532884,"Marvin Jones","DET","WR",26,4,10,5.21666666666667,4.1,5.9,1.18145390656315,61,0.0216666666666665,3,1.8,NA,45.9,6.6,4.46949659972982,NA,5.4,NA
2543614,"Donte Moncrief","IND","WR",23,2,10,5.21666666666667,4.34,5.66,0.90046284394934,61,0.0533333333333337,3,1.32,NA,NA,NA,3.96865232517958,NA,10.5,NA
100032,"Redskins","WAS","DST",NA,NA,9,5.2,4.12,5.08,0.848528137423857,30,2.525,3,0.96,NA,25.3,4.2,5.58539186734913,NA,1,NA
2552652,"Chris Conley","KC","WR",24,1,5,5.17333333333333,3.124,8.004,3.48771176179072,63,0.0300000000000011,3,4.88,NA,85.8,7.8,6.97966005643027,NA,2.6,NA
1990,"Eddie Royal","CHI","WR",30,8,9,5.15333333333333,3.86,5.988,1.3647466187294,64,0.0383333333333322,3,2.128,NA,NA,NA,4.8003295413925,NA,-0.6,NA
2539336,"Tavon Austin","LA","WR",25,3,8,5.13333333333333,3.88,5.96,1.30128141972954,65,0.043333333333333,3,2.08,NA,58.1,6.4,4.50272926698247,NA,10.5,NA
2543773,"James White","NE","RB",24,2,9,5.11,3.98,5.684,1.06925207505059,41,0.828333333333334,8,1.704,NA,38.1,3.7,4.19249498297167,NA,2.2,NA
2552600,"Nelson Agholor","PHI","WR",23,1,4,5.09666666666667,2.478,7.998,3.50385977649411,66,0.0166666666666675,3,5.52,NA,89,7.5,6.88298575589462,NA,NA,NA
2555466,"Tyler Boyd","CIN","WR",22,0,9,5.08333333333333,4.39,5.27,0.596517672272443,67,0.0316666666666663,3,0.88,NA,39,7.1,4.13082382498508,NA,6.2,NA
2555348,"Braxton Miller","HOU","WR",24,0,9,5.07666666666667,2.604,7.94,3.44058619036543,68,0.0650000000000004,3,5.336,NA,81.2,11.4,8.27110017594465,NA,1.2,NA
2532933,"Brian Quick","LA","WR",27,4,8,5.02666666666667,3.2,6.304,2.01448090915087,69,0.0566666666666675,3,3.104,NA,68.8,6.3,5.10446497069212,NA,0.3,NA
2550353,"Allen Hurns","JAC","WR",25,2,5,4.99666666666667,3.58,6.132,1.73782431026077,70,0.089999999999999,3,2.552,NA,62.5,8.7,5.74577474339301,NA,7.2,NA
2552656,"J.J. Nelson","ARI","WR",24,1,9,4.94333333333333,2.546,7.266,2.95442605819359,71,0.0849999999999991,3,4.72,NA,62.2,9.3,7.05770629223624,NA,3,NA
2543475,"Marqise Lee","JAC","WR",25,2,5,4.87,3.76,5.528,1.11072048689128,72,0.0250000000000004,3,1.768,NA,48.7,5.8,4.10977746196393,NA,9.7,NA
2552633,"Jesse James","PIT","TE",22,1,8,4.87,2.442,7.722,3.42530290631354,22,0.248333333333333,3,5.28,NA,30.4,3,6.48538496325189,NA,0,NA
2552430,"Tyler Lockett","SEA","WR",24,1,5,4.84666666666667,3.96,5.352,0.870938191454097,73,0.00833333333333375,3,1.392,NA,56.3,6.2,4.04319813810536,NA,0,NA
2532977,"Kendall Wright","TEN","WR",27,4,13,4.84333333333333,3.28,5.864,1.6197633572017,74,0.0116666666666667,3,2.584,NA,54,7.4,5.15843746221114,NA,0,NA
2552429,"Ty Montgomery","GB","WR",23,1,4,4.83333333333333,2.74,7.54,3.28075194632775,75,0.0183333333333335,3,4.8,NA,66.1,10.1,7.64634839070262,NA,1.4,NA
2552491,"Dorial Green-Beckham","PHI","WR",23,1,4,4.83,3.72,5.312,0.996845023060254,76,0.0933333333333328,3,1.592,NA,65,8.8,5.11915789356222,NA,8.2,NA
2532887,"Jermaine Kearse","SEA","WR",26,4,5,4.8,4.04,5.32,0.871779788708135,77,0.136666666666667,3,1.28,NA,78.2,8.2,4.78486771226366,NA,1.8,NA
2540202,"Kenny Stills","MIA","WR",24,3,8,4.67333333333333,3.54,5.476,1.34318030559316,78,0.0216666666666665,3,1.936,NA,NA,NA,4.76169754034611,NA,13.2,NA
2495288,"Virgil Green","DEN","TE",28,5,11,4.65666666666667,2.816,7.16,3.07077080442897,23,0.125000000000001,3,4.344,NA,28.9,3.3,6.34989853281969,NA,NA,NA
2532790,"Travis Benjamin","SD","WR",27,4,11,4.65333333333333,3.62,5.268,1.03079257531927,79,0.0383333333333331,3,1.648,NA,NA,NA,4.20211357035634,NA,0.8,NA
2495189,"Jeremy Kerley","SF","WR",28,5,8,4.65,4.19,4.67,0.31224989991992,80,0.221666666666667,3,0.48,NA,72.9,7.6,4.06144660073231,NA,2.4,NA
2552396,"Ben Koyack","JAC","TE",23,1,5,4.58666666666667,2.368,7.2,3.13855593120998,24,0.21,3,4.832,NA,33.1,6.2,8.38841219116932,NA,2.3,NA
2552470,"Sammie Coates","PIT","WR",23,1,8,4.58,2.86,5.932,1.92124959336365,81,0.319999999999999,3,3.072,NA,NA,NA,5.79720014057999,NA,0,NA
2533046,"Dwayne Allen","IND","TE",26,4,10,4.47666666666667,2.026,7.226,3.31370386928786,25,0.253333333333333,3,5.2,NA,30.9,3.2,6.5145792778515,NA,4.9,NA
100024,"Jets","NYJ","DST",NA,NA,11,4.35,1.39,4.51,2.75771644662754,31,3.35,3,3.12,NA,28,4.2,7.41975196501639,NA,0,NA
2540011,"Chris Thompson","WAS","RB",26,3,9,4.28333333333333,3.54,5.02,1.01529962736787,42,0.171666666666666,8,1.48,NA,43.8,2.8,3.66678653279845,NA,3.4,NA
2552379,"Jeremy Langford","CHI","RB",25,1,9,4.28,3.186,3.874,0.608111831820431,43,0.408333333333333,9,0.688,NA,NA,NA,3.75227998953825,NA,0.5,NA
497254,"Dennis Pitta","BAL","TE",31,6,8,4.27666666666667,3.52,4.664,0.718076133382341,26,0.116666666666667,4,1.144,NA,20.1,3.6,4.30013002463271,NA,3.4,NA
2555317,"Tajae Sharpe","TEN","WR",22,0,13,4.27666666666667,2.94,4.964,1.37536661779081,82,0.0700000000000003,3,2.024,NA,55.3,6.7,4.68022149749813,NA,1.1,NA
2539250,"Quinton Patton","SF","WR",26,3,8,4.24333333333333,3.706,4.746,0.742046719104217,83,0.0833333333333339,4,1.04,NA,75.5,7.2,4.29821359723235,NA,1.2,NA
2507855,"Victor Cruz","NYG","WR",30,6,8,4.17,3.36,4.808,0.907028114227999,84,0.0333333333333341,4,1.448,NA,72.7,9.4,5.26098756647653,NA,3.7,NA
2495139,"Charles Clay","BUF","TE",27,5,10,4.17,3.002,4.842,1.16863167850268,27,0.0733333333333333,4,1.84,NA,NA,NA,4.90320314577221,NA,1.7,NA
2495459,"Torrey Smith","SF","WR",27,5,8,4.15,2.79,4.31,1.34350288425444,85,0.0683333333333334,4,1.52,NA,NA,NA,4.76227537945572,NA,8.4,NA
2539995,"Mychal Rivera","OAK","TE",26,3,10,4.15,2.32,6.6,2.99290828459544,28,0.156666666666667,4,4.28,NA,44.4,5.1,7.50028159847888,NA,1.3,NA
2530700,"Dontrelle Inman","SD","WR",27,3,11,4.12333333333333,3.634,4.354,0.467582434799826,86,0.106666666666667,4,0.72,NA,67,8.5,4.53398324409574,NA,17.9,NA
2532838,"Coby Fleener","NO","TE",28,4,5,4.04333333333333,3.18,4.484,0.816476168258041,29,0.109999999999999,4,1.304,NA,18.9,3.2,4.12218222971801,NA,5.9,NA
2552424,"Phillip Dorsett","IND","WR",23,1,10,4.04,2.7,5.356,1.7031735084835,87,0.0508333333333333,4,2.656,NA,81.1,8.6,5.67769375081308,NA,3.1,NA
2539205,"Terrance Williams","DAL","WR",27,3,7,3.99333333333333,3.22,4.564,0.942408262555743,88,0.00916666666666632,4,1.344,NA,86.5,7.5,4.58880601034373,NA,7,NA
2530515,"Chris Hogan","NE","WR",28,5,9,3.985,2.357,4.413,1.81726442764943,89,0.0100000000000002,4,2.056,NA,NA,NA,5.61093023875192,NA,7,NA
2505587,"Anquan Boldin","DET","WR",36,13,10,3.98333333333333,3.1,4.34,0.791096285753721,90,0.191666666666666,4,1.24,NA,66.3,8.4,4.78669461763977,NA,12.9,NA
2550597,"Seth Roberts","OAK","WR",NA,NA,10,3.96666666666667,3.18,4.22,0.665832811847939,91,0.393333333333334,4,1.04,NA,75.1,6.8,4.08176898566,NA,9.1,NA
2539289,"Kenjon Barner","PHI","RB",27,3,4,3.94333333333333,1.586,6.866,3.39346921797345,44,0.16,9,5.28,NA,54.9,6.5,7.63539474705541,NA,1.2,NA
2540200,"Dion Sims","MIA","TE",25,3,8,3.94333333333333,1.686,6.806,3.45798110656107,30,0.184166666666666,4,5.12,NA,33.7,3.3,6.72085420636348,NA,11.3,NA
71265,"Jared Cook","GB","TE",29,7,4,3.92333333333333,3.26,4.116,0.556447062471654,31,0.4075,4,0.855999999999999,NA,18.2,3.7,4.21334022844907,NA,0.7,NA
2550512,"Damien Williams","MIA","RB",24,2,8,3.8,1.9,5.42,2.30651251893416,45,0.0683333333333329,9,3.52,NA,46.9,2.8,4.7490195931624,NA,1.8,NA
2556118,"Dwayne Washington","DET","RB",NA,0,10,3.76666666666667,2.12,4.92,1.76162803489651,46,0.146666666666667,9,2.8,NA,46.4,4.5,5.19991200631445,NA,1.9,NA
2533460,"Robert Turbin","IND","RB",27,4,10,3.69666666666667,1.098,6.938,3.77372936673171,47,0.166666666666667,9,5.84,NA,58.5,4.2,6.72619668006596,NA,1.8,NA
2530660,"Kamar Aiken","BAL","WR",27,5,8,3.61666666666667,3.11,4.07,0.678847061813876,92,0.11,4,0.959999999999999,NA,92.6,8.1,4.57502054346911,NA,3,NA
497238,"Jermaine Gresham","ARI","TE",28,6,9,3.595,2.439,3.551,0.982878425849301,32,0.205,5,1.112,NA,33.1,6.2,6.3232274671548,NA,9.5,NA
2556466,"Peyton Barber","TB","RB",22,0,6,3.54333333333333,0.664,7.04,4.20316943904637,48,0.0299999999999998,9,6.376,NA,62.1,6.4,8.26065928846472,NA,2,NA
2543491,"Paul Richardson","SEA","WR",24,2,5,3.53,2.186,3.674,1.31521861300698,93,0.0808333333333335,5,1.488,NA,102.7,5.5,4.18180009296222,NA,1.7,NA
2495469,"Dion Lewis","NE","RB",26,5,9,3.51666666666667,2.1,4.94,1.83052815693541,49,0.0366666666666666,9,2.84,NA,38.2,5.4,5.73814888419271,NA,5.8,NA
2556885,"Jalen Richard","OAK","RB",23,0,10,3.51,2.46,4.324,1.16760438505514,50,0.0600000000000001,9,1.864,NA,49,5.9,5.44945562047602,NA,2.3,NA
2507166,"Ted Ginn","CAR","WR",31,9,7,3.48333333333333,2.58,3.98,0.982768199187038,94,0.0758333333333332,5,1.4,NA,61.7,7.5,4.62495463492139,NA,17.5,NA
2536044,"Jamize Olawale","OAK","RB",27,4,10,3.45,1.39,3.71,2.05060966544099,51,0.0549999999999997,9,2.32,NA,71.3,6.5,6.50987391879503,NA,0.8,NA
2550738,"Fitzgerald Toussaint","PIT","RB",26,2,8,3.45,0.86,4.54,3.25269119345812,51,0.1625,9,3.68,NA,76,8.3,8.47837748507223,NA,2.8,NA
2555415,"Austin Hooper","ATL","TE",NA,0,11,3.43666666666667,2.6,3.968,0.879223141945965,33,0.113333333333333,5,1.368,NA,23.3,3.5,4.38645799487407,NA,0.8,NA
2552418,"Justin Hardy","ATL","WR",25,1,11,3.415,1.223,3.807,2.28395490323255,95,0.11,5,2.584,NA,122.5,13.1,7.86493469911126,NA,4.7,NA
80425,"Percy Harvin","BUF","WR",28,7,10,3.4,3.4,3.4,NA,96,0.27,5,0,NA,NA,NA,NA,NA,NA,NA
2495187,"Lance Kendricks","LA","TE",28,5,8,3.34333333333333,1.98,4.324,1.46548058101543,34,0.191666666666667,5,2.344,NA,20.2,3,4.6078336514609,NA,11.1,NA
2495461,"Shaun Draughn","SF","RB",29,5,8,3.34,0.334,3.006,2.36173664916307,53,0.1075,10,2.672,NA,68.2,5.3,6.1299949413514,NA,4.9,NA
2495826,"Vernon Davis","WAS","TE",32,10,9,3.30333333333333,1.64,4.608,1.85715732595096,35,0.376666666666667,5,2.968,NA,27.2,3.7,5.45944821993963,NA,6.8,NA
2555227,"Jonathan Williams","BUF","RB",22,0,10,3.235,1.967,3.303,1.18086832458153,54,0.0150000000000001,10,1.336,NA,61.1,10.9,8.12995105432684,NA,1.2,NA
2553660,"Akeem Hunt","HOU","RB",23,1,9,3.23,0.54,3.548,1.93869371828903,55,0.0600000000000005,10,3.008,NA,55.6,3.9,5.0279946289715,NA,1.9,NA
2649,"Danny Amendola","NE","WR",31,8,9,3.21,2.566,3.526,0.619919349593155,97,0.226666666666667,5,0.96,NA,90.4,6.7,4.00360052220353,NA,0.8,NA
2550542,"Kapri Bibbs","DEN","RB",23,2,11,3.21,1.8,4.544,1.8529166198186,56,0.0899999999999999,10,2.744,NA,47.4,3.9,4.95610035623529,NA,2.2,NA
2556075,"Derrick Henry","TEN","RB",22,0,13,3.13,2.398,3.678,0.893700173436259,57,0.0466666666666673,10,1.28,NA,48.7,4.5,4.47245626929508,NA,12,NA
2506147,"John Kuhn","NO","RB",34,10,5,3.11,0.862,2.958,1.85261976670875,58,0.0583333333333331,10,2.096,NA,73.7,5.4,5.75666501782918,NA,0.7,NA
2550268,"Charcandrick West","KC","RB",25,2,5,3.05666666666667,2.72,3.496,0.533510387277824,59,0.0333333333333332,10,0.776,NA,NA,NA,3.62722524424837,NA,0.8,NA
2550272,"Albert Wilson","KC","WR",24,2,5,3.05,2.22,3.38,0.756637297521078,98,0.155,5,1.16,NA,90.6,5.5,3.68150331464821,NA,0.6,NA
2555464,"DeAndre Washington","OAK","RB",23,0,10,3.04666666666667,2.66,3.492,0.535288084430556,60,0.0866666666666669,10,0.832,NA,56.4,4.6,4.2254399156657,NA,NA,NA
2539663,"Mike Gillislee","BUF","RB",26,3,10,3,0.3,2.7,2.12132034355964,61,0.0883333333333334,10,2.4,NA,NA,NA,6.28887839143584,NA,NA,NA
2553830,"Will Tye","NYG","TE",NA,NA,8,3,2.2,3.8,1.4142135623731,36,0.168333333333333,5,1.6,NA,19,3.5,4.89899015286742,NA,1.2,NA
2539265,"Rex Burkhead","CIN","RB",26,3,9,2.92,1.22,4.068,1.93628510297425,62,0.043333333333333,10,2.848,NA,48.2,5.6,5.9335644415022,NA,4.8,NA
2508097,"Andrew Hawkins","CLE","WR",30,5,13,2.91666666666667,2.1,3.42,0.846069343099804,99,0.0449999999999999,5,1.32,NA,NA,NA,3.87121658043909,NA,0,NA
2541544,"Benny Cunningham","LA","RB",26,3,8,2.90333333333333,2.32,3.368,0.703586052543208,63,0.0699999999999998,10,1.048,NA,57,5.9,5.06053758585958,NA,1.2,NA
2552597,"Breshad Perriman","BAL","WR",23,1,8,2.87333333333333,2.52,3.096,0.390042732701602,100,0.0458333333333334,5,0.576,NA,89.8,6,3.5383895942072,NA,7.4,NA
2556606,"Jalin Marshall","NYJ","WR",NA,0,11,2.87,1.334,3.206,1.65462986797652,101,0.169166666666666,5,1.872,NA,92.2,10.1,6.18990218602296,NA,0.6,NA
2532853,"Ladarius Green","PIT","TE",26,4,8,2.85333333333333,1.492,3.492,1.43196834229439,37,0.0558333333333332,5,2,NA,25.4,3.3,4.77989105161649,NA,6.7,NA
2495471,"Jacquizz Rodgers","TB","RB",26,5,6,2.85,2.85,2.85,NA,64,0.12,10,0,NA,NA,NA,NA,NA,NA,NA
2555430,"Alex Collins","SEA","RB",22,0,5,2.81666666666667,0.78,4.82,2.80728219695373,65,0.213333333333333,10,4.04,NA,55.2,6,6.87714292141973,NA,NA,NA
2534820,"Garrett Celek","SF","TE",28,4,8,2.81,1.942,3.078,1.0040916292849,38,0.0525000000000002,5,1.136,NA,36.1,3.1,4.23386753822515,NA,4.9,NA
2495453,"Andre Holmes","OAK","WR",28,5,10,2.785,1.317,3.053,1.53442171517481,102,0.195,5,1.736,NA,117.2,6.6,4.78563438057084,NA,0,NA
2550284,"Trey Burton","PHI","TE",25,2,4,2.785,1.397,2.973,1.3930003589375,39,0.1275,5,1.576,NA,46.8,6.2,6.71613296859962,NA,1,NA
2543683,"Austin Seferian-Jenkins","NYJ","TE",24,2,11,2.73,2.158,3.198,0.682422156732913,40,0.179166666666667,5,1.04,NA,35.9,4.9,5.15067837746801,NA,0.9,NA
2530690,"DuJuan Harris","SF","RB",28,5,8,2.64333333333333,2.2,3.024,0.594670777265314,66,0.181666666666667,10,0.824,NA,57.2,5,4.48876191508851,NA,1.5,NA
2535964,"Josh Bellamy","CHI","WR",27,4,9,2.61666666666667,1.41,3.41,1.33260396717605,103,0.0575000000000001,5,2,NA,101.7,4,3.64168454764952,NA,4.1,NA
2540203,"Levine Toilolo","ATL","TE",25,3,11,2.585,0.957,3.013,1.81726442764943,41,0.0691666666666664,5,2.056,NA,43.4,3.9,5.55733853472615,NA,1.8,NA
2533457,"Alfred Morris","DAL","RB",28,4,7,2.56333333333333,1.78,3.292,0.996008701434548,67,0.248333333333333,10,1.512,NA,54,4.2,4.3980437038405,NA,1.2,NA
2555216,"Malcolm Mitchell","NE","WR",23,0,9,2.56333333333333,1.178,3.978,1.81907485644031,104,0.160833333333334,5,2.8,NA,65.6,13.3,7.52265361556504,NA,16.2,NA
71417,"Jordan Norwood","DEN","WR",30,7,11,2.555,2.211,2.299,0.0777817459305205,105,0.308333333333333,5,0.0880000000000001,NA,99.5,7,3.62916902401744,NA,-3,NA
2504797,"Matt Bryant","ATL","K",41,14,11,2.53333333333333,2.12,2.92,0.503322295684717,27,0.566666666666666,3,0.8,NA,4,3.7,3.71144057966777,NA,9,NA
2535724,"Dominique Jones","MIA","TE",29,4,8,2.51666666666667,0.56,3.72,1.97758269949283,42,0.0591666666666661,5,3.16,NA,43.9,9.9,9.79418353389163,NA,NA,NA
2555311,"Jerell Adams","NYG","TE",24,0,8,2.515,1.103,2.727,1.43542676580869,43,0.1925,5,1.624,NA,39.8,3.2,4.71515001631992,NA,NA,NA
2553451,"Neal Sterling","JAC","TE",NA,NA,5,2.4,2.4,2.4,NA,44,0.16,6,0,NA,NA,NA,NA,NA,1.6,NA
2543551,"KaDeem Carey","CHI","RB",24,2,9,2.36,1.356,3.676,1.59962495604438,68,0.0916666666666668,10,2.32,NA,64.7,6,5.86494222218833,NA,1.8,NA
2535708,"Lance Dunbar","DAL","RB",26,4,7,2.27,1.704,2.536,0.735391052434009,69,0.00416666666666643,10,0.831999999999999,NA,75.8,5.6,4.92703232586284,NA,0.1,NA
2540037,"Fozzy Whittaker","CAR","RB",27,4,7,2.26666666666667,1.54,3.22,1.15902257671425,70,0.0691666666666673,10,1.68,NA,64.7,5.2,5.06854980550809,NA,1.4,NA
2535890,"Travaris Cadet","NO","RB",27,4,5,2.265,1.045,2.205,1.02530483272049,71,0.1475,10,1.16,NA,NA,NA,4.45162253959413,NA,NA,NA
2556519,"Alex Erickson","CIN","WR",24,0,9,2.25,0.71,3.19,2.1920310216783,106,0.0349999999999997,5,2.48,NA,115.9,9.8,6.56009145377568,NA,0.7,NA
2556463,"Stephen Anderson","HOU","TE",23,0,9,2.245,0.969,2.321,1.19501046020527,45,0.0225,6,1.352,NA,44.4,6.3,6.5945087289601,NA,0.8,NA
2541388,"Brice Butler","DAL","WR",26,3,7,2.24333333333333,1.1,3.204,1.39665075567707,107,0.0600000000000001,5,2.104,NA,110.7,8.2,5.25497161034464,NA,0,NA
2552586,"Tyler Kroft","CIN","TE",24,1,9,2.235,1.187,2.683,1.32228968081884,46,0.0275000000000003,6,1.496,NA,56.7,2.9,4.40259945688533,NA,NA,NA
2495835,"Anthony Fasano","TEN","TE",32,10,13,2.21,0.802,2.418,1.42835569799683,47,0.00583333333333336,6,1.616,NA,53.5,5,5.93335279292492,NA,0,NA
2532835,"Rhett Ellison","MIN","TE",28,4,6,2.205,0.861,2.949,1.84554869889689,48,0.0133333333333328,6,2.088,NA,46.3,7.1,7.76217237143989,NA,2.1,NA
2541834,"Josh Hill","NO","TE",26,3,5,2.20333333333333,0.96,3.048,1.30500319284411,49,0.118333333333333,6,2.088,NA,40.7,5.1,5.88323275773036,NA,7.4,NA
2550546,"Philly Brown","CAR","WR",25,2,7,2.18666666666667,1.8,2.488,0.496521231503078,108,0.0241666666666669,5,0.688,NA,105.1,6,3.63375771418048,NA,NA,NA
2540211,"Gavin Escobar","DAL","TE",25,3,7,2.18,0.556,2.604,1.81019335983756,50,0.1975,6,2.048,NA,NA,NA,6.13246251366099,NA,NA,NA
2543619,"Walt Powell","BUF","WR",25,2,10,2.18,1.176,2.584,1.24450793488832,109,0.0575000000000001,5,1.408,NA,114.5,10,5.7855281737215,NA,0.1,NA
2543759,"Ryan Grant","WAS","WR",26,2,9,2.145,1.009,2.681,1.47785317267988,110,0.0816666666666666,5,1.672,NA,121.8,7.4,5.03133473578991,NA,0,NA
2539217,"Andre Ellington","ARI","RB",27,3,9,2.13,1.26,3.012,1.18730787919562,72,0.0424999999999995,10,1.752,NA,64.4,4.3,4.61176911513255,NA,1.9,NA
2553631,"Zach Zenner","DET","RB",NA,NA,10,2.105,1.131,2.179,0.926309883354378,73,0.0950000000000002,10,1.048,NA,79.1,7.4,6.0480275475808,NA,0,NA
2495341,"Cecil Shorts","TB","WR",29,5,6,2.1,0.82,3.22,1.53948043183407,111,0.0766666666666667,5,2.4,NA,91.2,7,4.93834840963159,NA,0.6,NA
2539260,"Denard Robinson","JAC","RB",26,3,5,2.07,1.142,2.982,1.15052162083118,74,0.13,10,1.84,NA,64.5,7.5,6.28933869663788,NA,3.9,NA
2550328,"Brandon Coleman","NO","WR",24,2,5,2.02666666666667,1.824,2,0.127017059221718,112,0.0366666666666662,6,0.176,NA,104.9,7.2,3.74735851333267,NA,6.3,NA
497270,"Arrelious Benn","JAC","WR",28,6,5,2.02,2.02,2.02,NA,113,0.0774999999999997,6,0,NA,NA,NA,NA,NA,NA,NA
2506677,"Matt Prater","DET","K",32,10,10,2,2,2,0,28,0.233333333333333,4,0,NA,16.9,4.9,4.96227883869008,NA,12,NA
2541199,"Luke Willson","SEA","TE",26,3,5,1.99,0.84,3.056,1.54476535434997,51,0.0249999999999999,6,2.216,NA,53.3,2.9,4.61573586587915,NA,1.1,NA
2537933,"Larry Donnell","NYG","TE",28,4,8,1.975,1.335,2.015,0.601040764008565,52,0.0274999999999999,6,0.68,NA,NA,NA,3.81567490169327,NA,NA,NA
2555477,"Charone Peake","NYJ","WR",24,0,11,1.96,1.292,2.028,0.650538238691624,114,0.0674999999999999,6,0.736,NA,112.9,6.7,4.0310245178633,NA,NA,NA
497224,"Ed Dickson","CAR","TE",29,6,7,1.955,1.051,2.259,1.06773123959169,53,0.0650000000000002,6,1.208,NA,48.4,4.3,5.11148697286928,NA,NA,NA
2552471,"T.J. Yeldon","JAC","RB",23,1,5,1.95,1.11,2.79,1.48492424049175,75,0.0625,10,1.68,NA,NA,NA,5.22208467101162,NA,2,NA
2540259,"MarQueis Gray","MIA","TE",26,3,8,1.94,0.648,2.632,1.75362481734264,54,0.108333333333333,6,1.984,NA,44.5,2.6,4.61166482178265,NA,1.2,NA
2506386,"Mike Nugent","CIN","K",34,11,9,1.93333333333333,1.84,2,0.115470053837925,29,0.383333333333333,4,0.16,NA,26.4,4,3.72994323384643,NA,6,NA
2552375,"Cameron Artis-Payne","CAR","RB",24,1,7,1.93,1.494,1.766,0.240416305603426,76,0.1625,10,0.272,NA,NA,NA,3.13591028440426,NA,NA,NA
2543750,"Jeff Janis","GB","WR",25,2,4,1.925,0.965,2.285,1.1667261889578,115,0.075,6,1.32,NA,121.7,14.1,7.2347398507781,NA,0.7,NA
2541147,"Charles Johnson","MIN","WR",27,3,6,1.86,0.584,3.16,1.61083829107704,116,0.0525000000000002,6,2.576,NA,108.1,8.8,5.66908472673615,NA,1.2,NA
2507428,"Mike Tolbert","CAR","RB",31,8,7,1.845,1.109,1.981,0.770746391493337,77,0.1825,10,0.872,NA,76.7,4.5,4.36940227364143,NA,1.4,NA
2550198,"Bennie Fowler","DEN","WR",25,2,11,1.84,0.948,2.132,1.04651803615609,117,0.1,6,1.184,NA,119.9,5.8,4.05227414351738,NA,13.6,NA
2507828,"Logan Paulsen","CHI","TE",29,6,9,1.84,0.788,2.292,1.32936074863071,55,0.0208333333333333,6,1.504,NA,31.2,4,5.15797075096185,NA,0,NA
2550313,"Richard Rodgers","GB","TE",24,2,4,1.82333333333333,1.2,2.296,0.693277241320767,56,0.115833333333333,6,1.096,NA,34.9,6.1,5.97772911808996,NA,0,NA
89766,"Brandon Myers","TB","TE",31,7,6,1.815,0.703,2.327,1.43542676580869,57,0.2225,6,1.624,NA,63.5,5.3,6.14428986060654,NA,NA,NA
81306,"Brandon Tate","BUF","WR",29,7,10,1.775,0.935,2.015,0.954594154601839,118,0.1025,6,1.08,NA,97.7,5.2,3.74766721794914,NA,0.8,NA
497320,"Andre Roberts","DET","WR",28,6,10,1.705,0.841,1.969,0.997020561473032,119,0.0850000000000002,6,1.128,NA,113.4,4.9,3.67452932039787,NA,1.9,NA
2556801,"Kenneth Farrow","SD","RB",23,0,11,1.69,1.028,2.052,0.905096679918781,78,0.0650000000000002,10,1.024,NA,73,6.3,5.44298444111831,NA,-0.3,NA
2556592,"Roger Lewis","NYG","WR",23,0,8,1.64,0.668,2.012,1.1879393923934,120,0.11,6,1.344,NA,NA,NA,4.48361258983607,NA,1.8,NA
2556411,"Josh Ferguson","IND","RB",23,0,10,1.635,1.097,1.873,0.685893577750951,79,0.0275000000000003,10,0.776,NA,79.8,6.7,5.47280911452399,NA,NA,NA
2539322,"Christine Michael","GB","RB",26,3,4,1.615,0.987,2.243,1.11015764646288,80,0.0649999999999999,10,1.256,NA,55.7,8.8,6.94954587892878,NA,0.4,NA
2533437,"Ronnie Hillman","SD","RB",25,4,11,1.6,0.32,2.88,2.26274169979695,81,0.13,10,2.56,NA,70.7,5.8,6.31395991966683,NA,NA,NA
2550636,"Cairo Santos","KC","K",25,2,5,1.6,1.16,1.96,0.529150262212918,30,0.1,5,0.8,NA,10.4,5.1,5.85909118948654,NA,8,NA
2552402,"Nick Boyle","BAL","TE",23,1,8,1.6,1.6,1.6,NA,58,0.0524999999999998,6,0,NA,NA,NA,NA,NA,NA,NA
2556697,"Bryce Treggs","PHI","WR",22,0,4,1.6,1.6,1.6,NA,121,0.163333333333334,7,0,NA,107.1,10.9,7.6529360472871,NA,1.1,NA
2550405,"Erik Swoope","IND","TE",24,2,10,1.585,0.897,1.673,0.685893577750951,59,0.0916666666666666,6,0.776,NA,61.2,5,5.22205835065413,NA,3.5,NA
2552580,"A.J. Derby","DEN","TE",25,1,11,1.51,0.802,1.618,0.721248916810279,60,0.311666666666667,6,0.816,NA,41.4,8.6,7.70588353334885,NA,4.3,NA
2507225,"Nick Folk","NYJ","K",32,9,11,1.5,1.1,1.9,0.5,31,0.75,5,0.8,NA,25.7,3.4,3.25371374569275,NA,7,NA
2553762,"Terron Ward","ATL","RB",NA,NA,11,1.5,1.5,1.5,NA,82,0.1175,10,0,NA,67.9,8.4,8.8781295383605,NA,NA,NA
2555408,"Roberto Aguayo","TB","K",22,0,6,1.5,1.1,1.9,0.5,31,1.5,5,0.8,NA,27.8,3.5,3.40504589452455,NA,2,NA
2541187,"Demetrius Harris","KC","TE",25,3,5,1.47666666666667,0.86,2.004,0.754077803236068,61,0.616666666666667,6,1.144,NA,59,5.6,5.69570595313294,NA,0,NA
2552408,"Darren Waller","BAL","WR",24,1,8,1.46,1.46,1.46,NA,122,0.0783333333333331,7,0,NA,NA,NA,NA,NA,1.4,NA
2552635,"Matt Jones","WAS","RB",24,1,9,1.44,0.144,1.296,1.01823376490863,83,0.165,10,1.152,NA,NA,NA,4.43976927603386,NA,NA,NA
222,"Harry Douglas","TEN","WR",32,8,13,1.41333333333333,0.552,2.28,1.08006172663109,123,0.103333333333333,7,1.728,NA,124.3,9.9,5.60119512991534,NA,6,NA
2555214,"Laquon Treadwell","MIN","WR",21,0,6,1.35,0.36,2.56,1.45516322108552,124,0.0874999999999999,7,2.2,NA,82.6,14.1,7.49308024620366,NA,NA,NA
2540230,"Kyle Juszczyk","BAL","RB",25,3,8,1.325,1.105,1.545,0.388908729652601,84,0.1025,10,0.44,NA,72.9,7,5.38405327370073,NA,1.8,NA
2532978,"Jarius Wright","MIN","WR",27,4,6,1.27,0.846,1.694,0.74953318805774,125,0.0600000000000001,7,0.848,NA,105.1,16.6,7.78722312340434,NA,NA,NA
2555473,"Ricardo Louis","CLE","WR",NA,0,13,1.255,1.051,1.459,0.360624458405139,126,0.1975,7,0.408,NA,121.6,24.5,10.3655120164398,NA,0,NA
2555432,"Andy Janovich","DEN","RB",23,0,11,1.225,0.425,1.425,0.883883476483184,85,0.095,10,1,NA,NA,NA,4.21455726838875,NA,-0.1,NA
2534770,"Jonathan Grimes","HOU","RB",27,4,9,1.22,0.516,1.924,1.24450793488832,86,0.1875,10,1.408,NA,NA,NA,4.81907370996247,NA,1.4,NA
2528181,"Bryan Walters","JAC","WR",29,6,5,1.165,0.577,1.753,1.03944696834422,127,0.2225,7,1.176,NA,NA,NA,4.21761629065368,NA,0,NA
2506874,"Reggie Bush","BUF","RB",31,10,10,1.04,0.432,1.648,1.07480230740355,87,0.0775,10,1.216,NA,68.2,9,7.02668784932303,NA,NA,NA
497204,"C.J. Spiller","NYJ","RB",29,6,11,1.025,0.485,1.565,0.954594154601839,88,0.133333333333333,10,1.08,NA,81.7,9.7,7.29964806159298,NA,0,NA
100017,"Rams","LA","DST",NA,NA,8,1,1,1,NA,32,NA,3,0,NA,20.1,4.8,10.8986710401741,NA,0,NA
2550183,"Jeremy Butler","SD","WR",25,2,11,0.95,0.19,1.71,1.34350288425444,128,0.0375,7,1.52,NA,NA,NA,4.76227537945572,NA,0.6,NA
2550162,"James Wright","CIN","WR",25,2,9,0.935,0.323,1.547,1.08187337521542,129,0.05,7,1.224,NA,NA,NA,4.29361523327722,NA,2.3,NA
71435,"John Phillips","NO","TE",29,7,5,0.92,0.444,0.796,0.311126983722081,62,0.17,7,0.352,NA,NA,NA,3.2601878134437,NA,NA,NA
2553867,"Mack Brown","WAS","RB",NA,NA,9,0.9,0.9,0.9,NA,89,0.0683333333333335,10,0,NA,NA,NA,NA,NA,NA,NA
2553606,"Jordan Taylor","DEN","WR",24,1,11,0.89,0.278,0.902,0.551543289325507,130,0.0250000000000001,7,0.624,NA,113.4,5.5,3.49780960935036,NA,6.6,NA
2552477,"Aaron Ripkowski","GB","RB",NA,NA,4,0.883333333333333,0.56,1.24,0.431083905212585,90,0.108333333333333,10,0.68,NA,79.7,4.8,4.24487607203497,NA,7.6,NA
2555263,"Kevin Hogan","CLE","QB",24,0,13,0.88,0.88,0.88,NA,33,0.345,6,0,NA,NA,NA,NA,NA,NA,NA
2556396,"Chester Rogers","IND","WR",22,0,10,0.88,0.704,1.056,0.311126983722081,131,0.0299999999999999,7,0.352,NA,103,13.1,6.09795928311394,NA,0,NA
2556612,"Tanner McEvoy","SEA","WR",23,0,5,0.85,0.19,0.91,0.636396103067893,132,0.0250000000000001,7,0.72,NA,NA,NA,3.49562633573004,NA,NA,NA
2556785,"Paul Turner","PHI","WR",23,0,4,0.85,0.25,1.45,1.06066017177982,133,0.0499999999999999,7,1.2,NA,143,9,5.25040590182704,NA,NA,NA
2539235,"Tavarres King","NYG","WR",26,3,8,0.8,0.8,0.8,NA,134,0.005,7,0,NA,NA,NA,NA,NA,NA,NA
2543481,"Jace Amaro","TEN","TE",24,2,13,0.8,0.16,1.44,1.13137084989848,63,0.1,7,1.28,NA,NA,NA,4.83180981922297,NA,NA,NA
2553652,"Chris Harper","SF","WR",NA,NA,8,0.8,1.6,1.6,NA,134,0.0225,7,0,NA,104.5,8.5,5.8747381454785,NA,3.2,NA
2505354,"Tony Romo","DAL","QB",36,13,7,0.792,0.3084,0.8556,0.483661038331599,34,0.53,6,0.5472,NA,NA,NA,4.20893158158063,NA,NA,NA
2543590,"Cody Latimer","DEN","WR",24,2,11,0.79,0.79,0.79,NA,136,0.0275,7,0,NA,NA,NA,NA,NA,NA,NA
2555220,"Derek Watt","SD","RB",24,0,11,0.78,0.296,1.064,0.678822509939086,91,0.0225,10,0.768,NA,87,3.5,3.75848041402505,NA,NA,NA
927,"Justin Forsett","DET","RB",31,8,10,0.77,0.0770000000000001,0.693,0.544472221513642,92,0.0258333333333334,10,0.616,NA,NA,NA,3.64560061749583,NA,NA,NA
2556404,"Maurice Harris","WAS","WR",24,0,9,0.765,0.497,1.033,0.473761543394987,137,0.0350000000000001,7,0.536,NA,133,4,2.87245706763026,NA,1.1,NA
2555209,"Chris Moore","BAL","WR",23,0,8,0.76,0.632,0.888,0.226274169979695,138,0.0674999999999999,7,0.256,NA,NA,NA,2.76096989036915,NA,NA,NA
2553439,"Mike Davis","SF","RB",23,1,8,0.745,0.221,1.269,0.926309883354377,93,0.0258333333333334,10,1.048,NA,70.5,9.5,7.16916640517752,NA,NA,NA
2534571,"Bobby Rainey","NYG","RB",29,4,8,0.743333333333333,0.606,0.926,0.222785397486759,94,0.0933333333333333,10,0.32,NA,75.7,6,4.71094097357899,NA,-3,NA
2540928,"Darren Fells","ARI","TE",30,4,9,0.7,0.54,0.86,0.282842712474619,64,0.02,7,0.32,NA,52.5,4.1,4.22343857729858,NA,NA,NA
2552408,"Darren Waller","BAL","TE",24,1,8,0.7,0.7,0.7,NA,64,0.0650000000000001,8,0,NA,NA,NA,NA,NA,1.4,NA
2556882,"Jake Lampman","NO","WR",23,0,5,0.7,0.7,0.7,NA,139,0.035,7,0,NA,NA,NA,NA,NA,NA,NA
2552631,"Javorius Allen","BAL","RB",25,1,8,0.695,0.291,1.099,0.714177848998413,95,0.1175,10,0.808,NA,NA,NA,3.93007894294229,NA,NA,NA
2555419,"Pharoh Cooper","LA","WR",21,0,8,0.685,0.353,1.017,0.586898628384834,140,0.045,7,0.664,NA,120.8,4,2.97378899112831,NA,NA,NA
2555364,"Tyler Higbee","LA","TE",23,0,8,0.66,0.228,1.092,0.763675323681471,66,0.105,8,0.864,NA,57,4.1,4.68408640657871,NA,0,NA
2555331,"Cody Core","CIN","WR",22,0,9,0.645,0.361,0.929,0.502045814642449,141,0.01,7,0.568,NA,NA,NA,3.25496301742216,NA,0,NA
2543638,"DeAnthony Thomas","KC","WR",23,2,5,0.635,0.423,0.847,0.37476659402887,142,0.0175000000000001,7,0.424,NA,NA,NA,3.02696618955154,NA,0.4,NA
2556752,"Tommylee Lewis","NO","WR",24,0,5,0.635,0.423,0.847,0.37476659402887,142,0.085,7,0.424,NA,143,7,3.89516532319984,NA,0,NA
2507218,"Brent Celek","PHI","TE",31,9,4,0.61,0.538,0.682,0.127279220613579,67,0.13,9,0.144,NA,49.8,8.9,7.34101081443031,NA,NA,NA
2540178,"Knile Davis","KC","RB",25,3,5,0.605,0.369,0.841,0.417193000900063,96,0.1025,10,0.472,NA,73,8.7,6.31534839982813,NA,0.6,NA
2555370,"Jordan Payton","CLE","WR",23,0,13,0.6,0.44,0.76,0.282842712474619,144,0.1,8,0.32,NA,NA,NA,2.8623018138672,NA,NA,NA
2540224,"Mike James","TB","RB",25,3,6,0.55,0.11,0.99,0.777817459305202,97,0.1025,10,0.88,NA,84.5,5.6,4.96259211654365,NA,NA,NA
2552403,"Nick OLeary","BUF","TE",24,1,10,0.5,0.5,0.5,0,68,0.07,10,0,NA,53.5,6.8,5.78993478004012,NA,0,NA
2553725,"Bradley Marquez","LA","WR",NA,NA,8,0.5,0.5,0.5,NA,145,0.00249999999999995,8,0,NA,139,16,11.4316065886304,NA,1.2,NA
2553900,"Daniel Brown","CHI","WR",NA,NA,9,0.5,0.5,0.5,NA,145,0.0225,8,0,NA,NA,NA,NA,NA,8.4,NA
2495331,"Aldrick Robinson","ATL","WR",28,5,11,0.495,0.251,0.739,0.431335136523794,147,0.04,8,0.488,NA,123.2,7.6,4.16810602267494,NA,NA,NA
2555413,"Trevor Davis","GB","WR",23,0,4,0.46,0.428,0.492,0.0565685424949238,148,0.035,8,0.0639999999999999,NA,NA,NA,2.45697411987499,NA,NA,NA
497258,"Andrew Quarless","FA","TE",28,6,NA,0.46,0.46,0.46,NA,69,0.0599999999999999,10,0,NA,NA,NA,NA,NA,NA,NA
2532797,"Brandon Bolden","NE","RB",26,4,9,0.455,0.259,0.651,0.346482322781408,98,0.0225000000000001,10,0.392,NA,NA,NA,3.3137092378083,NA,NA,NA
2552431,"Vince Mayle","DAL","WR",NA,NA,7,0.45,0.0900000000000001,0.81,0.636396103067893,149,0.05,8,0.72,NA,NA,NA,3.49562633573004,NA,NA,NA
2550263,"Juwan Thompson","DEN","RB",24,2,11,0.44,0.232,0.648,0.367695526217005,99,0.0225,10,0.416,NA,NA,NA,3.3492690284891,NA,NA,NA
2550474,"Antonio Andrews","TEN","RB",24,2,13,0.425,0.365,0.485,0.106066017177982,100,0.025,10,0.12,NA,NA,NA,2.91069827675915,NA,NA,NA
2552382,"Malcolm Brown","LA","RB",23,1,8,0.41,0.258,0.562,0.268700576850888,101,0.07,10,0.304,NA,NA,NA,3.18332333864534,NA,0.9,NA
2553554,"Matt Lengel","NE","TE",NA,NA,9,0.4,0.4,0.4,NA,70,0.025,11,0,NA,NA,NA,NA,NA,NA,NA
2553621,"Lucky Whitehead","DAL","WR",NA,NA,7,0.4,0.4,0.4,NA,150,0.005,8,0,NA,128.5,7.6,5.20791393230028,NA,0,NA
2556381,"Mike Thomas","LA","WR",22,0,8,0.4,0.4,0.4,NA,150,0.015,8,0,NA,NA,NA,NA,NA,NA,NA
2556478,"Ben Braunecker","CHI","TE",22,0,9,0.4,0.32,0.48,0.141421356237309,70,0.0525,10,0.16,NA,53.7,8.1,6.81012505360247,NA,1.4,NA
2556273,"Darius Jackson","DAL","RB",23,0,7,0.39,0.039,0.351,0.275771644662754,102,0.1,10,0.312,NA,NA,NA,3.19517660220561,NA,NA,NA
2543641,"Devin Street","IND","WR",25,2,10,0.39,0.39,0.39,NA,152,0.0125,8,0,NA,NA,NA,NA,NA,NA,NA
2532900,"Keshawn Martin","FA","WR",26,4,NA,0.38,0.38,0.38,NA,153,0.005,8,0,NA,NA,NA,NA,NA,NA,NA
1037885,"Marc Mariani","TEN","WR",29,6,13,0.375,0.155,0.595,0.388908729652601,154,0.01,8,0.44,NA,NA,NA,3.05229917042605,NA,0,NA
2535869,"Rod Streater","SF","WR",28,4,8,0.375,0.275,0.475,0.176776695296637,154,0.0225,8,0.2,NA,125.2,9.4,4.60693340798254,NA,4.6,NA
2552420,"Keith Mumphery","HOU","WR",24,1,9,0.355,0.239,0.471,0.205060966544099,156,0.00499999999999995,8,0.232,NA,NA,NA,2.72297041905738,NA,NA,NA
2550206,"Ryan Hewitt","CIN","TE",25,2,9,0.35,0.31,0.39,0.0707106781186547,72,0.005,11,0.08,NA,NA,NA,2.79953998416357,NA,0.5,NA
2550223,"Freddie Martino","TB","WR",25,2,6,0.35,0.0700000000000001,0.63,0.494974746830583,157,5.55111512312578e-17,8,0.56,NA,NA,NA,3.24229652698491,NA,NA,NA
2556460,"Geronimo Allison","GB","WR",22,0,4,0.35,0.035,0.315,0.247487373415292,157,0.02,9,0.28,NA,137,5,3.04025111684427,NA,NA,NA
2552425,"Rashad Greene","JAC","WR",24,1,5,0.35,0.15,0.55,0.353553390593274,159,0.0399999999999999,9,0.4,NA,138,18,7.95120244585532,NA,0,NA
2534241,"Derek Carrier","WAS","TE",26,4,9,0.345,0.221,0.469,0.21920310216783,73,0.0125,11,0.248,NA,NA,NA,3.08405776107189,NA,0.4,NA
2552660,"Randall Telfer","CLE","TE",24,1,13,0.345,0.301,0.389,0.0777817459305202,73,0.025,11,0.088,NA,NA,NA,2.81308844973064,NA,NA,NA
79589,"David Johnson","PIT","TE",29,7,8,0.32,0.256,0.384,0.113137084989848,75,0.015,11,0.128,NA,NA,NA,2.88083077756595,NA,NA,NA
497242,"Clay Harbor","DET","TE",29,6,10,0.32,0.224,0.416,0.169705627484771,75,0.0475000000000001,11,0.192,NA,67.5,1.1,2.07342250378119,NA,NA,NA
2535966,"Brenton Bersin","CAR","WR",26,3,7,0.31,0.222,0.398,0.15556349186104,160,0.005,9,0.176,NA,NA,NA,2.63430498599658,NA,NA,NA
2555468,"Rashard Higgins","CLE","WR",22,0,13,0.31,0.031,0.279,0.21920310216783,160,0.015,9,0.248,NA,125.5,5.5,3.20014708407482,NA,3.4,NA
2550182,"Isaiah Burse","SD","WR",25,2,11,0.3,0.3,0.3,NA,162,0.0125000000000001,9,0,NA,NA,NA,NA,NA,0,NA
230,"Jerome Felton","BUF","RB",30,8,10,0.29,0.202,0.378,0.15556349186104,103,0.0025,10,0.176,NA,82,5,4.12072313200704,NA,NA,NA
2550481,"Orleans Darkwa","NYG","RB",24,2,8,0.29,0.029,0.261,0.205060966544099,103,0.00750000000000001,10,0.232,NA,NA,NA,3.07664396660292,NA,NA,NA
2495159,"Dwayne Harris","NYG","WR",29,5,8,0.29,0.282,0.298,0.014142135623731,163,0.00750000000000001,9,0.0160000000000001,NA,NA,NA,2.38097517725144,NA,7.3,NA
2555289,"Nick Vannett","SEA","TE",NA,0,5,0.29,0.29,0.29,NA,77,0.0375,12,0,NA,NA,NA,NA,NA,NA,NA
2530763,"Patrick DiMarco","ATL","RB",27,5,11,0.285,0.193,0.377,0.162634559672906,105,0.00750000000000001,10,0.184,NA,83.3,4.3,3.75293681125493,NA,0,NA
2555362,"Aaron Burbridge","SF","WR",23,0,8,0.285,0.113,0.457,0.304055915910215,164,0.00750000000000006,9,0.344,NA,125,4.8,3.01682549935128,NA,NA,NA
2543695,"Jay Prosch","HOU","RB",24,2,9,0.28,0.028,0.252,0.197989898732233,106,0.00750000000000001,10,0.224,NA,NA,NA,3.06479070304265,NA,NA,NA
2553434,"Devin Smith","NYJ","WR",NA,NA,11,0.28,0.28,0.28,NA,165,0.00999999999999995,9,0,NA,NA,NA,NA,NA,NA,NA
2542065,"Matt McGloin","OAK","QB",27,3,10,0.278,0.0844,0.4716,0.342239682094289,35,0.032,6,0.3872,NA,NA,NA,4.00485061438556,NA,0,NA
2495472,"Jordan Todman","IND","RB",26,5,10,0.275,0.175,0.375,0.176776695296637,107,0.01,10,0.2,NA,NA,NA,3.02923091236184,NA,3.7,NA
2534436,"Deonte Thompson","CHI","WR",27,4,9,0.275,0.215,0.335,0.106066017177982,166,0.0125,9,0.12,NA,113.1,6.2,3.35813568792386,NA,10.4,NA
2534789,"Daryl Richardson","FA","RB",26,4,NA,0.27,0.27,0.27,NA,108,0.0175,10,0,NA,NA,NA,NA,NA,NA,NA
2555478,"Demarcus Robinson","KC","WR",NA,0,5,0.265,0.237,0.293,0.0494974746830584,167,0.01,9,0.056,NA,NA,NA,2.44430762943773,NA,NA,NA
2555215,"Leonte Carroo","MIA","WR",22,0,8,0.26,0.148,0.372,0.197989898732233,168,0.0125,9,0.224,NA,133.7,5.4,3.14410155879793,NA,7.5,NA
2555230,"Kenyan Drake","MIA","RB",NA,0,8,0.26,0.208,0.272,0.0565685424949238,109,0.03,10,0.064,NA,NA,NA,2.82772543183727,NA,0.9,NA
2535943,"Sean McGrath","SD","TE",29,4,11,0.255,0.219,0.291,0.0636396103067893,78,0.015,12,0.072,NA,68,3.7,3.74122024781166,NA,NA,NA
2552401,"MyCole Pruitt","FA","TE",24,1,NA,0.25,0.25,0.25,NA,79,0.0225,13,0,NA,NA,NA,NA,NA,NA,NA
2556805,"Johnny Holton","OAK","WR",25,0,10,0.25,0.21,0.29,0.0707106781186548,169,0.0475,9,0.08,NA,NA,NA,2.4823071007495,NA,3,NA
2532842,"Nick Foles","KC","QB",27,4,5,0.246,0.1548,0.3372,0.161220346110533,36,0.00100000000000003,6,0.1824,NA,NA,NA,3.74362697637588,NA,NA,NA
2532888,"Case Keenum","LA","QB",28,4,8,0.246,0.2098,0.2722,0.0551543289325507,36,0.00700000000000003,6,0.0624,NA,34.5,0.5,0.79281937533439,NA,NA,NA
2539315,"Stepfan Taylor","ARI","RB",25,3,9,0.245,0.201,0.289,0.0777817459305203,110,0.0375,10,0.088,NA,NA,NA,2.86328522251807,NA,NA,NA
2556190,"Jakeem Grant","MIA","WR",24,0,8,0.245,0.209,0.281,0.0636396103067893,170,0.11,9,0.072,NA,NA,NA,2.46964061031224,NA,0,NA
2495443,"Ryan Mallett","BAL","QB",28,5,8,0.244,0.1032,0.3848,0.248901586977665,38,0.0165,6,0.2816,NA,NA,NA,3.87015717603682,NA,NA,NA
2539275,"Mike Glennon","TB","QB",27,3,6,0.234,0.1242,0.3338,0.185261976670875,39,0.0165,6,0.2096,NA,NA,NA,3.77832074079904,NA,NA,NA
2555486,"Temarrick Hemingway","LA","TE",23,0,8,0.23,0.023,0.207,0.162634559672906,80,0.015,13,0.184,NA,NA,NA,2.97567003653539,NA,NA,NA
2552399,"Jeff Heuerman","DEN","TE",24,1,11,0.225,0.165,0.285,0.106066017177982,81,0.0225,13,0.12,NA,NA,NA,2.86728231199889,NA,NA,NA
2555316,"Paxton Lynch","DEN","QB",22,0,11,0.221,0.0938,0.3482,0.224859956417322,40,0.012,6,0.2544,NA,NA,NA,3.83546341161366,NA,NA,NA
2539303,"Zach Line","MIN","RB",26,3,6,0.215,0.147,0.283,0.120208152801713,111,0.025,10,0.136,NA,85.4,3.3,3.1835013740995,NA,0.2,NA
2539228,"EJ Manuel","BUF","QB",26,3,10,0.214,0.0882,0.3298,0.213546247918337,41,0.014,6,0.2416,NA,NA,NA,3.81913693423805,NA,NA,NA
2555306,"David Morgan","MIN","TE",23,0,6,0.205,0.201,0.209,0.00707106781186548,82,0.00499999999999998,13,0.00800000000000001,NA,NA,NA,2.67760379406001,NA,NA,NA
2495441,"Blaine Gabbert","SF","QB",27,5,8,0.204,0.1638,0.1942,0.0268700576850888,42,0.01,7,0.0304,NA,NA,NA,3.54975005754056,NA,NA,NA
2552622,"Chris Manhertz","CAR","TE",NA,NA,7,0.2,0.04,0.36,0.282842712474619,83,0.0025,13,0.32,NA,NA,NA,3.20599395117545,NA,NA,NA
2555218,"Dan Vitale","CLE","RB",NA,0,13,0.2,0.04,0.36,0.282842712474619,112,0.025,10,0.32,NA,NA,NA,3.20702986576588,NA,-0.4,NA
2556453,"Hakeem Valles","ARI","TE",24,0,9,0.2,0.12,0.28,0.14142135623731,83,0.00750000000000001,13,0.16,NA,NA,NA,2.9350246398342,NA,NA,NA
2505982,"Matt Schaub","ATL","QB",35,12,11,0.196,0.0648,0.3272,0.231931024229188,43,0.005,7,0.2624,NA,NA,NA,3.84566745997341,NA,NA,NA
2536342,"Brandon Bostick","NYJ","TE",27,4,11,0.195,0.191,0.199,0.00707106781186548,85,0.02,13,0.00800000000000001,NA,63.9,3.1,3.27870071574723,NA,1.4,NA
81284,"Chase Daniel","PHI","QB",30,7,4,0.192,0.0576,0.3264,0.23758787847868,44,0.003,7,0.2688,NA,NA,NA,3.85383069866121,NA,NA,NA
2543640,"Tom Savage","HOU","QB",26,2,9,0.19,0.054,0.326,0.240416305603426,45,0.004,7,0.272,NA,NA,NA,3.85791231800511,NA,NA,NA
2552478,"Blake Bell","SF","TE",25,1,8,0.19,0.182,0.198,0.0141421356237309,86,0.035,13,0.016,NA,NA,NA,2.69115225962707,NA,0,NA
2556477,"Trevone Boykin","SEA","QB",23,0,5,0.188,0.0504,0.3256,0.243244732728172,46,0.005,7,0.2752,NA,NA,NA,3.86199393734902,NA,NA,NA
2507282,"Matt Moore","MIA","QB",32,9,8,0.184,0.0432,0.3248,0.248901586977665,47,0.003,7,0.2816,NA,NA,NA,3.87015717603682,NA,NA,NA
2506053,"Luke McCown","NO","QB",35,12,5,0.182,0.0716,0.2924,0.195161471607487,48,0.002,7,0.2208,NA,NA,NA,3.79260640850269,NA,NA,NA
2552647,"Marcus Murphy","NO","RB",25,1,5,0.18,0.106,0.154,0.0424264068711929,113,0.0175,10,0.048,NA,NA,NA,2.80401890471673,NA,NA,NA
2539961,"Ryan Nassib","NYG","QB",26,3,8,0.18,0.052,0.308,0.226274169979695,49,0.003,7,0.256,NA,NA,NA,3.83750422128561,NA,NA,NA
2543751,"David Fales","CHI","QB",26,2,9,0.18,0.036,0.324,0.254558441227157,49,0.00799999999999998,7,0.288,NA,NA,NA,3.87832041472462,NA,NA,NA
2552588,"Brett Hundley","GB","QB",23,1,4,0.174,0.0412,0.3068,0.234759451353934,51,0.005,7,0.2656,NA,NA,NA,3.84974907931731,NA,NA,NA
497123,"Colt McCoy","WAS","QB",30,6,9,0.17,0.151,0.159,0.00707106781186548,52,0.003,8,0.00800000000000001,NA,NA,NA,3.52117872213325,NA,NA,NA
2552636,"Michael Burton","DET","RB",24,1,10,0.17,0.066,0.274,0.183847763108502,114,0.0175,10,0.208,NA,NA,NA,3.04108417592211,NA,NA,NA
2539287,"Landry Jones","PIT","QB",27,3,8,0.168,0.0784,0.2576,0.158391918985787,53,0.00300000000000003,8,0.1792,NA,NA,NA,3.73954535703198,NA,0,NA
2543497,"AJ McCarron","CIN","QB",26,2,9,0.166,0.1298,0.1922,0.0551543289325507,54,0.005,8,0.0624,NA,NA,NA,3.59056625097958,NA,NA,NA
2506546,"Derek Anderson","CAR","QB",33,11,7,0.164,0.1032,0.2248,0.107480230740355,55,0.015,8,0.1216,NA,NA,NA,3.66607620884175,NA,NA,NA
2533353,"Cory Harkey","LA","TE",26,4,8,0.16,0.128,0.192,0.0565685424949238,87,0.0175,13,0.064,NA,NA,NA,2.77244305302945,NA,NA,NA
2535988,"Brittan Golden","ARI","WR",28,4,9,0.16,0.016,0.144,0.113137084989848,171,0.055,9,0.128,NA,NA,NA,2.55830604337304,NA,-0.1,NA
2504833,"Shaun Hill","MIN","QB",NA,NA,6,0.158,0.0158,0.1422,0.111722871427475,56,0.021,8,0.1264,NA,NA,NA,3.6721986378576,NA,NA,NA
2552464,"Jalston Fowler","TEN","RB",NA,NA,13,0.155,0.101,0.109,0.00707106781186548,115,0.01,10,0.00800000000000001,NA,NA,NA,2.74475258691538,NA,NA,NA
2495234,"Luke Stocker","TB","TE",28,5,6,0.15,0.015,0.135,0.106066017177982,88,0.0325,13,0.12,NA,NA,NA,2.86728231199889,NA,0.3,NA
2550540,"George Atkinson","CLE","RB",24,2,13,0.15,0.03,0.27,0.212132034355964,116,0.015,10,0.24,NA,87,15.3,9.66705534493676,NA,NA,NA
1037347,"Joe Webb","CAR","QB",30,6,7,0.14,0.028,0.252,0.197989898732233,57,0.01,8,0.224,NA,NA,NA,3.79668802784659,NA,NA,NA
2495340,"Anthony Sherman","KC","RB",28,5,5,0.14,0.092,0.188,0.0848528137423857,117,0.025,10,0.096,NA,85,4,3.52758116773107,NA,NA,NA
2539645,"Brandon Williams","SEA","TE",29,4,5,0.135,0.107,0.163,0.0494974746830583,89,0.055,13,0.056,NA,65,5,4.61237740013631,NA,NA,NA
2495748,"Drew Stanton","ARI","QB",32,9,9,0.134,0.0812,0.1868,0.0933380951166243,58,0.015,8,0.1056,NA,NA,NA,3.64566811212224,NA,NA,NA
2495467,"Taiwan Jones","OAK","RB",28,5,10,0.13,0.013,0.117,0.0919238815542512,118,0.035,10,0.104,NA,NA,NA,2.88699174963861,NA,1.5,NA
2506562,"Matt Cassel","TEN","QB",34,11,13,0.126,0.0898,0.1522,0.0551543289325507,59,0.015,8,0.0624,NA,NA,NA,3.59056625097958,NA,NA,NA
2506481,"Dan Orlovsky","DET","QB",33,11,10,0.112,0.0416,0.1824,0.124450793488832,60,0.013,8,0.1408,NA,NA,NA,3.69056592490516,NA,NA,NA
2541828,"Frankie Hammond","FA","WR",NA,NA,NA,0.11,0.011,0.099,0.0777817459305202,172,0.0225,9,0.088,NA,NA,NA,2.49497359118676,NA,NA,NA
2543801,"Jimmy Garoppolo","NE","QB",25,2,9,0.11,0.07,0.15,0.0707106781186548,61,0.038,8,0.08,NA,NA,NA,3.61301515737103,NA,NA,NA
2507405,"Matthew Mulligan","DET","TE",31,8,10,0.1,0.1,0.1,NA,90,0.07,13,0,NA,NA,NA,NA,NA,NA,NA
2508101,"James Develin","NE","RB",28,6,9,0.1,0.091,0.099,0.00707106781186546,119,0.045,10,0.00799999999999998,NA,NA,NA,2.74475258691538,NA,0.5,NA
2530598,"Jeremy Ross","NYJ","WR",28,5,11,0.1,0.02,0.18,0.14142135623731,173,0.0625,9,0.16,NA,NA,NA,2.60897200512207,NA,0,NA
2553650,"Corey Grant","JAC","RB",NA,NA,5,0.09,0.00900000000000001,0.081,0.0636396103067893,120,0.08,10,0.072,NA,NA,NA,2.83957869539754,NA,NA,NA
2552369,"Bryce Petty","NYJ","QB",25,1,11,0.0879999999999999,0.1594,0.2666,0.0947523086789974,62,0.0379999999999999,8,0.1072,NA,33,1,1.77432766750952,NA,NA,NA
2507029,"Eric Weems","ATL","WR",31,9,11,0.075,0.055,0.095,0.0353553390593274,174,0.075,9,0.04,NA,NA,NA,2.41897464856321,NA,0,NA
2553318,"James OShaughnessy","KC","TE",NA,NA,5,0.06,0.00600000000000001,0.054,0.0424264068711929,91,0.06,13,0.048,NA,NA,NA,2.74534612189532,NA,-0.1,NA
252,"Chad Henne","JAC","QB",31,8,5,0.056,0.0368,0.0752,0.0339411254969543,63,0.034,9,0.0384,NA,NA,NA,3.55995410590032,NA,NA,NA
2506895,"Kellen Clemens","SD","QB",33,10,11,0.044,0.0152,0.0728,0.0509116882454314,64,0.044,9,0.0576,NA,NA,NA,3.58444382196372,NA,NA,NA
2550235,"Roosevelt Nix","PIT","RB",NA,NA,8,0.02,0.02,0.02,NA,121,0.02,10,0,NA,NA,NA,NA,NA,NA,NA
184,"Donnie Avery","FA","WR",32,8,NA,0,0,0,NA,175,0,9,0,NA,NA,NA,NA,NA,NA,NA
206,"Andre Caldwell","DET","WR",31,8,10,0,0,0,0,175,0,9,0,NA,NA,NA,2.35564219637693,NA,NA,NA
216,"Fred Davis","FA","TE",30,8,NA,0,0,0,NA,92,0,13,0,NA,NA,NA,NA,NA,NA,NA
262,"Chris Johnson","ARI","RB",31,8,9,0,0,0,NA,122,0,0,0,NA,NA,NA,NA,NA,NA,NA
264,"Josh Johnson","NYG","QB",30,8,8,0,0,0,0,65,0,10,0,NA,NA,NA,3.5109746737735,NA,NA,NA
284,"Darren McFadden","DAL","RB",29,8,7,0,0,0,NA,122,0,0,0,NA,NA,NA,NA,NA,NA,NA
318,"Jerome Simpson","FA","WR",30,8,NA,0,0,0,NA,175,0,9,0,NA,NA,NA,NA,NA,NA,NA
367,"Matt Flynn","NO","QB",31,8,5,0,0,0,NA,65,0,9,0,NA,NA,NA,NA,NA,NA,NA
768,"Steve Johnson","SD","WR",30,8,11,0,0,0,NA,175,0,9,0,NA,NA,NA,NA,NA,NA,NA
925,"Jamaal Charles","KC","RB",30,8,5,0,0,0,NA,122,0,0,0,NA,NA,NA,NA,NA,NA,NA
1966,"John Carlson","FA","TE",32,8,NA,0,0,0,NA,92,0,13,0,NA,NA,NA,NA,NA,NA,NA
4231,"Jed Collins","FA","RB",30,8,NA,0,0,0,NA,122,0,0,0,NA,NA,NA,NA,NA,NA,NA
4381,"Garrett Hartley","FA","K",30,8,NA,0,0,0,NA,33,0,5,0,NA,NA,NA,NA,NA,NA,NA
4433,"Marcel Reece","FA","RB",31,8,NA,0,0,0,NA,122,0,0,0,NA,NA,NA,NA,NA,NA,NA
71247,"James Casey","FA","TE",32,7,NA,0,0,0,NA,92,0,13,0,NA,NA,NA,NA,NA,NA,NA
71255,"Chase Coffman","IND","TE",30,7,10,0,0,0,0,92,0,13,0,NA,NA,NA,2.66405532849295,NA,NA,NA
79555,"Arian Foster","FA","RB",30,7,NA,0,0,0,NA,122,0,0,0,NA,NA,NA,NA,NA,NA,NA
79557,"Josh Freeman","FA","QB",28,7,NA,0,0,0,NA,65,0,9,0,NA,NA,NA,NA,NA,NA,NA
79563,"Shonn Greene","FA","RB",31,7,NA,0,0,0,NA,122,0,0,0,NA,NA,NA,NA,NA,NA,NA
79619,"Knowshon Moreno","FA","RB",29,7,NA,0,0,0,NA,122,0,0,0,NA,NA,NA,NA,NA,NA,NA
79625,"Bear Pascoe","NE","TE",30,7,9,0,0,0,NA,92,0,13,0,NA,NA,NA,NA,NA,NA,NA
79629,"Cedric Peerman","CIN","RB",30,7,9,0,0,0,NA,122,0,0,0,NA,NA,NA,NA,NA,NA,NA
79858,"Mark Sanchez","DAL","QB",30,7,7,0,0,0,NA,65,0,9,0,NA,NA,NA,NA,NA,NA,NA
80427,"Darrius Heyward-Bey","PIT","WR",29,7,8,0,0,0,NA,175,0,9,0,NA,NA,NA,NA,NA,NA,NA
80674,"Chris Ogbonnaya","FA","RB",30,7,NA,0,0,0,NA,122,0,0,0,NA,NA,NA,NA,NA,NA,NA
81288,"Brandon Gibson","NE","WR",29,7,9,0,0,0,NA,175,0,9,0,NA,NA,NA,NA,NA,NA,NA
81294,"Brian Hoyer","CHI","QB",31,7,9,0,0,0,NA,65,0,9,0,NA,NA,NA,NA,NA,NA,NA
81831,"Brian Hartline","FA","WR",30,7,NA,0,0,0,NA,175,0,9,0,NA,NA,NA,NA,NA,NA,NA
163982,"Will Johnson","NYG","RB",27,5,8,0,0,0,NA,122,0,0,0,NA,NA,NA,NA,NA,NA,NA
238457,"Zach Miller","CHI","TE",32,7,9,0,0,0,NA,92,0,13,0,NA,NA,NA,NA,NA,NA,NA
496812,"Erik Lorig","FA","RB",30,6,NA,0,0,0,NA,122,0,0,0,NA,NA,NA,NA,NA,NA,NA
497108,"Jimmy Clausen","FA","QB",28,6,NA,0,0,0,NA,65,0,9,0,NA,NA,NA,NA,NA,NA,NA
497121,"Thad Lewis","SF","QB",29,6,8,0,0,0,NA,65,0,9,0,NA,NA,NA,NA,NA,NA,NA
497145,"Joique Bell","FA","RB",30,6,NA,0,0,0,0,122,0,10,0,NA,NA,NA,2.73289932335511,NA,NA,NA
497172,"Anthony Dixon","FA","RB",29,6,NA,0,0,0,NA,122,0,0,0,NA,NA,NA,NA,NA,NA,NA
497174,"Jonathan Dwyer","FA","RB",27,6,NA,0,0,0,NA,122,0,0,0,NA,NA,NA,NA,NA,NA,NA
497176,"Toby Gerhart","FA","RB",29,6,NA,0,0,0,NA,122,0,0,0,NA,NA,NA,NA,NA,NA,NA
497188,"Ryan Mathews","PHI","RB",29,6,4,0,0,0,NA,122,0,0,0,NA,NA,NA,NA,NA,NA,NA
497190,"Dexter McCluster","SD","RB",28,6,11,0,0,0,NA,122,0,0,0,NA,NA,NA,NA,NA,NA,NA
497218,"Trindon Holliday","FA","WR",30,6,NA,0,0,0,NA,175,0,9,0,NA,NA,NA,NA,NA,NA,NA
497226,"Jim Dray","FA","TE",30,6,NA,0,0,0,0,92,0,13,0,NA,NA,NA,2.66405532849295,NA,NA,NA
497234,"Garrett Graham","DEN","TE",30,6,11,0,0,0,NA,92,0,13,0,NA,NA,NA,NA,NA,NA,NA
497246,"Michael Hoomanawanui","NO","TE",28,6,5,0,0,0,NA,92,0,13,0,NA,NA,NA,NA,NA,NA,NA
497250,"Anthony McCoy","FA","TE",29,6,NA,0,0,0,NA,92,0,13,0,NA,NA,NA,NA,NA,NA,NA
497256,"Tony Moeaki","FA","TE",29,6,NA,0,0,0,0,92,0,13,0,NA,NA,NA,2.66405532849295,NA,NA,NA
497260,"Seyi Ajirotutu","PHI","WR",29,6,4,0,0,0,NA,175,0,9,0,NA,NA,NA,NA,NA,NA,NA
497282,"Riley Cooper","FA","WR",29,6,NA,0,0,0,0,175,0,9,0,NA,NA,NA,2.35564219637693,NA,NA,NA
497284,"Eric Decker","NYJ","WR",29,6,11,0,0,0,NA,175,0,9,0,NA,NA,NA,NA,NA,NA,NA
497286,"Marcus Easley","BUF","WR",29,6,10,0,0,0,NA,175,0,9,0,NA,NA,NA,NA,NA,NA,NA
497288,"Jacoby Ford","FA","WR",29,6,NA,0,0,0,NA,175,0,9,0,NA,NA,NA,NA,NA,NA,NA
1037366,"Michael Palmer","FA","TE",28,6,NA,0,0,0,NA,92,0,13,0,NA,NA,NA,NA,NA,NA,NA
1037847,"Deji Karim","FA","RB",30,6,NA,0,0,0,NA,122,0,0,0,NA,NA,NA,NA,NA,NA,NA
2495158,"Leonard Hankerson","FA","WR",28,5,NA,0,0,0,NA,175,0,9,0,NA,NA,NA,NA,NA,NA,NA
2495161,"Roy Helu","FA","RB",28,5,NA,0,0,0,NA,122,0,0,0,NA,NA,NA,NA,NA,NA,NA
2495162,"Alex Henery","FA","K",29,5,NA,0,0,0,NA,33,0,5,0,NA,NA,NA,NA,NA,NA,NA
2495172,"Kendall Hunter","NO","RB",28,5,5,0,0,0,NA,122,0,0,0,NA,NA,NA,NA,NA,NA,NA
2495179,"Jerrel Jernigan","FA","WR",27,5,NA,0,0,0,NA,175,0,9,0,NA,NA,NA,NA,NA,NA,NA
2495181,"Jerrod Johnson","DAL","QB",28,5,7,0,0,0,NA,65,0,9,0,NA,NA,NA,NA,NA,NA,NA
2495211,"Niles Paul","WAS","TE",27,5,9,0,0,0,NA,92,0,13,0,NA,NA,NA,NA,NA,NA,NA
2495215,"Christian Ponder","SF","QB",28,5,8,0,0,0,0,65,0,9,0,NA,NA,NA,3.5109746737735,NA,NA,NA
2495267,"Jordan Cameron","MIA","TE",28,5,8,0,0,0,NA,92,0,13,0,NA,NA,NA,NA,NA,NA,NA
2495314,"Bruce Miller","FA","RB",29,5,NA,0,0,0,0,122,0,10,0,NA,NA,NA,2.73289932335511,NA,NA,NA
2495449,"Tandon Doss","FA","WR",27,5,NA,0,0,0,NA,175,0,9,0,NA,NA,NA,NA,NA,NA,NA
2495450,"A.J. Green","CIN","WR",28,5,9,0,0,0,NA,175,0,9,0,NA,NA,NA,NA,NA,NA,NA
2495470,"Stevan Ridley","FA","RB",27,5,NA,0,0,0,NA,122,0,0,0,NA,NA,NA,NA,NA,NA,NA
2495558,"Dwayne Bowe","FA","WR",32,9,NA,0,0,0,0,175,0,9,0,NA,NA,NA,2.35564219637693,NA,NA,NA
2495560,"Ahmad Bradshaw","FA","RB",30,9,NA,0,0,0,NA,122,0,0,0,NA,NA,NA,NA,NA,NA,NA
2495573,"Scott Chandler","FA","TE",31,9,NA,0,0,0,NA,92,0,13,0,NA,NA,NA,NA,NA,NA,NA
2495651,"Jacoby Jones","FA","WR",32,9,NA,0,0,0,NA,175,0,9,0,NA,NA,NA,NA,NA,NA,NA
2495660,"Brian Leonard","FA","RB",32,9,NA,0,0,0,NA,122,0,0,0,NA,NA,NA,NA,NA,NA,NA
2495663,"Marshawn Lynch","FA","RB",30,9,NA,0,0,0,NA,122,0,0,0,NA,NA,NA,NA,NA,NA,NA
2495801,"Miles Austin","FA","WR",32,10,NA,0,0,0,NA,175,0,9,0,NA,NA,NA,NA,NA,NA,NA
2495802,"Jason Avant","KC","WR",33,10,5,0,0,0,NA,175,0,9,0,NA,NA,NA,NA,NA,NA,NA
2495821,"Marques Colston","FA","WR",33,10,NA,0,0,0,NA,175,0,9,0,NA,NA,NA,NA,NA,NA,NA
2495824,"Jay Cutler","CHI","QB",33,10,9,0,0,0,NA,65,0,9,0,NA,NA,NA,NA,NA,NA,NA
2495825,"Owen Daniels","FA","TE",34,10,NA,0,0,0,NA,92,0,13,0,NA,NA,NA,NA,NA,NA,NA
2495838,"Bruce Gradkowski","PIT","QB",33,10,8,0,0,0,NA,65,0,9,0,NA,NA,NA,NA,NA,NA,NA
2495843,"Derek Hagan","FA","WR",32,10,NA,0,0,0,NA,175,0,9,0,NA,NA,NA,NA,NA,NA,NA
2495863,"Tarvaris Jackson","FA","QB",33,10,NA,0,0,0,NA,65,0,9,0,NA,NA,NA,NA,NA,NA,NA
2495867,"Greg Jennings","FA","WR",33,10,NA,0,0,0,NA,175,0,9,0,NA,NA,NA,NA,NA,NA,NA
2495888,"Marcedes Lewis","JAC","TE",32,10,5,0,0,0,NA,92,0,13,0,NA,NA,NA,NA,NA,NA,NA
2499248,"Kris Durham","FA","WR",28,5,NA,0,0,0,NA,175,0,9,0,NA,NA,NA,NA,NA,NA,NA
2499255,"Richard Gordon","BAL","TE",29,5,8,0,0,0,NA,92,0,13,0,NA,NA,NA,NA,NA,NA,NA
2499277,"David Ausberry","FA","TE",29,5,NA,0,0,0,NA,92,0,13,0,NA,NA,NA,NA,NA,NA,NA
2504162,"Shayne Graham","FA","K",NA,NA,NA,0,0,0,0,33,0,6,0,NA,NA,NA,1.81230923219888,NA,NA,NA
2504941,"Billy Cundiff","FA","K",36,14,NA,0,0,0,NA,33,0,5,0,NA,NA,NA,NA,NA,NA,NA
2505459,"Josh Brown","FA","K",37,13,NA,0,0,0,NA,33,0,5,0,NA,NA,NA,NA,NA,NA,NA
2505551,"Andre Johnson","FA","WR",35,13,NA,0,0,0,NA,175,0,9,0,NA,NA,NA,NA,NA,NA,NA
2505936,"Steven Jackson","NE","RB",33,12,9,0,0,0,NA,122,0,0,0,NA,NA,NA,NA,NA,NA,NA
2506004,"Jerricho Cotchery","FA","WR",34,12,NA,0,0,0,NA,175,0,9,0,NA,NA,NA,NA,NA,NA,NA
2506063,"Josh Scobee","FA","K",34,12,NA,0,0,0,NA,33,0,5,0,NA,NA,NA,NA,NA,NA,NA
2506222,"Josh Cribbs","FA","WR",33,11,NA,0,0,0,NA,175,0,9,0,NA,NA,NA,NA,NA,NA,NA
2506341,"Ronnie Brown","FA","RB",35,11,NA,0,0,0,NA,122,0,0,0,NA,NA,NA,NA,NA,NA,NA
2506400,"Vincent Jackson","TB","WR",33,11,6,0,0,0,NA,175,0,9,0,NA,NA,NA,NA,NA,NA,NA
2506619,"Daniel Fells","NYG","TE",33,10,8,0,0,0,NA,92,0,13,0,NA,NA,NA,NA,NA,NA,NA
2506871,"Fred Jackson","FA","RB",35,10,NA,0,0,0,NA,122,0,0,0,NA,NA,NA,NA,NA,NA,NA
2506885,"Santonio Holmes","FA","WR",32,10,NA,0,0,0,NA,175,0,9,0,NA,NA,NA,NA,NA,NA,NA
2506897,"Devin Hester","BAL","WR",34,10,8,0,0,0,0,175,0,9,0,NA,NA,NA,2.35564219637693,NA,0,NA
2507164,"Adrian Peterson","MIN","RB",31,9,6,0,0,0,NA,122,0,0,0,NA,NA,NA,NA,NA,NA,NA
2507170,"Zach Miller","FA","TE",31,9,NA,0,0,0,NA,92,0,13,0,NA,NA,NA,NA,NA,NA,NA
2507183,"James Jones","FA","WR",32,9,NA,0,0,0,0,175,0,9,0,NA,NA,NA,2.35564219637693,NA,NA,NA
2507237,"Jordan Palmer","FA","QB",32,9,NA,0,0,0,NA,65,0,9,0,NA,NA,NA,NA,NA,NA,NA
2507278,"Jackie Battle","FA","RB",33,9,NA,0,0,0,NA,122,0,0,0,NA,NA,NA,NA,NA,NA,NA
2507486,"Kellen Davis","FA","TE",31,8,NA,0,0,0,NA,92,0,13,0,NA,NA,NA,NA,NA,NA,NA
2507779,"Donald Brown","FA","RB",29,7,NA,0,0,0,NA,122,0,0,0,NA,NA,NA,NA,NA,NA,NA
2507883,"Jeff Cumberland","SD","TE",29,6,11,0,0,0,NA,92,0,13,0,NA,NA,NA,NA,NA,NA,NA
2508051,"John Conner","FA","RB",29,6,NA,0,0,0,NA,122,0,0,0,NA,NA,NA,NA,NA,NA,NA
2508096,"Tyler Clutts","FA","RB",32,6,NA,0,0,0,NA,122,0,0,0,NA,NA,NA,NA,NA,NA,NA
2508112,"Rob Housler","FA","TE",28,5,NA,0,0,0,0,92,0,13,0,NA,NA,NA,2.66405532849295,NA,NA,NA
2508115,"Vincent Brown","FA","WR",27,5,NA,0,0,0,0,175,0,9,0,NA,NA,NA,2.35564219637693,NA,NA,NA
2530516,"Robert Hughes","FA","RB",27,5,NA,0,0,0,NA,122,0,0,0,NA,NA,NA,NA,NA,NA,NA
2530575,"Drew Davis","FA","WR",27,4,NA,0,0,0,NA,175,0,9,0,NA,NA,NA,NA,NA,NA,NA
2530699,"Henry Hynoski","FA","RB",28,5,NA,0,0,0,NA,122,0,0,0,NA,NA,NA,NA,NA,NA,NA
2531218,"Chase Reynolds","LA","RB",29,4,8,0,0,0,NA,122,0,0,0,NA,NA,NA,NA,NA,NA,NA
2532799,"Jarrett Boykin","FA","WR",27,4,NA,0,0,0,NA,175,0,9,0,NA,NA,NA,NA,NA,NA,NA
2532802,"LaVon Brazill","FA","WR",27,4,NA,0,0,0,NA,175,0,9,0,NA,NA,NA,NA,NA,NA,NA
2532807,"Ryan Broyles","FA","WR",28,4,NA,0,0,0,NA,175,0,9,0,NA,NA,NA,NA,NA,NA,NA
2532823,"Juron Criner","FA","WR",27,4,NA,0,0,0,NA,175,0,9,0,NA,NA,NA,NA,NA,NA,NA
2532850,"T.J. Graham","FA","WR",27,4,NA,0,0,0,NA,175,0,9,0,NA,NA,NA,NA,NA,NA,NA
2532851,"Cyrus Gray","ATL","RB",27,4,11,0,0,0,NA,122,0,0,0,NA,NA,NA,NA,NA,NA,NA
2532862,"Junior Hemingway","FA","WR",28,4,NA,0,0,0,NA,175,0,9,0,NA,NA,NA,NA,NA,NA,NA
2532864,"Dan Herron","FA","RB",27,4,NA,0,0,0,0,122,0,10,0,NA,NA,NA,2.73289932335511,NA,NA,NA
2532876,"A.J. Jenkins","FA","WR",26,4,NA,0,0,0,NA,175,0,9,0,NA,NA,NA,NA,NA,NA,NA
2532894,"Ryan Lindley","FA","QB",27,4,NA,0,0,0,NA,65,0,9,0,NA,NA,NA,NA,NA,NA,NA
2532917,"Kellen Moore","DAL","QB",27,4,7,0,0,0,NA,65,0,9,0,NA,NA,NA,NA,NA,NA,NA
2532926,"Isaiah Pead","FA","RB",27,4,NA,0,0,0,0,122,0,10,0,NA,NA,NA,2.73289932335511,NA,NA,NA
2532960,"Nick Toon","FA","WR",28,4,NA,0,0,0,NA,175,0,9,0,NA,NA,NA,NA,NA,NA,NA
2532968,"Blair Walsh","FA","K",26,4,NA,0,0,0,NA,33,0,5,0,NA,NA,NA,NA,NA,NA,NA
2532970,"Brandon Weeden","HOU","QB",33,4,9,0,0,0,NA,65,0,9,0,NA,NA,NA,NA,NA,NA,NA
2533012,"Vick Ballard","FA","RB",26,4,NA,0,0,0,NA,122,0,0,0,NA,NA,NA,NA,NA,NA,NA
2533028,"James Hanna","DAL","TE",27,4,7,0,0,0,NA,92,0,13,0,NA,NA,NA,NA,NA,NA,NA
2533030,"Jonas Gray","FA","RB",26,4,NA,0,0,0,NA,122,0,0,0,NA,NA,NA,NA,NA,NA,NA
2533031,"Andrew Luck","IND","QB",27,4,10,0,0,0,NA,65,0,9,0,NA,NA,NA,NA,NA,NA,NA
2533033,"Robert Griffin","CLE","QB",26,4,13,0,0,0,NA,65,0,9,0,NA,NA,NA,NA,NA,NA,NA
2533036,"LaMichael James","FA","RB",27,4,NA,0,0,0,NA,122,0,0,0,NA,NA,NA,NA,NA,NA,NA
2533037,"Chris Polk","HOU","RB",27,4,9,0,0,0,NA,122,0,0,0,NA,NA,NA,NA,NA,NA,NA
2533038,"Justin Blackmon","JAC","WR",26,4,5,0,0,0,NA,175,0,9,0,NA,NA,NA,NA,NA,NA,NA
2533039,"Alshon Jeffery","CHI","WR",26,4,9,0,0,0,NA,175,0,9,0,NA,NA,NA,NA,NA,NA,NA
2533047,"Orson Charles","DET","TE",25,4,10,0,0,0,0,92,0,13,0,NA,NA,NA,2.66405532849295,NA,NA,NA
2533349,"Austin Davis","DEN","QB",27,4,11,0,0,0,0,65,0,9,0,NA,NA,NA,3.5109746737735,NA,NA,NA
2533444,"Randy Bullock","FA","K",27,4,NA,0,0,0,0,33,0,5,0,NA,NA,NA,1.81230923219888,NA,NA,NA
2533533,"Rueben Randle","FA","WR",25,4,NA,0,0,0,NA,175,0,9,0,NA,NA,NA,NA,NA,NA,NA
2533537,"Stephen Hill","FA","WR",25,4,NA,0,0,0,NA,175,0,9,0,NA,NA,NA,NA,NA,NA,NA
2533540,"Edwin Baker","FA","RB",25,4,NA,0,0,0,NA,122,0,0,0,NA,NA,NA,NA,NA,NA,NA
2533545,"Bernard Pierce","FA","RB",25,4,NA,0,0,0,NA,122,0,0,0,NA,NA,NA,NA,NA,NA,NA
2534244,"Chase Ford","FA","TE",26,4,NA,0,0,0,NA,92,0,13,0,NA,NA,NA,NA,NA,NA,NA
2534437,"Austin Johnson","FA","RB",27,3,NA,0,0,0,0,122,0,10,0,NA,NA,NA,2.73289932335511,NA,NA,NA
2534796,"Bryce Brown","FA","RB",25,4,NA,0,0,0,NA,122,0,0,0,NA,NA,NA,NA,NA,NA,NA
2534870,"Alex Tanney","FA","QB",29,4,NA,0,0,0,NA,65,0,9,0,NA,NA,NA,NA,NA,NA,NA
2534871,"Derrick Coleman","FA","RB",26,4,NA,0,0,0,NA,122,0,0,0,NA,NA,NA,NA,NA,NA,NA
2534889,"Matt Simms","FA","QB",28,4,NA,0,0,0,NA,65,0,9,0,NA,NA,NA,NA,NA,NA,NA
2535634,"Chris Givens","FA","WR",27,4,NA,0,0,0,0,175,0,9,0,NA,NA,NA,2.35564219637693,NA,NA,NA
2535696,"Joe Banyard","JAC","RB",28,4,5,0,0,0,0,122,0,10,0,NA,NA,NA,2.73289932335511,NA,NA,NA
2535876,"Griff Whalen","FA","WR",26,4,NA,0,0,0,NA,175,0,9,0,NA,119.5,7.5,5.13382235305825,NA,NA,NA
2535882,"Mike Brown","FA","WR",27,4,NA,0,0,0,NA,175,0,9,0,NA,NA,NA,NA,NA,NA,NA
2536031,"Damaris Johnson","FA","WR",27,4,NA,0,0,0,NA,175,0,9,0,NA,NA,NA,NA,NA,NA,NA
2536071,"Cooper Helfet","FA","TE",27,5,NA,0,0,0,NA,92,0,13,0,NA,NA,NA,NA,NA,NA,NA
2536532,"Jorvorskie Lane","FA","RB",29,4,NA,0,0,0,NA,122,0,0,0,NA,NA,NA,NA,NA,NA,NA
2537931,"Josh Gordon","CLE","WR",25,4,13,0,0,0,NA,175,0,9,0,NA,NA,NA,NA,NA,NA,NA
2539202,"Chris Gragg","BUF","TE",26,3,10,0,0,0,NA,92,0,13,0,NA,NA,NA,NA,NA,NA,NA
2539214,"Kenbrell Thompkins","FA","WR",28,3,NA,0,0,0,NA,175,0,9,0,NA,NA,NA,NA,NA,NA,NA
2539246,"Chris Harper","FA","WR",27,3,NA,0,0,0,NA,175,0,9,0,NA,NA,NA,NA,NA,NA,NA
2539256,"Aaron Dobson","FA","WR",25,3,NA,0,0,0,0,175,0,9,0,NA,NA,NA,2.35564219637693,NA,NA,NA
2539258,"Zac Dysert","FA","QB",26,3,NA,0,0,0,NA,65,0,9,0,NA,NA,NA,NA,NA,NA,NA
2539327,"Joseph Fauria","FA","TE",26,3,NA,0,0,0,NA,92,0,13,0,NA,NA,NA,NA,NA,NA,NA
2539341,"Montee Ball","FA","RB",26,3,NA,0,0,0,NA,122,0,0,0,NA,NA,NA,NA,NA,NA,NA
2539674,"Rodney Smith","FA","WR",26,3,NA,0,0,0,NA,175,0,9,0,NA,NA,NA,NA,NA,NA,NA
2539980,"Kerwynn Williams","ARI","RB",25,3,9,0,0,0,NA,122,0,0,0,NA,NA,NA,NA,NA,NA,NA
2540005,"Marlon Brown","DEN","WR",25,3,11,0,0,0,0,175,0,9,0,NA,NA,NA,2.35564219637693,NA,NA,NA
2540154,"Keenan Allen","SD","WR",24,3,11,0,0,0,NA,175,0,9,0,NA,NA,NA,NA,NA,NA,NA
2540156,"Giovani Bernard","CIN","RB",25,3,9,0,0,0,NA,122,0,0,0,NA,NA,NA,NA,NA,NA,NA
2540157,"Stedman Bailey","LA","WR",26,3,8,0,0,0,NA,175,0,9,0,NA,NA,NA,NA,NA,NA,NA
2540168,"Eddie Lacy","GB","RB",25,3,4,0,0,0,NA,122,0,0,0,NA,NA,NA,NA,NA,NA,NA
2540171,"Joseph Randle","FA","RB",25,3,NA,0,0,0,NA,122,0,0,0,NA,NA,NA,NA,NA,NA,NA
2540173,"Tyler Bray","KC","QB",25,3,5,0,0,0,NA,65,0,9,0,NA,NA,NA,NA,NA,NA,NA
2540181,"Josh Boyce","FA","WR",25,3,NA,0,0,0,NA,175,0,9,0,NA,NA,NA,NA,NA,NA,NA
2540225,"Tommy Bohanon","FA","RB",26,3,NA,0,0,0,0,122,0,10,0,NA,NA,NA,2.73289932335511,NA,NA,NA
2540233,"Nick Kasa","FA","TE",26,3,NA,0,0,0,NA,92,0,13,0,NA,NA,NA,NA,NA,NA,NA
2540257,"Justice Cunningham","FA","TE",25,3,NA,0,0,0,NA,92,0,13,0,NA,NA,NA,NA,NA,NA,NA
2540261,"Corey Fuller","FA","WR",26,3,NA,0,0,0,NA,175,0,9,0,NA,NA,NA,NA,NA,NA,NA
2540269,"C.J. Anderson","DEN","RB",25,3,11,0,0,0,NA,122,0,0,0,NA,NA,NA,NA,NA,NA,NA
2540279,"Nick Williams","FA","WR",26,3,NA,0,0,0,NA,175,0,9,0,NA,NA,NA,NA,NA,NA,NA
2541096,"Ifeanyi Momah","FA","TE",27,3,NA,0,0,0,NA,92,0,13,0,NA,NA,NA,NA,NA,NA,NA
2541185,"Ryan Griffin","TB","QB",27,3,6,0,0,0,NA,65,0,9,0,NA,NA,NA,NA,NA,NA,NA
2541314,"Justin Brown","FA","WR",25,3,NA,0,0,0,NA,175,0,9,0,NA,NA,NA,NA,NA,NA,NA
2541390,"Kevin Dorsey","NE","WR",26,3,9,0,0,0,NA,175,0,9,0,NA,NA,NA,NA,NA,NA,NA
2541429,"B.J. Daniels","FA","QB",27,3,NA,0,0,0,NA,65,0,9,0,NA,NA,NA,NA,NA,NA,NA
2541432,"Michael Cox","FA","RB",27,3,NA,0,0,0,NA,122,0,0,0,NA,NA,NA,NA,NA,NA,NA
2541512,"Brian Leonhardt","OAK","TE",26,3,10,0,0,0,NA,92,0,13,0,NA,NA,NA,NA,NA,NA,NA
2541778,"Kendall Gaskins","FA","RB",26,3,NA,0,0,0,NA,122,0,0,0,NA,NA,NA,NA,NA,NA,NA
2541910,"George Winn","FA","RB",26,3,NA,0,0,0,NA,122,0,0,0,NA,NA,NA,NA,NA,NA,NA
2541940,"Rashad Ross","WAS","WR",26,3,9,0,0,0,NA,175,0,9,0,NA,NA,NA,NA,NA,NA,NA
2541966,"Jaron Brown","ARI","WR",26,3,9,0,0,0,NA,175,0,9,0,NA,NA,NA,NA,NA,NA,NA
2542022,"Khiry Robinson","FA","RB",27,3,NA,0,0,0,NA,122,0,0,0,NA,NA,NA,NA,NA,NA,NA
2542060,"Jordan Gay","BUF","K",NA,NA,10,0,0,0,NA,33,0,5,0,NA,NA,NA,NA,NA,0,NA
2543462,"Johnny Manziel","FA","QB",24,2,NA,0,0,0,NA,65,0,9,0,NA,NA,NA,NA,NA,NA,NA
2543465,"Teddy Bridgewater","MIN","QB",24,2,6,0,0,0,NA,65,0,9,0,NA,NA,NA,NA,NA,NA,NA
2543502,"Tre Mason","LA","RB",23,2,8,0,0,0,NA,122,0,0,0,NA,NA,NA,NA,NA,NA,NA
2543533,"Patrick Murray","CLE","K",25,2,13,0,0,0,NA,33,0,5,0,NA,NA,NA,NA,NA,NA,NA
2543565,"Andre Williams","FA","RB",24,2,NA,0,0,0,NA,122,0,0,0,NA,NA,NA,NA,NA,NA,NA
2543570,"Storm Johnson","FA","RB",24,2,NA,0,0,0,NA,122,0,0,0,NA,NA,NA,NA,NA,NA,NA
2543572,"Martavis Bryant","PIT","WR",25,2,8,0,0,0,NA,175,0,9,0,NA,NA,NA,NA,NA,NA,NA
2543587,"Aaron Murray","FA","QB",26,2,NA,0,0,0,0,65,0,9,0,NA,NA,NA,3.5109746737735,NA,NA,NA
2543596,"Dri Archer","BUF","RB",25,2,10,0,0,0,0,122,0,10,0,NA,NA,NA,2.73289932335511,NA,NA,NA
2543600,"Alfred Blue","HOU","RB",25,2,9,0,0,0,NA,122,0,0,0,NA,NA,NA,NA,NA,NA,NA
2543605,"Zach Mettenberger","PIT","QB",25,2,8,0,0,0,0,65,0,9,0,NA,NA,NA,3.5109746737735,NA,NA,NA
2543628,"Troy Niklas","ARI","TE",24,2,9,0,0,0,NA,92,0,13,0,NA,NA,NA,NA,NA,NA,NA
2543646,"Bruce Ellington","SF","WR",25,2,8,0,0,0,NA,175,0,9,0,NA,NA,NA,NA,NA,NA,NA
2543655,"Tyler Gaffney","FA","RB",25,2,NA,0,0,0,NA,122,0,0,0,NA,NA,NA,NA,NA,NA,NA
2543682,"Bishop Sankey","FA","RB",24,2,NA,0,0,0,NA,122,0,0,0,NA,NA,NA,NA,NA,NA,NA
2543690,"Marion Grice","FA","RB",24,2,NA,0,0,0,NA,122,0,0,0,NA,NA,NA,NA,NA,NA,NA
2543746,"Josh Huff","FA","WR",25,2,NA,0,0,0,0,175,0,9,0,NA,NA,NA,2.35564219637693,NA,NA,NA
2543767,"Logan Thomas","FA","QB",25,2,NA,0,0,0,NA,65,0,9,0,NA,NA,NA,NA,NA,NA,NA
2543774,"Jared Abbrederis","FA","WR",26,2,NA,0,0,0,NA,175,0,9,0,NA,NA,NA,NA,NA,NA,NA
2543777,"Robert Herron","FA","WR",24,2,NA,0,0,0,NA,175,0,9,0,NA,NA,NA,NA,NA,NA,NA
2543781,"Zach Hocker","FA","K",25,2,NA,0,0,0,NA,33,0,5,0,NA,NA,NA,NA,NA,NA,NA
2543784,"Keith Wenning","FA","QB",25,2,NA,0,0,0,NA,65,0,9,0,NA,NA,NA,NA,NA,NA,NA
2543792,"Matt Hazel","FA","WR",24,2,NA,0,0,0,NA,175,0,9,0,NA,NA,NA,NA,NA,NA,NA
2543794,"Crockett Gillmore","BAL","TE",25,2,8,0,0,0,NA,92,0,13,0,NA,NA,NA,NA,NA,NA,NA
2543836,"T.J. Jones","FA","WR",24,2,NA,0,0,0,NA,175,0,9,0,NA,NA,NA,NA,NA,NA,NA
2550158,"Nate Freese","FA","K",26,2,NA,0,0,0,NA,33,0,5,0,NA,NA,NA,NA,NA,NA,NA
2550163,"Michael Campanaro","BAL","WR",25,2,8,0,0,0,NA,175,0,9,0,NA,NA,NA,NA,NA,NA,NA
2550216,"Jonathan Krause","FA","WR",NA,NA,NA,0,0,0,NA,175,0,9,0,NA,NA,NA,NA,NA,NA,NA
2550233,"Rajion Neal","CLE","RB",24,2,13,0,0,0,NA,122,0,0,0,NA,NA,NA,NA,NA,NA,NA
2550243,"Justin Perillo","FA","TE",25,2,NA,0,0,0,NA,92,0,13,0,NA,NA,NA,NA,NA,NA,NA
2550247,"Bryn Renner","FA","QB",26,2,NA,0,0,0,NA,65,0,9,0,NA,NA,NA,NA,NA,NA,NA
2550310,"Carey Spear","FA","K",24,2,NA,0,0,0,NA,33,0,5,0,NA,NA,NA,NA,NA,NA,NA
2550330,"Kain Colter","FA","WR",24,2,NA,0,0,0,NA,175,0,9,0,NA,NA,NA,NA,NA,NA,NA
2550355,"Nic Jacobs","FA","TE",25,2,NA,0,0,0,0,92,0,13,0,NA,NA,NA,2.66405532849295,NA,NA,NA
2550356,"Marcel Jensen","WAS","TE",26,2,9,0,0,0,0,92,0,13,0,NA,NA,NA,2.66405532849295,NA,NA,NA
2550359,"Seantavius Jones","FA","WR",24,2,NA,0,0,0,NA,175,0,9,0,NA,NA,NA,NA,NA,NA,NA
2550376,"Stephen Morris","IND","QB",24,2,10,0,0,0,NA,65,0,9,0,NA,NA,NA,NA,NA,NA,NA
2550413,"Corey Washington","FA","WR",25,2,NA,0,0,0,NA,175,0,9,0,NA,NA,NA,NA,NA,NA,NA
2550454,"Asante Cleveland","SD","TE",24,2,11,0,0,0,NA,92,0,13,0,NA,NA,NA,NA,NA,NA,NA
2550459,"Javontee Herndon","SD","WR",25,2,11,0,0,0,NA,175,0,9,0,NA,NA,NA,NA,NA,NA,NA
2550485,"Gator Hoskins","FA","TE",25,2,NA,0,0,0,NA,92,0,13,0,NA,NA,NA,NA,NA,NA,NA
2550521,"Xavier Grimble","PIT","TE",24,2,8,0,0,0,NA,92,0,13,0,NA,NA,NA,NA,NA,NA,NA
2550529,"Silas Redd","WAS","RB",24,2,9,0,0,0,NA,122,0,10,0,NA,NA,NA,NA,NA,NA,NA
2550551,"Travis Coons","FA","K",24,2,NA,0,0,0,NA,33,0,5,0,NA,NA,NA,NA,NA,NA,NA
2550596,"Darrin Reaves","FA","RB",23,2,NA,0,0,0,NA,122,0,10,0,NA,NA,NA,NA,NA,NA,NA
2550608,"RaShaun Allen","SEA","TE",26,2,5,0,0,0,0,92,0,13,0,NA,NA,NA,2.66405532849295,NA,NA,NA
2550658,"Branden Oliver","SD","RB",25,2,11,0,0,0,NA,122,0,10,0,NA,NA,NA,NA,NA,NA,NA
2551247,"Josh Harris","PIT","RB",25,2,8,0,0,0,NA,122,0,10,0,NA,NA,NA,NA,NA,NA,NA
2551359,"Jerome Cunningham","FA","TE",25,2,NA,0,0,0,0,92,0,13,0,NA,NA,NA,2.66405532849295,NA,NA,NA
2552371,"Garrett Grayson","FA","QB",25,1,NA,0,0,0,0,65,0,9,0,NA,NA,NA,3.5109746737735,NA,NA,NA
2552374,"Ameer Abdullah","DET","RB",23,1,10,0,0,0,NA,122,0,10,0,NA,NA,NA,NA,NA,NA,NA
2552376,"David Cobb","FA","RB",23,1,NA,0,0,0,0,122,0,10,0,NA,NA,NA,2.73289932335511,NA,NA,NA
2552383,"Terrence Magee","BAL","RB",23,1,8,0,0,0,NA,122,0,10,0,NA,NA,NA,NA,NA,NA,NA
2552421,"Kenny Bell","FA","WR",24,1,NA,0,0,0,0,175,0,9,0,NA,NA,NA,2.35564219637693,NA,NA,NA
2552462,"Gerald Christian","FA","TE",25,1,NA,0,0,0,0,92,0,13,0,NA,NA,NA,2.66405532849295,NA,NA,NA
2552476,"Kenny Hilliard","FA","RB",25,1,NA,0,0,0,NA,122,0,10,0,NA,NA,NA,NA,NA,NA,NA
2552479,"DaRon Brown","KC","WR",25,1,5,0,0,0,NA,175,0,9,0,NA,NA,NA,NA,NA,NA,NA
2552576,"Sean Mannion","LA","QB",24,1,8,0,0,0,0,65,0,9,0,NA,NA,NA,3.5109746737735,NA,NA,NA
2552608,"Stefon Diggs","MIN","WR",23,1,6,0,0,0,NA,175,0,9,0,NA,NA,NA,NA,NA,NA,NA
2552616,"Duron Carter","FA","WR",25,1,NA,0,0,0,NA,175,0,9,0,NA,NA,NA,NA,NA,NA,NA
2552634,"Joey Iosefa","FA","RB",NA,NA,NA,0,0,0,0,122,0,10,0,NA,NA,NA,2.73289932335511,NA,NA,NA
2552650,"Mario Alford","FA","WR",NA,NA,NA,0,0,0,NA,175,0,9,0,NA,NA,NA,NA,NA,NA,NA
2552651,"Kaelin Clay","BAL","WR",24,1,8,0,0,0,NA,175,0,9,0,NA,NA,NA,NA,NA,NA,NA
2552654,"Geremy Davis","SD","WR",24,1,11,0,0,0,0,175,0,9,0,NA,NA,NA,2.35564219637693,NA,NA,NA
2553117,"Jarryd Hayne","FA","RB",28,1,NA,0,0,0,NA,122,0,10,0,NA,NA,NA,NA,NA,NA,NA
2553289,"Evan Spencer","FA","WR",NA,NA,NA,0,0,0,NA,175,0,9,0,NA,NA,NA,NA,NA,NA,NA
2553292,"Kennard Backman","FA","TE",23,1,NA,0,0,0,NA,92,0,13,0,NA,NA,NA,NA,NA,NA,NA
2553446,"Malcolm Johnson","FA","RB",24,1,NA,0,0,0,NA,122,0,10,0,NA,NA,NA,NA,NA,NA,NA
2553453,"Andre Debose","FA","WR",NA,NA,NA,0,0,0,NA,175,0,9,0,NA,NA,NA,NA,NA,NA,NA
2553465,"Rory Anderson","SF","TE",24,1,8,0,0,0,NA,92,0,13,0,NA,NA,NA,NA,NA,NA,NA
2553467,"Quan Bray","IND","WR",NA,NA,10,0,0,0,NA,175,0,9,0,NA,NA,NA,NA,NA,NA,NA
2553497,"Kyle Brindza","FA","K",23,1,NA,0,0,0,NA,33,0,5,0,NA,NA,NA,NA,NA,NA,NA
2553502,"DeAndre Carter","FA","WR",23,1,NA,0,0,0,NA,175,0,9,0,NA,NA,NA,NA,NA,NA,NA
2553511,"John Crockett","GB","RB",24,1,4,0,0,0,NA,122,0,10,0,NA,NA,NA,NA,NA,NA,NA
2553533,"Alonzo Harris","FA","RB",NA,NA,NA,0,0,0,NA,122,0,10,0,NA,NA,NA,NA,NA,NA,NA
2553653,"Josh Harper","OAK","WR",25,1,10,0,0,0,NA,175,0,9,0,NA,NA,NA,NA,NA,NA,NA
2553662,"Gus Johnson","FA","RB",23,1,NA,0,0,0,0,122,0,10,0,NA,NA,NA,2.73289932335511,NA,NA,NA
2553703,"Devante Davis","FA","WR",24,1,NA,0,0,0,NA,175,0,9,0,NA,NA,NA,NA,NA,NA,NA
2553728,"Raheem Mostert","FA","RB",NA,NA,NA,0,0,0,NA,122,0,10,0,NA,NA,NA,NA,NA,NA,NA
2553767,"George Farmer","SEA","WR",23,1,5,0,0,0,NA,175,0,9,0,NA,NA,NA,NA,NA,0.4,NA
2553773,"Mitchell Henry","FA","TE",NA,NA,NA,0,0,0,NA,92,0,13,0,NA,NA,NA,NA,NA,NA,NA
2553791,"E.J. Bibbs","FA","TE",25,1,NA,0,0,0,NA,92,0,13,0,NA,NA,NA,NA,NA,NA,NA
2553797,"Michael Dyer","FA","RB",26,1,NA,0,0,0,NA,122,0,10,0,NA,NA,NA,NA,NA,NA,NA
2553876,"Donteea Dye","TB","WR",NA,NA,6,0,0,0,NA,175,0,9,0,NA,NA,NA,NA,NA,NA,NA
2553879,"Jahwan Edwards","SD","RB",24,1,11,0,0,0,NA,122,0,10,0,NA,NA,NA,NA,NA,NA,NA
2553896,"Darius Jennings","FA","WR",NA,NA,NA,0,0,0,NA,175,0,9,0,NA,NA,NA,NA,NA,NA,NA
2555219,"Daniel Lasco","NO","RB",24,0,5,0,0,0,NA,122,0,10,0,NA,NA,NA,NA,NA,NA,NA
2555234,"Tyler Ervin","HOU","RB",23,0,9,0,0,0,NA,122,0,10,0,NA,NA,NA,NA,NA,NA,NA
2555261,"Jacoby Brissett","NE","QB",24,0,9,0,0,0,NA,65,0,9,0,NA,NA,NA,NA,NA,NA,NA
2555262,"Jeff Driskel","CIN","QB",23,0,9,0,0,0,0,65,0,9,0,NA,NA,NA,3.5109746737735,NA,NA,NA
2555332,"Connor Cook","OAK","QB",23,0,10,0,0,0,0,65,0,9,0,NA,NA,NA,3.5109746737735,NA,NA,NA
2555343,"Josh Doctson","WAS","WR",NA,0,9,0,0,0,NA,175,0,9,0,NA,NA,NA,NA,NA,NA,NA
2555387,"Cody Kessler","CLE","QB",23,0,13,0,0,0,NA,65,0,9,0,NA,NA,NA,NA,NA,NA,NA
2555416,"Christian Hackenberg","NYJ","QB",21,0,11,0,0,0,0,65,0,9,0,NA,NA,NA,3.5109746737735,NA,NA,NA
2555417,"C.J. Prosise","SEA","RB",22,0,5,0,0,0,NA,122,0,10,0,NA,NA,NA,NA,NA,NA,NA
2555426,"Cardale Jones","BUF","QB",24,0,10,0,0,0,0,65,0,9,0,NA,NA,NA,3.5109746737735,NA,NA,NA
2555427,"Nate Sudfeld","WAS","QB",23,0,9,0,0,0,NA,65,0,9,0,NA,NA,NA,NA,NA,NA,NA
2555459,"Keith Marshall","WAS","RB",22,0,9,0,0,0,NA,122,0,10,0,NA,NA,NA,NA,NA,NA,NA
2555471,"Kenny Lawler","FA","WR",22,0,NA,0,0,0,NA,175,0,9,0,NA,NA,NA,NA,NA,NA,NA
2555483,"Thomas Duarte","MIA","TE",21,0,8,0,0,0,0,92,0,13,0,NA,NA,NA,2.66405532849295,NA,NA,NA
2555487,"Beau Sandland","FA","TE",23,0,NA,0,0,0,NA,92,0,13,0,NA,NA,NA,NA,NA,NA,NA
2555573,"Anthony Dable","FA","WR",NA,2016,NA,0,0,0,NA,175,0,9,0,NA,NA,NA,NA,NA,NA,NA
2556144,"Daniel Braverman","FA","WR",23,0,NA,0,0,0,0,175,0,9,0,NA,NA,NA,2.35564219637693,NA,NA,NA
2556212,"Devin Fuller","ATL","WR",22,0,11,0,0,0,NA,175,0,9,0,NA,NA,NA,NA,NA,NA,NA
2556232,"Jake Rudock","DET","QB",23,0,10,0,0,0,NA,65,0,9,0,NA,NA,NA,NA,NA,NA,NA
2556261,"Moritz Boehringer","FA","WR",NA,0,NA,0,0,0,0,175,0,9,0,NA,NA,NA,2.35564219637693,NA,NA,NA
2556375,"Rico Gathers","FA","TE",22,0,NA,0,0,0,0,92,0,13,0,NA,NA,NA,2.66405532849295,NA,NA,NA
2556379,"Zac Brooks","FA","RB",23,0,NA,0,0,0,NA,122,0,10,0,NA,NA,NA,NA,NA,NA,NA
2556454,"Brandon Wilds","FA","RB",23,0,NA,0,0,0,NA,122,0,10,0,NA,NA,NA,NA,NA,NA,NA
2556473,"Jace Billingsley","FA","WR",23,0,NA,0,0,0,0,175,0,9,0,NA,NA,NA,2.35564219637693,NA,NA,NA
2556490,"Devon Cajuste","FA","WR",23,0,NA,0,0,0,0,175,0,9,0,NA,NA,NA,2.35564219637693,NA,NA,NA
2556492,"Joe Callahan","CLE","QB",23,0,13,0,0,0,NA,65,NA,9,0,NA,NA,NA,NA,NA,NA,NA
2556507,"Marshaun Coprich","FA","RB",22,0,NA,0,0,0,0,122,0,10,0,NA,NA,NA,2.73289932335511,NA,NA,NA
2556517,"Ed Eagan","BUF","WR",23,0,10,0,0,0,NA,175,0,9,0,NA,NA,NA,NA,NA,NA,NA
2556521,"Kaimi Fairbairn","HOU","K",22,0,9,0,0,0,NA,33,0,5,0,NA,NA,NA,NA,NA,NA,NA
2556528,"D.J. Foster","NE","RB",NA,0,9,0,0,0,NA,122,0,10,0,NA,NA,NA,NA,NA,NA,NA
2556528,"D.J. Foster","NE","WR",NA,0,9,0,0,0,NA,175,0,9,0,NA,NA,NA,NA,NA,NA,NA
2556541,"Aaron Green","FA","RB",24,0,NA,0,0,0,0,122,0,10,0,NA,NA,NA,2.73289932335511,NA,NA,NA
2556544,"Glenn Gronkowski","FA","RB",23,0,NA,0,0,0,0,122,0,10,0,NA,NA,NA,2.73289932335511,NA,NA,NA
2556547,"Russell Hansbrough","TB","RB",23,0,6,0,0,0,NA,122,0,10,0,NA,NA,NA,NA,NA,NA,NA
2556563,"Don Jackson","GB","RB",23,0,4,0,0,0,NA,122,0,10,0,NA,NA,NA,NA,NA,NA,NA
2556569,"Andy Jones","FA","WR",NA,0,NA,0,0,0,0,175,0,9,0,NA,NA,NA,2.35564219637693,NA,NA,NA
2556577,"Marshall Koehn","FA","K",24,0,NA,0,0,0,NA,33,NA,5,0,NA,NA,NA,NA,NA,NA,NA
2556603,"Tre Madden","SEA","RB",23,0,5,0,0,0,NA,122,0,10,0,NA,NA,NA,NA,NA,NA,NA
2556743,"Chris Hubert","ARI","WR",23,0,9,0,0,0,NA,175,0,9,0,NA,NA,NA,NA,NA,NA,NA
2556818,"Ryan OMalley","OAK","TE",23,2016,10,0,0,0,NA,92,NA,13,0,NA,NA,NA,NA,NA,NA,NA
2556851,"Keyarris Garrett","FA","WR",24,0,NA,0,0,0,0,175,NA,9,0,NA,NA,NA,2.35564219637693,NA,NA,NA
2556854,"Devon Johnson","CAR","RB",23,0,7,0,0,0,NA,122,0,10,0,NA,NA,NA,NA,NA,NA,NA
2557531,"Troymaine Pope","SEA","RB",23,0,5,0,0,0,NA,122,NA,10,0,NA,NA,NA,NA,NA,NA,NA
