"playerId","player","team","position","age","exp","bye","points","lower","upper","sdPts","positionRank","dropoff","tier","ptSpread","overallECR","positionECR","sdRank","risk","sleeper","actualPoints","salary"
2504211,"Tom Brady","NE","QB",38,15,4,23.39,19.388,27.628,5.18162136787319,1,2.78333333333333,1,8.24,NA,3.2,1.8,6.89278191542585,NA,5.26,NA
2495455,"Cam Newton","CAR","QB",26,4,5,21.1466666666667,20.732,21.516,0.499733262184271,2,1.32333333333334,1,0.784000000000006,NA,1.8,1.1,2.78723844832673,NA,32.72,NA
2543583,"Devonta Freeman","ATL","RB",23,1,10,20.46,17.124,25.14,5.58881024906017,1,3.01,1,8.01599999999999,NA,2.3,1.6,6.34194534171261,NA,12.4,NA
310,"Matt Ryan","ATL","QB",30,7,10,20.0666666666667,16.26,25.14,6.19058424814115,3,0.945,1,8.88,NA,9.9,3.4,9.3789417240679,NA,18.36,NA
2506363,"Aaron Rodgers","GB","QB",32,10,7,19.58,18.896,20.736,1.16051712611232,4,1.58666666666667,2,1.84,NA,9.5,2,4.25206182915297,NA,10.84,NA
2495454,"Julio Jones","ATL","WR",26,4,10,19.1333333333333,16.4,22.8,4.48144321991625,1,3.01333333333333,1,6.4,NA,2,1.6,6.02445541658698,NA,14.9,NA
2506109,"Ben Roethlisberger","PIT","QB",33,11,11,18.6633333333333,16.492,20.26,2.66346265852055,5,1.66,2,3.768,NA,2.3,1.6,4.87964997570166,NA,19.76,NA
2552475,"Todd Gurley","STL","RB",21,0,6,17.5,17.5,17.5,NA,2,0.811666666666667,1,0,NA,8.6,21,12.3511114496716,NA,NA,NA
2495979,"DeAngelo Williams","PIT","RB",32,9,11,17.4,16.36,18.68,1.4525839046334,3,2.195,1,2.32,NA,1.8,1.3,3.34889791835262,NA,2.1,NA
2505996,"Eli Manning","NYG","QB",34,11,11,17.3233333333333,15.962,18.97,1.97889699917235,6,0.661666666666665,3,3.008,NA,7.1,3.1,6.05005572483908,NA,17.08,NA
497095,"Sam Bradford","PHI","QB",28,5,8,16.6833333333333,13.808,19.912,3.89094247366025,7,0.053333333333331,3,6.104,NA,14.7,2.8,7.07929787472692,NA,17.6,NA
2533436,"Brock Osweiler","DEN","QB",25,3,7,16.64,15.684,16.996,1.15965512114594,8,0.170000000000002,3,1.312,NA,19.7,2.4,4.69347404543747,NA,4.28,NA
2506340,"Alex Smith","KC","QB",31,10,9,16.62,15.452,17.772,1.50372869893475,9,0.496666666666666,3,2.32,NA,16.1,3,5.60138229977516,NA,14.34,NA
2543462,"Johnny Manziel","CLE","QB",23,1,11,16.32,16.32,16.32,NA,10,0.518333333333334,3,0,NA,NA,NA,NA,NA,NA,NA
2508061,"Antonio Brown","PIT","WR",27,5,11,16.3,14.98,17.38,1.58745078663875,2,0.571666666666665,1,2.4,NA,2.6,0.9,3.12938169064047,NA,21.7,NA
2507164,"Adrian Peterson","MIN","RB",30,8,5,15.9766666666667,13.684,18.78,3.19399958255059,4,1.61166666666667,1,5.096,NA,2.8,1,4.49739283283693,NA,12.8,NA
2543496,"Odell Beckham","NYG","WR",23,1,11,15.94,15.076,16.58,1.05773342577419,3,1.12666666666667,1,1.504,NA,2.3,1.1,2.68686201095388,NA,5.4,NA
2504775,"Drew Brees","NO","QB",36,14,11,15.9266666666667,14.448,16.816,1.70321265064975,11,0.411666666666665,3,2.368,NA,5.1,2.4,5.080312184359,NA,16.42,NA
2532975,"Russell Wilson","SEA","QB",27,3,9,15.6766666666667,11.95,19.678,4.93812042515503,12,0.471666666666668,3,7.728,NA,8.1,3,8.04556462011085,NA,21.18,NA
2540165,"DeAndre Hopkins","HOU","WR",23,2,9,15.5166666666667,14.96,15.96,0.671441235949455,4,1.455,2,1,NA,3.8,1.4,2.40521567735972,NA,8.9,NA
2506581,"Ryan Fitzpatrick","NYJ","QB",33,10,5,15.3533333333333,13.352,16.712,2.30836161234182,13,0.345000000000001,3,3.36,NA,8.6,2.7,5.84250287854266,NA,7.44,NA
2543477,"Blake Bortles","JAC","QB",24,1,8,15.0566666666667,13.276,16.82,2.25002962943454,14,0.103333333333333,4,3.544,NA,8,2.7,5.80098926777905,NA,0.56,NA
2543497,"AJ McCarron","CIN","QB",25,1,7,14.96,14.532,14.788,0.226274169979695,15,0.0983333333333327,4,0.256,NA,20.3,2.5,4.13971342917779,NA,14.6,NA
79860,"Matthew Stafford","DET","QB",27,6,9,14.9466666666667,11.86,17.332,3.5881099945979,16,0.648333333333332,4,5.472,NA,10.3,2.2,6.20074001848415,NA,24.92,NA
2505245,"Carson Palmer","ARI","QB",36,12,9,14.7766666666667,11.75,18.038,3.96270530488117,17,0.958333333333334,4,6.288,NA,6.1,2.5,6.79885066485031,NA,6.16,NA
2553435,"David Johnson","ARI","RB",24,0,9,14.4333333333333,13.09,15.29,1.39672235370289,5,0.385,2,2.2,NA,4.6,1.2,3.28335214810587,NA,5.9,NA
284,"Darren McFadden","DAL","RB",28,7,6,14.2966666666667,12.292,16.78,2.8101660686396,6,1.03833333333333,2,4.488,NA,8,3.1,4.77680262806111,NA,11.5,NA
2495450,"A.J. Green","CIN","WR",27,4,7,14.11,12.524,16.02,2.29484204249443,5,0.103333333333333,2,3.496,NA,8.8,3.3,4.43069447909248,NA,9.4,NA
2543498,"Brandin Cooks","NO","WR",22,1,11,14.0133333333333,12.332,15.58,2.04512428310197,6,0.071666666666669,2,3.248,NA,10.4,3.6,4.27687495527849,NA,2.2,NA
497278,"Dez Bryant","DAL","WR",27,5,6,14,14,14,NA,7,0.258333333333333,3,0,NA,NA,NA,NA,NA,NA,NA
497328,"Demaryius Thomas","DEN","WR",28,5,7,13.8833333333333,12.22,15.62,2.13092311764956,8,0.683333333333334,3,3.4,NA,14.1,3.8,4.41044753077126,NA,17.7,NA
2495240,"Tyrod Taylor","BUF","QB",26,4,8,13.82,11.108,15.332,3.73352380466497,18,0.0916666666666686,4,4.224,NA,14.5,2.3,6.41473430407403,NA,18.38,NA
81294,"Brian Hoyer","HOU","QB",30,6,9,13.8166666666667,11.73,15.41,2.53590877859069,19,0.315000000000001,4,3.68,NA,16.5,3.9,7.33052033562205,NA,10.96,NA
2552471,"T.J. Yeldon","JAC","RB",22,0,8,13.8,13.8,13.8,NA,7,1.08333333333333,2,0,NA,67,24.8,14.3411137673277,NA,NA,NA
2495824,"Jay Cutler","CHI","QB",32,9,7,13.64,11.812,14.98,2.07586126704074,20,0.318333333333332,4,3.168,NA,18.6,2.4,5.34551814584751,NA,9.9,NA
497240,"Rob Gronkowski","NE","TE",26,5,4,13.6266666666667,12.524,14.78,1.41426070203953,1,1.91333333333333,1,2.256,NA,1,0.2,3.66725286592533,NA,1.8,NA
2533039,"Alshon Jeffery","CHI","WR",25,3,7,13.6,13.6,13.6,NA,9,0.804999999999998,3,0,NA,NA,NA,NA,NA,NA,NA
2532956,"Ryan Tannehill","MIA","QB",27,3,5,13.3633333333333,11.75,14.822,1.9225070437669,21,0.138333333333332,4,3.072,NA,23.1,2.6,5.45739210482876,NA,23.7,NA
2543499,"Derek Carr","OAK","QB",24,1,6,13.28,11.468,15.388,2.53242966338653,22,0.693333333333335,4,3.92,NA,15.9,2.6,5.89146084319245,NA,9.96,NA
2532917,"Kellen Moore","DAL","QB",26,3,6,13.17,11.877,12.973,0.968736290225571,23,1.325,5,1.096,NA,28.5,1.4,3.45253702578583,NA,20.4,NA
2507166,"Ted Ginn","CAR","WR",30,8,5,12.8,12.8,12.8,NA,10,0.238333333333333,3,0,NA,33.9,20.4,11.317591381507,NA,NA,NA
2495893,"Brandon Marshall","NYJ","WR",31,9,5,12.79,10.656,14.52,2.56852097519175,11,0.476666666666667,3,3.864,NA,5,0.9,4.0476141297305,NA,18.6,NA
234,"Matt Forte","CHI","RB",30,7,7,12.7166666666667,11.12,13.88,1.96362759537885,8,0.203333333333335,2,2.76,NA,16.9,7.9,5.43715275393797,NA,17,NA
2507999,"Chris Ivory","NYJ","RB",27,5,5,12.7166666666667,10.14,14.9,3.43523410167827,8,0.611666666666666,2,4.76,NA,17.7,5.8,5.92421663724238,NA,8.1,NA
100004,"Panthers","CAR","DST",NA,NA,5,12.4,12.24,12.56,0.282842712474619,1,0.275,1,0.319999999999999,NA,3.4,2.5,1.9451163916291,NA,12,NA
80429,"Jeremy Maclin","KC","WR",27,6,9,12.3333333333333,10.96,13.36,1.67729941672122,12,0.0883333333333329,3,2.4,NA,12.7,3.1,3.79943641270917,NA,11.4,NA
2543603,"Jeremy Hill","CIN","RB",23,1,7,12.31,9.566,11.726,1.37815093513011,10,0.439999999999998,3,2.16,NA,17.7,3.5,3.87250377790212,NA,17.5,NA
2543572,"Martavis Bryant","PIT","WR",24,1,11,12.2933333333333,11.084,13.18,1.48463238996505,13,0.138333333333334,3,2.096,NA,12.8,3.5,3.72564809731416,NA,0,NA
100013,"Texans","HOU","DST",NA,NA,9,12.25,7.81,12.69,4.31335136523794,2,0.300000000000001,1,4.88,NA,7,2.8,5.54765658632231,NA,29,NA
2543457,"Sammy Watkins","BUF","WR",22,1,8,12.1966666666667,10.938,13.898,2.08351465877573,14,0.276666666666667,3,2.96,NA,16.1,4.1,4.44597935473373,NA,13.6,NA
2543509,"Allen Robinson","JAC","WR",22,1,8,12.1133333333333,9.992,14.36,2.74345281230302,15,0.386666666666667,3,4.368,NA,6.9,3.4,4.87720622292882,NA,10.8,NA
2543605,"Zach Mettenberger","TEN","QB",24,1,4,12.0033333333333,10.892,13.556,1.91969615651366,24,0.34,5,2.664,NA,27.4,3.6,6.5604558736021,NA,4.92,NA
100017,"Rams","STL","DST",NA,NA,6,12,11.68,12.32,0.565685424949239,3,0.0999999999999996,1,0.640000000000001,NA,6.8,2.7,2.40474676498008,NA,7,NA
100012,"Titans","TEN","DST",NA,NA,4,11.9,8.7,11.1,2.12132034355964,4,0.0999999999999996,2,2.4,NA,16.7,4,5.16386618119932,NA,3,NA
100027,"Steelers","PIT","DST",NA,NA,11,11.9,4.96,11.04,5.37401153701776,4,0.225,2,6.08,NA,7.3,2.9,6.52002530732461,NA,19,NA
2495461,"Shaun Draughn","CLE","RB",28,4,11,11.9,11.9,11.9,NA,11,0.116666666666665,3,0,NA,NA,NA,NA,NA,NA,NA
4383,"Tim Hightower","NO","RB",29,7,11,11.84,1.184,10.656,8.37214428924873,12,0.183333333333335,3,9.472,NA,5.9,2.1,8.43407747528282,NA,16.7,NA
71309,"Graham Gano","CAR","K",28,6,5,11.8222222222222,10.7733333333333,12.8,1.27598908621828,1,1.28611111111111,1,2.02666666666667,NA,3,2.2,2.69315005390033,NA,9,NA
1060,"Gary Barnidge","CLE","TE",30,7,11,11.7933333333333,10.304,13.2,1.8188274611225,2,0.591666666666669,2,2.896,NA,5.8,2,4.6505959153347,NA,6.6,NA
497284,"Eric Decker","NYJ","WR",28,5,5,11.7266666666667,8.844,14.22,3.46412086009327,16,0.113333333333333,3,5.376,NA,8.8,3.4,5.55171533248877,NA,11,NA
2541161,"Latavius Murray","OAK","RB",25,2,6,11.7266666666667,6.916,13.876,4.35202634795946,13,0.293333333333333,3,6.96,NA,10.6,4.3,6.17744913541593,NA,5.6,NA
2543500,"Jordan Matthews","PHI","WR",23,1,8,11.7266666666667,9.264,13.6,2.99535195483491,16,0.268333333333333,3,4.336,NA,19.7,5.4,5.64566291431854,NA,17.4,NA
100006,"Bengals","CIN","DST",NA,NA,7,11.7,11.62,11.78,0.14142135623731,6,0.224999999999998,3,0.16,NA,4.6,2.5,1.83087738634805,NA,9,NA
2506121,"Philip Rivers","SD","QB",34,11,10,11.6866666666667,10.272,13.296,1.93642281884234,25,0.0549999999999979,5,3.024,NA,21.6,2.8,5.68830850430001,NA,14.62,NA
100024,"Jets","NYJ","DST",NA,NA,5,11.65,9.81,11.49,1.48492424049175,7,0.424999999999999,3,1.68,NA,12.9,3.6,4.18748593185684,NA,4,NA
2532888,"Case Keenum","STL","QB",27,3,6,11.64,9.656,13.624,3.50724963468527,26,0.573333333333334,5,3.968,NA,29.6,2,5.92218060570954,NA,9.44,NA
2495700,"Greg Olsen","CAR","TE",30,8,5,11.6333333333333,10.56,12.56,1.28970280814354,3,1.23833333333333,2,2,NA,2.5,0.7,3.73680226306303,NA,1.6,NA
2495441,"Blaine Gabbert","SF","QB",26,4,10,11.6233333333333,9.896,12.96,1.91510661147972,27,1.21,5,3.064,NA,26.5,3,5.8941510637873,NA,15.86,NA
2552375,"Cameron Artis-Payne","CAR","RB",23,0,5,11.5866666666667,9.988,13.14,1.97244349306471,14,0.430000000000001,3,3.152,NA,24.2,7.4,5.31244346397684,NA,12.1,NA
2532977,"Kendall Wright","TEN","WR",26,3,4,11.5,11.5,11.5,NA,18,0.176666666666666,3,0,NA,76.8,20.9,11.5839372521504,NA,NA,NA
2532790,"Travis Benjamin","CLE","WR",26,3,11,11.4166666666667,7.47,16.83,6.65626271516782,19,0.265000000000001,3,9.36,NA,36.1,8,9.76459084331386,NA,5.3,NA
100009,"Broncos","DEN","DST",NA,NA,7,11.3,8.96,11.84,2.54558441227157,8,0.324999999999999,3,2.88,NA,1.4,1,2.0392977552093,NA,9,NA
2543773,"James White","NE","RB",23,1,4,11.28,9.152,10.48,0.844511693228696,15,0.436666666666666,3,1.328,NA,18,6.6,4.30819889726014,NA,6.8,NA
2507183,"James Jones","GB","WR",31,8,7,11.23,9.692,12.42,1.86405472022685,20,0.158333333333333,4,2.728,NA,39.7,6.3,4.82653678627249,NA,10.2,NA
100026,"Cardinals","ARI","DST",NA,NA,9,11.15,10.71,11.59,0.777817459305202,9,0.4,3,0.879999999999997,NA,9.9,3.6,3.6162909054516,NA,-3,NA
2495647,"Calvin Johnson","DET","WR",30,8,9,11.0733333333333,6.984,12.104,3.20251984120838,21,0.0366666666666671,4,5.12,NA,11.9,4.4,5.57321578387277,NA,19.7,NA
497326,"Golden Tate","DET","WR",27,5,9,11.07,8.568,13.2,3.00494592297432,22,0.0683333333333334,4,4.632,NA,24,4.1,5.30839275496844,NA,3.4,NA
2533034,"Lamar Miller","MIA","RB",24,3,5,11.0333333333333,5.98,13.02,4.43771713083803,16,0.418333333333333,3,7.04,NA,15.9,3.9,6.13309216791677,NA,6.3,NA
71269,"Michael Crabtree","OAK","WR",28,6,6,11.0033333333333,7.428,14.06,4.29441885862725,23,0.081666666666667,4,6.632,NA,29.9,6.8,7.2344085318514,NA,9.4,NA
2506400,"Vincent Jackson","TB","WR",32,10,6,11,11,11,NA,24,0.196666666666665,4,0,NA,NA,NA,NA,NA,NA,NA
2543488,"Jarvis Landry","MIA","WR",23,1,5,10.8433333333333,8.584,12.96,2.75238684296618,25,0.188333333333333,4,4.376,NA,17.3,3.3,4.858933440007,NA,7.2,NA
100021,"Patriots","NE","DST",NA,NA,4,10.8,5.26,10.54,4.66690475583121,10,0.475000000000001,4,5.28,NA,5.3,1.9,4.79306846697498,NA,5,NA
2495966,"Delanie Walker","TEN","TE",31,9,4,10.77,7.868,12.98,3.52883833577,4,0.764999999999999,2,5.112,NA,4.2,1.7,6.0140660603235,NA,13,NA
2530747,"Doug Baldwin","SEA","WR",27,4,9,10.7633333333333,5.838,12.718,4.30046896667484,26,0.311666666666666,4,6.88,NA,12.2,6.4,7.13353278096387,NA,4.6,NA
100016,"Chiefs","KC","DST",NA,NA,9,10.7,9.02,10.78,1.5556349186104,11,1.85,4,1.76,NA,3.7,2.1,2.51096271358078,NA,14,NA
2532899,"Doug Martin","TB","RB",26,3,6,10.6533333333333,9.528,12.68,1.98154821625247,17,0.184999999999999,3,3.152,NA,7.4,2.3,3.98346260111639,NA,10.8,NA
2550545,"Chris Boswell","PIT","K",26,1,11,10.65,9.57,11.73,1.90918830920368,2,0.238888888888887,1,2.16,NA,6.8,3.4,4.56277240445972,NA,8,NA
2540168,"Eddie Lacy","GB","RB",24,2,7,10.5766666666667,7.586,13.906,3.96139285268873,18,0.238333333333335,3,6.32,NA,14.9,5,6.08548810925628,NA,4.1,NA
497322,"Emmanuel Sanders","DEN","WR",28,5,7,10.5466666666667,6.768,11.328,2.85000584794722,27,0.321666666666665,4,4.56,NA,20.4,3.6,5.03020368862481,NA,6.9,NA
2543465,"Teddy Bridgewater","MIN","QB",23,1,5,10.51,10.256,10.536,0.185202591774521,28,0.331666666666665,6,0.280000000000001,NA,21.2,2.9,4.55250936174946,NA,1.16,NA
2541556,"Brandon McManus","DEN","K",24,1,7,10.4222222222222,9.61333333333333,11.5333333333333,1.36680216130505,3,0.127777777777778,2,1.92,NA,8.5,3.5,4.1921694981941,NA,10,NA
2550325,"Chandler Catanzaro","ARI","K",24,1,9,10.4,9.56,11.5333333333333,1.38724346977899,4,0.294444444444446,2,1.97333333333333,NA,4.4,2.3,2.90068358900484,NA,0,NA
2550268,"Charcandrick West","KC","RB",24,1,9,10.36,9.372,10.748,1.21622366364086,19,0.134166666666665,3,1.376,NA,11.1,4.7,4.07261642328588,NA,3.2,NA
2495448,"Randall Cobb","GB","WR",25,4,7,10.3566666666667,7.594,13.434,3.71303559548428,28,0.268333333333333,4,5.84,NA,28.2,5.5,6.34401335569954,NA,3.7,NA
497188,"Ryan Mathews","PHI","RB",28,5,8,10.3166666666667,7.38,10.22,2.0076935357104,20,0.406666666666666,3,2.84,NA,28.1,5.2,4.76122827574001,NA,1.8,NA
2532820,"Kirk Cousins","WAS","QB",27,3,8,10.3166666666667,9.974,10.262,0.180092568789869,29,0.276666666666667,7,0.288,NA,21.2,6.2,8.19558458316441,NA,19.04,NA
2506386,"Mike Nugent","CIN","K",33,10,7,10.1888888888889,8.91333333333333,11.58,1.68533983824342,5,0.188888888888888,2,2.66666666666667,NA,13.2,3.2,4.14652038384968,NA,8,NA
2552379,"Jeremy Langford","CHI","RB",24,0,7,10.135,7.893,12.077,3.69816846560564,21,0.5825,3,4.184,NA,19.5,6.6,6.31896108650998,NA,1.4,NA
2550353,"Allen Hurns","JAC","WR",24,1,8,10.0933333333333,8.064,12.16,2.56127572380119,29,0.038333333333334,4,4.096,NA,19,4.2,4.91977431132028,NA,1.7,NA
2543468,"Mike Evans","TB","WR",22,1,6,10.0833333333333,7.17,13.41,4.00135393752331,30,0.190000000000001,4,6.24,NA,19.9,3.6,6.10780769379024,NA,9.9,NA
2533349,"Austin Davis","CLE","QB",26,3,11,10.04,0.9,11.204,6.60743016106363,30,0.577500000000002,7,10.304,NA,26.9,3.2,9.45458910241043,NA,2.8,NA
2501078,"Matt Hasselbeck","IND","QB",40,17,10,10.04,10.04,10.04,NA,31,1.25083333333333,7,0,NA,NA,NA,NA,NA,NA,NA
2506106,"Larry Fitzgerald","ARI","WR",32,11,9,10.0266666666667,5.756,11.596,3.65624579771838,31,0.414999999999999,4,5.84,NA,23,4.1,5.91797673738191,NA,11.5,NA
2506922,"Stephen Gostkowski","NE","K",31,9,4,10.0222222222222,8.65333333333333,11.5333333333333,1.82614753369349,6,0.205555555555556,2,2.88,NA,1.5,0.9,1.76106147946287,NA,4,NA
2540258,"Travis Kelce","KC","TE",26,2,9,10.02,8.128,11.76,2.2937305857489,5,0.0300000000000011,2,3.632,NA,5.9,2.1,5.09399870818988,NA,1,NA
238457,"Zach Miller","CHI","TE",31,6,7,9.99,0.999000000000001,8.991,7.06399674405361,6,0.0150000000000006,3,7.992,NA,8.3,2.5,9.33437485348593,NA,NA,NA
238457,"Zach Miller","CHI","TE",31,6,7,9.99,0.999000000000001,8.991,7.06399674405361,6,0.316666666666668,3,7.992,NA,7,1,8.8046272683858,NA,NA,NA
2550636,"Cairo Santos","KC","K",24,1,9,9.97777777777778,8.78666666666667,11.4533333333333,1.77680528956806,7,0.377777777777778,2,2.66666666666667,NA,5,3.6,4.66394236334806,NA,3,NA
2540158,"Zach Ertz","PHI","TE",25,2,8,9.96,5.924,11.54,3.51209339283567,7,0.618333333333332,3,5.616,NA,6.5,3.1,6.49410813863239,NA,15.2,NA
100005,"Bears","CHI","DST",NA,NA,7,9.95,6.79,7.51,0.636396103067892,12,2.3,4,0.72,NA,19.8,2.9,2.69301863040948,NA,4,NA
2532841,"Michael Floyd","ARI","WR",26,3,9,9.76,4.256,12.736,5.33261661850915,32,0.403333333333334,4,8.48,NA,17.3,5.5,7.85985987761811,NA,1.6,NA
2495328,"Bilal Powell","NYJ","RB",27,4,5,9.685,6.543,11.927,4.75882863738547,22,0.271666666666667,3,5.384,NA,25.2,12,8.4802793682722,NA,NA,NA
2495259,"Dan Bailey","DAL","K",27,4,6,9.65555555555556,7.99333333333333,11.46,2.18843762973937,8,0.133333333333333,2,3.46666666666667,NA,18,5.4,6.99237471283947,NA,6,NA
2506264,"Robbie Gould","CHI","K",33,10,7,9.54444444444444,8.10666666666667,11.3333333333333,2.15518324390638,9,0.0555555555555571,2,3.22666666666666,NA,17.7,5,6.52643965410557,NA,9,NA
2534797,"Greg Zuerlein","STL","K",28,3,6,9.5,6.6,11.8,3.5,10,0.116666666666667,2,5.2,NA,22.7,5.1,7.8250428612086,NA,11,NA
2506677,"Matt Prater","DET","K",31,9,9,9.47777777777778,7.34666666666667,11.5333333333333,2.62177491476742,11,0.199999999999999,2,4.18666666666667,NA,13.1,3.5,5.30217637014149,NA,8,NA
2505587,"Anquan Boldin","SF","WR",35,12,10,9.46333333333333,5.858,10.818,3.19092985402897,33,0.33,5,4.96,NA,41.8,5.3,5.80207942135985,NA,13.1,NA
2539663,"Mike Gillislee","BUF","RB",25,2,8,9.42,4.294,10.646,5.61442784262119,23,0.0341666666666658,3,6.352,NA,31.3,5,7.25026037179246,NA,-0.2,NA
2552631,"Javorius Allen","BAL","RB",24,0,9,9.40666666666667,7.4,10.856,2.18669461364255,24,0.0541666666666689,3,3.456,NA,19.1,5,4.83498869708277,NA,7,NA
2540148,"Tyler Eifert","CIN","TE",25,2,7,9.38666666666667,5.652,12.772,4.51381582846856,8,0.145,3,7.12,NA,10.6,5.2,8.09653913325073,NA,11.1,NA
2550474,"Antonio Andrews","TEN","RB",23,1,4,9.365,7.847,11.183,2.9486352775479,25,0.0483333333333338,3,3.336,NA,50.1,7.1,5.92174134323185,NA,0.3,NA
2540156,"Giovani Bernard","CIN","RB",24,2,7,9.34,6.304,12.624,3.98632662986866,26,0.138333333333334,3,6.32,NA,26.8,4.3,5.91976742229813,NA,4.8,NA
2505299,"Antonio Gates","SD","TE",35,12,10,9.29666666666667,6.892,11.54,2.9259243553676,9,0.684999999999999,3,4.648,NA,9.7,2.1,5.63724551968673,NA,9.4,NA
2533437,"Ronnie Hillman","DEN","RB",24,3,7,9.29333333333333,6.536,11.816,3.33888204843078,27,0.245833333333334,3,5.28,NA,27.7,5.1,5.67303473985558,NA,18.7,NA
2495150,"Kai Forbath","NO","K",28,4,11,9.28888888888889,6.89333333333333,11.5333333333333,2.91839631253828,12,0.133333333333333,2,4.64,NA,16.2,5.3,7.52888305581954,NA,9,NA
2507374,"Steven Hauschka","SEA","K",NA,NA,9,9.26666666666667,6.84,11.5333333333333,2.95371705558343,13,0.222222222222221,2,4.69333333333333,NA,7.6,4.4,6.57794930486902,NA,16,NA
2552487,"Amari Cooper","OAK","WR",21,0,6,9.25,6.21,13.49,5.23951333617923,34,0.355,5,7.28,NA,24.9,5,7.63954694454848,NA,2,NA
2543683,"Austin Seferian-Jenkins","TB","TE",23,1,6,9.18666666666667,6.708,11.14,2.99441702729151,10,1.19666666666667,3,4.432,NA,13,2.1,5.69610156576261,NA,4.8,NA
2507779,"Donald Brown","SD","RB",28,6,10,9.11,6.188,12.332,5.43058007951269,28,0.182499999999997,3,6.144,NA,40.4,6.1,7.40874301682401,NA,9.1,NA
89802,"Ryan Succop","TEN","K",29,6,4,9.04444444444444,6.30666666666667,11.5333333333333,3.31081281281221,14,0.0166666666666693,2,5.22666666666667,NA,27.3,4,6.45727380660669,NA,7,NA
2507463,"Connor Barth","TB","K",29,7,6,9.04444444444444,6.90666666666667,11.3333333333333,2.78594355317574,15,0.0388888888888896,2,4.42666666666667,NA,24.8,4.8,6.86607784407124,NA,4,NA
2552608,"Stefon Diggs","MIN","WR",22,0,5,9.01666666666667,4.23,11.43,4.52668016689199,35,0.273333333333333,5,7.2,NA,34.4,5,6.97237088789518,NA,0.8,NA
2533444,"Randy Bullock","NYJ","K",26,3,5,9.01111111111111,6.82666666666667,11.3333333333333,2.83241815284972,16,0.169444444444444,2,4.50666666666667,NA,17.5,4,6.03414003051772,NA,5,NA
2539227,"Dustin Hopkins","WAS","K",25,2,8,9,6.4,12,3.60555127546399,17,0.324999999999998,2,5.6,NA,15,4.4,7.15448808743757,NA,10,NA
2540204,"Spencer Ware","KC","RB",24,2,9,8.985,8.063,9.607,1.36471608769004,29,0.200000000000001,4,1.544,NA,43.2,5.1,4.28198508469501,NA,13.6,NA
2532970,"Brandon Weeden","HOU","QB",32,3,9,8.885,1.929,15.841,12.2965869248341,32,0.633333333333333,7,13.912,NA,27.1,3.2,13.5034389390391,NA,NA,NA
71345,"Rashad Jennings","NYG","RB",30,6,11,8.87,7.062,11.382,2.91216414372542,30,0.346666666666668,4,4.32,NA,15.6,3.7,5.00577862104393,NA,23.6,NA
2532865,"T.Y. Hilton","IND","WR",26,3,10,8.77333333333333,7.164,9.484,1.46565116359021,36,0.424999999999999,5,2.32,NA,29.7,4.6,4.000863080141,NA,4.4,NA
2539291,"Markus Wheaton","PIT","WR",24,2,11,8.71333333333333,5.208,12.808,4.91838726955628,37,0.773333333333334,5,7.6,NA,40.2,4.9,7.31235448216486,NA,11.7,NA
2552635,"Matt Jones","WAS","RB",23,0,8,8.7,8.7,8.7,NA,31,0.406666666666668,4,0,NA,55.8,11.5,7.37610565553124,NA,NA,NA
2552033,"Jameis Winston","TB","QB",21,0,6,8.69333333333333,3.676,12.188,5.68268715779193,33,2.99733333333333,7,8.512,NA,23.3,2.7,8.24393739699901,NA,14.4,NA
2553648,"Andrew Franks","MIA","K",22,0,5,8.68333333333333,6.03,11.3366666666667,4.69047498187077,18,0.0625,2,5.30666666666666,NA,23.5,4.4,8.11408881687784,NA,8,NA
2507401,"Dan Carpenter","BUF","K",30,7,8,8.66666666666667,6.6,11.1333333333333,2.96273147243853,19,0.0958333333333332,2,4.53333333333333,NA,20.3,4.2,6.36766144163485,NA,11,NA
2504162,"Shayne Graham","FA","K",NA,NA,NA,8.575,8.115,9.035,0.813172798364529,20,0.0861111111111104,3,0.919999999999998,NA,10.4,3.8,4.02988311252059,NA,7,NA
2505459,"Josh Brown","NYG","K",36,12,11,8.56666666666667,8.14,8.94,0.513160143944688,21,0.166666666666666,3,0.799999999999999,NA,6.9,3.3,3.21887338042454,NA,13,NA
2503471,"Adam Vinatieri","IND","K",43,19,10,8.41111111111111,6.44666666666667,10.98,3.12095664346212,22,0.0500000000000007,3,4.53333333333333,NA,17.5,4.2,6.50760952151682,NA,15,NA
2550551,"Travis Coons","CLE","K",23,1,11,8.38888888888889,5.93333333333333,11.1333333333333,3.30963800191255,23,0.0722222222222229,3,5.2,NA,28.3,2.4,4.71014673208628,NA,12,NA
2506404,"Frank Gore","IND","RB",32,10,10,8.34666666666667,7.5,8.652,0.73111786555475,32,0.304166666666667,4,1.152,NA,10.9,4,3.54750833455839,NA,7.6,NA
2539637,"Caleb Sturgis","PHI","K",26,2,8,8.33333333333333,7.4,9,1.15470053837925,24,0.133333333333335,3,1.6,NA,15.8,3.7,4.22282940239798,NA,5,NA
2504257,"Sebastian Janikowski","OAK","K",37,15,6,8.3,6.52,9.8,2.1377558326432,25,0.222222222222223,3,3.28,NA,19.1,4.4,5.85624234971207,NA,5,NA
4327,"Danny Woodhead","SD","RB",30,7,10,8.24,5.274,10.434,3.32404873610481,33,0.4825,4,5.16,NA,22,3.9,5.3483719026177,NA,6.2,NA
2507232,"Mason Crosby","GB","K",31,8,7,8.1,8,8.24,0.173205080756887,26,0.138888888888889,3,0.239999999999998,NA,9.8,3.3,2.91818760437826,NA,8,NA
2536340,"Justin Tucker","BAL","K",26,3,9,8.05555555555556,5.63333333333333,10.9666666666667,3.49735349678603,27,0.455555555555556,3,5.33333333333333,NA,19.4,5.2,7.93183256208087,NA,13,NA
2506122,"Benjamin Watson","NO","TE",35,11,11,8.03666666666667,4.782,9.582,3.35201929190948,11,0.305,3,4.8,NA,10.5,2.6,6.17997325035579,NA,11.9,NA
497302,"Brandon LaFell","NE","WR",29,5,4,7.98333333333333,5.83,10.79,3.40746729013403,38,0.101666666666667,5,4.96,NA,43,7.5,6.59070850509692,NA,0.7,NA
2505629,"Jason Witten","DAL","TE",33,12,6,7.94333333333333,5.446,10.246,3.02946089813573,12,0.453333333333333,3,4.8,NA,18.2,2.9,6.0087469593244,NA,11.8,NA
2543614,"Donte Moncrief","IND","WR",22,1,10,7.89666666666667,5.638,10.518,3.14944968737926,39,0.0633333333333326,5,4.88,NA,44.6,5.6,5.84315982919748,NA,-0.2,NA
2532884,"Marvin Jones","CIN","WR",25,3,7,7.86666666666667,5.36,10.8,3.52325606979302,40,0.178333333333334,5,5.44,NA,42.1,6.1,6.32619677045481,NA,3.8,NA
2500351,"Phil Dawson","SF","K",40,17,10,7.86666666666667,5.52,10.8533333333333,3.60986303218157,28,0.837499999999999,3,5.33333333333333,NA,26.5,4.3,7.04917128135719,NA,13,NA
2552380,"Karlos Williams","BUF","RB",22,0,8,7.845,3.909,8.781,4.30628029742607,34,0.281666666666666,4,4.872,NA,14,4.5,6.19758373789472,NA,8.7,NA
2495443,"Ryan Mallett","BAL","QB",27,4,9,7.81,6.842,8.474,1.04455732250557,34,4.268,8,1.632,NA,26.3,2.1,4.28004216628541,NA,10.08,NA
2533533,"Rueben Randle","NYG","WR",24,3,11,7.8,5.4,10.52,3.27414110874898,41,0.239166666666666,5,5.12,NA,39.8,4.8,5.74678804260039,NA,13.9,NA
100030,"Seahawks","SEA","DST",NA,NA,9,7.75,6.17,7.53,1.20208152801713,13,0.2,4,1.36,NA,11.7,4.8,5.34592209802802,NA,15,NA
2495473,"Shane Vereen","NYG","RB",26,4,11,7.67,4.282,11.482,4.59267895677457,35,0.238333333333334,4,7.2,NA,46.7,4.5,6.39938782339101,NA,8.4,NA
2552409,"DeVante Parker","MIA","WR",22,0,5,7.57666666666667,6.086,9.526,2.36825533533302,42,0.0575000000000001,5,3.44,NA,NA,NA,6.79024866503168,NA,16.6,NA
100022,"Saints","NO","DST",NA,NA,11,7.55,1.55,7.55,5.30330085889911,14,0.2,4,6,NA,29.5,3.9,7.61866761862848,NA,9,NA
100025,"Eagles","PHI","DST",NA,NA,8,7.55,7.35,7.75,0.353553390593274,14,0.425,4,0.4,NA,20.7,6.2,6.27855460586387,NA,10,NA
2530660,"Kamar Aiken","BAL","WR",26,4,9,7.545,5.269,7.421,1.90211724139181,43,0.0708333333333337,5,2.152,NA,25.9,3.5,4.11639295724528,NA,7.6,NA
2495438,"Kyle Rudolph","MIN","TE",26,4,5,7.52,4.192,8.912,3.28164592849381,13,0.258333333333335,3,4.72,NA,14.5,2.7,6.15481762370659,NA,0,NA
2552430,"Tyler Lockett","SEA","WR",23,0,9,7.49333333333333,5.636,9.876,2.88377067974091,44,0.274166666666668,5,4.24,NA,33.5,5.2,5.48795926895447,NA,3.6,NA
2540160,"Jordan Reed","WAS","TE",25,2,8,7.46,3.496,8.696,3.25373631383983,14,0.52,3,5.2,NA,9.7,6.4,7.43754548231812,NA,4.5,NA
2495207,"DeMarco Murray","PHI","RB",27,4,8,7.45666666666667,4.554,10.154,3.73732970626534,36,0.131666666666666,4,5.6,NA,35.6,7.2,6.50366058065829,NA,9.9,NA
2550256,"Willie Snead","NO","WR",23,1,11,7.455,6.411,7.299,0.784888527117067,45,0.553333333333333,5,0.888,NA,29.7,4.9,3.44360719320316,NA,3.5,NA
2543600,"Alfred Blue","HOU","RB",24,1,9,7.40666666666667,6.42,7.716,0.827123529669743,37,0.285,5,1.296,NA,29.1,5.1,3.90318312106961,NA,10.4,NA
2532968,"Blair Walsh","MIN","K",25,3,5,7.33333333333333,6.5,8.5,1.44337567297406,29,0.645833333333333,3,2,NA,9.8,3.8,4.58728925509033,NA,8,NA
2540269,"C.J. Anderson","DEN","RB",24,2,7,7.24333333333333,4.78,8.964,2.61794448629709,38,0.281666666666667,5,4.184,NA,22.5,5.3,5.21741150937765,NA,12,NA
100020,"Vikings","MIN","DST",NA,NA,5,7.15,6.25,6.65,0.353553390593274,16,0.0499999999999998,4,0.4,NA,13.1,3.6,3.27357388960846,NA,19,NA
100031,"Buccaneers","TB","DST",NA,NA,6,7.1,7.02,7.18,0.14142135623731,17,0.0250000000000004,4,0.16,NA,25.9,4.7,4.37355337702571,NA,4,NA
100032,"Redskins","WAS","DST",NA,NA,8,7.1,7.52,8.48,0.848528137423857,17,0.0500000000000007,4,0.960000000000001,NA,14.1,4.2,4.36686749645876,NA,12,NA
2550313,"Richard Rodgers","GB","TE",23,1,7,7.06333333333333,4.178,10.018,3.65308545387777,15,0.405,3,5.84,NA,16.2,2.5,6.40336418597456,NA,11.9,NA
100008,"Cowboys","DAL","DST",NA,NA,6,7.05,5.45,10.65,4.59619407771256,19,0.0750000000000002,4,5.2,NA,18.4,5.2,8.54996295035094,NA,3,NA
100029,"49ers","SF","DST",NA,NA,10,7.05,7.25,10.85,3.18198051533946,19,0.175,4,3.6,NA,20.1,3.1,4.98047308825723,NA,4,NA
949,"Jonathan Stewart","CAR","RB",28,7,5,7,7,7,NA,39,0.133333333333333,5,0,NA,NA,NA,NA,NA,NA,NA
2649,"Danny Amendola","NE","WR",30,7,4,6.98333333333333,5.39,8.91,2.31534734615205,46,0.178333333333333,5,3.52,NA,45.4,9.1,5.99469246352087,NA,1.7,NA
2533457,"Alfred Morris","WAS","RB",27,3,8,6.92333333333333,4.794,9.994,3.62472527694629,40,0.118333333333333,5,5.2,NA,35,8.3,6.71234316676426,NA,10,NA
100028,"Chargers","SD","DST",NA,NA,10,6.9,3.26,6.94,3.25269119345812,21,0.0749999999999993,4,3.68,NA,24.9,5.4,7.69584476296986,NA,12,NA
100018,"Raiders","OAK","DST",NA,NA,6,6.85,5.05,7.05,1.76776695296637,22,0.0749999999999993,4,2,NA,24.6,5.1,6.14960666333553,NA,11,NA
2506366,"Roddy White","ATL","WR",34,10,10,6.82,5.232,8.672,2.22467975223402,47,0.0450000000000008,5,3.44,NA,54,6.7,5.27060205829179,NA,1,NA
2495353,"Julius Thomas","JAC","TE",27,4,8,6.81666666666667,4.85,9.01,2.6459087915749,16,0.795,3,4.16,NA,8.3,3.1,5.74979200421937,NA,1.2,NA
2550189,"Isaiah Crowell","CLE","RB",22,1,11,6.81,5.12,8.184,2.18295671051902,41,0.0949999999999998,5,3.064,NA,33.8,5.4,4.93709183556742,NA,5.3,NA
100023,"Giants","NYG","DST",NA,NA,11,6.8,2.72,6.88,3.67695526217005,23,0.0500000000000007,4,4.16,NA,21,5.9,8.6164426857852,NA,1,NA
497206,"James Starks","GB","RB",29,5,7,6.8,4.64,8.16,2.36431808350738,42,0.516666666666667,5,3.52,NA,40.5,5.4,5.06488386540277,NA,4.2,NA
2539336,"Tavon Austin","STL","WR",24,2,6,6.79,5.794,6.994,0.857496355677387,48,0.041666666666667,5,1.2,NA,34.3,6,3.80454493296251,NA,3,NA
2552458,"Devin Funchess","CAR","WR",21,0,5,6.76,4.376,9.496,3.28949844201209,49,0.085,5,5.12,NA,53.8,9.6,7.03962191456454,NA,15,NA
100014,"Colts","IND","DST",NA,NA,10,6.75,5.25,10.45,4.59619407771256,24,0.0499999999999998,4,5.2,NA,13.5,4.2,7.39420113640655,NA,12,NA
100015,"Jaguars","JAC","DST",NA,NA,8,6.75,5.35,6.55,1.06066017177982,24,0.25,4,1.2,NA,21.2,4.2,4.53822600438033,NA,4,NA
2506313,"Nate Washington","HOU","WR",32,10,9,6.73666666666667,6.04,6.928,0.591636149447727,50,0.173333333333333,5,0.887999999999999,NA,41.7,7.7,4.00850110828666,NA,0.6,NA
2553112,"Jason Myers","JAC","K",NA,NA,8,6.725,5.705,7.745,1.8031222920257,30,2.05,4,2.04,NA,15.5,4.6,5.7785243865117,NA,7,NA
100003,"Bills","BUF","DST",NA,NA,8,6.65,4.25,9.45,4.59619407771256,26,0.300000000000001,4,5.2,NA,16.2,3.7,6.81632022943435,NA,11,NA
2553833,"Josh Lambo","SD","K",25,0,10,6.65,5.57,7.73,1.90918830920368,31,5.3,4,2.16,NA,28.1,4.3,5.54494688744544,NA,11,NA
2552461,"Duke Johnson","CLE","RB",22,0,11,6.63,5.8,7.392,1.03522944316707,43,0.735,5,1.592,NA,43.6,4.9,3.99745158088613,NA,4.5,NA
2539205,"Terrance Williams","DAL","WR",26,2,6,6.61333333333333,3.96,8.712,3.12258439971337,51,0.261666666666667,5,4.752,NA,48,6,5.92455361704708,NA,17.3,NA
2550546,"Philly Brown","CAR","WR",24,1,5,6.51333333333333,4.288,9.168,3.18850016988134,53,0.506666666666666,5,4.88,NA,59.3,11.7,7.50441893110428,NA,5.8,NA
2543466,"Eric Ebron","DET","TE",22,1,9,6.5,4.5,8.5,2.5,17,1.03666666666667,3,4,NA,16.3,3,5.58909544957745,NA,8.5,NA
100010,"Lions","DET","DST",NA,NA,9,6.35,4.79,6.31,1.34350288425444,27,0.0750000000000002,4,1.52,NA,15.2,3.5,3.95767074518136,NA,14,NA
100011,"Packers","GB","DST",NA,NA,7,6.35,5.25,10.45,4.59619407771256,28,0.225,4,5.2,NA,16.6,2.9,5.89171077827884,NA,11,NA
100007,"Browns","CLE","DST",NA,NA,11,6.2,4.78,6.22,1.27279220613579,29,0.175,4,1.44,NA,28.2,3.9,4.36285596811859,NA,6,NA
2543847,"John Brown","ARI","WR",25,1,9,6.19,3.86,7.756,2.43624711390286,54,0.425,5,3.896,NA,21.5,5.3,5.09573426757709,NA,4.5,NA
100002,"Ravens","BAL","DST",NA,NA,9,6.05,4.43,6.27,1.62634559672906,30,0.274999999999999,4,1.84,NA,21.8,3.8,4.53287729992677,NA,3,NA
100001,"Falcons","ATL","DST",NA,NA,10,6,4.7,5.5,0.707106781186548,31,0.45,4,0.799999999999999,NA,26.7,3.6,3.55917140281108,NA,6,NA
2543770,"Charles Sims","TB","RB",25,1,6,5.93666666666667,4.94,6.708,1.10636039938771,44,0.0850000000000009,6,1.768,NA,37.3,4.3,3.8904668916166,NA,8.9,NA
2506467,"Darren Sproles","PHI","RB",32,10,8,5.85333333333333,4.872,6.712,1.16212449132326,45,0.0150000000000006,6,1.84,NA,34.3,3.4,3.69410157945473,NA,10.4,NA
2533030,"Jonas Gray","JAC","RB",25,3,8,5.85,0.585000000000001,5.265,4.1365746699413,46,0.0299999999999994,7,4.68,NA,46,8.1,7.02063733202552,NA,2.7,NA
2552374,"Ameer Abdullah","DET","RB",22,0,9,5.82666666666667,4.42,7.364,1.97436909754315,47,0.0816666666666661,7,2.944,NA,33.4,4.8,4.63301002935802,NA,5.1,NA
2552491,"Dorial Green-Beckham","TEN","WR",22,0,4,5.82333333333333,3.78,6.876,2.11178439556062,55,0.128333333333334,5,3.096,NA,42.2,5.3,4.79205345377456,NA,8.1,NA
2543502,"Tre Mason","STL","RB",22,1,6,5.81333333333333,4.308,7.348,1.93559637665845,48,0.25,8,3.04,NA,28,17.1,7.82635138835075,NA,10.4,NA
2532887,"Jermaine Kearse","SEA","WR",25,3,9,5.70666666666667,4.88,6.096,0.764286159323413,56,0.175,6,1.216,NA,47,4.4,3.2911514760266,NA,9.4,NA
222,"Harry Douglas","TEN","WR",31,7,4,5.68333333333333,2.53,9.57,4.67769530146346,57,0.306666666666667,6,7.04,NA,73,7.2,7.69967438712873,NA,1.9,NA
2532797,"Brandon Bolden","NE","RB",25,3,4,5.67666666666667,3.22,7.404,2.62994930242644,49,0.23,8,4.184,NA,37.6,7,5.67100251834373,NA,3.6,NA
100019,"Dolphins","MIA","DST",NA,NA,5,5.55,1.09,5.01,3.46482322781408,32,NA,5,3.92,NA,26.5,5.9,8.44508417786363,NA,6,NA
2495825,"Owen Daniels","DEN","TE",33,9,7,5.54333333333333,3.646,7.966,2.92978383730495,18,0.693333333333333,3,4.32,NA,21.6,2.5,5.78182801172423,NA,1.5,NA
2539260,"Denard Robinson","JAC","RB",25,2,8,5.45,3.77,6.65,1.81865334794732,50,0.0200000000000014,8,2.88,NA,26.1,8.8,5.57065822629541,NA,-2.1,NA
2552376,"David Cobb","TEN","RB",22,0,4,5.44333333333333,1.766,9.926,5.26570349842576,51,0.0674999999999999,8,8.16,NA,53.1,6.1,7.29256660824134,NA,13.3,NA
497145,"Joique Bell","DET","RB",29,5,9,5.41666666666667,3.8,6.24,1.74666348600219,52,0.107500000000001,8,2.44,NA,45.9,5.6,4.68203654900074,NA,5.8,NA
324,"Jacob Tamme","ATL","TE",30,7,10,5.38333333333333,4.7,5.54,0.592311854797229,19,1.275,3,0.840000000000002,NA,18.4,3.2,4.02044387443287,NA,6.1,NA
1581,"DeSean Jackson","WAS","WR",29,7,8,5.38,4.208,6.208,1.25586623491517,58,0.115,6,2,NA,35.2,11.5,5.64230142718427,NA,NA,NA
2346,"Pierre Garcon","WAS","WR",29,7,8,5.37333333333333,4.336,6.24,1.19169347289197,59,0.32,6,1.904,NA,47.9,5.4,3.9575291329806,NA,10.9,NA
2540011,"Chris Thompson","WAS","RB",25,2,8,5.335,2.517,6.653,3.65574205873445,53,0.113333333333333,8,4.136,NA,62.1,6.7,6.31525055686835,NA,1.9,NA
2539322,"Christine Michael","FA","RB",25,2,NA,5.28333333333333,4.32,5.8,0.930501656813857,54,0.165833333333333,8,1.48,NA,36,6.8,4.42115818654646,NA,10.2,NA
2540020,"Theo Riddick","DET","RB",24,2,9,5.16,4.3,5.724,0.91804139340228,55,0.3325,8,1.424,NA,39,4.9,3.91487777531151,NA,3.3,NA
2543746,"Josh Huff","PHI","WR",24,1,8,5.15666666666667,3.094,7.894,3.33670995642914,60,0.256666666666667,6,4.8,NA,79.7,8.1,6.68429071570664,NA,0,NA
2534770,"Jonathan Grimes","HOU","RB",26,3,9,5.075,3.825,4.825,0.883883476483185,56,0.516666666666667,8,1,NA,67.2,5.2,3.96936192486471,NA,17.4,NA
2552415,"Jamison Crowder","WAS","WR",22,0,8,4.95,4.61,4.69,0.0707106781186545,61,0.138333333333334,7,0.0800000000000001,NA,63.1,10.5,4.26670945945641,NA,16.9,NA
71217,"Kenny Britt","STL","WR",27,6,6,4.85,4.12,4.96,0.526782687642637,62,0.213333333333333,7,0.84,NA,57.4,6.1,3.52164813115868,NA,8.1,NA
2552463,"Jaelen Strong","HOU","WR",21,0,9,4.77333333333333,2.68,5.976,2.16613326767614,63,0.278333333333333,7,3.296,NA,70.9,8.4,5.66859346833069,NA,5.6,NA
2507141,"Pierre Thomas","WAS","RB",31,8,8,4.58,0.74,5.108,2.78685007370926,57,0.0766666666666662,9,4.368,NA,47,7.9,6.01721712916014,NA,3.5,NA
2505936,"Steven Jackson","FA","RB",32,11,NA,4.53666666666667,2.04,7.008,3.52902725029623,58,0.14,9,4.968,NA,50.9,7.7,6.48780635487277,NA,11.5,NA
2531332,"Terrelle Pryor","CLE","WR",26,4,11,4.5,0.45,4.05,3.18198051533946,64,0.00999999999999979,8,3.6,NA,NA,NA,8.31346049126878,NA,4.2,NA
768,"Steve Johnson","SD","WR",29,7,10,4.49,2.92,5.376,1.65357189139148,65,0.0466666666666669,8,2.456,NA,55.7,12,6.14770688903371,NA,NA,NA
2535698,"Cole Beasley","DAL","WR",26,3,6,4.49,3.32,5.376,1.45578157702315,65,0.11,8,2.056,NA,65.5,5.7,4.28460610035235,NA,17.3,NA
2530690,"DuJuan Harris","FA","RB",27,4,NA,4.47,0.808,4.728,2.61633331209921,59,0.148333333333333,9,3.92,NA,42.3,6.4,5.50430288457829,NA,15.3,NA
2495459,"Torrey Smith","SF","WR",26,4,10,4.39666666666667,3.02,5.572,1.81356922485284,67,0.0366666666666671,8,2.552,NA,73.3,9.2,5.55168792223481,NA,6.1,NA
2530700,"Dontrelle Inman","SD","WR",26,2,10,4.36333333333333,2.798,5.438,1.6616357402672,68,0.0150000000000006,8,2.64,NA,49.7,5.8,4.50390984872432,NA,2.5,NA
2532978,"Jarius Wright","MIN","WR",26,3,5,4.35666666666667,3.916,4.66,0.484389650316079,69,0.0566666666666666,9,0.743999999999999,NA,77.2,7.3,3.80158542145504,NA,2.1,NA
1037885,"Marc Mariani","CHI","WR",28,5,7,4.34,3.148,4.332,1.04651803615609,70,0.128333333333333,9,1.184,NA,72.9,11,5.31318908874081,NA,8,NA
2541544,"Benny Cunningham","STL","RB",25,2,6,4.32333333333333,3.54,5.116,1.08426626496139,61,0.0483333333333338,9,1.576,NA,49.8,7.9,4.81753145574693,NA,7.2,NA
2506871,"Fred Jackson","SEA","RB",34,9,9,4.32,2.74,5.988,2.28849295388909,62,0.0999999999999996,9,3.248,NA,58.8,6.8,5.37803484386596,NA,0.6,NA
2506369,"Heath Miller","PIT","TE",33,10,11,4.31666666666667,3.8,4.4,0.381881307912987,20,0.578333333333333,3,0.6,NA,16.4,2.3,3.52177145396745,NA,7.8,NA
2550183,"Jeremy Butler","BAL","WR",24,1,9,4.26,3.768,4.152,0.339411254969543,71,0.14,9,0.384,NA,66.2,10.5,4.51819970851861,NA,5.7,NA
2552582,"Jay Ajayi","MIA","RB",22,0,5,4.23,3.632,4.84,0.755446887610241,63,0.0350000000000001,9,1.208,NA,44.8,6.8,4.29780995687506,NA,0.2,NA
2534796,"Bryce Brown","SEA","RB",24,3,9,4.21,3.4,4.784,0.868504461704141,64,0.0549999999999988,9,1.384,NA,50.8,5.2,3.95852546347771,NA,8,NA
2533460,"Robert Turbin","DAL","RB",26,3,6,4.18,3.32,4.712,0.883855191759374,65,0.17,9,1.392,NA,62.6,6,4.17881592287304,NA,0.5,NA
2550272,"Albert Wilson","KC","WR",23,1,9,4.16333333333333,3.56,4.432,0.563057131500289,72,0.106666666666667,9,0.872,NA,64,6.6,3.68877212467036,NA,2.4,NA
2533037,"Chris Polk","HOU","RB",26,3,9,4.13,3.4,4.352,0.639296488336984,66,0.345000000000001,9,0.952,NA,59.4,6.8,4.21596730733652,NA,0.4,NA
2543495,"Davante Adams","GB","WR",23,1,7,4.07666666666667,3,4.864,1.34522612721183,73,0.0583333333333327,9,1.864,NA,53.8,8.1,4.82036183962114,NA,5.4,NA
2532900,"Keshawn Martin","NE","WR",25,3,4,4.03666666666667,3.442,4.162,0.474376784142451,74,0.041666666666667,9,0.72,NA,46.1,9.4,4.35154020979175,NA,0.4,NA
2495821,"Marques Colston","NO","WR",32,9,11,4,4,4,NA,75,0.0866666666666664,9,0,NA,69.6,17.9,9.98586202829025,NA,NA,NA
2506004,"Jerricho Cotchery","CAR","WR",33,11,5,3.99,2.6,5.056,1.64720976199147,76,0.196666666666666,9,2.456,NA,66.5,11.8,6.08848308121528,NA,11.2,NA
2495139,"Charles Clay","BUF","TE",26,4,8,3.9,3.9,3.9,NA,21,0.336666666666667,3,0,NA,NA,NA,NA,NA,NA,NA
2550481,"Orleans Darkwa","NYG","RB",23,1,11,3.89,2.628,3.652,0.905096679918781,67,0.25,9,1.024,NA,64.8,7.4,4.56036261267582,NA,NA,NA
2507763,"Mike Wallace","MIN","WR",29,6,5,3.83666666666667,3.04,4.248,0.755667475370836,77,0.111666666666666,9,1.208,NA,62.2,7.2,4.02885325837371,NA,2.2,NA
2543759,"Ryan Grant","WAS","WR",25,1,8,3.75,0.375,3.375,2.65165042944955,78,0.0516666666666672,10,3,NA,92.8,15.9,8.12060718481742,NA,7.8,NA
1990,"Eddie Royal","CHI","WR",29,7,7,3.7,3.7,3.7,NA,79,0.0499999999999998,10,0,NA,58.3,16.6,9.29336276461753,NA,NA,NA
2540202,"Kenny Stills","MIA","WR",23,2,5,3.69666666666667,2.92,4.272,0.948173683105228,80,0.165,10,1.352,NA,74,8.1,4.44874068707506,NA,1.1,NA
2543565,"Andre Williams","NYG","RB",23,1,11,3.68,3.174,3.286,0.0989949493661167,68,0.089999999999999,9,0.112,NA,71,3.8,3.04972929328636,NA,2.6,NA
2530515,"Chris Hogan","BUF","WR",27,4,8,3.60333333333333,1.942,4.822,1.87510888572726,81,0.22,10,2.88,NA,63.9,7.6,5.18313256201168,NA,0.2,NA
2540037,"Fozzy Whittaker","CAR","RB",26,3,5,3.6,3.6,3.6,NA,69,0.0925000000000002,9,0,NA,NA,NA,NA,NA,NA,NA
79557,"Josh Freeman","FA","QB",27,6,NA,3.582,0.0882000000000002,3.1938,2.74498852456618,35,0.315,9,3.1056,NA,30.7,2,5.37969585808787,NA,9.36,NA
2507428,"Mike Tolbert","CAR","RB",30,7,5,3.58,2.64,3.952,0.82292162445764,70,0.224166666666667,9,1.312,NA,61.3,7.9,4.63338109590869,NA,6.4,NA
2495826,"Vernon Davis","DEN","TE",31,9,7,3.57666666666667,1.44,5.144,2.31595192811365,22,0.0349999999999997,3,3.704,NA,25.6,5.4,6.27853828999304,NA,NA,NA
2541316,"Ryan Griffin","HOU","TE",25,2,9,3.55,3.02,3.78,0.522015325445528,23,0.0283333333333333,3,0.759999999999999,NA,23.5,3.8,4.17193679999032,NA,2.7,NA
2532838,"Coby Fleener","IND","TE",27,3,10,3.53333333333333,2.76,4.04,0.850490054811539,24,0.0433333333333334,3,1.28,NA,26.6,3.6,4.38356352918648,NA,14.8,NA
2540215,"Vance McDonald","SF","TE",25,2,10,3.51,3.086,3.486,0.270739727413618,25,0.0649999999999999,3,0.399999999999999,NA,20.1,3.7,3.9206980976776,NA,3.7,NA
2532894,"Ryan Lindley","FA","QB",26,3,NA,3.502,0.0802000000000003,3.1218,2.68841998207125,36,1.195,9,3.0416,NA,32.2,0.6,3.79234734670846,NA,6.32,NA
2495187,"Lance Kendricks","STL","TE",27,4,6,3.47,0.347,3.123,2.45366053071732,26,0.0599999999999996,3,2.776,NA,33.9,3.6,5.76117477936851,NA,3.7,NA
2550328,"Brandon Coleman","NO","WR",23,1,11,3.46,2.552,3.768,1.07480230740355,83,0.183333333333334,10,1.216,NA,76.4,10.4,5.17985422415081,NA,8.1,NA
2535890,"Travaris Cadet","SF","RB",26,3,10,3.435,2.037,3.933,1.67584307141212,71,0.246666666666667,9,1.896,NA,55.6,10.5,5.91516241807015,NA,5.3,NA
2540928,"Darren Fells","ARI","TE",29,3,9,3.42,2.644,2.996,0.311126983722081,27,0.113333333333334,3,0.352,NA,29.1,2.2,3.42565545474721,NA,0.7,NA
2495573,"Scott Chandler","NE","TE",30,8,4,3.4,1.76,3.84,1.83847763108502,28,0.215,3,2.08,NA,36.5,8.7,7.03368727058377,NA,0,NA
2495159,"Dwayne Harris","NYG","WR",28,4,11,3.30666666666667,2.804,3.364,0.363501490139082,85,0.0683333333333329,10,0.56,NA,61,12,4.94026576508413,NA,NA,NA
2543664,"Terrance West","BAL","RB",24,1,9,3.27666666666667,2.52,4.144,1.04289660721154,72,0.233333333333333,9,1.624,NA,64.4,6.4,4.39561768319343,NA,2.2,NA
2533040,"Mohamed Sanu","CIN","WR",26,3,7,3.24666666666667,2.36,3.912,1.04428603999734,86,0.0383333333333331,10,1.552,NA,78,7.4,4.35225491808381,NA,0.6,NA
2505551,"Andre Johnson","IND","WR",34,12,10,3.23,2.52,3.552,0.6455230437405,87,0.081666666666667,10,1.032,NA,69.3,5.8,3.55287938157883,NA,10.6,NA
2495267,"Jordan Cameron","MIA","TE",27,4,5,3.21333333333333,2.36,3.672,0.820081296783028,29,0.173333333333333,3,1.312,NA,26.6,3.2,4.21616713059503,NA,6.6,NA
2505785,"Malcom Floyd","SD","WR",34,11,10,3.18666666666667,2.792,3.352,0.355715241918776,88,0.0941666666666667,10,0.56,NA,61,7.3,3.68115263565672,NA,0,NA
71265,"Jared Cook","STL","TE",28,6,6,3.15666666666667,2.76,3.376,0.388115103201786,30,0.24,3,0.616,NA,26.3,3.5,3.95092624901467,NA,0,NA
2535964,"Josh Bellamy","CHI","WR",26,3,7,3.11,1.382,3.638,1.99404112294606,89,0.0724999999999998,10,2.256,NA,66.5,13.8,6.94579156270889,NA,10.9,NA
2543638,"DeAnthony Thomas","KC","RB",22,1,9,3.1,3.1,3.1,NA,73,0.193333333333333,9,0,NA,NA,NA,NA,NA,NA,NA
2543828,"Quincy Enunwa","NYJ","WR",23,1,5,3.075,2.675,2.875,0.176776695296637,90,0.1025,10,0.199999999999999,NA,77.6,10.8,4.44588568738449,NA,0.5,NA
497123,"Colt McCoy","WAS","QB",29,5,8,3.032,0.0332000000000002,2.6988,2.35607979491358,37,1.57,9,2.6656,NA,31.9,2.6,5.76595645549423,NA,8.82,NA
2540157,"Stedman Bailey","STL","WR",25,2,6,3,3,3,NA,91,0.0725000000000002,10,0,NA,NA,NA,NA,NA,NA,NA
2543715,"Jerick McKinnon","MIN","RB",23,1,5,2.98666666666667,2.4,3.248,0.595427017638042,74,0.323333333333333,9,0.848,NA,54.5,5.5,3.84466058237279,NA,4.8,NA
2528181,"Bryan Walters","JAC","WR",28,5,8,2.945,2.049,3.241,1.05358910396796,92,0.0649999999999999,10,1.192,NA,NA,NA,4.32932549296765,NA,NA,NA
2507218,"Brent Celek","PHI","TE",30,8,8,2.92333333333333,1.42,3.876,1.56927796560499,31,0.0233333333333339,3,2.456,NA,34.5,8.6,6.76704634041277,NA,3.8,NA
497226,"Jim Dray","CLE","TE",29,5,11,2.91,0.291,2.619,2.05768073325285,32,0.04,3,2.328,NA,46.2,4.5,5.73875619600319,NA,NA,NA
2541147,"Charles Johnson","MIN","WR",26,2,5,2.91,0.291,2.619,2.05768073325285,93,0.0799999999999996,10,2.328,NA,NA,NA,6.20888419648512,NA,NA,NA
2552468,"Maxx Williams","BAL","TE",21,0,9,2.89,2.336,3.32,0.63663176169588,34,0.0899999999999999,3,0.984,NA,25.6,2.7,3.88194563171651,NA,5.3,NA
2543836,"T.J. Jones","DET","WR",23,1,9,2.85,0.0150000000000003,2.535,2.22738636073763,95,0.0466666666666669,10,2.52,NA,NA,NA,6.52655609003737,NA,0,NA
2536071,"Cooper Helfet","SEA","TE",26,4,9,2.85,0.285,2.565,2.01525432638166,35,0.175,3,2.28,NA,24.9,5.6,6.0907805654358,NA,4.2,NA
2543682,"Bishop Sankey","TEN","RB",23,1,4,2.82666666666667,1.756,3.836,1.33421637425619,75,0.395,9,2.08,NA,56.2,8.4,5.12457413202714,NA,1.6,NA
2539250,"Quinton Patton","SF","WR",25,2,10,2.81,0.281,2.529,1.9869700551342,96,0.0650000000000004,10,2.248,NA,85.9,8.5,5.52754028385011,NA,3.3,NA
497282,"Riley Cooper","PHI","WR",28,5,8,2.79666666666667,2.2,3.072,0.605006887013143,97,0.12,10,0.872,NA,90.4,12.5,5.2994756264204,NA,0,NA
2495835,"Anthony Fasano","TEN","TE",31,9,4,2.75,2.41,2.49,0.0707106781186545,36,0.1525,3,0.0800000000000001,NA,36.9,1.9,3.11311517754034,NA,NA,NA
2506194,"Nick Novak","HOU","K",NA,NA,9,2.7,0.48,2.88,1.58745078663875,32,2.7,5,2.4,NA,14.7,3.6,4.49646079938117,NA,16,NA
2552600,"Nelson Agholor","PHI","WR",22,0,8,2.69333333333333,2.416,2.816,0.268576494379782,98,0.0949999999999998,10,0.4,NA,65.3,5.4,3.09353798878441,NA,2.3,NA
2550617,"Taylor Gabriel","CLE","WR",24,1,11,2.66,1.98,3.084,0.70057119552548,99,0.186666666666667,10,1.104,NA,85.4,9.5,4.58988140918228,NA,NA,NA
1992,"Craig Stevens","TEN","TE",31,7,4,2.6,2.6,2.6,NA,37,0.0491666666666668,3,0,NA,51.8,4.3,4.69099941112568,NA,NA,NA
497224,"Ed Dickson","CAR","TE",28,5,5,2.595,0.959,3.031,1.83140656327316,38,0.135,3,2.072,NA,49.2,7.1,6.46254698098128,NA,0,NA
2552418,"Justin Hardy","ATL","WR",24,0,10,2.53666666666667,1.32,3.328,1.34648926224212,100,0.131666666666667,10,2.008,NA,79.9,10.1,5.35423581187695,NA,3.4,NA
2539202,"Chris Gragg","BUF","TE",25,2,8,2.50666666666667,1.78,2.996,0.764286159323413,39,0.126666666666667,3,1.216,NA,29.6,3.1,4.13290562454586,NA,NA,NA
2552453,"Tevin Coleman","ATL","RB",22,0,10,2.5,2.5,2.5,NA,76,0.168333333333333,9,0,NA,80,15,9.20900252705662,NA,NA,NA
2539995,"Mychal Rivera","OAK","TE",25,2,6,2.41333333333333,2.06,2.572,0.320208265560609,40,0.0699999999999998,3,0.512,NA,34.6,3.3,3.82194060149814,NA,1.2,NA
2495453,"Andre Holmes","OAK","WR",27,4,6,2.41,1.6,2.904,0.835044908971967,101,0.0125000000000002,10,1.304,NA,79.1,9.7,4.76901122746484,NA,NA,NA
2532933,"Brian Quick","STL","WR",26,3,6,2.4,1.28,3.28,1.25299640861417,102,0.0125000000000002,10,2,NA,86.2,19.7,7.82365155312975,NA,2.3,NA
2543750,"Jeff Janis","GB","WR",24,1,7,2.395,1.691,2.499,0.714177848998413,103,0.0425,10,0.808,NA,103.8,17.7,6.78665269294803,NA,0,NA
2543475,"Marqise Lee","JAC","WR",24,1,8,2.38,1.94,2.692,0.495176736125598,104,0.0675000000000003,10,0.752,NA,76.2,8.9,4.23783498520605,NA,3,NA
2539217,"Andre Ellington","ARI","RB",26,2,9,2.36333333333333,1.28,3.432,1.34537479288611,77,0.0783333333333336,9,2.152,NA,54.9,5.3,4.32072517783796,NA,0.9,NA
2552397,"Clive Walford","OAK","TE",24,0,6,2.34666666666667,2.048,2.448,0.250066657780147,41,0.0316666666666667,3,0.4,NA,26.1,5,4.36204821423146,NA,4.6,NA
2552478,"Blake Bell","SF","TE",24,0,10,2.34,1.928,2.152,0.197989898732233,42,0.0999999999999996,3,0.224,NA,30.6,6.4,4.81172951176315,NA,0.5,NA
80672,"Hakeem Nicks","NYG","WR",27,6,11,2.325,1.885,2.165,0.247487373415292,105,0.1025,10,0.28,NA,88.7,19.4,6.80264181940738,NA,2.4,NA
2532903,"Rishard Matthews","MIA","WR",26,3,5,2.3,2.3,2.3,NA,106,0.1775,10,0,NA,73,7.6,4.49913709303717,NA,NA,NA
497204,"C.J. Spiller","NO","RB",28,5,11,2.3,2.3,2.3,NA,78,0.0399999999999991,9,0,NA,NA,NA,NA,NA,NA,NA
2552403,"Nick OLeary","BUF","TE",23,0,8,2.29,0.229,2.061,1.61927452891719,43,0.1975,3,1.832,NA,44,4.9,5.50329789129702,NA,0,NA
2530763,"Patrick DiMarco","ATL","RB",26,4,10,2.27,0.227,2.043,1.60513239329346,79,0.085,9,1.816,NA,80.3,8.2,5.26310025679658,NA,0.7,NA
2539303,"Zach Line","MIN","RB",25,2,5,2.25,0.225,2.025,1.59099025766973,80,0.15,9,1.8,NA,81.7,4.2,4.20576569237047,NA,NA,NA
2495347,"Lee Smith","OAK","TE",28,4,6,2.19,2.19,2.19,NA,44,0.2275,3,0,NA,72.5,2.5,3.41960520688539,NA,NA,NA
2505790,"Wes Welker","STL","WR",34,11,6,2.145,0.3,2.532,1.39631658301404,107,0.0950000000000002,10,2.232,NA,99.9,8.7,5.02798746349761,NA,1.6,NA
2532864,"Dan Herron","IND","RB",26,3,10,2.12,1.48,2.728,0.783070878018076,82,0.0549999999999997,9,1.248,NA,64.5,5.3,3.92451093727882,NA,0.4,NA
2552425,"Rashad Greene","JAC","WR",23,0,8,2.1,2.1,2.1,NA,108,0.1175,10,0,NA,97.7,7.1,4.23279122239382,NA,0.5,NA
2540230,"Kyle Juszczyk","BAL","RB",24,2,9,2.08,0.208,1.872,1.47078210486802,83,0.0499999999999998,9,1.664,NA,66.2,4.7,4.2519850472664,NA,7.8,NA
2495467,"Taiwan Jones","OAK","RB",27,4,6,2.05,0.205,1.845,1.44956890143242,84,0.128333333333333,9,1.64,NA,75.7,11.4,5.99138181039469,NA,NA,NA
2495314,"Bruce Miller","SF","RB",28,4,10,2.01,0.201,1.809,1.42128463018496,85,0.185833333333334,9,1.608,NA,81.4,6.7,4.74079263526156,NA,0.2,NA
2506287,"Lance Moore","DET","WR",32,10,9,2,0.66,2.98,1.4525839046334,109,0.0374999999999999,10,2.32,NA,83.6,11.4,5.79978470221082,NA,NA,NA
2532835,"Rhett Ellison","MIN","TE",27,3,5,1.995,1.459,1.931,0.417193000900063,45,0.095,3,0.472,NA,51.8,3.4,3.94059650526268,NA,-0.2,NA
2552656,"J.J. Nelson","ARI","WR",23,0,9,1.965,0.653,2.677,1.78898015640197,110,0.0249999999999999,10,2.024,NA,68.9,13,6.54078809717306,NA,0,NA
2539214,"Kenbrell Thompkins","NYJ","WR",27,2,5,1.96,1.368,2.552,1.04651803615609,111,0.0433333333333334,10,1.184,NA,101.7,21.2,8.02991696930301,NA,0,NA
2540200,"Dion Sims","MIA","TE",24,2,5,1.93,1.286,1.974,0.608111831820431,46,0.0925,3,0.688,NA,43.4,5.3,4.77566748143984,NA,4,NA
2531049,"Chris Matthews","BAL","WR",26,2,9,1.92,1.364,1.876,0.452548339959391,112,0.0633333333333332,10,0.512,NA,87.1,18.8,6.83476106604252,NA,5.1,NA
2552424,"Phillip Dorsett","IND","WR",22,0,10,1.91333333333333,1.38,2.292,0.578388566046506,113,0.113333333333333,10,0.912,NA,91.3,8.7,4.26244790599876,NA,2.8,NA
2533028,"James Hanna","DAL","TE",26,3,6,1.87,0.187,1.683,1.32228968081884,47,0.155,3,1.496,NA,54.8,1.9,4.18860237027773,NA,2.8,NA
2543551,"KaDeem Carey","CHI","RB",23,1,7,1.83333333333333,0.8,2.64,1.20968315410827,86,0.0208333333333335,9,1.84,NA,65,5.9,4.38221869919453,NA,1,NA
2495258,"Matt Asiata","MIN","RB",28,4,5,1.815,1.613,1.717,0.0919238815542511,87,0.00749999999999984,9,0.104,NA,69.8,7.5,4.0135637493154,NA,NA,NA
163982,"Will Johnson","PIT","RB",26,4,11,1.81,0.181,1.629,1.27986327394765,88,0.0374999999999999,9,1.448,NA,NA,NA,4.41986828199436,NA,NA,NA
2495288,"Virgil Green","DEN","TE",27,4,7,1.805,0.861,2.149,1.13844191771034,48,0.18,3,1.288,NA,40.7,13,7.950753330464,NA,1.4,NA
2506147,"John Kuhn","GB","RB",33,9,7,1.805,0.561,1.849,1.13844191771034,89,0.0649999999999999,9,1.288,NA,81.3,9.5,5.27465291278225,NA,1.7,NA
2495802,"Jason Avant","KC","WR",32,9,9,1.8,0.86,2.14,1.13137084989848,114,0.0450000000000002,10,1.28,NA,105.5,12.7,5.84539504222257,NA,1.5,NA
2507902,"Marlon Moore","CLE","WR",28,5,11,1.8,1.8,1.8,NA,115,0.095,10,0,NA,100.8,4,2.58144682440503,NA,NA,NA
2550738,"Fitzgerald Toussaint","BAL","RB",25,1,9,1.74,1.74,1.74,NA,90,0.0900000000000001,9,0,NA,87,1.4,2.08688896912944,NA,2.4,NA
2552464,"Jalston Fowler","TEN","RB",NA,NA,4,1.74,0.174,1.566,1.23036579926459,90,0.2125,9,1.392,NA,NA,NA,4.35011381711305,NA,0,NA
2543774,"Jared Abbrederis","GB","WR",25,1,7,1.71,0.171,1.539,1.209152595829,116,0.0149999999999999,10,1.368,NA,80.5,16.9,7.03684750786371,NA,0,NA
238498,"Julian Edelman","NE","WR",29,6,4,1.7,1.7,1.7,NA,117,0.0175000000000001,10,0,NA,NA,NA,NA,NA,NA,NA
80427,"Darrius Heyward-Bey","PIT","WR",28,6,11,1.69,1.078,1.702,0.551543289325507,118,0.0525,10,0.624,NA,NA,NA,3.38954614120891,NA,7.4,NA
2495189,"Jeremy Kerley","NYJ","WR",27,4,5,1.675,0.2,2.08,1.17933597135563,119,0.0874999999999999,10,1.88,NA,93.6,8.3,4.71836615685152,NA,0,NA
2507486,"Kellen Davis","NYJ","TE",30,7,5,1.625,0.745,1.905,1.02530483272049,49,0.01,3,1.16,NA,58.7,13,7.8535341491996,NA,0,NA
2552633,"Jesse James","PIT","TE",21,0,11,1.625,0.905,1.745,0.742462120245875,49,0.04,3,0.84,NA,42,7.9,5.80934440669819,NA,NA,NA
2541834,"Josh Hill","NO","TE",25,2,11,1.605,0.821,1.789,0.855599205235723,51,0.0575000000000001,3,0.968,NA,40.2,7.4,5.72998105959588,NA,0.4,NA
2495867,"Greg Jennings","MIA","WR",32,9,5,1.6,0.74,1.86,0.989949493661166,120,0.0325,10,1.12,NA,95.8,14.7,6.24572349452917,NA,7.4,NA
2543784,"Keith Wenning","CIN","QB",24,1,7,1.582,1.582,1.582,NA,38,0.775,9,0,NA,NA,NA,NA,NA,NA,NA
2543646,"Bruce Ellington","SF","WR",24,1,10,1.575,0.895,1.655,0.67175144212722,121,0.0366666666666666,10,0.76,NA,111,16,6.2941557261603,NA,4.4,NA
2552586,"Tyler Kroft","CIN","TE",23,0,7,1.565,0.813,1.717,0.799030662740799,52,0.075,3,0.904,NA,27.9,5.5,5.01035786117019,NA,NA,NA
2536044,"Jamize Olawale","OAK","RB",26,3,6,1.56,0.812,1.708,0.791959594928933,92,0.115,9,0.896,NA,78,9.3,4.97814380365407,NA,1.4,NA
2550198,"Bennie Fowler","DEN","WR",24,1,7,1.56,0.156,1.404,1.10308657865101,122,0.0516666666666667,10,1.248,NA,106.5,12.8,5.84555697149088,NA,0.3,NA
2543721,"C.J. Fiedorowicz","HOU","TE",24,1,9,1.53,0.46,2.452,1.3593012911051,53,0.105,3,1.992,NA,49,5.9,5.63306683230928,NA,1.4,NA
206,"Andre Caldwell","DEN","WR",30,7,7,1.51666666666667,1.08,1.76,0.425245027405769,123,0.0216666666666667,10,0.68,NA,102,15.8,6.01016892440208,NA,NA,NA
2495341,"Cecil Shorts","HOU","WR",28,4,9,1.5,1.5,1.5,NA,124,0.0799999999999998,10,0,NA,NA,NA,NA,NA,NA,NA
2534571,"Bobby Rainey","TB","RB",28,3,6,1.495,0.371,2.619,1.9869700551342,93,0.139166666666667,9,2.248,NA,NA,NA,5.4163606374417,NA,-3,NA
2541966,"Jaron Brown","ARI","WR",25,2,9,1.49,0.149,1.341,1.05358910396796,125,0.1475,10,1.192,NA,89.3,21.4,8.08980430788069,NA,0,NA
497238,"Jermaine Gresham","ARI","TE",27,5,9,1.45,0.71,1.59,0.777817459305202,54,0.15,3,0.88,NA,37.3,8.1,5.91035841218999,NA,3.6,NA
2541199,"Luke Willson","SEA","TE",25,2,9,1.4,1.4,1.4,NA,55,0.25,3,0,NA,64,22,17.1930424194886,NA,NA,NA
2539980,"Kerwynn Williams","ARI","RB",24,2,9,1.395,0.431,2.359,1.70412734265958,94,0.121666666666667,9,1.928,NA,69.4,4.6,4.39022204489342,NA,NA,NA
2552652,"Chris Conley","KC","WR",23,0,9,1.35,0.93,1.49,0.390512483795333,126,0.1425,10,0.56,NA,103.8,7.6,3.79362486815252,NA,2.2,NA
367,"Matt Flynn","NO","QB",30,7,11,1.342,0.9804,1.3036,0.285671139599365,39,1.088,9,0.3232,NA,NA,NA,3.87812357654572,NA,NA,NA
2543590,"Cody Latimer","DEN","WR",23,1,7,1.335,0.847,1.223,0.332340187157677,127,0.415,10,0.376,NA,97.5,19.5,6.90869437985978,NA,0,NA
2495470,"Stevan Ridley","NYJ","RB",26,4,5,1.31666666666667,0.5,1.98,0.982768199187038,95,0.129166666666667,9,1.48,NA,65.4,8.9,5.00785563892484,NA,2.9,NA
2539315,"Stepfan Taylor","ARI","RB",24,2,9,1.23,0.294,2.166,1.65462986797652,96,0.0924999999999998,9,1.872,NA,NA,NA,4.94800923038145,NA,NA,NA
2533046,"Dwayne Allen","IND","TE",25,3,10,1.2,1.2,1.2,NA,56,0.135,3,0,NA,NA,NA,NA,NA,NA,NA
497172,"Anthony Dixon","BUF","RB",28,5,8,1.145,0.519,1.471,0.841457069611992,97,0.0299999999999998,9,0.952,NA,89.3,1.7,3.0230187184386,NA,0.6,NA
2507737,"Darrel Young","WAS","RB",28,6,8,1.13,1.13,1.13,NA,98,0.0549999999999999,10,0,NA,75,18,10.7800569883641,NA,0.7,NA
497258,"Andrew Quarless","GB","TE",27,5,7,1.1,1.1,1.1,NA,57,0.0825,3,0,NA,43.2,8.1,7.37505384229964,NA,0,NA
2495172,"Kendall Hunter","FA","RB",27,4,NA,1.1,1.1,1.1,NA,99,0.075,10,0,NA,NA,NA,NA,NA,NA,NA
2506897,"Devin Hester","ATL","WR",33,9,10,1.08,0.424,1.736,1.15965512114594,128,0.346666666666667,10,1.312,NA,NA,NA,4.5278704264378,NA,0,NA
2495340,"Anthony Sherman","KC","RB",27,4,9,1.05,0.105,0.945,0.742462120245875,100,0.0599999999999999,10,0.84,NA,89,8,4.60287143793013,NA,2.1,NA
2495888,"Marcedes Lewis","JAC","TE",31,9,8,1.03,0.974,1.086,0.0989949493661167,58,0.1775,3,0.112,NA,49.5,7.5,5.11514429056356,NA,4.5,NA
497246,"Michael Hoomanawanui","NO","TE",27,5,11,1.005,0.221,1.189,0.855599205235723,59,0.305,3,0.968,NA,48.3,11.9,7.31922381489625,NA,0.4,NA
2552636,"Michael Burton","DET","RB",23,0,9,1,0.1,0.9,0.707106781186548,101,0.0400000000000003,10,0.8,NA,84.7,2.1,3.03308890875827,NA,0.8,NA
2550512,"Damien Williams","MIA","RB",23,1,5,0.98,0.244,1.716,1.30107647738325,102,0.075,10,1.472,NA,79.8,10.7,5.70346042592018,NA,4.9,NA
2540225,"Tommy Bohanon","NYJ","RB",25,2,5,0.94,0.0940000000000001,0.846,0.664680374315355,103,0.105,10,0.752,NA,NA,NA,3.55291993275518,NA,NA,NA
2534871,"Derrick Coleman","SEA","RB",25,3,9,0.87,0.526,1.214,0.608111831820431,104,0.0750000000000001,10,0.688,NA,69.5,12.9,5.79123247423039,NA,NA,NA
79607,"LeSean McCoy","BUF","RB",27,6,8,0.8,0.8,0.8,NA,105,0.04,10,0,NA,NA,NA,NA,NA,NA,NA
2508096,"Tyler Clutts","DAL","RB",31,5,6,0.79,0.0790000000000001,0.711,0.558614357137373,106,0.175,10,0.632,NA,NA,NA,3.40344607943808,NA,NA,NA
2534436,"Deonte Thompson","CHI","WR",26,3,7,0.76,0.248,1.272,0.905096679918781,129,0.271666666666667,10,1.024,NA,100.5,5.5,3.71592351122226,NA,4.5,NA
230,"Jerome Felton","BUF","RB",29,7,8,0.73,0.0730000000000001,0.657,0.51618795026618,107,0.305,10,0.584,NA,NA,NA,3.34365653811124,NA,NA,NA
2495558,"Dwayne Bowe","CLE","WR",31,8,11,0.706666666666667,0.416,0.96,0.349475797922164,130,0.456666666666667,10,0.544,NA,104.9,13.8,5.40656098852657,NA,NA,NA
2508112,"Rob Housler","CHI","TE",27,4,7,0.7,0.7,0.7,NA,60,0.0575,3,0,NA,NA,NA,NA,NA,1.8,NA
2533353,"Cory Harkey","STL","TE",25,3,6,0.7,0.0700000000000001,0.63,0.494974746830583,60,0.195833333333333,3,0.56,NA,NA,NA,3.95956707575837,NA,1.2,NA
89766,"Brandon Myers","TB","TE",30,6,6,0.585,0.173,0.997,0.728319984622144,62,0.170833333333333,3,0.824,NA,NA,NA,4.360596198474,NA,NA,NA
2540178,"Knile Davis","KC","RB",24,2,9,0.5,0.18,0.82,0.4,108,0.1525,10,0.64,NA,76,12.9,5.64459136216299,NA,NA,NA
2507883,"Jeff Cumberland","NYJ","TE",28,5,5,0.423333333333333,0.156,0.66,0.321921315438002,63,0.0358333333333333,4,0.504,NA,50.8,11.8,6.82531561482225,NA,NA,NA
2541768,"Tim Wright","TB","TE",25,2,6,0.405,0.169,0.641,0.417193000900063,64,0.045,4,0.472,NA,63.3,4.5,4.32907806766943,NA,6.9,NA
2540203,"Levine Toilolo","ATL","TE",24,2,10,0.37,0.106,0.634,0.466690475583121,65,0.0325,4,0.528,NA,55.8,4.8,4.47756097649263,NA,0.8,NA
497242,"Clay Harbor","JAC","TE",28,5,8,0.35,0.15,0.55,0.353553390593274,66,0.1425,4,0.4,NA,62.8,2.5,3.56806216474138,NA,1.8,NA
2543695,"Jay Prosch","HOU","RB",23,1,9,0.35,0.035,0.315,0.247487373415292,109,0.0875,10,0.28,NA,NA,NA,2.96498944304126,NA,NA,NA
2550263,"Juwan Thompson","DEN","RB",23,1,7,0.345,0.141,0.549,0.360624458405139,110,0.19,10,0.408,NA,75.3,16.4,6.5332947477898,NA,NA,NA
2552401,"MyCole Pruitt","MIN","TE",23,0,5,0.325,0.105,0.545,0.388908729652601,67,0.25,4,0.44,NA,64,6.4,4.97578688014682,NA,0,NA
2539335,"Geno Smith","NYJ","QB",25,2,5,0.272,0.0272,0.2448,0.192333044482741,40,0.038,9,0.2176,NA,NA,NA,3.7452701689649,NA,NA,NA
2541388,"Brice Butler","DAL","WR",25,2,6,0.27,0.027,0.243,0.190918830920368,133,0.08,10,0.216,NA,58,11.6,4.67219871279719,NA,6,NA
2506562,"Matt Cassel","DAL","QB",33,10,6,0.236,0.0236,0.2124,0.166877200360025,41,0.00800000000000003,9,0.1888,NA,NA,NA,3.70903742144286,NA,NA,NA
2501863,"Peyton Manning","DEN","QB",39,17,7,0.232,0.0232,0.2088,0.164048773235279,42,0.011,9,0.1856,NA,NA,NA,3.70501156060708,NA,2.56,NA
2495315,"Denarius Moore","FA","WR",27,4,NA,0.23,0.023,0.207,0.162634559672906,134,0.085,10,0.184,NA,NA,NA,2.66154805181834,NA,NA,NA
79858,"Mark Sanchez","PHI","QB",29,6,8,0.224,0.0224,0.2016,0.158391918985787,43,0.011,9,0.1792,NA,35,3,4.64393520737039,NA,NA,NA
252,"Chad Henne","JAC","QB",30,7,8,0.218,0.0218,0.1962,0.154149278298667,44,0.014,9,0.1744,NA,NA,NA,3.69092104768184,NA,NA,NA
2539228,"EJ Manuel","BUF","QB",25,2,8,0.208,0.0208,0.1872,0.147078210486802,45,0.00900000000000001,9,0.1664,NA,NA,NA,3.68085639559238,NA,NA,NA
2532842,"Nick Foles","STL","QB",26,3,6,0.2,0.02,0.18,0.14142135623731,46,0.015,9,0.16,NA,37.5,7.5,9.60464659886099,NA,NA,NA
2539275,"Mike Glennon","TB","QB",26,2,6,0.198,0.0198,0.1782,0.140007142674936,47,0.039,9,0.1584,NA,NA,NA,3.67079174350293,NA,NA,NA
2540224,"Mike James","FA","RB",24,2,NA,0.18,0.018,0.162,0.127279220613579,111,0.06,10,0.144,NA,NA,NA,2.79558574261521,NA,NA,NA
2505982,"Matt Schaub","BAL","QB",34,11,9,0.172,0.0172,0.1548,0.121622366364086,48,0.058,9,0.1376,NA,NA,NA,3.64462364807034,NA,NA,NA
2535869,"Rod Streater","OAK","WR",27,3,6,0.15,0.015,0.135,0.106066017177982,135,0.015,10,0.12,NA,NA,NA,2.55565742063425,NA,NA,NA
2542065,"Matt McGloin","OAK","QB",26,2,6,0.146,0.0146,0.1314,0.103237590053236,49,0.067,9,0.1168,NA,NA,NA,3.61845555263776,NA,NA,NA
2495192,"Greg Little","FA","WR",26,4,NA,0.14,0.014,0.126,0.0989949493661166,136,0.015,10,0.112,NA,NA,NA,2.54242109173624,NA,NA,NA
318,"Jerome Simpson","SF","WR",29,7,10,0.13,0.13,0.13,NA,137,0.025,10,0,NA,NA,NA,NA,NA,NA,NA
2539289,"Kenjon Barner","PHI","RB",26,2,8,0.13,0.013,0.117,0.0919238815542512,112,0.02,10,0.104,NA,78.5,6.7,3.80408982114107,NA,3.9,NA
2535966,"Brenton Bersin","CAR","WR",25,2,5,0.12,0.012,0.108,0.0848528137423857,138,0.035,10,0.096,NA,NA,NA,2.51594843394022,NA,-0.5,NA
2553511,"John Crockett","GB","RB",23,0,7,0.11,0.011,0.099,0.0777817459305202,113,0.005,10,0.088,NA,74.3,1.9,2.53728132854062,NA,NA,NA
2495161,"Roy Helu","OAK","RB",27,4,6,0.11,0.011,0.099,0.0777817459305202,114,0.015,10,0.088,NA,NA,NA,2.7258312777339,NA,2.8,NA
79629,"Cedric Peerman","CIN","RB",29,6,7,0.1,0.02,0.18,0.14142135623731,115,0.015,10,0.16,NA,NA,NA,2.81551558972416,NA,NA,NA
497234,"Garrett Graham","HOU","TE",29,5,9,0.09,0.00900000000000001,0.081,0.0636396103067893,68,0.03,5,0.072,NA,NA,NA,3.21827081861734,NA,NA,NA
2543641,"Devin Street","DAL","WR",24,1,6,0.09,0.09,0.09,NA,139,0.015,10,0,NA,83.8,17.3,9.66624698351823,NA,1.1,NA
2553486,"Trey Williams","WAS","RB",23,0,8,0.09,0.09,0.09,NA,116,0.015,10,0,NA,NA,NA,NA,NA,1.2,NA
2506895,"Kellen Clemens","SD","QB",32,9,10,0.082,0.00820000000000001,0.0738,0.0579827560572969,50,0.02,9,0.0656,NA,NA,NA,3.55404177926524,NA,NA,NA
81306,"Brandon Tate","CIN","WR",28,6,7,0.08,0.00800000000000001,0.072,0.0565685424949238,140,0.01,10,0.064,NA,NA,NA,2.46300311834818,NA,NA,NA
2553660,"Akeem Hunt","NYG","RB",22,0,11,0.08,0.00800000000000001,0.072,0.0565685424949238,117,0.02,10,0.064,NA,64.2,8.4,4.22430960962533,NA,5.5,NA
2504833,"Shaun Hill","MIN","QB",NA,NA,5,0.076,0.00760000000000001,0.0684,0.0537401153701776,51,0.029,9,0.0608,NA,NA,NA,3.54800298801157,NA,NA,NA
2535696,"Joe Banyard","JAC","RB",27,3,8,0.07,0.00700000000000001,0.063,0.0494974746830583,118,0.02,10,0.056,NA,NA,NA,2.685971583516,NA,NA,NA
2530720,"Joseph Morgan","FA","WR",27,4,NA,0.07,0.00700000000000001,0.063,0.0494974746830583,141,0,10,0.056,NA,NA,NA,2.44976678945017,NA,NA,NA
2540145,"Cordarrelle Patterson","MIN","WR",24,2,5,0.07,0.00700000000000001,0.063,0.0494974746830583,141,0,10,0.056,NA,NA,NA,2.44976678945017,NA,-3,NA
2540261,"Corey Fuller","DET","WR",25,2,9,0.07,0.00700000000000001,0.063,0.0494974746830583,141,0,10,0.056,NA,NA,NA,2.44976678945017,NA,NA,NA
2552420,"Keith Mumphery","HOU","WR",23,0,9,0.07,0.00700000000000001,0.063,0.0494974746830583,141,0.01,10,0.056,NA,89.5,9.5,3.98050909546604,NA,0,NA
2552650,"Mario Alford","CIN","WR",NA,NA,7,0.07,0.00700000000000001,0.063,0.0494974746830583,141,0.025,10,0.056,NA,NA,NA,2.44976678945017,NA,NA,NA
2539327,"Joseph Fauria","FA","TE",25,2,NA,0.06,0.00600000000000001,0.054,0.0424264068711929,69,0.005,5,0.048,NA,NA,NA,3.18181362564319,NA,NA,NA
2552660,"Randall Telfer","CLE","TE",23,0,11,0.06,0.06,0.06,NA,69,0.01,5,0,NA,NA,NA,NA,NA,NA,NA
2495234,"Luke Stocker","TB","TE",27,4,6,0.05,0.05,0.05,NA,71,0.005,5,0,NA,63.6,7.3,6.80998975152617,NA,0.3,NA
2495472,"Jordan Todman","PIT","RB",25,4,11,0.05,0.005,0.045,0.0353553390593274,119,0.005,10,0.04,NA,NA,NA,2.66604173640706,NA,NA,NA
2532926,"Isaiah Pead","FA","RB",26,3,NA,0.05,0.005,0.045,0.0353553390593274,119,0.01,10,0.04,NA,NA,NA,2.66604173640706,NA,NA,NA
2541785,"Adam Thielen","MIN","WR",25,1,5,0.05,0.05,0.05,NA,147,0.02,10,0,NA,NA,NA,NA,NA,1.6,NA
2552559,"C.J. Uzomah","CIN","TE",22,0,7,0.05,0.05,0.05,NA,71,0.01,5,0,NA,NA,NA,NA,NA,NA,NA
2539287,"Landry Jones","PIT","QB",26,2,11,0.048,0.0048,0.0432,0.0339411254969543,52,0.00499999999999999,9,0.0384,NA,NA,NA,3.51982196216109,NA,NA,NA
2495425,"Scott Tolzien","GB","QB",28,4,7,0.046,0.00460000000000001,0.0414,0.0325269119345812,53,0.006,9,0.0368,NA,NA,NA,3.5178090317432,NA,NA,NA
81284,"Chase Daniel","KC","QB",29,6,9,0.04,0.004,0.036,0.0282842712474619,54,0.002,9,0.032,NA,37,6.1,7.97703947912376,NA,NA,NA
2539265,"Rex Burkhead","CIN","RB",25,2,7,0.04,0.004,0.036,0.0282842712474619,121,0.005,10,0.032,NA,NA,NA,2.65607681285258,NA,0,NA
2540232,"Jack Doyle","IND","TE",25,2,10,0.04,0.004,0.036,0.0282842712474619,74,0,5,0.032,NA,55,13.5,7.17337264267381,NA,0.3,NA
2541187,"Demetrius Harris","KC","TE",24,2,9,0.04,0.004,0.036,0.0282842712474619,74,0,5,0.032,NA,54.6,6.1,4.55995122284653,NA,7.5,NA
2550454,"Asante Cleveland","SF","TE",23,1,10,0.04,0.004,0.036,0.0282842712474619,74,0.005,5,0.032,NA,NA,NA,3.15750883032709,NA,NA,NA
2551359,"Jerome Cunningham","NYG","TE",24,1,11,0.04,0.004,0.036,0.0282842712474619,74,0.01,5,0.032,NA,58.6,8,5.23096483064002,NA,NA,NA
2552654,"Geremy Davis","NYG","WR",23,0,11,0.04,0.004,0.036,0.0282842712474619,148,0.025,10,0.032,NA,NA,NA,2.41005780275614,NA,NA,NA
2495748,"Drew Stanton","ARI","QB",31,8,9,0.04,0.004,0.036,0.0282842712474619,55,0.008,9,0.032,NA,NA,NA,3.51177024048953,NA,-2.64,NA
2534437,"Austin Johnson","NO","RB",26,2,11,0.04,0.004,0.036,0.0282842712474619,122,0.015,10,0.032,NA,80.5,2.5,2.65950954223071,NA,NA,NA
2506546,"Derek Anderson","CAR","QB",32,10,5,0.036,0.0036,0.0324,0.0254558441227157,56,0.01,9,0.0288,NA,NA,NA,3.50774437965374,NA,-0.2,NA
2536532,"Jorvorskie Lane","TB","RB",28,3,6,0.03,0.003,0.027,0.0212132034355964,123,0.01,10,0.024,NA,NA,NA,2.64611188929811,NA,NA,NA
71435,"John Phillips","SD","TE",28,6,10,0.03,0.003,0.027,0.0212132034355964,78,0.005,5,0.024,NA,61,4.3,3.91817792189736,NA,NA,NA
2507182,"Matt Spaeth","PIT","TE",31,8,11,0.03,0.003,0.027,0.0212132034355964,78,0.01,5,0.024,NA,65.5,1.5,2.9293157630438,NA,NA,NA
2506481,"Dan Orlovsky","DET","QB",32,10,9,0.028,0.0028,0.0252,0.0197989898732233,57,0.01,9,0.0224,NA,NA,NA,3.49969265798218,NA,NA,NA
2539961,"Ryan Nassib","NYG","QB",25,2,11,0.024,0.0024,0.0216,0.0169705627484771,58,0.012,9,0.0192,NA,NA,NA,3.4956667971464,NA,NA,NA
79589,"David Johnson","SD","TE",28,6,10,0.02,0.002,0.018,0.014142135623731,80,0,5,0.016,NA,75,9,5.57197748971539,NA,NA,NA
2541910,"George Winn","DET","RB",25,2,9,0.02,0.002,0.018,0.014142135623731,124,0.01,10,0.016,NA,NA,NA,2.63614696574364,NA,NA,NA
2541944,"Russell Shepard","TB","WR",25,2,6,0.02,0.02,0.02,NA,149,0.015,10,0,NA,122.5,4.4,2.79452352091971,NA,0,NA
2543628,"Troy Niklas","ARI","TE",23,1,9,0.02,0.002,0.018,0.014142135623731,80,0,5,0.016,NA,41.5,5.5,4.33589979114844,NA,0.8,NA
2550284,"Trey Burton","PHI","TE",24,1,8,0.02,0.002,0.018,0.014142135623731,80,0.01,5,0.016,NA,NA,NA,3.13320403501099,NA,0.5,NA
2550355,"Nic Jacobs","JAC","TE",24,1,8,0.02,0.002,0.018,0.014142135623731,80,0.02,5,0.016,NA,NA,NA,3.13320403501099,NA,NA,NA
2552477,"Aaron Ripkowski","GB","RB",NA,NA,7,0.02,0.002,0.018,0.014142135623731,124,0.02,10,0.016,NA,NA,NA,2.63614696574364,NA,NA,NA
2507282,"Matt Moore","MIA","QB",31,8,5,0.012,0.0012,0.0108,0.00848528137423857,59,0.002,9,0.0096,NA,40,6,7.85244254455413,NA,NA,NA
2543751,"David Fales","CHI","QB",25,1,7,0.012,0.0012,0.0108,0.00848528137423857,59,0.008,9,0.0096,NA,NA,NA,3.48358921463905,NA,NA,NA
2541828,"Frankie Hammond","KC","WR",NA,NA,9,0.01,0.001,0.009,0.00707106781186548,150,0.01,10,0.008,NA,NA,NA,2.37034881606211,NA,0,NA
2543801,"Jimmy Garoppolo","NE","QB",24,1,4,0.008,0.000800000000000001,0.0072,0.00565685424949238,62,0.008,9,0.0064,NA,NA,NA,3.47956335380327,NA,0.24,NA
184,"Donnie Avery","FA","WR",31,7,NA,0,0,0,NA,151,0,10,0,NA,NA,NA,NA,NA,NA,NA
216,"Fred Davis","FA","TE",29,7,NA,0,0,0,NA,84,0,5,0,NA,NA,NA,NA,NA,NA,NA
262,"Chris Johnson","ARI","RB",30,7,9,0,0,0,NA,126,0,10,0,NA,NA,NA,NA,NA,NA,NA
382,"Joe Flacco","BAL","QB",30,7,9,0,0,0,NA,63,0,9,0,NA,NA,NA,NA,NA,NA,NA
832,"Josh Morgan","FA","WR",30,7,NA,0,0,0,NA,151,0,10,0,NA,NA,NA,NA,NA,NA,NA
925,"Jamaal Charles","KC","RB",29,7,9,0,0,0,NA,126,0,10,0,NA,NA,NA,NA,NA,NA,NA
927,"Justin Forsett","BAL","RB",30,7,9,0,0,0,NA,126,0,10,0,NA,NA,NA,NA,NA,NA,NA
929,"BenJarvus Green-Ellis","FA","RB",30,7,NA,0,0,0,NA,126,0,10,0,NA,NA,NA,NA,NA,NA,NA
941,"Ray Rice","FA","RB",28,7,NA,0,0,0,NA,126,0,10,0,NA,NA,NA,NA,NA,NA,NA
1030,"Mario Manningham","FA","WR",29,7,NA,0,0,0,NA,151,0,10,0,NA,NA,NA,NA,NA,NA,NA
1032,"Jordy Nelson","GB","WR",30,7,7,0,0,0,NA,151,0,10,0,NA,NA,NA,NA,NA,NA,NA
1062,"Martellus Bennett","CHI","TE",28,7,7,0,0,0,NA,84,0,5,0,NA,NA,NA,NA,NA,NA,NA
1072,"Jermichael Finley","FA","TE",28,7,NA,0,0,0,NA,84,0,5,0,NA,NA,NA,NA,NA,NA,NA
1966,"John Carlson","FA","TE",31,7,NA,0,0,0,NA,84,0,5,0,NA,NA,NA,NA,NA,NA,NA
1980,"Peyton Hillis","FA","RB",29,7,NA,0,0,0,NA,126,0,10,0,NA,NA,NA,NA,NA,NA,NA
4231,"Jed Collins","FA","RB",29,7,NA,0,0,0,NA,126,0,10,0,NA,NA,NA,NA,NA,NA,NA
4381,"Garrett Hartley","FA","K",29,7,NA,0,0,0,NA,33,0,5,0,NA,NA,NA,NA,NA,NA,NA
4433,"Marcel Reece","OAK","RB",30,7,6,0,0,0,NA,126,0,10,0,NA,86,20,11.8274266292357,NA,NA,NA
4487,"Matthew Slater","NE","WR",30,7,4,0,0,0,NA,151,0,10,0,NA,NA,NA,NA,NA,NA,NA
71247,"James Casey","FA","TE",31,6,NA,0,0,0,0,84,0,5,0,NA,NA,NA,3.10889923969489,NA,NA,NA
71255,"Chase Coffman","FA","TE",29,6,NA,0,0,0,0,84,0,5,0,NA,NA,NA,3.10889923969489,NA,8.9,NA
71431,"Brandon Pettigrew","DET","TE",30,6,9,0,0,0,NA,84,0,5,0,NA,NA,NA,NA,NA,NA,NA
79555,"Arian Foster","HOU","RB",29,6,9,0,0,0,NA,126,0,10,0,NA,NA,NA,NA,NA,NA,NA
79563,"Shonn Greene","FA","RB",30,6,NA,0,0,0,NA,126,0,10,0,NA,NA,NA,NA,NA,NA,NA
79619,"Knowshon Moreno","FA","RB",28,6,NA,0,0,0,NA,126,0,10,0,NA,NA,NA,NA,NA,NA,NA
79625,"Bear Pascoe","DET","TE",29,6,9,0,0,0,0,84,0,5,0,NA,NA,NA,3.10889923969489,NA,NA,NA
80425,"Percy Harvin","BUF","WR",27,6,8,0,0,0,NA,151,0,10,0,NA,NA,NA,NA,NA,NA,NA
80670,"Louis Murphy","TB","WR",28,6,6,0,0,0,NA,151,0,10,0,NA,NA,NA,NA,NA,NA,NA
80674,"Chris Ogbonnaya","FA","RB",29,6,NA,0,0,0,NA,126,0,10,0,NA,NA,NA,NA,NA,NA,NA
81288,"Brandon Gibson","NE","WR",28,6,4,0,0,0,NA,151,0,10,0,NA,NA,NA,NA,NA,NA,NA
81831,"Brian Hartline","CLE","WR",29,6,11,0,0,0,NA,151,0,10,0,NA,NA,NA,NA,NA,NA,NA
81857,"Kevin Ogletree","FA","WR",28,6,NA,0,0,0,NA,151,0,10,0,NA,NA,NA,NA,NA,NA,NA
89798,"Antone Smith","CHI","RB",30,6,7,0,0,0,0,126,0,10,0,NA,NA,NA,2.61621711863469,NA,NA,NA
238445,"Frank Summers","FA","RB",30,6,NA,0,0,0,NA,126,0,10,0,NA,NA,NA,NA,NA,NA,NA
496812,"Erik Lorig","FA","RB",29,5,NA,0,0,0,NA,126,0,10,0,NA,NA,NA,NA,NA,NA,NA
497108,"Jimmy Clausen","BAL","QB",27,5,9,0,0,0,0,63,0,9,0,NA,NA,NA,3.4715116321317,NA,NA,NA
497121,"Thad Lewis","PHI","QB",28,5,8,0,0,0,0,63,0,9,0,NA,NA,NA,3.4715116321317,NA,NA,NA
497135,"Tim Tebow","FA","QB",28,5,NA,0,0,0,NA,63,0,9,0,NA,NA,NA,NA,NA,NA,NA
497149,"LeGarrette Blount","NE","RB",29,5,4,0,0,0,NA,126,0,10,0,NA,NA,NA,NA,NA,NA,NA
497174,"Jonathan Dwyer","FA","RB",26,5,NA,0,0,0,NA,126,0,10,0,NA,NA,NA,NA,NA,NA,NA
497176,"Toby Gerhart","JAC","RB",28,5,8,0,0,0,NA,126,0,10,0,NA,NA,NA,NA,NA,NA,NA
497190,"Dexter McCluster","TEN","RB",27,5,4,0,0,0,NA,126,0,10,0,NA,NA,NA,NA,NA,NA,NA
497192,"Joe McKnight","FA","RB",27,5,NA,0,0,0,NA,126,0,10,0,NA,NA,NA,NA,NA,NA,NA
497218,"Trindon Holliday","FA","WR",29,5,NA,0,0,0,NA,151,0,10,0,NA,NA,NA,NA,NA,NA,NA
497236,"Jimmy Graham","SEA","TE",29,5,9,0,0,0,NA,84,0,5,0,NA,NA,NA,NA,NA,NA,NA
497250,"Anthony McCoy","SEA","TE",28,5,9,0,0,0,NA,84,0,5,0,NA,NA,NA,NA,NA,NA,NA
497254,"Dennis Pitta","BAL","TE",30,5,9,0,0,0,NA,84,0,5,0,NA,NA,NA,NA,NA,NA,NA
497256,"Tony Moeaki","ATL","TE",28,5,10,0,0,0,NA,84,0,5,0,NA,NA,NA,NA,NA,10.7,NA
497260,"Seyi Ajirotutu","PHI","WR",28,5,8,0,0,0,NA,151,0,10,0,NA,NA,NA,NA,NA,NA,NA
497286,"Marcus Easley","BUF","WR",28,5,8,0,0,0,NA,151,0,10,0,NA,NA,NA,NA,NA,NA,NA
497288,"Jacoby Ford","FA","WR",28,5,NA,0,0,0,NA,151,0,10,0,NA,NA,NA,NA,NA,NA,NA
497312,"Preston Parker","FA","WR",28,5,NA,0,0,0,0,151,0,10,0,NA,NA,NA,2.3571124871641,NA,NA,NA
497320,"Andre Roberts","WAS","WR",27,5,8,0,0,0,NA,151,0,10,0,NA,NA,NA,NA,NA,NA,NA
1037347,"Joe Webb","CAR","QB",29,5,5,0,0,0,NA,63,0,9,0,NA,NA,NA,NA,NA,NA,NA
1037366,"Michael Palmer","FA","TE",27,5,NA,0,0,0,NA,84,0,5,0,NA,NA,NA,NA,NA,NA,NA
1037847,"Deji Karim","FA","RB",29,5,NA,0,0,0,NA,126,0,10,0,NA,NA,NA,NA,NA,NA,NA
2495143,"Andy Dalton","CIN","QB",28,4,7,0,0,0,NA,63,0,9,0,NA,NA,NA,NA,NA,NA,NA
2495158,"Leonard Hankerson","FA","WR",27,4,NA,0,0,0,0,151,0,10,0,NA,NA,NA,2.3571124871641,NA,NA,NA
2495162,"Alex Henery","FA","K",28,4,NA,0,0,0,NA,33,0,5,0,NA,NA,NA,NA,NA,NA,NA
2495179,"Jerrel Jernigan","FA","WR",26,4,NA,0,0,0,NA,151,0,10,0,NA,NA,NA,NA,NA,NA,NA
2495186,"Colin Kaepernick","SF","QB",28,4,10,0,0,0,NA,63,0,9,0,NA,NA,NA,NA,NA,NA,NA
2495194,"Jake Locker","FA","QB",27,4,NA,0,0,0,NA,63,0,9,0,NA,NA,NA,NA,NA,NA,NA
2495211,"Niles Paul","WAS","TE",26,4,8,0,0,0,NA,84,0,5,0,NA,NA,NA,NA,NA,NA,NA
2495212,"Austin Pettis","FA","WR",27,4,NA,0,0,0,NA,151,0,10,0,NA,NA,NA,NA,NA,NA,NA
2495215,"Christian Ponder","FA","QB",27,4,NA,0,0,0,0,63,0,9,0,NA,NA,NA,3.4715116321317,NA,NA,NA
2495223,"Greg Salas","FA","WR",27,4,NA,0,0,0,NA,151,0,10,0,NA,98.9,13.4,7.58874919250007,NA,4.1,NA
2495306,"Ricardo Lockette","SEA","WR",29,4,9,0,0,0,NA,151,0,10,0,NA,NA,NA,NA,NA,NA,NA
2495331,"Aldrick Robinson","FA","WR",27,4,NA,0,0,0,NA,151,0,10,0,NA,NA,NA,NA,NA,NA,NA
2495449,"Tandon Doss","FA","WR",26,4,NA,0,0,0,NA,151,0,10,0,NA,NA,NA,NA,NA,NA,NA
2495466,"Mark Ingram","NO","RB",26,4,11,0,0,0,NA,126,0,10,0,NA,NA,NA,NA,NA,NA,NA
2495468,"Mikel Leshoure","FA","RB",25,4,NA,0,0,0,NA,126,0,10,0,NA,NA,NA,NA,NA,NA,NA
2495469,"Dion Lewis","NE","RB",25,4,4,0,0,0,NA,126,0,10,0,NA,NA,NA,NA,NA,NA,NA
2495471,"Jacquizz Rodgers","CHI","RB",25,4,7,0,0,0,NA,126,0,10,0,NA,NA,NA,NA,NA,NA,NA
2495560,"Ahmad Bradshaw","IND","RB",29,8,10,0,0,0,NA,126,0,10,0,NA,NA,NA,NA,NA,NA,NA
2495651,"Jacoby Jones","PIT","WR",31,8,11,0,0,0,NA,151,0,10,0,NA,NA,NA,NA,NA,NA,NA
2495660,"Brian Leonard","FA","RB",31,8,NA,0,0,0,NA,126,0,10,0,NA,NA,NA,NA,NA,NA,NA
2495663,"Marshawn Lynch","SEA","RB",29,8,9,0,0,0,NA,126,0,10,0,NA,NA,NA,NA,NA,NA,NA
2495676,"Robert Meachem","FA","WR",31,8,NA,0,0,0,NA,151,0,10,0,NA,NA,NA,NA,NA,NA,NA
2495724,"Dante Rosario","FA","TE",31,8,NA,0,0,0,NA,84,0,5,0,NA,NA,NA,NA,NA,NA,NA
2495801,"Miles Austin","FA","WR",31,9,NA,0,0,0,0,151,0,10,0,NA,NA,NA,2.3571124871641,NA,NA,NA
2495838,"Bruce Gradkowski","PIT","QB",32,9,11,0,0,0,NA,63,0,9,0,NA,NA,NA,NA,NA,NA,NA
2495843,"Derek Hagan","FA","WR",31,9,NA,0,0,0,NA,151,0,10,0,NA,NA,NA,NA,NA,NA,NA
2499248,"Kris Durham","FA","WR",27,4,NA,0,0,0,NA,151,0,10,0,NA,NA,NA,NA,NA,NA,NA
2499255,"Richard Gordon","BAL","TE",28,4,9,0,0,0,NA,84,0,5,0,NA,NA,NA,NA,NA,NA,NA
2499277,"David Ausberry","FA","TE",28,4,NA,0,0,0,NA,84,0,5,0,NA,NA,NA,NA,NA,NA,NA
2504343,"Jay Feely","FA","K",39,16,NA,0,0,0,NA,33,0,5,0,NA,NA,NA,NA,NA,NA,NA
2504531,"Michael Vick","PIT","QB",35,14,11,0,0,0,0,63,0,9,0,NA,NA,NA,3.4715116321317,NA,NA,NA
2504743,"Santana Moss","FA","WR",36,14,NA,0,0,0,NA,151,0,10,0,NA,NA,NA,NA,NA,NA,NA
2504797,"Matt Bryant","ATL","K",40,13,10,0,0,0,NA,33,0,5,0,NA,NA,NA,NA,NA,NA,NA
2504941,"Billy Cundiff","FA","K",35,13,NA,0,0,0,0,33,0,6,0,NA,NA,NA,1.62027674168688,NA,NA,NA
2505076,"Josh McCown","CLE","QB",36,13,11,0,0,0,NA,63,0,9,0,NA,NA,NA,NA,NA,NA,NA
2505310,"Kassim Osgood","FA","WR",35,12,NA,0,0,0,NA,151,0,10,0,NA,NA,NA,NA,NA,NA,NA
2505354,"Tony Romo","DAL","QB",35,12,6,0,0,0,NA,63,0,9,0,NA,NA,NA,NA,NA,NA,NA
2506053,"Luke McCown","NO","QB",34,11,11,0,0,0,NA,63,0,9,0,NA,NA,NA,NA,NA,NA,NA
2506149,"Shaun Suisham","PIT","K",NA,NA,11,0,0,0,NA,33,0,5,0,NA,NA,NA,NA,NA,NA,NA
2506222,"Josh Cribbs","FA","WR",32,10,NA,0,0,0,NA,151,0,10,0,NA,NA,NA,NA,NA,NA,NA
2506341,"Ronnie Brown","FA","RB",34,10,NA,0,0,0,NA,126,0,10,0,NA,NA,NA,NA,NA,NA,NA
2506364,"Jason Campbell","FA","QB",34,10,NA,0,0,0,NA,63,0,9,0,NA,NA,NA,NA,NA,NA,NA
2506410,"Alex Smith","WAS","TE",33,10,8,0,0,0,NA,84,0,5,0,NA,45,1.6,2.78390810476524,NA,0,NA
2506444,"Kyle Orton","FA","QB",33,10,NA,0,0,0,NA,63,0,9,0,NA,NA,NA,NA,NA,NA,NA
2506619,"Daniel Fells","NYG","TE",32,9,11,0,0,0,NA,84,0,5,0,NA,NA,NA,NA,NA,NA,NA
2506874,"Reggie Bush","SF","RB",30,9,10,0,0,0,NA,126,0,10,0,NA,NA,NA,NA,NA,NA,NA
2506885,"Santonio Holmes","FA","WR",31,9,NA,0,0,0,NA,151,0,10,0,NA,NA,NA,NA,NA,NA,NA
2507029,"Eric Weems","ATL","WR",30,8,10,0,0,0,NA,151,0,10,0,NA,NA,NA,NA,NA,NA,NA
2507170,"Zach Miller","FA","TE",30,8,NA,0,0,0,NA,84,0,5,0,NA,8.3,2.5,3.41960520688539,NA,NA,NA
2507170,"Zach Miller","FA","TE",30,8,NA,0,0,0,NA,84,0,5,0,NA,7,1,2.36011003668514,NA,NA,NA
2507192,"Michael Bush","FA","RB",31,8,NA,0,0,0,NA,126,0,10,0,NA,NA,NA,NA,NA,NA,NA
2507225,"Nick Folk","NYJ","K",31,8,5,0,0,0,NA,33,0,5,0,NA,NA,NA,NA,NA,NA,NA
2507237,"Jordan Palmer","FA","QB",31,8,NA,0,0,0,NA,63,0,9,0,NA,NA,NA,NA,NA,NA,NA
2507278,"Jackie Battle","FA","RB",32,8,NA,0,0,0,NA,126,0,10,0,NA,NA,NA,NA,NA,NA,NA
2507405,"Matthew Mulligan","FA","TE",30,7,NA,0,0,0,0,84,0,5,0,NA,NA,NA,3.10889923969489,NA,NA,NA
2507596,"Marcus Thigpen","BUF","RB",29,6,8,0,0,0,NA,126,0,10,0,NA,NA,NA,NA,NA,NA,NA
2507828,"Logan Paulsen","WAS","TE",28,5,8,0,0,0,NA,84,0,5,0,NA,NA,NA,NA,NA,NA,NA
2507855,"Victor Cruz","NYG","WR",29,5,11,0,0,0,NA,151,0,10,0,NA,NA,NA,NA,NA,NA,NA
2507884,"David Nelson","PIT","WR",29,5,11,0,0,0,NA,151,0,10,0,NA,NA,NA,NA,NA,NA,NA
2507897,"Alfonso Smith","FA","RB",28,5,NA,0,0,0,NA,126,0,10,0,NA,NA,NA,NA,NA,NA,NA
2508051,"John Conner","FA","RB",28,5,NA,0,0,0,NA,126,0,10,0,NA,NA,NA,NA,NA,NA,NA
2508097,"Andrew Hawkins","CLE","WR",29,4,11,0,0,0,NA,151,0,10,0,NA,NA,NA,NA,NA,NA,NA
2508101,"James Develin","NE","RB",27,5,4,0,0,0,NA,126,0,10,0,NA,NA,NA,NA,NA,NA,NA
2508115,"Vincent Brown","SD","WR",26,4,10,0,0,0,0,151,0,10,0,NA,NA,NA,2.3571124871641,NA,NA,NA
2527672,"Will Tukuafu","SEA","RB",31,5,9,0,0,0,NA,126,0,10,0,NA,NA,NA,NA,NA,6.7,NA
2530516,"Robert Hughes","FA","RB",26,4,NA,0,0,0,NA,126,0,10,0,NA,NA,NA,NA,NA,NA,NA
2530575,"Drew Davis","FA","WR",26,3,NA,0,0,0,NA,151,0,10,0,NA,NA,NA,NA,NA,NA,NA
2530598,"Jeremy Ross","OAK","WR",27,4,6,0,0,0,0,151,0,10,0,NA,NA,NA,2.3571124871641,NA,0,NA
2530699,"Henry Hynoski","FA","RB",27,4,NA,0,0,0,NA,126,0,10,0,NA,NA,NA,NA,NA,NA,NA
2530713,"Jeff Maehl","FA","WR",26,4,NA,0,0,0,NA,151,0,10,0,NA,NA,NA,NA,NA,NA,NA
2531218,"Chase Reynolds","STL","RB",28,3,6,0,0,0,NA,126,0,10,0,NA,NA,NA,NA,NA,NA,NA
2532799,"Jarrett Boykin","FA","WR",26,3,NA,0,0,0,NA,151,0,10,0,NA,NA,NA,NA,NA,NA,NA
2532807,"Ryan Broyles","FA","WR",27,3,NA,0,0,0,NA,151,0,10,0,NA,NA,NA,NA,NA,NA,NA
2532823,"Juron Criner","FA","WR",26,3,NA,0,0,0,NA,151,0,10,0,NA,NA,NA,NA,NA,NA,NA
2532850,"T.J. Graham","NO","WR",26,3,11,0,0,0,0,151,0,10,0,NA,NA,NA,2.3571124871641,NA,NA,NA
2532851,"Cyrus Gray","FA","RB",26,3,NA,0,0,0,NA,126,0,10,0,NA,NA,NA,NA,NA,NA,NA
2532853,"Ladarius Green","SD","TE",25,3,10,0,0,0,NA,84,0,5,0,NA,NA,NA,NA,NA,NA,NA
2532862,"Junior Hemingway","FA","WR",27,3,NA,0,0,0,NA,151,0,10,0,NA,NA,NA,NA,NA,NA,NA
2532876,"A.J. Jenkins","FA","WR",25,3,NA,0,0,0,NA,151,0,10,0,NA,NA,NA,NA,NA,NA,NA
2532923,"Chris Owusu","NYJ","WR",25,3,5,0,0,0,NA,151,0,10,0,NA,NA,NA,NA,NA,NA,NA
2532930,"DeVier Posey","FA","WR",25,3,NA,0,0,0,NA,151,0,10,0,NA,NA,NA,NA,NA,NA,NA
2533012,"Vick Ballard","FA","RB",25,3,NA,0,0,0,NA,126,0,10,0,NA,NA,NA,NA,NA,NA,NA
2533031,"Andrew Luck","IND","QB",26,3,10,0,0,0,NA,63,0,9,0,NA,NA,NA,NA,NA,NA,NA
2533032,"Trent Richardson","FA","RB",24,3,NA,0,0,0,NA,126,0,10,0,NA,NA,NA,NA,NA,NA,NA
2533033,"Robert Griffin","WAS","QB",25,3,8,0,0,0,0,63,0,9,0,NA,NA,NA,3.4715116321317,NA,NA,NA
2533036,"LaMichael James","FA","RB",26,3,NA,0,0,0,0,126,0,10,0,NA,NA,NA,2.61621711863469,NA,NA,NA
2533038,"Justin Blackmon","JAC","WR",25,3,8,0,0,0,NA,151,0,10,0,NA,NA,NA,NA,NA,NA,NA
2533047,"Orson Charles","FA","TE",24,3,NA,0,0,0,NA,84,0,5,0,NA,NA,NA,NA,NA,NA,NA
2533537,"Stephen Hill","CAR","WR",24,3,5,0,0,0,NA,151,0,10,0,NA,NA,NA,NA,NA,NA,NA
2533540,"Edwin Baker","FA","RB",24,3,NA,0,0,0,NA,126,0,10,0,NA,NA,NA,NA,NA,NA,NA
2533545,"Bernard Pierce","JAC","RB",24,3,8,0,0,0,NA,126,0,10,0,NA,NA,NA,NA,NA,NA,NA
2534241,"Derek Carrier","WAS","TE",25,3,8,0,0,0,NA,84,0,5,0,NA,NA,NA,NA,NA,NA,NA
2534244,"Chase Ford","BAL","TE",25,3,9,0,0,0,NA,84,0,5,0,NA,NA,NA,NA,NA,NA,NA
2534752,"Adrien Robinson","FA","TE",27,3,NA,0,0,0,NA,84,0,5,0,NA,NA,NA,NA,NA,NA,NA
2534789,"Daryl Richardson","CLE","RB",25,3,11,0,0,0,0,126,0,10,0,NA,NA,NA,2.61621711863469,NA,NA,NA
2534820,"Garrett Celek","SF","TE",27,3,10,0,0,0,NA,84,0,5,0,NA,NA,NA,NA,NA,NA,NA
2534889,"Matt Simms","FA","QB",27,3,NA,0,0,0,NA,63,0,9,0,NA,NA,NA,NA,NA,NA,NA
2535535,"Phillip Supernaw","TEN","TE",25,3,4,0,0,0,NA,84,0,5,0,NA,74,5,5.18543049055246,NA,NA,NA
2535708,"Lance Dunbar","DAL","RB",25,3,6,0,0,0,NA,126,0,10,0,NA,NA,NA,NA,NA,NA,NA
2535716,"Saalim Hakim","FA","WR",25,3,NA,0,0,0,NA,151,0,10,0,NA,NA,NA,NA,NA,NA,NA
2535882,"Mike Brown","FA","WR",26,3,NA,0,0,0,NA,151,0,10,0,NA,NA,NA,NA,NA,NA,NA
2536031,"Damaris Johnson","NE","WR",26,3,4,0,0,0,0,151,0,10,0,NA,NA,NA,2.3571124871641,NA,NA,NA
2536056,"Jeremy Stewart","FA","RB",26,3,NA,0,0,0,NA,126,0,10,0,NA,NA,NA,NA,NA,NA,NA
2536342,"Brandon Bostick","FA","TE",26,3,NA,0,0,0,NA,84,0,5,0,NA,NA,NA,NA,NA,NA,NA
2537931,"Josh Gordon","CLE","WR",24,3,11,0,0,0,NA,151,0,10,0,NA,NA,NA,NA,NA,NA,NA
2537933,"Larry Donnell","NYG","TE",27,3,11,0,0,0,NA,84,0,5,0,NA,NA,NA,NA,NA,NA,NA
2539235,"Tavarres King","FA","WR",25,2,NA,0,0,0,NA,151,0,10,0,NA,NA,NA,NA,NA,NA,NA
2539246,"Chris Harper","FA","WR",26,2,NA,0,0,0,NA,151,0,10,0,NA,NA,NA,NA,NA,NA,NA
2539256,"Aaron Dobson","NE","WR",24,2,4,0,0,0,NA,151,0,10,0,NA,NA,NA,NA,NA,NA,NA
2539308,"Matt Barkley","ARI","QB",25,2,9,0,0,0,0,63,0,9,0,NA,NA,NA,3.4715116321317,NA,NA,NA
2539341,"Montee Ball","FA","RB",25,2,NA,0,0,0,NA,126,0,10,0,NA,NA,NA,NA,NA,NA,NA
2539674,"Rodney Smith","FA","WR",25,2,NA,0,0,0,NA,151,0,10,0,NA,NA,NA,NA,NA,NA,NA
2539964,"Marquise Goodwin","BUF","WR",25,2,8,0,0,0,NA,151,0,10,0,NA,NA,NA,NA,NA,NA,NA
2540005,"Marlon Brown","BAL","WR",24,2,9,0,0,0,NA,151,0,10,0,NA,NA,NA,NA,NA,NA,NA
2540151,"Justin Hunter","TEN","WR",24,2,4,0,0,0,NA,151,0,10,0,NA,NA,NA,NA,NA,NA,NA
2540154,"Keenan Allen","SD","WR",23,2,10,0,0,0,NA,151,0,10,0,NA,NA,NA,NA,NA,NA,NA
2540171,"Joseph Randle","FA","RB",24,2,NA,0,0,0,NA,126,0,10,0,NA,NA,NA,NA,NA,NA,NA
2540175,"LeVeon Bell","PIT","RB",23,2,11,0,0,0,NA,126,0,10,0,NA,NA,NA,NA,NA,NA,NA
2540179,"DaRick Rogers","FA","WR",24,2,NA,0,0,0,NA,151,0,10,0,NA,NA,NA,NA,NA,NA,NA
2540181,"Josh Boyce","NE","WR",24,2,4,0,0,0,NA,151,0,10,0,NA,NA,NA,NA,NA,NA,NA
2540211,"Gavin Escobar","DAL","TE",24,2,6,0,0,0,NA,84,0,5,0,NA,NA,NA,NA,NA,NA,NA
2540233,"Nick Kasa","FA","TE",25,2,NA,0,0,0,NA,84,0,5,0,NA,NA,NA,NA,NA,NA,NA
2540259,"MarQueis Gray","BUF","TE",25,2,8,0,0,0,NA,84,0,5,0,NA,NA,NA,NA,NA,NA,NA
2540273,"Zac Stacy","NYJ","RB",24,2,5,0,0,0,NA,126,0,10,0,NA,NA,NA,NA,NA,NA,NA
2541096,"Ifeanyi Momah","ARI","TE",26,2,9,0,0,0,NA,84,0,5,0,NA,NA,NA,NA,NA,NA,NA
2541185,"Ryan Griffin","TB","QB",26,2,6,0,0,0,NA,63,0,9,0,NA,NA,NA,NA,NA,NA,NA
2541314,"Justin Brown","FA","WR",24,2,NA,0,0,0,NA,151,0,10,0,NA,NA,NA,NA,NA,NA,NA
2541390,"Kevin Dorsey","NE","WR",25,2,4,0,0,0,NA,151,0,10,0,NA,NA,NA,NA,NA,NA,NA
2541429,"B.J. Daniels","FA","WR",26,2,NA,0,0,0,0,151,0,10,0,NA,NA,NA,2.3571124871641,NA,NA,NA
2541432,"Michael Cox","FA","RB",26,2,NA,0,0,0,NA,126,0,10,0,NA,NA,NA,NA,NA,NA,NA
2541512,"Brian Leonhardt","OAK","TE",25,2,6,0,0,0,0,84,0,5,0,NA,NA,NA,3.10889923969489,NA,NA,NA
2542022,"Khiry Robinson","NO","RB",26,2,11,0,0,0,NA,126,0,10,0,NA,NA,NA,NA,NA,NA,NA
2543471,"Kelvin Benjamin","CAR","WR",24,1,5,0,0,0,NA,151,0,10,0,NA,NA,NA,NA,NA,NA,NA
2543481,"Jace Amaro","NYJ","TE",23,1,5,0,0,0,NA,84,0,5,0,NA,NA,NA,NA,NA,NA,NA
2543491,"Paul Richardson","SEA","WR",23,1,9,0,0,0,NA,151,0,10,0,NA,NA,NA,NA,NA,NA,NA
2543533,"Patrick Murray","TB","K",24,1,6,0,0,0,NA,33,0,5,0,NA,NA,NA,NA,NA,NA,NA
2543559,"Lache Seastrunk","FA","RB",24,1,NA,0,0,0,NA,126,0,10,0,NA,NA,NA,NA,NA,NA,NA
2543570,"Storm Johnson","FA","RB",23,1,NA,0,0,0,NA,126,0,10,0,NA,NA,NA,NA,NA,NA,NA
2543587,"Aaron Murray","KC","QB",25,1,9,0,0,0,0,63,0,9,0,NA,NA,NA,3.4715116321317,NA,NA,NA
2543596,"Dri Archer","FA","RB",24,1,NA,0,0,0,0,126,0,10,0,NA,NA,NA,2.61621711863469,NA,NA,NA
2543619,"Walt Powell","FA","WR",24,1,NA,0,0,0,0,151,0,10,0,NA,NA,NA,2.3571124871641,NA,0,NA
2543640,"Tom Savage","HOU","QB",25,1,9,0,0,0,NA,63,0,9,0,NA,NA,NA,NA,NA,NA,NA
2543655,"Tyler Gaffney","NE","RB",24,1,4,0,0,0,NA,126,0,10,0,NA,NA,NA,NA,NA,NA,NA
2543689,"Kevin Norwood","CAR","WR",26,1,5,0,0,0,0,151,0,10,0,NA,NA,NA,2.3571124871641,NA,NA,NA
2543690,"Marion Grice","FA","RB",23,1,NA,0,0,0,NA,126,0,10,0,NA,NA,NA,NA,NA,NA,NA
2543743,"Carlos Hyde","SF","RB",24,1,10,0,0,0,NA,126,0,10,0,NA,NA,NA,NA,NA,NA,NA
2543767,"Logan Thomas","FA","QB",24,1,NA,0,0,0,0,63,0,9,0,NA,NA,NA,3.4715116321317,NA,NA,NA
2543777,"Robert Herron","FA","WR",23,1,NA,0,0,0,NA,151,0,10,0,NA,NA,NA,NA,NA,NA,NA
2543781,"Zach Hocker","FA","K",24,1,NA,0,0,0,0,33,0,5,0,NA,NA,NA,1.62027674168688,NA,NA,NA
2543792,"Matt Hazel","MIA","WR",23,1,5,0,0,0,0,151,0,10,0,NA,NA,NA,2.3571124871641,NA,NA,NA
2543794,"Crockett Gillmore","BAL","TE",24,1,9,0,0,0,NA,84,0,5,0,NA,NA,NA,NA,NA,NA,NA
2550158,"Nate Freese","FA","K",25,1,NA,0,0,0,NA,33,0,5,0,NA,NA,NA,NA,NA,NA,NA
2550163,"Michael Campanaro","BAL","WR",24,1,9,0,0,0,NA,151,0,10,0,NA,NA,NA,NA,NA,NA,NA
2550182,"Isaiah Burse","DEN","WR",24,1,7,0,0,0,NA,151,0,10,0,NA,NA,NA,NA,NA,NA,NA
2550206,"Ryan Hewitt","CIN","TE",24,1,7,0,0,0,NA,84,0,5,0,NA,NA,NA,NA,NA,NA,NA
2550233,"Rajion Neal","FA","RB",23,1,NA,0,0,0,NA,126,0,10,0,NA,NA,NA,NA,NA,NA,NA
2550252,"Connor Shaw","CLE","QB",24,1,11,0,0,0,NA,63,0,9,0,NA,NA,NA,NA,NA,NA,NA
2550310,"Carey Spear","FA","K",23,1,NA,0,0,0,NA,33,0,5,0,NA,NA,NA,NA,NA,NA,NA
2550356,"Marcel Jensen","FA","TE",25,1,NA,0,0,0,0,84,0,5,0,NA,NA,NA,3.10889923969489,NA,NA,NA
2550359,"Seantavius Jones","NO","WR",23,1,11,0,0,0,NA,151,0,10,0,NA,NA,NA,NA,NA,NA,NA
2550376,"Stephen Morris","FA","QB",23,1,NA,0,0,0,NA,63,0,9,0,NA,28.9,3.3,6.25394910567166,NA,NA,NA
2550380,"Cody Parkey","PHI","K",23,1,8,0,0,0,NA,33,0,5,0,NA,NA,NA,NA,NA,NA,NA
2550407,"Zurlon Tipton","IND","RB",25,1,10,0,0,0,NA,126,0,10,0,NA,NA,NA,NA,NA,NA,NA
2550410,"Dustin Vaughan","DAL","QB",24,1,6,0,0,0,NA,63,0,9,0,NA,NA,NA,NA,NA,NA,NA
2550485,"Gator Hoskins","FA","TE",24,1,NA,0,0,0,NA,84,0,5,0,NA,NA,NA,NA,NA,NA,NA
2550500,"Solomon Patton","DEN","WR",25,1,7,0,0,0,NA,151,0,10,0,NA,NA,NA,NA,NA,NA,NA
2550529,"Silas Redd","WAS","RB",23,1,8,0,0,0,NA,126,0,10,0,NA,NA,NA,NA,NA,NA,NA
2550542,"Kapri Bibbs","FA","RB",22,1,NA,0,0,0,NA,126,0,10,0,NA,NA,NA,NA,NA,NA,NA
2550596,"Darrin Reaves","CAR","RB",22,1,5,0,0,0,NA,126,0,10,0,NA,NA,NA,NA,NA,NA,NA
2550608,"RaShaun Allen","SEA","TE",25,1,9,0,0,0,0,84,0,5,0,NA,NA,NA,3.10889923969489,NA,NA,NA
2550658,"Branden Oliver","SD","RB",24,1,10,0,0,0,NA,126,0,10,0,NA,NA,NA,NA,NA,NA,NA
2551247,"Josh Harris","PIT","RB",24,1,11,0,0,0,NA,126,0,10,0,NA,NA,NA,NA,NA,NA,NA
2552369,"Bryce Petty","NYJ","QB",24,0,5,0,0,0,0,63,0,9,0,NA,NA,NA,3.4715116321317,NA,NA,NA
2552371,"Garrett Grayson","NO","QB",24,0,11,0,0,0,0,63,0,9,0,NA,NA,NA,3.4715116321317,NA,NA,NA
2552382,"Malcolm Brown","STL","RB",22,0,6,0,0,0,NA,126,0,10,0,NA,NA,NA,NA,NA,1.5,NA
2552383,"Terrence Magee","BAL","RB",22,0,9,0,0,0,NA,126,0,10,0,NA,NA,NA,NA,NA,NA,NA
2552396,"Ben Koyack","JAC","TE",22,0,8,0,0,0,NA,84,0,5,0,NA,NA,NA,NA,NA,NA,NA
2552399,"Jeff Heuerman","DEN","TE",23,0,7,0,0,0,NA,84,0,5,0,NA,NA,NA,NA,NA,NA,NA
2552402,"Nick Boyle","BAL","TE",22,0,9,0,0,0,NA,84,0,5,0,NA,NA,NA,NA,NA,NA,NA
2552411,"Dezmin Lewis","BUF","WR",23,0,8,0,0,0,NA,151,0,10,0,NA,118.7,2.4,1.72914003834629,NA,NA,NA
2552421,"Kenny Bell","TB","WR",23,0,6,0,0,0,NA,151,0,10,0,NA,NA,NA,NA,NA,NA,NA
2552427,"Tony Lippett","MIA","WR",23,0,5,0,0,0,0,151,0,10,0,NA,NA,NA,2.3571124871641,NA,3,NA
2552428,"Tre McBride","TEN","WR",23,0,4,0,0,0,NA,151,0,10,0,NA,96.2,13.1,7.42894167011406,NA,0,NA
2552429,"Ty Montgomery","GB","WR",22,0,7,0,0,0,NA,151,0,10,0,NA,NA,NA,NA,NA,NA,NA
2552431,"Vince Mayle","CLE","WR",NA,NA,11,0,0,0,0,151,0,10,0,NA,NA,NA,2.3571124871641,NA,NA,NA
2552462,"Gerald Christian","ARI","TE",24,0,9,0,0,0,NA,84,0,5,0,NA,NA,NA,NA,NA,NA,NA
2552466,"Marcus Mariota","TEN","QB",22,0,4,0,0,0,NA,63,0,9,0,NA,NA,NA,NA,NA,NA,NA
2552469,"Melvin Gordon","SD","RB",22,0,10,0,0,0,NA,126,0,10,0,NA,NA,NA,NA,NA,NA,NA
2552470,"Sammie Coates","PIT","WR",22,0,11,0,0,0,0,151,0,10,0,NA,NA,NA,2.3571124871641,NA,NA,NA
2552476,"Kenny Hilliard","HOU","RB",24,0,9,0,0,0,NA,126,0,10,0,NA,NA,NA,NA,NA,NA,NA
2552479,"DaRon Brown","KC","WR",24,0,9,0,0,0,NA,151,0,10,0,NA,NA,NA,NA,NA,NA,NA
2552576,"Sean Mannion","STL","QB",23,0,6,0,0,0,0,63,0,9,0,NA,NA,NA,3.4715116321317,NA,NA,NA
2552580,"A.J. Derby","NE","TE",24,0,4,0,0,0,NA,84,0,5,0,NA,NA,NA,NA,NA,NA,NA
2552588,"Brett Hundley","GB","QB",22,0,7,0,0,0,0,63,0.001,9,0,NA,NA,NA,3.4715116321317,NA,NA,NA
2552597,"Breshad Perriman","BAL","WR",22,0,9,0,0,0,NA,151,0,10,0,NA,NA,NA,NA,NA,NA,NA
2552616,"Duron Carter","FA","WR",24,0,NA,0,0,0,NA,151,0,10,0,NA,NA,NA,NA,NA,NA,NA
2552634,"Joey Iosefa","TB","RB",NA,NA,6,0,0,0,0,126,0,10,0,NA,74.6,11.4,4.96997714606117,NA,NA,NA
2552647,"Marcus Murphy","NO","RB",24,0,11,0,0,0,NA,126,0,10,0,NA,NA,NA,NA,NA,NA,NA
2552651,"Kaelin Clay","TB","WR",23,0,6,0,0,0,0,151,0,10,0,NA,NA,NA,2.3571124871641,NA,0,NA
2553289,"Evan Spencer","WAS","WR",NA,NA,8,0,0,0,NA,151,0,10,0,NA,NA,NA,NA,NA,NA,NA
2553292,"Kennard Backman","GB","TE",22,0,7,0,0,0,0,84,0,5,0,NA,NA,NA,3.10889923969489,NA,NA,NA
2553318,"James OShaughnessy","KC","TE",NA,NA,9,0,0,0,NA,84,0,5,0,NA,NA,NA,NA,NA,NA,NA
2553432,"Kevin White","CHI","WR",22,0,7,0,0,0,NA,151,0,10,0,NA,NA,NA,NA,NA,NA,NA
2553439,"Mike Davis","SF","RB",22,0,10,0,0,0,NA,126,0,10,0,NA,NA,NA,NA,NA,4.9,NA
2553446,"Malcolm Johnson","CLE","TE",23,0,11,0,0,0,NA,84,0,5,0,NA,NA,NA,NA,NA,NA,NA
2553453,"Andre Debose","FA","WR",NA,NA,NA,0,0,0,NA,151,0,10,0,NA,NA,NA,NA,NA,NA,NA
2553454,"Geoff Swaim","DAL","TE",NA,NA,6,0,0,0,NA,84,0,5,0,NA,NA,NA,NA,NA,NA,NA
2553457,"Trevor Siemian","DEN","QB",NA,NA,7,0,0,0,0,63,0.002,9,0,NA,NA,NA,3.4715116321317,NA,NA,NA
2553462,"Josh Robinson","IND","RB",23,0,10,0,0,0,0,126,0,10,0,NA,NA,NA,2.61621711863469,NA,NA,NA
2553465,"Rory Anderson","SF","TE",23,0,10,0,0,0,NA,84,0,5,0,NA,NA,NA,NA,NA,NA,NA
2553497,"Kyle Brindza","DET","K",22,0,9,0,0,0,0,33,NA,5,0,NA,NA,NA,1.62027674168688,NA,NA,NA
2553502,"DeAndre Carter","BAL","WR",22,0,9,0,0,0,NA,151,0,10,0,NA,NA,NA,NA,NA,NA,NA
2553650,"Corey Grant","JAC","RB",NA,NA,8,0,0,0,NA,126,0,10,0,NA,NA,NA,NA,NA,NA,NA
2553653,"Josh Harper","OAK","WR",24,0,6,0,0,0,NA,151,0,10,0,NA,NA,NA,NA,NA,NA,NA
2553682,"Wes Saxton","NYJ","TE",22,0,5,0,0,0,NA,84,0,5,0,NA,NA,NA,NA,NA,NA,NA
2553703,"Devante Davis","PHI","WR",23,0,8,0,0,0,NA,151,0,10,0,NA,NA,NA,NA,NA,NA,NA
2553716,"Rannell Hall","TB","WR",22,0,6,0,0,0,NA,151,0,10,0,NA,NA,NA,NA,NA,NA,NA
2553733,"Thomas Rawls","SEA","RB",22,0,9,0,0,0,NA,126,0,10,0,NA,NA,NA,NA,NA,NA,NA
2553791,"E.J. Bibbs","CLE","TE",24,0,11,0,0,0,0,84,NA,5,0,NA,NA,NA,3.10889923969489,NA,NA,NA
2553797,"Michael Dyer","OAK","RB",25,0,6,0,0,0,NA,126,NA,10,0,NA,NA,NA,NA,NA,NA,NA
2553913,"Tyrell Williams","SD","WR",NA,NA,10,0,0,0,NA,151,NA,10,0,NA,NA,NA,NA,NA,15,NA
2495863,"Tarvaris Jackson","SEA","QB",32,9,9,-0.002,-0.0018,-2e-04,0.0014142135623731,104,NA,9,0.0016,NA,NA,NA,3.47352456254959,NA,0.92,NA
