"playerId","player","team","position","age","exp","bye","points","lower","upper","sdPts","positionRank","dropoff","tier","ptSpread","overallECR","positionECR","sdRank","risk","sleeper","actualPoints","salary"
2553435,"David Johnson","ARI","RB",25,1,9,21.1,19.89,22.73,1.99436706751791,1,2.34166666666667,1,2.84,NA,1,0.1,3.05138773414785,NA,22.1,NA
2552469,"Melvin Gordon","SD","RB",23,1,11,18.81,15.764,18.94,1.99331382376183,2,1.91,2,3.176,NA,3.6,1.1,3.57147785293749,NA,13.2,NA
2540175,"LeVeon Bell","PIT","RB",24,3,8,18.7066666666667,16.676,17.78,0.769502003462847,3,3.90166666666667,2,1.104,NA,3.6,1.5,2.62609734972653,NA,25.4,NA
2506363,"Aaron Rodgers","GB","QB",33,11,4,18.6066666666667,15.352,21.368,3.81325757500504,1,0.561666666666664,1,6.016,NA,1.9,1.5,5.09286116990433,NA,25.54,NA
2506121,"Philip Rivers","SD","QB",35,12,11,18.17,17.86,20.116,1.44041660640247,2,0.498333333333331,1,2.256,NA,7,2.5,5.93605456446813,NA,13.04,NA
2552466,"Marcus Mariota","TEN","QB",23,1,13,17.92,15.344,20.848,3.5234074416678,3,0.620000000000001,1,5.504,NA,9.4,2.8,8.05506164228058,NA,27.8,NA
2552033,"Jameis Winston","TB","QB",22,1,6,17.4233333333333,18.112,18.504,0.253837218179946,4,0.465,1,0.392000000000003,NA,NA,NA,3.90969566035651,NA,17.48,NA
310,"Matt Ryan","ATL","QB",31,8,11,17.1766666666667,14.03,21.678,5.05153771967837,5,0.531666666666663,1,7.648,NA,3.4,1.6,6.16237901284678,NA,11.68,NA
2543477,"Blake Bortles","JAC","QB",25,2,5,16.74,15.26,19.116,2.49375219298149,6,0.491666666666667,1,3.856,NA,18.3,2.4,6.39659303859154,NA,13.7,NA
2495455,"Cam Newton","CAR","QB",27,5,7,16.55,13.662,18.206,3.09481824991388,7,1.04166666666667,1,4.544,NA,4.6,2.2,6.31241391895964,NA,22.84,NA
382,"Joe Flacco","BAL","QB",31,8,8,15.9466666666667,12.924,18.396,3.51421873726342,8,0.918333333333331,1,5.472,NA,14.1,2.4,7.07793383283529,NA,18.14,NA
2543468,"Mike Evans","TB","WR",23,2,6,15.5,10.08,16.72,4.34856298103178,1,1.17,1,6.64,NA,2.2,1.2,4.72060935416154,NA,6.6,NA
2543583,"Devonta Freeman","ATL","RB",24,2,11,15.0933333333333,12.744,17,2.82738984459754,4,0.593333333333334,2,4.256,NA,7.1,1.7,4.67049730143491,NA,8.1,NA
2555260,"Dak Prescott","DAL","QB",23,0,7,15.07,10.978,17.65,4.61385955572989,9,0.118333333333332,1,6.672,NA,10.4,2.9,9.02587828982126,NA,17.76,NA
2504211,"Tom Brady","NE","QB",39,16,9,14.9866666666667,11.196,17.884,4.44136615618813,10,0.203333333333333,1,6.688,NA,2.2,1.2,4.78398950518034,NA,10.34,NA
2495143,"Andy Dalton","CIN","QB",29,5,9,14.9166666666667,10.884,17.932,4.60330678244817,11,0.274999999999999,1,7.048,NA,14.1,2.5,8.04783972462655,NA,10.66,NA
2505245,"Carson Palmer","ARI","QB",37,13,9,14.65,12.408,17.232,3.01779720988671,12,0.118333333333334,2,4.82400000000001,NA,NA,NA,7.60055393799377,NA,11.64,NA
2532975,"Russell Wilson","SEA","QB",28,4,5,14.6333333333333,11.3,18.1,4.31083905212585,13,0.49,2,6.8,NA,NA,NA,9.32721937493184,NA,26.52,NA
2555224,"Ezekiel Elliott","DAL","RB",21,0,7,14.5166666666667,9.43,17.51,5.0552777701461,5,0.0366666666666653,3,8.08,NA,2.7,1,6.40619907543824,NA,38.9,NA
2495207,"DeMarco Murray","TEN","RB",28,5,13,14.4833333333333,9.89,16.45,4.11713897425546,6,0.0549999999999997,3,6.56,NA,NA,NA,10.2040399029329,NA,21.6,NA
2506467,"Darren Sproles","PHI","RB",33,11,4,14.4766666666667,12.244,16.86,2.8869765037723,7,0.138333333333332,3,4.616,NA,17.8,3.2,5.50830047749117,NA,7.6,NA
2504775,"Drew Brees","NO","QB",37,15,5,14.43,13.686,15.382,1.06014149998951,14,0.655000000000003,2,1.696,NA,7.6,2.4,5.43940590328294,NA,19.02,NA
2555418,"Jordan Howard","CHI","RB",22,0,9,14.38,13.232,15.12,1.26301227230776,8,0.316666666666666,3,1.888,NA,9.9,2.5,3.61246355141046,NA,7,NA
2495450,"A.J. Green","CIN","WR",28,5,9,14.35,12.9,15.5,1.75,2,0.563333333333333,1,2.6,NA,4.3,1,2.65997646725049,NA,12.8,NA
2508061,"Antonio Brown","PIT","WR",28,6,8,14.31,12.864,16.12,2.18226946090532,3,1.09666666666667,1,3.256,NA,1.8,1.1,3.03718826218433,NA,21.4,NA
2552582,"Jay Ajayi","MIA","RB",23,1,8,14.2966666666667,12.752,16.36,2.26958880269826,9,0.671666666666667,3,3.608,NA,5.3,1.4,3.98827573479754,NA,8,NA
2555259,"Carson Wentz","PHI","QB",24,0,4,13.8566666666667,13.102,14.878,1.14692342086703,15,0.501666666666665,2,1.776,NA,18.2,2.8,6.46834082393239,NA,7.24,NA
2533034,"Lamar Miller","HOU","RB",25,4,9,13.83,12.052,15.42,2.14399160446117,10,1.19166666666667,3,3.368,NA,8,2.2,4.28672878548806,NA,8.3,NA
2506109,"Ben Roethlisberger","PIT","QB",34,12,8,13.6933333333333,13.128,15.656,1.63979673537098,16,0.676666666666668,2,2.528,NA,NA,NA,5.76043885918838,NA,28.42,NA
234,"Matt Forte","NYJ","RB",31,8,11,13.42,11.208,15.56,2.78301994243663,11,1.74,3,4.352,NA,NA,NA,7.68841640697525,NA,10.9,NA
100024,"Jets","NYJ","DST",NA,NA,11,13.3,11.14,15.46,3.81837661840736,1,1.15,1,4.32,NA,7,2.8,5.6819622033491,NA,7,NA
2495454,"Julio Jones","ATL","WR",27,5,11,13.2633333333333,9.258,14.778,3.51440369527084,4,0.591666666666667,1,5.52,NA,2.8,1.4,4.19543397895053,NA,13.5,NA
2543496,"Odell Beckham","NYG","WR",24,2,8,13.1633333333333,12.172,14.1,1.21079863451085,5,1.12166666666667,1,1.928,NA,4.5,1.1,2.30539667111907,NA,15.7,NA
100002,"Ravens","BAL","DST",NA,NA,8,13.1,10.78,15.42,4.10121933088198,2,1.975,1,4.64,NA,3.5,3.2,6.59341263310804,NA,14,NA
2495824,"Jay Cutler","CHI","QB",33,10,9,13.0166666666667,10.962,15.026,2.71684253009506,17,0.435,2,4.064,NA,14.9,2.8,7.51653778714841,NA,2.98,NA
2553457,"Trevor Siemian","DEN","QB",NA,NA,11,13.0166666666667,10.298,15.482,3.2860969756435,18,0.991666666666667,2,5.184,NA,NA,NA,7.9588284478647,NA,12.82,NA
497240,"Rob Gronkowski","NE","TE",27,6,9,12.55,11,13.84,1.86212244495361,1,1.59166666666667,1,2.84,NA,1,0.1,4.06956839125666,NA,5.6,NA
497322,"Emmanuel Sanders","DEN","WR",29,6,11,12.18,11.392,12.88,0.949315542904465,6,0.324999999999999,1,1.488,NA,12.2,3.4,3.29501786271628,NA,5.4,NA
2506340,"Alex Smith","KC","QB",32,11,5,12.1466666666667,11.112,13.64,1.58509726305149,19,0.243333333333334,3,2.528,NA,21,2.2,5.30440978394991,NA,5.42,NA
2506106,"Larry Fitzgerald","ARI","WR",33,12,9,11.9033333333333,7.182,13.422,3.90000427350193,7,0.143333333333333,1,6.24,NA,8.3,3.1,5.36294605321309,NA,13.2,NA
2532820,"Kirk Cousins","WAS","QB",28,4,9,11.9033333333333,11.852,12.212,0.256969518296107,20,0.0549999999999997,3,0.359999999999998,NA,19.2,2.6,5.38864379228887,NA,18.38,NA
2532956,"Ryan Tannehill","MIA","QB",28,4,8,11.9033333333333,11.064,12.896,1.1494491434306,20,0.359999999999999,3,1.832,NA,21.7,1.9,4.28529353603098,NA,19.2,NA
2540204,"Spencer Ware","KC","RB",25,3,5,11.8566666666667,7.054,14.254,4.52190594034566,12,0.385,3,7.2,NA,13.6,3.4,7.15393387428552,NA,7.2,NA
1032,"Jordy Nelson","GB","WR",31,8,4,11.8066666666667,9.716,13.78,2.55267180290247,8,0.104999999999999,1,4.064,NA,8.1,3.3,4.45120650003414,NA,18.6,NA
2555387,"Cody Kessler","CLE","QB",23,0,13,11.7933333333333,8.716,14.636,3.73471998057864,22,0.843333333333335,3,5.92,NA,25.4,2.5,7.46790535561511,NA,7.94,NA
2543471,"Kelvin Benjamin","CAR","WR",25,2,7,11.7133333333333,6.928,13.248,3.95152291317327,9,0.0316666666666681,1,6.32,NA,13.5,4.3,6.02084545786138,NA,5.4,NA
2495448,"Randall Cobb","GB","WR",26,5,4,11.69,9.976,13.28,2.08237844783315,10,0.153333333333332,1,3.304,NA,22.2,4.8,4.87080709958963,NA,3.1,NA
497328,"Demaryius Thomas","DEN","WR",29,6,11,11.6733333333333,6.784,12.944,3.95526653126352,11,0.318333333333333,1,6.16,NA,9.9,2.3,4.99184656637916,NA,14.7,NA
2495466,"Mark Ingram","NO","RB",27,5,5,11.5033333333333,8.622,12.622,2.8555268048704,13,0.0700000000000003,3,4,NA,16.4,4.2,5.99973271983391,NA,6.3,NA
497149,"LeGarrette Blount","NE","RB",30,6,9,11.44,9.716,13.06,2.10209419389332,14,0.469999999999999,3,3.344,NA,15.8,3.7,5.02885245161263,NA,24.9,NA
2555223,"Devontae Booker","DEN","RB",24,0,11,11.4266666666667,8.916,14.116,3.28513825178383,15,1.24,3,5.2,NA,13.1,3,5.77947204014392,NA,8.8,NA
2531332,"Terrelle Pryor","CLE","WR",27,5,13,11.4,11.4,11.4,NA,12,0.118333333333334,1,0,NA,NA,NA,NA,NA,4.8,NA
2504595,"Steve Smith","BAL","WR",37,15,8,11.31,8.964,13.26,2.81856346389433,13,0.0933333333333319,1,4.296,NA,29.3,5.3,5.68331682268425,NA,12,NA
2505996,"Eli Manning","NYG","QB",35,12,8,11.2933333333333,9.12,12.928,2.65038362003189,23,0.738333333333333,3,3.808,NA,12.9,3.2,8.44315751672301,NA,16,NA
2543509,"Allen Robinson","JAC","WR",23,2,5,11.2533333333333,9.408,12.8,2.21642354556464,14,0.0966666666666676,1,3.392,NA,18,5.5,5.33291748545332,NA,16.7,NA
100026,"Cardinals","ARI","DST",NA,NA,9,11.2,10.18,11.62,1.27279220613579,3,0.474999999999998,1,1.44,NA,1.2,0.8,-0.0545806820435466,NA,9,NA
2533039,"Alshon Jeffery","CHI","WR",26,4,9,11.18,6.908,12.988,3.86900504005875,15,0.0799999999999983,1,6.08,NA,6.8,3.3,5.44277677452793,NA,4.7,NA
2543500,"Jordan Matthews","PHI","WR",24,2,4,11.1333333333333,6.24,12.8,4.10040648391514,16,0.106666666666667,1,6.56,NA,20,5.5,6.7520881229414,NA,7.3,NA
2552608,"Stefon Diggs","MIN","WR",23,1,6,11.0666666666667,6.32,13.2,4.3189504897988,17,0.121666666666666,1,6.88,NA,18.9,4.6,6.45239491077897,NA,16.4,NA
100032,"Redskins","WAS","DST",NA,NA,9,11.05,8.53,11.17,2.33345237791561,4,0.675000000000001,2,2.64,NA,13.6,4.4,6.60065409400209,NA,9,NA
2556370,"Michael Thomas","NO","WR",22,0,5,10.9866666666667,8.468,12.9,3.06439771135101,18,0.0983333333333345,1,4.432,NA,24.3,5.9,6.17804503020044,NA,-2,NA
2540160,"Jordan Reed","WAS","TE",26,3,9,10.9733333333333,8.616,12.68,2.90450225225138,2,0.153333333333334,1,4.064,NA,3.3,1.5,5.98624440798398,NA,4.1,NA
2495966,"Delanie Walker","TEN","TE",32,10,13,10.9433333333333,8.904,12.72,2.45186323707774,3,0.405000000000001,1,3.816,NA,6.1,1.6,5.55140108929418,NA,18.4,NA
2553913,"Tyrell Williams","SD","WR",NA,NA,11,10.9033333333333,6.282,13.322,4.48330607178824,19,0.0983333333333345,1,7.04,NA,NA,NA,9.45648003496827,NA,18.5,NA
2555333,"Corey Coleman","CLE","WR",22,0,13,10.8733333333333,8.356,12.9,3.03218293203648,20,0.164999999999999,1,4.544,NA,34.2,5.3,5.84423254575793,NA,1.7,NA
2507763,"Mike Wallace","BAL","WR",30,7,8,10.7366666666667,5.682,12.962,4.56497900688857,21,0.123333333333335,2,7.28,NA,21.8,6,7.35999701493583,NA,5.9,NA
2550325,"Chandler Catanzaro","ARI","K",25,2,9,10.7,9.48,12.3333333333333,1.99527218973029,1,0.372222222222222,1,2.85333333333333,NA,5.4,3.1,5.82506122970168,NA,11,NA
497236,"Jimmy Graham","SEA","TE",30,6,5,10.6966666666667,6.718,12.238,3.5382246018778,4,0.599999999999998,2,5.52,NA,5.2,1.7,6.78593808295158,NA,4.8,NA
2495893,"Brandon Marshall","NYJ","WR",32,10,11,10.68,6.768,12.208,3.5172716699169,22,0.146666666666665,2,5.44,NA,16.2,5,6.05486837854452,NA,1.5,NA
2533436,"Brock Osweiler","HOU","QB",26,4,9,10.6066666666667,9.768,11.848,1.3720544206894,24,0.280000000000001,4,2.08,NA,26.1,1.7,3.9484253207518,NA,14.26,NA
2530747,"Doug Baldwin","SEA","WR",28,5,5,10.5466666666667,6.608,12.128,3.48977554197019,23,0.086666666666666,2,5.52,NA,21.1,4.5,5.77620131434718,NA,23.9,NA
2552656,"J.J. Nelson","ARI","WR",24,1,9,10.52,9.628,11.66,1.37884009225145,24,0.258333333333335,2,2.032,NA,31.1,6.4,5.16629935829545,NA,-0.0999999999999996,NA
2543603,"Jeremy Hill","CIN","RB",24,2,9,10.5133333333333,7.388,11.068,2.35298392118037,16,0.881666666666666,4,3.68,NA,18.9,3.1,4.95274222755148,NA,10.6,NA
2495186,"Colin Kaepernick","SF","QB",29,5,8,10.5033333333333,5.584,11.768,4.2247958530561,25,0.411666666666667,4,6.184,NA,23,2.6,8.03786532874694,NA,23.9,NA
2536340,"Justin Tucker","BAL","K",27,4,8,10.4222222222222,9.61333333333333,11.5333333333333,1.36680216130505,2,0.355555555555556,1,1.92,NA,2.2,3,4.80026081676959,NA,9,NA
100006,"Bengals","CIN","DST",NA,NA,9,10.4,5.58,10.22,4.10121933088198,5,0.225,2,4.64,NA,15.4,3.1,6.43925569670568,NA,5,NA
2552415,"Jamison Crowder","WAS","WR",23,1,9,10.4,7.42,13.1,3.60138862107382,25,0.401666666666666,2,5.68,NA,33.2,5.7,6.47936878495433,NA,9.7,NA
2540148,"Tyler Eifert","CIN","TE",26,3,9,10.38,8.172,12.3,2.65427956327136,5,0.685,2,4.128,NA,4.5,1.7,5.82710762140758,NA,9.6,NA
100021,"Patriots","NE","DST",NA,NA,9,10.35,8.23,10.07,1.62634559672906,6,0.550000000000001,2,1.84,NA,10.3,2.8,3.39708640119057,NA,3,NA
2507232,"Mason Crosby","GB","K",32,9,4,10.2333333333333,9.16,11.5333333333333,1.56240555270106,3,0.558333333333334,1,2.37333333333333,NA,4.6,2.6,4.07573607753588,NA,7,NA
2532888,"Case Keenum","LA","QB",28,4,8,10.15,9.484,10.852,0.925796953980731,26,1.24333333333333,4,1.368,NA,25.6,1.9,4.13596638635813,NA,7.7,NA
2543498,"Brandin Cooks","NO","WR",23,2,5,10.1233333333333,6.774,11.174,2.95645621197631,26,0.301666666666664,2,4.4,NA,20.3,6,6.14832557471124,NA,15.8,NA
497095,"Sam Bradford","MIN","QB",29,6,6,10.0333333333333,7.874,11.722,2.6119788156364,27,2.87483333333333,4,3.848,NA,24.8,1.9,5.26178917329555,NA,17.28,NA
100017,"Rams","LA","DST",NA,NA,8,10,10,10,NA,7,0.5,2,0,NA,4.7,2.6,2.8695275434699,NA,10,NA
2541556,"Brandon McManus","DEN","K",25,2,11,9.9,8.74,11.4066666666667,1.82787064944736,4,0.541666666666664,1,2.66666666666667,NA,7.9,3.2,5.85859913700201,NA,13,NA
2535698,"Cole Beasley","DAL","WR",27,4,7,9.87333333333333,8.396,11.02,1.78945056744614,27,0.123333333333335,2,2.624,NA,38.2,5.8,5.16605921463428,NA,3.3,NA
2543715,"Jerick McKinnon","MIN","RB",24,2,6,9.86,6.604,13.34,4.21032065287194,17,0.641666666666667,4,6.736,NA,37.7,4.8,7.58968662378113,NA,3.3,NA
2505299,"Antonio Gates","SD","TE",36,13,11,9.81333333333333,8.872,10.6,1.13072248289902,6,0.295,2,1.728,NA,8.5,1.9,4.28676301208766,NA,12.3,NA
497278,"Dez Bryant","DAL","WR",28,6,7,9.77,5.682,12.082,4.37980593177369,28,0.0516666666666676,2,6.4,NA,NA,NA,9.30055042786348,NA,17.6,NA
71217,"Kenny Britt","LA","WR",28,7,8,9.73,5.998,11.518,3.73091141679885,29,0.0466666666666669,2,5.52,NA,29.9,4.5,5.95784465422872,NA,10.9,NA
238498,"Julian Edelman","NE","WR",30,7,9,9.70666666666667,5.204,11.684,4.09342562328099,30,0.378333333333334,2,6.48,NA,NA,NA,8.86910010345294,NA,6.9,NA
2532903,"Rishard Matthews","TEN","WR",27,4,13,9.66,7.244,11.5,2.9378223227418,31,0.975000000000001,2,4.256,NA,33.5,4.4,5.30883388576146,NA,12.3,NA
100022,"Saints","NO","DST",NA,NA,5,9.6,7.68,11.52,3.39411254969543,8,0.424999999999999,2,3.84,NA,23.5,3.6,6.47298366834377,NA,10,NA
2495700,"Greg Olsen","CAR","TE",31,9,7,9.57666666666667,7.086,12.126,3.15255980646416,7,0.121666666666668,2,5.04,NA,3.5,1.8,6.42374285802253,NA,3.9,NA
238457,"Zach Miller","CHI","TE",32,7,9,9.46,4.756,10.836,3.81009186240962,8,0.136666666666667,2,6.08,NA,9.7,2.1,7.30540537747632,NA,3.2,NA
2539637,"Caleb Sturgis","PHI","K",27,3,4,9.45,9,10.08,0.779422863405996,5,0.199999999999999,1,1.08,NA,10.4,3.5,5.27886393088198,NA,11,NA
2550656,"Cameron Brate","TB","TE",25,2,6,9.45,4.93,10.85,3.70911040547461,9,0.791666666666664,2,5.92,NA,15.3,2.9,7.64500540187482,NA,14.4,NA
2540156,"Giovani Bernard","CIN","RB",25,3,9,9.40333333333333,7.262,11.262,2.50639847856109,18,0.428333333333333,4,4,NA,20.8,3.1,5.09738196957013,NA,3.6,NA
100031,"Buccaneers","TB","DST",NA,NA,6,9.4,7.32,11.48,3.67695526217005,9,0.725,2,4.16,NA,20.5,4.3,7.8469049073098,NA,24,NA
2506194,"Nick Novak","HOU","K",NA,NA,9,9.26666666666667,9,9.64,0.461880215351701,6,0.18888888888889,1,0.640000000000001,NA,15.2,3.7,5.36743771104946,NA,8,NA
2553833,"Josh Lambo","SD","K",26,1,11,9.23333333333333,8.14,10.54,1.56950098226581,7,0.455555555555554,1,2.4,NA,8.4,3.3,5.77883573169417,NA,7,NA
2540258,"Travis Kelce","KC","TE",27,3,5,9.19666666666667,5.118,11.118,3.87053398555462,10,1.29333333333333,2,6,NA,5.4,1.8,7.20254185959766,NA,3.1,NA
71345,"Rashad Jennings","NYG","RB",31,7,8,9.03333333333333,5.16,13.16,5.00133315560295,19,0.249999999999998,4,8,NA,32.3,5.4,8.64810564781152,NA,10.9,NA
2552470,"Sammie Coates","PIT","WR",23,1,8,8.99666666666667,5.078,10.998,3.84474099691167,32,0.669999999999998,2,5.92,NA,NA,NA,8.49444074475723,NA,0,NA
100016,"Chiefs","KC","DST",NA,NA,5,8.95,2.71,8.39,5.02045814642449,10,0.774999999999999,3,5.68,NA,7.6,2.6,6.6266447381797,NA,16,NA
2550636,"Cairo Santos","KC","K",25,2,5,8.92222222222222,7.21333333333333,11.1333333333333,2.6804504872903,8,0.68888888888889,1,3.92,NA,8.8,3.8,8.37271690166819,NA,13,NA
2552475,"Todd Gurley","LA","RB",22,1,8,8.91666666666667,7.94,9.42,0.938527215020073,20,0.381666666666668,4,1.48,NA,NA,NA,4.21042896166738,NA,7.2,NA
2507999,"Chris Ivory","JAC","RB",28,6,5,8.65,7.08,9.92,1.78815547422477,21,0.381666666666666,4,2.84,NA,23.2,3.7,4.73287000902188,NA,4.1,NA
2507463,"Connor Barth","CHI","K",30,8,9,8.63333333333333,8.12,9,0.635085296108588,9,0.825,2,0.880000000000001,NA,18.4,4.2,6.79335293753522,NA,6,NA
949,"Jonathan Stewart","CAR","RB",29,8,7,8.42,6.52,10.008,2.26742144296115,22,0.316666666666668,4,3.488,NA,NA,NA,6.71620053355894,NA,3.9,NA
100007,"Browns","CLE","DST",NA,NA,13,8.4,6.32,10.48,3.67695526217005,11,0.475,3,4.16,NA,25.1,3.4,6.45949247968853,NA,6,NA
2556214,"Tyreek Hill","KC","WR",22,0,5,8.37333333333333,5.616,12.08,4.53278428047633,33,0.110000000000003,2,6.464,NA,49.3,7.6,8.16120041719168,NA,8.9,NA
2533040,"Mohamed Sanu","ATL","WR",27,4,11,8.28,4.208,10.768,4.46443725457084,34,0.243333333333332,2,6.56,NA,40.1,5.7,7.12948787810044,NA,1.4,NA
2540165,"DeAndre Hopkins","HOU","WR",24,3,9,8.24666666666667,6.46,9.132,1.68360723844171,35,0.483333333333333,2,2.672,NA,14.2,4.6,4.46723799353913,NA,4.8,NA
2540158,"Zach Ertz","PHI","TE",26,3,4,8.12,4.692,9.892,3.62728548642094,11,0.951666666666667,2,5.2,NA,13,3.3,7.78081667596292,NA,5.5,NA
2543773,"James White","NE","RB",24,2,9,8.11666666666667,6.09,10.09,2.52008597736929,23,0.043333333333333,4,4,NA,34.7,6.3,6.7777525731518,NA,3.7,NA
2555229,"Kenneth Dixon","BAL","RB",22,0,8,8.09,2.814,10.734,4.95048482474192,24,0.0366666666666653,4,7.92,NA,NA,NA,11.7754022414827,NA,8,NA
2552471,"T.J. Yeldon","JAC","RB",23,1,5,8.05666666666667,3.644,12.964,5.92263736297718,25,0.101666666666667,4,9.32,NA,33.3,4.3,8.94352280863372,NA,5.9,NA
2550189,"Isaiah Crowell","CLE","RB",23,2,13,8.05,6.56,9.16,1.69336942218761,26,0.236666666666666,4,2.6,NA,22.8,3.3,4.43507216372884,NA,5.3,NA
100025,"Eagles","PHI","DST",NA,NA,4,7.95,4.41,7.69,2.89913780286484,12,0.0499999999999998,3,3.28,NA,15.1,3.3,5.49457316187508,NA,8,NA
100013,"Texans","HOU","DST",NA,NA,9,7.9,6.26,8.34,1.83847763108502,13,0.225000000000001,3,2.08,NA,5.6,2.9,3.77236035070504,NA,12,NA
100019,"Dolphins","MIA","DST",NA,NA,8,7.9,4.42,7.78,2.9698484809835,14,0.724999999999999,3,3.36,NA,20.2,3.7,6.1849065785219,NA,17,NA
2533437,"Ronnie Hillman","MIN","RB",25,4,6,7.86,5.958,9.462,3.09712770159708,27,0.0999999999999996,4,3.504,NA,45.5,4.3,6.27962314050108,NA,0.2,NA
2495259,"Dan Bailey","DAL","K",28,5,7,7.83333333333333,5.5,10.3,3.01385688667085,10,0.358333333333333,2,4.8,NA,6.5,3.1,7.09371418651775,NA,14,NA
2543495,"Davante Adams","GB","WR",24,2,4,7.82666666666667,4.996,10.676,3.55023003949509,36,0.225000000000001,2,5.68,NA,24.6,4.8,5.9765134394255,NA,15.6,NA
2553112,"Jason Myers","JAC","K",NA,NA,5,7.78333333333333,6.77,8.77,1.25133262297973,11,0.916666666666666,2,2,NA,23.3,3.5,5.86663018501068,NA,10,NA
2552369,"Bryce Petty","NYJ","QB",25,1,11,7.78,2.176,11.2,6.01881494426713,28,4.3215,4,9.024,NA,27,2.1,8.02194750426394,NA,7.52,NA
4383,"Tim Hightower","NO","RB",30,8,5,7.76666666666667,5.74,10.54,3.40783411176855,28,0.0416666666666679,4,4.8,NA,24.1,4.5,6.67677477530331,NA,5.5,NA
2556466,"Peyton Barber","TB","RB",22,0,6,7.75333333333333,6.492,8.332,1.16384420492321,29,0.11,4,1.84,NA,31.6,7.7,6.22859980217886,NA,3.8,NA
2553895,"Adam Humphries","TB","WR",NA,NA,6,7.7,5.62,9.78,3.67695526217005,37,0.246666666666666,2,4.16,NA,54.4,6.7,7.0522012295863,NA,4.6,NA
2556414,"Rob Kelley","WAS","RB",24,0,9,7.69666666666667,5.84,9.352,2.35860834674461,30,0.176666666666666,4,3.512,NA,NA,NA,6.88814315052961,NA,9.5,NA
2543721,"C.J. Fiedorowicz","HOU","TE",25,2,9,7.68666666666667,3.492,9.812,4.11370068591935,12,1.04166666666667,2,6.32,NA,12.5,2.8,8.0277294275265,NA,2.6,NA
2540011,"Chris Thompson","WAS","RB",26,3,9,7.59,5.354,9.434,2.58366019437541,31,0.256666666666667,4,4.08,NA,39.5,4.6,5.95184924632296,NA,0.6,NA
2550256,"Willie Snead","NO","WR",24,2,5,7.50333333333333,4.922,10.762,3.93357767602641,38,0.101666666666667,2,5.84,NA,35.9,5.1,6.42005518861362,NA,16.7,NA
100020,"Vikings","MIN","DST",NA,NA,6,7.45,4.39,7.51,2.75771644662754,15,0.600000000000001,3,3.12,NA,4.4,2.6,4.26806326498379,NA,3,NA
2543664,"Terrance West","BAL","RB",25,2,8,7.45,4.92,8.88,2.5588083163848,32,0.385,4,3.96,NA,15.1,3.6,5.40733569477455,NA,7.7,NA
2539250,"Quinton Patton","SF","WR",26,3,8,7.40333333333333,3.528,10,4.51010347257503,39,0.038333333333334,2,6.472,NA,71.9,9.5,9.12434331783075,NA,5.2,NA
2553737,"Eli Rogers","PIT","WR",NA,NA,8,7.4,4.36,10.44,5.37401153701776,40,0.0783333333333323,2,6.08,NA,49.2,7.4,8.69169996832495,NA,10.2,NA
2346,"Pierre Garcon","WAS","WR",30,8,9,7.33,5.412,9.98,3.26537899791127,41,0.086666666666666,2,4.568,NA,56.7,9.2,8.03194180903134,NA,8.1,NA
2530700,"Dontrelle Inman","SD","WR",27,3,11,7.31333333333333,5.608,9.528,2.68673283624058,42,0.15,2,3.92,NA,42,6.1,5.99673872651076,NA,4.3,NA
2555460,"Paul Perkins","NYG","RB",22,0,8,7.21666666666667,5.17,9.33,2.60400332821088,33,0.761666666666667,4,4.16,NA,31.7,6.2,6.8047618115163,NA,3.1,NA
2555295,"Sterling Shepard","NYG","WR",NA,0,8,7.17333333333333,5.664,9.184,2.45318840151614,43,0.0766666666666671,2,3.52,NA,37.1,4.5,4.99535876902237,NA,10.2,NA
2553648,"Andrew Franks","MIA","K",23,1,8,7.16666666666667,6.6,7.8,0.763762615825974,12,0.633333333333334,3,1.2,NA,20.8,3.6,5.50139646988731,NA,7,NA
2543488,"Jarvis Landry","MIA","WR",24,2,8,7.15333333333333,6.48,7.248,0.482217101867336,44,0.265,2,0.767999999999999,NA,NA,NA,3.42858257528038,NA,5.3,NA
2543475,"Marqise Lee","JAC","WR",25,2,5,7.04,5.076,9.7,3.25926372053567,45,0.356666666666666,2,4.624,NA,49.5,6.3,6.5311978865968,NA,5,NA
2530690,"DuJuan Harris","SF","RB",28,5,8,6.91333333333333,5.952,8.32,1.57242911869926,34,0.960000000000001,5,2.368,NA,35.5,6.4,5.93640692684405,NA,1.4,NA
100004,"Panthers","CAR","DST",NA,NA,7,6.9,2.54,6.86,3.81837661840736,16,0.15,3,4.32,NA,7.9,3.5,6.76106075816564,NA,9,NA
100029,"49ers","SF","DST",NA,NA,8,6.8,5.56,6.84,1.13137084989848,17,0.149999999999999,3,1.28,NA,27.3,1.3,0.568792657893522,NA,10,NA
2532841,"Michael Floyd","ARI","WR",27,4,9,6.73666666666667,2.382,10.622,5.24928884072246,46,0.436666666666667,2,8.24,NA,56.4,8.5,9.16524898346287,NA,10.1,NA
100011,"Packers","GB","DST",NA,NA,4,6.7,4.26,6.34,1.83847763108502,18,0.100000000000001,3,2.08,NA,11.8,3.4,4.54314503271686,NA,-2,NA
2553830,"Will Tye","NYG","TE",NA,NA,8,6.65,4.61,8.69,3.60624458405139,13,0.3975,2,4.08,NA,23.4,3.8,8.03870346805677,NA,5.3,NA
497254,"Dennis Pitta","BAL","TE",31,6,8,6.64,4.704,9.024,2.86893708540289,14,0.817500000000001,2,4.32,NA,13,3.1,6.84593896900546,NA,2.6,NA
497302,"Brandon LaFell","CIN","WR",30,6,9,6.63,4.338,9.298,3.20510530248228,47,0.665000000000001,2,4.96,NA,54.1,5.7,6.18085565172827,NA,0.9,NA
100005,"Bears","CHI","DST",NA,NA,9,6.6,6.06,6.54,0.424264068711928,19,0.100000000000001,3,0.48,NA,18.9,4.4,4.61060097599304,NA,2,NA
100001,"Falcons","ATL","DST",NA,NA,11,6.6,4.24,6.16,1.69705627484771,20,0.299999999999999,3,1.92,NA,18.7,4.6,6.24561692747047,NA,4,NA
2507225,"Nick Folk","NYJ","K",32,9,11,6.56666666666667,6,7.36,0.981495457622363,13,0.149999999999999,3,1.36,NA,20,3.3,5.04647155058708,NA,0,NA
2506581,"Ryan Fitzpatrick","NYJ","QB",34,11,11,6.537,2.1506,10.9234,7.75413296249168,29,6.188,4,8.7728,NA,NA,NA,13.9252272583831,NA,NA,NA
2506264,"Robbie Gould","NYG","K",34,11,8,6.5,5.3,7.7,1.5,14,0.25,3,2.4,NA,14.5,3.3,5.69227186820989,NA,3,NA
100009,"Broncos","DEN","DST",NA,NA,11,6.4,1.62,6.58,4.38406204335659,21,0.225,3,4.96,NA,9.5,3.2,6.88823531725753,NA,11,NA
2506386,"Mike Nugent","CIN","K",34,11,9,6.33333333333333,5.2,7.6,1.52752523165195,15,0.183333333333334,3,2.4,NA,15.7,2.9,4.75840483768122,NA,8,NA
100028,"Chargers","SD","DST",NA,NA,11,6.2,4.22,5.98,1.5556349186104,22,0.2,3,1.76,NA,12.5,4.6,6.09820558539572,NA,3,NA
2534797,"Greg Zuerlein","LA","K",29,4,8,6.16666666666667,2.7,9.9,4.53688586293873,16,0.0333333333333332,3,7.2,NA,23.3,4.2,11.6530674422629,NA,9,NA
100015,"Jaguars","JAC","DST",NA,NA,5,6.15,5.73,5.97,0.212132034355964,23,0.375,3,0.239999999999999,NA,16.5,3.3,2.69375766245494,NA,1,NA
2539227,"Dustin Hopkins","WAS","K",26,3,9,6.13333333333333,5.2,7.12,1.20554275466834,17,0.266666666666667,4,1.92,NA,16.8,3.6,6.05163611229349,NA,16,NA
2555408,"Roberto Aguayo","TB","K",22,0,6,6.13333333333333,5.2,7.12,1.20554275466834,17,0.566666666666666,5,1.92,NA,21.4,3.8,6.53571104281135,NA,10,NA
2495258,"Matt Asiata","MIN","RB",29,5,6,5.99666666666667,4.52,6.832,1.44776839768429,35,0.176666666666667,5,2.312,NA,34.5,4.5,4.82881846616903,NA,7.5,NA
2550617,"Taylor Gabriel","ATL","WR",25,2,11,5.97,2.842,9.162,3.95242963251719,48,0.0116666666666667,2,6.32,NA,71.7,6.7,7.25971114372569,NA,13.6,NA
71417,"Jordan Norwood","DEN","WR",30,7,11,5.96,4.008,7.912,3.45068109219035,49,0.0249999999999995,2,3.904,NA,87.9,7.2,7.13970766904939,NA,1.8,NA
2539336,"Tavon Austin","LA","WR",25,3,8,5.95666666666667,5.38,6.156,0.487476495159852,50,0.0499999999999998,3,0.776,NA,44.4,5.7,4.13371449750928,NA,1.9,NA
2543828,"Quincy Enunwa","NYJ","WR",24,2,11,5.91333333333333,4.96,6.272,0.820081296783028,51,0.0183333333333335,3,1.312,NA,41,6.1,4.59062352169927,NA,0.7,NA
2552461,"Duke Johnson","CLE","RB",23,1,13,5.91,5.266,6.546,0.800187478032492,36,0.188333333333333,5,1.28,NA,30.4,3.4,3.6450856434157,NA,3.1,NA
2556606,"Jalin Marshall","NYJ","WR",NA,0,11,5.9,4.54,7.26,2.40416305603426,52,0.00999999999999979,3,2.72,NA,83.6,7.4,6.45456624688557,NA,0,NA
2532977,"Kendall Wright","TEN","WR",27,4,13,5.89,4.78,6.436,1.03793063352037,53,0.00999999999999979,3,1.656,NA,44.5,5.9,4.65154363990045,NA,6.8,NA
2555346,"Will Fuller","HOU","WR",22,0,9,5.89,3.14,8.316,3.55067599197674,54,0.0233333333333325,3,5.176,NA,NA,NA,8.05141293169028,NA,NA,NA
2543847,"John Brown","ARI","WR",26,2,9,5.87,4.822,6.342,1.02357217625334,55,0.0233333333333334,3,1.52,NA,33.2,6.1,4.74390956015657,NA,3,NA
497238,"Jermaine Gresham","ARI","TE",28,6,9,5.865,4.077,7.653,3.16076731190387,15,0.295,3,3.576,NA,33.1,3.7,7.49934452678486,NA,3.8,NA
2552429,"Ty Montgomery","GB","WR",23,1,4,5.86333333333333,4.392,7.92,2.54323285078919,56,0.168333333333334,3,3.528,NA,24,7.1,6.40455220110782,NA,2,NA
100023,"Giants","NYG","DST",NA,NA,8,5.85,5.19,5.91,0.636396103067893,24,0.274999999999999,3,0.720000000000001,NA,18.4,2.8,2.36520700666736,NA,9,NA
2555317,"Tajae Sharpe","TEN","WR",22,0,13,5.83,3.298,9.058,3.90265294383193,57,0.325,3,5.76,NA,66.4,5.9,6.80948769798766,NA,12.8,NA
2555415,"Austin Hooper","ATL","TE",NA,0,11,5.78,3.728,8.448,3.23746814656145,16,0.483333333333333,3,4.72,NA,19,2.8,7.07726484722076,NA,0.8,NA
2539322,"Christine Michael","SEA","RB",26,3,5,5.73,3.78,6.812,1.98184257699748,37,0.178333333333333,5,3.032,NA,NA,NA,6.17771117239022,NA,2.6,NA
2555417,"C.J. Prosise","SEA","RB",22,0,5,5.71333333333333,3.4,7.352,2.54057736220201,38,0.368333333333333,5,3.952,NA,31.5,6.2,6.74496360515678,NA,15.3,NA
100027,"Steelers","PIT","DST",NA,NA,8,5.7,4.92,5.88,0.848528137423857,25,0.3,3,0.96,NA,19.7,3.3,3.35710870179129,NA,0,NA
2507374,"Steven Hauschka","SEA","K",NA,NA,5,5.6,5.16,5.96,0.529150262212918,19,0.233333333333333,5,0.800000000000001,NA,NA,NA,3.7175826782409,NA,14,NA
2543750,"Jeff Janis","GB","WR",25,2,4,5.56,3.688,7.432,3.30925973595304,58,0.117499999999999,3,3.744,NA,83.3,7.6,7.23954127023906,NA,0,NA
2532968,"Blair Walsh","MIN","K",26,4,6,5.53333333333333,5,6.28,0.923760430703402,20,1.68333333333333,5,1.28,NA,19,3.5,5.45863718104124,NA,2,NA
100012,"Titans","TEN","DST",NA,NA,13,5.45,2.39,5.51,2.75771644662754,26,0.2,3,3.12,NA,22.1,4.3,6.88873118382396,NA,11,NA
2553568,"Cameron Meredith","CHI","WR",NA,NA,9,5.45,5.01,5.89,0.777817459305202,59,0.0175000000000001,3,0.879999999999999,NA,46.4,7.7,5.38424204275529,NA,11,NA
2535876,"Griff Whalen","SD","WR",26,4,11,5.435,1.383,9.487,7.16299169341973,60,0.118333333333334,3,8.104,NA,88.3,9.7,11.2258984358553,NA,1,NA
2552409,"DeVante Parker","MIA","WR",23,1,8,5.43,4.24,6.392,1.39560022929204,61,0.238333333333333,3,2.152,NA,48.6,6.2,5.07574258043966,NA,10.3,NA
2550542,"Kapri Bibbs","DEN","RB",23,2,11,5.39,2.14,7.956,3.64366573659001,39,0.305,5,5.816,NA,31.6,6,7.68074227630014,NA,2.2,NA
2505629,"Jason Witten","DAL","TE",34,13,7,5.36,4.756,5.476,0.488671668914824,17,0.155833333333334,3,0.719999999999999,NA,12.9,3.1,4.26402393106768,NA,5.9,NA
100008,"Cowboys","DAL","DST",NA,NA,7,5.35,3.25,5.25,1.76776695296637,27,0.199999999999999,3,2,NA,19.4,3.4,4.46943936167949,NA,1,NA
2556563,"Don Jackson","GB","RB",23,0,4,5.3,5.3,5.3,NA,40,0.44,6,0,NA,56.7,6.8,6.8839618489693,NA,NA,NA
2495438,"Kyle Rudolph","MIN","TE",27,5,6,5.23333333333333,3.96,5.64,1.05987420637231,18,0.100833333333334,3,1.68,NA,11,2.8,4.71519106261233,NA,12.9,NA
2555466,"Tyler Boyd","CIN","WR",22,0,9,5.20333333333333,3.148,8.02,3.46251835133524,62,0.0708333333333329,3,4.872,NA,70.6,5.5,6.27157840635549,NA,1.2,NA
2550380,"Cody Parkey","CLE","K",24,2,13,5.2,4.2,6.28,1.3114877048604,21,2.7,5,2.08,NA,26.1,2.3,3.03710409400452,NA,1,NA
2552458,"Devin Funchess","CAR","WR",22,1,7,5.18,3.736,4.824,0.961665222413705,63,0.0958333333333323,4,1.088,NA,69.7,7.1,5.21318560552851,NA,11.6,NA
2495888,"Marcedes Lewis","JAC","TE",32,10,5,5.175,3.075,7.275,3.71231060122937,19,0.105,3,4.2,NA,35,5.9,9.33273804492155,NA,-0.1,NA
100030,"Seahawks","SEA","DST",NA,NA,5,5.15,3.45,5.45,1.76776695296637,28,NA,3,2,NA,13.2,4.3,5.85685178930075,NA,6,NA
2495826,"Vernon Davis","WAS","TE",32,10,9,5.09,3.516,6.9,2.17584466357321,20,0.0416666666666661,3,3.384,NA,25.7,2.6,5.81341941702261,NA,12.6,NA
2556592,"Roger Lewis","NYG","WR",23,0,8,5.085,2.913,7.257,3.83958982184295,64,0.0633333333333344,4,4.344,NA,80.9,10.8,9.28993966199032,NA,0.2,NA
2532933,"Brian Quick","LA","WR",27,4,8,5.08333333333333,3.86,5.82,1.24933315546068,65,0.158333333333334,4,1.96,NA,54.3,6.4,5.06874410006927,NA,1.6,NA
2541834,"Josh Hill","NO","TE",26,3,5,5.05,3.49,6.61,2.75771644662753,21,0.0649999999999995,3,3.12,NA,32,3.2,6.78143806429388,NA,0,NA
2555341,"Hunter Henry","SD","TE",22,0,11,5.04666666666667,1.84,6.992,3.26933224578557,22,0.307499999999999,3,5.152,NA,NA,NA,9.86306108931777,NA,7.1,NA
2550353,"Allen Hurns","JAC","WR",25,2,5,4.96,3.62,6.084,1.75008571218669,66,0.19,4,2.464,NA,NA,NA,5.33870805182361,NA,1.3,NA
1060,"Gary Barnidge","CLE","TE",31,8,13,4.92333333333333,4.52,5.056,0.368284310463171,23,0.370833333333334,3,0.536,NA,16.3,3.2,4.18957972708499,NA,0.8,NA
2530515,"Chris Hogan","NE","WR",28,5,9,4.89,3.674,5.834,1.37815093513011,67,0.257499999999999,4,2.16,NA,NA,NA,4.77836442671466,NA,0,NA
2495328,"Bilal Powell","NYJ","RB",28,5,11,4.87,4.362,5.482,0.735323058253989,41,0.114999999999999,6,1.12,NA,38.5,3.2,3.47971463409575,NA,14.9,NA
2495469,"Dion Lewis","NE","RB",26,5,9,4.85,0.485,4.365,3.42946788875476,42,0.216666666666667,7,3.88,NA,NA,NA,8.90736284570074,NA,NA,NA
2539217,"Andre Ellington","ARI","RB",27,3,9,4.66,2.576,7.216,2.95918907810907,43,0.109999999999999,7,4.64,NA,47.5,5.5,6.774873903625,NA,-0.1,NA
2552597,"Breshad Perriman","BAL","WR",23,1,8,4.65,2.63,7.27,3.17765636908713,68,0.0674999999999999,4,4.64,NA,69.2,7.1,6.88245208574722,NA,12.4,NA
2543638,"DeAnthony Thomas","KC","WR",23,2,5,4.615,1.427,7.803,5.63564104605678,69,0.109999999999999,4,6.376,NA,NA,NA,11.1925466699074,NA,NA,NA
2543743,"Carlos Hyde","SF","RB",25,2,8,4.60666666666667,1.58,6.476,3.47161825858393,44,0.156666666666666,7,4.896,NA,NA,NA,8.98684185632622,NA,1.4,NA
2550521,"Xavier Grimble","PIT","TE",24,2,8,4.555,2.279,6.831,4.02343758495146,24,0.0133333333333336,3,4.552,NA,37.2,6.1,9.78250695073195,NA,0.5,NA
2495187,"Lance Kendricks","LA","TE",28,5,8,4.55,3.71,4.91,0.769740215917033,25,0.0716666666666672,3,1.2,NA,17.3,3.1,4.56890384200931,NA,0,NA
2540202,"Kenny Stills","MIA","WR",24,3,8,4.55,2.94,5.86,1.93713706278105,70,0.123333333333335,4,2.92,NA,NA,NA,5.62051292283632,NA,10.7,NA
2495353,"Julius Thomas","JAC","TE",28,5,5,4.53333333333333,3.34,4.94,1.0785793124909,26,0.206666666666666,3,1.6,NA,20.1,2.3,4.45477059195299,NA,8.4,NA
497188,"Ryan Mathews","PHI","RB",29,6,4,4.49333333333333,2.4,6.224,2.44461312549314,45,0.0950000000000006,7,3.824,NA,34.3,5.4,6.23762171536909,NA,25.9,NA
2495189,"Jeremy Kerley","SF","WR",28,5,8,4.46,3.844,4.82,0.621932472218649,71,0.0883333333333338,4,0.976,NA,70.4,7.5,5.16363478202133,NA,10.1,NA
2532838,"Coby Fleener","NO","TE",28,4,5,4.42333333333333,4.04,4.416,0.235867194271127,27,0.376666666666667,3,0.376,NA,18.6,2.7,3.7652343698783,NA,2.6,NA
2533457,"Alfred Morris","DAL","RB",28,4,7,4.40666666666667,1.704,7.624,3.76219793914851,46,0.180000000000001,7,5.92,NA,49.9,3.4,6.43767870803057,NA,1.9,NA
2541785,"Adam Thielen","MIN","WR",26,2,6,4.39333333333333,4.136,4.456,0.200333056017556,72,0.0649999999999995,4,0.319999999999999,NA,66.1,6.4,4.27855109484218,NA,8.1,NA
497206,"James Starks","GB","RB",30,6,4,4.39,1.88,7.136,3.56192363758686,47,0.560833333333334,7,5.256,NA,NA,NA,9.15712226445548,NA,10.4,NA
2507855,"Victor Cruz","NYG","WR",30,6,8,4.35,3.45,4.65,1.06066017177982,73,0.121666666666666,4,1.2,NA,NA,NA,4.30004420432995,NA,NA,NA
2552491,"Dorial Green-Beckham","PHI","WR",23,1,4,4.30666666666667,3.584,4.544,0.627800392906323,74,0.168333333333333,4,0.959999999999999,NA,63.8,6.4,4.60055459107814,NA,NA,NA
2540215,"Vance McDonald","SF","TE",26,3,8,4.23,3.258,4.458,0.812219182240853,28,0.481666666666667,3,1.2,NA,24.8,2.4,4.22198719939704,NA,5,NA
2532887,"Jermaine Kearse","SEA","WR",26,4,5,4.15,3.64,4.4,0.492442890089805,75,0.0483333333333338,4,0.76,NA,74.3,10,6.35586621175811,NA,2.6,NA
2552430,"Tyler Lockett","SEA","WR",24,1,5,4.12666666666667,3.456,4.576,0.701522154556314,76,0.0608333333333331,4,1.12,NA,55.7,5.8,4.3465422074293,NA,7.2,NA
2539205,"Terrance Williams","DAL","WR",27,3,7,4.07666666666667,3,4.624,1.05291658422371,77,0.0475000000000003,4,1.624,NA,72.6,7.8,5.64306023582779,NA,0.5,NA
2532899,"Doug Martin","TB","RB",27,4,6,4.06333333333333,1.98,6.212,2.64877959319633,48,0.525833333333333,7,4.232,NA,NA,NA,7.43529193412062,NA,10.6,NA
2540145,"Cordarrelle Patterson","MIN","WR",25,3,6,4.055,3.419,3.491,0.0636396103067892,78,0.103333333333333,5,0.0719999999999992,NA,58.7,5.7,3.8144457558324,NA,1.7,NA
2550328,"Brandon Coleman","NO","WR",24,2,5,4.00333333333333,1.768,7.04,3.72384657757719,79,0.175000000000001,5,5.272,NA,90.6,3.9,5.64297716965211,NA,1.9,NA
2552600,"Nelson Agholor","PHI","WR",23,1,4,3.9,3.16,4.36,0.793725393319377,80,0.145,5,1.2,NA,67.8,5.8,4.41599725740359,NA,0.7,NA
1062,"Martellus Bennett","NE","TE",29,8,9,3.86333333333333,2.62,4.532,1.19625805465766,29,0.296666666666666,4,1.912,NA,NA,NA,5.36566227676756,NA,10.2,NA
2552652,"Chris Conley","KC","WR",24,1,5,3.75666666666667,3.52,3.816,0.191398362932741,81,0.185,6,0.295999999999999,NA,NA,NA,2.99044547039912,NA,1.2,NA
2495341,"Cecil Shorts","TB","WR",29,5,6,3.75333333333333,0.868,7.14,4.06749718295334,82,0.378333333333333,6,6.272,NA,81.6,8.3,8.17184458417808,NA,3.8,NA
2552633,"Jesse James","PIT","TE",22,1,8,3.63333333333333,2.5,4.02,1.00166528008778,30,0.381666666666666,4,1.52,NA,25.5,3,4.76433492321097,NA,5.9,NA
2556801,"Kenneth Farrow","SD","RB",23,0,11,3.595,2.009,3.681,1.47785317267988,49,0.221666666666668,7,1.672,NA,62.7,5.9,5.58669885814395,NA,NA,NA
2495288,"Virgil Green","DEN","TE",28,5,11,3.5,2.38,4.14,1.113552872566,31,0.550833333333333,4,1.76,NA,24.9,2,4.324280883512,NA,2.4,NA
2550268,"Charcandrick West","KC","RB",25,2,5,3.48,2.76,4.152,0.930161276338679,50,0.241666666666667,7,1.392,NA,43.5,5.3,4.75768329058415,NA,1,NA
2530660,"Kamar Aiken","BAL","WR",27,5,8,3.39,2.736,3.96,0.805170789336027,83,0.0566666666666658,6,1.224,NA,78.4,10.5,6.84939326564379,NA,1.5,NA
2556462,"Robby Anderson","NYJ","WR",23,0,11,3.36,2.788,3.332,0.480832611206852,84,0.0800000000000001,7,0.544,NA,82.6,7.5,5.05734678141082,NA,6.9,NA
2495459,"Torrey Smith","SF","WR",27,5,8,3.30666666666667,2.52,3.896,0.965470524321346,85,0.0883333333333334,7,1.376,NA,NA,NA,4.15663488791205,NA,2.6,NA
2550512,"Damien Williams","MIA","RB",24,2,8,3.26666666666667,1.48,4.84,2.13853532431273,51,0.111666666666666,7,3.36,NA,48.5,3.4,4.9068843313772,NA,14,NA
2550272,"Albert Wilson","KC","WR",24,2,5,3.25333333333333,2.28,3.848,0.981087831610062,86,0.103333333333333,7,1.568,NA,70.7,12.9,8.22009109632421,NA,2.5,NA
2552379,"Jeremy Langford","CHI","RB",25,1,9,3.21,2.438,3.382,0.834386001800126,52,0.1275,7,0.943999999999999,NA,51.1,6,5.03214423556891,NA,2.6,NA
2508097,"Andrew Hawkins","CLE","WR",30,5,13,3.18333333333333,2.16,3.88,1.0866615541802,87,0.085,7,1.72,NA,83.8,8.8,6.18438916390235,NA,0,NA
2555348,"Braxton Miller","HOU","WR",24,0,9,3.11666666666667,1.86,4.46,1.73949226308522,88,0.059166666666667,7,2.6,NA,80.6,9,6.77933674506806,NA,1,NA
2552635,"Matt Jones","WAS","RB",24,1,9,3.1,1.82,4.38,2.26274169979695,53,0.0875000000000004,7,2.56,NA,46.9,6.9,6.84777742628043,NA,NA,NA
2507166,"Ted Ginn","CAR","WR",31,9,7,3.08,2.312,3.48,0.815597940164147,89,0.0549999999999993,7,1.168,NA,66.6,6.5,4.79361006777971,NA,4.4,NA
2506147,"John Kuhn","NO","RB",34,10,5,3.065,0.853,2.877,1.78898015640197,54,0.241666666666666,7,2.024,NA,71.4,5.8,5.82792207492791,NA,NA,NA
2543759,"Ryan Grant","WAS","WR",26,2,9,3.035,2.547,2.923,0.332340187157677,90,0.0241666666666673,7,0.376,NA,91.1,10.7,6.59640032254737,NA,0,NA
2556612,"Tanner McEvoy","SEA","WR",23,0,5,3.015,0.963,3.867,2.56679761570717,91,0.246666666666667,7,2.904,NA,NA,NA,6.56913697893274,NA,NA,NA
1990,"Eddie Royal","CHI","WR",30,8,9,3.00666666666667,2.484,3.364,0.555097589017763,92,0.578333333333333,7,0.879999999999999,NA,NA,NA,3.53838170913057,NA,2.4,NA
2550313,"Richard Rodgers","GB","TE",24,2,4,3.00333333333333,2.26,3.308,0.660328201225219,32,0.1725,4,1.048,NA,24.9,2.9,4.33793864956161,NA,2.7,NA
2550474,"Antonio Andrews","TEN","RB",24,2,13,2.96,1.142,3.878,2.41830519165799,55,0.31,7,2.736,NA,62.8,6.5,6.78600994252641,NA,NA,NA
89766,"Brandon Myers","TB","TE",31,7,6,2.895,1.179,3.411,1.97282791951047,33,0.136666666666667,4,2.232,NA,47.7,2.2,5.368635467729,NA,0.6,NA
2543683,"Austin Seferian-Jenkins","NYJ","TE",24,2,11,2.76666666666667,1.76,3.28,0.971253485622231,34,0.019166666666667,4,1.52,NA,35.2,6.4,6.64017623756696,NA,NA,NA
2541316,"Ryan Griffin","HOU","TE",26,3,9,2.75,2.17,2.73,0.494974746830583,35,0.0249999999999999,5,0.56,NA,31.1,3.9,4.71999734473217,NA,6.7,NA
2540928,"Darren Fells","ARI","TE",30,4,9,2.745,1.149,3.141,1.7606958851545,36,0.0825,5,1.992,NA,NA,NA,6.59017321781293,NA,NA,NA
2534820,"Garrett Celek","SF","TE",28,4,8,2.705,1.841,2.969,0.997020561473032,37,0.155,5,1.128,NA,33.2,3.1,4.81543876116322,NA,NA,NA
2540037,"Fozzy Whittaker","CAR","RB",27,4,7,2.68666666666667,1.96,3.608,1.11289412494331,56,0.155,7,1.648,NA,57.2,4.1,4.30466466810848,NA,1.4,NA
2534241,"Derek Carrier","WAS","TE",26,4,9,2.62,0.262,2.358,1.85261976670875,38,0.2325,5,2.096,NA,NA,NA,6.78959606409426,NA,NA,NA
2541544,"Benny Cunningham","LA","RB",26,3,8,2.61333333333333,2.008,3.128,0.727002980278165,57,0.165833333333333,7,1.12,NA,57.6,4.6,4.20138680619316,NA,4.7,NA
2649,"Danny Amendola","NE","WR",31,8,9,2.53,1.138,3.298,1.43446854270144,93,0.279166666666667,7,2.16,NA,75.4,8.2,6.13684027746835,NA,1.4,NA
2504797,"Matt Bryant","ATL","K",41,14,11,2.5,2.1,2.9,0.5,22,0.0499999999999998,6,0.8,NA,5.2,3.4,4.68880372099829,NA,11,NA
2556601,"Wil Lutz","NO","K",22,0,5,2.5,2.1,2.9,0.707106781186548,22,0.233333333333333,6,0.8,NA,NA,NA,4.16087436455565,NA,5,NA
2535724,"Dominique Jones","MIA","TE",29,4,8,2.48,0.98,3.252,1.44678954931255,39,0.21,5,2.272,NA,34.2,4.9,6.31386775735072,NA,0,NA
2553762,"Terron Ward","ATL","RB",NA,NA,11,2.45,2.01,2.89,0.777817459305202,58,0.0149999999999997,7,0.88,NA,50.1,4.6,4.24929486174387,NA,-0.1,NA
2550738,"Fitzgerald Toussaint","PIT","RB",26,2,8,2.445,0.799,3.191,2.11424927574778,59,0.0800000000000001,7,2.392,NA,66.8,9.2,7.90626946448216,NA,NA,NA
2535890,"Travaris Cadet","NO","RB",27,4,5,2.425,1.479,2.111,0.558614357137373,60,0.1275,7,0.632,NA,62,5.1,4.30317102664344,NA,2.6,NA
89802,"Ryan Succop","TEN","K",30,7,13,2.4,2.04,2.84,0.529150262212918,24,0.266666666666667,6,0.8,NA,19.1,3.2,4.24103560567161,NA,13,NA
2550546,"Philly Brown","CAR","WR",25,2,7,2.32666666666667,1.88,2.584,0.440605643782888,94,0.159166666666666,8,0.704,NA,89.1,5.9,4.20158941302433,NA,0.3,NA
2535708,"Lance Dunbar","DAL","RB",26,4,7,2.305,1.631,2.679,0.926309883354377,61,0.0524999999999998,7,1.048,NA,75.3,4.5,4.33718568845986,NA,0,NA
2537933,"Larry Donnell","NYG","TE",28,4,8,2.295,0.739,2.651,1.68998520703585,40,0.0908333333333333,5,1.912,NA,38.1,9.6,9.21634238281917,NA,NA,NA
2543600,"Alfred Blue","HOU","RB",25,2,9,2.29,1.82,2.756,0.585064099052403,62,0.215,7,0.936,NA,NA,NA,3.54393661857379,NA,2.3,NA
2532853,"Ladarius Green","PIT","TE",26,4,8,2.245,0.2,2.992,1.79722934911862,41,0.103333333333333,5,2.792,NA,NA,NA,6.66943017743055,NA,3,NA
2539289,"Kenjon Barner","PHI","RB",27,3,4,2.215,1.313,2.217,0.799030662740799,63,0.2825,7,0.904,NA,64,5.6,4.7903778591264,NA,NA,NA
2555473,"Ricardo Louis","CLE","WR",NA,0,13,2.175,1.495,2.255,0.67175144212722,95,0.0183333333333335,8,0.76,NA,NA,NA,3.71412822966725,NA,NA,NA
2540203,"Levine Toilolo","ATL","TE",25,3,11,2.16333333333333,1.02,3.092,1.3557408798636,42,0.0733333333333337,5,2.072,NA,32.9,2.4,4.8115545790753,NA,NA,NA
2550198,"Bennie Fowler","DEN","WR",25,2,11,2.16,1.3,2.644,0.922388204608017,96,0.02,8,1.344,NA,93.2,4.6,3.89382531578969,NA,NA,NA
2541388,"Brice Butler","DAL","WR",26,3,7,2.15333333333333,1.16,2.968,1.22740919555515,97,0.0599999999999996,8,1.808,NA,95.3,5.6,4.63950161655415,NA,NA,NA
2506922,"Stephen Gostkowski","NE","K",32,10,9,2.13333333333333,2,2.32,0.23094010767585,25,0.0166666666666666,6,0.32,NA,2.9,2.1,1.20720106665176,NA,6,NA
2550545,"Chris Boswell","PIT","K",27,2,8,2.13333333333333,2,2.32,0.23094010767585,25,0.283333333333333,6,0.32,NA,14.4,3.5,4.59572558027678,NA,6,NA
2552418,"Justin Hardy","ATL","WR",25,1,11,2.12666666666667,1,3.224,1.60503374834716,98,0.0966666666666667,8,2.224,NA,93.1,8.1,6.21373305037003,NA,NA,NA
2540259,"MarQueis Gray","MIA","TE",26,3,8,2.12,1.084,2.556,1.30107647738325,43,0.0700000000000003,5,1.472,NA,NA,NA,5.59305898640627,NA,1.8,NA
71309,"Graham Gano","CAR","K",29,7,7,2.1,2,2.24,0.173205080756888,27,1.3,7,0.24,NA,12.6,2.9,3.07159148865949,NA,6,NA
2535964,"Josh Bellamy","CHI","WR",27,4,9,2.06,0.912,2.608,1.49906637611548,99,0.0800000000000001,8,1.696,NA,90,4.2,4.12186288552411,NA,0,NA
2540200,"Dion Sims","MIA","TE",25,3,8,2.06,1.312,2.208,0.791959594928933,44,0.04,6,0.896,NA,NA,NA,4.4885632223866,NA,0,NA
2540211,"Gavin Escobar","DAL","TE",25,3,7,2.04,0.368,2.512,1.89504617357995,45,0.0874999999999999,6,2.144,NA,47.3,12.6,11.1230368929167,NA,NA,NA
2552586,"Tyler Kroft","CIN","TE",24,1,9,2,1.14,2.26,0.989949493661167,46,0.13,6,1.12,NA,47.7,1.9,4.13406411753121,NA,0,NA
2556697,"Bryce Treggs","PHI","WR",22,0,4,2,2,2,NA,100,0.0899999999999999,8,0,NA,74.2,10.6,9.88683537684166,NA,NA,NA
2555477,"Charone Peake","NYJ","WR",24,0,11,1.96,1.46,2.164,0.486621002423857,101,0.105,8,0.704,NA,92.3,9.3,5.99034407574811,NA,0.9,NA
2552375,"Cameron Artis-Payne","CAR","RB",24,1,7,1.935,1.583,1.687,0.0919238815542511,64,0.00666666666666682,7,0.104,NA,73.5,1.6,2.0393828119449,NA,NA,NA
2507428,"Mike Tolbert","CAR","RB",31,8,7,1.93,1.206,2.054,0.74953318805774,65,0.00666666666666682,7,0.848,NA,72.1,4,3.90997848687306,NA,0,NA
2543551,"KaDeem Carey","CHI","RB",24,2,9,1.92666666666667,1.724,2.14,0.261023626006025,66,0.0341666666666667,7,0.416,NA,52.7,5.9,4.43946801697415,NA,1.5,NA
2540230,"Kyle Juszczyk","BAL","RB",25,3,8,1.92,1.524,1.716,0.169705627484771,67,0.2,7,0.192,NA,67.6,7.7,5.29132272869592,NA,0.7,NA
497224,"Ed Dickson","CAR","TE",29,6,7,1.905,1.041,2.169,0.997020561473032,47,0.13,6,1.128,NA,42,5.4,6.10670578496922,NA,2.6,NA
2495461,"Shaun Draughn","SF","RB",29,5,8,1.865,0.046,2.846,1.95771124871196,68,0.3275,7,2.8,NA,59.2,5.1,5.6222441114371,NA,NA,NA
2555216,"Malcolm Mitchell","NE","WR",23,0,9,1.86,1.272,1.848,0.509116882454314,102,0.0349999999999999,9,0.576,NA,88.3,9.3,6.00728981965789,NA,1.3,NA
497270,"Arrelious Benn","JAC","WR",28,6,5,1.85,1.85,1.85,NA,103,0.095,9,0,NA,110.3,8.1,7.30728814682835,NA,0,NA
2550284,"Trey Burton","PHI","TE",25,2,4,1.835,0.867,2.203,1.18086832458153,48,0.125,6,1.336,NA,NA,NA,5.33227526434607,NA,NA,NA
2556743,"Chris Hubert","ARI","WR",23,0,9,1.8,1.8,1.8,NA,104,0.125,9,0,NA,NA,NA,NA,NA,NA,NA
2556463,"Stephen Anderson","HOU","TE",23,0,9,1.715,0.923,1.907,0.869741340859454,49,0.0408333333333333,6,0.984,NA,53.3,5.3,5.91250176995345,NA,6.7,NA
2550162,"James Wright","CIN","WR",25,2,9,1.71,0.442,2.378,1.71119841047145,105,0.0774999999999999,9,1.936,NA,NA,NA,5.28012183467481,NA,NA,NA
2495835,"Anthony Fasano","TEN","TE",32,10,13,1.705,0.921,1.889,0.855599205235723,50,0.0783333333333334,6,0.968,NA,47.2,4,5.16731497233578,NA,6.9,NA
2541187,"Demetrius Harris","KC","TE",25,3,5,1.64333333333333,1.02,2.244,0.85594002905188,51,0.315833333333333,6,1.224,NA,42.8,6.3,6.45895169362599,NA,0,NA
2543590,"Cody Latimer","DEN","WR",24,2,11,1.64,0.164,1.476,1.15965512114594,106,0.0274999999999999,9,1.312,NA,NA,NA,4.4491864524259,NA,NA,NA
2555209,"Chris Moore","BAL","WR",23,0,8,1.625,0.985,1.665,0.601040764008566,107,0.0275000000000001,9,0.68,NA,121.3,3.1,2.8778958696288,NA,0,NA
2553454,"Geoff Swaim","DAL","TE",NA,NA,7,1.61,0.582,2.038,1.28693434175952,52,0.6375,6,1.456,NA,47.1,2.9,5.01762916050332,NA,NA,NA
2500351,"Phil Dawson","SF","K",41,18,8,1.6,1.16,1.96,0.529150262212918,28,1.6,8,0.8,NA,25.7,2.8,3.27288574463589,NA,11,NA
2541147,"Charles Johnson","MIN","WR",27,3,6,1.6,0.78,2.62,1.22882057274445,108,0.0750000000000002,9,1.84,NA,91.3,6.2,4.95011044933878,NA,NA,NA
2553434,"Devin Smith","NYJ","WR",NA,NA,11,1.595,0.979,1.611,0.558614357137373,109,0.1775,9,0.632,NA,NA,NA,3.54367994612902,NA,NA,NA
2555432,"Andy Janovich","DEN","RB",23,0,11,1.575,0.443,1.587,1.01116269709676,69,0.0766666666666667,7,1.144,NA,NA,NA,4.34739089759241,NA,0.9,NA
2556075,"Derrick Henry","TEN","RB",22,0,13,1.5,0.15,1.35,1.06066017177982,70,0.0699999999999998,7,1.2,NA,49.1,6.3,5.40180119265819,NA,3.1,NA
2555461,"Wendell Smallwood","PHI","RB",22,0,4,1.49666666666667,1.218,1.938,0.457201633126275,71,0.201666666666667,7,0.72,NA,63.3,7.2,5.30183333457472,NA,7,NA
2539203,"Cobi Hamilton","PIT","WR",26,3,8,1.455,1.119,1.191,0.0636396103067893,110,0.1175,10,0.0720000000000001,NA,99.6,3.4,2.62785403002628,NA,3.9,NA
2532978,"Jarius Wright","MIN","WR",27,4,6,1.38,0.964,1.796,0.73539105243401,111,0.19,10,0.832,NA,NA,NA,3.81000538915751,NA,0.9,NA
2534571,"Bobby Rainey","NYG","RB",29,4,8,1.36333333333333,0.772,1.9,0.714865954800852,72,0.2525,7,1.128,NA,61.9,4,3.87729410697857,NA,NA,NA
2543491,"Paul Richardson","SEA","WR",24,2,5,1.295,1.131,1.459,0.289913780286484,112,0.2275,10,0.328,NA,93.3,5.4,3.83012120556984,NA,5.2,NA
2553439,"Mike Davis","SF","RB",23,1,8,1.22666666666667,1.184,1.28,0.0642910050732863,73,0.236666666666667,7,0.0959999999999999,NA,64.6,5.1,3.83712136788186,NA,NA,NA
222,"Harry Douglas","TEN","WR",32,8,13,1.085,0.513,1.657,1.01116269709676,113,0.16,10,1.144,NA,95.9,4.8,4.06387944174638,NA,NA,NA
2553606,"Jordan Taylor","DEN","WR",24,1,11,1.05,0.23,1.27,0.919238815542512,114,0.3,10,1.04,NA,NA,NA,4.08698384990715,NA,9.2,NA
2552559,"C.J. Uzomah","CIN","TE",23,1,9,1.045,0.841,1.249,0.360624458405139,53,0.245,7,0.408,NA,NA,NA,3.55280986675881,NA,NA,NA
2555234,"Tyler Ervin","HOU","RB",23,0,9,0.995,0.649,1.041,0.346482322781408,74,0.0125,7,0.392,NA,77.6,4.4,3.73841407269756,NA,NA,NA
2555220,"Derek Watt","SD","RB",24,0,11,0.985,0.328,1.352,0.905096679918781,75,0.0333333333333334,7,1.024,NA,76.7,5.5,4.83826893191163,NA,NA,NA
2543704,"Lorenzo Taliaferro","BAL","RB",25,2,8,0.98,0.404,1.556,1.01823376490863,76,0.0883333333333335,7,1.152,NA,76.8,8.4,6.45607599160342,NA,NA,NA
2552477,"Aaron Ripkowski","GB","RB",NA,NA,4,0.923333333333333,0.58,1.276,0.435469095727049,77,0.0683333333333334,7,0.696,NA,62,4.9,4.08285265090547,NA,NA,NA
2541199,"Luke Willson","SEA","TE",26,3,5,0.9,0.42,1.38,0.848528137423857,54,0.205,7,0.96,NA,NA,NA,4.61128497394434,NA,NA,NA
2552631,"Javorius Allen","BAL","RB",25,1,8,0.86,0.348,1.372,0.905096679918781,78,0.0349999999999999,7,1.024,NA,66.1,7.9,6.08886842091278,NA,0.3,NA
2543682,"Bishop Sankey","KC","RB",24,2,5,0.85,0.17,1.53,1.20208152801713,79,0.0725,7,1.36,NA,NA,NA,4.70738868296939,NA,NA,NA
497204,"C.J. Spiller","NYJ","RB",29,6,11,0.8,0.16,1.44,1.13137084989848,80,0.0475,7,1.28,NA,75,6.1,5.36425082512605,NA,0.4,NA
2556882,"Jake Lampman","NO","WR",23,0,5,0.8,0.8,0.8,NA,115,0.1,10,0,NA,NA,NA,NA,NA,NA,NA
2555230,"Kenyan Drake","MIA","RB",NA,0,8,0.755,0.399,1.111,0.629325035256027,81,0.0299999999999999,7,0.712,NA,69.7,5,4.31772897115302,NA,0.9,NA
2495470,"Stevan Ridley","ATL","RB",27,5,11,0.75,0.15,1.35,1.06066017177982,82,0.0750000000000001,7,1.2,NA,84,1,2.6400606544473,NA,NA,NA
2553451,"Neal Sterling","JAC","TE",NA,NA,5,0.7,0.7,0.7,NA,55,0.09,8,0,NA,NA,NA,NA,NA,NA,NA
2553652,"Chris Harper","SF","WR",NA,NA,8,0.7,1.4,1.4,NA,116,0.025,10,0,NA,NA,NA,NA,NA,0,NA
2553725,"Bradley Marquez","LA","WR",NA,NA,8,0.7,0.7,0.7,NA,116,0.055,10,0,NA,114,5.1,4.21183147081238,NA,NA,NA
2540224,"Mike James","TB","RB",25,3,6,0.7,0.14,1.26,0.989949493661166,83,0.0924999999999998,7,1.12,NA,54.1,4.2,4.24086038323088,NA,1.2,NA
2555311,"Jerell Adams","NYG","TE",24,0,8,0.69,0.522,0.858,0.29698484809835,56,0.16,8,0.336,NA,38.2,5.4,5.34736494720569,NA,7.8,NA
2532797,"Brandon Bolden","NE","RB",26,4,9,0.65,0.29,1.01,0.636396103067893,84,0.1125,7,0.72,NA,88,8,5.88764495805959,NA,NA,NA
2556404,"Maurice Harris","WAS","WR",24,0,9,0.65,0.21,1.09,0.777817459305202,118,0.0225,10,0.88,NA,NA,NA,3.87392349548435,NA,2.8,NA
2555413,"Trevor Davis","GB","WR",23,0,4,0.64,0.512,0.768,0.226274169979695,119,0.0425,11,0.256,NA,NA,NA,3.04298811323544,NA,-3,NA
2556752,"Tommylee Lewis","NO","WR",24,0,5,0.615,0.387,0.843,0.403050865276332,120,0.0675000000000001,11,0.456,NA,NA,NA,3.30931355626394,NA,NA,NA
2541940,"Rashad Ross","WAS","WR",26,3,9,0.58,0.564,0.596,0.0282842712474619,121,0.0724999999999999,11,0.032,NA,110.5,2.5,2.13690298432103,NA,0,NA
2555430,"Alex Collins","SEA","RB",22,0,5,0.565,0.297,0.833,0.473761543394987,85,0.0575,7,0.536,NA,68.6,10.1,6.82858712086763,NA,0.2,NA
2550206,"Ryan Hewitt","CIN","TE",25,2,9,0.53,0.506,0.554,0.0424264068711928,57,0.01,8,0.0479999999999999,NA,NA,NA,2.86250001424651,NA,NA,NA
2555289,"Nick Vannett","SEA","TE",NA,0,5,0.53,0.394,0.666,0.240416305603426,57,0.045,8,0.272,NA,NA,NA,3.29202614469861,NA,NA,NA
2555468,"Rashard Higgins","CLE","WR",22,0,13,0.515,0.367,0.663,0.261629509039023,122,0.0175,11,0.296,NA,NA,NA,3.09625320184114,NA,NA,NA
2539260,"Denard Robinson","JAC","RB",26,3,5,0.51,0.438,0.582,0.127279220613579,86,0.00749999999999995,7,0.144,NA,NA,NA,2.68073448381013,NA,NA,NA
2555364,"Tyler Higbee","LA","TE",23,0,8,0.51,0.278,0.742,0.410121933088198,59,0.09,8,0.464,NA,44.1,3.6,4.45952989752395,NA,NA,NA
2552382,"Malcolm Brown","LA","RB",23,1,8,0.505,0.269,0.741,0.417193000900063,87,0.00750000000000012,7,0.472,NA,89,15,9.32856140567063,NA,NA,NA
2539315,"Stepfan Taylor","ARI","RB",25,3,9,0.5,0.26,0.74,0.424264068711929,88,0.025,7,0.48,NA,75.4,5.5,4.38493838736285,NA,NA,NA
2556381,"Mike Thomas","LA","WR",22,0,8,0.5,0.5,0.5,NA,123,0.0225,11,0,NA,NA,NA,NA,NA,NA,NA
2555362,"Aaron Burbridge","SF","WR",23,0,8,0.495,0.171,0.819,0.572756492761104,124,0.0375,11,0.648,NA,111.2,5,3.83681778159157,NA,NA,NA
2495340,"Anthony Sherman","KC","RB",28,5,5,0.495,0.411,0.579,0.148492424049175,89,0.0649999999999999,7,0.168,NA,76.2,6.1,4.4375898590631,NA,NA,NA
2495331,"Aldrick Robinson","ATL","WR",28,5,11,0.46,0.268,0.652,0.339411254969543,125,0.0175,11,0.384,NA,95.4,8.1,5.26036227180102,NA,0.2,NA
2507218,"Brent Celek","PHI","TE",31,9,4,0.46,0.412,0.508,0.0848528137423857,60,0.09,9,0.096,NA,NA,NA,2.95454132791482,NA,0.9,NA
2535988,"Brittan Golden","ARI","WR",28,4,9,0.455,0.339,0.571,0.205060966544099,126,0.03,11,0.232,NA,114,2.2,2.11529287203449,NA,0,NA
2550263,"Juwan Thompson","DEN","RB",24,2,11,0.455,0.259,0.651,0.346482322781408,90,0.0574999999999999,7,0.392,NA,68.6,6.6,4.88479693761529,NA,NA,NA
2535869,"Rod Streater","SF","WR",28,4,8,0.43,0.294,0.566,0.240416305603426,127,0.00999999999999995,11,0.272,NA,106,9.6,5.95965531675703,NA,1.1,NA
1037885,"Marc Mariani","TEN","WR",29,6,13,0.42,0.244,0.596,0.311126983722081,128,0.01,11,0.352,NA,NA,NA,3.17082432588912,NA,0,NA
2534436,"Deonte Thompson","CHI","WR",27,4,9,0.42,0.404,0.436,0.0282842712474619,128,0.02,12,0.032,NA,104,8.2,5.0775868265362,NA,0,NA
2540178,"Knile Davis","KC","RB",25,3,5,0.405,0.062,0.462,0.252388589282479,91,0.04,8,0.4,NA,71.2,6.7,4.84819337269293,NA,NA,NA
2535966,"Brenton Bersin","CAR","WR",26,3,7,0.4,0.4,0.4,0,130,0,12,0,NA,NA,NA,2.70209154615897,NA,NA,NA
2552425,"Rashad Greene","JAC","WR",24,1,5,0.4,0.0800000000000001,0.72,0.565685424949238,130,0.01,12,0.64,NA,NA,NA,3.55433296385016,NA,0,NA
2553621,"Lucky Whitehead","DAL","WR",NA,NA,7,0.4,0.4,0.4,NA,130,0.0225,12,0,NA,107.2,2.7,1.73546612999961,NA,0.5,NA
2556273,"Darius Jackson","DAL","RB",23,0,7,0.39,0.039,0.351,0.275771644662754,92,0.0550000000000001,8,0.312,NA,NA,NA,2.96073276132556,NA,NA,NA
2507828,"Logan Paulsen","CHI","TE",29,6,9,0.38,0.204,0.556,0.311126983722081,61,0.0225,9,0.352,NA,54.3,1.4,3.11702338561823,NA,0,NA
2532842,"Nick Foles","KC","QB",27,4,5,0.38,0.204,0.556,0.311126983722081,30,0.091,5,0.352,NA,NA,NA,3.98619763795732,NA,NA,NA
2552408,"Darren Waller","BAL","WR",24,1,8,0.38,0.284,0.476,0.169705627484771,133,0.00749999999999995,12,0.192,NA,NA,NA,2.95776397146632,NA,7.4,NA
2555214,"Laquon Treadwell","MIN","WR",21,0,6,0.375,0.355,0.395,0.0353553390593274,134,0.00749999999999995,13,0.04,NA,NA,NA,2.75535663476466,NA,NA,NA
2556460,"Geronimo Allison","GB","WR",22,0,4,0.37,0.037,0.333,0.261629509039023,135,0.0150000000000001,14,0.296,NA,NA,NA,3.09625320184114,NA,1.7,NA
2556519,"Alex Erickson","CIN","WR",24,0,9,0.365,0.313,0.417,0.0919238815542512,136,0.0275,14,0.104,NA,NA,NA,2.84058077653378,NA,0,NA
2556478,"Ben Braunecker","CHI","TE",22,0,9,0.36,0.248,0.472,0.197989898732233,62,0.00750000000000001,9,0.224,NA,NA,NA,3.1999848310303,NA,NA,NA
2555306,"David Morgan","MIN","TE",23,0,6,0.355,0.319,0.391,0.0636396103067893,63,0.00999999999999995,10,0.072,NA,NA,NA,2.90852067108067,NA,NA,NA
2532835,"Rhett Ellison","MIN","TE",28,4,6,0.35,0.31,0.39,0.0707106781186547,64,0.01,10,0.08,NA,NA,NA,2.92386089002538,NA,0.8,NA
2495159,"Dwayne Harris","NYG","WR",29,5,8,0.345,0.301,0.389,0.0777817459305203,137,0.025,14,0.088,NA,106.3,10.4,6.24987316976605,NA,0,NA
2495234,"Luke Stocker","TB","TE",28,5,6,0.34,0.212,0.468,0.226274169979695,65,0.02,10,0.256,NA,46.6,9.1,7.34791949947436,NA,1.1,NA
2552580,"A.J. Derby","DEN","TE",25,1,11,0.34,0.292,0.388,0.0848528137423857,65,0.0425,10,0.096,NA,51,2,3.20843214958257,NA,2.2,NA
2530763,"Patrick DiMarco","ATL","RB",27,5,11,0.34,0.212,0.468,0.226274169979695,93,0.0125,8,0.256,NA,75.6,4.4,3.62508143656037,NA,NA,NA
2555331,"Cody Core","CIN","WR",22,0,9,0.33,0.033,0.297,0.233345237791561,138,0.02,14,0.264,NA,NA,NA,3.05364113095658,NA,NA,NA
2550481,"Orleans Darkwa","NYG","RB",24,2,8,0.33,0.033,0.297,0.233345237791561,94,0.0375,8,0.264,NA,70.5,7.6,5.29921404755037,NA,NA,NA
2539265,"Rex Burkhead","CIN","RB",26,3,9,0.325,0.185,0.465,0.247487373415292,95,0.07,8,0.28,NA,80.6,4.1,3.48875637740061,NA,NA,NA
2495748,"Drew Stanton","ARI","QB",32,9,9,0.318,0.1244,0.5116,0.342239682094289,31,0.058,5,0.3872,NA,NA,NA,4.0277440281624,NA,NA,NA
2555370,"Jordan Payton","CLE","WR",23,0,13,0.31,0.31,0.31,NA,139,0.005,14,0,NA,NA,NA,NA,NA,NA,NA
2556190,"Jakeem Grant","MIA","WR",24,0,8,0.31,0.302,0.318,0.014142135623731,139,0.01,14,0.016,NA,119,5,3.41602358160655,NA,-3,NA
2535535,"Phillip Supernaw","TEN","TE",26,4,13,0.3,0.14,0.46,0.282842712474619,67,0.005,10,0.32,NA,48,10.6,8.25141104295279,NA,NA,NA
2550182,"Isaiah Burse","SD","WR",25,2,11,0.3,0.3,0.3,NA,141,0.01,14,0,NA,NA,NA,NA,NA,0,NA
2553900,"Daniel Brown","CHI","WR",NA,NA,9,0.3,0.3,0.3,NA,141,0.0375,14,0,NA,NA,NA,NA,NA,NA,NA
79589,"David Johnson","PIT","TE",29,7,8,0.295,0.291,0.299,0.00707106781186552,68,0.00250000000000006,11,0.00800000000000006,NA,NA,NA,2.78579891952293,NA,0.2,NA
2552478,"Blake Bell","SF","TE",25,1,8,0.295,0.211,0.379,0.148492424049175,68,0.015,11,0.168,NA,NA,NA,3.09260329841728,NA,NA,NA
2552399,"Jeff Heuerman","DEN","TE",24,1,11,0.29,0.202,0.378,0.15556349186104,70,0.03,11,0.176,NA,NA,NA,3.107943517362,NA,NA,NA
2555419,"Pharoh Cooper","LA","WR",21,0,8,0.28,0.028,0.252,0.197989898732233,143,0.0349999999999999,14,0.224,NA,119,2.2,2.10996636317392,NA,0.6,NA
2552396,"Ben Koyack","JAC","TE",23,1,5,0.27,0.027,0.243,0.190918830920368,71,0.02,12,0.216,NA,57.5,3.5,4.16561445936752,NA,3.5,NA
2495443,"Ryan Mallett","BAL","QB",28,5,8,0.26,0.132,0.388,0.226274169979695,32,0.001,5,0.256,NA,NA,NA,3.87288930103435,NA,-0.3,NA
2555263,"Kevin Hogan","CLE","QB",24,0,13,0.26,0.052,0.468,0.367695526217005,32,0.00900000000000001,5,0.416,NA,NA,NA,4.06173652923929,NA,0.1,NA
2557531,"Troymaine Pope","FA","RB",23,0,NA,0.26,0.026,0.234,0.183847763108502,96,0.0125,8,0.208,NA,NA,NA,2.7874004942922,NA,NA,NA
2543801,"Jimmy Garoppolo","NE","QB",25,2,9,0.258,0.0964,0.4196,0.285671139599365,34,0.016,5,0.3232,NA,NA,NA,3.95220513688043,NA,NA,NA
71435,"John Phillips","NO","TE",29,7,5,0.25,0.05,0.45,0.353553390593274,72,0,12,0.4,NA,NA,NA,3.5374696478141,NA,NA,NA
2550243,"Justin Perillo","GB","TE",25,2,4,0.25,0.05,0.45,0.353553390593274,72,0,12,0.4,NA,42.5,2.5,3.78060653209873,NA,0,NA
2552401,"MyCole Pruitt","FA","TE",24,1,NA,0.25,0.25,0.25,NA,72,0,12,0,NA,NA,NA,NA,NA,NA,NA
2552622,"Chris Manhertz","CAR","TE",NA,NA,7,0.25,0.05,0.45,0.353553390593274,72,0.015,12,0.4,NA,NA,NA,3.5374696478141,NA,NA,NA
2555218,"Dan Vitale","CLE","RB",NA,0,13,0.25,0.05,0.45,0.353553390593274,97,0.0325,8,0.4,NA,NA,NA,3.1073985257384,NA,NA,NA
2556453,"Hakeem Valles","ARI","TE",24,0,9,0.25,0.05,0.45,0.353553390593274,72,0.035,12,0.4,NA,NA,NA,3.5374696478141,NA,0,NA
2552420,"Keith Mumphery","HOU","WR",24,1,9,0.245,0.201,0.289,0.0777817459305203,144,0.0225,14,0.088,NA,NA,NA,2.8192747410915,NA,NA,NA
2555478,"Demarcus Robinson","KC","WR",NA,0,5,0.245,0.201,0.289,0.0777817459305203,144,0.0675,14,0.088,NA,NA,NA,2.8192747410915,NA,NA,NA
2543695,"Jay Prosch","HOU","RB",24,2,9,0.245,0.117,0.253,0.120208152801713,98,0.055,8,0.136,NA,71,11,6.96423064648661,NA,NA,NA
497123,"Colt McCoy","WAS","QB",30,6,9,0.244,0.1562,0.3018,0.128693434175952,35,0.011,5,0.1456,NA,NA,NA,3.74258471357295,NA,NA,NA
2539961,"Ryan Nassib","NYG","QB",26,3,8,0.24,0.064,0.416,0.311126983722081,36,0.016,5,0.352,NA,NA,NA,3.98619763795732,NA,NA,NA
2506562,"Matt Cassel","TEN","QB",34,11,13,0.226,0.1098,0.3322,0.19657568516986,37,0.00400000000000003,5,0.2224,NA,NA,NA,3.83323138311132,NA,NA,NA
2539275,"Mike Glennon","TB","QB",27,3,6,0.222,0.1346,0.2994,0.145663996924429,38,0.000999999999999973,5,0.1648,NA,NA,NA,3.76524638095754,NA,NA,NA
2555316,"Paxton Lynch","DEN","QB",22,0,11,0.222,0.1026,0.3314,0.202232539419353,38,0.00599999999999998,5,0.2288,NA,NA,NA,3.84078527223951,NA,NA,NA
2505076,"Josh McCown","CLE","QB",37,14,13,0.22,0.202,0.218,0.014142135623731,40,0.011,5,0.016,NA,NA,NA,3.58961845872695,NA,-6.64,NA
2552660,"Randall Telfer","CLE","TE",24,1,13,0.22,0.204,0.236,0.0282842712474619,77,0.04,12,0.032,NA,NA,NA,2.83181957635708,NA,-0.3,NA
2543497,"AJ McCarron","CIN","QB",26,2,9,0.212,0.1486,0.2654,0.103237590053236,41,0.00799999999999998,5,0.1168,NA,NA,NA,3.70859221249606,NA,NA,NA
2555486,"Temarrick Hemingway","LA","TE",23,0,8,0.21,0.021,0.189,0.148492424049175,78,0.0625,12,0.168,NA,NA,NA,3.09260329841728,NA,NA,NA
2495441,"Blaine Gabbert","SF","QB",27,5,8,0.206,0.1748,0.1972,0.0197989898732233,42,0.00900000000000001,5,0.0224,NA,NA,NA,3.59717234785515,NA,NA,NA
2506546,"Derek Anderson","CAR","QB",33,11,7,0.202,0.1076,0.2964,0.166877200360025,43,0.016,5,0.1888,NA,NA,NA,3.79357346518828,NA,NA,NA
2552654,"Geremy Davis","SD","WR",24,1,11,0.2,0.04,0.36,0.282842712474619,146,0.0575,14,0.32,NA,NA,NA,3.12821225500456,NA,NA,NA
81284,"Chase Daniel","PHI","QB",30,7,4,0.192,0.0576,0.3264,0.23758787847868,44,0.013,5,0.2688,NA,NA,NA,3.88799707929075,NA,NA,NA
2552647,"Marcus Murphy","NO","RB",25,1,5,0.19,0.182,0.198,0.014142135623731,99,0.01,8,0.016,NA,NA,NA,2.467402462846,NA,NA,NA
2534770,"Jonathan Grimes","HOU","RB",27,4,9,0.19,0.019,0.171,0.134350288425444,100,0.03,8,0.152,NA,NA,NA,2.69406773512039,NA,NA,NA
1037347,"Joe Webb","CAR","QB",30,6,7,0.18,0.036,0.324,0.254558441227157,45,0.00199999999999997,5,0.288,NA,NA,NA,3.91065874667534,NA,NA,NA
252,"Chad Henne","JAC","QB",31,8,5,0.178,0.0874,0.2586,0.151320851173921,46,0.00600000000000001,5,0.1712,NA,NA,NA,3.77280027008574,NA,NA,NA
2506053,"Luke McCown","NO","QB",35,12,5,0.178,0.0644,0.2916,0.20081832585698,46,0.012,5,0.2272,NA,NA,NA,3.83889679995747,NA,NA,NA
2552464,"Jalston Fowler","TEN","RB",NA,NA,13,0.17,0.146,0.194,0.0424264068711929,101,0.02,8,0.048,NA,NA,NA,2.52073546808703,NA,NA,NA
2506895,"Kellen Clemens","SD","QB",33,10,11,0.166,0.0428,0.2892,0.217788888605457,48,0.00100000000000003,5,0.2464,NA,NA,NA,3.86155846734206,NA,NA,NA
2539287,"Landry Jones","PIT","QB",27,3,8,0.166,0.0748,0.2572,0.161220346110533,48,0.005,5,0.1824,NA,NA,NA,3.78601957606008,NA,NA,NA
2543605,"Zach Mettenberger","PIT","QB",25,2,8,0.164,0.0164,0.1476,0.115965512114594,50,0.00899999999999995,6,0.1312,NA,NA,NA,3.7255884630345,NA,NA,NA
2504833,"Shaun Hill","MIN","QB",NA,NA,6,0.158,0.0158,0.1422,0.111722871427475,51,0.018,6,0.1264,NA,NA,NA,3.71992304618836,NA,NA,NA
2555215,"Leonte Carroo","MIA","WR",22,0,8,0.155,0.119,0.191,0.0636396103067893,147,0.05,14,0.072,NA,NA,NA,2.79796870564922,NA,NA,NA
2539308,"Matt Barkley","CHI","QB",26,3,9,0.152,0.0496,0.2544,0.181019335983756,52,0.026,6,0.2048,NA,NA,NA,3.81245818800877,NA,NA,NA
2535943,"Sean McGrath","SD","TE",29,4,11,0.15,0.03,0.27,0.212132034355964,79,0.00750000000000003,12,0.24,NA,NA,NA,3.23066526891974,NA,1.2,NA
2539303,"Zach Line","MIN","RB",26,3,6,0.15,0.015,0.135,0.106066017177982,102,0.0025,8,0.12,NA,80.3,4.1,3.35542386429803,NA,0.5,NA
2550540,"George Atkinson","CLE","RB",24,2,13,0.15,0.03,0.27,0.212132034355964,102,0.0325,8,0.24,NA,81,13,8.09306302083759,NA,NA,NA
2508101,"James Develin","NE","RB",28,6,9,0.145,0.101,0.189,0.0777817459305202,104,0.06,8,0.088,NA,NA,NA,2.58740172463832,NA,NA,NA
2536342,"Brandon Bostick","NYJ","TE",27,4,11,0.145,0.101,0.189,0.0777817459305202,80,0.015,12,0.088,NA,55,2.8,3.64989839621665,NA,NA,NA
2539645,"Brandon Williams","SEA","TE",29,4,5,0.14,0.14,0.14,NA,81,0.0275,12,0,NA,NA,NA,NA,NA,NA,NA
2541828,"Frankie Hammond","FA","WR",NA,NA,NA,0.13,0.013,0.117,0.0919238815542512,148,0.065,14,0.104,NA,NA,NA,2.84058077653378,NA,NA,NA
2556477,"Trevone Boykin","SEA","QB",23,0,5,0.128,0.0384,0.2176,0.158391918985787,53,0.00600000000000001,6,0.1792,NA,NA,NA,3.78224263149598,NA,NA,NA
2552588,"Brett Hundley","GB","QB",23,1,4,0.124,0.0312,0.2168,0.164048773235279,54,0.00500000000000002,6,0.1856,NA,NA,NA,3.78979652062418,NA,0.32,NA
79858,"Mark Sanchez","DAL","QB",30,7,7,0.12,0.024,0.216,0.169705627484771,55,0.00599999999999999,6,0.192,NA,NA,NA,3.79735040975238,NA,NA,NA
2553318,"James OShaughnessy","KC","TE",NA,NA,5,0.12,0.012,0.108,0.0848528137423857,82,0.0675,12,0.096,NA,NA,NA,2.95454132791482,NA,NA,NA
2505982,"Matt Schaub","ATL","QB",35,12,11,0.118,0.0524,0.1836,0.115965512114594,56,0.041,6,0.1312,NA,NA,NA,3.7255884630345,NA,NA,NA
2543640,"Tom Savage","HOU","QB",26,2,9,0.11,0.038,0.182,0.127279220613579,57,0.077,6,0.144,NA,NA,NA,3.7406962412909,NA,NA,NA
2533353,"Cory Harkey","LA","TE",26,4,8,0.105,0.101,0.109,0.00707106781186548,83,0.105,12,0.00800000000000001,NA,NA,NA,2.78579891952293,NA,NA,NA
2553650,"Corey Grant","JAC","RB",NA,NA,5,0.09,0.00900000000000001,0.081,0.0636396103067893,105,0.02,9,0.072,NA,NA,NA,2.56073522201781,NA,NA,NA
2507029,"Eric Weems","ATL","WR",31,9,11,0.08,0.064,0.096,0.0282842712474619,149,0.03,14,0.032,NA,NA,NA,2.74470361704352,NA,0,NA
2555219,"Daniel Lasco","NO","RB",24,0,5,0.08,0.00800000000000001,0.072,0.0565685424949238,106,0.05,9,0.064,NA,NA,NA,2.54740197070755,NA,NA,NA
2550235,"Roosevelt Nix","PIT","RB",NA,NA,8,0.06,0.06,0.06,NA,107,0.06,9,0,NA,NA,NA,NA,NA,NA,NA
4487,"Matthew Slater","NE","WR",31,8,9,0.05,0.01,0.09,0.0707106781186548,150,0.00500000000000001,14,0.08,NA,NA,NA,2.80862172337036,NA,NA,NA
2506897,"Devin Hester","BAL","WR",34,10,8,0.05,0.01,0.09,0.0707106781186548,150,0.03,14,0.08,NA,NA,NA,2.80862172337036,NA,0,NA
2507282,"Matt Moore","MIA","QB",32,9,8,0.044,0.0152,0.0728,0.0509116882454314,58,0.033,6,0.0576,NA,NA,NA,3.63871873806023,NA,NA,NA
2532900,"Keshawn Martin","FA","WR",26,4,NA,0.04,0.04,0.04,NA,152,0.04,14,0,NA,NA,NA,NA,NA,NA,NA
2555334,"Jared Goff","LA","QB",22,0,8,0.0219999999999999,0.1226,0.1914,0.0608111831820431,59,0.0219999999999999,6,0.0688,NA,NA,NA,3.65193804403458,NA,NA,NA
184,"Donnie Avery","FA","WR",32,8,NA,0,0,0,NA,153,0,0,0,NA,NA,NA,NA,NA,NA,NA
216,"Fred Davis","FA","TE",30,8,NA,0,0,0,NA,84,0,12,0,NA,NA,NA,NA,NA,NA,NA
262,"Chris Johnson","ARI","RB",31,8,9,0,0,0,NA,108,0,0,0,NA,NA,NA,NA,NA,NA,NA
264,"Josh Johnson","NYG","QB",30,8,8,0,0,0,0,60,0,6,0,NA,NA,NA,3.57073373590646,NA,NA,NA
284,"Darren McFadden","DAL","RB",29,8,7,0,0,0,NA,108,0,0,0,NA,NA,NA,NA,NA,NA,NA
318,"Jerome Simpson","FA","WR",30,8,NA,0,0,0,NA,153,0,0,0,NA,NA,NA,NA,NA,NA,NA
367,"Matt Flynn","NO","QB",31,8,5,0,0,0,NA,60,0,6,0,NA,NA,NA,NA,NA,NA,NA
768,"Steve Johnson","SD","WR",30,8,11,0,0,0,NA,153,0,0,0,NA,NA,NA,NA,NA,NA,NA
925,"Jamaal Charles","KC","RB",30,8,5,0,0,0,NA,108,0,0,0,NA,NA,NA,NA,NA,NA,NA
941,"Ray Rice","FA","RB",29,8,NA,0,0,0,NA,108,0,0,0,NA,NA,NA,NA,NA,NA,NA
1581,"DeSean Jackson","WAS","WR",30,8,9,0,0,0,NA,153,0,0,0,NA,NA,NA,NA,NA,NA,NA
1966,"John Carlson","FA","TE",32,8,NA,0,0,0,NA,84,0,12,0,NA,NA,NA,NA,NA,NA,NA
4231,"Jed Collins","FA","RB",30,8,NA,0,0,0,NA,108,0,0,0,NA,NA,NA,NA,NA,NA,NA
4381,"Garrett Hartley","FA","K",30,8,NA,0,0,0,NA,29,0,8,0,NA,NA,NA,NA,NA,NA,NA
4433,"Marcel Reece","FA","RB",31,8,NA,0,0,0,NA,108,0,0,0,NA,NA,NA,NA,NA,NA,NA
71247,"James Casey","FA","TE",32,7,NA,0,0,0,NA,84,0,12,0,NA,NA,NA,NA,NA,NA,NA
71265,"Jared Cook","GB","TE",29,7,4,0,0,0,NA,84,0,12,0,NA,NA,NA,NA,NA,NA,NA
79555,"Arian Foster","FA","RB",30,7,NA,0,0,0,NA,108,0,0,0,NA,NA,NA,NA,NA,NA,NA
79557,"Josh Freeman","FA","QB",28,7,NA,0,0,0,NA,60,0,6,0,NA,NA,NA,NA,NA,NA,NA
79563,"Shonn Greene","FA","RB",31,7,NA,0,0,0,NA,108,0,0,0,NA,NA,NA,NA,NA,NA,NA
79619,"Knowshon Moreno","FA","RB",29,7,NA,0,0,0,NA,108,0,0,0,NA,NA,NA,NA,NA,NA,NA
79625,"Bear Pascoe","NE","TE",30,7,9,0,0,0,NA,84,0,12,0,NA,NA,NA,NA,NA,NA,NA
79629,"Cedric Peerman","CIN","RB",30,7,9,0,0,0,NA,108,0,0,0,NA,NA,NA,NA,NA,NA,NA
80427,"Darrius Heyward-Bey","PIT","WR",29,7,8,0,0,0,NA,153,0,0,0,NA,NA,NA,NA,NA,NA,NA
80674,"Chris Ogbonnaya","FA","RB",30,7,NA,0,0,0,NA,108,0,0,0,NA,NA,NA,NA,NA,NA,NA
81288,"Brandon Gibson","NE","WR",29,7,9,0,0,0,NA,153,0,0,0,NA,NA,NA,NA,NA,NA,NA
81294,"Brian Hoyer","CHI","QB",31,7,9,0,0,0,NA,60,0,6,0,NA,NA,NA,NA,NA,NA,NA
81831,"Brian Hartline","FA","WR",30,7,NA,0,0,0,NA,153,0,0,0,NA,NA,NA,NA,NA,NA,NA
163982,"Will Johnson","NYG","RB",27,5,8,0,0,0,NA,108,0,0,0,NA,NA,NA,NA,NA,NA,NA
496812,"Erik Lorig","FA","RB",30,6,NA,0,0,0,NA,108,0,0,0,NA,NA,NA,NA,NA,NA,NA
497108,"Jimmy Clausen","FA","QB",28,6,NA,0,0,0,NA,60,0,6,0,NA,NA,NA,NA,NA,NA,NA
497121,"Thad Lewis","SF","QB",29,6,8,0,0,0,NA,60,0,6,0,NA,NA,NA,NA,NA,NA,NA
497145,"Joique Bell","FA","RB",30,6,NA,0,0,0,0,108,0,9,0,NA,NA,NA,2.44073596022548,NA,NA,NA
497172,"Anthony Dixon","FA","RB",29,6,NA,0,0,0,NA,108,0,0,0,NA,NA,NA,NA,NA,NA,NA
497174,"Jonathan Dwyer","FA","RB",27,6,NA,0,0,0,NA,108,0,0,0,NA,NA,NA,NA,NA,NA,NA
497176,"Toby Gerhart","FA","RB",29,6,NA,0,0,0,NA,108,0,0,0,NA,NA,NA,NA,NA,NA,NA
497190,"Dexter McCluster","SD","RB",28,6,11,0,0,0,NA,108,0,0,0,NA,NA,NA,NA,NA,NA,NA
497218,"Trindon Holliday","FA","WR",30,6,NA,0,0,0,NA,153,0,0,0,NA,NA,NA,NA,NA,NA,NA
497226,"Jim Dray","FA","TE",30,6,NA,0,0,0,NA,84,0,12,0,NA,NA,NA,NA,NA,NA,NA
497234,"Garrett Graham","DEN","TE",30,6,11,0,0,0,NA,84,0,12,0,NA,NA,NA,NA,NA,NA,NA
497246,"Michael Hoomanawanui","NO","TE",28,6,5,0,0,0,NA,84,0,12,0,NA,NA,NA,NA,NA,NA,NA
497250,"Anthony McCoy","FA","TE",29,6,NA,0,0,0,NA,84,0,12,0,NA,NA,NA,NA,NA,NA,NA
497256,"Tony Moeaki","FA","TE",29,6,NA,0,0,0,0,84,0,12,0,NA,NA,NA,2.77045870057821,NA,NA,NA
497260,"Seyi Ajirotutu","PHI","WR",29,6,4,0,0,0,NA,153,0,0,0,NA,NA,NA,NA,NA,NA,NA
497282,"Riley Cooper","FA","WR",29,6,NA,0,0,0,0,153,0,14,0,NA,NA,NA,2.70209154615897,NA,NA,NA
497284,"Eric Decker","NYJ","WR",29,6,11,0,0,0,NA,153,0,0,0,NA,NA,NA,NA,NA,NA,NA
497288,"Jacoby Ford","FA","WR",29,6,NA,0,0,0,NA,153,0,0,0,NA,NA,NA,NA,NA,NA,NA
1037366,"Michael Palmer","FA","TE",28,6,NA,0,0,0,NA,84,0,12,0,NA,NA,NA,NA,NA,NA,NA
1037847,"Deji Karim","FA","RB",30,6,NA,0,0,0,NA,108,0,0,0,NA,NA,NA,NA,NA,NA,NA
2495150,"Kai Forbath","FA","K",29,5,NA,0,0,0,0,29,0,9,0,NA,NA,NA,2.39946343538802,NA,NA,NA
2495158,"Leonard Hankerson","FA","WR",28,5,NA,0,0,0,NA,153,0,0,0,NA,NA,NA,NA,NA,NA,NA
2495161,"Roy Helu","FA","RB",28,5,NA,0,0,0,NA,108,0,0,0,NA,NA,NA,NA,NA,NA,NA
2495162,"Alex Henery","FA","K",29,5,NA,0,0,0,NA,29,0,8,0,NA,NA,NA,NA,NA,NA,NA
2495172,"Kendall Hunter","NO","RB",28,5,5,0,0,0,NA,108,0,0,0,NA,NA,NA,NA,NA,NA,NA
2495179,"Jerrel Jernigan","FA","WR",27,5,NA,0,0,0,NA,153,0,0,0,NA,NA,NA,NA,NA,NA,NA
2495181,"Jerrod Johnson","DAL","QB",28,5,7,0,0,0,NA,60,0,6,0,NA,NA,NA,NA,NA,NA,NA
2495192,"Greg Little","FA","WR",27,5,NA,0,0,0,NA,153,0,0,0,NA,NA,NA,NA,NA,NA,NA
2495211,"Niles Paul","WAS","TE",27,5,9,0,0,0,NA,84,0,12,0,NA,NA,NA,NA,NA,NA,NA
2495215,"Christian Ponder","SF","QB",28,5,8,0,0,0,0,60,0,6,0,NA,NA,NA,3.57073373590646,NA,NA,NA
2495267,"Jordan Cameron","MIA","TE",28,5,8,0,0,0,NA,84,0,12,0,NA,NA,NA,NA,NA,NA,NA
2495314,"Bruce Miller","FA","RB",29,5,NA,0,0,0,0,108,0,9,0,NA,NA,NA,2.44073596022548,NA,NA,NA
2495449,"Tandon Doss","FA","WR",27,5,NA,0,0,0,NA,153,0,0,0,NA,NA,NA,NA,NA,NA,NA
2495558,"Dwayne Bowe","FA","WR",32,9,NA,0,0,0,0,153,0,14,0,NA,NA,NA,2.70209154615897,NA,NA,NA
2495560,"Ahmad Bradshaw","FA","RB",30,9,NA,0,0,0,NA,108,0,0,0,NA,NA,NA,NA,NA,NA,NA
2495573,"Scott Chandler","FA","TE",31,9,NA,0,0,0,NA,84,0,12,0,NA,NA,NA,NA,NA,NA,NA
2495651,"Jacoby Jones","FA","WR",32,9,NA,0,0,0,NA,153,0,0,0,NA,NA,NA,NA,NA,NA,NA
2495660,"Brian Leonard","FA","RB",32,9,NA,0,0,0,NA,108,0,0,0,NA,NA,NA,NA,NA,NA,NA
2495663,"Marshawn Lynch","FA","RB",30,9,NA,0,0,0,NA,108,0,0,0,NA,NA,NA,NA,NA,NA,NA
2495801,"Miles Austin","FA","WR",32,10,NA,0,0,0,NA,153,0,0,0,NA,NA,NA,NA,NA,NA,NA
2495802,"Jason Avant","KC","WR",33,10,5,0,0,0,NA,153,0,0,0,NA,NA,NA,NA,NA,NA,NA
2495821,"Marques Colston","FA","WR",33,10,NA,0,0,0,NA,153,0,0,0,NA,NA,NA,NA,NA,NA,NA
2495825,"Owen Daniels","FA","TE",34,10,NA,0,0,0,NA,84,0,12,0,NA,NA,NA,NA,NA,NA,NA
2495838,"Bruce Gradkowski","PIT","QB",33,10,8,0,0,0,NA,60,0,6,0,NA,NA,NA,NA,NA,NA,NA
2495843,"Derek Hagan","FA","WR",32,10,NA,0,0,0,NA,153,0,0,0,NA,NA,NA,NA,NA,NA,NA
2495863,"Tarvaris Jackson","FA","QB",33,10,NA,0,0,0,NA,60,0,6,0,NA,NA,NA,NA,NA,NA,NA
2495867,"Greg Jennings","FA","WR",33,10,NA,0,0,0,NA,153,0,0,0,NA,NA,NA,NA,NA,NA,NA
2495974,"Charlie Whitehurst","FA","QB",34,10,NA,0,0,0,NA,60,0,6,0,NA,NA,NA,NA,NA,NA,NA
2499248,"Kris Durham","FA","WR",28,5,NA,0,0,0,NA,153,0,0,0,NA,NA,NA,NA,NA,NA,NA
2499255,"Richard Gordon","BAL","TE",29,5,8,0,0,0,NA,84,0,12,0,NA,NA,NA,NA,NA,NA,NA
2499277,"David Ausberry","FA","TE",29,5,NA,0,0,0,NA,84,0,12,0,NA,NA,NA,NA,NA,NA,NA
2504162,"Shayne Graham","FA","K",NA,NA,NA,0,0,0,0,29,0,8,0,NA,NA,NA,2.39946343538802,NA,NA,NA
2504941,"Billy Cundiff","FA","K",36,14,NA,0,0,0,NA,29,0,8,0,NA,NA,NA,NA,NA,NA,NA
2505354,"Tony Romo","DAL","QB",36,13,7,0,0,0,NA,60,0,6,0,NA,NA,NA,NA,NA,NA,NA
2505459,"Josh Brown","FA","K",37,13,NA,0,0,0,NA,29,0,8,0,NA,NA,NA,NA,NA,NA,NA
2505551,"Andre Johnson","FA","WR",35,13,NA,0,0,0,NA,153,0,0,0,NA,NA,NA,NA,NA,NA,NA
2505936,"Steven Jackson","NE","RB",33,12,9,0,0,0,NA,108,0,0,0,NA,NA,NA,NA,NA,NA,NA
2506004,"Jerricho Cotchery","FA","WR",34,12,NA,0,0,0,NA,153,0,0,0,NA,NA,NA,NA,NA,NA,NA
2506063,"Josh Scobee","FA","K",34,12,NA,0,0,0,NA,29,0,8,0,NA,NA,NA,NA,NA,NA,NA
2506222,"Josh Cribbs","FA","WR",33,11,NA,0,0,0,NA,153,0,0,0,NA,NA,NA,NA,NA,NA,NA
2506341,"Ronnie Brown","FA","RB",35,11,NA,0,0,0,NA,108,0,0,0,NA,NA,NA,NA,NA,NA,NA
2506400,"Vincent Jackson","TB","WR",33,11,6,0,0,0,NA,153,0,0,0,NA,NA,NA,NA,NA,NA,NA
2506619,"Daniel Fells","NYG","TE",33,10,8,0,0,0,NA,84,0,12,0,NA,NA,NA,NA,NA,NA,NA
2506871,"Fred Jackson","FA","RB",35,10,NA,0,0,0,NA,108,0,0,0,NA,NA,NA,NA,NA,NA,NA
2506885,"Santonio Holmes","FA","WR",32,10,NA,0,0,0,NA,153,0,0,0,NA,NA,NA,NA,NA,NA,NA
2507164,"Adrian Peterson","MIN","RB",31,9,6,0,0,0,NA,108,0,0,0,NA,NA,NA,NA,NA,NA,NA
2507170,"Zach Miller","FA","TE",31,9,NA,0,0,0,NA,84,0,12,0,NA,NA,NA,NA,NA,NA,NA
2507183,"James Jones","FA","WR",32,9,NA,0,0,0,0,153,0,14,0,NA,NA,NA,2.70209154615897,NA,NA,NA
2507237,"Jordan Palmer","FA","QB",32,9,NA,0,0,0,NA,60,0,6,0,NA,NA,NA,NA,NA,NA,NA
2507278,"Jackie Battle","FA","RB",33,9,NA,0,0,0,NA,108,0,0,0,NA,NA,NA,NA,NA,NA,NA
2507486,"Kellen Davis","NYJ","TE",31,8,11,0,0,0,NA,84,0,12,0,NA,NA,NA,NA,NA,NA,NA
2507779,"Donald Brown","FA","RB",29,7,NA,0,0,0,NA,108,0,0,0,NA,NA,NA,NA,NA,NA,NA
2507883,"Jeff Cumberland","SD","TE",29,6,11,0,0,0,NA,84,0,12,0,NA,NA,NA,NA,NA,NA,NA
2508051,"John Conner","FA","RB",29,6,NA,0,0,0,NA,108,0,0,0,NA,NA,NA,NA,NA,NA,NA
2508096,"Tyler Clutts","FA","RB",32,6,NA,0,0,0,NA,108,0,0,0,NA,NA,NA,NA,NA,NA,NA
2508112,"Rob Housler","FA","TE",28,5,NA,0,0,0,0,84,0,12,0,NA,NA,NA,2.77045870057821,NA,NA,NA
2508115,"Vincent Brown","FA","WR",27,5,NA,0,0,0,0,153,0,14,0,NA,NA,NA,2.70209154615897,NA,NA,NA
2530516,"Robert Hughes","FA","RB",27,5,NA,0,0,0,NA,108,0,0,0,NA,NA,NA,NA,NA,NA,NA
2530575,"Drew Davis","FA","WR",27,4,NA,0,0,0,NA,153,0,0,0,NA,NA,NA,NA,NA,NA,NA
2530598,"Jeremy Ross","FA","WR",28,5,NA,0,0,0,NA,153,0,0,0,NA,NA,NA,NA,NA,NA,NA
2530699,"Henry Hynoski","FA","RB",28,5,NA,0,0,0,NA,108,0,0,0,NA,NA,NA,NA,NA,NA,NA
2531218,"Chase Reynolds","LA","RB",29,4,8,0,0,0,NA,108,0,0,0,NA,NA,NA,NA,NA,NA,NA
2532790,"Travis Benjamin","SD","WR",27,4,11,0,0,0,NA,153,0,0,0,NA,NA,NA,NA,NA,NA,NA
2532799,"Jarrett Boykin","FA","WR",27,4,NA,0,0,0,NA,153,0,0,0,NA,NA,NA,NA,NA,NA,NA
2532802,"LaVon Brazill","FA","WR",27,4,NA,0,0,0,NA,153,0,0,0,NA,NA,NA,NA,NA,NA,NA
2532807,"Ryan Broyles","FA","WR",28,4,NA,0,0,0,NA,153,0,0,0,NA,NA,NA,NA,NA,NA,NA
2532823,"Juron Criner","FA","WR",27,4,NA,0,0,0,NA,153,0,0,0,NA,NA,NA,NA,NA,NA,NA
2532850,"T.J. Graham","FA","WR",27,4,NA,0,0,0,NA,153,0,0,0,NA,NA,NA,NA,NA,NA,NA
2532851,"Cyrus Gray","ATL","RB",27,4,11,0,0,0,NA,108,0,0,0,NA,NA,NA,NA,NA,NA,NA
2532862,"Junior Hemingway","FA","WR",28,4,NA,0,0,0,NA,153,0,0,0,NA,NA,NA,NA,NA,NA,NA
2532864,"Dan Herron","FA","RB",27,4,NA,0,0,0,NA,108,0,0,0,NA,NA,NA,NA,NA,NA,NA
2532876,"A.J. Jenkins","FA","WR",26,4,NA,0,0,0,NA,153,0,0,0,NA,NA,NA,NA,NA,NA,NA
2532894,"Ryan Lindley","FA","QB",27,4,NA,0,0,0,NA,60,0,6,0,NA,NA,NA,NA,NA,NA,NA
2532917,"Kellen Moore","DAL","QB",27,4,7,0,0,0,NA,60,0,6,0,NA,NA,NA,NA,NA,NA,NA
2532926,"Isaiah Pead","FA","RB",27,4,NA,0,0,0,0,108,0,9,0,NA,NA,NA,2.44073596022548,NA,NA,NA
2532960,"Nick Toon","FA","WR",28,4,NA,0,0,0,NA,153,0,14,0,NA,NA,NA,NA,NA,NA,NA
2532970,"Brandon Weeden","HOU","QB",33,4,9,0,0,0,NA,60,0,6,0,NA,NA,NA,NA,NA,NA,NA
2533012,"Vick Ballard","FA","RB",26,4,NA,0,0,0,NA,108,0,0,0,NA,NA,NA,NA,NA,NA,NA
2533028,"James Hanna","DAL","TE",27,4,7,0,0,0,NA,84,0,12,0,NA,NA,NA,NA,NA,NA,NA
2533030,"Jonas Gray","FA","RB",26,4,NA,0,0,0,NA,108,0,0,0,NA,NA,NA,NA,NA,NA,NA
2533032,"Trent Richardson","FA","RB",25,4,NA,0,0,0,NA,108,0,0,0,NA,NA,NA,NA,NA,NA,NA
2533033,"Robert Griffin","CLE","QB",26,4,13,0,0,0,NA,60,0,6,0,NA,NA,NA,NA,NA,NA,NA
2533036,"LaMichael James","FA","RB",27,4,NA,0,0,0,NA,108,0,0,0,NA,NA,NA,NA,NA,NA,NA
2533037,"Chris Polk","HOU","RB",27,4,9,0,0,0,NA,108,0,0,0,NA,NA,NA,NA,NA,NA,NA
2533038,"Justin Blackmon","JAC","WR",26,4,5,0,0,0,NA,153,0,14,0,NA,NA,NA,NA,NA,NA,NA
2533349,"Austin Davis","DEN","QB",27,4,11,0,0,0,0,60,0,6,0,NA,NA,NA,3.57073373590646,NA,NA,NA
2533444,"Randy Bullock","FA","K",27,4,NA,0,0,0,0,29,0,8,0,NA,NA,NA,2.39946343538802,NA,NA,NA
2533533,"Rueben Randle","FA","WR",25,4,NA,0,0,0,NA,153,0,14,0,NA,NA,NA,NA,NA,NA,NA
2533537,"Stephen Hill","FA","WR",25,4,NA,0,0,0,NA,153,0,14,0,NA,NA,NA,NA,NA,NA,NA
2533540,"Edwin Baker","FA","RB",25,4,NA,0,0,0,NA,108,0,0,0,NA,NA,NA,NA,NA,NA,NA
2533545,"Bernard Pierce","FA","RB",25,4,NA,0,0,0,NA,108,0,0,0,NA,NA,NA,NA,NA,NA,NA
2534244,"Chase Ford","FA","TE",26,4,NA,0,0,0,NA,84,0,12,0,NA,NA,NA,NA,NA,NA,NA
2534437,"Austin Johnson","FA","RB",27,3,NA,0,0,0,0,108,0,9,0,NA,NA,NA,2.44073596022548,NA,NA,NA
2534789,"Daryl Richardson","FA","RB",26,4,NA,0,0,0,0,108,0,9,0,NA,NA,NA,2.44073596022548,NA,NA,NA
2534796,"Bryce Brown","FA","RB",25,4,NA,0,0,0,NA,108,0,0,0,NA,NA,NA,NA,NA,NA,NA
2534870,"Alex Tanney","FA","QB",29,4,NA,0,0,0,NA,60,0,6,0,NA,NA,NA,NA,NA,NA,NA
2534871,"Derrick Coleman","FA","RB",26,4,NA,0,0,0,NA,108,0,0,0,NA,NA,NA,NA,NA,NA,NA
2534889,"Matt Simms","FA","QB",28,4,NA,0,0,0,NA,60,0,6,0,NA,NA,NA,NA,NA,NA,NA
2535634,"Chris Givens","FA","WR",27,4,NA,0,0,0,0,153,0,14,0,NA,NA,NA,2.70209154615897,NA,NA,NA
2535696,"Joe Banyard","JAC","RB",28,4,5,0,0,0,0,108,0,9,0,NA,NA,NA,2.44073596022548,NA,NA,NA
2535882,"Mike Brown","FA","WR",27,4,NA,0,0,0,NA,153,0,14,0,NA,NA,NA,NA,NA,NA,NA
2536031,"Damaris Johnson","FA","WR",27,4,NA,0,0,0,NA,153,0,14,0,NA,NA,NA,NA,NA,NA,NA
2536071,"Cooper Helfet","FA","TE",27,5,NA,0,0,0,NA,84,0,12,0,NA,NA,NA,NA,NA,NA,NA
2536532,"Jorvorskie Lane","FA","RB",29,4,NA,0,0,0,NA,108,0,0,0,NA,NA,NA,NA,NA,NA,NA
2537931,"Josh Gordon","CLE","WR",25,4,13,0,0,0,NA,153,0,14,0,NA,NA,NA,NA,NA,NA,NA
2539214,"Kenbrell Thompkins","FA","WR",28,3,NA,0,0,0,NA,153,0,14,0,NA,NA,NA,NA,NA,NA,NA
2539235,"Tavarres King","NYG","WR",26,3,8,0,0,0,NA,153,0,14,0,NA,NA,NA,NA,NA,0.6,NA
2539246,"Chris Harper","FA","WR",27,3,NA,0,0,0,NA,153,0,14,0,NA,NA,NA,NA,NA,NA,NA
2539256,"Aaron Dobson","FA","WR",25,3,NA,0,0,0,NA,153,0,14,0,NA,NA,NA,NA,NA,NA,NA
2539258,"Zac Dysert","FA","QB",26,3,NA,0,0,0,NA,60,0,6,0,NA,NA,NA,NA,NA,NA,NA
2539327,"Joseph Fauria","FA","TE",26,3,NA,0,0,0,NA,84,0,12,0,NA,NA,NA,NA,NA,NA,NA
2539341,"Montee Ball","FA","RB",26,3,NA,0,0,0,NA,108,0,0,0,NA,NA,NA,NA,NA,NA,NA
2539674,"Rodney Smith","FA","WR",26,3,NA,0,0,0,NA,153,0,14,0,NA,NA,NA,NA,NA,NA,NA
2539980,"Kerwynn Williams","ARI","RB",25,3,9,0,0,0,NA,108,0,0,0,NA,NA,NA,NA,NA,NA,NA
2540005,"Marlon Brown","FA","WR",25,3,NA,0,0,0,0,153,0,14,0,NA,NA,NA,2.70209154615897,NA,NA,NA
2540154,"Keenan Allen","SD","WR",24,3,11,0,0,0,NA,153,0,14,0,NA,NA,NA,NA,NA,NA,NA
2540157,"Stedman Bailey","LA","WR",26,3,8,0,0,0,NA,153,0,14,0,NA,NA,NA,NA,NA,NA,NA
2540168,"Eddie Lacy","GB","RB",25,3,4,0,0,0,NA,108,0,0,0,NA,NA,NA,NA,NA,NA,NA
2540171,"Joseph Randle","FA","RB",25,3,NA,0,0,0,NA,108,0,0,0,NA,NA,NA,NA,NA,NA,NA
2540173,"Tyler Bray","KC","QB",25,3,5,0,0,0,NA,60,0,6,0,NA,NA,NA,NA,NA,NA,NA
2540181,"Josh Boyce","FA","WR",25,3,NA,0,0,0,NA,153,0,14,0,NA,NA,NA,NA,NA,NA,NA
2540225,"Tommy Bohanon","FA","RB",26,3,NA,0,0,0,0,108,0,9,0,NA,NA,NA,2.44073596022548,NA,NA,NA
2540233,"Nick Kasa","FA","TE",26,3,NA,0,0,0,NA,84,0,12,0,NA,NA,NA,NA,NA,NA,NA
2540257,"Justice Cunningham","FA","TE",25,3,NA,0,0,0,NA,84,0,12,0,NA,NA,NA,NA,NA,NA,NA
2540263,"Sean Renfree","FA","QB",26,3,NA,0,0,0,NA,60,0,6,0,NA,NA,NA,NA,NA,NA,NA
2540269,"C.J. Anderson","DEN","RB",25,3,11,0,0,0,NA,108,0,0,0,NA,NA,NA,NA,NA,NA,NA
2540279,"Nick Williams","FA","WR",26,3,NA,0,0,0,NA,153,0,14,0,NA,NA,NA,NA,NA,NA,NA
2541096,"Ifeanyi Momah","FA","TE",27,3,NA,0,0,0,NA,84,0,12,0,NA,NA,NA,NA,NA,NA,NA
2541185,"Ryan Griffin","TB","QB",27,3,6,0,0,0,NA,60,0,6,0,NA,NA,NA,NA,NA,NA,NA
2541314,"Justin Brown","FA","WR",25,3,NA,0,0,0,NA,153,0,14,0,NA,NA,NA,NA,NA,NA,NA
2541390,"Kevin Dorsey","NE","WR",26,3,9,0,0,0,NA,153,0,14,0,NA,NA,NA,NA,NA,NA,NA
2541429,"B.J. Daniels","FA","QB",27,3,NA,0,0,0,NA,60,0,6,0,NA,NA,NA,NA,NA,NA,NA
2541432,"Michael Cox","FA","RB",27,3,NA,0,0,0,NA,108,0,0,0,NA,NA,NA,NA,NA,NA,NA
2541778,"Kendall Gaskins","FA","RB",26,3,NA,0,0,0,NA,108,0,0,0,NA,NA,NA,NA,NA,NA,NA
2541966,"Jaron Brown","ARI","WR",26,3,9,0,0,0,NA,153,0,14,0,NA,NA,NA,NA,NA,NA,NA
2542022,"Khiry Robinson","FA","RB",27,3,NA,0,0,0,NA,108,0,0,0,NA,NA,NA,NA,NA,NA,NA
2543462,"Johnny Manziel","FA","QB",24,2,NA,0,0,0,NA,60,0,6,0,NA,NA,NA,NA,NA,NA,NA
2543465,"Teddy Bridgewater","MIN","QB",24,2,6,0,0,0,NA,60,0,6,0,NA,NA,NA,NA,NA,NA,NA
2543481,"Jace Amaro","TEN","TE",24,2,13,0,0,0,0,84,0,12,0,NA,NA,NA,2.77045870057821,NA,NA,NA
2543502,"Tre Mason","LA","RB",23,2,8,0,0,0,NA,108,0,0,0,NA,NA,NA,NA,NA,NA,NA
2543533,"Patrick Murray","CLE","K",25,2,13,0,0,0,NA,29,0,8,0,NA,NA,NA,NA,NA,NA,NA
2543565,"Andre Williams","FA","RB",24,2,NA,0,0,0,NA,108,0,0,0,NA,NA,NA,NA,NA,NA,NA
2543570,"Storm Johnson","FA","RB",24,2,NA,0,0,0,NA,108,0,0,0,NA,NA,NA,NA,NA,NA,NA
2543572,"Martavis Bryant","PIT","WR",25,2,8,0,0,0,NA,153,0,14,0,NA,NA,NA,NA,NA,NA,NA
2543587,"Aaron Murray","FA","QB",26,2,NA,0,0,0,0,60,0,6,0,NA,NA,NA,3.57073373590646,NA,NA,NA
2543628,"Troy Niklas","ARI","TE",24,2,9,0,0,0,NA,84,0,12,0,NA,NA,NA,NA,NA,NA,NA
2543646,"Bruce Ellington","SF","WR",25,2,8,0,0,0,NA,153,0,14,0,NA,NA,NA,NA,NA,NA,NA
2543655,"Tyler Gaffney","FA","RB",25,2,NA,0,0,0,NA,108,0,0,0,NA,NA,NA,NA,NA,NA,NA
2543690,"Marion Grice","FA","RB",24,2,NA,0,0,0,NA,108,0,0,0,NA,NA,NA,NA,NA,NA,NA
2543746,"Josh Huff","FA","WR",25,2,NA,0,0,0,0,153,0,14,0,NA,NA,NA,2.70209154615897,NA,NA,NA
2543751,"David Fales","FA","QB",26,2,NA,0,0,0,0,60,0,6,0,NA,NA,NA,3.57073373590646,NA,NA,NA
2543767,"Logan Thomas","FA","QB",25,2,NA,0,0,0,NA,60,0,6,0,NA,NA,NA,NA,NA,NA,NA
2543774,"Jared Abbrederis","FA","WR",26,2,NA,0,0,0,NA,153,0,14,0,NA,NA,NA,NA,NA,NA,NA
2543777,"Robert Herron","FA","WR",24,2,NA,0,0,0,NA,153,0,14,0,NA,NA,NA,NA,NA,NA,NA
2543781,"Zach Hocker","FA","K",25,2,NA,0,0,0,NA,29,0,8,0,NA,NA,NA,NA,NA,NA,NA
2543784,"Keith Wenning","FA","QB",25,2,NA,0,0,0,NA,60,0,6,0,NA,NA,NA,NA,NA,NA,NA
2543792,"Matt Hazel","FA","WR",24,2,NA,0,0,0,NA,153,0,14,0,NA,NA,NA,NA,NA,NA,NA
2543794,"Crockett Gillmore","BAL","TE",25,2,8,0,0,0,NA,84,0,12,0,NA,NA,NA,NA,NA,NA,NA
2543836,"T.J. Jones","FA","WR",24,2,NA,0,0,0,NA,153,0,14,0,NA,NA,NA,NA,NA,NA,NA
2550158,"Nate Freese","FA","K",26,2,NA,0,0,0,NA,29,0,8,0,NA,NA,NA,NA,NA,NA,NA
2550163,"Michael Campanaro","BAL","WR",25,2,8,0,0,0,NA,153,0,14,0,NA,NA,NA,NA,NA,NA,NA
2550183,"Jeremy Butler","SD","WR",25,2,11,0,0,0,NA,153,0,14,0,NA,NA,NA,NA,NA,NA,NA
2550216,"Jonathan Krause","FA","WR",NA,NA,NA,0,0,0,0,153,0,14,0,NA,NA,NA,2.70209154615897,NA,NA,NA
2550223,"Freddie Martino","TB","WR",25,2,6,0,0,0,NA,153,0,14,0,NA,101.4,5.6,4.72774091681505,NA,10.3,NA
2550233,"Rajion Neal","CLE","RB",24,2,13,0,0,0,NA,108,0,0,0,NA,NA,NA,NA,NA,NA,NA
2550247,"Bryn Renner","FA","QB",26,2,NA,0,0,0,NA,60,0,6,0,NA,NA,NA,NA,NA,NA,NA
2550310,"Carey Spear","FA","K",24,2,NA,0,0,0,NA,29,0,8,0,NA,NA,NA,NA,NA,NA,NA
2550355,"Nic Jacobs","FA","TE",25,2,NA,0,0,0,0,84,0,12,0,NA,NA,NA,2.77045870057821,NA,NA,NA
2550356,"Marcel Jensen","WAS","TE",26,2,9,0,0,0,0,84,0,12,0,NA,NA,NA,2.77045870057821,NA,NA,NA
2550359,"Seantavius Jones","FA","WR",24,2,NA,0,0,0,NA,153,0,14,0,NA,NA,NA,NA,NA,NA,NA
2550413,"Corey Washington","FA","WR",25,2,NA,0,0,0,NA,153,0,14,0,NA,NA,NA,NA,NA,NA,NA
2550454,"Asante Cleveland","SD","TE",24,2,11,0,0,0,0,84,0,12,0,NA,NA,NA,2.77045870057821,NA,NA,NA
2550459,"Javontee Herndon","SD","WR",25,2,11,0,0,0,NA,153,0,14,0,NA,NA,NA,NA,NA,NA,NA
2550485,"Gator Hoskins","FA","TE",25,2,NA,0,0,0,NA,84,0,12,0,NA,NA,NA,NA,NA,NA,NA
2550529,"Silas Redd","WAS","RB",24,2,9,0,0,0,NA,108,0,9,0,NA,NA,NA,NA,NA,NA,NA
2550551,"Travis Coons","FA","K",24,2,NA,0,0,0,NA,29,0,8,0,NA,NA,NA,NA,NA,NA,NA
2550596,"Darrin Reaves","FA","RB",23,2,NA,0,0,0,NA,108,0,9,0,NA,NA,NA,NA,NA,NA,NA
2550608,"RaShaun Allen","SEA","TE",26,2,5,0,0,0,0,84,0,12,0,NA,NA,NA,2.77045870057821,NA,NA,NA
2550658,"Branden Oliver","SD","RB",25,2,11,0,0,0,NA,108,0,9,0,NA,NA,NA,NA,NA,NA,NA
2551247,"Josh Harris","PIT","RB",25,2,8,0,0,0,NA,108,0,9,0,NA,NA,NA,NA,NA,NA,NA
2551359,"Jerome Cunningham","FA","TE",25,2,NA,0,0,0,0,84,0,12,0,NA,NA,NA,2.77045870057821,NA,NA,NA
2552371,"Garrett Grayson","FA","QB",25,1,NA,0,0,0,0,60,0,6,0,NA,NA,NA,3.57073373590646,NA,NA,NA
2552376,"David Cobb","FA","RB",23,1,NA,0,0,0,0,108,0,9,0,NA,NA,NA,2.44073596022548,NA,NA,NA
2552383,"Terrence Magee","BAL","RB",23,1,8,0,0,0,NA,108,0,9,0,NA,NA,NA,NA,NA,NA,NA
2552402,"Nick Boyle","BAL","TE",23,1,8,0,0,0,NA,84,0,12,0,NA,NA,NA,NA,NA,NA,NA
2552411,"Dezmin Lewis","FA","WR",24,1,NA,0,0,0,NA,153,0,14,0,NA,NA,NA,NA,NA,NA,NA
2552421,"Kenny Bell","FA","WR",24,1,NA,0,0,0,0,153,0,14,0,NA,NA,NA,2.70209154615897,NA,NA,NA
2552431,"Vince Mayle","FA","WR",NA,NA,NA,0,0,0,NA,153,0,14,0,NA,NA,NA,NA,NA,NA,NA
2552453,"Tevin Coleman","ATL","RB",23,1,11,0,0,0,NA,108,0,9,0,NA,NA,NA,NA,NA,NA,NA
2552462,"Gerald Christian","FA","TE",25,1,NA,0,0,0,NA,84,0,12,0,NA,NA,NA,NA,NA,NA,NA
2552476,"Kenny Hilliard","FA","RB",25,1,NA,0,0,0,NA,108,0,9,0,NA,NA,NA,NA,NA,NA,NA
2552479,"DaRon Brown","KC","WR",25,1,5,0,0,0,NA,153,0,14,0,NA,NA,NA,NA,NA,NA,NA
2552576,"Sean Mannion","LA","QB",24,1,8,0,0,0,0,60,0,6,0,NA,NA,NA,3.57073373590646,NA,NA,NA
2552616,"Duron Carter","FA","WR",25,1,NA,0,0,0,NA,153,0,14,0,NA,NA,NA,NA,NA,NA,NA
2552634,"Joey Iosefa","FA","RB",NA,NA,NA,0,0,0,0,108,0,9,0,NA,NA,NA,2.44073596022548,NA,NA,NA
2552650,"Mario Alford","FA","WR",NA,NA,NA,0,0,0,NA,153,0,14,0,NA,NA,NA,NA,NA,NA,NA
2552651,"Kaelin Clay","BAL","WR",24,1,8,0,0,0,NA,153,0,14,0,NA,NA,NA,NA,NA,NA,NA
2553117,"Jarryd Hayne","FA","RB",28,1,NA,0,0,0,NA,108,0,9,0,NA,NA,NA,NA,NA,NA,NA
2553289,"Evan Spencer","FA","WR",NA,NA,NA,0,0,0,NA,153,0,14,0,NA,NA,NA,NA,NA,NA,NA
2553292,"Kennard Backman","FA","TE",23,1,NA,0,0,0,NA,84,0,12,0,NA,NA,NA,NA,NA,NA,NA
2553446,"Malcolm Johnson","FA","RB",24,1,NA,0,0,0,NA,108,0,9,0,NA,NA,NA,NA,NA,NA,NA
2553453,"Andre Debose","FA","WR",NA,NA,NA,0,0,0,NA,153,0,14,0,NA,NA,NA,NA,NA,NA,NA
2553465,"Rory Anderson","SF","TE",24,1,8,0,0,0,NA,84,0,12,0,NA,NA,NA,NA,NA,NA,NA
2553497,"Kyle Brindza","FA","K",23,1,NA,0,0,0,NA,29,0,8,0,NA,NA,NA,NA,NA,NA,NA
2553502,"DeAndre Carter","FA","WR",23,1,NA,0,0,0,NA,153,0,14,0,NA,NA,NA,NA,NA,NA,NA
2553511,"John Crockett","GB","RB",24,1,4,0,0,0,NA,108,0,9,0,NA,NA,NA,NA,NA,NA,NA
2553533,"Alonzo Harris","FA","RB",NA,NA,NA,0,0,0,NA,108,0,9,0,NA,NA,NA,NA,NA,NA,NA
2553548,"Jake Kumerow","FA","WR",NA,NA,NA,0,0,0,NA,153,0,14,0,NA,NA,NA,NA,NA,NA,NA
2553660,"Akeem Hunt","FA","RB",23,1,NA,0,0,0,0,108,0,9,0,NA,NA,NA,2.44073596022548,NA,5.3,NA
2553662,"Gus Johnson","FA","RB",23,1,NA,0,0,0,0,108,0,9,0,NA,NA,NA,2.44073596022548,NA,NA,NA
2553703,"Devante Davis","FA","WR",24,1,NA,0,0,0,NA,153,0,14,0,NA,NA,NA,NA,NA,NA,NA
2553728,"Raheem Mostert","FA","RB",NA,NA,NA,0,0,0,NA,108,0,9,0,NA,NA,NA,NA,NA,NA,NA
2553733,"Thomas Rawls","SEA","RB",23,1,5,0,0,0,NA,108,0,9,0,NA,NA,NA,NA,NA,NA,NA
2553773,"Mitchell Henry","FA","TE",NA,NA,NA,0,0,0,NA,84,0,12,0,NA,NA,NA,NA,NA,NA,NA
2553791,"E.J. Bibbs","FA","TE",25,1,NA,0,0,0,NA,84,0,12,0,NA,NA,NA,NA,NA,NA,NA
2553797,"Michael Dyer","FA","RB",26,1,NA,0,0,0,NA,108,0,9,0,NA,NA,NA,NA,NA,NA,NA
2553867,"Mack Brown","WAS","RB",NA,NA,9,0,0,0,NA,108,0,9,0,NA,NA,NA,NA,NA,NA,NA
2553876,"Donteea Dye","TB","WR",NA,NA,6,0,0,0,NA,153,0,14,0,NA,NA,NA,NA,NA,NA,NA
2553879,"Jahwan Edwards","SD","RB",24,1,11,0,0,0,NA,108,0,9,0,NA,NA,NA,NA,NA,NA,NA
2553896,"Darius Jennings","FA","WR",NA,NA,NA,0,0,0,NA,153,0,14,0,NA,NA,NA,NA,NA,NA,NA
2555261,"Jacoby Brissett","NE","QB",24,0,9,0,0,0,NA,60,0,6,0,NA,NA,NA,NA,NA,NA,NA
2555262,"Jeff Driskel","CIN","QB",23,0,9,0,0,0,0,60,0,6,0,NA,NA,NA,3.57073373590646,NA,NA,NA
2555343,"Josh Doctson","WAS","WR",NA,0,9,0,0,0,NA,153,0,14,0,NA,NA,NA,NA,NA,NA,NA
2555416,"Christian Hackenberg","NYJ","QB",21,0,11,0,0,0,0,60,0,6,0,NA,NA,NA,3.57073373590646,NA,NA,NA
2555427,"Nate Sudfeld","WAS","QB",23,0,9,0,0,0,NA,60,0,6,0,NA,NA,NA,NA,NA,NA,NA
2555459,"Keith Marshall","WAS","RB",22,0,9,0,0,0,NA,108,0,9,0,NA,NA,NA,NA,NA,NA,NA
2555471,"Kenny Lawler","FA","WR",22,0,NA,0,0,0,0,153,0,14,0,NA,NA,NA,2.70209154615897,NA,NA,NA
2555483,"Thomas Duarte","MIA","TE",21,0,8,0,0,0,0,84,0,12,0,NA,NA,NA,2.77045870057821,NA,NA,NA
2555487,"Beau Sandland","FA","TE",23,0,NA,0,0,0,NA,84,0,12,0,NA,NA,NA,NA,NA,NA,NA
2555573,"Anthony Dable","FA","WR",NA,2016,NA,0,0,0,NA,153,0,14,0,NA,NA,NA,NA,NA,NA,NA
2556144,"Daniel Braverman","FA","WR",23,0,NA,0,0,0,0,153,0,14,0,NA,NA,NA,2.70209154615897,NA,NA,NA
2556212,"Devin Fuller","ATL","WR",22,0,11,0,0,0,NA,153,0,14,0,NA,NA,NA,NA,NA,NA,NA
2556261,"Moritz Boehringer","FA","WR",NA,0,NA,0,0,0,0,153,0,14,0,NA,NA,NA,2.70209154615897,NA,NA,NA
2556375,"Rico Gathers","FA","TE",22,0,NA,0,0,0,0,84,NA,12,0,NA,NA,NA,2.77045870057821,NA,NA,NA
2556379,"Zac Brooks","FA","RB",23,0,NA,0,0,0,NA,108,0,9,0,NA,NA,NA,NA,NA,NA,NA
2556454,"Brandon Wilds","FA","RB",23,0,NA,0,0,0,NA,108,0,9,0,NA,NA,NA,NA,NA,NA,NA
2556473,"Jace Billingsley","FA","WR",23,0,NA,0,0,0,NA,153,0,14,0,NA,NA,NA,NA,NA,NA,NA
2556490,"Devon Cajuste","FA","WR",23,0,NA,0,0,0,0,153,0,14,0,NA,NA,NA,2.70209154615897,NA,NA,NA
2556492,"Joe Callahan","CLE","QB",23,0,13,0,0,0,0,60,NA,6,0,NA,NA,NA,3.57073373590646,NA,NA,NA
2556507,"Marshaun Coprich","FA","RB",22,0,NA,0,0,0,0,108,0,9,0,NA,NA,NA,2.44073596022548,NA,NA,NA
2556521,"Kaimi Fairbairn","HOU","K",22,0,9,0,0,0,NA,29,0,8,0,NA,NA,NA,NA,NA,NA,NA
2556528,"D.J. Foster","NE","RB",NA,0,9,0,0,0,NA,108,0,9,0,NA,NA,NA,NA,NA,NA,NA
2556528,"D.J. Foster","NE","WR",NA,0,9,0,0,0,NA,153,0,14,0,NA,NA,NA,NA,NA,NA,NA
2556541,"Aaron Green","FA","RB",24,0,NA,0,0,0,0,108,0,9,0,NA,NA,NA,2.44073596022548,NA,NA,NA
2556544,"Glenn Gronkowski","FA","RB",23,0,NA,0,0,0,NA,108,0,9,0,NA,NA,NA,NA,NA,NA,NA
2556547,"Russell Hansbrough","TB","RB",23,0,6,0,0,0,NA,108,0,9,0,NA,NA,NA,NA,NA,NA,NA
2556569,"Andy Jones","FA","WR",NA,0,NA,0,0,0,0,153,0,14,0,NA,NA,NA,2.70209154615897,NA,NA,NA
2556577,"Marshall Koehn","FA","K",24,0,NA,0,0,0,NA,29,NA,8,0,NA,NA,NA,NA,NA,NA,NA
2556603,"Tre Madden","SEA","RB",23,0,5,0,0,0,NA,108,0,9,0,NA,NA,NA,NA,NA,NA,NA
2556785,"Paul Turner","PHI","WR",23,0,4,0,0,0,NA,153,0,14,0,NA,NA,NA,NA,NA,NA,NA
2556851,"Keyarris Garrett","FA","WR",24,0,NA,0,0,0,0,153,NA,14,0,NA,NA,NA,2.70209154615897,NA,NA,NA
2556854,"Devon Johnson","CAR","RB",23,0,7,0,0,0,NA,108,NA,9,0,NA,NA,NA,NA,NA,NA,NA
