"playerId","player","team","position","age","exp","bye","points","lower","upper","sdPts","positionRank","dropoff","tier","ptSpread","overallECR","positionECR","sdRank","risk","sleeper","actualPoints","salary"
2504211,"Tom Brady","NE","QB",39,16,9,17.7133333333333,13.86,22.324,5.42587627331598,1,0.501666666666669,1,8.464,NA,2,1.5,6.58082391708868,NA,30.1,NA
2553435,"David Johnson","ARI","RB",25,1,9,17.59,17.056,18.28,0.77090855488832,1,0.516666666666666,1,1.224,NA,1.5,1.2,2.60418106087472,NA,10.8,NA
2543583,"Devonta Freeman","ATL","RB",24,2,11,17.5766666666667,14.144,18.12,2.49652425049975,2,1.06,1,3.976,NA,NA,NA,7.74558869902161,NA,17.8,NA
2506363,"Aaron Rodgers","GB","QB",33,11,4,17.5366666666667,16.926,18.03,0.735277725307476,2,0.748333333333331,1,1.104,NA,3,1.8,3.82119571837118,NA,31.84,NA
310,"Matt Ryan","ATL","QB",31,8,11,16.8866666666667,16.488,19.08,1.83153851538354,3,0.268333333333331,1,2.592,NA,2.3,1.4,3.92785896072397,NA,24.42,NA
2495143,"Andy Dalton","CIN","QB",29,5,9,16.69,14.126,19.15,3.14806289644918,4,0.321666666666665,1,5.024,NA,10.5,3.1,7.61384250355334,NA,17.46,NA
2555224,"Ezekiel Elliott","DAL","RB",21,0,7,16.57,14.858,18.49,2.31423853567432,3,0.254999999999999,1,3.632,NA,2.3,1.2,4.20085491537396,NA,14.8,NA
2543499,"Derek Carr","OAK","QB",25,2,10,16.5466666666667,13.736,19.832,3.81965094391272,5,0.370000000000001,1,6.096,NA,9,2.5,7.09997964133469,NA,34.82,NA
2540204,"Spencer Ware","KC","RB",25,3,5,16.4633333333333,15.028,18.028,1.895793589327,4,0.815000000000001,1,3,NA,3.4,1.3,3.82212054957476,NA,4.7,NA
79860,"Matthew Stafford","DET","QB",28,7,10,16.19,13.994,19.034,3.29595206275819,6,0.151666666666667,1,5.04,NA,10.7,2.7,7.0635716542883,NA,13.6,NA
2495207,"DeMarco Murray","TEN","RB",28,5,13,16.1666666666667,13.78,18.74,3.12623309005156,5,1.13166666666667,1,4.96,NA,NA,NA,9.04853706726024,NA,18.8,NA
2495240,"Tyrod Taylor","BUF","QB",27,5,10,16.1633333333333,10.746,19.642,5.64900286186273,7,0.333333333333334,1,8.896,NA,17.8,2.8,8.85670097207112,NA,18.12,NA
2533031,"Andrew Luck","IND","QB",27,4,10,15.9133333333333,14.536,17.992,2.41738150347299,8,0.306666666666663,1,3.456,NA,NA,NA,6.69499902097117,NA,16.4,NA
2532975,"Russell Wilson","SEA","QB",28,4,5,15.7466666666667,12.172,18.7,4.18073358794044,9,0.424999999999999,1,6.528,NA,NA,NA,9.13793609496484,NA,8.22,NA
2495454,"Julio Jones","ATL","WR",27,5,11,15.5666666666667,13.74,16.94,2.22785397486759,1,1.08666666666667,1,3.2,NA,1.2,0.5,2.64700321207365,NA,2.9,NA
2552466,"Marcus Mariota","TEN","QB",23,1,13,15.4666666666667,13.238,18.294,3.16721223370543,10,0.390000000000001,1,5.056,NA,13.8,3.1,7.62710719026503,NA,19.9,NA
2543468,"Mike Evans","TB","WR",23,2,6,15.1833333333333,14.14,16.5,1.58928705189885,2,1.835,1,2.36,NA,2.1,0.7,2.24372218408607,NA,5,NA
2506581,"Ryan Fitzpatrick","NYJ","QB",34,11,11,15.1766666666667,12.382,18.414,3.88991430925327,11,0.303333333333335,1,6.032,NA,16,3.2,8.29089898793547,NA,14.42,NA
234,"Matt Forte","NYJ","RB",31,8,11,15.13,13.012,16.94,2.54395361592935,6,0.52,2,3.928,NA,NA,NA,7.8437261403462,NA,21.8,NA
2552033,"Jameis Winston","TB","QB",22,1,6,14.9766666666667,13.802,16.074,1.4298368205265,12,0.211666666666666,1,2.272,NA,8.4,2.6,5.60774109124897,NA,16.8,NA
2555223,"Devontae Booker","DEN","RB",24,0,11,14.94,9.864,16.744,4.34013824664607,7,0.800000000000001,2,6.88,NA,9.1,4.5,8.08451252798969,NA,11.4,NA
2532820,"Kirk Cousins","WAS","QB",28,4,9,14.77,14.192,15.256,0.694190175672344,13,0.213333333333331,1,1.064,NA,13.4,2.6,5.09816093482319,NA,23.22,NA
2506340,"Alex Smith","KC","QB",32,11,5,14.76,13.624,16.16,1.58691524663417,14,0.463333333333335,1,2.536,NA,15.5,2.5,5.55337052697902,NA,9.98,NA
2504775,"Drew Brees","NO","QB",37,15,5,14.3533333333333,13.64,15.736,1.43392235959041,15,0.305000000000001,1,2.096,NA,6.3,2.5,5.44739282714564,NA,20.7,NA
2539322,"Christine Michael","SEA","RB",26,3,5,14.28,13.772,14.94,0.800749648766704,8,1.20666666666667,2,1.168,NA,5.5,1.7,2.90592243804232,NA,10.2,NA
2553457,"Trevor Siemian","DEN","QB",NA,NA,11,14.24,10.792,20.28,5.99042569438934,16,0.488333333333333,1,9.488,NA,NA,NA,11.6450723488644,NA,4.84,NA
2495471,"Jacquizz Rodgers","TB","RB",26,5,6,14,11.84,15.68,2.6153393661244,9,1.88166666666667,2,3.84,NA,8.8,2,4.94575319958145,NA,13.8,NA
2543477,"Blake Bortles","JAC","QB",25,2,5,13.8566666666667,12.588,15.012,1.53474210645741,17,0.306666666666665,1,2.424,NA,19.9,2.9,6.16994357161206,NA,27.68,NA
2532865,"T.Y. Hilton","IND","WR",27,4,10,13.7766666666667,11.484,16.26,3.01340892235576,3,0.913333333333334,1,4.776,NA,NA,NA,7.55710951261743,NA,2,NA
2555260,"Dak Prescott","DAL","QB",23,0,7,13.6466666666667,12.336,15.376,1.9580943116544,18,0.235000000000001,1,3.04,NA,16.3,3.2,6.95273324837987,NA,26.28,NA
2505245,"Carson Palmer","ARI","QB",37,13,9,13.4533333333333,9.742,17.142,4.62526035303239,19,0.506666666666666,1,7.4,NA,NA,NA,9.75378072655671,NA,20.52,NA
2495455,"Cam Newton","CAR","QB",27,5,7,13.37,11.156,15.084,2.46452835244393,20,1.19166666666667,2,3.928,NA,6.8,2.5,6.1612904119783,NA,12.78,NA
2495893,"Brandon Marshall","NYJ","WR",32,10,11,12.92,10.748,15.02,2.67454669056272,4,0.341666666666669,2,4.272,NA,NA,NA,7.00809983028155,NA,6.8,NA
2495450,"A.J. Green","CIN","WR",28,5,9,12.8066666666667,8.604,13.404,3.12572125010106,5,0.479999999999999,2,4.8,NA,3.3,1.3,3.8303777120287,NA,12.1,NA
2505076,"Josh McCown","CLE","QB",37,14,13,12.5233333333333,11.636,13.34,1.07593370303813,21,0.886666666666667,2,1.704,NA,NA,NA,4.83656553319763,NA,16.64,NA
100009,"Broncos","DEN","DST",NA,NA,11,12.45,8.53,12.77,3.7476659402887,1,0.949999999999999,1,4.24,NA,2.5,1.5,4.56584012203897,NA,20,NA
497322,"Emmanuel Sanders","DEN","WR",29,6,11,12.35,10.7,13.78,1.98305320150519,6,0.205,2,3.08,NA,14.3,3.2,3.98780338041753,NA,6.8,NA
2530747,"Doug Baldwin","SEA","WR",28,5,5,12.3033333333333,11.388,12.98,1.12117497890977,7,0.366666666666667,2,1.592,NA,9.8,2.9,3.11860280025076,NA,5.1,NA
2552469,"Melvin Gordon","SD","RB",23,1,11,12.1466666666667,8.968,13.208,2.84860199630158,10,0.161666666666667,3,4.24,NA,10.8,2.2,5.29542589260931,NA,15.5,NA
100020,"Vikings","MIN","DST",NA,NA,6,12.1,8.5,12.5,3.53553390593274,2,1.3,1,4,NA,1.2,1.4,4.11175354563949,NA,5,NA
2495258,"Matt Asiata","MIN","RB",29,5,6,12.09,9.604,14.044,2.86658333212206,11,0.268333333333331,3,4.44,NA,20.1,5.1,6.8850680767666,NA,7.8,NA
2543471,"Kelvin Benjamin","CAR","WR",25,2,7,11.9866666666667,10.028,13.98,2.47114008775976,8,0.101666666666668,2,3.952,NA,18.9,4.1,4.89622779577063,NA,7.3,NA
2552487,"Amari Cooper","OAK","WR",22,1,10,11.8866666666667,7.632,13.312,3.55056802967262,9,0.0250000000000004,2,5.68,NA,7.4,2.1,4.6305687118817,NA,23.3,NA
71269,"Michael Crabtree","OAK","WR",29,7,10,11.8833333333333,6.83,12.99,3.92247795829796,10,0.373333333333333,2,6.16,NA,11.1,3.2,5.55888872092168,NA,10.8,NA
2506404,"Frank Gore","IND","RB",33,11,10,11.88,8.448,12.608,2.60829446190418,12,0.279999999999999,3,4.16,NA,NA,NA,7.97685560432778,NA,12.2,NA
2540165,"DeAndre Hopkins","HOU","WR",24,3,9,11.84,7.024,13.664,4.15003614442091,11,0.685,2,6.64,NA,8.1,3.5,5.91424059053679,NA,4.4,NA
2533436,"Brock Osweiler","HOU","QB",26,4,9,11.8333333333333,11.46,12.74,0.850490054811537,22,0.455,2,1.28,NA,NA,NA,4.5242372969932,NA,8.14,NA
2540156,"Giovani Bernard","CIN","RB",25,3,9,11.7633333333333,7.218,13.538,3.96724505587105,13,0.575000000000001,3,6.32,NA,16.7,3.1,6.94029782040844,NA,12.6,NA
2495700,"Greg Olsen","CAR","TE",31,9,7,11.5733333333333,9.636,12.98,2.38498078259204,1,0.455000000000002,1,3.344,NA,2.9,0.9,4.6913661223696,NA,1.1,NA
2506121,"Philip Rivers","SD","QB",35,12,11,11.44,8.4,15.152,4.46376522680125,23,0.531666666666666,2,6.752,NA,20,3.2,8.68840374429462,NA,9.68,NA
2540020,"Theo Riddick","DET","RB",25,3,10,11.4366666666667,8.608,11.56,1.85904097139717,14,0.52,3,2.952,NA,NA,NA,6.42655401804542,NA,19.3,NA
2555259,"Carson Wentz","PHI","QB",24,0,4,11.3166666666667,10.258,14.546,2.68075238195051,24,1.75833333333333,2,4.288,NA,22.7,2.4,6.14788982431701,NA,11.78,NA
1032,"Jordy Nelson","GB","WR",31,8,4,11.18,9.652,12.5,1.83608278680456,12,0.111666666666666,2,2.848,NA,16.4,6.1,5.52186176257977,NA,15.4,NA
497240,"Rob Gronkowski","NE","TE",27,6,9,11.1566666666667,7.254,12.854,3.72929394568641,2,0.236666666666666,1,5.6,NA,1.2,0.5,5.81913664483566,NA,16.9,NA
2506106,"Larry Fitzgerald","ARI","WR",33,12,9,11.13,6.758,12.758,3.79073871428776,13,0.201666666666664,3,6,NA,7.8,3.1,5.39516566081691,NA,7.4,NA
2495966,"Delanie Walker","TEN","TE",32,10,13,11.08,9.052,12.78,2.43581608501135,3,0.878333333333332,1,3.728,NA,NA,NA,8.0535105945507,NA,7.8,NA
2495448,"Randall Cobb","GB","WR",26,5,4,11.0066666666667,6.144,13.104,4.35064746139392,14,0.221666666666668,3,6.96,NA,NA,NA,9.72364457213098,NA,NA,NA
2541161,"Latavius Murray","OAK","RB",26,3,10,10.94,9.776,12,1.40811931312656,15,0.141666666666667,3,2.224,NA,16.9,2.8,4.13019678597377,NA,7.1,NA
100024,"Jets","NYJ","DST",NA,NA,11,10.9,10.12,11.08,0.848528137423857,3,0.250000000000002,1,0.959999999999997,NA,5.1,2.6,3.12860851185758,NA,5,NA
2539663,"Mike Gillislee","BUF","RB",26,3,10,10.8933333333333,9.936,11.616,1.05267912173337,16,0.295000000000002,3,1.68,NA,NA,NA,4.75808791079318,NA,15.4,NA
497278,"Dez Bryant","DAL","WR",28,6,7,10.85,6.01,12.33,3.96516077858137,15,0.283333333333335,3,6.32,NA,NA,NA,9.09909600513433,NA,17.3,NA
497236,"Jimmy Graham","SEA","TE",30,6,5,10.76,8.644,12.34,2.5851112161762,4,1.16666666666667,1,3.696,NA,NA,NA,8.36132800468031,NA,3.4,NA
2533039,"Alshon Jeffery","CHI","WR",26,4,9,10.72,7.768,12.92,3.60821285403176,16,0.461666666666668,3,5.152,NA,22.1,6.4,7.12843734234838,NA,12.3,NA
2495466,"Mark Ingram","NO","RB",27,5,5,10.7033333333333,8.002,14.002,3.96674089566401,17,0.246666666666666,3,6,NA,15.4,2.7,6.7230811531062,NA,-2.5,NA
100013,"Texans","HOU","DST",NA,NA,9,10.7,10.24,10.56,0.282842712474621,4,0.6,1,0.320000000000004,NA,10.4,2.5,2.23991491177055,NA,5,NA
100021,"Patriots","NE","DST",NA,NA,9,10.6,10,10,0,5,1.125,1,0,NA,3.9,2,0.925617481885724,NA,2,NA
497095,"Sam Bradford","MIN","QB",29,6,6,10.5,8.804,11.812,2.05562642520474,25,5.97616666666667,3,3.008,NA,22.8,2.2,5.38851039807464,NA,13.12,NA
949,"Jonathan Stewart","CAR","RB",29,8,7,10.4933333333333,6.436,12.596,3.9688957322325,18,0.488333333333333,3,6.16,NA,18,2.6,6.67113669943999,NA,21,NA
497149,"LeGarrette Blount","NE","RB",30,6,9,10.42,6.652,13.372,4.55644598343929,19,0.874999999999998,3,6.72,NA,11.3,2.7,7.33316889016709,NA,10.3,NA
2552429,"Ty Montgomery","GB","WR",23,1,4,10.4133333333333,7.632,12.56,3.37261520682887,17,0.316666666666665,3,4.928,NA,NA,NA,8.13907973422677,NA,NA,NA
2556370,"Michael Thomas","NO","WR",22,0,5,10.1033333333333,7.028,12.62,3.69838252934081,18,0.125,3,5.592,NA,28.1,4.6,6.17540988596571,NA,6.3,NA
80429,"Jeremy Maclin","KC","WR",28,7,5,10.09,6.014,11.614,3.54094620122927,19,0.254999999999999,3,5.6,NA,26.7,4.8,6.16188217106785,NA,10.3,NA
238498,"Julian Edelman","NE","WR",30,7,9,9.86666666666667,5.04,12.48,4.7247574893674,20,0.0933333333333337,3,7.44,NA,NA,NA,10.329761183385,NA,9.7,NA
2543828,"Quincy Enunwa","NYJ","WR",24,2,11,9.80333333333333,5.182,11.742,4.10390464476617,21,0.0866666666666678,3,6.56,NA,32.6,4.4,6.38990644086163,NA,15.3,NA
2543509,"Allen Robinson","JAC","WR",23,2,5,9.74333333333333,7.246,12.206,3.10090846903506,22,0.131666666666668,3,4.96,NA,17,5.1,5.97642927010603,NA,7,NA
2550256,"Willie Snead","NO","WR",24,2,5,9.69,6.036,11.82,4.08231551940807,23,0.228333333333333,3,5.784,NA,30.1,5,6.71444154096303,NA,5.6,NA
2506194,"Nick Novak","HOU","K",NA,NA,9,9.66666666666667,8.4,11.3333333333333,2.02758751009941,1,0.144444444444444,1,2.93333333333333,NA,15.8,4,6.63658982548695,NA,8,NA
1060,"Gary Barnidge","CLE","TE",31,8,13,9.64333333333333,6.884,11.82,3.33296164594394,5,0.221666666666668,1,4.936,NA,9.6,3.2,7.15263121568635,NA,4.2,NA
100028,"Chargers","SD","DST",NA,NA,11,9.6,7.68,11.52,3.39411254969543,6,0.65,1,3.84,NA,19,4.5,9.9309039639601,NA,13,NA
2556414,"Rob Kelley","WAS","RB",24,0,9,9.59,5.414,13.494,5.08422068757838,20,0.681666666666668,3,8.08,NA,NA,NA,13.0998645776773,NA,14.7,NA
2541556,"Brandon McManus","DEN","K",25,2,11,9.56666666666667,7.14,11.6733333333333,2.91680952031115,2,0.116666666666667,1,4.53333333333333,NA,8.4,3.3,6.41882096477106,NA,9,NA
2540160,"Jordan Reed","WAS","TE",26,3,9,9.54333333333333,5.646,10.606,3.10090846903505,6,0.296666666666667,2,4.96,NA,NA,NA,9.42480122907945,NA,15.9,NA
497328,"Demaryius Thomas","DEN","WR",29,6,11,9.53333333333333,7.02,11.74,3.02379452564709,24,0.185,3,4.72,NA,NA,NA,7.57393581023599,NA,7.9,NA
2543773,"James White","NE","RB",24,2,9,9.5,5.3,11.3,3.77491721763537,21,1.19,3,6,NA,20.1,3.7,7.066364957669,NA,2.9,NA
2539227,"Dustin Hopkins","WAS","K",26,3,9,9.47777777777778,7.94666666666667,11.3333333333333,2.2301801953438,3,0.333333333333332,1,3.38666666666667,NA,13.7,4,6.85172757967051,NA,10,NA
2507374,"Steven Hauschka","SEA","K",NA,NA,5,9.42222222222222,6.85333333333333,12.1866666666667,3.36011463649239,4,0.611111111111111,1,5.33333333333333,NA,NA,NA,8.88784900407715,NA,9,NA
2553913,"Tyrell Williams","SD","WR",NA,NA,11,9.39,5.716,11.58,4.16716930301614,25,0.371666666666666,3,5.864,NA,NA,NA,9.42638133062557,NA,0.4,NA
100030,"Seahawks","SEA","DST",NA,NA,5,9.35,5.51,9.59,3.60624458405139,7,1.175,1,4.08,NA,8.6,3,7.29183274536829,NA,10,NA
497326,"Golden Tate","DET","WR",28,6,10,9.30666666666667,5.884,10.764,3.19188554514934,26,1.05833333333333,3,4.88,NA,24.9,4.3,5.5940958309096,NA,4.2,NA
2541096,"Ifeanyi Momah","ARI","TE",27,3,9,9.3,9.3,9.3,NA,7,0.245000000000001,2,0,NA,NA,NA,NA,NA,0,NA
2540232,"Jack Doyle","IND","TE",26,3,10,9.19333333333333,7.404,11.02,2.26144496579805,8,0.373333333333333,2,3.616,NA,9.4,3.1,5.9834808499028,NA,3.6,NA
2550656,"Cameron Brate","TB","TE",25,2,6,8.91666666666667,4.71,10.31,3.5001190455945,9,0.788333333333332,2,5.6,NA,13.5,3.5,7.51851800676595,NA,8.2,NA
2504257,"Sebastian Janikowski","OAK","K",38,16,10,8.86666666666667,7.8,9.88,1.30511813003013,5,0.28888888888889,1,2.08,NA,10.8,3.4,4.87333711739538,NA,6,NA
2507232,"Mason Crosby","GB","K",32,9,4,8.75555555555556,6.65333333333333,11.1866666666667,2.92144053761408,6,0.388888888888891,1,4.53333333333333,NA,5,2.4,4.92966954512696,NA,6,NA
2543498,"Brandin Cooks","NO","WR",23,2,5,8.73,6.358,11.798,3.71896490975648,27,1.02333333333333,3,5.44,NA,17.1,4.7,6.24908721561452,NA,10.4,NA
2495438,"Kyle Rudolph","MIN","TE",27,5,6,8.72333333333333,4.614,10.454,3.76226438907918,10,1.24333333333333,2,5.84,NA,6.9,2.3,7.01450893940786,NA,3.1,NA
2495824,"Jay Cutler","CHI","QB",33,10,9,8.61666666666667,7.634,10.498,1.9032165755198,26,8.26116666666667,3,2.864,NA,NA,NA,5.98267810916446,NA,14.28,NA
100026,"Cardinals","ARI","DST",NA,NA,9,8.55,4.49,8.41,3.46482322781408,8,0.875,2,3.92,NA,6.2,1.8,4.7981215896498,NA,3,NA
2507225,"Nick Folk","NYJ","K",32,9,11,8.4,6.44,10.9733333333333,3.12907512072036,7,0.108333333333333,1,4.53333333333333,NA,18.7,3.6,7.14225367354221,NA,7,NA
2506677,"Matt Prater","DET","K",32,10,10,8.33333333333333,6.4,10.9333333333333,3.17979733805649,8,0.124999999999998,1,4.53333333333333,NA,12.5,3,6.20007060880296,NA,8,NA
2533034,"Lamar Miller","HOU","RB",25,4,9,8.31666666666667,7,8.96,1.23524626424585,22,0.0199999999999996,4,1.96,NA,NA,NA,5.13584274840978,NA,12.3,NA
2540011,"Chris Thompson","WAS","RB",26,3,9,8.30333333333333,6.7,9.508,1.75500237416744,23,0.398333333333332,4,2.808,NA,24.2,3.2,4.70576464297422,NA,4.1,NA
2556466,"Peyton Barber","TB","RB",22,0,6,8.29,7.852,8.428,0.509116882454315,24,0.776666666666667,4,0.576000000000001,NA,39.6,5.6,4.71698667793419,NA,0.1,NA
2550636,"Cairo Santos","KC","K",25,2,5,8.25,7,9.2,1.52069063257455,9,0.174999999999999,1,2.2,NA,6.8,3,4.43822767682498,NA,13,NA
2553833,"Josh Lambo","SD","K",26,1,11,8.16666666666667,6.6,10.2,2.46644143115812,10,0.475000000000001,1,3.6,NA,15.5,4.6,8.09866486356705,NA,1,NA
89802,"Ryan Succop","TEN","K",30,7,13,7.98333333333333,6.89,8.89,1.31370975992924,11,0.649999999999999,1,2,NA,20,4.1,6.04451458699472,NA,12,NA
100004,"Panthers","CAR","DST",NA,NA,7,7.8,6.56,7.84,1.13137084989848,9,0.300000000000001,2,1.28,NA,11.4,3.9,5.98948483923804,NA,22,NA
2535698,"Cole Beasley","DAL","WR",27,4,7,7.76666666666667,4.98,10.42,3.41223289552946,28,0.213333333333332,3,5.44,NA,39.5,6.4,6.96967828827465,NA,5.3,NA
2550353,"Allen Hurns","JAC","WR",25,2,5,7.64666666666667,4.648,10.968,4.01130070342942,29,0.261666666666667,3,6.32,NA,NA,NA,9.17384988180507,NA,15.8,NA
100016,"Chiefs","KC","DST",NA,NA,5,7.55,6.19,7.71,1.34350288425444,10,0.249999999999999,2,1.52,NA,7.9,3.1,4.70367015595493,NA,14,NA
2495353,"Julius Thomas","JAC","TE",28,5,5,7.53333333333333,3.9,9.02,3.34713808100791,11,0.361666666666667,2,5.12,NA,NA,NA,9.93247861188044,NA,8.8,NA
2543603,"Jeremy Hill","CIN","RB",24,2,9,7.52,5.54,8.788,2.03892128342415,25,0.496666666666667,4,3.248,NA,NA,NA,6.79874945872023,NA,13.3,NA
2550189,"Isaiah Crowell","CLE","RB",23,2,13,7.50666666666667,6.3,8.316,1.33421637425619,26,0.966666666666666,4,2.016,NA,20.6,3.1,4.21626076649209,NA,12.3,NA
497302,"Brandon LaFell","CIN","WR",30,6,9,7.46,5.764,9.7,2.72741635985414,30,0.2625,3,3.936,NA,36.9,5.1,5.67387152690258,NA,0.6,NA
100012,"Titans","TEN","DST",NA,NA,13,7.45,6.23,8.07,1.62634559672906,11,0.3,2,1.84,NA,5.7,3.1,5.05135577490497,NA,4,NA
2555341,"Hunter Henry","SD","TE",22,0,11,7.42666666666667,3.336,9.496,4.04871996232554,12,0.600000000000001,2,6.16,NA,NA,NA,11.379003465143,NA,1.4,NA
2550325,"Chandler Catanzaro","ARI","K",25,2,9,7.4,5.44,9.44,2.50599281722833,12,0.149999999999999,1,4,NA,12.2,3.5,6.31458079511184,NA,2,NA
2540151,"Justin Hunter","BUF","WR",25,3,10,7.31,5.318,9.302,3.52139177030901,31,0.239166666666667,3,3.984,NA,55.4,5.6,6.60207352429335,NA,0.7,NA
2506386,"Mike Nugent","CIN","K",34,11,9,7.26666666666667,5.56,8.76,2.05264057577875,13,0.308333333333334,2,3.2,NA,11,3.2,5.33513272993966,NA,3,NA
2532968,"Blair Walsh","MIN","K",26,4,6,7.23333333333333,6.34,7.94,1.0785793124909,14,0.925000000000001,2,1.6,NA,12.7,3.7,5.13079349099249,NA,4,NA
100005,"Bears","CHI","DST",NA,NA,9,7.15,6.27,6.83,0.494974746830583,12,0.100000000000001,2,0.56,NA,20,3.6,4.62722511003959,NA,9,NA
100025,"Eagles","PHI","DST",NA,NA,4,7.15,6.11,6.99,0.777817459305202,12,0.250000000000001,2,0.879999999999999,NA,10.7,3.6,4.97491072898963,NA,4,NA
2552458,"Devin Funchess","CAR","WR",22,1,7,7.085,5.073,9.097,3.55674710936833,32,0.0333333333333341,3,4.024,NA,63.7,8,7.99881000979716,NA,3.8,NA
2532884,"Marvin Jones","DET","WR",26,4,10,7.05666666666667,6.2,7.216,0.66905405860314,33,0.0566666666666666,4,1.016,NA,NA,NA,3.75888888407163,NA,3.3,NA
2555346,"Will Fuller","HOU","WR",22,0,9,7.04666666666667,4.78,8.892,2.85911408190253,34,0.171666666666667,4,4.112,NA,26.6,6.2,6.40760091053089,NA,2.3,NA
2543475,"Marqise Lee","JAC","WR",25,2,5,6.95333333333333,5.192,9.272,2.82108726085056,35,0.158333333333332,4,4.08,NA,44.6,6.4,6.49080421105452,NA,-0.9,NA
100014,"Colts","IND","DST",NA,NA,10,6.95,2.51,6.59,3.60624458405139,14,0.125,2,4.08,NA,22.9,2.5,6.32522093443351,NA,3,NA
238457,"Zach Miller","CHI","TE",32,7,9,6.91666666666667,5.3,9.1,2.67316915539091,13,0.633333333333333,2,3.8,NA,16.5,3.6,6.73053467922987,NA,8.8,NA
100008,"Cowboys","DAL","DST",NA,NA,7,6.85,6.05,6.45,0.353553390593274,15,0.0999999999999996,2,0.4,NA,13.8,3.7,4.64670466275152,NA,5,NA
100018,"Raiders","OAK","DST",NA,NA,10,6.8,6.1,6.9,0.707106781186548,16,0.274999999999999,2,0.8,NA,15.2,3.3,4.30802223769125,NA,2,NA
2543500,"Jordan Matthews","PHI","WR",24,2,4,6.79666666666667,5.3,7.452,1.34797378807354,36,0.0850000000000009,4,2.152,NA,NA,NA,4.85884476595271,NA,12.5,NA
2543495,"Davante Adams","GB","WR",24,2,4,6.79333333333333,5.24,7.704,1.7234074774508,37,0.245,4,2.464,NA,27.4,5.7,5.20256998878974,NA,7.4,NA
2540148,"Tyler Eifert","CIN","TE",26,3,9,6.73666666666667,4.662,9.542,3.43584535934511,14,1.25916666666667,2,4.88,NA,11.4,3.5,7.45225811106003,NA,16.2,NA
100011,"Packers","GB","DST",NA,NA,4,6.7,4.3,6.7,2.12132034355964,17,0.375,2,2.4,NA,19.2,3.2,5.85312797025449,NA,2,NA
2539637,"Caleb Sturgis","PHI","K",27,3,4,6.68333333333333,4.01,8.81,3.22503229957986,15,0.766666666666667,2,4.8,NA,17.9,3.6,7.24415277188685,NA,13,NA
2532887,"Jermaine Kearse","SEA","WR",26,4,5,6.63,4.658,9.138,3.03095694459687,38,0.185,4,4.48,NA,61.5,6.5,6.71781902201821,NA,5.7,NA
2535890,"Travaris Cadet","NO","RB",27,4,5,6.54,4.148,7.572,3.02641702347842,27,0.13,5,3.424,NA,50.7,4.4,6.671209890073,NA,0.7,NA
2555418,"Jordan Howard","CHI","RB",22,0,9,6.54,6.24,6.416,0.121655250605964,27,0.563333333333333,5,0.176,NA,27.6,3.7,3.28683113210202,NA,26.2,NA
2533040,"Mohamed Sanu","ATL","WR",27,4,11,6.46666666666667,5.04,8.4,2.36924741918891,39,0.101666666666667,4,3.36,NA,NA,NA,6.51346738007484,NA,14.4,NA
2552608,"Stefon Diggs","MIN","WR",23,1,6,6.42333333333333,5.14,7.436,1.60238364112136,40,0.146666666666667,4,2.296,NA,25.8,6,5.27554322859716,NA,13.6,NA
100010,"Lions","DET","DST",NA,NA,10,6.35,6.01,6.09,0.0707106781186545,18,0.0499999999999989,2,0.0800000000000001,NA,13.9,3,2.94576250849279,NA,9,NA
2532903,"Rishard Matthews","TEN","WR",27,4,13,6.30666666666667,4.004,9.524,3.97795592400586,41,0.0700000000000003,4,5.52,NA,49.9,4.9,6.57289813201797,NA,9.8,NA
100015,"Jaguars","JAC","DST",NA,NA,5,6.3,4.24,6.16,1.69705627484771,19,0.0250000000000004,2,1.92,NA,16,3.1,5.13827717964248,NA,-4,NA
100032,"Redskins","WAS","DST",NA,NA,9,6.3,4.22,5.98,1.5556349186104,20,0.0499999999999998,2,1.76,NA,18.1,2.2,3.22453311048486,NA,7,NA
2543600,"Alfred Blue","HOU","RB",25,2,9,6.28,4.808,8.168,2.28499452953393,29,0.703333333333334,5,3.36,NA,39.8,7,7.31267879315936,NA,4.1,NA
100006,"Bengals","CIN","DST",NA,NA,9,6.25,1.59,6.31,4.17193000900063,21,0,2,4.72,NA,9.4,2.9,7.79388162108141,NA,3,NA
100007,"Browns","CLE","DST",NA,NA,13,6.25,5.19,6.71,1.34350288425444,21,0.0750000000000002,2,1.52,NA,18,3.4,5.28363724251579,NA,2,NA
100022,"Saints","NO","DST",NA,NA,5,6.25,4.23,6.07,1.62634559672906,21,0.4,2,1.84,NA,24.6,3.6,6.01796758583975,NA,7,NA
2541785,"Adam Thielen","MIN","WR",26,2,6,6.24666666666667,4.212,8.98,3.34193556690331,42,0.113333333333334,4,4.768,NA,56.6,6.7,7.08374395631291,NA,4,NA
2532977,"Kendall Wright","TEN","WR",27,4,13,6.22666666666667,3.536,9.296,3.69217189921235,43,0.244166666666667,4,5.76,NA,52,5.7,6.79742274659963,NA,14.4,NA
100001,"Falcons","ATL","DST",NA,NA,11,6.1,5.64,5.96,0.282842712474619,24,0.725,2,0.32,NA,21,3.7,4.55978325801401,NA,3,NA
2532841,"Michael Floyd","ARI","WR",27,4,9,6.04,5.06,6.356,0.86185845705661,44,0.149166666666666,5,1.296,NA,NA,NA,4.07126208951209,NA,NA,NA
2553112,"Jason Myers","JAC","K",NA,NA,5,5.93333333333333,5,7.24,1.61658075373095,16,1.58333333333333,2,2.24,NA,20.7,4.2,6.53214783394558,NA,2,NA
2555473,"Ricardo Louis","CLE","WR",NA,0,13,5.925,3.145,8.705,4.91439212924651,45,0.136666666666667,5,5.56,NA,70.1,7.7,8.92759639300455,NA,3.2,NA
2550380,"Cody Parkey","CLE","K",24,2,13,5.9,4.34,7.54,2.00748598998847,17,3.23333333333333,2,3.2,NA,24.1,2.4,3.95912054151989,NA,9,NA
2543847,"John Brown","ARI","WR",26,2,9,5.85666666666667,5.34,6.036,0.455668007801001,46,0.158333333333334,5,0.696000000000001,NA,NA,NA,3.413170190826,NA,10.9,NA
2540258,"Travis Kelce","KC","TE",27,3,5,5.83,4.4,6.552,1.35966907738611,15,0.720000000000001,3,2.152,NA,5.6,2,4.34410389906718,NA,16.1,NA
2552656,"J.J. Nelson","ARI","WR",24,1,9,5.72,3.648,8.16,2.93039246518278,47,0.106666666666667,5,4.512,NA,54.2,9.2,8.17546183981119,NA,19.9,NA
2543614,"Donte Moncrief","IND","WR",23,2,10,5.67666666666667,3.7,6.604,2.05927980938321,48,0.133333333333332,5,2.904,NA,NA,NA,6.01127149328809,NA,10.1,NA
497188,"Ryan Mathews","PHI","RB",29,6,4,5.67333333333333,2.99,7.686,3.15081470945744,30,0.4,5,4.696,NA,23.6,2.5,5.77060563925327,NA,7.1,NA
100031,"Buccaneers","TB","DST",NA,NA,6,5.6,5.22,5.38,0.14142135623731,25,0.45,2,0.159999999999999,NA,17.3,2.8,2.64603918885639,NA,4,NA
2553568,"Cameron Meredith","CHI","WR",NA,NA,9,5.55,5.51,5.59,0.0707106781186551,49,0.0166666666666675,5,0.080000000000001,NA,NA,NA,2.78947925848612,NA,2.4,NA
1581,"DeSean Jackson","WAS","WR",30,8,9,5.53666666666667,4.462,5.982,1.07192972406466,50,0.126666666666667,5,1.52,NA,NA,NA,4.41161031586274,NA,4.8,NA
71417,"Jordan Norwood","DEN","WR",30,7,11,5.53,3.234,7.826,4.05879292401078,51,0.263333333333335,5,4.592,NA,81.4,5.8,7.15141837142001,NA,0.9,NA
2555417,"C.J. Prosise","SEA","RB",22,0,5,5.48,2.486,6.374,3.43653895656662,31,0.413333333333334,5,3.888,NA,44.9,5.4,7.63724503820222,NA,10.3,NA
2556214,"Tyreek Hill","KC","WR",22,0,5,5.29,2.814,7.934,3.22060553312572,52,0.0583333333333336,5,5.12,NA,66.4,7.6,7.49849312803292,NA,15.8,NA
2552415,"Jamison Crowder","WAS","WR",23,1,9,5.24333333333333,4.18,5.884,1.13209245794384,53,0.0533333333333319,5,1.704,NA,NA,NA,4.50908333090102,NA,16.7,NA
2505587,"Anquan Boldin","DET","WR",36,13,10,5.22,4.54,5.388,0.563205113613149,54,0.0750000000000002,5,0.848,NA,43.3,4.1,3.35065163561378,NA,0.4,NA
2543619,"Walt Powell","BUF","WR",25,2,10,5.16,2.408,7.912,4.86489465456345,55,0.0949999999999998,5,5.504,NA,88,9.9,10.141587488406,NA,5.9,NA
100003,"Bills","BUF","DST",NA,NA,10,5.15,3.43,5.27,1.62634559672906,26,NA,2,1.84,NA,18.4,5.1,8.91780301864408,NA,1,NA
2346,"Pierre Garcon","WAS","WR",30,8,9,5.13,4.56,5.352,0.507641605859882,56,0.200000000000001,6,0.792,NA,47.2,5.5,4.10369680339781,NA,6.7,NA
89766,"Brandon Myers","TB","TE",31,7,6,5.125,3.465,6.785,2.93449314192417,16,0.0308333333333337,3,3.32,NA,41.7,4.4,7.5161044132904,NA,NA,NA
2541834,"Josh Hill","NO","TE",26,3,5,5.095,3.491,6.699,2.83549819255806,17,0.138333333333333,3,3.208,NA,30.8,2.7,6.3171885758158,NA,0.3,NA
324,"Jacob Tamme","ATL","TE",31,8,11,5.09333333333333,2.756,7.956,3.4432736361395,18,0.33,3,5.2,NA,21.3,3.1,7.20183083118827,NA,1.9,NA
2552471,"T.J. Yeldon","JAC","RB",23,1,5,5.06666666666667,3.96,5.96,1.25033328890074,32,0.0333333333333341,5,2,NA,31.7,3.3,4.23782587503597,NA,5.6,NA
2552461,"Duke Johnson","CLE","RB",23,1,13,5.06666666666667,4.8,5.28,0.321455025366432,33,0.0999999999999996,5,0.48,NA,27.8,3,3.11432042211949,NA,11.6,NA
2540169,"Robert Woods","BUF","WR",24,3,10,5,4.36,5.32,0.62449979983984,57,0.228333333333333,6,0.96,NA,NA,NA,3.68670403384233,NA,5,NA
2555464,"DeAndre Washington","OAK","RB",23,0,10,5,2.62,8.54,3.89358446678636,34,0.0758333333333336,5,5.92,NA,35.5,3.8,7.24330760855554,NA,3.2,NA
2507999,"Chris Ivory","JAC","RB",28,6,5,4.93333333333333,3.72,5.88,1.53079500042734,35,0.0925000000000002,5,2.16,NA,28.6,3,4.36546019353579,NA,1.2,NA
2553631,"Zach Zenner","DET","RB",NA,NA,10,4.915,2.957,7.173,3.72645273685311,36,0.243333333333333,5,4.216,NA,40.3,9.3,10.0499564810182,NA,0.7,NA
2507166,"Ted Ginn","CAR","WR",31,9,7,4.86,2.124,8.3,4.15003614442091,58,0.19,6,6.176,NA,63.3,6,7.33934048941573,NA,5.3,NA
2552586,"Tyler Kroft","CIN","TE",24,1,9,4.82,2.836,6.804,3.50724963468528,19,0.141666666666667,3,3.968,NA,42.2,7.3,9.9776774744575,NA,0.6,NA
2506467,"Darren Sproles","PHI","RB",33,11,4,4.76666666666667,3.8,5.72,1.26622799421484,37,0.343333333333333,5,1.92,NA,31.7,2.8,3.98340111563283,NA,10.3,NA
1062,"Martellus Bennett","NE","TE",29,8,9,4.70666666666667,2.82,5.716,1.81772751900095,20,0.0716666666666672,3,2.896,NA,NA,NA,6.77913265512575,NA,3.5,NA
2541944,"Russell Shepard","TB","WR",26,3,6,4.68333333333333,3.38,6.46,2.18078731960119,59,0.0299999999999994,6,3.08,NA,56.4,8.5,7.16919522622115,NA,8.4,NA
2532790,"Travis Benjamin","SD","WR",27,4,11,4.65666666666667,4.04,4.816,0.500632932729493,60,0.0149999999999997,6,0.776,NA,NA,NA,3.48602038431208,NA,10.4,NA
497224,"Ed Dickson","CAR","TE",29,6,7,4.65,2.69,6.61,3.46482322781408,21,0.0966666666666676,3,3.92,NA,40.6,5,8.44995061962966,NA,NA,NA
2543641,"Devin Street","IND","WR",25,2,10,4.65,1.33,7.97,5.86898628384835,61,0.0333333333333332,6,6.64,NA,92.3,5.6,8.50380820760684,NA,0,NA
2552424,"Phillip Dorsett","IND","WR",23,1,10,4.63333333333333,2.84,6.6,2.65769323537035,62,0.0866666666666678,6,3.76,NA,NA,NA,6.9807946035159,NA,3.3,NA
2495835,"Anthony Fasano","TEN","TE",32,10,13,4.62,2.716,6.524,3.36582827844797,22,0.148333333333333,3,3.808,NA,41.9,4.2,7.83172627526724,NA,NA,NA
2531332,"Terrelle Pryor","CLE","WR",27,5,13,4.6,4.6,4.6,NA,63,0.111666666666666,6,0,NA,NA,NA,NA,NA,10.1,NA
2495328,"Bilal Powell","NYJ","RB",28,5,11,4.57666666666667,3.9,5.204,0.821969180281921,38,0.434999999999999,5,1.304,NA,NA,NA,4.2807194464017,NA,13.9,NA
2555466,"Tyler Boyd","CIN","WR",22,0,9,4.49333333333333,2.536,7.176,3.29789832064807,64,0.0516666666666667,6,4.64,NA,67.7,5.1,6.13600641637753,NA,3.8,NA
2540158,"Zach Ertz","PHI","TE",26,3,4,4.48666666666667,4.08,4.448,0.250066657780148,23,0.0449999999999999,4,0.368000000000001,NA,19.6,3,3.84542490121613,NA,1.9,NA
2539205,"Terrance Williams","DAL","WR",27,3,7,4.48333333333333,3.13,5.21,1.38954428980631,65,0.126666666666667,6,2.08,NA,57.3,8.4,6.47122265412873,NA,2.5,NA
2495139,"Charles Clay","BUF","TE",27,5,10,4.45666666666667,3.86,4.556,0.483356321292412,24,0.0316666666666663,4,0.696,NA,NA,NA,4.02791978552026,NA,0.6,NA
2543466,"Eric Ebron","DET","TE",23,2,10,4.42666666666667,3.7,4.644,0.635714820759539,25,0.111666666666666,4,0.944,NA,NA,NA,4.3420532629571,NA,7.9,NA
2532838,"Coby Fleener","NO","TE",28,4,5,4.42333333333333,4.04,4.416,0.235867194271127,26,0.405,4,0.376,NA,13.3,3,3.83078664058274,NA,3.6,NA
2553895,"Adam Humphries","TB","WR",NA,NA,6,4.4,4.24,4.56,0.282842712474619,66,0.118333333333333,7,0.32,NA,51.5,5.5,3.92159216400814,NA,5.8,NA
2550597,"Seth Roberts","OAK","WR",NA,NA,10,4.31333333333333,3.1,4.892,1.17581177632023,67,0.133333333333334,7,1.792,NA,57.5,4.8,4.24593879131993,NA,12.9,NA
2540178,"Knile Davis","GB","RB",25,3,4,4.27,1.522,6.802,3.33297164704412,39,0.313333333333333,5,5.28,NA,34.4,5.7,7.6926193246045,NA,0.8,NA
2552430,"Tyler Lockett","SEA","WR",24,1,5,4.25,3.28,4.84,0.975961064797157,68,0.181666666666667,7,1.56,NA,NA,NA,4.25612611551423,NA,3.2,NA
2505629,"Jason Witten","DAL","TE",34,13,7,4.20666666666667,3.76,4.256,0.31005375877956,27,0.501666666666667,4,0.496,NA,NA,NA,3.67060373947569,NA,7.6,NA
2540145,"Cordarrelle Patterson","MIN","WR",25,3,6,4.11,2.802,3.618,0.721248916810278,69,0.0941666666666672,8,0.815999999999999,NA,NA,NA,3.84345269743095,NA,3.6,NA
2530515,"Chris Hogan","NE","WR",28,5,9,4.02666666666667,3.156,4.596,0.926354863609693,70,0.0374999999999996,8,1.44,NA,48.5,6.7,5.126935155942,NA,15.1,NA
2543551,"KaDeem Carey","CHI","RB",24,2,9,4.01333333333333,2.828,5.308,1.56797108816883,40,0.115833333333334,5,2.48,NA,36.1,5.5,5.75826549847797,NA,0.3,NA
2543750,"Jeff Janis","GB","WR",25,2,4,4.005,1.049,6.961,5.22551911296859,71,0.111666666666666,8,5.912,NA,81.5,6,8.21056558847106,NA,9,NA
2555317,"Tajae Sharpe","TEN","WR",22,0,13,3.97333333333333,3.504,3.984,0.325781112609883,72,0.18,9,0.48,NA,NA,NA,3.20273315660372,NA,1.1,NA
2556118,"Dwayne Washington","DET","RB",NA,0,10,3.9,2.64,4.96,1.51327459504216,41,0.0749999999999997,6,2.32,NA,NA,NA,5.71111903037048,NA,NA,NA
2552379,"Jeremy Langford","CHI","RB",25,1,9,3.895,3.039,4.151,0.982878425849301,42,0.215000000000001,6,1.112,NA,NA,NA,4.61366131695849,NA,1.1,NA
2543721,"C.J. Fiedorowicz","HOU","TE",25,2,9,3.83,2.96,4.152,0.810987052917616,28,0.278333333333333,5,1.192,NA,11.8,3.6,4.81080672996377,NA,10.3,NA
2552491,"Dorial Green-Beckham","PHI","WR",23,1,4,3.81333333333333,3.528,3.688,0.102632028788938,73,0.0566666666666666,9,0.16,NA,57.5,5.6,3.83261144859507,NA,5.5,NA
2552600,"Nelson Agholor","PHI","WR",23,1,4,3.77333333333333,3.1,4.076,0.613297100379036,74,0.0733333333333337,9,0.976,NA,67.1,6,4.47430597553663,NA,2.5,NA
2550542,"Kapri Bibbs","DEN","RB",23,2,11,3.755,1.561,4.449,2.55265548008344,43,0.1925,6,2.888,NA,46.9,6.9,7.53541744400155,NA,0.4,NA
2550272,"Albert Wilson","KC","WR",24,2,5,3.74,2.992,3.888,0.791959594928933,75,0.118333333333333,9,0.895999999999999,NA,91.7,6.7,5.01806450462236,NA,NA,NA
2552418,"Justin Hardy","ATL","WR",25,1,11,3.66,2.2,4.664,1.57124154731219,76,0.158333333333333,9,2.464,NA,86.1,7.5,6.10537564265714,NA,1.3,NA
2536044,"Jamize Olawale","OAK","RB",27,4,10,3.605,1.361,3.449,1.84554869889689,44,0.294999999999999,6,2.088,NA,60.7,6.6,6.64134881402417,NA,6.8,NA
2508097,"Andrew Hawkins","CLE","WR",30,5,13,3.58333333333333,3.04,4.04,0.671441235949456,77,0.243333333333333,9,1,NA,71,6.9,5.03444322455855,NA,15.1,NA
2552397,"Clive Walford","OAK","TE",25,1,10,3.58,2.76,4.152,0.930161276338679,29,0.25,5,1.392,NA,26.1,2.3,4.0948871185825,NA,3.1,NA
2505299,"Antonio Gates","SD","TE",36,13,11,3.52333333333333,2.18,4.236,1.28671416147229,30,0.6,5,2.056,NA,18.9,3.9,5.49479876633242,NA,9.3,NA
2556885,"Jalen Richard","OAK","RB",23,0,10,3.52,2.46,4.428,1.34208792558461,45,0.46,6,1.968,NA,43.4,4.4,4.92866340522489,NA,3.7,NA
2649,"Danny Amendola","NE","WR",31,8,9,3.42,2.724,2.916,0.169705627484771,78,0.18,10,0.192,NA,77.5,6.8,4.57099424716912,NA,8.9,NA
2552652,"Chris Conley","KC","WR",24,1,5,3.26,3.036,3.276,0.150996688705415,79,0.0916666666666672,11,0.24,NA,63.4,4.5,3.24474664037265,NA,5.9,NA
2495453,"Andre Holmes","OAK","WR",28,5,10,3.22,0.864,3.776,2.57386868351903,80,0.149166666666666,11,2.912,NA,NA,NA,6.84498575181729,NA,0,NA
2550313,"Richard Rodgers","GB","TE",24,2,4,3.13666666666667,2.64,3.288,0.42193996413392,31,0.444166666666667,6,0.648,NA,24.2,2.3,3.57096056158448,NA,NA,NA
2530700,"Dontrelle Inman","SD","WR",27,3,11,3.11666666666667,2.27,3.63,0.897682200633016,81,0.255833333333334,11,1.36,NA,67.9,5.4,4.36265611486323,NA,7.2,NA
2556563,"Don Jackson","GB","RB",23,0,4,3.1,3.1,3.1,NA,46,0.11,6,0,NA,NA,NA,NA,NA,1,NA
2556462,"Robby Anderson","NYJ","WR",23,0,11,3.025,0.885,3.965,2.72236110756821,82,0.349166666666667,11,3.08,NA,73.8,7.9,7.26588826495348,NA,3.1,NA
2533437,"Ronnie Hillman","MIN","RB",25,4,6,3.02,2.286,3.454,1.03237590053236,47,0.0616666666666665,6,1.168,NA,58.5,8.8,6.99189234388343,NA,2.4,NA
2506147,"John Kuhn","NO","RB",34,10,5,2.96,0.752,2.768,1.7819090885901,48,0.0266666666666664,7,2.016,NA,67.4,5.3,5.87125054130805,NA,1.2,NA
2540037,"Fozzy Whittaker","CAR","RB",27,4,7,2.95666666666667,2.54,3.476,0.625806146768577,49,0.211666666666667,8,0.936,NA,44.4,4.9,4.45849281417664,NA,1,NA
2550268,"Charcandrick West","KC","RB",25,2,5,2.91,2.62,3.044,0.281602556806575,50,0.37,8,0.424,NA,43.9,5.7,4.53578228556237,NA,6,NA
2506922,"Stephen Gostkowski","NE","K",32,10,9,2.8,2.08,3.68,1.05830052442584,18,0.266666666666667,3,1.6,NA,3.6,2.7,3.44918209660966,NA,13,NA
2495288,"Virgil Green","DEN","TE",28,5,11,2.71,1.86,3.324,0.981478476585197,32,0.0425,6,1.464,NA,26.1,2.3,4.14779014211628,NA,5.5,NA
2505551,"Andre Johnson","TEN","WR",35,13,13,2.69666666666667,0.96,3.992,1.92588507791439,83,0.064166666666666,11,3.032,NA,73.5,9.3,7.41873649409531,NA,NA,NA
2541316,"Ryan Griffin","HOU","TE",26,3,9,2.675,2.155,2.595,0.388908729652601,33,0.19,7,0.44,NA,28.1,4.1,4.69829156978353,NA,3.4,NA
2495826,"Vernon Davis","WAS","TE",32,10,9,2.66,2.18,2.964,0.492747399790197,34,0.46,7,0.784,NA,NA,NA,4.04728235574581,NA,9.3,NA
2552463,"Jaelen Strong","HOU","WR",22,1,9,2.655,1.831,2.879,0.926309883354377,84,0.0466666666666669,12,1.048,NA,79.6,6.6,5.06989472247129,NA,NA,NA
2550546,"Philly Brown","CAR","WR",25,2,7,2.61,1.886,3.086,0.757165767847438,85,0.0383333333333331,12,1.2,NA,77.6,7.4,5.388906762232,NA,0.3,NA
2555477,"Charone Peake","NYJ","WR",24,0,11,2.60666666666667,1.36,3.616,1.45331804273302,86,0.163333333333334,12,2.256,NA,86.4,6.1,5.21179246179025,NA,1.3,NA
2535708,"Lance Dunbar","DAL","RB",26,4,7,2.58,1.175,2.575,1.23743686707646,51,0.148333333333333,9,1.4,NA,NA,NA,5.14037538667738,NA,NA,NA
2541147,"Charles Johnson","MIN","WR",27,3,6,2.53666666666667,1.182,3.422,1.51658607844505,87,0.211666666666667,12,2.24,NA,89,10.2,7.60020834018881,NA,0,NA
2495259,"Dan Bailey","DAL","K",28,5,7,2.53333333333333,2.12,2.92,0.503322295684717,19,0.083333333333333,3,0.8,NA,8.3,3.8,4.68592274422824,NA,12,NA
2504797,"Matt Bryant","ATL","K",41,14,11,2.53333333333333,2.12,2.92,0.503322295684717,19,0.3,3,0.8,NA,4.2,2.5,2.52782278628854,NA,10,NA
2555461,"Wendell Smallwood","PHI","RB",22,0,4,2.5,1.1,3.58,1.57162336455017,52,0.153333333333333,9,2.48,NA,48.6,5.3,5.65369647203635,NA,-3.5,NA
2555408,"Roberto Aguayo","TB","K",22,0,6,2.36666666666667,2.02,2.82,0.55075705472861,21,0.283333333333333,3,0.8,NA,18.5,4.6,6.06435630019313,NA,5,NA
2533457,"Alfred Morris","DAL","RB",28,4,7,2.36333333333333,1.76,2.872,0.731459727759043,53,0.0566666666666671,9,1.112,NA,42.3,4.1,4.13440805788273,NA,0.6,NA
2550198,"Bennie Fowler","DEN","WR",25,2,11,2.35,1.44,2.92,0.93407708461347,88,0.0775000000000001,12,1.48,NA,92,7.6,5.64622672093397,NA,0,NA
2556411,"Josh Ferguson","IND","RB",23,0,10,2.33,1.636,2.724,0.961665222413705,54,0.105833333333333,9,1.088,NA,58.8,6.8,5.83526220582224,NA,0,NA
2495888,"Marcedes Lewis","JAC","TE",32,10,5,2.31,1.442,2.578,1.0040916292849,35,0.23,7,1.136,NA,35.2,4,5.26796380411785,NA,2.3,NA
2541388,"Brice Butler","DAL","WR",26,3,7,2.3,1.16,3.16,1.27671453348037,89,0.0558333333333336,12,2,NA,72.2,9,6.72184572579496,NA,1.9,NA
2556075,"Derrick Henry","TEN","RB",22,0,13,2.28333333333333,1.34,3.14,1.15144836329439,55,0.182500000000001,9,1.8,NA,40.2,4.7,4.89395586131389,NA,15.7,NA
2535964,"Josh Bellamy","CHI","WR",27,4,9,2.245,1.189,2.701,1.33643181644257,90,0.00333333333333341,12,1.512,NA,87.3,8.5,6.48520140354754,NA,0.4,NA
2555348,"Braxton Miller","HOU","WR",24,0,9,2.24333333333333,1.964,2.34,0.237977589981354,91,0.0858333333333339,12,0.376,NA,83.3,9,5.88038777345339,NA,1.8,NA
2556606,"Jalin Marshall","NYJ","WR",NA,0,11,2.24,0.832,3.648,2.48901586977665,92,0.175833333333333,12,2.816,NA,101.3,5.8,5.87977650486701,NA,0,NA
2555227,"Jonathan Williams","BUF","RB",22,0,10,2.165,1.843,2.187,0.304055915910216,56,0.139166666666666,9,0.344,NA,55.8,6.7,5.10074942879422,NA,7.2,NA
2503471,"Adam Vinatieri","IND","K",44,20,10,2.1,1.26,2.86,1.01488915650922,22,0.0666666666666669,3,1.6,NA,2.3,2.2,2.57304413789043,NA,2,NA
71435,"John Phillips","DEN","TE",29,7,11,2.09,0.618,2.362,1.54149278298667,36,0.1325,7,1.744,NA,49.3,1.7,4.33798255768583,NA,NA,NA
2555468,"Rashard Higgins","CLE","WR",22,0,13,2.075,1.235,2.315,0.954594154601839,93,0.0233333333333334,12,1.08,NA,91,5.7,4.57977122493889,NA,1,NA
497238,"Jermaine Gresham","ARI","TE",28,6,9,2.07,0.994,2.546,1.3717871555019,37,0.2525,7,1.552,NA,30.5,2.7,4.80824539364585,NA,3.2,NA
71309,"Graham Gano","CAR","K",29,7,7,2.06666666666667,1.24,2.84,1.00664459136943,23,0.266666666666667,3,1.6,NA,13.4,3.6,4.88839669472602,NA,15,NA
2550328,"Brandon Coleman","NO","WR",24,2,5,2.05333333333333,1.728,2.16,0.273007936392577,94,0.0108333333333328,12,0.432,NA,79.8,9.3,6.07977707450242,NA,4.4,NA
497270,"Arrelious Benn","JAC","WR",28,6,5,2.05,2.05,2.05,NA,95,0.0350000000000001,12,0,NA,101.2,6.3,5.62208201385242,NA,0,NA
2506874,"Reggie Bush","BUF","RB",31,10,10,2.03666666666667,1.808,2.2,0.282901631902917,57,0.0491666666666664,9,0.392,NA,46.8,5.4,4.37460495114901,NA,2.6,NA
2495331,"Aldrick Robinson","ATL","WR",28,5,11,2.035,1.227,2.243,0.898025612106915,96,0.0725,12,1.016,NA,93.1,7.2,5.38900623213822,NA,0,NA
2552375,"Cameron Artis-Payne","CAR","RB",24,1,7,2.015,1.487,1.943,0.403050865276332,58,0.0600000000000005,9,0.456,NA,58.3,13.8,9.04950374531484,NA,NA,NA
2556601,"Wil Lutz","NO","K",22,0,5,2,2,2,0,24,0.616666666666667,3,0,NA,NA,NA,1.75148555815852,NA,16,NA
2543759,"Ryan Grant","WAS","WR",26,2,9,1.995,0.739,2.651,1.68998520703585,97,0.0674999999999999,12,1.912,NA,102.3,3.5,3.92140743158988,NA,1.7,NA
927,"Justin Forsett","DET","RB",31,8,10,1.96,0.196,1.764,1.38592929112563,59,0.0149999999999999,9,1.568,NA,46.2,10.5,8.27862009864286,NA,NA,NA
2507428,"Mike Tolbert","CAR","RB",31,8,7,1.95,1.29,2.01,0.636396103067893,60,0.01,9,0.72,NA,67.3,5.2,4.63197011413276,NA,0.2,NA
2539217,"Andre Ellington","ARI","RB",27,3,9,1.94,1.02,3.036,1.31635861375235,61,0.0200000000000005,9,2.016,NA,55.3,5.3,5.38960871462327,NA,1.6,NA
2533460,"Robert Turbin","IND","RB",27,4,10,1.94,1.34,2.556,0.760789064064409,62,0.085,9,1.216,NA,49.7,4.9,4.59814129994021,NA,3.4,NA
2543491,"Paul Richardson","SEA","WR",24,2,5,1.93,1.526,1.734,0.183847763108502,98,0.0249999999999999,13,0.208,NA,95.2,5.1,3.61338254896345,NA,3.3,NA
2550162,"James Wright","CIN","WR",25,2,9,1.925,0.965,2.285,1.1667261889578,99,0.0874999999999999,13,1.32,NA,NA,NA,4.56519537844751,NA,NA,NA
2532797,"Brandon Bolden","NE","RB",26,4,9,1.9,0.45,2.45,1.76776695296637,63,0.0925,9,2,NA,NA,NA,6.23769636525839,NA,NA,NA
2534436,"Deonte Thompson","CHI","WR",27,4,9,1.885,0.717,2.453,1.53442171517481,100,0.1825,13,1.736,NA,95.8,4.7,4.47943681969967,NA,0,NA
2550284,"Trey Burton","PHI","TE",25,2,4,1.845,1.109,1.981,0.770746391493337,38,0.0816666666666666,8,0.872,NA,39.1,6.3,6.51139701592817,NA,0.6,NA
2555219,"Daniel Lasco","NO","RB",24,0,5,1.81,0.181,1.629,1.27986327394765,64,0.1825,9,1.448,NA,NA,NA,5.22816106496386,NA,1.5,NA
497190,"Dexter McCluster","SD","RB",28,6,11,1.805,1.729,1.881,0.134350288425444,65,0.36,9,0.152,NA,59.3,6.9,5.03352561283683,NA,0.3,NA
497320,"Andre Roberts","DET","WR",28,6,10,1.79,0.938,2.042,0.975807358037436,101,0.2225,13,1.104,NA,95.1,5,4.19792760280079,NA,0,NA
2552403,"Nick OLeary","BUF","TE",24,1,10,1.79,0.938,2.042,0.975807358037436,39,0.0566666666666666,8,1.104,NA,37.1,4,5.23880548175708,NA,1,NA
2552559,"C.J. Uzomah","CIN","TE",23,1,9,1.73666666666667,1.28,2.008,0.456106712659804,40,0.00916666666666699,8,0.728,NA,31,4.2,4.83208740697027,NA,NA,NA
2556463,"Stephen Anderson","HOU","TE",23,0,9,1.73,0.926,1.934,0.89095454429505,41,0.0291666666666666,8,1.008,NA,NA,NA,4.86830773654836,NA,1.7,NA
2555415,"Austin Hooper","ATL","TE",NA,0,11,1.725,0.925,1.925,0.883883476483185,42,0.0666666666666664,8,1,NA,29.6,3.1,4.56334944097239,NA,4.1,NA
2540203,"Levine Toilolo","ATL","TE",25,3,11,1.67666666666667,0.84,2.544,1.17627944525667,43,0.0583333333333333,8,1.704,NA,35.9,5.8,6.60685561850949,NA,0,NA
2553454,"Geoff Swaim","DAL","TE",NA,NA,7,1.64,0.588,2.092,1.32936074863071,44,0.0983333333333332,8,1.504,NA,45.7,4.2,5.73232706529166,NA,0.8,NA
81306,"Brandon Tate","BUF","WR",29,7,10,1.615,0.663,1.967,1.15258405333407,102,0.155,13,1.304,NA,89.9,11.2,7.87537826492069,NA,1.7,NA
2507401,"Dan Carpenter","BUF","K",31,8,10,1.6,1.16,1.96,0.529150262212918,25,1.01666666666667,4,0.8,NA,21.1,2.7,2.88726546620021,NA,5,NA
2507218,"Brent Celek","PHI","TE",31,9,4,1.59666666666667,1.06,2.012,0.618896868091392,45,0.158333333333333,8,0.952,NA,35.1,6.1,6.22581242781846,NA,NA,NA
2543746,"Josh Huff","PHI","WR",25,2,4,1.52,1.156,1.284,0.113137084989848,103,0.1325,14,0.128,NA,86.7,9,5.77925722605456,NA,0.9,NA
2541187,"Demetrius Harris","KC","TE",25,3,5,1.48666666666667,1,1.928,0.669726312259966,46,0.354166666666667,8,0.928,NA,34.7,4.2,5.05230835921698,NA,1.3,NA
4383,"Tim Hightower","NO","RB",30,8,5,1.45,0.81,2.17,0.867467578644874,66,0.0299999999999998,9,1.36,NA,54.3,5.3,4.925202146878,NA,10.2,NA
2555432,"Andy Janovich","DEN","RB",23,0,11,1.44,0.628,1.652,0.905096679918781,67,0.0825000000000002,9,1.024,NA,NA,NA,4.45272090676661,NA,NA,NA
2553762,"Terron Ward","ATL","RB",NA,NA,11,1.4,1.32,1.48,0.141421356237309,68,0.105,9,0.16,NA,51.1,7.2,5.20336239695074,NA,5.7,NA
2556697,"Bryce Treggs","PHI","WR",22,0,4,1.4,1.4,1.4,NA,104,0.0758333333333334,14,0,NA,NA,NA,NA,NA,NA,NA
2550405,"Erik Swoope","IND","TE",24,2,10,1.39,0.662,2.118,1.28693434175952,47,0.515,8,1.456,NA,28.9,3,4.91433425760093,NA,3,NA
2495341,"Cecil Shorts","TB","WR",29,5,6,1.375,0.795,1.955,1.02530483272049,105,0.130833333333334,14,1.16,NA,81.4,6.7,5.20709234965051,NA,0,NA
2539289,"Kenjon Barner","PHI","RB",27,3,4,1.315,1.303,1.327,0.0212132034355964,69,0.2025,9,0.024,NA,62.7,8.1,5.56656328548167,NA,1.4,NA
2556801,"Kenneth Farrow","SD","RB",23,0,11,1.275,0.975,1.575,0.53033008588991,70,0.3725,9,0.6,NA,68.1,6.4,5.17232325996813,NA,1.2,NA
2555216,"Malcolm Mitchell","NE","WR",23,0,9,1.27333333333333,0.6,1.816,0.774682730757136,106,0.0783333333333334,14,1.216,NA,NA,NA,3.93002381238151,NA,NA,NA
2543638,"DeAnthony Thomas","KC","WR",23,2,5,1.215,0.667,1.763,0.96873629022557,107,0.14,14,1.096,NA,NA,NA,4.24442085355126,NA,0,NA
2532978,"Jarius Wright","MIN","WR",27,4,6,1.175,0.995,1.355,0.318198051533946,108,0.2375,14,0.36,NA,NA,NA,3.19044741460644,NA,NA,NA
2507463,"Connor Barth","CHI","K",30,8,9,1.16666666666667,1,1.4,0.288675134594813,26,1.16666666666667,5,0.4,NA,24.3,2.7,2.63189948973194,NA,8,NA
2528181,"Bryan Walters","JAC","WR",29,6,5,0.975,0.715,1.235,0.459619407771256,109,0.1625,14,0.52,NA,NA,NA,3.41957207524662,NA,7.4,NA
2495470,"Stevan Ridley","FA","RB",27,5,NA,0.95,0.19,1.71,1.34350288425444,71,0.1,9,1.52,NA,NA,NA,5.35983958239358,NA,NA,NA
2550617,"Taylor Gabriel","ATL","WR",25,2,11,0.9,0.2,1.56,0.854400374531753,110,0.1875,14,1.36,NA,NA,NA,4.0591788322658,NA,12.8,NA
2540211,"Gavin Escobar","DAL","TE",25,3,7,0.875,0.355,0.795,0.388908729652601,48,0.1775,9,0.44,NA,NA,NA,3.83318729274096,NA,NA,NA
2539995,"Mychal Rivera","OAK","TE",26,3,10,0.875,0.695,1.055,0.318198051533946,49,0.36,9,0.36,NA,39.3,5.1,5.27060853400625,NA,9.6,NA
2555430,"Alex Collins","SEA","RB",22,0,5,0.855,0.419,1.291,0.770746391493337,72,0.0325000000000001,9,0.872,NA,62.3,6.6,5.52939688906207,NA,NA,NA
2555234,"Tyler Ervin","HOU","RB",23,0,9,0.845,0.809,0.881,0.0636396103067893,73,0.0700000000000001,10,0.072,NA,NA,NA,2.71163828741806,NA,0,NA
2534770,"Jonathan Grimes","HOU","RB",27,4,9,0.8,0.8,0.8,NA,74,0.0675,10,0,NA,NA,NA,NA,NA,1.1,NA
2552477,"Aaron Ripkowski","GB","RB",NA,NA,4,0.75,0.63,0.87,0.212132034355964,75,0.0449999999999999,10,0.24,NA,62.7,5.9,4.57225811485488,NA,3.3,NA
2556752,"Tommylee Lewis","NO","WR",24,0,5,0.725,0.425,1.025,0.530330085889911,111,0.1125,15,0.6,NA,104.4,8.1,5.6041801369024,NA,0,NA
89798,"Antone Smith","TB","RB",31,7,6,0.715,0.567,0.863,0.261629509039023,76,0.1075,10,0.296,NA,58,6.1,4.73181396780424,NA,2.5,NA
2553621,"Lucky Whitehead","DAL","WR",NA,NA,7,0.7,0.7,0.7,NA,112,0.195,15,0,NA,98.7,7.9,7.44620988441747,NA,0,NA
2557531,"Troymaine Pope","NYJ","RB",23,0,11,0.695,0.371,1.019,0.572756492761104,77,0.1875,10,0.648,NA,74.3,3.2,3.4826554492621,NA,NA,NA
2555214,"Laquon Treadwell","MIN","WR",21,0,6,0.525,0.305,0.745,0.388908729652601,113,0.0425,15,0.44,NA,NA,NA,3.30500974492653,NA,NA,NA
2495211,"Niles Paul","WAS","TE",27,5,9,0.52,0.456,0.584,0.113137084989848,50,0.015,9,0.128,NA,39,10.1,8.28527454751388,NA,NA,NA
2550474,"Antonio Andrews","TEN","RB",24,2,13,0.52,0.456,0.584,0.113137084989848,78,0.0625,11,0.128,NA,76.3,12.9,8.26200541173259,NA,NA,NA
497258,"Andrew Quarless","FA","TE",28,6,NA,0.51,0.051,0.459,0.360624458405139,51,0.0225,9,0.408,NA,NA,NA,3.77487064801941,NA,NA,NA
71255,"Chase Coffman","IND","TE",30,7,10,0.5,0.1,0.9,0.707106781186548,52,0.025,9,0.8,NA,NA,NA,4.48924954585832,NA,NA,NA
2539265,"Rex Burkhead","CIN","RB",26,3,9,0.495,0.251,0.739,0.431335136523794,79,0.095,11,0.488,NA,72.6,5.9,4.79903778376162,NA,NA,NA
2555413,"Trevor Davis","GB","WR",23,0,4,0.485,0.393,0.577,0.162634559672906,114,0.015,15,0.184,NA,110,3.1,2.45611828031228,NA,8.4,NA
2555370,"Jordan Payton","CLE","WR",23,0,13,0.48,0.384,0.576,0.169705627484771,115,0.0249999999999999,15,0.192,NA,114.5,0.5,0.979742501994184,NA,0.3,NA
2550206,"Ryan Hewitt","CIN","TE",25,2,9,0.475,0.415,0.535,0.106066017177982,53,0.0175,9,0.12,NA,NA,NA,3.25002084552552,NA,NA,NA
2552399,"Jeff Heuerman","DEN","TE",24,1,11,0.475,0.295,0.655,0.318198051533946,53,0.0549999999999999,9,0.36,NA,56.5,3.5,4.23826810180681,NA,NA,NA
2556519,"Alex Erickson","CIN","WR",24,0,9,0.46,0.428,0.492,0.0565685424949238,116,0.015,15,0.0639999999999999,NA,NA,NA,2.76656679242211,NA,0,NA
2543590,"Cody Latimer","DEN","WR",24,2,11,0.45,0.25,0.65,0.353553390593274,117,0.045,15,0.4,NA,NA,NA,3.24772857976648,NA,NA,NA
497242,"Clay Harbor","DET","TE",29,6,10,0.44,0.408,0.472,0.0565685424949238,55,0.0675,9,0.0639999999999999,NA,36.6,7.2,6.35584086943086,NA,NA,NA
2535966,"Brenton Bersin","CAR","WR",26,3,7,0.44,0.392,0.488,0.0848528137423857,118,0.095,15,0.096,NA,NA,NA,2.81239172455014,NA,NA,NA
2555316,"Paxton Lynch","DEN","QB",22,0,11,0.431,0.1358,0.7262,0.521844804515672,27,0.155,4,0.5904,NA,NA,NA,4.0689341994373,NA,NA,NA
2539260,"Denard Robinson","JAC","RB",26,3,5,0.42,0.404,0.436,0.0282842712474619,80,0.0525,12,0.032,NA,NA,NA,2.63848355551266,NA,NA,NA
2552396,"Ben Koyack","JAC","TE",23,1,5,0.4,0.4,0.4,NA,56,0.07,9,0,NA,NA,NA,NA,NA,4.1,NA
2556273,"Darius Jackson","DAL","RB",23,0,7,0.38,0.038,0.342,0.268700576850888,81,0.03,13,0.304,NA,NA,NA,3.13593573246939,NA,NA,NA
2555478,"Demarcus Robinson","KC","WR",NA,0,5,0.37,0.266,0.474,0.183847763108502,119,0.0625,15,0.208,NA,NA,NA,2.97277898699827,NA,NA,NA
2530763,"Patrick DiMarco","ATL","RB",27,5,11,0.355,0.239,0.471,0.205060966544099,82,0.0249999999999999,13,0.232,NA,68.9,5.6,4.40242133074097,NA,NA,NA
2495340,"Anthony Sherman","KC","RB",28,5,5,0.345,0.307,0.363,0.0494974746830583,83,0.0375,13,0.056,NA,77,5.8,4.34982846116467,NA,NA,NA
2555289,"Nick Vannett","SEA","TE",NA,0,5,0.345,0.301,0.389,0.0777817459305203,57,0.0375,9,0.088,NA,46.5,1.5,2.69999682149096,NA,0.7,NA
2555331,"Cody Core","CIN","WR",22,0,9,0.32,0.032,0.288,0.226274169979695,120,0.045,16,0.256,NA,NA,NA,3.04151638519032,NA,NA,NA
2543695,"Jay Prosch","HOU","RB",24,2,9,0.315,0.21,0.29,0.0707106781186548,84,0.02,13,0.08,NA,77.5,2.7,2.69238800119481,NA,NA,NA
2536342,"Brandon Bostick","NYJ","TE",27,4,11,0.315,0.026,0.426,0.259422435421457,58,0.015,10,0.4,NA,48.5,9.6,8.11347407741485,NA,0.4,NA
2495472,"Jordan Todman","IND","RB",26,5,10,0.3,0.22,0.38,0.14142135623731,85,0.02,13,0.16,NA,NA,NA,2.87257869760994,NA,NA,NA
2535535,"Phillip Supernaw","TEN","TE",26,4,13,0.3,0.14,0.46,0.282842712474619,59,0.00750000000000001,10,0.32,NA,45,1,2.58878827354423,NA,3,NA
2552622,"Chris Manhertz","CAR","TE",NA,NA,7,0.3,0.0600000000000001,0.54,0.424264068711929,59,0.02,10,0.48,NA,NA,NA,3.90608309864289,NA,NA,NA
2535876,"Griff Whalen","SD","WR",26,4,11,0.295,0.051,0.539,0.431335136523794,121,0.0675,16,0.488,NA,105.6,4.4,3.4148386553375,NA,0,NA
2539315,"Stepfan Taylor","ARI","RB",25,3,9,0.29,0.202,0.378,0.15556349186104,86,0.055,13,0.176,NA,75.5,3.8,3.37608515286697,NA,NA,NA
2495234,"Luke Stocker","TB","TE",28,5,6,0.285,0.193,0.377,0.162634559672906,61,0.0125,10,0.184,NA,NA,NA,3.3666541349686,NA,0.8,NA
2506546,"Derek Anderson","CAR","QB",33,11,7,0.28,0.12,0.44,0.282842712474619,28,0.011,4,0.32,NA,NA,NA,3.73782217901202,NA,NA,NA
2552660,"Randall Telfer","CLE","TE",24,1,13,0.275,0.255,0.295,0.0353553390593274,62,0.00750000000000001,10,0.04,NA,NA,NA,3.10422923372166,NA,0,NA
2532842,"Nick Foles","KC","QB",27,4,5,0.272,0.1926,0.3414,0.131521861300698,29,0.013,4,0.1488,NA,NA,NA,3.52818320750016,NA,16.82,NA
2532835,"Rhett Ellison","MIN","TE",28,4,6,0.27,0.214,0.326,0.0989949493661167,63,0.01,10,0.112,NA,NA,NA,3.23544168434513,NA,NA,NA
2539303,"Zach Line","MIN","RB",26,3,6,0.27,0.166,0.374,0.183847763108502,87,0.08,13,0.208,NA,74.8,3.7,3.35117327532135,NA,NA,NA
2539228,"EJ Manuel","BUF","QB",26,3,10,0.266,0.1108,0.4212,0.27435743110038,30,0.023,4,0.3104,NA,NA,NA,3.72606672266556,NA,1.4,NA
2556708,"Cole Wick","DET","TE",23,0,10,0.265,0.213,0.317,0.0919238815542511,64,0.0125,10,0.104,NA,NA,NA,3.22086252316474,NA,NA,NA
2507486,"Kellen Davis","NYJ","TE",31,8,11,0.255,0.059,0.451,0.346482322781408,65,0.005,10,0.392,NA,NA,NA,3.74571232565864,NA,NA,NA
2552420,"Keith Mumphery","HOU","WR",24,1,9,0.255,0.219,0.291,0.0636396103067893,122,0.0625,16,0.072,NA,NA,NA,2.77802302545412,NA,NA,NA
2543497,"AJ McCarron","CIN","QB",26,2,9,0.252,0.1566,0.3374,0.15980613254816,31,0.02,4,0.1808,NA,NA,NA,3.56736806198836,NA,NA,NA
2535943,"Sean McGrath","SD","TE",29,4,11,0.25,0.05,0.45,0.353553390593274,66,0.005,10,0.4,NA,NA,NA,3.76029148683903,NA,NA,NA
2556478,"Ben Braunecker","CHI","TE",22,0,9,0.25,0.13,0.37,0.212132034355964,66,0.0275,10,0.24,NA,NA,NA,3.46870826323131,NA,0.8,NA
2552401,"MyCole Pruitt","MIN","TE",24,1,6,0.24,0.024,0.216,0.169705627484771,68,0.0375,10,0.192,NA,NA,NA,3.38123329614899,NA,NA,NA
2506562,"Matt Cassel","TEN","QB",34,11,13,0.234,0.1242,0.3338,0.185261976670875,32,0.011,4,0.2096,NA,NA,NA,3.60263443102774,NA,0.6,NA
2555416,"Christian Hackenberg","NYJ","QB",21,0,11,0.23,0.046,0.414,0.325269119345812,33,0.022,4,0.368,NA,NA,NA,3.79659946074432,NA,NA,NA
2505982,"Matt Schaub","ATL","QB",35,12,11,0.216,0.1008,0.3312,0.203646752981726,34,0.022,4,0.2304,NA,NA,NA,3.62810458644507,NA,NA,NA
2555306,"David Morgan","MIN","TE",23,0,6,0.205,0.201,0.209,0.00707106781186548,69,0.03,10,0.00800000000000001,NA,NA,NA,3.04591258900011,NA,NA,NA
2507828,"Logan Paulsen","CHI","TE",29,6,9,0.2,0.04,0.36,0.282842712474619,70,0.065,10,0.32,NA,45,4,4.52442658391817,NA,0.5,NA
2542065,"Matt McGloin","OAK","QB",27,3,10,0.2,0.072,0.328,0.226274169979695,35,0.014,4,0.256,NA,NA,NA,3.65945247003563,NA,NA,NA
2550540,"George Atkinson","CLE","RB",24,2,13,0.2,0.04,0.36,0.282842712474619,88,0.025,13,0.32,NA,NA,NA,3.16519762523155,NA,NA,NA
2552425,"Rashad Greene","JAC","WR",24,1,5,0.2,0.02,0.18,0.14142135623731,123,0.0325,16,0.16,NA,NA,NA,2.90404158880621,NA,NA,NA
2556477,"Trevone Boykin","SEA","QB",23,0,5,0.188,0.0504,0.3256,0.243244732728172,36,0.00600000000000001,4,0.2752,NA,NA,NA,3.68296338272855,NA,NA,NA
2535988,"Brittan Golden","ARI","WR",28,4,9,0.185,0.093,0.277,0.162634559672906,124,0.035,16,0.184,NA,101.4,7,4.67927412256343,NA,2.9,NA
2495425,"Scott Tolzien","IND","QB",29,5,10,0.184,0.0432,0.3248,0.248901586977665,37,0.00700000000000001,4,0.2816,NA,NA,NA,3.69080035362618,NA,NA,NA
230,"Jerome Felton","BUF","RB",30,8,10,0.18,0.164,0.196,0.0282842712474619,89,0.015,13,0.032,NA,75.1,5.7,4.27370827128526,NA,2.6,NA
2506053,"Luke McCown","NO","QB",35,12,5,0.18,0.068,0.292,0.197989898732233,38,0.014,4,0.224,NA,NA,NA,3.62026761554743,NA,NA,NA
2495748,"Drew Stanton","ARI","QB",32,9,9,0.174,0.0892,0.2588,0.149906637611548,39,0.02,4,0.1696,NA,NA,NA,3.55365336291749,NA,NA,NA
2552647,"Marcus Murphy","NO","RB",25,1,5,0.17,0.105,0.145,0.0353553390593274,90,0.025,13,0.04,NA,NA,NA,2.65311450189374,NA,NA,NA
2552464,"Jalston Fowler","TEN","RB",NA,NA,13,0.16,0.128,0.192,0.0565685424949238,91,0.04,13,0.064,NA,NA,NA,2.69700734103698,NA,NA,NA
2543801,"Jimmy Garoppolo","NE","QB",25,2,9,0.158,0.0924,0.2236,0.115965512114594,40,0.01,4,0.1312,NA,NA,NA,3.50663153753165,NA,-0.1,NA
1037885,"Marc Mariani","TEN","WR",29,6,13,0.15,0.03,0.27,0.212132034355964,125,0.01,16,0.24,NA,NA,NA,3.0186039191263,NA,0,NA
2541940,"Rashad Ross","WAS","WR",26,3,9,0.15,0.03,0.27,0.212132034355964,125,0.045,16,0.24,NA,96.8,8.8,5.74544286536831,NA,NA,NA
2550243,"Justin Perillo","GB","TE",25,2,4,0.15,0.03,0.27,0.212132034355964,71,0.0475,10,0.24,NA,49.4,3.8,4.32248822399131,NA,NA,NA
2543640,"Tom Savage","HOU","QB",26,2,9,0.15,0.046,0.254,0.183847763108502,41,0.00699999999999998,4,0.208,NA,NA,NA,3.60067518830333,NA,NA,NA
2552588,"Brett Hundley","GB","QB",23,1,4,0.146,0.0388,0.2532,0.189504617357995,42,0.014,4,0.2144,NA,NA,NA,3.60851215920097,NA,NA,NA
497123,"Colt McCoy","WAS","QB",30,6,9,0.14,0.088,0.152,0.0565685424949238,43,0.018,4,0.064,NA,NA,NA,3.42434334310644,NA,NA,NA
2495467,"Taiwan Jones","OAK","RB",28,5,10,0.13,0.013,0.117,0.0919238815542512,92,0.025,13,0.104,NA,NA,NA,2.77016207294238,NA,NA,NA
2541828,"Frankie Hammond","FA","WR",NA,NA,NA,0.13,0.013,0.117,0.0919238815542512,127,0.09,16,0.104,NA,NA,NA,2.82384795758215,NA,NA,NA
2504833,"Shaun Hill","MIN","QB",NA,NA,6,0.124,0.0878,0.1502,0.0551543289325507,44,0.012,4,0.0624,NA,NA,NA,3.42238410038203,NA,NA,NA
252,"Chad Henne","JAC","QB",31,8,5,0.12,0.079,0.151,0.0636396103067893,45,0.022,4,0.072,NA,NA,NA,3.43413955672849,NA,NA,NA
2553318,"James OShaughnessy","KC","TE",NA,NA,5,0.12,0.012,0.108,0.0848528137423857,72,0.0775,10,0.096,NA,NA,NA,3.20628336198436,NA,NA,NA
2508101,"James Develin","NE","RB",28,6,9,0.11,0.011,0.099,0.0777817459305202,93,0.015,13,0.088,NA,NA,NA,2.74090018018022,NA,NA,NA
2506895,"Kellen Clemens","SD","QB",33,10,11,0.104,0.0272,0.1808,0.135764501987817,46,0.022,4,0.1536,NA,NA,NA,3.53406093567339,NA,NA,NA
2553743,"Rod Smith","DAL","RB",NA,NA,7,0.1,0.1,0.1,NA,94,0.025,13,0,NA,NA,NA,NA,NA,NA,NA
81284,"Chase Daniel","PHI","QB",30,7,4,0.092,0.0376,0.1464,0.0961665222413705,47,0.056,4,0.1088,NA,NA,NA,3.47920213938992,NA,NA,NA
2553650,"Corey Grant","JAC","RB",NA,NA,5,0.09,0.00900000000000001,0.081,0.0636396103067893,95,0.06,13,0.072,NA,NA,NA,2.71163828741806,NA,NA,NA
2539645,"Brandon Williams","SEA","TE",29,4,5,0.085,0.073,0.097,0.0212132034355964,73,0.085,10,0.024,NA,47.5,3.5,3.93210571701871,NA,NA,NA
2507029,"Eric Weems","ATL","WR",31,9,11,0.08,0.064,0.096,0.0282842712474619,128,0.08,16,0.032,NA,NA,NA,2.72074186029407,NA,0,NA
2506481,"Dan Orlovsky","DET","QB",33,11,10,0.072,0.0336,0.1104,0.0678822509939086,48,0.072,4,0.0768,NA,NA,NA,3.44001728490172,NA,NA,NA
2552636,"Michael Burton","DET","RB",24,1,10,0.06,0.00600000000000001,0.054,0.0424264068711929,96,0.06,13,0.048,NA,NA,NA,2.66774544827482,NA,NA,NA
184,"Donnie Avery","FA","WR",32,8,NA,0,0,0,NA,129,0,16,0,NA,NA,NA,NA,NA,NA,NA
206,"Andre Caldwell","DET","WR",31,8,10,0,0,0,0,129,0,16,0,NA,NA,NA,2.67491692816604,NA,NA,NA
216,"Fred Davis","FA","TE",30,8,NA,0,0,0,NA,74,0,10,0,NA,NA,NA,NA,NA,NA,NA
222,"Harry Douglas","TEN","WR",32,8,13,0,0,0,0,129,0,16,0,NA,NA,NA,2.67491692816604,NA,NA,NA
262,"Chris Johnson","ARI","RB",31,8,9,0,0,0,NA,97,0,13,0,NA,NA,NA,NA,NA,NA,NA
284,"Darren McFadden","DAL","RB",29,8,7,0,0,0,NA,97,0,13,0,NA,NA,NA,NA,NA,NA,NA
367,"Matt Flynn","NO","QB",31,8,5,0,0,0,NA,49,0,5,0,NA,NA,NA,NA,NA,NA,NA
768,"Steve Johnson","SD","WR",30,8,11,0,0,0,NA,129,0,16,0,NA,NA,NA,NA,NA,NA,NA
925,"Jamaal Charles","KC","RB",30,8,5,0,0,0,NA,97,0,13,0,NA,NA,NA,NA,NA,NA,NA
941,"Ray Rice","FA","RB",29,8,NA,0,0,0,NA,97,0,13,0,NA,NA,NA,NA,NA,NA,NA
1030,"Mario Manningham","FA","WR",30,8,NA,0,0,0,NA,129,0,16,0,NA,NA,NA,NA,NA,NA,NA
1966,"John Carlson","FA","TE",32,8,NA,0,0,0,NA,74,0,10,0,NA,NA,NA,NA,NA,NA,NA
4231,"Jed Collins","FA","RB",30,8,NA,0,0,0,NA,97,0,13,0,NA,NA,NA,NA,NA,NA,NA
4381,"Garrett Hartley","FA","K",30,8,NA,0,0,0,NA,27,0,5,0,NA,NA,NA,NA,NA,NA,NA
4433,"Marcel Reece","FA","RB",31,8,NA,0,0,0,0,97,0,13,0,NA,NA,NA,2.57995976998834,NA,NA,NA
4487,"Matthew Slater","NE","WR",31,8,9,0,0,0,0,129,0,16,0,NA,NA,NA,2.67491692816604,NA,0,NA
71247,"James Casey","FA","TE",32,7,NA,0,0,0,NA,74,0,10,0,NA,NA,NA,NA,NA,NA,NA
71265,"Jared Cook","GB","TE",29,7,4,0,0,0,NA,74,0,10,0,NA,NA,NA,NA,NA,NA,NA
71431,"Brandon Pettigrew","DET","TE",31,7,10,0,0,0,NA,74,0,10,0,NA,NA,NA,NA,NA,NA,NA
79557,"Josh Freeman","FA","QB",28,7,NA,0,0,0,NA,49,0,5,0,NA,NA,NA,NA,NA,NA,NA
79563,"Shonn Greene","FA","RB",31,7,NA,0,0,0,NA,97,0,13,0,NA,NA,NA,NA,NA,NA,NA
79607,"LeSean McCoy","BUF","RB",28,7,10,0,0,0,NA,97,0,13,0,NA,NA,NA,NA,NA,NA,NA
79619,"Knowshon Moreno","FA","RB",29,7,NA,0,0,0,NA,97,0,13,0,NA,NA,NA,NA,NA,NA,NA
79625,"Bear Pascoe","NE","TE",30,7,9,0,0,0,NA,74,0,10,0,NA,NA,NA,NA,NA,NA,NA
79629,"Cedric Peerman","CIN","RB",30,7,9,0,0,0,NA,97,0,13,0,NA,NA,NA,NA,NA,NA,NA
80674,"Chris Ogbonnaya","FA","RB",30,7,NA,0,0,0,NA,97,0,13,0,NA,NA,NA,NA,NA,NA,NA
81288,"Brandon Gibson","NE","WR",29,7,9,0,0,0,NA,129,0,16,0,NA,NA,NA,NA,NA,NA,NA
81294,"Brian Hoyer","CHI","QB",31,7,9,0,0,0,NA,49,0,5,0,NA,NA,NA,NA,NA,NA,NA
81831,"Brian Hartline","FA","WR",30,7,NA,0,0,0,NA,129,0,16,0,NA,NA,NA,NA,NA,NA,NA
496812,"Erik Lorig","FA","RB",30,6,NA,0,0,0,NA,97,0,13,0,NA,NA,NA,NA,NA,NA,NA
497108,"Jimmy Clausen","FA","QB",28,6,NA,0,0,0,NA,49,0,5,0,NA,NA,NA,NA,NA,NA,NA
497145,"Joique Bell","CHI","RB",30,6,9,0,0,0,NA,97,0,13,0,NA,NA,NA,NA,NA,NA,NA
497172,"Anthony Dixon","FA","RB",29,6,NA,0,0,0,NA,97,0,13,0,NA,NA,NA,NA,NA,NA,NA
497174,"Jonathan Dwyer","FA","RB",27,6,NA,0,0,0,NA,97,0,13,0,NA,NA,NA,NA,NA,NA,NA
497176,"Toby Gerhart","FA","RB",29,6,NA,0,0,0,NA,97,0,13,0,NA,NA,NA,NA,NA,NA,NA
497204,"C.J. Spiller","SEA","RB",29,6,5,0,0,0,NA,97,0,13,0,NA,NA,NA,NA,NA,NA,NA
497218,"Trindon Holliday","FA","WR",30,6,NA,0,0,0,NA,129,0,16,0,NA,NA,NA,NA,NA,NA,NA
497226,"Jim Dray","FA","TE",30,6,NA,0,0,0,0,74,0,10,0,NA,NA,NA,3.03133342781973,NA,NA,NA
497234,"Garrett Graham","DEN","TE",30,6,11,0,0,0,NA,74,0,10,0,NA,NA,NA,NA,NA,NA,NA
497246,"Michael Hoomanawanui","NO","TE",28,6,5,0,0,0,NA,74,0,10,0,NA,NA,NA,NA,NA,NA,NA
497250,"Anthony McCoy","FA","TE",29,6,NA,0,0,0,NA,74,0,10,0,NA,NA,NA,NA,NA,NA,NA
497256,"Tony Moeaki","FA","TE",29,6,NA,0,0,0,0,74,0,10,0,NA,NA,NA,3.03133342781973,NA,NA,NA
497260,"Seyi Ajirotutu","PHI","WR",29,6,4,0,0,0,NA,129,0,16,0,NA,NA,NA,NA,NA,NA,NA
497282,"Riley Cooper","FA","WR",29,6,NA,0,0,0,0,129,0,16,0,NA,NA,NA,2.67491692816604,NA,NA,NA
497284,"Eric Decker","NYJ","WR",29,6,11,0,0,0,NA,129,0,16,0,NA,NA,NA,NA,NA,NA,NA
497286,"Marcus Easley","BUF","WR",29,6,10,0,0,0,NA,129,0,16,0,NA,NA,NA,NA,NA,NA,NA
497288,"Jacoby Ford","FA","WR",29,6,NA,0,0,0,NA,129,0,16,0,NA,NA,NA,NA,NA,NA,NA
1037347,"Joe Webb","CAR","QB",30,6,7,0,0,0,NA,49,0,5,0,NA,NA,NA,NA,NA,NA,NA
1037366,"Michael Palmer","FA","TE",28,6,NA,0,0,0,NA,74,0,10,0,NA,NA,NA,NA,NA,NA,NA
1037847,"Deji Karim","FA","RB",30,6,NA,0,0,0,NA,97,0,13,0,NA,NA,NA,NA,NA,NA,NA
2495150,"Kai Forbath","FA","K",29,5,NA,0,0,0,0,27,0,6,0,NA,NA,NA,1.75148555815852,NA,NA,NA
2495158,"Leonard Hankerson","FA","WR",28,5,NA,0,0,0,NA,129,0,16,0,NA,NA,NA,NA,NA,NA,NA
2495161,"Roy Helu","FA","RB",28,5,NA,0,0,0,NA,97,0,13,0,NA,NA,NA,NA,NA,NA,NA
2495162,"Alex Henery","FA","K",29,5,NA,0,0,0,NA,27,0,5,0,NA,NA,NA,NA,NA,NA,NA
2495172,"Kendall Hunter","NO","RB",28,5,5,0,0,0,NA,97,0,13,0,NA,NA,NA,NA,NA,NA,NA
2495179,"Jerrel Jernigan","FA","WR",27,5,NA,0,0,0,NA,129,0,16,0,NA,NA,NA,NA,NA,NA,NA
2495181,"Jerrod Johnson","DAL","QB",28,5,7,0,0,0,NA,49,0,5,0,NA,NA,NA,NA,NA,NA,NA
2495192,"Greg Little","FA","WR",27,5,NA,0,0,0,NA,129,0,16,0,NA,NA,NA,NA,NA,NA,NA
2495306,"Ricardo Lockette","FA","WR",30,5,NA,0,0,0,NA,129,0,16,0,NA,NA,NA,NA,NA,NA,NA
2495314,"Bruce Miller","FA","RB",29,5,NA,0,0,0,NA,97,0,13,0,NA,NA,NA,NA,NA,NA,NA
2495449,"Tandon Doss","FA","WR",27,5,NA,0,0,0,NA,129,0,16,0,NA,NA,NA,NA,NA,NA,NA
2495469,"Dion Lewis","NE","RB",26,5,9,0,0,0,NA,97,0,13,0,NA,NA,NA,NA,NA,NA,NA
2495558,"Dwayne Bowe","FA","WR",32,9,NA,0,0,0,0,129,0,16,0,NA,NA,NA,2.67491692816604,NA,NA,NA
2495560,"Ahmad Bradshaw","FA","RB",30,9,NA,0,0,0,NA,97,0,13,0,NA,NA,NA,NA,NA,NA,NA
2495573,"Scott Chandler","FA","TE",31,9,NA,0,0,0,NA,74,0,10,0,NA,NA,NA,NA,NA,NA,NA
2495651,"Jacoby Jones","FA","WR",32,9,NA,0,0,0,NA,129,0,16,0,NA,NA,NA,NA,NA,NA,NA
2495660,"Brian Leonard","FA","RB",32,9,NA,0,0,0,NA,97,0,13,0,NA,NA,NA,NA,NA,NA,NA
2495663,"Marshawn Lynch","FA","RB",30,9,NA,0,0,0,NA,97,0,13,0,NA,NA,NA,NA,NA,NA,NA
2495801,"Miles Austin","FA","WR",32,10,NA,0,0,0,NA,129,0,16,0,NA,NA,NA,NA,NA,NA,NA
2495802,"Jason Avant","KC","WR",33,10,5,0,0,0,NA,129,0,16,0,NA,NA,NA,NA,NA,NA,NA
2495821,"Marques Colston","FA","WR",33,10,NA,0,0,0,NA,129,0,16,0,NA,NA,NA,NA,NA,NA,NA
2495825,"Owen Daniels","FA","TE",34,10,NA,0,0,0,NA,74,0,10,0,NA,NA,NA,NA,NA,NA,NA
2495843,"Derek Hagan","FA","WR",32,10,NA,0,0,0,NA,129,0,16,0,NA,NA,NA,NA,NA,NA,NA
2495863,"Tarvaris Jackson","FA","QB",33,10,NA,0,0,0,NA,49,0,5,0,NA,NA,NA,NA,NA,NA,NA
2495867,"Greg Jennings","FA","WR",33,10,NA,0,0,0,NA,129,0,16,0,NA,NA,NA,NA,NA,NA,NA
2495974,"Charlie Whitehurst","FA","QB",34,10,NA,0,0,0,NA,49,0,5,0,NA,NA,NA,NA,NA,NA,NA
2499248,"Kris Durham","FA","WR",28,5,NA,0,0,0,NA,129,0,16,0,NA,NA,NA,NA,NA,NA,NA
2499277,"David Ausberry","FA","TE",29,5,NA,0,0,0,NA,74,0,10,0,NA,NA,NA,NA,NA,NA,NA
2504162,"Shayne Graham","FA","K",NA,NA,NA,0,0,0,0,27,0,5,0,NA,NA,NA,1.75148555815852,NA,NA,NA
2504941,"Billy Cundiff","FA","K",36,14,NA,0,0,0,NA,27,0,5,0,NA,NA,NA,NA,NA,NA,NA
2505354,"Tony Romo","DAL","QB",36,13,7,0,0,0,NA,49,0,5,0,NA,NA,NA,NA,NA,NA,NA
2505936,"Steven Jackson","NE","RB",33,12,9,0,0,0,NA,97,0,13,0,NA,NA,NA,NA,NA,NA,NA
2506004,"Jerricho Cotchery","FA","WR",34,12,NA,0,0,0,NA,129,0,16,0,NA,NA,NA,NA,NA,NA,NA
2506063,"Josh Scobee","FA","K",34,12,NA,0,0,0,NA,27,0,5,0,NA,NA,NA,NA,NA,NA,NA
2506149,"Shaun Suisham","FA","K",NA,NA,NA,0,0,0,NA,27,0,5,0,NA,NA,NA,NA,NA,NA,NA
2506222,"Josh Cribbs","FA","WR",33,11,NA,0,0,0,NA,129,0,16,0,NA,NA,NA,NA,NA,NA,NA
2506264,"Robbie Gould","FA","K",34,11,NA,0,0,0,NA,27,0,5,0,NA,NA,NA,NA,NA,NA,NA
2506341,"Ronnie Brown","FA","RB",35,11,NA,0,0,0,NA,97,0,13,0,NA,NA,NA,NA,NA,NA,NA
2506400,"Vincent Jackson","TB","WR",33,11,6,0,0,0,NA,129,0,16,0,NA,NA,NA,NA,NA,NA,NA
2506871,"Fred Jackson","FA","RB",35,10,NA,0,0,0,NA,97,0,13,0,NA,NA,NA,NA,NA,NA,NA
2506885,"Santonio Holmes","FA","WR",32,10,NA,0,0,0,NA,129,0,16,0,NA,NA,NA,NA,NA,NA,NA
2507164,"Adrian Peterson","MIN","RB",31,9,6,0,0,0,NA,97,0,13,0,NA,NA,NA,NA,NA,NA,NA
2507170,"Zach Miller","FA","TE",31,9,NA,0,0,0,NA,74,0,10,0,NA,NA,NA,NA,NA,NA,NA
2507183,"James Jones","FA","WR",32,9,NA,0,0,0,0,129,0,16,0,NA,NA,NA,2.67491692816604,NA,NA,NA
2507237,"Jordan Palmer","FA","QB",32,9,NA,0,0,0,NA,49,0,5,0,NA,NA,NA,NA,NA,NA,NA
2507278,"Jackie Battle","FA","RB",33,9,NA,0,0,0,NA,97,0,13,0,NA,NA,NA,NA,NA,NA,NA
2507405,"Matthew Mulligan","FA","TE",31,8,NA,0,0,0,NA,74,0,10,0,NA,NA,NA,NA,NA,NA,NA
2507779,"Donald Brown","FA","RB",29,7,NA,0,0,0,NA,97,0,13,0,NA,NA,NA,NA,NA,NA,NA
2507883,"Jeff Cumberland","SD","TE",29,6,11,0,0,0,NA,74,0,10,0,NA,NA,NA,NA,NA,NA,NA
2508051,"John Conner","FA","RB",29,6,NA,0,0,0,NA,97,0,13,0,NA,NA,NA,NA,NA,NA,NA
2508096,"Tyler Clutts","FA","RB",32,6,NA,0,0,0,NA,97,0,13,0,NA,NA,NA,NA,NA,NA,NA
2508112,"Rob Housler","FA","TE",28,5,NA,0,0,0,0,74,0,10,0,NA,NA,NA,3.03133342781973,NA,NA,NA
2508115,"Vincent Brown","FA","WR",27,5,NA,0,0,0,0,129,0,16,0,NA,NA,NA,2.67491692816604,NA,NA,NA
2530516,"Robert Hughes","FA","RB",27,5,NA,0,0,0,NA,97,0,13,0,NA,NA,NA,NA,NA,NA,NA
2530575,"Drew Davis","FA","WR",27,4,NA,0,0,0,NA,129,0,16,0,NA,NA,NA,NA,NA,NA,NA
2530598,"Jeremy Ross","FA","WR",28,5,NA,0,0,0,NA,129,0,16,0,NA,NA,NA,NA,NA,NA,NA
2530690,"DuJuan Harris","FA","RB",28,5,NA,0,0,0,NA,97,0,13,0,NA,NA,NA,NA,NA,NA,NA
2530699,"Henry Hynoski","FA","RB",28,5,NA,0,0,0,NA,97,0,13,0,NA,NA,NA,NA,NA,NA,NA
2530713,"Jeff Maehl","FA","WR",27,5,NA,0,0,0,NA,129,0,16,0,NA,NA,NA,NA,NA,NA,NA
2532799,"Jarrett Boykin","FA","WR",27,4,NA,0,0,0,NA,129,0,16,0,NA,NA,NA,NA,NA,NA,NA
2532802,"LaVon Brazill","FA","WR",27,4,NA,0,0,0,NA,129,0,16,0,NA,NA,NA,NA,NA,NA,NA
2532807,"Ryan Broyles","FA","WR",28,4,NA,0,0,0,NA,129,0,16,0,NA,NA,NA,NA,NA,NA,NA
2532823,"Juron Criner","FA","WR",27,4,NA,0,0,0,NA,129,0,16,0,NA,NA,NA,NA,NA,NA,NA
2532850,"T.J. Graham","FA","WR",27,4,NA,0,0,0,NA,129,0,16,0,NA,NA,NA,NA,NA,NA,NA
2532851,"Cyrus Gray","ATL","RB",27,4,11,0,0,0,NA,97,0,13,0,NA,NA,NA,NA,NA,NA,NA
2532862,"Junior Hemingway","FA","WR",28,4,NA,0,0,0,NA,129,0,16,0,NA,NA,NA,NA,NA,NA,NA
2532864,"Dan Herron","FA","RB",27,4,NA,0,0,0,0,97,0,13,0,NA,NA,NA,2.57995976998834,NA,NA,NA
2532876,"A.J. Jenkins","FA","WR",26,4,NA,0,0,0,NA,129,0,16,0,NA,NA,NA,NA,NA,NA,NA
2532894,"Ryan Lindley","FA","QB",27,4,NA,0,0,0,NA,49,0,5,0,NA,NA,NA,NA,NA,NA,NA
2532899,"Doug Martin","TB","RB",27,4,6,0,0,0,NA,97,0,13,0,NA,NA,NA,NA,NA,NA,NA
2532917,"Kellen Moore","DAL","QB",27,4,7,0,0,0,NA,49,0,5,0,NA,NA,NA,NA,NA,NA,NA
2532926,"Isaiah Pead","FA","RB",27,4,NA,0,0,0,NA,97,0,13,0,NA,NA,NA,NA,NA,NA,NA
2532970,"Brandon Weeden","HOU","QB",33,4,9,0,0,0,NA,49,0,5,0,NA,NA,NA,NA,NA,NA,NA
2533012,"Vick Ballard","FA","RB",26,4,NA,0,0,0,NA,97,0,13,0,NA,NA,NA,NA,NA,NA,NA
2533028,"James Hanna","DAL","TE",27,4,7,0,0,0,NA,74,0,10,0,NA,NA,NA,NA,NA,NA,NA
2533030,"Jonas Gray","FA","RB",26,4,NA,0,0,0,NA,97,0,13,0,NA,NA,NA,NA,NA,NA,NA
2533032,"Trent Richardson","FA","RB",25,4,NA,0,0,0,NA,97,0,13,0,NA,NA,NA,NA,NA,NA,NA
2533033,"Robert Griffin","CLE","QB",26,4,13,0,0,0,NA,49,0,5,0,NA,NA,NA,NA,NA,NA,NA
2533036,"LaMichael James","FA","RB",27,4,NA,0,0,0,NA,97,0,13,0,NA,NA,NA,NA,NA,NA,NA
2533037,"Chris Polk","HOU","RB",27,4,9,0,0,0,NA,97,0,13,0,NA,NA,NA,NA,NA,NA,NA
2533038,"Justin Blackmon","JAC","WR",26,4,5,0,0,0,NA,129,0,16,0,NA,NA,NA,NA,NA,NA,NA
2533046,"Dwayne Allen","IND","TE",26,4,10,0,0,0,NA,74,0,10,0,NA,NA,NA,NA,NA,NA,NA
2533047,"Orson Charles","DET","TE",25,4,10,0,0,0,0,74,0,10,0,NA,NA,NA,3.03133342781973,NA,NA,NA
2533349,"Austin Davis","DEN","QB",27,4,11,0,0,0,0,49,0,5,0,NA,NA,NA,3.34597363413004,NA,NA,NA
2533444,"Randy Bullock","FA","K",27,4,NA,0,0,0,NA,27,0,5,0,NA,NA,NA,NA,NA,NA,NA
2533533,"Rueben Randle","FA","WR",25,4,NA,0,0,0,NA,129,0,16,0,NA,NA,NA,NA,NA,NA,NA
2533537,"Stephen Hill","FA","WR",25,4,NA,0,0,0,NA,129,0,16,0,NA,NA,NA,NA,NA,NA,NA
2533540,"Edwin Baker","FA","RB",25,4,NA,0,0,0,NA,97,0,13,0,NA,NA,NA,NA,NA,NA,NA
2533545,"Bernard Pierce","FA","RB",25,4,NA,0,0,0,NA,97,0,13,0,NA,NA,NA,NA,NA,NA,NA
2534241,"Derek Carrier","WAS","TE",26,4,9,0,0,0,NA,74,0,10,0,NA,NA,NA,NA,NA,NA,NA
2534244,"Chase Ford","FA","TE",26,4,NA,0,0,0,NA,74,0,10,0,NA,NA,NA,NA,NA,NA,NA
2534437,"Austin Johnson","FA","RB",27,3,NA,0,0,0,0,97,0,13,0,NA,NA,NA,2.57995976998834,NA,NA,NA
2534789,"Daryl Richardson","FA","RB",26,4,NA,0,0,0,NA,97,0,13,0,NA,NA,NA,NA,NA,NA,NA
2534796,"Bryce Brown","FA","RB",25,4,NA,0,0,0,NA,97,0,13,0,NA,NA,NA,NA,NA,NA,NA
2534870,"Alex Tanney","FA","QB",29,4,NA,0,0,0,NA,49,0,5,0,NA,NA,NA,NA,NA,NA,NA
2534871,"Derrick Coleman","FA","RB",26,4,NA,0,0,0,NA,97,0,13,0,NA,NA,NA,NA,NA,NA,NA
2534889,"Matt Simms","FA","QB",28,4,NA,0,0,0,NA,49,0,5,0,NA,NA,NA,NA,NA,NA,NA
2535634,"Chris Givens","FA","WR",27,4,NA,0,0,0,0,129,0,16,0,NA,NA,NA,2.67491692816604,NA,NA,NA
2535696,"Joe Banyard","JAC","RB",28,4,5,0,0,0,0,97,0,13,0,NA,NA,NA,2.57995976998834,NA,NA,NA
2535882,"Mike Brown","FA","WR",27,4,NA,0,0,0,NA,129,0,16,0,NA,NA,NA,NA,NA,NA,NA
2536031,"Damaris Johnson","FA","WR",27,4,NA,0,0,0,NA,129,0,16,0,NA,NA,NA,NA,NA,NA,NA
2536071,"Cooper Helfet","FA","TE",27,5,NA,0,0,0,NA,74,0,10,0,NA,NA,NA,NA,NA,NA,NA
2536532,"Jorvorskie Lane","FA","RB",29,4,NA,0,0,0,NA,97,0,13,0,NA,NA,NA,NA,NA,NA,NA
2537931,"Josh Gordon","CLE","WR",25,4,13,0,0,0,NA,129,0,16,0,NA,NA,NA,NA,NA,NA,NA
2539202,"Chris Gragg","BUF","TE",26,3,10,0,0,0,NA,74,0,10,0,NA,NA,NA,NA,NA,NA,NA
2539214,"Kenbrell Thompkins","FA","WR",28,3,NA,0,0,0,NA,129,0,16,0,NA,NA,NA,NA,NA,NA,NA
2539246,"Chris Harper","FA","WR",27,3,NA,0,0,0,NA,129,0,16,0,NA,NA,NA,NA,NA,NA,NA
2539256,"Aaron Dobson","FA","WR",25,3,NA,0,0,0,0,129,0,16,0,NA,NA,NA,2.67491692816604,NA,NA,NA
2539258,"Zac Dysert","FA","QB",26,3,NA,0,0,0,NA,49,0,5,0,NA,NA,NA,NA,NA,NA,NA
2539327,"Joseph Fauria","FA","TE",26,3,NA,0,0,0,NA,74,0,10,0,NA,NA,NA,NA,NA,NA,NA
2539341,"Montee Ball","FA","RB",26,3,NA,0,0,0,NA,97,0,13,0,NA,NA,NA,NA,NA,NA,NA
2539674,"Rodney Smith","FA","WR",26,3,NA,0,0,0,NA,129,0,16,0,NA,NA,NA,NA,NA,NA,NA
2539964,"Marquise Goodwin","BUF","WR",26,3,10,0,0,0,NA,129,0,16,0,NA,NA,NA,NA,NA,NA,NA
2539980,"Kerwynn Williams","ARI","RB",25,3,9,0,0,0,NA,97,0,13,0,NA,NA,NA,NA,NA,NA,NA
2540005,"Marlon Brown","FA","WR",25,3,NA,0,0,0,0,129,0,16,0,NA,NA,NA,2.67491692816604,NA,NA,NA
2540154,"Keenan Allen","SD","WR",24,3,11,0,0,0,NA,129,0,16,0,NA,NA,NA,NA,NA,NA,NA
2540168,"Eddie Lacy","GB","RB",25,3,4,0,0,0,NA,97,0,13,0,NA,NA,NA,NA,NA,NA,NA
2540171,"Joseph Randle","FA","RB",25,3,NA,0,0,0,NA,97,0,13,0,NA,NA,NA,NA,NA,NA,NA
2540173,"Tyler Bray","KC","QB",25,3,5,0,0,0,NA,49,0,5,0,NA,NA,NA,NA,NA,NA,NA
2540181,"Josh Boyce","FA","WR",25,3,NA,0,0,0,NA,129,0,16,0,NA,NA,NA,NA,NA,NA,NA
2540224,"Mike James","FA","RB",25,3,NA,0,0,0,NA,97,0,13,0,NA,NA,NA,NA,NA,NA,NA
2540225,"Tommy Bohanon","FA","RB",26,3,NA,0,0,0,0,97,0,13,0,NA,NA,NA,2.57995976998834,NA,NA,NA
2540233,"Nick Kasa","FA","TE",26,3,NA,0,0,0,NA,74,0,10,0,NA,NA,NA,NA,NA,NA,NA
2540257,"Justice Cunningham","FA","TE",25,3,NA,0,0,0,NA,74,0,10,0,NA,NA,NA,NA,NA,NA,NA
2540261,"Corey Fuller","DET","WR",26,3,10,0,0,0,NA,129,0,16,0,NA,NA,NA,NA,NA,NA,NA
2540263,"Sean Renfree","FA","QB",26,3,NA,0,0,0,NA,49,0,5,0,NA,NA,NA,NA,NA,NA,NA
2540269,"C.J. Anderson","DEN","RB",25,3,11,0,0,0,NA,97,0,13,0,NA,NA,NA,NA,NA,NA,NA
2540279,"Nick Williams","FA","WR",26,3,NA,0,0,0,NA,129,0,16,0,NA,NA,NA,NA,NA,NA,NA
2540928,"Darren Fells","ARI","TE",30,4,9,0,0,0,NA,74,0,10,0,NA,NA,NA,NA,NA,NA,NA
2541185,"Ryan Griffin","TB","QB",27,3,6,0,0,0,NA,49,0,5,0,NA,NA,NA,NA,NA,NA,NA
2541314,"Justin Brown","FA","WR",25,3,NA,0,0,0,NA,129,0,16,0,NA,NA,NA,NA,NA,NA,NA
2541390,"Kevin Dorsey","NE","WR",26,3,9,0,0,0,NA,129,0,16,0,NA,NA,NA,NA,NA,NA,NA
2541429,"B.J. Daniels","FA","QB",27,3,NA,0,0,0,NA,49,0,5,0,NA,NA,NA,NA,NA,NA,NA
2541432,"Michael Cox","FA","RB",27,3,NA,0,0,0,NA,97,0,13,0,NA,NA,NA,NA,NA,NA,NA
2541512,"Brian Leonhardt","OAK","TE",26,3,10,0,0,0,NA,74,0,10,0,NA,NA,NA,NA,NA,NA,NA
2541778,"Kendall Gaskins","FA","RB",26,3,NA,0,0,0,NA,97,0,13,0,NA,NA,NA,NA,NA,NA,NA
2541910,"George Winn","FA","RB",26,3,NA,0,0,0,NA,97,0,13,0,NA,NA,NA,NA,NA,NA,NA
2541966,"Jaron Brown","ARI","WR",26,3,9,0,0,0,NA,129,0,16,0,NA,NA,NA,NA,NA,NA,NA
2542022,"Khiry Robinson","FA","RB",27,3,NA,0,0,0,NA,97,0,13,0,NA,NA,NA,NA,NA,NA,NA
2542060,"Jordan Gay","BUF","K",NA,NA,10,0,0,0,NA,27,0,5,0,NA,NA,NA,NA,NA,NA,NA
2543462,"Johnny Manziel","FA","QB",24,2,NA,0,0,0,NA,49,0,5,0,NA,NA,NA,NA,NA,NA,NA
2543465,"Teddy Bridgewater","MIN","QB",24,2,6,0,0,0,NA,49,0,5,0,NA,NA,NA,NA,NA,NA,NA
2543481,"Jace Amaro","TEN","TE",24,2,13,0,0,0,0,74,0,10,0,NA,NA,NA,3.03133342781973,NA,NA,NA
2543533,"Patrick Murray","CLE","K",25,2,13,0,0,0,NA,27,0,5,0,NA,NA,NA,NA,NA,NA,NA
2543565,"Andre Williams","FA","RB",24,2,NA,0,0,0,NA,97,0,13,0,NA,NA,NA,NA,NA,NA,NA
2543570,"Storm Johnson","FA","RB",24,2,NA,0,0,0,NA,97,0,13,0,NA,NA,NA,NA,NA,NA,NA
2543587,"Aaron Murray","FA","QB",26,2,NA,0,0,0,0,49,0,5,0,NA,NA,NA,3.34597363413004,NA,NA,NA
2543596,"Dri Archer","BUF","RB",25,2,10,0,0,0,0,97,0,13,0,NA,NA,NA,2.57995976998834,NA,NA,NA
2543628,"Troy Niklas","ARI","TE",24,2,9,0,0,0,NA,74,0,10,0,NA,NA,NA,NA,NA,NA,NA
2543655,"Tyler Gaffney","FA","RB",25,2,NA,0,0,0,NA,97,0,13,0,NA,NA,NA,NA,NA,NA,NA
2543682,"Bishop Sankey","FA","RB",24,2,NA,0,0,0,NA,97,0,13,0,NA,NA,NA,NA,NA,NA,NA
2543690,"Marion Grice","FA","RB",24,2,NA,0,0,0,NA,97,0,13,0,NA,NA,NA,NA,NA,NA,NA
2543715,"Jerick McKinnon","MIN","RB",24,2,6,0,0,0,NA,97,0,13,0,NA,NA,NA,NA,NA,NA,NA
2543751,"David Fales","FA","QB",26,2,NA,0,0,0,0,49,0,5,0,NA,NA,NA,3.34597363413004,NA,NA,NA
2543774,"Jared Abbrederis","GB","WR",26,2,4,0,0,0,NA,129,0,16,0,NA,NA,NA,NA,NA,NA,NA
2543777,"Robert Herron","FA","WR",24,2,NA,0,0,0,NA,129,0,16,0,NA,NA,NA,NA,NA,NA,NA
2543781,"Zach Hocker","FA","K",25,2,NA,0,0,0,NA,27,0,5,0,NA,NA,NA,NA,NA,NA,NA
2543784,"Keith Wenning","FA","QB",25,2,NA,0,0,0,NA,49,0,5,0,NA,NA,NA,NA,NA,NA,NA
2543792,"Matt Hazel","FA","WR",24,2,NA,0,0,0,NA,129,0,16,0,NA,NA,NA,NA,NA,NA,NA
2543836,"T.J. Jones","FA","WR",24,2,NA,0,0,0,0,129,0,16,0,NA,NA,NA,2.67491692816604,NA,NA,NA
2550158,"Nate Freese","FA","K",26,2,NA,0,0,0,NA,27,0,5,0,NA,NA,NA,NA,NA,NA,NA
2550163,"Michael Campanaro","FA","WR",25,2,NA,0,0,0,NA,129,0,16,0,NA,NA,NA,NA,NA,NA,NA
2550182,"Isaiah Burse","SD","WR",25,2,11,0,0,0,NA,129,0,16,0,NA,NA,NA,NA,NA,NA,NA
2550183,"Jeremy Butler","NYJ","WR",25,2,11,0,0,0,0,129,0,16,0,NA,NA,NA,2.67491692816604,NA,NA,NA
2550216,"Jonathan Krause","FA","WR",NA,NA,NA,0,0,0,0,129,0,16,0,NA,NA,NA,2.67491692816604,NA,NA,NA
2550223,"Freddie Martino","ATL","WR",25,2,11,0,0,0,NA,129,0,16,0,NA,NA,NA,NA,NA,NA,NA
2550233,"Rajion Neal","CLE","RB",24,2,13,0,0,0,NA,97,0,13,0,NA,NA,NA,NA,NA,NA,NA
2550252,"Connor Shaw","CLE","QB",25,2,13,0,0,0,NA,49,0,5,0,NA,NA,NA,NA,NA,NA,NA
2550263,"Juwan Thompson","FA","RB",24,2,NA,0,0,0,NA,97,0,13,0,NA,NA,NA,NA,NA,6.1,NA
2550310,"Carey Spear","FA","K",24,2,NA,0,0,0,NA,27,0,5,0,NA,NA,NA,NA,NA,NA,NA
2550330,"Kain Colter","FA","WR",24,2,NA,0,0,0,NA,129,0,16,0,NA,NA,NA,NA,NA,NA,NA
2550355,"Nic Jacobs","FA","TE",25,2,NA,0,0,0,0,74,0,10,0,NA,NA,NA,3.03133342781973,NA,NA,NA
2550356,"Marcel Jensen","WAS","TE",26,2,9,0,0,0,0,74,0,10,0,NA,NA,NA,3.03133342781973,NA,NA,NA
2550359,"Seantavius Jones","FA","WR",24,2,NA,0,0,0,NA,129,0,16,0,NA,NA,NA,NA,NA,NA,NA
2550376,"Stephen Morris","FA","QB",24,2,NA,0,0,0,NA,49,0,5,0,NA,NA,NA,NA,NA,NA,NA
2550413,"Corey Washington","FA","WR",25,2,NA,0,0,0,NA,129,0,16,0,NA,NA,NA,NA,NA,NA,NA
2550454,"Asante Cleveland","SD","TE",24,2,11,0,0,0,0,74,0,10,0,NA,NA,NA,3.03133342781973,NA,NA,NA
2550459,"Javontee Herndon","SD","WR",25,2,11,0,0,0,NA,129,0,16,0,NA,NA,NA,NA,NA,NA,NA
2550485,"Gator Hoskins","FA","TE",25,2,NA,0,0,0,NA,74,0,10,0,NA,NA,NA,NA,NA,NA,NA
2550529,"Silas Redd","WAS","RB",24,2,9,0,0,0,NA,97,0,13,0,NA,NA,NA,NA,NA,NA,NA
2550551,"Travis Coons","FA","K",24,2,NA,0,0,0,NA,27,0,5,0,NA,NA,NA,NA,NA,NA,NA
2550596,"Darrin Reaves","FA","RB",23,2,NA,0,0,0,NA,97,0,13,0,NA,NA,NA,NA,NA,NA,NA
2550608,"RaShaun Allen","SEA","TE",26,2,5,0,0,0,0,74,0,10,0,NA,NA,NA,3.03133342781973,NA,NA,NA
2550658,"Branden Oliver","SD","RB",25,2,11,0,0,0,NA,97,0,13,0,NA,NA,NA,NA,NA,NA,NA
2551359,"Jerome Cunningham","FA","TE",25,2,NA,0,0,0,0,74,0,10,0,NA,NA,NA,3.03133342781973,NA,NA,NA
2552371,"Garrett Grayson","FA","QB",25,1,NA,0,0,0,0,49,0,5,0,NA,NA,NA,3.34597363413004,NA,NA,NA
2552374,"Ameer Abdullah","DET","RB",23,1,10,0,0,0,NA,97,0,13,0,NA,NA,NA,NA,NA,NA,NA
2552376,"David Cobb","FA","RB",23,1,NA,0,0,0,0,97,0,13,0,NA,NA,NA,2.57995976998834,NA,NA,NA
2552380,"Karlos Williams","FA","RB",23,1,NA,0,0,0,NA,97,0,13,0,NA,NA,NA,NA,NA,NA,NA
2552411,"Dezmin Lewis","FA","WR",24,1,NA,0,0,0,NA,129,0,16,0,NA,NA,NA,NA,NA,NA,NA
2552421,"Kenny Bell","FA","WR",24,1,NA,0,0,0,0,129,0,16,0,NA,NA,NA,2.67491692816604,NA,NA,NA
2552428,"Tre McBride","FA","WR",24,1,NA,0,0,0,NA,129,0,16,0,NA,NA,NA,NA,NA,NA,NA
2552431,"Vince Mayle","FA","WR",NA,NA,NA,0,0,0,0,129,0,16,0,NA,NA,NA,2.67491692816604,NA,NA,NA
2552453,"Tevin Coleman","ATL","RB",23,1,11,0,0,0,NA,97,0,13,0,NA,NA,NA,NA,NA,NA,NA
2552462,"Gerald Christian","BUF","TE",25,1,10,0,0,0,0,74,0,10,0,NA,NA,NA,3.03133342781973,NA,NA,NA
2552476,"Kenny Hilliard","FA","RB",25,1,NA,0,0,0,NA,97,0,13,0,NA,NA,NA,NA,NA,NA,NA
2552479,"DaRon Brown","KC","WR",25,1,5,0,0,0,NA,129,0,16,0,NA,NA,NA,NA,NA,NA,NA
2552580,"A.J. Derby","NE","TE",25,1,9,0,0,0,0,74,0,10,0,NA,NA,NA,3.03133342781973,NA,NA,NA
2552616,"Duron Carter","FA","WR",25,1,NA,0,0,0,NA,129,0,16,0,NA,NA,NA,NA,NA,NA,NA
2552634,"Joey Iosefa","FA","RB",NA,NA,NA,0,0,0,0,97,0,13,0,NA,NA,NA,2.57995976998834,NA,NA,NA
2552635,"Matt Jones","WAS","RB",24,1,9,0,0,0,NA,97,0,13,0,NA,NA,NA,NA,NA,NA,NA
2552650,"Mario Alford","FA","WR",NA,NA,NA,0,0,0,NA,129,0,16,0,NA,NA,NA,NA,NA,NA,NA
2552654,"Geremy Davis","FA","WR",24,1,NA,0,0,0,NA,129,0,16,0,NA,NA,NA,NA,NA,NA,NA
2553117,"Jarryd Hayne","FA","RB",28,1,NA,0,0,0,NA,97,0,13,0,NA,NA,NA,NA,NA,NA,NA
2553289,"Evan Spencer","FA","WR",NA,NA,NA,0,0,0,NA,129,0,16,0,NA,NA,NA,NA,NA,NA,NA
2553292,"Kennard Backman","FA","TE",23,1,NA,0,0,0,NA,74,0,10,0,NA,NA,NA,NA,NA,NA,NA
2553446,"Malcolm Johnson","CLE","RB",24,1,13,0,0,0,NA,97,0,13,0,NA,NA,NA,NA,NA,NA,NA
2553453,"Andre Debose","FA","WR",NA,NA,NA,0,0,0,NA,129,0,16,0,NA,NA,NA,NA,NA,NA,NA
2553462,"Josh Robinson","FA","RB",24,1,NA,0,0,0,NA,97,0,13,0,NA,NA,NA,NA,NA,NA,NA
2553467,"Quan Bray","IND","WR",NA,NA,10,0,0,0,NA,129,0,16,0,NA,NA,NA,NA,NA,NA,NA
2553497,"Kyle Brindza","FA","K",23,1,NA,0,0,0,NA,27,0,5,0,NA,NA,NA,NA,NA,NA,NA
2553502,"DeAndre Carter","FA","WR",23,1,NA,0,0,0,NA,129,0,16,0,NA,NA,NA,NA,NA,NA,NA
2553511,"John Crockett","GB","RB",24,1,4,0,0,0,NA,97,0,13,0,NA,NA,NA,NA,NA,NA,NA
2553533,"Alonzo Harris","FA","RB",NA,NA,NA,0,0,0,NA,97,0,13,0,NA,NA,NA,NA,NA,NA,NA
2553548,"Jake Kumerow","FA","WR",NA,NA,NA,0,0,0,NA,129,0,16,0,NA,NA,NA,NA,NA,NA,NA
2553600,"Jameill Showers","DAL","QB",NA,NA,7,0,0,0,NA,49,0,5,0,NA,NA,NA,NA,NA,NA,NA
2553653,"Josh Harper","OAK","WR",25,1,10,0,0,0,NA,129,0,16,0,NA,NA,NA,NA,NA,NA,NA
2553660,"Akeem Hunt","FA","RB",23,1,NA,0,0,0,0,97,0,13,0,NA,NA,NA,2.57995976998834,NA,NA,NA
2553662,"Gus Johnson","FA","RB",23,1,NA,0,0,0,0,97,0,13,0,NA,NA,NA,2.57995976998834,NA,NA,NA
2553703,"Devante Davis","FA","WR",24,1,NA,0,0,0,NA,129,0,16,0,NA,NA,NA,NA,NA,NA,NA
2553728,"Raheem Mostert","FA","RB",NA,NA,NA,0,0,0,NA,97,0,13,0,NA,NA,NA,NA,NA,NA,NA
2553733,"Thomas Rawls","SEA","RB",23,1,5,0,0,0,NA,97,0,13,0,NA,NA,NA,NA,NA,NA,NA
2553773,"Mitchell Henry","FA","TE",NA,NA,NA,0,0,0,NA,74,0,10,0,NA,NA,NA,NA,NA,NA,NA
2553791,"E.J. Bibbs","FA","TE",25,1,NA,0,0,0,NA,74,0,10,0,NA,NA,NA,NA,NA,NA,NA
2553797,"Michael Dyer","FA","RB",26,1,NA,0,0,0,NA,97,0,13,0,NA,NA,NA,NA,NA,NA,NA
2553867,"Mack Brown","FA","RB",NA,NA,NA,0,0,0,NA,97,0,13,0,NA,NA,NA,NA,NA,NA,NA
2553876,"Donteea Dye","TB","WR",NA,NA,6,0,0,0,NA,129,0,16,0,NA,NA,NA,NA,NA,NA,NA
2553879,"Jahwan Edwards","SD","RB",24,1,11,0,0,0,NA,97,0,13,0,NA,NA,NA,NA,NA,NA,NA
2553896,"Darius Jennings","FA","WR",NA,NA,NA,0,0,0,NA,129,0,16,0,NA,NA,NA,NA,NA,NA,NA
2555261,"Jacoby Brissett","NE","QB",24,0,9,0,0,0,NA,49,0,5,0,NA,NA,NA,NA,NA,NA,NA
2555262,"Jeff Driskel","CIN","QB",23,0,9,0,0,0,0,49,0,5,0,NA,NA,NA,3.34597363413004,NA,NA,NA
2555332,"Connor Cook","OAK","QB",23,0,10,0,0,0,0,49,0,5,0,NA,NA,NA,3.34597363413004,NA,NA,NA
2555333,"Corey Coleman","CLE","WR",22,0,13,0,0,0,NA,129,0,16,0,NA,NA,NA,NA,NA,NA,NA
2555343,"Josh Doctson","WAS","WR",NA,0,9,0,0,0,NA,129,0,16,0,NA,NA,NA,NA,NA,NA,NA
2555350,"Kolby Listenbee","BUF","WR",22,0,10,0,0,0,NA,129,0,16,0,NA,NA,NA,NA,NA,NA,NA
2555387,"Cody Kessler","CLE","QB",23,0,13,0,0,0,NA,49,0,5,0,NA,NA,NA,NA,NA,NA,NA
2555426,"Cardale Jones","BUF","QB",24,0,10,0,0,0,0,49,0.38,5,0,NA,NA,NA,3.34597363413004,NA,NA,NA
2555459,"Keith Marshall","WAS","RB",22,0,9,0,0,0,NA,97,0,13,0,NA,NA,NA,NA,NA,NA,NA
2555471,"Kenny Lawler","FA","WR",22,0,NA,0,0,0,0,129,0,16,0,NA,NA,NA,2.67491692816604,NA,NA,NA
2555483,"Thomas Duarte","FA","TE",21,0,NA,0,0,0,NA,74,0,10,0,NA,NA,NA,NA,NA,NA,NA
2555487,"Beau Sandland","FA","TE",23,0,NA,0,0,0,NA,74,0,10,0,NA,NA,NA,NA,NA,NA,NA
2556144,"Daniel Braverman","FA","WR",23,0,NA,0,0,0,0,129,0,16,0,NA,NA,NA,2.67491692816604,NA,NA,NA
2556212,"Devin Fuller","ATL","WR",22,0,11,0,0,0,NA,129,0,16,0,NA,NA,NA,NA,NA,NA,NA
2556261,"Moritz Boehringer","FA","WR",NA,0,NA,0,0,0,0,129,0,16,0,NA,NA,NA,2.67491692816604,NA,NA,NA
2556375,"Rico Gathers","FA","TE",22,0,NA,0,0,0,0,74,NA,10,0,NA,NA,NA,3.03133342781973,NA,NA,NA
2556379,"Zac Brooks","FA","RB",23,0,NA,0,0,0,NA,97,0,13,0,NA,NA,NA,NA,NA,NA,NA
2556392,"Mekale McKay","FA","WR",23,0,NA,0,0,0,NA,129,0,16,0,NA,NA,NA,NA,NA,NA,NA
2556454,"Brandon Wilds","FA","RB",23,0,NA,0,0,0,NA,97,0,13,0,NA,NA,NA,NA,NA,NA,NA
2556460,"Geronimo Allison","FA","WR",22,0,NA,0,0,0,0,129,0,16,0,NA,NA,NA,2.67491692816604,NA,8.1,NA
2556473,"Jace Billingsley","FA","WR",23,0,NA,0,0,0,0,129,0,16,0,NA,NA,NA,2.67491692816604,NA,NA,NA
2556490,"Devon Cajuste","FA","WR",23,0,NA,0,0,0,NA,129,0,16,0,NA,NA,NA,NA,NA,NA,NA
2556492,"Joe Callahan","NO","QB",23,0,5,0,0,0,0,49,0.971,5,0,NA,NA,NA,3.34597363413004,NA,NA,NA
2556507,"Marshaun Coprich","FA","RB",22,0,NA,0,0,0,NA,97,0,13,0,NA,NA,NA,NA,NA,NA,NA
2556521,"Kaimi Fairbairn","HOU","K",22,0,9,0,0,0,NA,27,0,5,0,NA,NA,NA,NA,NA,NA,NA
2556528,"D.J. Foster","NE","RB",NA,0,9,0,0,0,NA,97,0,13,0,NA,NA,NA,NA,NA,NA,NA
2556528,"D.J. Foster","NE","WR",NA,0,9,0,0,0,NA,129,0,16,0,NA,NA,NA,NA,NA,NA,NA
2556541,"Aaron Green","FA","RB",24,0,NA,0,0,0,NA,97,0,13,0,NA,NA,NA,NA,NA,NA,NA
2556544,"Glenn Gronkowski","FA","RB",23,0,NA,0,0,0,0,97,0,13,0,NA,NA,NA,2.57995976998834,NA,NA,NA
2556547,"Russell Hansbrough","TB","RB",23,0,6,0,0,0,NA,97,0,13,0,NA,NA,NA,NA,NA,NA,NA
2556569,"Andy Jones","FA","WR",NA,0,NA,0,0,0,0,129,0,16,0,NA,NA,NA,2.67491692816604,NA,NA,NA
2556577,"Marshall Koehn","FA","K",24,0,NA,0,0,0,NA,27,NA,5,0,NA,NA,NA,NA,NA,NA,NA
2556603,"Tre Madden","SEA","RB",23,0,5,0,0,0,NA,97,0,13,0,NA,NA,NA,NA,NA,NA,NA
2556785,"Paul Turner","PHI","WR",23,0,4,0,0,0,NA,129,0,16,0,NA,NA,NA,NA,NA,NA,NA
2556851,"Keyarris Garrett","FA","WR",24,0,NA,0,0,0,0,129,NA,16,0,NA,NA,NA,2.67491692816604,NA,NA,NA
2556854,"Devon Johnson","CAR","RB",23,0,7,0,0,0,NA,97,NA,13,0,NA,NA,NA,NA,NA,NA,NA
2555263,"Kevin Hogan","CLE","QB",24,0,13,-0.76,-1.4,-0.12,1.13137084989848,86,0.456,5,1.28,NA,26.3,1,2.79014176608853,NA,0.16,NA
2539275,"Mike Glennon","TB","QB",27,3,6,-1.182,-2.2864,-0.0976000000000002,1.93464415332639,87,0.0830000000000002,5,2.1888,NA,NA,NA,6.02621768112279,NA,NA,NA
79858,"Mark Sanchez","DAL","QB",30,7,7,-1.25,-2.428,-0.0920000000000002,2.06475180106472,88,0.0470000000000002,5,2.336,NA,NA,NA,6.2064680117685,NA,NA,NA
2539308,"Matt Barkley","CHI","QB",26,3,9,-1.28,-2.32,-0.24,1.83847763108502,89,0.034,5,2.08,NA,28,1,3.279952447191,NA,NA,NA
2552369,"Bryce Petty","NYJ","QB",25,1,11,-1.314,-2.3748,-0.2532,1.87524718370672,90,NA,5,2.1216,NA,NA,NA,5.94392948669757,NA,NA,NA
