"playerId","player","team","position","age","exp","bye","points","lower","upper","sdPts","positionRank","dropoff","tier","ptSpread","overallECR","positionECR","sdRank","risk","sleeper","actualPoints","salary"
2506121,"Philip Rivers","SD","QB",35,12,11,24.0366666666667,22.124,27.604,3.46909690457521,1,4.62666666666667,1,5.48,NA,3.5,1.8,6.4328589573634,NA,17.84,NA
2495455,"Cam Newton","CAR","QB",27,5,7,21.05,19.822,22.158,1.48293627644616,2,3.31666666666666,2,2.33599999999999,NA,NA,NA,6.26558219534356,NA,13.6,NA
2543477,"Blake Bortles","JAC","QB",25,2,5,17.77,14.712,21.936,4.64703131041744,3,0.150000000000002,2,7.224,NA,9.2,2.8,8.75018733869289,NA,25.88,NA
79860,"Matthew Stafford","DET","QB",28,7,10,17.6966666666667,15.656,19.072,2.36076964851155,4,0.526666666666664,3,3.416,NA,4.2,1.9,5.5179247018704,NA,4.22,NA
2532820,"Kirk Cousins","WAS","QB",28,4,9,17.5433333333333,17.004,17.7,0.436615773115601,5,0.801666666666666,3,0.695999999999998,NA,7.5,3.9,6.1499076750199,NA,16.32,NA
2553435,"David Johnson","ARI","RB",25,1,9,17.46,15.926,19.486,2.4668400839941,1,1.74833333333333,1,3.56,NA,1.4,0.9,3.93806454919718,NA,9.4,NA
2533031,"Andrew Luck","IND","QB",27,4,10,16.7966666666667,16.416,17.512,0.699452166579913,6,0.186666666666667,3,1.096,NA,NA,NA,4.80015477108006,NA,16.66,NA
2504775,"Drew Brees","NO","QB",37,15,5,16.6866666666667,15.624,17.736,1.39847536028824,7,0.460000000000001,3,2.112,NA,3.8,2,4.73956036095831,NA,9.88,NA
2495143,"Andy Dalton","CIN","QB",29,5,9,16.5333333333333,16.1,17.06,0.642910050732864,8,0.841666666666669,3,0.960000000000001,NA,10.8,3,5.24868135679721,NA,14.64,NA
382,"Joe Flacco","BAL","QB",31,8,8,15.92,15.552,15.872,0.202977831301845,9,0.575000000000001,4,0.32,NA,11.6,2.4,4.10782205651725,NA,19.02,NA
2552469,"Melvin Gordon","SD","RB",23,1,11,15.8033333333333,13.488,17.96,2.81603148656639,2,0.651666666666667,1,4.472,NA,3.9,1.7,4.64183171512448,NA,16.9,NA
2540175,"LeVeon Bell","PIT","RB",24,3,8,15.62,10.512,17.152,4.22908973657453,3,0.990000000000002,1,6.64,NA,2.6,1.5,5.83078177499919,NA,17.8,NA
2505245,"Carson Palmer","ARI","QB",37,13,9,15.4633333333333,15.422,15.966,0.365011415346608,10,0.379999999999999,4,0.544,NA,8.8,2.8,4.74564576187013,NA,9.52,NA
2553457,"Trevor Siemian","DEN","QB",NA,NA,11,15.2266666666667,14.16,16.384,1.41001182028142,11,0.305,4,2.224,NA,16.8,3.5,6.57393685152153,NA,6.72,NA
2543499,"Derek Carr","OAK","QB",25,2,10,14.94,12.264,18.344,3.96822378401219,12,0.438333333333334,4,6.08,NA,12.1,2.8,8.11536708358871,NA,23.76,NA
2506340,"Alex Smith","KC","QB",32,11,5,14.9033333333333,11.124,17.788,4.30049221988987,13,0.831666666666665,4,6.664,NA,18.1,3.7,9.52025682019011,NA,16.68,NA
100032,"Redskins","WAS","DST",NA,NA,9,14.8,13.04,16.56,3.11126983722081,1,3.125,1,3.52,NA,10.2,3.7,8.03934445100464,NA,11,NA
2543770,"Charles Sims","TB","RB",26,2,6,14.6833333333333,11.52,15.4,2.48310960960915,4,0.626666666666665,2,3.88,NA,17.9,3.8,5.35249060630945,NA,0.5,NA
2533034,"Lamar Miller","HOU","RB",25,4,9,14.5766666666667,11.964,14.74,1.89384089440833,5,1.2,2,2.776,NA,5.4,2.1,3.9959557169115,NA,10.8,NA
2508061,"Antonio Brown","PIT","WR",28,6,8,14.3833333333333,12.82,16.22,2.20586339861138,1,0.486666666666666,1,3.4,NA,1.2,0.6,3.23661212902664,NA,18.4,NA
310,"Matt Ryan","ATL","QB",31,8,11,14.1,11.848,17.224,3.41121679170351,14,0.163333333333334,4,5.376,NA,NA,NA,9.87223498274148,NA,34.52,NA
2506109,"Ben Roethlisberger","PIT","QB",34,12,8,14.0433333333333,12.854,15.75,1.82773995232728,15,0.27,5,2.896,NA,7.2,2.4,5.62729829098847,NA,31.9,NA
2540165,"DeAndre Hopkins","HOU","WR",24,3,9,13.9533333333333,12.348,15.58,2.02052798380357,2,0.454999999999998,1,3.232,NA,4.5,2.1,3.57136596381164,NA,0.4,NA
2495450,"A.J. Green","CIN","WR",28,5,9,13.84,12.176,16,2.47442922711481,3,0.796666666666669,1,3.824,NA,2.7,1.4,3.72353674178008,NA,23.3,NA
2532975,"Russell Wilson","SEA","QB",28,4,5,13.83,13.148,14.884,1.14712684564524,16,0.383333333333335,5,1.736,NA,NA,NA,5.63748477380684,NA,23.86,NA
2533436,"Brock Osweiler","HOU","QB",26,4,9,13.7166666666667,14.008,15.584,1.04318422789713,17,0.631666666666668,5,1.576,NA,20.3,3.3,5.98773496722432,NA,13.56,NA
497149,"LeGarrette Blount","NE","RB",30,6,9,13.5366666666667,12.568,14.48,1.19625805465766,6,0.366666666666667,2,1.912,NA,9.6,3.4,3.98877459860842,NA,5.8,NA
2543583,"Devonta Freeman","ATL","RB",24,2,11,13.2166666666667,10.15,13.75,2.32289331079439,7,0.135,2,3.6,NA,18.4,3.9,5.25500287454331,NA,12.4,NA
497095,"Sam Bradford","MIN","QB",29,6,6,13.1766666666667,12.064,14.6,1.60300758991757,18,0.295,5,2.536,NA,22.9,3.4,6.63285383390624,NA,15.08,NA
2543509,"Allen Robinson","JAC","WR",23,2,5,13.1566666666667,8.034,15.074,4.42013951514354,4,0.25,1,7.04,NA,4.8,2.7,5.78162271246788,NA,11.5,NA
2555224,"Ezekiel Elliott","DAL","RB",21,0,7,13.1233333333333,11.716,14.62,1.9200607629274,8,0.155000000000001,2,2.904,NA,4,1.8,3.87501940194313,NA,21.7,NA
2555418,"Jordan Howard","CHI","RB",22,0,9,13.04,10.714,12.594,1.17656279050461,9,0.154999999999998,3,1.88,NA,19.4,5,4.74306474063582,NA,13.2,NA
2506581,"Ryan Fitzpatrick","NYJ","QB",34,11,11,12.9933333333333,10.88,15.248,2.7470954357891,19,0.423333333333332,5,4.368,NA,24.5,3.8,8.18909389848911,NA,5.94,NA
2543496,"Odell Beckham","NYG","WR",24,2,8,12.93,10.452,14.86,2.9996166421728,5,0.123333333333337,1,4.408,NA,6.1,3.2,4.75273600301968,NA,2.3,NA
2543743,"Carlos Hyde","SF","RB",25,2,8,12.8966666666667,11.332,14.38,2.17141275056893,10,0.139999999999999,3,3.048,NA,12,4,5.16546214843199,NA,13.9,NA
2543471,"Kelvin Benjamin","CAR","WR",25,2,7,12.8833333333333,12.25,13.69,0.975106831754005,6,0.324999999999999,1,1.44,NA,11.5,5,3.64182961961287,NA,9.9,NA
2543603,"Jeremy Hill","CIN","RB",24,2,9,12.8733333333333,10.746,15.41,3.04674142869613,11,0.263333333333334,3,4.664,NA,14,4,5.9617590938811,NA,7.1,NA
2495240,"Tyrod Taylor","BUF","QB",27,5,10,12.77,12.168,13.504,0.88255311454892,20,0.423333333333332,6,1.336,NA,21.2,3.5,6.08065789231016,NA,16.64,NA
2495454,"Julio Jones","ATL","WR",27,5,11,12.73,9.118,14.478,3.70967653576427,7,0.353333333333332,1,5.36,NA,NA,NA,8.6093435192849,NA,36,NA
79607,"LeSean McCoy","BUF","RB",28,7,10,12.64,8.704,14.464,3.6536009634332,12,0.244999999999999,3,5.76,NA,10.4,2.4,5.74161929654853,NA,16.8,NA
2495207,"DeMarco Murray","TEN","RB",28,5,13,12.58,8.888,14.808,4.02854812556583,13,0.585000000000001,3,5.92,NA,8.8,2.8,6.27576499461809,NA,23.9,NA
497328,"Demaryius Thomas","DEN","WR",29,6,11,12.3866666666667,10.868,13.94,1.95308303288246,8,0.0716666666666654,1,3.072,NA,16.4,4.8,4.39732505529192,NA,15.4,NA
2543801,"Jimmy Garoppolo","NE","QB",25,2,9,12.37,11.766,13.574,1.5980613254816,21,0.165000000000003,6,1.808,NA,NA,NA,6.48091190267484,NA,NA,NA
2530747,"Doug Baldwin","SEA","WR",28,5,5,12.3666666666667,11.32,13.32,1.26622799421484,9,0.105,2,2,NA,17.5,3.7,3.4612432851496,NA,5.4,NA
2495441,"Blaine Gabbert","SF","QB",27,5,8,12.3233333333333,12.024,14.504,1.55052679220107,22,0.354999999999999,6,2.48,NA,25.9,3.2,6.340628820253,NA,11.54,NA
2532865,"T.Y. Hilton","IND","WR",27,4,10,12.2633333333333,7.678,14.398,4.26755589691961,10,0.0200000000000014,2,6.72,NA,NA,NA,9.54586316397881,NA,10.2,NA
2532884,"Marvin Jones","DET","WR",26,4,10,12.26,6.856,14.936,5.05240536774317,11,0.0966666666666658,2,8.08,NA,NA,NA,10.8634006079733,NA,7.4,NA
1581,"DeSean Jackson","WAS","WR",30,8,9,12.2266666666667,10.804,14.1,2.13028949519386,12,0.135,2,3.296,NA,NA,NA,5.95800508832742,NA,0.5,NA
2552475,"Todd Gurley","LA","RB",22,1,8,12.21,11.124,13.18,1.30931279685184,14,0.591666666666667,3,2.056,NA,11.1,3.9,4.33293658403168,NA,8.2,NA
2552608,"Stefon Diggs","MIN","WR",23,1,6,12.1,10.84,13.32,1.552417469626,13,0.0349999999999984,2,2.48,NA,NA,NA,4.98792348691706,NA,4.7,NA
2505996,"Eli Manning","NYG","QB",35,12,8,12.0866666666667,10.716,14.284,2.28336009716675,23,0.434999999999999,6,3.568,NA,17.3,3.3,7.14754644703071,NA,7.44,NA
2543468,"Mike Evans","TB","WR",23,2,6,12.0833333333333,9.68,14.04,3.06363074363301,14,0.0966666666666676,2,4.36,NA,15.1,4.9,5.36215856019688,NA,5.9,NA
497322,"Emmanuel Sanders","DEN","WR",29,6,11,12.0466666666667,11.292,12.78,1.04619947110163,15,0.183333333333334,2,1.488,NA,22.2,4.4,3.50537515975633,NA,14.8,NA
2555346,"Will Fuller","HOU","WR",22,0,9,11.9266666666667,11.144,12.76,1.0159396307524,16,0.186666666666666,2,1.616,NA,29,4,3.34922532538913,NA,14.1,NA
2552033,"Jameis Winston","TB","QB",22,1,6,11.85,11.028,12.892,1.16580444329227,24,0.445,6,1.864,NA,22.3,2.8,5.49454676032874,NA,9.06,NA
2506106,"Larry Fitzgerald","ARI","WR",33,12,9,11.8,9.92,13.52,2.38117617995813,17,0.228333333333333,2,3.6,NA,NA,NA,6.37917196639094,NA,6.2,NA
2539227,"Dustin Hopkins","WAS","K",26,3,9,11.7888888888889,10.6933333333333,12.8,1.32929945348557,1,0.833333333333332,1,2.10666666666667,NA,9.1,5.2,8.74943074251124,NA,8,NA
2495466,"Mark Ingram","NO","RB",27,5,5,11.78,9.068,14.188,3.26698637891253,15,0.588333333333335,3,5.12,NA,8.3,3,5.67948907938833,NA,16.5,NA
100020,"Vikings","MIN","DST",NA,NA,6,11.7,10.22,11.98,1.5556349186104,2,0.25,2,1.76,NA,5.2,2.4,3.57933444495734,NA,8,NA
2553913,"Tyrell Williams","SD","WR",NA,NA,11,11.68,9.912,13.24,2.12819172068684,18,0.254999999999999,2,3.328,NA,26.5,6,4.93655681598122,NA,4,NA
2540160,"Jordan Reed","WAS","TE",26,3,9,11.6733333333333,10.196,12.98,1.7788010943704,1,1.415,1,2.784,NA,1.9,0.8,3.71701502909463,NA,19.3,NA
100009,"Broncos","DEN","DST",NA,NA,11,11.65,10.27,12.43,1.90918830920368,3,0.575000000000001,2,2.16,NA,2.7,1.9,3.29237945143527,NA,15,NA
80429,"Jeremy Maclin","KC","WR",28,7,5,11.4633333333333,9.852,13.06,2.05816261100364,19,0.17,2,3.208,NA,20,4.9,4.5182120693543,NA,7.8,NA
2543715,"Jerick McKinnon","MIN","RB",24,2,6,11.4566666666667,7.314,12.834,3.4872099640448,16,0.703333333333333,3,5.52,NA,NA,NA,8.85869122582292,NA,15.5,NA
2555260,"Dak Prescott","DAL","QB",23,0,7,11.4533333333333,11.264,14.096,1.85303354889579,25,0.436666666666669,6,2.832,NA,16.2,3.4,6.86667791052154,NA,18.1,NA
2495893,"Brandon Marshall","NYJ","WR",32,10,11,11.3866666666667,8.788,13.46,3.31549895691936,20,0.248333333333333,2,4.672,NA,NA,NA,7.94763227525959,NA,14.9,NA
2532956,"Ryan Tannehill","MIA","QB",28,4,8,11.3566666666667,10.152,12.144,1.33095204020781,26,0.926666666666668,7,1.992,NA,18,3.9,6.98629023581881,NA,5.56,NA
100013,"Texans","HOU","DST",NA,NA,9,11.25,10.19,11.71,1.34350288425444,4,0.5,2,1.52,NA,4.9,2.6,3.58800424171217,NA,7,NA
2543488,"Jarvis Landry","MIA","WR",24,2,8,11.2,7.94,12.66,3.22335229225724,21,0.16,2,4.72,NA,15.1,3.8,5.13665658556342,NA,6.1,NA
2541556,"Brandon McManus","DEN","K",25,2,11,11.1555555555556,9.97333333333333,12,1.46262068194705,2,0.633333333333333,1,2.02666666666667,NA,11.2,3.7,5.69938695540441,NA,9,NA
2533039,"Alshon Jeffery","CHI","WR",26,4,9,11.0766666666667,7.226,13.146,4.10263736312793,22,0.225000000000001,2,5.92,NA,NA,NA,9.2690121861076,NA,4.6,NA
71269,"Michael Crabtree","OAK","WR",29,7,10,11.0033333333333,8.468,13.18,3.04565811169496,23,0.313333333333334,2,4.712,NA,25.3,4.4,5.18363431939858,NA,26.8,NA
2506404,"Frank Gore","IND","RB",33,11,10,10.9266666666667,10.124,11.18,0.734937639077856,17,0.57,3,1.056,NA,NA,NA,3.85114126160973,NA,15.5,NA
100026,"Cardinals","ARI","DST",NA,NA,9,10.9,8.3,10.7,2.12132034355964,5,0.299999999999999,2,2.4,NA,1.7,1.4,2.7932000566052,NA,8,NA
2553833,"Josh Lambo","SD","K",26,1,11,10.7555555555556,9.01333333333333,12.5333333333333,2.20134638935492,3,0.466666666666669,1,3.52,NA,8.2,3.3,5.83133270692297,NA,11,NA
2555295,"Sterling Shepard","NYG","WR",NA,0,8,10.7,8.66,12.34,2.4576411454889,24,0.109999999999999,2,3.68,NA,30.5,5.8,5.14770690710238,NA,3,NA
238498,"Julian Edelman","NE","WR",30,7,9,10.68,6.728,12.248,3.48155137833696,25,0.27,3,5.52,NA,26.1,5.6,5.94175738358481,NA,1.6,NA
81294,"Brian Hoyer","CHI","QB",31,7,9,10.6766666666667,9.272,11.872,1.68701906727023,27,0.538333333333332,7,2.6,NA,21.6,4.3,7.80557386169956,NA,19.78,NA
100008,"Cowboys","DAL","DST",NA,NA,7,10.6,10.06,10.54,0.424264068711928,6,0.0250000000000021,2,0.479999999999999,NA,18.1,3.8,4.17058402551115,NA,7,NA
100010,"Lions","DET","DST",NA,NA,10,10.6,10.12,11.08,0.848528137423857,7,0.15,2,0.959999999999997,NA,15.7,3.4,4.15324443200149,NA,6,NA
2540269,"C.J. Anderson","DEN","RB",25,3,11,10.58,8.458,12.098,2.31747707647778,18,0.558333333333332,3,3.64,NA,6.2,2.3,4.47786850265493,NA,11.2,NA
100021,"Patriots","NE","DST",NA,NA,9,10.55,8.27,10.43,1.90918830920368,8,0.200000000000001,3,2.16,NA,6.5,3.2,5.41792104309462,NA,6,NA
2495700,"Greg Olsen","CAR","TE",31,9,7,10.5433333333333,6.626,11.506,3.06832744884462,2,1.005,2,4.88,NA,1.4,0.6,4.85038045308558,NA,13.6,NA
2531332,"Terrelle Pryor","CLE","WR",27,5,13,10.5,10.5,10.5,NA,26,0.393333333333333,3,0,NA,NA,NA,NA,NA,10.6,NA
100006,"Bengals","CIN","DST",NA,NA,9,10.35,8.27,10.43,1.90918830920368,9,0.0999999999999996,3,2.16,NA,7.1,2.9,4.92741144501939,NA,13,NA
100029,"49ers","SF","DST",NA,NA,8,10.35,10.01,10.09,0.0707106781186558,9,0.275,3,0.0799999999999983,NA,22.1,3.6,3.31301662352434,NA,2,NA
2552487,"Amari Cooper","OAK","WR",22,1,10,10.32,6.492,12.652,4.31893505392244,27,0.609999999999999,3,6.16,NA,14.1,4,6.12161691711847,NA,4.8,NA
2532968,"Blair Walsh","MIN","K",26,4,6,10.2888888888889,8.97333333333333,11.64,1.66844349730631,4,0.138888888888891,1,2.66666666666667,NA,10.9,4,6.62193295793181,NA,7,NA
2506194,"Nick Novak","HOU","K",NA,NA,9,10.2888888888889,9.29333333333333,11.5333333333333,1.50012345171002,5,0.583333333333332,2,2.24,NA,16,3.5,5.31923334168749,NA,12,NA
2552466,"Marcus Mariota","TEN","QB",23,1,13,10.1833333333333,8.868,11.292,1.51506875531552,28,1.25166666666667,7,2.424,NA,24.9,2.8,5.82117846524154,NA,7.08,NA
100002,"Ravens","BAL","DST",NA,NA,8,10.15,9.57,10.13,0.494974746830583,11,0.200000000000001,3,0.559999999999999,NA,13.7,3,2.96867063129785,NA,2,NA
234,"Matt Forte","NYJ","RB",31,8,11,10.1333333333333,8.98,10.5,0.950438495292217,19,0.331666666666669,4,1.52,NA,NA,NA,4.24322866336678,NA,4.3,NA
2555387,"Cody Kessler","CLE","QB",23,0,13,10.0933333333333,9.436,11.116,1.05267912173337,29,4.17383333333333,7,1.68,NA,NA,NA,5.46082990226981,NA,10.12,NA
71309,"Graham Gano","CAR","K",29,7,7,10.0111111111111,8.62666666666667,11.5333333333333,1.84099409538957,6,0.700000000000001,2,2.90666666666667,NA,7.1,2.9,4.48576478885431,NA,7,NA
100030,"Seahawks","SEA","DST",NA,NA,5,10,9.14,10.26,0.989949493661167,12,0.100000000000001,3,1.12,NA,3.7,2,2.07642404229172,NA,14,NA
2540258,"Travis Kelce","KC","TE",27,3,5,9.97333333333333,7.916,11.74,2.47146380376758,3,0.881666666666666,2,3.824,NA,4.3,2.2,4.95139099740157,NA,8.3,NA
2552635,"Matt Jones","WAS","RB",24,1,9,9.91,6.766,12.686,3.71783539172998,20,0.228333333333333,4,5.92,NA,NA,NA,9.27829663393435,NA,19.8,NA
100001,"Falcons","ATL","DST",NA,NA,11,9.9,8.22,11.58,2.9698484809835,13,0.825000000000001,3,3.36,NA,26.5,3.1,6.84610085354617,NA,11,NA
100031,"Buccaneers","TB","DST",NA,NA,6,9.9,8.22,11.58,2.9698484809835,14,1.725,3,3.36,NA,19.5,4.5,9.13514564456394,NA,4,NA
2543828,"Quincy Enunwa","NYJ","WR",24,2,11,9.89333333333333,7.224,12.44,3.27080010598834,28,0.538333333333334,3,5.216,NA,38.3,5.9,5.86292514918031,NA,6,NA
2541161,"Latavius Murray","OAK","RB",26,3,10,9.69333333333333,6.536,10.776,2.88377067974091,21,0.101666666666667,4,4.24,NA,21.9,4.8,6.19960623796176,NA,2.4,NA
2540156,"Giovani Bernard","CIN","RB",25,3,9,9.67,8.648,10.48,1.21519545752936,22,0.271666666666667,4,1.832,NA,26.6,3,3.81295039029465,NA,4.2,NA
2504595,"Steve Smith","BAL","WR",37,15,8,9.52666666666667,6.084,11.3,3.62355258459614,29,0.731666666666667,3,5.216,NA,35.6,7.4,6.64932670374478,NA,17.1,NA
2556118,"Dwayne Washington","DET","RB",NA,0,10,9.51333333333333,7.458,11.098,2.34926229555861,23,0.26,4,3.64,NA,26.6,4.1,5.37551694955546,NA,1.4,NA
2506922,"Stephen Gostkowski","NE","K",32,10,9,9.4,7,11.16,2.94618397253125,7,0.21388888888889,2,4.16,NA,2.1,1.8,3.60336321494212,NA,0,NA
2540204,"Spencer Ware","KC","RB",25,3,5,9.28333333333333,3.71,12.67,5.66222865427857,24,0.0800000000000001,4,8.96,NA,19.8,4.9,8.77546556543637,NA,6.6,NA
2539322,"Christine Michael","SEA","RB",26,3,5,9.22333333333333,7.66,10.596,2.03780110249586,25,0.126666666666667,4,2.936,NA,15.7,4.1,5.0921769849693,NA,15,NA
2495259,"Dan Bailey","DAL","K",28,5,7,9.22222222222222,7.33333333333333,11.3333333333333,2.54587538608658,8,0.158333333333333,2,4,NA,4.6,3,5.64863621865249,NA,6,NA
2532790,"Travis Benjamin","SD","WR",27,4,11,9.18333333333333,6.23,11.83,3.81979493341375,30,0.808333333333334,3,5.6,NA,16,6.6,6.5525419844748,NA,1.8,NA
2540020,"Theo Riddick","DET","RB",25,3,10,9.18333333333333,6.4,10.68,3.06036490199018,26,0.219999999999999,4,4.28,NA,23.5,3.9,5.92588958270091,NA,5.8,NA
2550325,"Chandler Catanzaro","ARI","K",25,2,9,9.15,8.56,9.8,0.785811682275086,9,0.272222222222222,2,1.24,NA,6.2,3.7,4.78953838463366,NA,7,NA
2555341,"Hunter Henry","SD","TE",22,0,11,9.10333333333333,7.468,10.82,2.10238753167282,4,0.0566666666666666,2,3.352,NA,13.8,4.5,5.55777096732087,NA,12.1,NA
497254,"Dennis Pitta","BAL","TE",31,6,8,9.08,5.048,10.408,3.35755863686697,5,0.26,2,5.36,NA,6.6,2.4,5.87021600622258,NA,1.7,NA
238457,"Zach Miller","CHI","TE",32,7,9,9.01333333333334,6.672,11.12,2.82604552923928,6,0.541666666666668,2,4.448,NA,9.9,3.2,5.70086352646146,NA,9.1,NA
2552453,"Tevin Coleman","ATL","RB",23,1,11,9.01,7.546,9.866,1.51832144159266,27,0.565000000000001,4,2.32,NA,NA,NA,5.2764484511137,NA,3.3,NA
2504797,"Matt Bryant","ATL","K",41,14,11,8.97777777777778,6.78666666666667,11.32,2.85215967554673,10,0.272222222222222,2,4.53333333333333,NA,15.7,3.8,7.78265813277554,NA,14,NA
2550189,"Isaiah Crowell","CLE","RB",23,2,13,8.91666666666667,6.64,10.84,2.73419701801705,28,0.988333333333334,4,4.2,NA,NA,NA,7.48864149755753,NA,20.2,NA
2500351,"Phil Dawson","SF","K",41,18,8,8.77777777777778,6.86666666666667,11.1333333333333,2.83496684937179,11,0.31111111111111,2,4.26666666666667,NA,22.7,3.9,7.9748301428779,NA,5,NA
2506677,"Matt Prater","DET","K",32,10,10,8.63333333333333,8.12,9,0.635085296108588,12,0.541666666666666,3,0.880000000000001,NA,11.7,3.5,4.15634435835897,NA,8,NA
2543466,"Eric Ebron","DET","TE",23,2,10,8.62666666666667,4.316,10.556,3.92862995627398,7,0.363333333333333,2,6.24,NA,NA,NA,10.0778980996157,NA,4.2,NA
2532841,"Michael Floyd","ARI","WR",27,4,9,8.40666666666667,6.564,10.884,3.02954341994521,31,0.116666666666667,3,4.32,NA,NA,NA,7.46759483969167,NA,9.6,NA
2507763,"Mike Wallace","BAL","WR",30,7,8,8.34333333333333,7.526,9.446,1.34967897417621,32,0.225000000000001,3,1.92,NA,32.5,5.6,4.1523558341686,NA,4.4,NA
2532838,"Coby Fleener","NO","TE",28,4,5,8.31666666666667,4.27,10.67,4.28261991464726,8,0.254999999999999,2,6.4,NA,8.2,2.5,6.78429600520891,NA,1.9,NA
2506386,"Mike Nugent","CIN","K",34,11,9,8.3,7.92,8.8,0.608276253029822,13,0.486111111111112,3,0.880000000000001,NA,NA,NA,3.31458207836481,NA,19,NA
100014,"Colts","IND","DST",NA,NA,10,8.25,6.33,8.97,2.33345237791561,15,0.300000000000001,3,2.64,NA,18,5,8.99765183547002,NA,3,NA
2539336,"Tavon Austin","LA","WR",25,3,8,8.23666666666667,4.368,10.92,4.64704565647179,33,0.241666666666666,3,6.552,NA,NA,NA,10.1829177666886,NA,1.4,NA
2495353,"Julius Thomas","JAC","TE",28,5,5,8.21,3.986,10.386,4.17472154760051,9,0.511666666666668,2,6.4,NA,NA,NA,10.5421579737154,NA,NA,NA
100027,"Steelers","PIT","DST",NA,NA,8,8.1,6.24,8.16,1.69705627484771,16,0.475,4,1.92,NA,14.2,3,4.77257804241581,NA,12,NA
2553895,"Adam Humphries","TB","WR",NA,NA,6,8,6.08,9.92,3.39411254969543,34,0.0483333333333338,3,3.84,NA,57.4,10,7.30662636562314,NA,0.4,NA
2535698,"Cole Beasley","DAL","WR",27,4,7,7.99,6.154,10.074,2.45220309109992,35,0.351666666666667,3,3.92,NA,37.4,6.5,5.37195674584038,NA,6.6,NA
2552471,"T.J. Yeldon","JAC","RB",23,1,5,7.97333333333333,5.264,11.104,3.68132222622977,29,0.118333333333333,4,5.84,NA,34.4,3.8,6.44251892419228,NA,11.7,NA
2550353,"Allen Hurns","JAC","WR",25,2,5,7.91333333333333,5.548,10.508,3.13951163930528,36,0.565,3,4.96,NA,33.4,6.1,5.81810280112665,NA,10.7,NA
2552633,"Jesse James","PIT","TE",22,1,8,7.91333333333333,5.512,9.88,2.88765187190792,10,0.506666666666667,2,4.368,NA,21.1,2.8,5.59297172528705,NA,7.5,NA
927,"Justin Forsett","BAL","RB",31,8,8,7.88333333333333,5.57,10.77,3.34900482730816,30,0.401666666666666,4,5.2,NA,33.4,3.9,6.18846876765019,NA,NA,NA
2504257,"Sebastian Janikowski","OAK","K",38,16,10,7.88333333333333,6.92,8.8,1.17933597135563,14,0.177777777777778,3,1.88,NA,18.9,2.8,3.38099917093457,NA,4,NA
925,"Jamaal Charles","KC","RB",30,8,5,7.82666666666667,4.88,9.744,3.08028137242904,31,0.821666666666667,5,4.864,NA,NA,NA,8.11831563293631,NA,0.7,NA
100015,"Jaguars","JAC","DST",NA,NA,5,7.8,6.4,8,1.4142135623731,17,0.374999999999999,5,1.6,NA,20,3.9,5.81965803402553,NA,8,NA
2532888,"Case Keenum","LA","QB",28,4,8,7.77,6.24,9.256,2.11596313767514,30,5.4215,8,3.016,NA,29.9,1.1,4.31640179435571,NA,17.04,NA
2507463,"Connor Barth","CHI","K",30,8,9,7.74444444444444,5.44666666666667,10.78,3.69629444073285,15,0.18611111111111,3,5.33333333333333,NA,25.2,3.9,9.13273093666922,NA,5,NA
2503471,"Adam Vinatieri","IND","K",44,20,10,7.66666666666667,5.8,9,2.3094010767585,16,0.524999999999999,3,3.2,NA,5.1,3.2,5.76130820759031,NA,12,NA
497240,"Rob Gronkowski","NE","TE",27,6,9,7.48333333333333,4.32,9.72,3.52715655072657,11,0.265,2,5.4,NA,NA,NA,9.32050532683096,NA,1.1,NA
100004,"Panthers","CAR","DST",NA,NA,7,7.45,6.17,7.53,1.20208152801713,18,0.125,5,1.36,NA,7.9,3,4.02979263783783,NA,7,NA
2507374,"Steven Hauschka","SEA","K",NA,NA,5,7.45,5.97,8.77,1.78395627749113,17,0.65,3,2.8,NA,8.5,3.7,6.13136515381083,NA,11,NA
100022,"Saints","NO","DST",NA,NA,5,7.4,6.16,7.44,1.13137084989848,19,0.35,5,1.28,NA,28.6,2.3,2.77915804167495,NA,9,NA
2507166,"Ted Ginn","CAR","WR",31,9,7,7.36333333333333,3.552,9.64,4.06854191736221,37,0.0416666666666661,3,6.088,NA,54.8,7.2,6.95745599959071,NA,1.4,NA
2552470,"Sammie Coates","PIT","WR",23,1,8,7.33333333333333,4.98,10.02,3.2316146634977,38,0.0600000000000005,3,5.04,NA,57.4,8.4,6.64722853441227,NA,7.9,NA
324,"Jacob Tamme","ATL","TE",31,8,11,7.33,3.838,8.958,3.40392420597169,12,0.276666666666666,2,5.12,NA,16.4,2.8,6.07995408726376,NA,6.3,NA
2539964,"Marquise Goodwin","BUF","WR",26,3,10,7.31,5.504,9.4,2.51143385339929,39,0.226666666666667,3,3.896,NA,NA,NA,6.59783728822169,NA,1.2,NA
100024,"Jets","NYJ","DST",NA,NA,11,7.25,6.19,7.71,1.34350288425444,20,0.574999999999999,5,1.52,NA,10.2,2.7,3.75150744107059,NA,2,NA
2552409,"DeVante Parker","MIA","WR",23,1,8,7.23666666666667,5.8,8.048,1.40607017368741,40,0.371666666666666,3,2.248,NA,32.2,5.7,4.23237592769988,NA,2,NA
2540011,"Chris Thompson","WAS","RB",26,3,9,7.13666666666667,4.482,9.362,3.0901510211207,32,0.275,5,4.88,NA,43.9,4.2,6.09777521305976,NA,10,NA
2495438,"Kyle Rudolph","MIN","TE",27,5,6,7.10666666666667,5.204,9.444,2.81214034737481,13,0.111666666666667,2,4.24,NA,7.9,3.7,5.89525098037983,NA,11.5,NA
2541096,"Ifeanyi Momah","FA","TE",27,3,NA,7,7,7,NA,14,0.438333333333333,2,0,NA,NA,NA,NA,NA,NA,NA
1060,"Gary Barnidge","CLE","TE",31,8,13,6.99,4.94,8.436,2.34718980911217,15,0.856666666666666,2,3.496,NA,14,2.7,5.04167125518484,NA,5.7,NA
2556462,"Robby Anderson","NYJ","WR",23,0,11,6.93,3.834,10.026,5.47300648638388,41,0.135,3,6.192,NA,89.3,7.5,8.2343661274161,NA,1.2,NA
2495979,"DeAngelo Williams","PIT","RB",33,10,8,6.87333333333333,1.874,12.234,6.52208811143589,33,0.398333333333333,5,10.36,NA,40.4,4.9,9.55768997594564,NA,6.9,NA
100023,"Giants","NYG","DST",NA,NA,8,6.85,6.21,6.29,0.0707106781186551,21,0.425,5,0.080000000000001,NA,15.2,3.7,3.47651982288275,NA,0,NA
2552631,"Javorius Allen","BAL","RB",25,1,8,6.85,1.37,12.33,9.6873629022557,34,0.756666666666667,5,10.96,NA,76.4,6.1,13.0163335995464,NA,2.8,NA
2550380,"Cody Parkey","CLE","K",24,2,13,6.83333333333333,5.6,8.4,1.89296944860009,18,0.366666666666666,4,2.8,NA,26.2,4,6.92376791577753,NA,11,NA
2553568,"Cameron Meredith","CHI","WR",NA,NA,9,6.8,6.8,6.8,NA,42,0.0116666666666658,3,0,NA,99.5,5.4,3.52637700920392,NA,2.8,NA
2346,"Pierre Garcon","WAS","WR",30,8,9,6.79,4.354,9.634,3.41618207945654,43,0.00666666666666682,3,5.28,NA,55.6,7.1,6.37720559074356,NA,3.9,NA
2507855,"Victor Cruz","NYG","WR",30,6,8,6.78666666666667,4.512,10.272,4.00506346183595,44,0.15,3,5.76,NA,47.7,5,6.18504425007145,NA,5,NA
2540202,"Kenny Stills","MIA","WR",24,3,8,6.78,4.508,9.308,3.05077039450694,45,0.311666666666667,3,4.8,NA,56.3,6.4,5.84168051016749,NA,13.4,NA
2536340,"Justin Tucker","BAL","K",27,4,8,6.76666666666667,5.2,8.64,2.25018517756502,19,0.733333333333333,4,3.44,NA,3.3,3.2,5.68170302906254,NA,8,NA
100012,"Titans","TEN","DST",NA,NA,13,6.5,6.04,6.36,0.282842712474619,22,0.199999999999999,5,0.32,NA,21.9,4.6,5.26638521907045,NA,5,NA
2543498,"Brandin Cooks","NO","WR",23,2,5,6.49333333333333,3.96,8.344,2.75175095772371,46,0.0733333333333341,4,4.384,NA,11.9,5.9,5.42725772916249,NA,3.1,NA
497302,"Brandon LaFell","CIN","WR",30,6,9,6.44333333333333,4.266,9.226,3.36565496350017,47,0.0949999999999989,4,4.96,NA,60.4,6.9,6.26941979740563,NA,4.4,NA
1990,"Eddie Royal","CHI","WR",30,8,9,6.39666666666667,4.752,8.6,2.69203145102975,48,0.0983333333333336,4,3.848,NA,67,8.8,6.32507674076223,NA,17.1,NA
100007,"Browns","CLE","DST",NA,NA,13,6.35,4.43,6.27,1.62634559672906,23,0.100000000000001,6,1.84,NA,25.5,4.2,6.62850423406275,NA,5,NA
2552424,"Phillip Dorsett","IND","WR",23,1,10,6.3,4.88,7.12,1.4,49,0.00500000000000078,4,2.24,NA,NA,NA,4.7320582148918,NA,12.4,NA
2556370,"Michael Thomas","NO","WR",22,0,5,6.29666666666667,5.24,6.832,1.00947180908301,50,0.00833333333333375,4,1.592,NA,43.2,4.7,3.57261082198193,NA,10.4,NA
2506400,"Vincent Jackson","TB","WR",33,11,6,6.29333333333333,3.456,9.536,3.90001709397963,51,0.158333333333333,4,6.08,NA,57.6,6.7,6.65256475666176,NA,3.8,NA
2550256,"Willie Snead","NO","WR",24,2,5,6.28333333333333,3.88,8.08,2.66286186899233,52,0.34,4,4.2,NA,NA,NA,6.85204155035143,NA,2.3,NA
100005,"Bears","CHI","DST",NA,NA,9,6.25,4.43,6.27,1.62634559672906,24,0.0499999999999998,6,1.84,NA,27,2.2,3.35844024689452,NA,10,NA
100018,"Raiders","OAK","DST",NA,NA,10,6.25,5.91,5.99,0.0707106781186545,24,0.175,6,0.0800000000000001,NA,18.6,4,3.96702942095799,NA,4,NA
89802,"Ryan Succop","TEN","K",30,7,13,6.16666666666667,5.1,7.5,1.60727512683216,20,0.3,4,2.4,NA,25.1,3.4,5.24799490395558,NA,9,NA
100019,"Dolphins","MIA","DST",NA,NA,8,6.15,2.45,6.05,3.18198051533946,26,0.2,6,3.6,NA,18.4,3.9,8.47246305037546,NA,1,NA
1062,"Martellus Bennett","NE","TE",29,8,9,6.13333333333333,3.32,8.92,3.50047615808669,16,0.123333333333334,2,5.6,NA,19.5,2.6,6.08802680446619,NA,10.9,NA
2550656,"Cameron Brate","TB","TE",25,2,6,6.13333333333333,4.5,8.42,2.82901631902917,16,0.326666666666667,3,3.92,NA,18.8,3,5.62066427466859,NA,6.7,NA
2507999,"Chris Ivory","JAC","RB",28,6,5,6.1,4,7.52,2.43310501211929,35,0.146666666666667,5,3.52,NA,NA,NA,6.94082751502354,NA,2.9,NA
2540037,"Fozzy Whittaker","CAR","RB",27,4,7,6.08666666666667,3.902,8.022,2.57721425832881,36,0.333333333333335,5,4.12,NA,37.2,3.5,5.29330988608736,NA,9.2,NA
100017,"Rams","LA","DST",NA,NA,8,6,6,6,NA,27,0.275,6,0,NA,13.5,3.5,5.66454967028119,NA,17,NA
497326,"Golden Tate","DET","WR",28,6,10,5.98666666666667,4.44,7.368,2.05779817604481,53,0.111666666666667,4,2.928,NA,37.2,5.5,4.71403272686589,NA,0.1,NA
100016,"Chiefs","KC","DST",NA,NA,5,5.9,2.38,5.42,2.68700576850888,28,0.350000000000001,6,3.04,NA,12,3.8,7.56617444643907,NA,-2,NA
2553112,"Jason Myers","JAC","K",NA,NA,5,5.9,5,7.16,1.55884572681199,21,1.73333333333333,4,2.16,NA,18.9,4.5,7.55102180971477,NA,14,NA
2543619,"Walt Powell","BUF","WR",25,2,10,5.9,5.05,7.05,1.76776695296637,54,0.208333333333333,4,2,NA,84.3,14.3,7.34711576513515,NA,2.2,NA
2540232,"Jack Doyle","IND","TE",26,3,10,5.88666666666667,4.572,7.612,2.0977448208334,18,0.168333333333333,3,3.04,NA,18.3,3.3,5.05538266558581,NA,0.6,NA
2539291,"Markus Wheaton","PIT","WR",25,3,8,5.85,2.75,8.99,3.90096141995791,55,0.35,4,6.24,NA,64.8,9,7.40517581884943,NA,9,NA
2555408,"Roberto Aguayo","TB","K",22,0,6,5.83333333333333,4.3,7.5,2.02072594216369,22,3.38333333333333,4,3.2,NA,25.2,3.5,6.01909021727358,NA,1,NA
2552375,"Cameron Artis-Payne","CAR","RB",24,1,7,5.82,3.1,8.268,3.30714378278296,37,0.143333333333333,5,5.168,NA,28.2,4.5,6.43996496042154,NA,1.2,NA
2495966,"Delanie Walker","TEN","TE",32,10,13,5.72666666666667,5.1,5.964,0.540493601565581,19,0.363333333333333,3,0.864000000000001,NA,NA,NA,3.68606752551704,NA,3.4,NA
2543683,"Austin Seferian-Jenkins","NYJ","TE",24,2,11,5.71,3.638,7.782,3.66281312654632,20,0.698333333333332,3,4.144,NA,NA,NA,9.57642591506149,NA,NA,NA
2543664,"Terrance West","BAL","RB",25,2,8,5.68666666666667,3.9,7.148,2.11530927604767,38,0.14,5,3.248,NA,38.1,5.1,5.64531656980661,NA,17.3,NA
2552461,"Duke Johnson","CLE","RB",23,1,13,5.66666666666667,2.99,7.99,3.12663290671184,39,0.255,5,5,NA,32,3.1,5.60007079805378,NA,4.6,NA
100003,"Bills","BUF","DST",NA,NA,10,5.55,4.11,4.99,0.777817459305202,29,2.775,6,0.879999999999999,NA,17.5,3.4,4.04713223134749,NA,15,NA
100028,"Chargers","SD","DST",NA,NA,11,5.55,3.29,5.61,2.05060966544099,29,5.55,6,2.32,NA,24.5,4.1,7.10167423862833,NA,2,NA
2555317,"Tajae Sharpe","TEN","WR",22,0,13,5.53333333333333,5.1,5.5,0.288675134594813,56,0.0916666666666668,4,0.4,NA,NA,NA,2.86646210118476,NA,1.5,NA
2552463,"Jaelen Strong","HOU","WR",22,1,9,5.46666666666667,2.98,8.18,3.28684245642126,57,0.0500000000000007,4,5.2,NA,84.7,7.7,6.46477005012162,NA,3.1,NA
2495328,"Bilal Powell","NYJ","RB",28,5,11,5.42666666666667,3.104,8.64,3.96107729454164,40,0.046666666666666,5,5.536,NA,46.2,4.9,7.227907870419,NA,8,NA
2530700,"Dontrelle Inman","SD","WR",27,3,11,5.41666666666667,2.77,8.45,3.57293063651302,58,0.00833333333333375,4,5.68,NA,60.5,8.1,6.83565113511452,NA,18,NA
2539205,"Terrance Williams","DAL","WR",27,3,7,5.41666666666667,4.42,5.98,0.977667291737498,59,0.0533333333333328,4,1.56,NA,57.9,11.9,5.89943406638668,NA,10.4,NA
2552415,"Jamison Crowder","WAS","WR",23,1,9,5.4,4.42,5.78,0.953939201416945,60,0.083333333333333,4,1.36,NA,37.7,5.5,3.78750121603015,NA,2.1,NA
2550512,"Damien Williams","MIA","RB",24,2,8,5.39666666666667,4.238,6.718,1.73753657035854,41,0.0400000000000009,5,2.48,NA,54.5,16.7,10.9001541327038,NA,1.5,NA
2495461,"Shaun Draughn","SF","RB",29,5,8,5.36333333333333,4.258,7.058,1.94242974990946,42,0.215833333333333,5,2.8,NA,49,4.4,5.15020536956584,NA,0.8,NA
2550481,"Orleans Darkwa","NYG","RB",24,2,8,5.35,2.8,7.24,2.77803887661782,43,0.4525,5,4.44,NA,34,6.3,6.82736496622045,NA,10.8,NA
2505587,"Anquan Boldin","DET","WR",36,13,10,5.32666666666667,3.58,6.444,1.79112627509434,61,0.046666666666666,4,2.864,NA,51.6,6.3,4.75170192427572,NA,3.1,NA
2555466,"Tyler Boyd","CIN","WR",22,0,9,5.30666666666667,3.204,7.844,2.94416937918547,62,0.0583333333333345,4,4.64,NA,65.5,5.7,5.52338991901684,NA,1,NA
2552458,"Devin Funchess","CAR","WR",22,1,7,5.25333333333333,2.332,8.732,4.07412976392914,63,0.0350000000000001,4,6.4,NA,68.7,7.9,7.19096050301489,NA,5.6,NA
2552652,"Chris Conley","KC","WR",24,1,5,5.24333333333333,2.904,8.24,3.62596653781214,64,0.0766666666666662,4,5.336,NA,76.1,7.4,6.65135287173518,NA,7,NA
2553432,"Kevin White","CHI","WR",23,1,9,5.19333333333333,4.78,5.164,0.257164020293145,65,0.065833333333333,4,0.383999999999999,NA,44.9,7.2,3.7583501332568,NA,5.5,NA
80427,"Darrius Heyward-Bey","PIT","WR",29,7,8,5.14,3.492,6.788,2.91327993848858,66,0.0941666666666672,4,3.296,NA,93,6,5.5955259318725,NA,9.1,NA
2543759,"Ryan Grant","WAS","WR",26,2,9,5.115,3.607,6.623,2.66579256507328,67,0.145,4,3.016,NA,101.4,7.3,5.8127365828627,NA,NA,NA
2505629,"Jason Witten","DAL","TE",34,13,7,5.01666666666667,4.13,5.41,0.825126252965771,21,0.0183333333333335,3,1.28,NA,12.3,2.8,3.64746054586008,NA,4.7,NA
497236,"Jimmy Graham","SEA","TE",30,6,5,5.00666666666667,4.42,5.156,0.467047463683653,22,0.0716666666666672,3,0.736,NA,NA,NA,3.54750897281571,NA,11.3,NA
71435,"John Phillips","DEN","TE",29,7,11,4.99,3.302,6.678,2.98399061660723,23,0.126666666666666,3,3.376,NA,33.6,6.8,7.34387479067126,NA,NA,NA
2541785,"Adam Thielen","MIN","WR",26,2,6,4.97666666666667,2.884,7.82,3.48692319005357,68,0.0399999999999991,4,4.936,NA,70.7,8,6.73077244400785,NA,2.1,NA
2552597,"Breshad Perriman","BAL","WR",23,1,8,4.96333333333333,2.278,7.638,3.35007960104433,69,0.0583333333333336,4,5.36,NA,73.6,8,6.61591185022987,NA,2.4,NA
2535890,"Travaris Cadet","NO","RB",27,4,5,4.945,2.919,5.471,2.25567063198509,44,0.202500000000001,6,2.552,NA,50.8,5.5,5.96605676022316,NA,NA,NA
2552430,"Tyler Lockett","SEA","WR",24,1,5,4.91,3.3,6.524,2.19665655030549,70,0.0333333333333332,4,3.224,NA,NA,NA,6.06941636323783,NA,1.3,NA
2543475,"Marqise Lee","JAC","WR",25,2,5,4.9,2.4,7.92,3.62904946232481,71,0.0983333333333345,4,5.52,NA,66.4,10,7.50382225532723,NA,2.8,NA
497238,"Jermaine Gresham","ARI","TE",28,6,9,4.88,3.184,6.576,2.99813275223096,24,0.136666666666667,3,3.392,NA,37.2,6.2,7.1082100982421,NA,0,NA
2543847,"John Brown","ARI","WR",26,2,9,4.85333333333333,3.78,5.748,1.32005050408434,72,0.136666666666666,4,1.968,NA,39.6,6.9,4.55242783201999,NA,14.4,NA
71345,"Rashad Jennings","NYG","RB",31,7,8,4.85,2.57,7.13,4.03050865276332,45,0.299166666666666,6,4.56,NA,NA,NA,9.84718182850417,NA,NA,NA
2533046,"Dwayne Allen","IND","TE",26,4,10,4.84666666666667,3.08,5.592,1.64150337597378,25,0.214166666666667,3,2.512,NA,15.6,3.1,4.54202392814328,NA,2,NA
2555468,"Rashard Higgins","CLE","WR",22,0,13,4.75,2.98,6.82,3.39411254969543,73,0.115833333333333,4,3.84,NA,87.6,8.1,6.68555896215401,NA,NA,NA
2495459,"Torrey Smith","SF","WR",27,5,8,4.68333333333333,3.1,6.02,1.97884646532603,74,0.0991666666666662,4,2.92,NA,NA,NA,5.70377562153111,NA,0.3,NA
2541316,"Ryan Griffin","HOU","TE",26,3,9,4.64,2.264,7.544,3.49239173060526,26,0.0225000000000009,3,5.28,NA,26.4,3,6.24640403155956,NA,5.4,NA
497190,"Dexter McCluster","SD","RB",28,6,11,4.635,3.607,4.463,0.756604255869606,46,0.193333333333333,6,0.856,NA,49.9,4.5,4.11970871236427,NA,1.1,NA
2543794,"Crockett Gillmore","BAL","TE",25,2,8,4.625,2.485,6.765,3.78302127934803,27,0.255,3,4.28,NA,34.1,3.5,6.72804887393356,NA,1.6,NA
89766,"Brandon Myers","TB","TE",31,7,6,4.61,2.778,6.442,3.23854905783439,28,0.505,3,3.664,NA,51.6,5.8,7.16898373263254,NA,NA,NA
2555209,"Chris Moore","BAL","WR",23,0,8,4.585,2.413,6.757,3.83958982184295,75,0.0458333333333343,4,4.344,NA,100.5,7.1,6.73259574860779,NA,0.6,NA
2540169,"Robert Woods","BUF","WR",24,3,10,4.58333333333333,4.04,5.04,0.671441235949457,76,0.112500000000001,4,1,NA,56.3,11.6,5.5443378770378,NA,8.9,NA
2532977,"Kendall Wright","TEN","WR",27,4,13,4.495,3.891,3.899,0.00707106781186532,77,0.17,4,0.00799999999999912,NA,NA,NA,2.3937295376037,NA,1.4,NA
2543773,"James White","NE","RB",24,2,9,4.46666666666667,2.82,5.86,2.04287379280594,47,0.0499999999999998,6,3.04,NA,43.1,4.1,5.09679167188641,NA,6.2,NA
2541966,"Jaron Brown","ARI","WR",26,3,9,4.44666666666667,2.872,6.6,2.64547412259756,78,0.248333333333334,4,3.728,NA,79.8,9.6,6.54750059625786,NA,0.7,NA
2495258,"Matt Asiata","MIN","RB",29,5,6,4.41666666666667,1.88,6.08,2.62979720384165,48,0.223333333333334,6,4.2,NA,37.6,4,5.58245995634498,NA,7.8,NA
2556075,"Derrick Henry","TEN","RB",22,0,13,4.41666666666667,2.94,5.54,1.65856363559959,48,0.451666666666667,6,2.6,NA,37.9,4.7,5.03675781975715,NA,0.9,NA
2495189,"Jeremy Kerley","SF","WR",28,5,8,4.20333333333333,3.902,4.382,0.343559795862865,79,0.0249999999999995,5,0.479999999999999,NA,65.1,7.7,3.99430580334303,NA,14.8,NA
71217,"Kenny Britt","LA","WR",28,7,8,4.19333333333333,3.564,4.86,0.88325156854281,80,0.0449999999999999,5,1.296,NA,NA,NA,3.86458561934319,NA,8.2,NA
2532887,"Jermaine Kearse","SEA","WR",26,4,5,4.16333333333333,3.638,4.198,0.401289587870572,81,0.0316666666666663,5,0.56,NA,70.4,7.2,3.87932290509352,NA,2.3,NA
2533040,"Mohamed Sanu","ATL","WR",27,4,11,4.13333333333333,3.1,4.94,1.20968315410827,82,0.0333333333333332,5,1.84,NA,NA,NA,4.41257074626656,NA,2.2,NA
2541147,"Charles Johnson","MIN","WR",27,3,6,4.13,1.738,7.098,3.57459088568188,83,0.081666666666667,5,5.36,NA,88,6.4,6.28135278919087,NA,7,NA
2495139,"Charles Clay","BUF","TE",27,5,10,4.13,2.78,5.252,1.58924510381502,29,0.0566666666666658,3,2.472,NA,NA,NA,5.66457169858383,NA,4.7,NA
2552586,"Tyler Kroft","CIN","TE",24,1,9,4.08,1.628,6.668,3.16373197347689,30,0.186666666666667,3,5.04,NA,33.5,6.3,7.30591503368085,NA,NA,NA
2550597,"Seth Roberts","OAK","WR",NA,NA,10,4.07,3.2,4.248,0.68461668107051,84,0.0616666666666674,5,1.048,NA,72.9,8.4,4.50938851771139,NA,7.2,NA
2555261,"Jacoby Brissett","NE","QB",24,0,9,4.069,0.1856,8.472,5.78407710875296,31,3.48,8,8.2864,NA,NA,NA,14.3104291193711,NA,7.5,NA
2495826,"Vernon Davis","WAS","TE",32,10,9,4.06666666666667,2.26,6.18,2.53837218179946,31,0.365,3,3.92,NA,36.7,5.7,6.46702964066827,NA,0.8,NA
2530515,"Chris Hogan","NE","WR",28,5,9,4.02666666666667,3.16,4.664,1.01001650151536,85,0.0916666666666659,5,1.504,NA,55.8,7.8,4.58638851366323,NA,0,NA
2532900,"Keshawn Martin","FA","WR",26,4,NA,3.99,1.262,6.718,4.82246824769225,86,0.151666666666666,5,5.456,NA,NA,NA,10.4774020481304,NA,NA,NA
497145,"Joique Bell","FA","RB",30,6,NA,3.97,3.276,4.364,0.961665222413704,50,0.081666666666667,6,1.088,NA,NA,NA,4.26365483867126,NA,0.6,NA
2556885,"Jalen Richard","OAK","RB",23,0,10,3.96,2.54,5.404,2.01166597624954,51,0.201666666666666,6,2.864,NA,54,6.3,6.1301863921745,NA,2,NA
2649,"Danny Amendola","NE","WR",31,8,9,3.88,3.086,3.774,0.608111831820431,87,0.098333333333334,6,0.688,NA,65.9,8.9,4.60861244443226,NA,0,NA
2555464,"DeAndre Washington","OAK","RB",23,0,10,3.81666666666667,2.54,5.06,1.76375546302012,52,0.265,6,2.52,NA,45.1,4.6,5.08418913318461,NA,1.6,NA
2543590,"Cody Latimer","DEN","WR",24,2,11,3.79666666666667,2.098,6.018,2.69870956817019,88,0.0549999999999997,6,3.92,NA,96.5,10.6,6.91906170903123,NA,0,NA
2539250,"Quinton Patton","SF","WR",26,3,8,3.76666666666667,3.18,4.06,0.585946527708232,89,0.123333333333333,6,0.879999999999999,NA,78.4,9.4,4.75344663660547,NA,1.3,NA
2550521,"Xavier Grimble","PIT","TE",24,2,8,3.72,1.096,6.344,4.63862048458375,32,0.0733333333333333,3,5.248,NA,44.7,9.1,9.8591488287297,NA,1.9,NA
2552418,"Justin Hardy","ATL","WR",25,1,11,3.71666666666667,2.26,4.7,1.68102151483356,90,0.151666666666667,6,2.44,NA,NA,NA,5.20381284061991,NA,0,NA
2495471,"Jacquizz Rodgers","TB","RB",26,5,6,3.7,2.49,4.01,1.34350288425444,53,0.303333333333334,6,1.52,NA,55.8,4,4.41230266202748,NA,2.9,NA
2552397,"Clive Walford","OAK","TE",25,1,10,3.68333333333333,3.1,3.86,0.475219247646109,33,0.105833333333333,4,0.76,NA,20.8,2.6,3.23440351569485,NA,2.3,NA
2534820,"Garrett Celek","SF","TE",28,4,8,3.61,1.262,4.158,2.5597265478953,34,0.2625,4,2.896,NA,NA,NA,7.49541683480376,NA,7.9,NA
2541388,"Brice Butler","DAL","WR",26,3,7,3.57,2.174,4.366,1.93747258045114,91,0.02,6,2.192,NA,71.3,11.8,6.6723653816695,NA,10.1,NA
2555473,"Ricardo Louis","CLE","WR",NA,0,13,3.56,2.748,3.772,0.905096679918781,92,0.16,6,1.024,NA,85.1,8.7,4.79251317309562,NA,2.8,NA
2552478,"Blake Bell","SF","TE",25,1,8,3.545,1.021,6.069,4.46184378928711,35,0.428333333333333,4,5.048,NA,48.3,9.4,9.816903553386,NA,NA,NA
2550272,"Albert Wilson","KC","WR",24,2,5,3.54,3.208,3.272,0.0565685424949239,93,0.316666666666666,6,0.0640000000000001,NA,90.1,6.8,3.45922792728933,NA,5.2,NA
2555230,"Kenyan Drake","MIA","RB",NA,0,8,3.40333333333333,2.08,4.568,1.55757289824051,54,0.160833333333333,6,2.488,NA,39.8,6.9,6.00667018413913,NA,1.5,NA
2555223,"Devontae Booker","DEN","RB",24,0,11,3.39,1.454,4.894,2.34463216731324,55,0.3325,6,3.44,NA,51.9,4.6,5.61261960378316,NA,3,NA
2532903,"Rishard Matthews","TEN","WR",27,4,13,3.26,2.984,3.4,0.294618397253125,94,0.141666666666667,6,0.416,NA,64.4,7.7,3.95322650876051,NA,8.2,NA
2508097,"Andrew Hawkins","CLE","WR",30,5,13,3.18666666666667,2.76,3.688,0.602107410129898,95,0.166666666666667,6,0.928,NA,80.7,7.1,4.01519294700455,NA,2.8,NA
2540928,"Darren Fells","ARI","TE",30,4,9,3.15,2.11,2.99,0.777817459305203,36,0.0783333333333331,5,0.88,NA,NA,NA,4.13378678207976,NA,0.7,NA
2556801,"Kenneth Farrow","SD","RB",23,0,11,3.095,1.729,3.561,1.61927452891719,56,0.106666666666667,6,1.832,NA,71,6.9,6.06280089396826,NA,NA,NA
2540215,"Vance McDonald","SF","TE",26,3,8,3.08333333333333,2.07,3.75,1.05633012516605,37,0.233333333333333,5,1.68,NA,NA,NA,4.65921007870984,NA,NA,NA
2552559,"C.J. Uzomah","CIN","TE",23,1,9,3.06,2.54,3.244,0.461302503786832,38,0.510000000000001,5,0.704,NA,26.8,3.5,3.5947830597221,NA,4.5,NA
497278,"Dez Bryant","DAL","WR",28,6,7,3.05,1.41,4.69,2.89913780286485,96,0.0666666666666669,6,3.28,NA,NA,NA,7.24868116286865,NA,NA,NA
2533437,"Ronnie Hillman","MIN","RB",25,4,6,3.02,1.696,3.744,1.81019335983756,57,0.136666666666666,6,2.048,NA,88.7,13.5,9.42183656346741,NA,NA,NA
2550546,"Philly Brown","CAR","WR",25,2,7,2.99,2.26,3.356,0.771556867638413,97,0.0183333333333335,6,1.096,NA,86.3,6.9,4.09204598131179,NA,10.8,NA
2532933,"Brian Quick","LA","WR",27,4,8,2.97666666666667,2.44,3.024,0.413077878048841,98,0.0816666666666661,7,0.584,NA,84.9,8.2,4.21609506711316,NA,18.9,NA
2550617,"Taylor Gabriel","ATL","WR",25,2,11,2.96666666666667,0.2,6.52,4.30155010819743,99,0.2425,7,6.32,NA,95,8.3,7.51259834243713,NA,4.9,NA
2552582,"Jay Ajayi","MIA","RB",23,1,8,2.95666666666667,2.634,3.194,0.395769293065207,58,0.155,6,0.56,NA,42.9,6.6,4.8049747362143,NA,4.6,NA
2556214,"Tyreek Hill","KC","WR",22,0,5,2.82333333333333,1.78,3.676,1.26871325890972,100,0.238333333333334,7,1.896,NA,93.8,11,5.84953564855763,NA,8.4,NA
2555460,"Paul Perkins","NYG","RB",22,0,8,2.81,0.281,2.529,1.9869700551342,59,0.0166666666666666,7,2.248,NA,56.1,8.5,7.16950506146412,NA,8,NA
2533460,"Robert Turbin","IND","RB",27,4,10,2.79333333333333,1.76,3.664,1.29619957311108,60,0.0200000000000005,7,1.904,NA,58.6,5,4.85189974962548,NA,0.5,NA
4383,"Tim Hightower","NO","RB",30,8,5,2.79333333333333,1.956,3.316,0.885513033971456,61,0.0416666666666665,7,1.36,NA,63.1,6.1,5.00918572520476,NA,1.1,NA
2533457,"Alfred Morris","DAL","RB",28,4,7,2.75333333333333,2.14,3.148,0.631294965395205,62,0.0483333333333333,7,1.008,NA,44.4,4.5,4.00571335526635,NA,3.4,NA
2541544,"Benny Cunningham","LA","RB",26,3,8,2.75,1.75,3.59,1.20104121494643,63,0.13,7,1.84,NA,65.8,6.3,5.39275137209478,NA,NA,NA
2532797,"Brandon Bolden","NE","RB",26,4,9,2.66,1.642,2.778,1.0040916292849,64,0.1375,7,1.136,NA,77.9,5.1,4.63442861427938,NA,1.5,NA
2507486,"Kellen Davis","NYJ","TE",31,8,11,2.64,0.544,5.504,3.51778339299053,39,0.203333333333334,5,4.96,NA,34,2.9,6.22885438527727,NA,NA,NA
2495453,"Andre Holmes","OAK","WR",28,5,10,2.625,1.205,2.845,1.44956890143242,101,0.1025,7,1.64,NA,95.5,7,4.69382773461414,NA,NA,NA
262,"Chris Johnson","ARI","RB",31,8,9,2.58,1.6,3.632,1.27953116413787,65,0.185,7,2.032,NA,53.1,4.8,4.74021040418578,NA,3.4,NA
71417,"Jordan Norwood","DEN","WR",30,7,11,2.545,2.049,2.441,0.346482322781408,102,0.0499999999999998,8,0.392,NA,98.2,8.7,4.32363642689033,NA,2.5,NA
2550162,"James Wright","CIN","WR",25,2,9,2.5,1.48,2.92,1.27279220613579,103,0.12,8,1.44,NA,NA,NA,4.51851276724288,NA,NA,NA
2556601,"Wil Lutz","NO","K",22,0,5,2.5,2.1,2.9,0.707106781186548,23,0.216666666666667,5,0.8,NA,NA,NA,3.58030199295075,NA,5,NA
2555419,"Pharoh Cooper","LA","WR",21,0,8,2.49,0.249,2.241,1.7606958851545,104,0.225,8,1.992,NA,NA,NA,5.33756328593061,NA,NA,NA
2556411,"Josh Ferguson","IND","RB",23,0,10,2.465,2.223,2.407,0.162634559672906,66,0.18,7,0.184,NA,58.4,5.3,3.96547097021172,NA,3.1,NA
2537933,"Larry Donnell","NYG","TE",28,4,8,2.46,1.44,3.024,0.997396611183335,40,0.111666666666667,5,1.584,NA,28.4,3.4,4.05896188604886,NA,NA,NA
2540200,"Dion Sims","MIA","TE",25,3,8,2.41333333333333,1.62,2.932,0.835783065952723,41,0.171666666666666,5,1.312,NA,NA,NA,4.24314080388615,NA,0.9,NA
2550636,"Cairo Santos","KC","K",25,2,5,2.4,2.04,2.84,0.529150262212918,24,0.383333333333333,5,0.8,NA,13.6,4.2,5.52092647972383,NA,2,NA
2506147,"John Kuhn","NO","RB",34,10,5,2.325,0.445,2.405,1.73241161390704,67,0.105833333333333,7,1.96,NA,76.3,3.1,4.33173104810302,NA,19.2,NA
2495187,"Lance Kendricks","LA","TE",28,5,8,2.28333333333333,2.04,2.32,0.175594229214212,42,0.0983333333333332,5,0.28,NA,29,3.4,3.28378328622101,NA,5.2,NA
2555216,"Malcolm Mitchell","NE","WR",23,0,9,2.27,1.62,2.748,0.70760158281338,105,0.0316666666666667,8,1.128,NA,86,11.3,5.4766260349926,NA,NA,NA
2550328,"Brandon Coleman","NO","WR",24,2,5,2.26,1.696,2.496,0.571664237118258,106,0.0666666666666669,8,0.8,NA,81.1,7.8,4.21845456997532,NA,1.7,NA
497204,"C.J. Spiller","FA","RB",29,6,NA,2.245,1.771,2.419,0.572756492761103,68,0.0649999999999999,7,0.648,NA,76.6,11.6,7.37912947562762,NA,7.7,NA
2505551,"Andre Johnson","TEN","WR",35,13,13,2.21666666666667,1.87,2.59,0.453688586293873,107,0.134166666666667,8,0.72,NA,83.4,8.1,4.21749418220645,NA,3.3,NA
2553830,"Will Tye","NYG","TE",NA,NA,8,2.2,2.04,2.36,0.282842712474619,43,0.0950000000000002,5,0.32,NA,29.5,3.3,3.34344643121867,NA,4.3,NA
2507428,"Mike Tolbert","CAR","RB",31,8,7,2.19333333333333,1.6,2.624,0.645083973861802,69,0.0499999999999998,7,1.024,NA,63,6.7,5.08004222431029,NA,-0.1,NA
2495888,"Marcedes Lewis","JAC","TE",32,10,5,2.17,1.68,2.488,0.508625599041181,44,0.1825,5,0.808,NA,30.9,4.7,4.13743033533795,NA,1.2,NA
2552425,"Rashad Greene","JAC","WR",24,1,5,2.17,1.174,2.566,1.23036579926459,108,0.2325,8,1.392,NA,114,7.1,4.54252588342103,NA,0.8,NA
2539663,"Mike Gillislee","BUF","RB",26,3,10,2.16666666666667,1.3,3.06,1.10151410945722,70,0.0491666666666668,7,1.76,NA,57.9,6,5.15742153409402,NA,4.3,NA
2550545,"Chris Boswell","PIT","K",27,2,8,2.16666666666667,2,2.4,0.288675134594813,25,0.433333333333333,5,0.4,NA,12.6,3.2,3.04480383000651,NA,5,NA
2540230,"Kyle Juszczyk","BAL","RB",25,3,8,2.12,1.756,1.884,0.113137084989848,71,0.0125000000000002,7,0.128,NA,75.1,7.1,4.78917558049473,NA,5.6,NA
2555432,"Andy Janovich","DEN","RB",23,0,11,2.115,0.703,2.327,1.43542676580869,72,0.0733333333333333,7,1.624,NA,75.1,8.4,6.61949660112235,NA,NA,NA
2553650,"Corey Grant","JAC","RB",NA,NA,5,2.1,0.7,2.3,1.4142135623731,73,0.118333333333333,7,1.6,NA,93,10,7.37240585566797,NA,NA,NA
2543481,"Jace Amaro","TEN","TE",24,2,13,2.04,0.204,1.836,1.44249783362056,45,0.109166666666667,6,1.632,NA,33.5,5.3,5.26732515928594,NA,NA,NA
2550198,"Bennie Fowler","DEN","WR",25,2,11,1.995,1.059,2.331,1.12429978208661,109,0.123333333333333,8,1.272,NA,NA,NA,4.26923652242488,NA,0,NA
2543600,"Alfred Blue","HOU","RB",25,2,9,1.98333333333333,1.73,2.29,0.3685557397916,74,0.123333333333333,7,0.56,NA,63.7,5,4.00801108312201,NA,2.3,NA
2535708,"Lance Dunbar","DAL","RB",26,4,7,1.98,1.72,2.312,0.401497197997695,75,0.2475,7,0.592,NA,62.6,5,4.03797832080498,NA,1.6,NA
2555415,"Austin Hooper","ATL","TE",NA,0,11,1.935,1.207,2.063,0.756604255869606,46,0.0216666666666665,6,0.856,NA,37.7,5.1,4.5373432740793,NA,10.2,NA
2541199,"Luke Willson","SEA","TE",26,3,5,1.92666666666667,1.14,2.564,0.896734817732273,47,0.0691666666666666,6,1.424,NA,40,5.6,4.87702747422969,NA,0,NA
2553454,"Geoff Swaim","DAL","TE",NA,NA,7,1.9,0.72,2.48,1.5556349186104,48,0.0875000000000001,6,1.76,NA,48.6,4.5,5.0420375813572,NA,NA,NA
2552656,"J.J. Nelson","ARI","WR",24,1,9,1.88,1.116,2.044,0.820243866176395,110,0.0183333333333335,9,0.928,NA,93.9,13,6.12686498618679,NA,2.4,NA
2553648,"Andrew Franks","MIA","K",23,1,8,1.86666666666667,1.68,2,0.23094010767585,26,0.266666666666667,6,0.32,NA,23.1,2.9,2.32133535559458,NA,1,NA
2530660,"Kamar Aiken","BAL","WR",27,5,8,1.86333333333333,1.492,2.14,0.464793861118382,111,0.0558333333333332,9,0.648,NA,NA,NA,3.16211499439489,NA,0.9,NA
81306,"Brandon Tate","BUF","WR",29,7,10,1.86,0.628,3.092,2.17788888605457,112,0.22,9,2.464,NA,131.5,3.5,4.16107651658056,NA,0,NA
2540203,"Levine Toilolo","ATL","TE",25,3,11,1.815,0.623,2.407,1.576848122046,49,0.0574999999999999,6,1.784,NA,55,9.2,7.01258248881991,NA,0,NA
497224,"Ed Dickson","CAR","TE",29,6,7,1.81,0.942,2.078,1.0040916292849,50,0.135833333333333,6,1.136,NA,47.1,9.5,6.59682276317354,NA,1.7,NA
2555214,"Laquon Treadwell","MIN","WR",21,0,6,1.755,1.171,1.739,0.502045814642449,113,0.2875,9,0.568,NA,93,12.7,5.76172002107839,NA,0,NA
2495467,"Taiwan Jones","OAK","RB",28,5,10,1.74,0.174,1.566,1.23036579926459,76,0.0225000000000002,7,1.392,NA,NA,NA,4.75253508202069,NA,NA,NA
2536044,"Jamize Olawale","OAK","RB",27,4,10,1.725,1.085,1.765,0.601040764008565,77,0.02,7,0.68,NA,76.3,4,3.73687601003156,NA,0,NA
2534571,"Bobby Rainey","NYG","RB",29,4,8,1.71,0.68,2.544,1.23987902635701,78,0.0449999999999999,7,1.864,NA,53.6,6.7,5.62113438238232,NA,6.5,NA
2543721,"C.J. Fiedorowicz","HOU","TE",25,2,9,1.705,0.761,2.049,1.13844191771034,51,0.173333333333334,6,1.288,NA,48.4,6.1,5.31252541296159,NA,10.8,NA
2532926,"Isaiah Pead","MIA","RB",27,4,8,1.7,0.17,1.53,1.20208152801713,79,0.2,7,1.36,NA,73.5,8.7,6.55200849564377,NA,1.1,NA
2552399,"Jeff Heuerman","DEN","TE",24,1,11,1.64333333333333,1.006,1.966,0.649332991101895,52,0.378333333333333,6,0.96,NA,33.8,9.6,6.30369159770562,NA,1.9,NA
2555234,"Tyler Ervin","HOU","RB",23,0,9,1.63,1.416,1.544,0.113137084989848,80,0.3275,7,0.128,NA,74.1,6.2,4.35480905362003,NA,NA,NA
2505459,"Josh Brown","NYG","K",37,13,8,1.6,1.16,1.96,0.529150262212918,27,0.0166666666666666,6,0.8,NA,16,3.9,4.87507241610001,NA,5,NA
2507225,"Nick Folk","NYJ","K",32,9,11,1.6,1.16,1.96,0.529150262212918,27,0.0666666666666669,6,0.8,NA,23.1,3.7,4.4445030403508,NA,5,NA
2507401,"Dan Carpenter","BUF","K",31,8,10,1.56666666666667,1.14,1.94,0.513160143944688,29,0.816666666666667,6,0.8,NA,22.5,4,5.06886125173291,NA,12,NA
2543491,"Paul Richardson","SEA","WR",24,2,5,1.525,1.225,1.825,0.530330085889911,114,0.1525,9,0.6,NA,94.7,3.7,2.8435623888639,NA,2.7,NA
2534797,"Greg Zuerlein","LA","K",29,4,8,1.5,1.1,1.9,0.5,30,1.5,6,0.8,NA,26.7,3.8,4.62060041773623,NA,5,NA
2541187,"Demetrius Harris","KC","TE",25,3,5,1.42,0.84,1.928,0.734302390027433,53,0.335,6,1.088,NA,39.8,6,4.88981341402023,NA,1.2,NA
2528181,"Bryan Walters","FA","WR",29,6,NA,1.41,0.858,1.962,0.975807358037436,115,0.1725,9,1.104,NA,NA,NA,4.01996027760687,NA,0,NA
2555417,"C.J. Prosise","SEA","RB",22,0,5,1.37,0.7,2.308,1.16047404107115,81,0.1525,7,1.608,NA,NA,NA,4.62537234886179,NA,NA,NA
2543638,"DeAnthony Thomas","KC","WR",23,2,5,1.335,0.883,1.787,0.799030662740799,116,0.215,9,0.904,NA,82,2,2.51340615162284,NA,NA,NA
2557531,"Troymaine Pope","NYJ","RB",23,0,11,1.235,0.463,2.007,1.36471608769004,82,0.085,7,1.544,NA,NA,NA,4.9969752036954,NA,NA,NA
2552382,"Malcolm Brown","LA","RB",23,1,8,1.2,1.2,1.2,NA,83,0.148333333333333,7,0,NA,75.5,5,4.83148487765549,NA,NA,NA
2556686,"Nelson Spruce","LA","WR",24,0,8,1.14,0.932,1.348,0.367695526217005,117,0.0425,9,0.416,NA,NA,NA,2.99911470359028,NA,NA,NA
2495347,"Lee Smith","OAK","TE",29,5,10,1.11,0.322,1.298,0.862670273047588,54,0.1625,6,0.976,NA,49.2,2.7,3.64137381065046,NA,0.1,NA
2495331,"Aldrick Robinson","ATL","WR",28,5,11,1.1,1.1,1.1,NA,118,0.0208333333333335,9,0,NA,105.8,7.8,5.09538939691542,NA,10.8,NA
2550542,"Kapri Bibbs","DEN","RB",23,2,11,1.1,1.1,1.1,NA,84,0.123333333333333,7,0,NA,81.2,5.6,5.41064024682176,NA,1.4,NA
2556752,"Tommylee Lewis","NO","WR",24,0,5,1.095,0.691,1.499,0.714177848998413,119,0.0633333333333332,9,0.808,NA,115.3,14.7,6.59352964320914,NA,1,NA
222,"Harry Douglas","TEN","WR",32,8,13,1.06333333333333,0.712,1.6,0.555907666194066,120,0.136666666666666,9,0.888,NA,96.4,9.3,4.69554555655295,NA,NA,NA
2539995,"Mychal Rivera","OAK","TE",26,3,10,1.06,0.468,1.652,1.04651803615609,55,0.2425,6,1.184,NA,NA,NA,4.64069925034766,NA,0.1,NA
2506874,"Reggie Bush","BUF","RB",31,10,10,1.00333333333333,0.448,1.56,0.695005995177979,85,0.0608333333333333,7,1.112,NA,70.6,5.1,4.3532497240274,NA,NA,NA
2553725,"Bradley Marquez","LA","WR",NA,NA,8,1,1,1,NA,121,0.148333333333333,10,0,NA,114.3,9.8,6.40289972000833,NA,NA,NA
2539260,"Denard Robinson","JAC","RB",26,3,5,0.95,0.59,1.31,0.636396103067893,86,0.02,7,0.72,NA,76.3,5.7,4.58950929025501,NA,NA,NA
2556466,"Peyton Barber","TB","RB",22,0,6,0.935,0.403,1.467,0.940452018978108,87,0.0108333333333333,7,1.064,NA,91.5,7.5,5.7348456395837,NA,NA,NA
2553439,"Mike Davis","SF","RB",23,1,8,0.925,0.385,1.465,0.954594154601839,88,0.0258333333333333,7,1.08,NA,86.2,1.9,3.04498585303627,NA,NA,NA
2539217,"Andre Ellington","ARI","RB",27,3,9,0.923333333333333,0.656,1.16,0.321921315438002,89,0.133333333333333,7,0.504,NA,72,6.7,4.78605729702942,NA,0.4,NA
2556414,"Rob Kelley","WAS","RB",24,0,9,0.875,0.375,1.375,0.883883476483185,90,0.1825,7,1,NA,NA,NA,4.12213687349117,NA,0.4,NA
2540145,"Cordarrelle Patterson","MIN","WR",25,3,6,0.853333333333333,0.38,1.388,0.643842630876003,122,0.00833333333333341,10,1.008,NA,104.1,13.2,6.04417693008008,NA,3.8,NA
2556396,"Chester Rogers","IND","WR",22,0,10,0.85,0.25,1.45,1.06066017177982,123,0.0299999999999999,10,1.2,NA,97.6,16.8,7.57079484845392,NA,3.9,NA
2532978,"Jarius Wright","MIN","WR",27,4,6,0.84,0.84,0.84,NA,124,0.04,10,0,NA,99.4,17.7,11.5675654962254,NA,NA,NA
2540211,"Gavin Escobar","DAL","TE",25,3,7,0.835,0.267,0.803,0.473761543394987,56,0.0475,6,0.536,NA,NA,NA,3.56017530482923,NA,NA,NA
2495211,"Niles Paul","WAS","TE",27,5,9,0.8,0.8,0.8,NA,57,0.0625,6,0,NA,58,5,4.89791767339318,NA,NA,NA
2556381,"Mike Thomas","LA","WR",22,0,8,0.8,0.8,0.8,NA,125,0.0325,10,0,NA,77.6,15.9,10.3908062054417,NA,NA,NA
2556592,"Roger Lewis","NYG","WR",23,0,8,0.8,0.16,1.44,1.13137084989848,125,0.0700000000000001,10,1.28,NA,NA,NA,4.28110681979716,NA,NA,NA
2552468,"Maxx Williams","BAL","TE",22,1,8,0.775,0.595,0.955,0.318198051533946,58,0.08,6,0.36,NA,45.3,11.5,6.77985735679444,NA,NA,NA
2555370,"Jordan Payton","CLE","WR",23,0,13,0.735,0.443,1.027,0.51618795026618,127,0.0149999999999999,10,0.584,NA,NA,NA,3.24839094840829,NA,NA,NA
2535869,"Rod Streater","SF","WR",28,4,8,0.725,0.505,0.945,0.388908729652601,128,0.045,10,0.44,NA,104.8,9.5,4.62074938362577,NA,NA,NA
2495159,"Dwayne Harris","NYG","WR",29,5,8,0.715,0.487,0.943,0.403050865276332,129,0.0775000000000001,10,0.456,NA,NA,NA,3.05846619045171,NA,-3,NA
2550474,"Antonio Andrews","TEN","RB",24,2,13,0.705,0.701,0.709,0.0070710678118654,91,0.0549999999999998,7,0.0079999999999999,NA,88.5,17.5,9.71203259155537,NA,NA,NA
2552622,"Chris Manhertz","NO","TE",NA,NA,5,0.7,0.7,0.7,NA,59,0.035,6,0,NA,NA,NA,NA,NA,NA,NA
2555364,"Tyler Higbee","LA","TE",23,0,8,0.69,0.202,1.178,0.862670273047588,60,0.055,6,0.976,NA,39,7.4,5.59190901541838,NA,0,NA
2550738,"Fitzgerald Toussaint","PIT","RB",26,2,8,0.68,0.372,1.06,0.457383865041171,92,0.17,7,0.688,NA,77,6.8,4.9575521425654,NA,NA,NA
2555362,"Aaron Burbridge","SF","WR",23,0,8,0.645,0.361,0.929,0.502045814642449,130,0.025,10,0.568,NA,113.5,3.5,2.75444627796468,NA,0.5,NA
2540259,"MarQueis Gray","MIA","TE",26,3,8,0.64,0.288,0.992,0.622253967444162,61,0.0499999999999999,6,0.704,NA,52.3,14.8,8.436187813661,NA,0,NA
497258,"Andrew Quarless","FA","TE",28,6,NA,0.63,0.63,0.63,NA,62,0.085,6,0,NA,NA,NA,NA,NA,NA,NA
2556190,"Jakeem Grant","MIA","WR",24,0,8,0.63,0.494,0.766,0.240416305603426,131,0.025,10,0.272,NA,NA,NA,2.78544935088914,NA,0,NA
2555334,"Jared Goff","LA","QB",22,0,8,0.628,0.3296,0.7264,0.350724963468528,32,0.098,9,0.3968,NA,NA,NA,4.14789596890298,NA,NA,NA
2540178,"Knile Davis","KC","RB",25,3,5,0.62,0.396,0.844,0.395979797464467,93,0.23,7,0.448,NA,NA,NA,3.2344332737251,NA,1.2,NA
2555215,"Leonte Carroo","MIA","WR",22,0,8,0.61,0.244,0.94,0.441927595879687,132,0.0199999999999999,10,0.696,NA,100,14.9,6.43039006445997,NA,0,NA
2539235,"Tavarres King","NYG","WR",26,3,8,0.6,0.6,0.6,NA,133,0.035,10,0,NA,NA,NA,NA,NA,NA,NA
2535876,"Griff Whalen","SD","WR",26,4,11,0.58,0.434,1.026,0.523259018078045,134,0.045,10,0.592,NA,136,14,6.20446632214202,NA,NA,NA
2495835,"Anthony Fasano","TEN","TE",32,10,13,0.55,0.27,0.83,0.494974746830583,63,0.0225,6,0.56,NA,38.3,9.7,6.19959139657391,NA,0,NA
2539256,"Aaron Dobson","FA","WR",25,3,NA,0.55,0.11,0.99,0.777817459305202,135,0.04,10,0.88,NA,NA,NA,3.68759195118287,NA,NA,NA
2555316,"Paxton Lynch","DEN","QB",22,0,11,0.55,0.384,0.576,0.169705627484771,33,0.0775,9,0.192,NA,NA,NA,3.80931769280004,NA,10.4,NA
2552403,"Nick OLeary","BUF","TE",24,1,10,0.54,0.492,0.588,0.0848528137423857,64,0.0325,6,0.096,NA,46.5,7.1,4.73371766949672,NA,2,NA
2535966,"Brenton Bersin","CAR","WR",26,3,7,0.52,0.052,0.468,0.367695526217005,136,0.025,11,0.416,NA,NA,NA,2.99911470359028,NA,NA,NA
2550206,"Ryan Hewitt","CIN","TE",25,2,9,0.515,0.447,0.583,0.120208152801713,65,0.0375,6,0.136,NA,NA,NA,2.89318521500304,NA,NA,NA
2543605,"Zach Mettenberger","PIT","QB",25,2,8,0.51,0.102,0.918,0.721248916810278,34,0.118,9,0.816,NA,NA,NA,4.8409233778012,NA,NA,NA
497320,"Andre Roberts","DET","WR",28,6,10,0.5,0.1,0.9,0.707106781186548,137,0.0299999999999999,11,0.8,NA,114.5,9.5,4.8878310745022,NA,0.8,NA
2550405,"Erik Swoope","IND","TE",24,2,10,0.5,0.5,0.5,NA,66,0.045,6,0,NA,NA,NA,NA,NA,NA,NA
2555477,"Charone Peake","NYJ","WR",24,0,11,0.49,0.322,0.658,0.29698484809835,138,0.06,11,0.336,NA,96.5,2.5,2.25544938529331,NA,3,NA
497242,"Clay Harbor","NE","TE",29,6,9,0.455,0.411,0.499,0.0777817459305202,67,0.0025,6,0.088,NA,NA,NA,2.8131464042239,NA,NA,NA
2552401,"MyCole Pruitt","MIN","TE",24,1,6,0.455,0.339,0.571,0.205060966544099,67,0.0225,6,0.232,NA,NA,NA,3.05326283656133,NA,0.7,NA
2556478,"Ben Braunecker","FA","TE",22,0,NA,0.45,0.17,0.73,0.494974746830583,69,0.0675,6,0.56,NA,NA,NA,3.6001947102188,NA,NA,NA
2556519,"Alex Erickson","CIN","WR",24,0,9,0.45,0.17,0.73,0.494974746830583,139,0.045,11,0.56,NA,126.7,9.9,4.8405276462272,NA,0,NA
2539335,"Geno Smith","NYJ","QB",26,3,11,0.435,0.223,0.647,0.37476659402887,35,0.09,9,0.424,NA,NA,NA,4.1928633961979,NA,NA,NA
2532835,"Rhett Ellison","MIN","TE",28,4,6,0.415,0.403,0.427,0.0212132034355964,70,0.065,6,0.024,NA,52.5,1.8,2.47414886241875,NA,0.2,NA
2552420,"Keith Mumphery","HOU","WR",24,1,9,0.41,0.338,0.482,0.127279220613579,140,0.00999999999999995,11,0.144,NA,126.5,5.5,3.09363855914556,NA,NA,NA
2553446,"Malcolm Johnson","CLE","RB",24,1,13,0.4,0.4,0.4,NA,94,0.035,7,0,NA,NA,NA,NA,NA,-1.7,NA
2553467,"Quan Bray","IND","WR",NA,NA,10,0.4,0.4,0.4,NA,141,0.005,11,0,NA,98,10.2,6.66440178462692,NA,0,NA
2553621,"Lucky Whitehead","DAL","WR",NA,NA,7,0.4,0.4,0.4,NA,141,0.025,11,0,NA,97.5,7.6,4.96463836460612,NA,0,NA
2555331,"Cody Core","CIN","WR",22,0,9,0.39,0.039,0.351,0.275771644662754,143,0.0325,11,0.312,NA,NA,NA,2.84480083775057,NA,NA,NA
2555430,"Alex Collins","SEA","RB",22,0,5,0.38,0.038,0.342,0.268700576850888,95,0.04,7,0.304,NA,65.2,6.7,4.73764175595274,NA,0.1,NA
2535964,"Josh Bellamy","CHI","WR",27,4,9,0.36,0.328,0.392,0.0565685424949238,144,0.00750000000000001,11,0.0639999999999999,NA,120.5,20.5,7.93745078388257,NA,NA,NA
2534436,"Deonte Thompson","CHI","WR",27,4,9,0.355,0.311,0.399,0.0777817459305202,145,0.0299999999999999,11,0.0879999999999999,NA,103.7,20.7,8.02063174609564,NA,0,NA
2530763,"Patrick DiMarco","ATL","RB",27,5,11,0.35,0.23,0.47,0.212132034355964,96,0.025,7,0.24,NA,82.4,8.6,5.60317667888536,NA,1.8,NA
2535943,"Sean McGrath","SD","TE",29,4,11,0.35,0.0700000000000001,0.63,0.494974746830583,71,0.00750000000000001,6,0.56,NA,45.4,8.6,5.74308315716014,NA,NA,NA
2543641,"Devin Street","IND","WR",25,2,10,0.35,0.0700000000000001,0.63,0.494974746830583,146,0.05,11,0.56,NA,NA,NA,3.21278005629143,NA,NA,NA
2556708,"Cole Wick","DET","TE",23,0,10,0.35,0.0700000000000001,0.63,0.494974746830583,71,0.0175,6,0.56,NA,53.8,2.6,3.25303821490323,NA,0,NA
2495186,"Colin Kaepernick","SF","QB",29,5,8,0.349,0.2602,0.4378,0.156977705423414,36,0.0235,9,0.1776,NA,33.5,0.5,1.75492514590575,NA,NA,NA
2543497,"AJ McCarron","CIN","QB",26,2,9,0.341,0.1818,0.5002,0.281428498912246,37,0.061,9,0.3184,NA,NA,NA,4.01828397258232,NA,NA,NA
2555289,"Nick Vannett","SEA","TE",NA,0,5,0.335,0.283,0.387,0.0919238815542512,73,0.015,6,0.104,NA,NA,NA,2.83982600781695,NA,NA,NA
2552660,"Randall Telfer","CLE","TE",24,1,13,0.33,0.274,0.386,0.0989949493661167,74,0.025,6,0.112,NA,64.5,6.5,4.49805297706755,NA,0,NA
2556273,"Darius Jackson","DAL","RB",23,0,7,0.33,0.033,0.297,0.233345237791561,97,0.0175,7,0.264,NA,NA,NA,2.93853207380308,NA,NA,NA
2539303,"Zach Line","MIN","RB",26,3,6,0.32,0.238,0.382,0.127279220613579,98,0.0175,7,0.144,NA,NA,NA,2.74555303037568,NA,0.6,NA
497226,"Jim Dray","BUF","TE",30,6,10,0.31,0.302,0.318,0.014142135623731,75,0.0600000000000001,6,0.016,NA,57.3,7.6,4.87452240570218,NA,NA,NA
2532842,"Nick Foles","KC","QB",27,4,5,0.31,0.206,0.414,0.183847763108502,38,0.061,9,0.208,NA,NA,NA,3.83576912062058,NA,NA,NA
2539265,"Rex Burkhead","CIN","RB",26,3,9,0.305,0.149,0.461,0.275771644662754,99,0.01,7,0.312,NA,88.5,0.5,1.75177165004125,NA,NA,NA
1037885,"Marc Mariani","TEN","WR",29,6,13,0.3,0.0600000000000001,0.54,0.424264068711929,147,0,11,0.48,NA,NA,NA,3.09407708256857,NA,0,NA
2541940,"Rashad Ross","WAS","WR",26,3,9,0.3,0.0600000000000001,0.54,0.424264068711929,147,0,11,0.48,NA,126,1,1.87196569048404,NA,NA,NA
2541944,"Russell Shepard","TB","WR",26,3,6,0.3,0.14,0.46,0.282842712474619,147,0.05,11,0.32,NA,109.3,8.4,4.17215681448307,NA,NA,NA
2550540,"George Atkinson","CLE","RB",24,2,13,0.3,0.0600000000000001,0.54,0.424264068711929,100,0.015,7,0.48,NA,77.5,8.5,5.74789277488224,NA,NA,NA
2553451,"Neal Sterling","JAC","TE",NA,NA,5,0.3,0.3,0.3,NA,76,0.1075,6,0,NA,NA,NA,NA,NA,1,NA
2555478,"Demarcus Robinson","KC","WR",NA,0,5,0.3,0.3,0.3,NA,147,0.15,11,0,NA,NA,NA,NA,NA,NA,NA
2555219,"Daniel Lasco","NO","RB",24,0,5,0.29,0.029,0.261,0.205060966544099,101,0.01,7,0.232,NA,NA,NA,2.88707099555578,NA,1.9,NA
2543695,"Jay Prosch","HOU","RB",24,2,9,0.28,0.264,0.296,0.0282842712474619,102,0.02,7,0.032,NA,93.5,6.5,4.42240627854063,NA,0.6,NA
2555227,"Jonathan Williams","BUF","RB",22,0,10,0.28,0.28,0.28,NA,102,0.0475,7,0,NA,78.8,7.3,7.05158045945953,NA,NA,NA
497123,"Colt McCoy","WAS","QB",30,6,9,0.25,0.153,0.337,0.162634559672906,39,0.00900000000000001,10,0.184,NA,NA,NA,3.79609197888977,NA,NA,NA
2495443,"Ryan Mallett","BAL","QB",28,5,8,0.248,0.1584,0.3376,0.158391918985787,40,0.019,10,0.1792,NA,NA,NA,3.7881565505436,NA,NA,NA
2495472,"Jordan Todman","IND","RB",26,5,10,0.24,0.24,0.24,NA,104,0.0275,7,0,NA,NA,NA,NA,NA,NA,NA
2539275,"Mike Glennon","TB","QB",27,3,6,0.234,0.1702,0.2678,0.0862670273047588,41,0.014,10,0.0976,NA,NA,NA,3.65325426865883,NA,NA,NA
2552464,"Jalston Fowler","TEN","RB",NA,NA,13,0.225,0.156,0.284,0.113137084989848,105,0.025,7,0.128,NA,79,9,5.70617158167466,NA,NA,NA
2505982,"Matt Schaub","ATL","QB",35,12,11,0.224,0.1152,0.3328,0.192333044482741,42,0.00799999999999995,10,0.2176,NA,NA,NA,3.8516399773129,NA,NA,NA
79858,"Mark Sanchez","DAL","QB",30,7,7,0.216,0.1878,0.2342,0.0410121933088197,43,0.00900000000000001,10,0.0464,NA,NA,NA,3.5686096996331,NA,NA,NA
2504833,"Shaun Hill","MIN","QB",NA,NA,6,0.216,0.1558,0.2662,0.0975807358037436,43,0.022,10,0.1104,NA,NA,NA,3.67441541091527,NA,NA,NA
2508101,"James Develin","NE","RB",28,6,9,0.2,0.182,0.198,0.0141421356237309,106,0.02,7,0.016,NA,NA,NA,2.53970871738645,NA,NA,NA
2530598,"Jeremy Ross","FA","WR",28,5,NA,0.2,0.04,0.36,0.282842712474619,151,0.125,11,0.32,NA,NA,NA,2.85667113512285,NA,0,NA
2552647,"Marcus Murphy","NO","RB",25,1,5,0.2,0.2,0.2,0,106,0.0425,7,0,NA,NA,NA,2.51397817826279,NA,NA,NA
2555311,"Jerell Adams","NYG","TE",24,0,8,0.2,0.04,0.36,0.282842712474619,77,0.0225,6,0.32,NA,NA,NA,3.20000065632309,NA,NA,NA
252,"Chad Henne","JAC","QB",31,8,5,0.198,0.0914,0.2946,0.179605122421383,45,0.00800000000000001,10,0.2032,NA,NA,NA,3.82783369227442,NA,NA,NA
2495974,"Charlie Whitehurst","CLE","QB",34,10,13,0.19,0.132,0.228,0.0848528137423857,46,0.003,10,0.096,NA,NA,NA,3.65060912587678,NA,NA,NA
2543640,"Tom Savage","HOU","QB",26,2,9,0.19,0.054,0.326,0.240416305603426,46,0.00800000000000001,10,0.272,NA,NA,NA,3.94157483190275,NA,NA,NA
79589,"David Johnson","PIT","TE",29,7,8,0.185,0.173,0.197,0.0212132034355964,78,0.015,6,0.024,NA,57.5,7.1,4.67368856141236,NA,2.6,NA
2506895,"Kellen Clemens","SD","QB",33,10,11,0.184,0.0432,0.3248,0.248901586977665,48,0.00600000000000001,10,0.2816,NA,NA,NA,3.95744568859508,NA,NA,NA
2555426,"Cardale Jones","BUF","QB",24,0,10,0.18,0.036,0.324,0.254558441227157,49,0.004,10,0.288,NA,NA,NA,3.96802625972329,NA,NA,NA
2542065,"Matt McGloin","OAK","QB",27,3,10,0.176,0.0608,0.2912,0.203646752981726,50,0.00400000000000003,10,0.2304,NA,NA,NA,3.87280111956934,NA,NA,NA
2539228,"EJ Manuel","BUF","QB",26,3,10,0.176,0.1068,0.2252,0.104651803615609,51,0.00799999999999998,10,0.1184,NA,NA,NA,3.68764112482554,NA,NA,NA
2533353,"Cory Harkey","LA","TE",26,4,8,0.17,0.066,0.274,0.183847763108502,79,0.00499999999999998,6,0.208,NA,NA,NA,3.01324343117176,NA,NA,NA
2553318,"James OShaughnessy","KC","TE",NA,NA,5,0.17,0.017,0.153,0.120208152801713,79,0.015,6,0.136,NA,NA,NA,2.89318521500304,NA,NA,NA
2495748,"Drew Stanton","ARI","QB",32,9,9,0.168,0.0784,0.2576,0.158391918985787,52,0.00200000000000003,10,0.1792,NA,NA,NA,3.7881565505436,NA,-4.52,NA
2506562,"Matt Cassel","TEN","QB",34,11,13,0.168,0.1334,0.1926,0.0523259018078045,52,0.014,10,0.0592,NA,NA,NA,3.58977084188953,NA,NA,NA
2539308,"Matt Barkley","CHI","QB",26,3,9,0.164,0.0392,0.2888,0.220617315730203,54,0.027,10,0.2496,NA,NA,NA,3.90454283295399,NA,NA,NA
2495340,"Anthony Sherman","KC","RB",28,5,5,0.16,0.128,0.192,0.0565685424949238,108,0.015,7,0.064,NA,82.5,0.5,1.55235997183294,NA,NA,NA
2555486,"Temarrick Hemingway","LA","TE",23,0,8,0.16,0.016,0.144,0.113137084989848,81,0.01,6,0.128,NA,NA,NA,2.87984541320652,NA,NA,NA
230,"Jerome Felton","BUF","RB",30,8,10,0.155,0.104,0.136,0.0282842712474619,109,0.0375,7,0.032,NA,NA,NA,2.5654392565101,NA,0.7,NA
2507828,"Logan Paulsen","CHI","TE",29,6,9,0.15,0.03,0.27,0.212132034355964,82,0.0125,6,0.24,NA,50.5,6.5,4.60477139143974,NA,1,NA
2535535,"Phillip Supernaw","TEN","TE",26,4,13,0.15,0.03,0.27,0.212132034355964,82,0.045,6,0.24,NA,54.5,15.5,8.33983880482512,NA,NA,NA
2495425,"Scott Tolzien","IND","QB",29,5,10,0.144,0.0352,0.2528,0.192333044482741,55,0.019,10,0.2176,NA,NA,NA,3.8516399773129,NA,NA,NA
2552636,"Michael Burton","DET","RB",24,1,10,0.135,0.083,0.187,0.0919238815542512,110,0.085,7,0.104,NA,NA,NA,2.68122668256654,NA,NA,NA
2539961,"Ryan Nassib","NYG","QB",26,3,8,0.13,0.042,0.218,0.15556349186104,56,0.014,10,0.176,NA,NA,NA,3.78286626497949,NA,NA,NA
2536342,"Brandon Bostick","NYJ","TE",27,4,11,0.125,0.065,0.185,0.106066017177982,84,0.0825,6,0.12,NA,56,8,5.12723411353004,NA,NA,NA
2533349,"Austin Davis","DEN","QB",27,4,11,0.12,0.024,0.216,0.169705627484771,57,0.016,10,0.192,NA,NA,NA,3.80931769280004,NA,NA,NA
2506546,"Derek Anderson","CAR","QB",33,11,7,0.112,0.0416,0.1824,0.124450793488832,58,0.022,10,0.1408,NA,32.9,1,2.33236853805079,NA,8.88,NA
2553631,"Zach Zenner","DET","RB",NA,NA,10,0.1,0.1,0.1,NA,111,0.1,7,0,NA,72.2,6.8,6.5689509851543,NA,3.4,NA
2507029,"Eric Weems","ATL","WR",31,9,11,0.1,0.02,0.18,0.14142135623731,152,0.075,11,0.16,NA,NA,NA,2.61926518767713,NA,0,NA
2506053,"Luke McCown","NO","QB",35,12,5,0.096,0.0448,0.1472,0.0905096679918781,59,0.017,11,0.1024,NA,NA,NA,3.661189697005,NA,NA,NA
2539645,"Brandon Williams","SEA","TE",29,4,5,0.085,0.073,0.097,0.0212132034355964,85,0.085,6,0.024,NA,NA,NA,2.70642798985171,NA,NA,NA
2507282,"Matt Moore","MIA","QB",32,9,8,0.084,0.0232,0.1448,0.107480230740355,60,0.017,11,0.1216,NA,NA,NA,3.69293141038965,NA,NA,NA
2506481,"Dan Orlovsky","DET","QB",33,11,10,0.074,0.0372,0.1108,0.0650538238691624,61,0.044,11,0.0736,NA,NA,NA,3.61357712692802,NA,NA,NA
264,"Josh Johnson","NYG","QB",30,8,8,0.06,0.012,0.108,0.0848528137423857,62,0.06,11,0.096,NA,NA,NA,3.65060912587678,NA,NA,NA
4487,"Matthew Slater","NE","WR",31,8,9,0.05,0.01,0.09,0.0707106781186548,153,0.05,11,0.08,NA,NA,NA,2.50056221395427,NA,NA,NA
184,"Donnie Avery","FA","WR",32,8,NA,0,0,0,NA,154,0,12,0,NA,NA,NA,NA,NA,NA,NA
206,"Andre Caldwell","DET","WR",31,8,10,0,0,0,0,154,0,11,0,NA,NA,NA,2.38185924023141,NA,NA,NA
216,"Fred Davis","FA","TE",30,8,NA,0,0,0,NA,86,0,6,0,NA,NA,NA,NA,NA,NA,NA
284,"Darren McFadden","DAL","RB",29,8,7,0,0,0,NA,112,0,0,0,NA,NA,NA,NA,NA,NA,NA
318,"Jerome Simpson","FA","WR",30,8,NA,0,0,0,NA,154,0,12,0,NA,NA,NA,NA,NA,NA,NA
367,"Matt Flynn","NO","QB",31,8,5,0,0,0,NA,63,0,12,0,NA,NA,NA,NA,NA,NA,NA
768,"Steve Johnson","SD","WR",30,8,11,0,0,0,NA,154,0,12,0,NA,NA,NA,NA,NA,NA,NA
941,"Ray Rice","FA","RB",29,8,NA,0,0,0,NA,112,0,0,0,NA,NA,NA,NA,NA,NA,NA
1030,"Mario Manningham","FA","WR",30,8,NA,0,0,0,NA,154,0,12,0,NA,NA,NA,NA,NA,NA,NA
1966,"John Carlson","FA","TE",32,8,NA,0,0,0,NA,86,0,6,0,NA,NA,NA,NA,NA,NA,NA
4231,"Jed Collins","FA","RB",30,8,NA,0,0,0,NA,112,0,0,0,NA,NA,NA,NA,NA,NA,NA
4381,"Garrett Hartley","FA","K",30,8,NA,0,0,0,NA,31,0,6,0,NA,NA,NA,NA,NA,NA,NA
4433,"Marcel Reece","OAK","RB",31,8,10,0,0,0,NA,112,0,0,0,NA,NA,NA,NA,NA,NA,NA
71247,"James Casey","FA","TE",32,7,NA,0,0,0,NA,86,0,6,0,NA,NA,NA,NA,NA,NA,NA
71255,"Chase Coffman","IND","TE",30,7,10,0,0,0,0,86,0,6,0,NA,NA,NA,2.66640858446214,NA,NA,NA
71265,"Jared Cook","GB","TE",29,7,4,0,0,0,NA,86,0,6,0,NA,NA,NA,NA,NA,NA,NA
79555,"Arian Foster","MIA","RB",30,7,8,0,0,0,NA,112,0,0,0,NA,NA,NA,NA,NA,NA,NA
79557,"Josh Freeman","FA","QB",28,7,NA,0,0,0,NA,63,0,12,0,NA,NA,NA,NA,NA,NA,NA
79563,"Shonn Greene","FA","RB",31,7,NA,0,0,0,NA,112,0,0,0,NA,NA,NA,NA,NA,NA,NA
79619,"Knowshon Moreno","FA","RB",29,7,NA,0,0,0,NA,112,0,0,0,NA,NA,NA,NA,NA,NA,NA
79629,"Cedric Peerman","CIN","RB",30,7,9,0,0,0,NA,112,0,0,0,NA,NA,NA,NA,NA,NA,NA
80674,"Chris Ogbonnaya","FA","RB",30,7,NA,0,0,0,NA,112,0,0,0,NA,NA,NA,NA,NA,NA,NA
81284,"Chase Daniel","PHI","QB",30,7,4,0,0,0,NA,63,0,12,0,NA,NA,NA,NA,NA,NA,NA
81288,"Brandon Gibson","NE","WR",29,7,9,0,0,0,NA,154,0,12,0,NA,NA,NA,NA,NA,NA,NA
81831,"Brian Hartline","FA","WR",30,7,NA,0,0,0,NA,154,0,12,0,NA,NA,NA,NA,NA,NA,NA
89798,"Antone Smith","NYJ","RB",31,7,11,0,0,0,NA,112,0,0,0,NA,NA,NA,NA,NA,NA,NA
100011,"Packers","GB","DST",NA,NA,4,0,0,0,NA,31,0,6,0,NA,NA,NA,NA,NA,NA,NA
100025,"Eagles","PHI","DST",NA,NA,4,0,0,0,NA,31,NA,6,0,NA,NA,NA,NA,NA,NA,NA
163982,"Will Johnson","NYG","RB",27,5,8,0,0,0,NA,112,0,0,0,NA,NA,NA,NA,NA,NA,NA
496812,"Erik Lorig","FA","RB",30,6,NA,0,0,0,NA,112,0,0,0,NA,NA,NA,NA,NA,NA,NA
497108,"Jimmy Clausen","FA","QB",28,6,NA,0,0,0,NA,63,0,12,0,NA,NA,NA,NA,NA,NA,NA
497121,"Thad Lewis","SF","QB",29,6,8,0,0,0,NA,63,0,12,0,NA,NA,NA,NA,NA,NA,NA
497172,"Anthony Dixon","FA","RB",29,6,NA,0,0,0,NA,112,0,0,0,NA,NA,NA,NA,NA,NA,NA
497174,"Jonathan Dwyer","FA","RB",27,6,NA,0,0,0,NA,112,0,0,0,NA,NA,NA,NA,NA,NA,NA
497176,"Toby Gerhart","FA","RB",29,6,NA,0,0,0,NA,112,0,0,0,NA,NA,NA,NA,NA,NA,NA
497188,"Ryan Mathews","PHI","RB",29,6,4,0,0,0,NA,112,0,0,0,NA,NA,NA,NA,NA,NA,NA
497218,"Trindon Holliday","FA","WR",30,6,NA,0,0,0,NA,154,0,12,0,NA,NA,NA,NA,NA,NA,NA
497234,"Garrett Graham","DEN","TE",30,6,11,0,0,0,NA,86,0,6,0,NA,NA,NA,NA,NA,NA,NA
497246,"Michael Hoomanawanui","NO","TE",28,6,5,0,0,0,NA,86,0,6,0,NA,NA,NA,NA,NA,NA,NA
497250,"Anthony McCoy","FA","TE",29,6,NA,0,0,0,NA,86,0,6,0,NA,NA,NA,NA,NA,NA,NA
497256,"Tony Moeaki","FA","TE",29,6,NA,0,0,0,0,86,0,6,0,NA,NA,NA,2.66640858446214,NA,NA,NA
497260,"Seyi Ajirotutu","PHI","WR",29,6,4,0,0,0,NA,154,0,12,0,NA,NA,NA,NA,NA,NA,NA
497282,"Riley Cooper","FA","WR",29,6,NA,0,0,0,NA,154,0,12,0,NA,NA,NA,NA,NA,NA,NA
497284,"Eric Decker","NYJ","WR",29,6,11,0,0,0,NA,154,0,12,0,NA,NA,NA,NA,NA,NA,NA
497286,"Marcus Easley","BUF","WR",29,6,10,0,0,0,NA,154,0,12,0,NA,NA,NA,NA,NA,NA,NA
497288,"Jacoby Ford","FA","WR",29,6,NA,0,0,0,NA,154,0,12,0,NA,NA,NA,NA,NA,NA,NA
1037347,"Joe Webb","CAR","QB",30,6,7,0,0,0,NA,63,0,12,0,NA,NA,NA,NA,NA,0,NA
1037366,"Michael Palmer","FA","TE",28,6,NA,0,0,0,NA,86,0,6,0,NA,NA,NA,NA,NA,NA,NA
1037847,"Deji Karim","FA","RB",30,6,NA,0,0,0,NA,112,0,0,0,NA,NA,NA,NA,NA,NA,NA
2495150,"Kai Forbath","FA","K",29,5,NA,0,0,0,0,31,0,7,0,NA,NA,NA,1.67914496177443,NA,NA,NA
2495158,"Leonard Hankerson","FA","WR",28,5,NA,0,0,0,NA,154,0,12,0,NA,NA,NA,NA,NA,NA,NA
2495161,"Roy Helu","FA","RB",28,5,NA,0,0,0,NA,112,0,0,0,NA,NA,NA,NA,NA,NA,NA
2495162,"Alex Henery","FA","K",29,5,NA,0,0,0,NA,31,0,6,0,NA,NA,NA,NA,NA,NA,NA
2495172,"Kendall Hunter","NO","RB",28,5,5,0,0,0,NA,112,0,0,0,NA,NA,NA,NA,NA,NA,NA
2495179,"Jerrel Jernigan","FA","WR",27,5,NA,0,0,0,NA,154,0,12,0,NA,NA,NA,NA,NA,NA,NA
2495181,"Jerrod Johnson","DAL","QB",28,5,7,0,0,0,NA,63,0,12,0,NA,NA,NA,NA,NA,NA,NA
2495192,"Greg Little","FA","WR",27,5,NA,0,0,0,NA,154,0,12,0,NA,NA,NA,NA,NA,NA,NA
2495215,"Christian Ponder","SF","QB",28,5,8,0,0,0,0,63,0,12,0,NA,NA,NA,3.49190055895352,NA,NA,NA
2495267,"Jordan Cameron","MIA","TE",28,5,8,0,0,0,NA,86,0,6,0,NA,NA,NA,NA,NA,NA,NA
2495288,"Virgil Green","DEN","TE",28,5,11,0,0,0,NA,86,0,6,0,NA,NA,NA,NA,NA,NA,NA
2495306,"Ricardo Lockette","FA","WR",30,5,NA,0,0,0,NA,154,0,12,0,NA,NA,NA,NA,NA,NA,NA
2495314,"Bruce Miller","FA","RB",29,5,NA,0,0,0,0,112,0,7,0,NA,NA,NA,2.51397817826279,NA,NA,NA
2495448,"Randall Cobb","GB","WR",26,5,4,0,0,0,NA,154,0,12,0,NA,NA,NA,NA,NA,NA,NA
2495449,"Tandon Doss","FA","WR",27,5,NA,0,0,0,NA,154,0,12,0,NA,NA,NA,NA,NA,NA,NA
2495469,"Dion Lewis","NE","RB",26,5,9,0,0,0,NA,112,0,0,0,NA,NA,NA,NA,NA,NA,NA
2495470,"Stevan Ridley","FA","RB",27,5,NA,0,0,0,0,112,0,7,0,NA,NA,NA,2.51397817826279,NA,NA,NA
2495558,"Dwayne Bowe","FA","WR",32,9,NA,0,0,0,0,154,0,11,0,NA,NA,NA,2.38185924023141,NA,NA,NA
2495560,"Ahmad Bradshaw","FA","RB",30,9,NA,0,0,0,NA,112,0,0,0,NA,NA,NA,NA,NA,NA,NA
2495573,"Scott Chandler","FA","TE",31,9,NA,0,0,0,NA,86,0,6,0,NA,NA,NA,NA,NA,NA,NA
2495651,"Jacoby Jones","FA","WR",32,9,NA,0,0,0,NA,154,0,12,0,NA,NA,NA,NA,NA,NA,NA
2495660,"Brian Leonard","FA","RB",32,9,NA,0,0,0,NA,112,0,0,0,NA,NA,NA,NA,NA,NA,NA
2495663,"Marshawn Lynch","FA","RB",30,9,NA,0,0,0,NA,112,0,0,0,NA,NA,NA,NA,NA,NA,NA
2495801,"Miles Austin","FA","WR",32,10,NA,0,0,0,NA,154,0,12,0,NA,NA,NA,NA,NA,NA,NA
2495802,"Jason Avant","KC","WR",33,10,5,0,0,0,NA,154,0,12,0,NA,NA,NA,NA,NA,NA,NA
2495821,"Marques Colston","FA","WR",33,10,NA,0,0,0,NA,154,0,12,0,NA,NA,NA,NA,NA,NA,NA
2495824,"Jay Cutler","CHI","QB",33,10,9,0,0,0,NA,63,0,12,0,NA,NA,NA,NA,NA,NA,NA
2495825,"Owen Daniels","FA","TE",34,10,NA,0,0,0,NA,86,0,6,0,NA,NA,NA,NA,NA,NA,NA
2495838,"Bruce Gradkowski","PIT","QB",33,10,8,0,0,0,NA,63,0,12,0,NA,NA,NA,NA,NA,NA,NA
2495843,"Derek Hagan","FA","WR",32,10,NA,0,0,0,NA,154,0,12,0,NA,NA,NA,NA,NA,NA,NA
2495863,"Tarvaris Jackson","FA","QB",33,10,NA,0,0,0,NA,63,0,12,0,NA,NA,NA,NA,NA,NA,NA
2495867,"Greg Jennings","FA","WR",33,10,NA,0,0,0,NA,154,0,12,0,NA,NA,NA,NA,NA,NA,NA
2499248,"Kris Durham","FA","WR",28,5,NA,0,0,0,NA,154,0,12,0,NA,NA,NA,NA,NA,NA,NA
2499255,"Richard Gordon","BAL","TE",29,5,8,0,0,0,NA,86,0,6,0,NA,NA,NA,NA,NA,NA,NA
2499277,"David Ausberry","FA","TE",29,5,NA,0,0,0,NA,86,0,6,0,NA,NA,NA,NA,NA,NA,NA
2504162,"Shayne Graham","FA","K",NA,NA,NA,0,0,0,0,31,0,6,0,NA,NA,NA,1.67914496177443,NA,NA,NA
2504211,"Tom Brady","NE","QB",39,16,9,0,0,0,NA,63,0,12,0,NA,NA,NA,NA,NA,NA,NA
2504941,"Billy Cundiff","FA","K",36,14,NA,0,0,0,NA,31,0,6,0,NA,NA,NA,NA,NA,NA,NA
2505076,"Josh McCown","CLE","QB",37,14,13,0,0,0,NA,63,0,12,0,NA,NA,NA,NA,NA,NA,NA
2505299,"Antonio Gates","SD","TE",36,13,11,0,0,0,NA,86,0,6,0,NA,NA,NA,NA,NA,NA,NA
2505354,"Tony Romo","DAL","QB",36,13,7,0,0,0,NA,63,0,12,0,NA,NA,NA,NA,NA,NA,NA
2505936,"Steven Jackson","NE","RB",33,12,9,0,0,0,NA,112,0,0,0,NA,NA,NA,NA,NA,NA,NA
2506004,"Jerricho Cotchery","FA","WR",34,12,NA,0,0,0,NA,154,0,12,0,NA,NA,NA,NA,NA,NA,NA
2506063,"Josh Scobee","FA","K",34,12,NA,0,0,0,NA,31,0,6,0,NA,NA,NA,NA,NA,NA,NA
2506222,"Josh Cribbs","FA","WR",33,11,NA,0,0,0,NA,154,0,12,0,NA,NA,NA,NA,NA,NA,NA
2506264,"Robbie Gould","FA","K",34,11,NA,0,0,0,0,31,0,6,0,NA,NA,NA,1.67914496177443,NA,NA,NA
2506341,"Ronnie Brown","FA","RB",35,11,NA,0,0,0,NA,112,0,0,0,NA,NA,NA,NA,NA,NA,NA
2506363,"Aaron Rodgers","GB","QB",33,11,4,0,0,0,NA,63,0,12,0,NA,NA,NA,NA,NA,NA,NA
2506619,"Daniel Fells","NYG","TE",33,10,8,0,0,0,NA,86,0,6,0,NA,NA,NA,NA,NA,NA,NA
2506871,"Fred Jackson","FA","RB",35,10,NA,0,0,0,NA,112,0,0,0,NA,NA,NA,NA,NA,NA,NA
2506885,"Santonio Holmes","FA","WR",32,10,NA,0,0,0,NA,154,0,12,0,NA,NA,NA,NA,NA,NA,NA
2506897,"Devin Hester","BAL","WR",34,10,8,0,0,0,0,154,0,11,0,NA,NA,NA,2.38185924023141,NA,0,NA
2507164,"Adrian Peterson","MIN","RB",31,9,6,0,0,0,NA,112,0,0,0,NA,NA,NA,NA,NA,NA,NA
2507170,"Zach Miller","FA","TE",31,9,NA,0,0,0,NA,86,0,6,0,NA,NA,NA,NA,NA,NA,NA
2507183,"James Jones","FA","WR",32,9,NA,0,0,0,0,154,0,11,0,NA,NA,NA,2.38185924023141,NA,NA,NA
2507218,"Brent Celek","PHI","TE",31,9,4,0,0,0,NA,86,0,6,0,NA,NA,NA,NA,NA,NA,NA
2507232,"Mason Crosby","GB","K",32,9,4,0,0,0,NA,31,0,6,0,NA,NA,NA,NA,NA,NA,NA
2507237,"Jordan Palmer","FA","QB",32,9,NA,0,0,0,NA,63,0,12,0,NA,NA,NA,NA,NA,NA,NA
2507278,"Jackie Battle","FA","RB",33,9,NA,0,0,0,NA,112,0,0,0,NA,NA,NA,NA,NA,NA,NA
2507405,"Matthew Mulligan","FA","TE",31,8,NA,0,0,0,NA,86,0,6,0,NA,NA,NA,NA,NA,NA,NA
2507779,"Donald Brown","FA","RB",29,7,NA,0,0,0,NA,112,0,0,0,NA,NA,NA,NA,NA,NA,NA
2507883,"Jeff Cumberland","SD","TE",29,6,11,0,0,0,NA,86,0,6,0,NA,NA,NA,NA,NA,NA,NA
2508051,"John Conner","FA","RB",29,6,NA,0,0,0,NA,112,0,0,0,NA,NA,NA,NA,NA,NA,NA
2508096,"Tyler Clutts","FA","RB",32,6,NA,0,0,0,NA,112,0,0,0,NA,NA,NA,NA,NA,NA,NA
2508112,"Rob Housler","FA","TE",28,5,NA,0,0,0,0,86,0,6,0,NA,NA,NA,2.66640858446214,NA,NA,NA
2508115,"Vincent Brown","FA","WR",27,5,NA,0,0,0,0,154,0,11,0,NA,NA,NA,2.38185924023141,NA,NA,NA
2530516,"Robert Hughes","FA","RB",27,5,NA,0,0,0,NA,112,0,0,0,NA,NA,NA,NA,NA,NA,NA
2530575,"Drew Davis","FA","WR",27,4,NA,0,0,0,NA,154,0,12,0,NA,NA,NA,NA,NA,NA,NA
2530690,"DuJuan Harris","FA","RB",28,5,NA,0,0,0,0,112,0,7,0,NA,NA,NA,2.51397817826279,NA,NA,NA
2530699,"Henry Hynoski","FA","RB",28,5,NA,0,0,0,NA,112,0,0,0,NA,NA,NA,NA,NA,NA,NA
2530713,"Jeff Maehl","FA","WR",27,5,NA,0,0,0,NA,154,0,12,0,NA,NA,NA,NA,NA,NA,NA
2531218,"Chase Reynolds","LA","RB",29,4,8,0,0,0,NA,112,0,0,0,NA,NA,NA,NA,NA,NA,NA
2532799,"Jarrett Boykin","FA","WR",27,4,NA,0,0,0,NA,154,0,12,0,NA,NA,NA,NA,NA,NA,NA
2532802,"LaVon Brazill","FA","WR",27,4,NA,0,0,0,NA,154,0,12,0,NA,NA,NA,NA,NA,NA,NA
2532807,"Ryan Broyles","FA","WR",28,4,NA,0,0,0,NA,154,0,12,0,NA,NA,NA,NA,NA,NA,NA
2532823,"Juron Criner","FA","WR",27,4,NA,0,0,0,NA,154,0,12,0,NA,NA,NA,NA,NA,NA,NA
2532850,"T.J. Graham","FA","WR",27,4,NA,0,0,0,NA,154,0,12,0,NA,NA,NA,NA,NA,NA,NA
2532851,"Cyrus Gray","ATL","RB",27,4,11,0,0,0,NA,112,0,0,0,NA,NA,NA,NA,NA,NA,NA
2532853,"Ladarius Green","PIT","TE",26,4,8,0,0,0,NA,86,0,6,0,NA,NA,NA,NA,NA,NA,NA
2532862,"Junior Hemingway","FA","WR",28,4,NA,0,0,0,NA,154,0,12,0,NA,NA,NA,NA,NA,NA,NA
2532864,"Dan Herron","FA","RB",27,4,NA,0,0,0,0,112,0,7,0,NA,NA,NA,2.51397817826279,NA,NA,NA
2532876,"A.J. Jenkins","FA","WR",26,4,NA,0,0,0,NA,154,0,12,0,NA,NA,NA,NA,NA,NA,NA
2532894,"Ryan Lindley","FA","QB",27,4,NA,0,0,0,NA,63,0,12,0,NA,NA,NA,NA,NA,NA,NA
2532899,"Doug Martin","TB","RB",27,4,6,0,0,0,NA,112,0,0,0,NA,NA,NA,NA,NA,NA,NA
2532917,"Kellen Moore","DAL","QB",27,4,7,0,0,0,NA,63,0,12,0,NA,NA,NA,NA,NA,NA,NA
2532960,"Nick Toon","FA","WR",28,4,NA,0,0,0,NA,154,0,12,0,NA,NA,NA,NA,NA,NA,NA
2532970,"Brandon Weeden","HOU","QB",33,4,9,0,0,0,NA,63,0,12,0,NA,NA,NA,NA,NA,NA,NA
2533012,"Vick Ballard","FA","RB",26,4,NA,0,0,0,NA,112,0,0,0,NA,NA,NA,NA,NA,NA,NA
2533028,"James Hanna","DAL","TE",27,4,7,0,0,0,NA,86,0,6,0,NA,NA,NA,NA,NA,NA,NA
2533030,"Jonas Gray","FA","RB",26,4,NA,0,0,0,NA,112,0,0,0,NA,NA,NA,NA,NA,NA,NA
2533032,"Trent Richardson","FA","RB",25,4,NA,0,0,0,NA,112,0,0,0,NA,NA,NA,NA,NA,NA,NA
2533033,"Robert Griffin","CLE","QB",26,4,13,0,0,0,NA,63,0,12,0,NA,NA,NA,NA,NA,NA,NA
2533036,"LaMichael James","FA","RB",27,4,NA,0,0,0,NA,112,0,0,0,NA,NA,NA,NA,NA,NA,NA
2533037,"Chris Polk","HOU","RB",27,4,9,0,0,0,NA,112,0,0,0,NA,NA,NA,NA,NA,NA,NA
2533038,"Justin Blackmon","JAC","WR",26,4,5,0,0,0,NA,154,0,12,0,NA,NA,NA,NA,NA,NA,NA
2533047,"Orson Charles","DET","TE",25,4,10,0,0,0,0,86,0,6,0,NA,NA,NA,2.66640858446214,NA,NA,NA
2533444,"Randy Bullock","FA","K",27,4,NA,0,0,0,0,31,0,6,0,NA,NA,NA,1.67914496177443,NA,NA,NA
2533537,"Stephen Hill","FA","WR",25,4,NA,0,0,0,NA,154,0,12,0,NA,NA,NA,NA,NA,NA,NA
2533540,"Edwin Baker","FA","RB",25,4,NA,0,0,0,NA,112,0,0,0,NA,NA,NA,NA,NA,NA,NA
2533545,"Bernard Pierce","FA","RB",25,4,NA,0,0,0,NA,112,0,0,0,NA,NA,NA,NA,NA,NA,NA
2534241,"Derek Carrier","WAS","TE",26,4,9,0,0,0,NA,86,0,6,0,NA,NA,NA,NA,NA,NA,NA
2534244,"Chase Ford","FA","TE",26,4,NA,0,0,0,NA,86,0,6,0,NA,NA,NA,NA,NA,NA,NA
2534437,"Austin Johnson","FA","RB",27,3,NA,0,0,0,0,112,0,7,0,NA,NA,NA,2.51397817826279,NA,NA,NA
2534770,"Jonathan Grimes","HOU","RB",27,4,9,0,0,0,NA,112,0,0,0,NA,NA,NA,NA,NA,NA,NA
2534789,"Daryl Richardson","PIT","RB",26,4,8,0,0,0,0,112,0,7,0,NA,NA,NA,2.51397817826279,NA,NA,NA
2534796,"Bryce Brown","FA","RB",25,4,NA,0,0,0,NA,112,0,0,0,NA,NA,NA,NA,NA,NA,NA
2534870,"Alex Tanney","FA","QB",29,4,NA,0,0,0,NA,63,0,12,0,NA,NA,NA,NA,NA,NA,NA
2534871,"Derrick Coleman","FA","RB",26,4,NA,0,0,0,NA,112,0,0,0,NA,NA,NA,NA,NA,NA,NA
2534889,"Matt Simms","FA","QB",28,4,NA,0,0,0,NA,63,0,12,0,NA,NA,NA,NA,NA,NA,NA
2535634,"Chris Givens","FA","WR",27,4,NA,0,0,0,NA,154,0,12,0,NA,NA,NA,NA,NA,NA,NA
2535696,"Joe Banyard","JAC","RB",28,4,5,0,0,0,0,112,0,7,0,NA,NA,NA,2.51397817826279,NA,NA,NA
2535882,"Mike Brown","FA","WR",27,4,NA,0,0,0,NA,154,0,12,0,NA,NA,NA,NA,NA,NA,NA
2535988,"Brittan Golden","FA","WR",28,4,NA,0,0,0,0,154,0,11,0,NA,NA,NA,2.38185924023141,NA,NA,NA
2536031,"Damaris Johnson","FA","WR",27,4,NA,0,0,0,NA,154,0,12,0,NA,NA,NA,NA,NA,NA,NA
2536071,"Cooper Helfet","FA","TE",27,5,NA,0,0,0,NA,86,0,6,0,NA,NA,NA,NA,NA,NA,NA
2536532,"Jorvorskie Lane","FA","RB",29,4,NA,0,0,0,NA,112,0,0,0,NA,NA,NA,NA,NA,NA,NA
2537931,"Josh Gordon","CLE","WR",25,4,13,0,0,0,NA,154,0,12,0,NA,NA,NA,NA,NA,NA,NA
2539202,"Chris Gragg","BUF","TE",26,3,10,0,0,0,NA,86,0,6,0,NA,NA,NA,NA,NA,NA,NA
2539203,"Cobi Hamilton","FA","WR",26,3,NA,0,0,0,NA,154,0,12,0,NA,NA,NA,NA,NA,NA,NA
2539214,"Kenbrell Thompkins","FA","WR",28,3,NA,0,0,0,NA,154,0,12,0,NA,NA,NA,NA,NA,NA,NA
2539246,"Chris Harper","FA","WR",27,3,NA,0,0,0,NA,154,0,12,0,NA,NA,NA,NA,NA,NA,NA
2539289,"Kenjon Barner","PHI","RB",27,3,4,0,0,0,NA,112,0,0,0,NA,NA,NA,NA,NA,NA,NA
2539315,"Stepfan Taylor","ARI","RB",25,3,9,0,0,0,NA,112,0,0,0,NA,NA,NA,NA,NA,NA,NA
2539327,"Joseph Fauria","FA","TE",26,3,NA,0,0,0,NA,86,0,6,0,NA,NA,NA,NA,NA,NA,NA
2539341,"Montee Ball","FA","RB",26,3,NA,0,0,0,NA,112,0,0,0,NA,NA,NA,NA,NA,NA,NA
2539674,"Rodney Smith","FA","WR",26,3,NA,0,0,0,NA,154,0,12,0,NA,NA,NA,NA,NA,NA,NA
2539980,"Kerwynn Williams","FA","RB",25,3,NA,0,0,0,NA,112,0,0,0,NA,NA,NA,NA,NA,NA,NA
2540005,"Marlon Brown","FA","WR",25,3,NA,0,0,0,0,154,0,11,0,NA,NA,NA,2.38185924023141,NA,NA,NA
2540148,"Tyler Eifert","CIN","TE",26,3,9,0,0,0,NA,86,0,6,0,NA,NA,NA,NA,NA,NA,NA
2540151,"Justin Hunter","MIA","WR",25,3,8,0,0,0,0,154,0,11,0,NA,NA,NA,2.38185924023141,NA,NA,NA
2540154,"Keenan Allen","SD","WR",24,3,11,0,0,0,NA,154,0,12,0,NA,NA,NA,NA,NA,NA,NA
2540157,"Stedman Bailey","LA","WR",26,3,8,0,0,0,NA,154,0,12,0,NA,NA,NA,NA,NA,NA,NA
2540158,"Zach Ertz","PHI","TE",26,3,4,0,0,0,NA,86,0,6,0,NA,NA,NA,NA,NA,NA,NA
2540168,"Eddie Lacy","GB","RB",25,3,4,0,0,0,NA,112,0,0,0,NA,NA,NA,NA,NA,NA,NA
2540171,"Joseph Randle","FA","RB",25,3,NA,0,0,0,NA,112,0,0,0,NA,NA,NA,NA,NA,NA,NA
2540173,"Tyler Bray","KC","QB",25,3,5,0,0,0,NA,63,0,12,0,NA,NA,NA,NA,NA,NA,NA
2540181,"Josh Boyce","FA","WR",25,3,NA,0,0,0,NA,154,0,12,0,NA,NA,NA,NA,NA,NA,NA
2540224,"Mike James","FA","RB",25,3,NA,0,0,0,NA,112,0,0,0,NA,NA,NA,NA,NA,NA,NA
2540225,"Tommy Bohanon","FA","RB",26,3,NA,0,0,0,0,112,0,7,0,NA,NA,NA,2.51397817826279,NA,NA,NA
2540233,"Nick Kasa","FA","TE",26,3,NA,0,0,0,NA,86,0,6,0,NA,NA,NA,NA,NA,NA,NA
2540257,"Justice Cunningham","FA","TE",25,3,NA,0,0,0,NA,86,0,6,0,NA,NA,NA,NA,NA,NA,NA
2540261,"Corey Fuller","DET","WR",26,3,10,0,0,0,NA,154,0,12,0,NA,NA,NA,NA,NA,NA,NA
2540263,"Sean Renfree","FA","QB",26,3,NA,0,0,0,NA,63,0,12,0,NA,NA,NA,NA,NA,NA,NA
2540279,"Nick Williams","FA","WR",26,3,NA,0,0,0,NA,154,0,12,0,NA,NA,NA,NA,NA,NA,NA
2541185,"Ryan Griffin","TB","QB",27,3,6,0,0,0,NA,63,0,12,0,NA,NA,NA,NA,NA,NA,NA
2541314,"Justin Brown","FA","WR",25,3,NA,0,0,0,NA,154,0,12,0,NA,NA,NA,NA,NA,NA,NA
2541390,"Kevin Dorsey","NE","WR",26,3,9,0,0,0,NA,154,0,12,0,NA,NA,NA,NA,NA,NA,NA
2541429,"B.J. Daniels","FA","QB",27,3,NA,0,0,0,NA,63,0,12,0,NA,NA,NA,NA,NA,NA,NA
2541432,"Michael Cox","FA","RB",27,3,NA,0,0,0,NA,112,0,0,0,NA,NA,NA,NA,NA,NA,NA
2541512,"Brian Leonhardt","OAK","TE",26,3,10,0,0,0,NA,86,0,6,0,NA,NA,NA,NA,NA,NA,NA
2541778,"Kendall Gaskins","FA","RB",26,3,NA,0,0,0,NA,112,0,0,0,NA,NA,NA,NA,NA,NA,NA
2541834,"Josh Hill","NO","TE",26,3,5,0,0,0,NA,86,0,6,0,NA,NA,NA,NA,NA,NA,NA
2541910,"George Winn","FA","RB",26,3,NA,0,0,0,NA,112,0,0,0,NA,NA,NA,NA,NA,NA,NA
2542022,"Khiry Robinson","FA","RB",27,3,NA,0,0,0,0,112,0,7,0,NA,NA,NA,2.51397817826279,NA,NA,NA
2542060,"Jordan Gay","BUF","K",NA,NA,10,0,0,0,NA,31,0,6,0,NA,NA,NA,NA,NA,NA,NA
2543462,"Johnny Manziel","FA","QB",24,2,NA,0,0,0,NA,63,0,12,0,NA,NA,NA,NA,NA,NA,NA
2543465,"Teddy Bridgewater","MIN","QB",24,2,6,0,0,0,NA,63,0,12,0,NA,NA,NA,NA,NA,NA,NA
2543495,"Davante Adams","GB","WR",24,2,4,0,0,0,NA,154,0,12,0,NA,NA,NA,NA,NA,NA,NA
2543502,"Tre Mason","LA","RB",23,2,8,0,0,0,NA,112,0,0,0,NA,NA,NA,NA,NA,NA,NA
2543533,"Patrick Murray","CLE","K",25,2,13,0,0,0,NA,31,0,6,0,NA,NA,NA,NA,NA,NA,NA
2543551,"KaDeem Carey","CHI","RB",24,2,9,0,0,0,NA,112,0,0,0,NA,NA,NA,NA,NA,NA,NA
2543559,"Lache Seastrunk","FA","RB",25,2,NA,0,0,0,NA,112,0,0,0,NA,NA,NA,NA,NA,NA,NA
2543565,"Andre Williams","FA","RB",24,2,NA,0,0,0,NA,112,0,0,0,NA,NA,NA,NA,NA,NA,NA
2543570,"Storm Johnson","FA","RB",24,2,NA,0,0,0,NA,112,0,0,0,NA,NA,NA,NA,NA,NA,NA
2543572,"Martavis Bryant","PIT","WR",25,2,8,0,0,0,NA,154,0,12,0,NA,NA,NA,NA,NA,NA,NA
2543587,"Aaron Murray","FA","QB",26,2,NA,0,0,0,0,63,0,12,0,NA,NA,NA,3.49190055895352,NA,NA,NA
2543596,"Dri Archer","BUF","RB",25,2,10,0,0,0,0,112,0,7,0,NA,NA,NA,2.51397817826279,NA,NA,NA
2543628,"Troy Niklas","ARI","TE",24,2,9,0,0,0,NA,86,0,6,0,NA,NA,NA,NA,NA,NA,NA
2543646,"Bruce Ellington","SF","WR",25,2,8,0,0,0,NA,154,0,12,0,NA,NA,NA,NA,NA,NA,NA
2543655,"Tyler Gaffney","FA","RB",25,2,NA,0,0,0,NA,112,0,0,0,NA,NA,NA,NA,NA,NA,NA
2543682,"Bishop Sankey","FA","RB",24,2,NA,0,0,0,0,112,0,7,0,NA,NA,NA,2.51397817826279,NA,NA,NA
2543690,"Marion Grice","FA","RB",24,2,NA,0,0,0,NA,112,0,0,0,NA,NA,NA,NA,NA,NA,NA
2543746,"Josh Huff","PHI","WR",25,2,4,0,0,0,NA,154,0,12,0,NA,NA,NA,NA,NA,NA,NA
2543750,"Jeff Janis","GB","WR",25,2,4,0,0,0,NA,154,0,12,0,NA,NA,NA,NA,NA,NA,NA
2543751,"David Fales","FA","QB",26,2,NA,0,0,0,0,63,0,12,0,NA,NA,NA,3.49190055895352,NA,NA,NA
2543767,"Logan Thomas","FA","QB",25,2,NA,0,0,0,NA,63,0,12,0,NA,NA,NA,NA,NA,NA,NA
2543774,"Jared Abbrederis","GB","WR",26,2,4,0,0,0,NA,154,0,12,0,NA,NA,NA,NA,NA,NA,NA
2543777,"Robert Herron","FA","WR",24,2,NA,0,0,0,NA,154,0,12,0,NA,NA,NA,NA,NA,NA,NA
2543781,"Zach Hocker","FA","K",25,2,NA,0,0,0,NA,31,0,6,0,NA,NA,NA,NA,NA,NA,NA
2543784,"Keith Wenning","FA","QB",25,2,NA,0,0,0,NA,63,0,12,0,NA,NA,NA,NA,NA,NA,NA
2543792,"Matt Hazel","FA","WR",24,2,NA,0,0,0,NA,154,0,12,0,NA,NA,NA,NA,NA,NA,NA
2543836,"T.J. Jones","FA","WR",24,2,NA,0,0,0,0,154,0,11,0,NA,NA,NA,2.38185924023141,NA,NA,NA
2550158,"Nate Freese","FA","K",26,2,NA,0,0,0,NA,31,0,6,0,NA,NA,NA,NA,NA,NA,NA
2550163,"Michael Campanaro","FA","WR",25,2,NA,0,0,0,NA,154,0,12,0,NA,NA,NA,NA,NA,NA,NA
2550182,"Isaiah Burse","SD","WR",25,2,11,0,0,0,NA,154,0,12,0,NA,105.5,12.5,8.16803865618377,NA,NA,NA
2550183,"Jeremy Butler","FA","WR",25,2,NA,0,0,0,0,154,0,11,0,NA,NA,NA,2.38185924023141,NA,NA,NA
2550216,"Jonathan Krause","FA","WR",NA,NA,NA,0,0,0,0,154,0,11,0,NA,NA,NA,2.38185924023141,NA,NA,NA
2550223,"Freddie Martino","ATL","WR",25,2,11,0,0,0,NA,154,0,12,0,NA,NA,NA,NA,NA,0,NA
2550233,"Rajion Neal","CLE","RB",24,2,13,0,0,0,NA,112,0,0,0,NA,NA,NA,NA,NA,NA,NA
2550247,"Bryn Renner","FA","QB",26,2,NA,0,0,0,NA,63,0,12,0,NA,NA,NA,NA,NA,NA,NA
2550263,"Juwan Thompson","FA","RB",24,2,NA,0,0,0,NA,112,0,0,0,NA,NA,NA,NA,NA,NA,NA
2550284,"Trey Burton","PHI","TE",25,2,4,0,0,0,NA,86,0,6,0,NA,NA,NA,NA,NA,NA,NA
2550310,"Carey Spear","FA","K",24,2,NA,0,0,0,NA,31,0,6,0,NA,NA,NA,NA,NA,NA,NA
2550330,"Kain Colter","FA","WR",24,2,NA,0,0,0,NA,154,0,12,0,NA,NA,NA,NA,NA,NA,NA
2550355,"Nic Jacobs","FA","TE",25,2,NA,0,0,0,0,86,0,6,0,NA,NA,NA,2.66640858446214,NA,NA,NA
2550356,"Marcel Jensen","WAS","TE",26,2,9,0,0,0,0,86,0,6,0,NA,NA,NA,2.66640858446214,NA,NA,NA
2550359,"Seantavius Jones","FA","WR",24,2,NA,0,0,0,NA,154,0,12,0,NA,NA,NA,NA,NA,NA,NA
2550376,"Stephen Morris","FA","QB",24,2,NA,0,0,0,NA,63,0,12,0,NA,NA,NA,NA,NA,NA,NA
2550413,"Corey Washington","FA","WR",25,2,NA,0,0,0,NA,154,0,12,0,NA,NA,NA,NA,NA,NA,NA
2550454,"Asante Cleveland","SD","TE",24,2,11,0,0,0,0,86,0,6,0,NA,NA,NA,2.66640858446214,NA,NA,NA
2550459,"Javontee Herndon","SD","WR",25,2,11,0,0,0,NA,154,0,12,0,NA,NA,NA,NA,NA,NA,NA
2550485,"Gator Hoskins","FA","TE",25,2,NA,0,0,0,NA,86,0,6,0,NA,NA,NA,NA,NA,NA,NA
2550529,"Silas Redd","WAS","RB",24,2,9,0,0,0,NA,112,0,0,0,NA,NA,NA,NA,NA,NA,NA
2550551,"Travis Coons","FA","K",24,2,NA,0,0,0,NA,31,0,6,0,NA,NA,NA,NA,NA,NA,NA
2550596,"Darrin Reaves","FA","RB",23,2,NA,0,0,0,NA,112,0,0,0,NA,NA,NA,NA,NA,NA,NA
2550608,"RaShaun Allen","SEA","TE",26,2,5,0,0,0,0,86,0,6,0,NA,NA,NA,2.66640858446214,NA,NA,NA
2550658,"Branden Oliver","SD","RB",25,2,11,0,0,0,NA,112,0,0,0,NA,NA,NA,NA,NA,NA,NA
2551247,"Josh Harris","PIT","RB",25,2,8,0,0,0,NA,112,0,0,0,NA,NA,NA,NA,NA,NA,NA
2551359,"Jerome Cunningham","FA","TE",25,2,NA,0,0,0,0,86,0,6,0,NA,NA,NA,2.66640858446214,NA,NA,NA
2552369,"Bryce Petty","NYJ","QB",25,1,11,0,0,0,NA,63,0,12,0,NA,NA,NA,NA,NA,NA,NA
2552371,"Garrett Grayson","FA","QB",25,1,NA,0,0,0,0,63,0,12,0,NA,NA,NA,3.49190055895352,NA,NA,NA
2552374,"Ameer Abdullah","DET","RB",23,1,10,0,0,0,NA,112,0,0,0,NA,NA,NA,NA,NA,NA,NA
2552376,"David Cobb","FA","RB",23,1,NA,0,0,0,0,112,0,7,0,NA,NA,NA,2.51397817826279,NA,NA,NA
2552379,"Jeremy Langford","CHI","RB",25,1,9,0,0,0,NA,112,0,0,0,NA,NA,NA,NA,NA,NA,NA
2552383,"Terrence Magee","BAL","RB",23,1,8,0,0,0,NA,112,0,0,0,NA,NA,NA,NA,NA,NA,NA
2552396,"Ben Koyack","JAC","TE",23,1,5,0,0,0,NA,86,0,6,0,NA,NA,NA,NA,NA,NA,NA
2552402,"Nick Boyle","BAL","TE",23,1,8,0,0,0,NA,86,0,6,0,NA,NA,NA,NA,NA,NA,NA
2552411,"Dezmin Lewis","FA","WR",24,1,NA,0,0,0,NA,154,0,12,0,NA,NA,NA,NA,NA,NA,NA
2552421,"Kenny Bell","FA","WR",24,1,NA,0,0,0,0,154,0,11,0,NA,NA,NA,2.38185924023141,NA,NA,NA
2552431,"Vince Mayle","FA","WR",NA,NA,NA,0,0,0,NA,154,0,12,0,NA,NA,NA,NA,NA,NA,NA
2552462,"Gerald Christian","FA","TE",25,1,NA,0,0,0,NA,86,0,6,0,NA,NA,NA,NA,NA,NA,NA
2552476,"Kenny Hilliard","FA","RB",25,1,NA,0,0,0,NA,112,0,0,0,NA,NA,NA,NA,NA,NA,NA
2552477,"Aaron Ripkowski","GB","RB",NA,NA,4,0,0,0,NA,112,0,0,0,NA,NA,NA,NA,NA,NA,NA
2552479,"DaRon Brown","KC","WR",25,1,5,0,0,0,NA,154,0,12,0,NA,NA,NA,NA,NA,NA,NA
2552491,"Dorial Green-Beckham","PHI","WR",23,1,4,0,0,0,NA,154,0,12,0,NA,NA,NA,NA,NA,NA,NA
2552576,"Sean Mannion","LA","QB",24,1,8,0,0,0,0,63,0,12,0,NA,NA,NA,3.49190055895352,NA,NA,NA
2552580,"A.J. Derby","NE","TE",25,1,9,0,0,0,NA,86,0,6,0,NA,NA,NA,NA,NA,NA,NA
2552588,"Brett Hundley","GB","QB",23,1,4,0,0,0,NA,63,0,12,0,NA,NA,NA,NA,NA,NA,NA
2552600,"Nelson Agholor","PHI","WR",23,1,4,0,0,0,NA,154,0,12,0,NA,NA,NA,NA,NA,NA,NA
2552616,"Duron Carter","FA","WR",25,1,NA,0,0,0,NA,154,0,12,0,NA,NA,NA,NA,NA,NA,NA
2552634,"Joey Iosefa","FA","RB",NA,NA,NA,0,0,0,0,112,0,7,0,NA,NA,NA,2.51397817826279,NA,NA,NA
2552650,"Mario Alford","FA","WR",NA,NA,NA,0,0,0,NA,154,0,12,0,NA,NA,NA,NA,NA,NA,NA
2552651,"Kaelin Clay","BAL","WR",24,1,8,0,0,0,NA,154,0,12,0,NA,NA,NA,NA,NA,NA,NA
2552654,"Geremy Davis","FA","WR",24,1,NA,0,0,0,0,154,0,11,0,NA,NA,NA,2.38185924023141,NA,NA,NA
2553117,"Jarryd Hayne","FA","RB",28,1,NA,0,0,0,NA,112,0,0,0,NA,NA,NA,NA,NA,NA,NA
2553289,"Evan Spencer","FA","WR",NA,NA,NA,0,0,0,NA,154,0,12,0,NA,NA,NA,NA,NA,NA,NA
2553292,"Kennard Backman","GB","TE",23,1,4,0,0,0,NA,86,0,6,0,NA,NA,NA,NA,NA,NA,NA
2553453,"Andre Debose","FA","WR",NA,NA,NA,0,0,0,NA,154,0,12,0,NA,NA,NA,NA,NA,NA,NA
2553462,"Josh Robinson","FA","RB",24,1,NA,0,0,0,NA,112,0,0,0,NA,NA,NA,NA,NA,NA,NA
2553465,"Rory Anderson","SF","TE",24,1,8,0,0,0,NA,86,0,6,0,NA,NA,NA,NA,NA,NA,NA
2553497,"Kyle Brindza","FA","K",23,1,NA,0,0,0,NA,31,0,6,0,NA,NA,NA,NA,NA,NA,NA
2553502,"DeAndre Carter","FA","WR",23,1,NA,0,0,0,NA,154,0,12,0,NA,NA,NA,NA,NA,NA,NA
2553511,"John Crockett","GB","RB",24,1,4,0,0,0,NA,112,0,0,0,NA,NA,NA,NA,NA,NA,NA
2553533,"Alonzo Harris","FA","RB",NA,NA,NA,0,0,0,NA,112,0,0,0,NA,NA,NA,NA,NA,NA,NA
2553548,"Jake Kumerow","FA","WR",NA,NA,NA,0,0,0,NA,154,0,12,0,NA,NA,NA,NA,NA,NA,NA
2553652,"Chris Harper","SF","WR",NA,NA,8,0,0,0,NA,154,0,12,0,NA,NA,NA,NA,NA,NA,NA
2553653,"Josh Harper","OAK","WR",25,1,10,0,0,0,NA,154,0,12,0,NA,NA,NA,NA,NA,NA,NA
2553660,"Akeem Hunt","FA","RB",23,1,NA,0,0,0,0,112,0,7,0,NA,NA,NA,2.51397817826279,NA,NA,NA
2553662,"Gus Johnson","FA","RB",23,1,NA,0,0,0,0,112,0,7,0,NA,NA,NA,2.51397817826279,NA,NA,NA
2553703,"Devante Davis","FA","WR",24,1,NA,0,0,0,NA,154,0,12,0,NA,NA,NA,NA,NA,NA,NA
2553728,"Raheem Mostert","CHI","RB",NA,NA,9,0,0,0,NA,112,0,7,0,NA,75.6,4.6,4.44538129821131,NA,NA,NA
2553733,"Thomas Rawls","SEA","RB",23,1,5,0,0,0,NA,112,0,7,0,NA,NA,NA,NA,NA,NA,NA
2553773,"Mitchell Henry","FA","TE",NA,NA,NA,0,0,0,NA,86,0,6,0,NA,NA,NA,NA,NA,NA,NA
2553791,"E.J. Bibbs","FA","TE",25,1,NA,0,0,0,NA,86,0,6,0,NA,NA,NA,NA,NA,NA,NA
2553797,"Michael Dyer","FA","RB",26,1,NA,0,0,0,NA,112,0,7,0,NA,NA,NA,NA,NA,NA,NA
2553867,"Mack Brown","FA","RB",NA,NA,NA,0,0,0,NA,112,0,7,0,NA,NA,NA,NA,NA,NA,NA
2553876,"Donteea Dye","TB","WR",NA,NA,6,0,0,0,NA,154,0,12,0,NA,NA,NA,NA,NA,NA,NA
2553879,"Jahwan Edwards","SD","RB",24,1,11,0,0,0,NA,112,0,7,0,NA,NA,NA,NA,NA,NA,NA
2553896,"Darius Jennings","FA","WR",NA,NA,NA,0,0,0,NA,154,0,12,0,NA,NA,NA,NA,NA,NA,NA
2553900,"Daniel Brown","FA","WR",NA,NA,NA,0,0,0,NA,154,0,12,0,NA,NA,NA,NA,NA,NA,NA
2555229,"Kenneth Dixon","BAL","RB",22,0,8,0,0,0,NA,112,0,7,0,NA,NA,NA,NA,NA,NA,NA
2555262,"Jeff Driskel","CIN","QB",23,0,9,0,0,0,0,63,0,12,0,NA,NA,NA,3.49190055895352,NA,NA,NA
2555263,"Kevin Hogan","FA","QB",24,0,NA,0,0,0,0,63,0,12,0,NA,NA,NA,3.49190055895352,NA,NA,NA
2555306,"David Morgan","MIN","TE",23,0,6,0,0,0,NA,86,0,6,0,NA,NA,NA,NA,NA,NA,NA
2555332,"Connor Cook","OAK","QB",23,0,10,0,0,0,0,63,0,12,0,NA,NA,NA,3.49190055895352,NA,NA,NA
2555333,"Corey Coleman","CLE","WR",22,0,13,0,0,0,NA,154,0,12,0,NA,NA,NA,NA,NA,NA,NA
2555343,"Josh Doctson","WAS","WR",NA,0,9,0,0,0,NA,154,0,12,0,NA,NA,NA,NA,NA,NA,NA
2555350,"Kolby Listenbee","BUF","WR",22,0,10,0,0,0,NA,154,0,12,0,NA,NA,NA,NA,NA,NA,NA
2555413,"Trevor Davis","GB","WR",23,0,4,0,0,0,NA,154,0,12,0,NA,NA,NA,NA,NA,NA,NA
2555416,"Christian Hackenberg","NYJ","QB",21,0,11,0,0,0,0,63,0.631,12,0,NA,NA,NA,3.49190055895352,NA,NA,NA
2555459,"Keith Marshall","WAS","RB",22,0,9,0,0,0,NA,112,0,7,0,NA,NA,NA,NA,NA,NA,NA
2555471,"Kenny Lawler","FA","WR",22,0,NA,0,0,0,0,154,0,11,0,NA,NA,NA,2.38185924023141,NA,NA,NA
2555483,"Thomas Duarte","FA","TE",21,0,NA,0,0,0,0,86,0,6,0,NA,NA,NA,2.66640858446214,NA,NA,NA
2555487,"Beau Sandland","FA","TE",23,0,NA,0,0,0,NA,86,0,6,0,NA,NA,NA,NA,NA,NA,NA
2555573,"Anthony Dable","FA","WR",NA,2016,NA,0,0,0,NA,154,0,12,0,NA,NA,NA,NA,NA,NA,NA
2556144,"Daniel Braverman","FA","WR",23,0,NA,0,0,0,0,154,0,11,0,NA,NA,NA,2.38185924023141,NA,NA,NA
2556261,"Moritz Boehringer","FA","WR",NA,0,NA,0,0,0,0,154,0,11,0,NA,NA,NA,2.38185924023141,NA,NA,NA
2556375,"Rico Gathers","FA","TE",22,0,NA,0,0,0,0,86,0,6,0,NA,NA,NA,2.66640858446214,NA,NA,NA
2556379,"Zac Brooks","FA","RB",23,0,NA,0,0,0,NA,112,0,7,0,NA,NA,NA,NA,NA,NA,NA
2556454,"Brandon Wilds","FA","RB",23,0,NA,0,0,0,NA,112,0,7,0,NA,NA,NA,NA,NA,NA,NA
2556460,"Geronimo Allison","FA","WR",22,0,NA,0,0,0,NA,154,0,12,0,NA,NA,NA,NA,NA,NA,NA
2556463,"Stephen Anderson","HOU","TE",23,0,9,0,0,0,NA,86,NA,6,0,NA,NA,NA,NA,NA,NA,NA
2556473,"Jace Billingsley","FA","WR",23,0,NA,0,0,0,0,154,0,11,0,NA,NA,NA,2.38185924023141,NA,NA,NA
2556490,"Devon Cajuste","FA","WR",23,0,NA,0,0,0,0,154,0,11,0,NA,NA,NA,2.38185924023141,NA,NA,NA
2556492,"Joe Callahan","GB","QB",23,0,4,0,0,0,NA,63,1.299,12,0,NA,NA,NA,NA,NA,NA,NA
2556507,"Marshaun Coprich","FA","RB",22,0,NA,0,0,0,0,112,0,7,0,NA,NA,NA,2.51397817826279,NA,NA,NA
2556521,"Kaimi Fairbairn","HOU","K",22,0,9,0,0,0,NA,31,0,6,0,NA,NA,NA,NA,NA,NA,NA
2556528,"D.J. Foster","NE","RB",NA,0,9,0,0,0,NA,112,0,7,0,NA,NA,NA,NA,NA,NA,NA
2556528,"D.J. Foster","NE","WR",NA,0,9,0,0,0,NA,154,0,11,0,NA,NA,NA,NA,NA,NA,NA
2556541,"Aaron Green","FA","RB",24,0,NA,0,0,0,0,112,0,7,0,NA,NA,NA,2.51397817826279,NA,NA,NA
2556544,"Glenn Gronkowski","FA","RB",23,0,NA,0,0,0,0,112,0,7,0,NA,NA,NA,2.51397817826279,NA,NA,NA
2556569,"Andy Jones","FA","WR",NA,0,NA,0,0,0,0,154,0.105,11,0,NA,NA,NA,2.38185924023141,NA,NA,NA
2556577,"Marshall Koehn","FA","K",24,0,NA,0,0,0,NA,31,NA,6,0,NA,NA,NA,NA,NA,NA,NA
2556603,"Tre Madden","SEA","RB",23,0,5,0,0,0,NA,112,0,7,0,NA,NA,NA,NA,NA,NA,NA
2556851,"Keyarris Garrett","FA","WR",24,0,NA,0,0,0,0,154,0.21,11,0,NA,NA,NA,2.38185924023141,NA,NA,NA
2556854,"Devon Johnson","CAR","RB",23,0,7,0,0,0,NA,112,NA,7,0,NA,NA,NA,NA,NA,NA,NA
2541828,"Frankie Hammond","FA","WR",NA,NA,NA,-0.21,-0.189,-0.021,0.148492424049175,269,NA,12,0.168,NA,NA,NA,2.63113548504942,NA,NA,NA
2556477,"Trevone Boykin","SEA","QB",23,0,5,-1.262,-2.2844,-0.2396,1.80736493271282,106,0.0740000000000001,12,2.0448,NA,32.4,1.8,4.87880854799496,NA,NA,NA
2539287,"Landry Jones","PIT","QB",27,3,8,-1.336,-2.4432,-0.2288,1.95727157032436,107,NA,12,2.2144,NA,NA,NA,7.15277816931663,NA,0,NA
