"playerId","player","team","position","age","exp","bye","points","lower","upper","sdPts","positionRank","dropoff","tier","ptSpread","overallECR","positionECR","sdRank","risk","sleeper","actualPoints","salary"
2506363,"Aaron Rodgers","GB","QB",32,10,7,23.6333333333333,20.816,25.808,3.26388316784369,1,3.54666666666667,1,4.992,NA,3,1.1,5.86141068259496,NA,23.06,NA
2501863,"Peyton Manning","DEN","QB",39,17,7,20.2,18.496,22.144,2.33846103238861,2,0.683333333333334,2,3.648,NA,16,5.9,5.06208788337441,NA,3.9,NA
2504211,"Tom Brady","NE","QB",38,15,4,19.9733333333333,18.416,21.12,1.75046660446103,3,1.04,2,2.704,NA,15,4.6,4.01205229472948,NA,27.62,NA
2505354,"Tony Romo","DAL","QB",35,12,6,19.06,16.632,22.344,4.02238735081543,4,0.376666666666665,2,5.712,NA,14,5.4,7.54287442535114,NA,20.14,NA
2533031,"Andrew Luck","IND","QB",26,3,10,18.8066666666667,16.588,20.796,2.63076668166018,5,0.463333333333331,2,4.208,NA,11,4.4,5.31657491644177,NA,13.72,NA
2532956,"Ryan Tannehill","MIA","QB",27,3,5,18.56,17.168,19.712,1.59235674394904,6,0.538333333333334,2,2.544,NA,18,8.4,4.24690314003048,NA,10.74,NA
2540168,"Eddie Lacy","GB","RB",24,2,7,18.2533333333333,16.232,20.792,3.2456945841119,1,1.79166666666667,1,4.56,NA,5,1.5,3.89729883068545,NA,15.9,NA
310,"Matt Ryan","ATL","QB",30,7,10,18.1266666666667,16.948,19.412,1.55721974471599,7,0.371666666666663,3,2.464,NA,14,4.1,3.65788614931456,NA,14.62,NA
2506109,"Ben Roethlisberger","PIT","QB",33,11,11,17.9166666666667,15.14,21.5,4.34175463762444,8,0.456666666666667,3,6.36,NA,15,7,8.22461477464122,NA,15.04,NA
2532975,"Russell Wilson","SEA","QB",27,3,9,17.5933333333333,14.092,20.044,3.97780508991244,9,0.316666666666666,3,5.952,NA,16,10.7,8.13613750171518,NA,14.14,NA
79860,"Matthew Stafford","DET","QB",27,6,9,17.3266666666667,15.956,18.596,1.6637708175507,10,0.126666666666669,3,2.64,NA,21,14.6,5.12752275785238,NA,11.74,NA
2505245,"Carson Palmer","ARI","QB",36,12,9,17.2266666666667,15.808,18.72,1.82716538204218,11,0.733333333333334,3,2.912,NA,22,13.6,5.2496451563213,NA,25.68,NA
497095,"Sam Bradford","PHI","QB",28,5,8,17.1733333333333,15.32,19.672,3.0578641783659,12,1.39666666666666,3,4.352,NA,18,8.7,6.49754020398113,NA,11.44,NA
234,"Matt Forte","CHI","RB",30,7,7,16.66,15.144,18.68,2.46471093639802,2,0.573333333333334,1,3.536,NA,16,7.4,3.23525648268443,NA,22.6,NA
2507164,"Adrian Peterson","MIN","RB",30,8,5,16.2633333333333,13.532,18.42,3.29864113436629,3,1.045,1,4.888,NA,13,2.5,4.01849296839291,NA,5.2,NA
497278,"Dez Bryant","DAL","WR",27,5,6,15.9766666666667,14.604,16.98,1.6866040831604,1,0.593333333333332,1,2.376,NA,7,2.8,2.01081975880438,NA,4.8,NA
925,"Jamaal Charles","KC","RB",29,7,9,15.91,15.204,16.14,0.607700584169539,4,1.46666666666667,2,0.936,NA,20,4.8,0.75464635994854,NA,16.3,NA
2504775,"Drew Brees","NO","QB",36,14,11,15.8133333333333,14.364,16.988,1.64794821925124,13,0.219999999999999,4,2.624,NA,22,9.4,4.45549879636507,NA,15.5,NA
2495455,"Cam Newton","CAR","QB",26,4,5,15.74,13.324,17.644,2.91869834001392,14,0.471666666666668,4,4.32,NA,22,14.6,7.02274488954381,NA,11.5,NA
2506121,"Philip Rivers","SD","QB",34,11,10,15.4466666666667,15.368,15.544,0.117189305541646,15,0.411666666666667,4,0.176000000000002,NA,26,15.5,2.90401371227789,NA,17.92,NA
2543496,"Odell Beckham","NYG","WR",23,1,11,15.4,13.48,17,2.30651251893416,2,0.0499999999999989,1,3.52,NA,10,4.3,2.78221458240862,NA,4.4,NA
2495448,"Randall Cobb","GB","WR",25,4,7,15.3666666666667,13.82,16.7,1.85831464863551,3,0.0500000000000025,1,2.88,NA,15,7.1,2.38878413761408,NA,9.8,NA
2495454,"Julio Jones","ATL","WR",26,4,10,15.3333333333333,13.76,16.64,1.89032625050104,4,0.278333333333334,1,2.88,NA,9,1.9,2.20541133683698,NA,26.1,NA
2508061,"Antonio Brown","PIT","WR",27,5,11,15.3,13.66,16.7,1.96977156035922,5,0.693333333333335,1,3.04,NA,8,2.5,2.32151680745187,NA,19.3,NA
2495143,"Andy Dalton","CIN","QB",28,4,7,15.09,14.336,15.4,0.671788657242736,16,0.406666666666666,4,1.064,NA,26,19.5,4.24014339231891,NA,18.86,NA
2505996,"Eli Manning","NYG","QB",34,11,11,14.98,13.372,17.02,2.46438633334954,17,0.800000000000001,4,3.648,NA,24,10.3,5.80067958574568,NA,8.52,NA
497328,"Demaryius Thomas","DEN","WR",28,5,7,14.81,13.584,15.96,1.49408835080125,6,0.808333333333335,1,2.376,NA,11,4.8,1.87555010916559,NA,6,NA
2540269,"C.J. Anderson","DEN","RB",24,2,7,14.5266666666667,13.824,15.04,0.760350796233773,5,0.293333333333333,3,1.216,NA,14,7.4,1.08862986027323,NA,4.8,NA
2495450,"A.J. Green","CIN","WR",27,4,7,14.4033333333333,12.248,16.56,2.69500154607253,7,1.12666666666667,1,4.312,NA,15,7.8,3.37391064320367,NA,6.3,NA
2506340,"Alex Smith","KC","QB",31,10,9,14.3866666666667,13.616,14.784,0.820812605491249,18,0.418333333333333,5,1.168,NA,31,24.7,5.11333127911332,NA,23.22,NA
2495663,"Marshawn Lynch","SEA","RB",29,8,9,14.36,13.416,15.496,1.36484431346583,6,0.550000000000001,3,2.08,NA,13,6.3,1.7900248691602,NA,10.4,NA
2543603,"Jeremy Hill","CIN","RB",23,1,7,14.1066666666667,12.316,15.82,2.19639097915952,7,0.723333333333334,3,3.504,NA,11,3.7,2.69562868943875,NA,18.3,NA
2543465,"Teddy Bridgewater","MIN","QB",23,1,5,13.9733333333333,12.472,14.888,1.72653796174116,19,0.0616666666666674,5,2.416,NA,25,18.3,5.68348343371585,NA,7.84,NA
382,"Joe Flacco","BAL","QB",30,7,9,13.9633333333333,12.132,15.116,2.13359633795461,20,0.44,5,2.984,NA,29,18.6,6.33562493161373,NA,-1.32,NA
2495824,"Jay Cutler","CHI","QB",32,9,7,13.86,13.336,14.168,0.521152568831817,21,0.788333333333332,5,0.832000000000003,NA,26,19,3.95032907235631,NA,13.1,NA
2495647,"Calvin Johnson","DET","WR",30,8,9,13.6,11.94,14.9,2.00748598998847,8,0.701666666666666,2,2.96,NA,10,5.9,2.50838878405932,NA,3.9,NA
2533034,"Lamar Miller","MIA","RB",24,3,5,13.5133333333333,12.652,14.62,1.23390977519968,8,0.465,3,1.968,NA,19,9.2,1.78318839480732,NA,7.5,NA
497240,"Rob Gronkowski","NE","TE",26,5,4,13.42,12.268,14.38,1.3839075113605,1,2.66166666666667,1,2.112,NA,2,1,2.04572875382742,NA,27.4,NA
2495207,"DeMarco Murray","PHI","RB",27,4,8,13.2533333333333,13.168,13.36,0.128582010146573,9,0.434999999999999,4,0.192,NA,19,5.5,0.189356621381872,NA,14,NA
2552466,"Marcus Mariota","TEN","QB",22,0,4,13.1866666666667,10.04,16.296,3.92582899950231,22,0.233333333333334,5,6.256,NA,28,22.5,9.52839459639193,NA,24.96,NA
2552033,"Jameis Winston","TB","QB",21,0,6,12.9566666666667,11.848,13.712,1.21137662736794,23,0.175000000000001,6,1.864,NA,30,23.5,5.55360251802064,NA,12.2,NA
2543468,"Mike Evans","TB","WR",22,1,6,12.9533333333333,11.708,13.98,1.49684111826651,9,0.135,2,2.272,NA,44,14.3,2.28049080828743,NA,NA,NA
2506581,"Ryan Fitzpatrick","NYJ","QB",33,10,5,12.95,10.776,14.448,2.3715185008766,24,0.736666666666666,6,3.672,NA,35,27.3,7.77930926275448,NA,12.06,NA
2541161,"Latavius Murray","OAK","RB",25,2,6,12.8433333333333,11.624,14.24,1.67947412404399,10,0.424999999999999,4,2.616,NA,24,16,2.71503005285064,NA,8,NA
2543500,"Jordan Matthews","PHI","WR",23,1,8,12.8433333333333,10.484,14.78,2.83665883273497,10,0.0933333333333337,2,4.296,NA,21,10,3.62873504105018,NA,10.2,NA
2507999,"Chris Ivory","NYJ","RB",27,5,5,12.7933333333333,10.224,15.2,3.12987752689036,11,0.821666666666667,4,4.976,NA,29,16.5,4.56905460723616,NA,22,NA
497322,"Emmanuel Sanders","DEN","WR",28,5,7,12.7933333333333,11.244,14.38,1.96166595865181,11,0.125,2,3.136,NA,35,15.1,2.84516962995231,NA,6.5,NA
2543498,"Brandin Cooks","NO","WR",22,1,11,12.7066666666667,10.436,14.58,2.72912684449319,12,0.195,2,4.144,NA,26,11.9,3.58628982089117,NA,4.9,NA
100030,"Seahawks","SEA","DST",NA,NA,9,12.65,10.69,13.01,2.05060966544099,1,0.275,1,2.32,NA,32,3,2.83576209758905,NA,14,NA
2532865,"T.Y. Hilton","IND","WR",26,3,10,12.63,10.552,14.16,2.54807770682136,13,0.474999999999998,2,3.608,NA,27,14.2,3.47680367602961,NA,8.8,NA
2495186,"Colin Kaepernick","SF","QB",28,4,10,12.6133333333333,10.944,14.608,2.5568991637007,25,1.36166666666667,6,3.664,NA,28,20.1,7.16186725956744,NA,10.7,NA
100019,"Dolphins","MIA","DST",NA,NA,5,12.5,9.68,13.52,3.39411254969543,2,0.6,1,3.84,NA,19,2.6,3.80017406925328,NA,9,NA
238498,"Julian Edelman","NE","WR",29,6,4,12.3933333333333,10.984,13.56,1.69355641575158,14,0.59,2,2.576,NA,40,20.1,2.75045293284335,NA,9.7,NA
100016,"Chiefs","KC","DST",NA,NA,9,12.25,11.09,11.81,0.636396103067892,3,0.899999999999999,1,0.719999999999999,NA,26,7.5,2.48496795740114,NA,13,NA
2533457,"Alfred Morris","WAS","RB",27,3,8,12.0433333333333,9.364,14.7,3.3696636825258,12,0.203333333333335,4,5.336,NA,37,20.1,5.06729348577051,NA,12.1,NA
2540154,"Keenan Allen","SD","WR",23,2,10,11.9166666666667,9.8,13.52,2.57698143829817,15,0.278333333333334,2,3.72,NA,42,20.3,3.76780850827285,NA,16.6,NA
71345,"Rashad Jennings","NYG","RB",30,6,11,11.9,9.2,14.32,3.36452076825214,13,0.146666666666667,4,5.12,NA,37,25.5,5.35516151375562,NA,11.2,NA
2543477,"Blake Bortles","JAC","QB",24,1,8,11.8133333333333,10.736,12.976,1.41213785918137,26,1.13,6,2.24,NA,31,25.6,6.1185411398649,NA,7.92,NA
2532899,"Doug Martin","TB","RB",26,3,6,11.78,8.712,14.44,3.81434135860964,14,0.0716666666666672,4,5.728,NA,29,16.6,5.43658163202484,NA,5.4,NA
2506404,"Frank Gore","IND","RB",32,10,10,11.7266666666667,8.624,14.08,3.77625917189662,15,0.136666666666667,4,5.456,NA,32,15.5,5.32865818731891,NA,3.1,NA
2540165,"DeAndre Hopkins","HOU","WR",23,2,9,11.69,9.136,13.88,3.06794719641652,16,0.131666666666666,2,4.744,NA,28,13,4.01975623086696,NA,21.8,NA
2552471,"T.J. Yeldon","JAC","RB",22,0,8,11.69,10.696,12.56,1.17656279050461,16,0.409999999999998,5,1.864,NA,44,24.1,2.52313587171633,NA,6.7,NA
2495893,"Brandon Marshall","NYJ","WR",31,9,5,11.5866666666667,8.868,13.78,3.27391712377289,17,0.128333333333336,2,4.912,NA,45,27.2,4.85556050923429,NA,12.2,NA
100006,"Bengals","CIN","DST",NA,NA,7,11.55,11.03,12.07,0.919238815542511,4,0.525,1,1.04,NA,26,6.3,2.50626297600757,NA,10,NA
497326,"Golden Tate","DET","WR",27,5,9,11.53,9.972,12.94,1.88247177933694,18,0.149999999999999,3,2.968,NA,39,24.6,3.15652456749699,NA,2.4,NA
497236,"Jimmy Graham","SEA","TE",29,5,9,11.4966666666667,9.712,13,2.14336962125839,2,1.55,2,3.288,NA,11,3.4,3.12816514972488,NA,11.1,NA
2552453,"Tevin Coleman","ATL","RB",22,0,10,11.49,9.556,13.58,2.5375775850208,17,0.428333333333333,5,4.024,NA,48,27.5,4.42265068549009,NA,8,NA
2507763,"Mike Wallace","MIN","WR",29,6,5,11.3866666666667,8.528,13.52,3.4929261849248,19,0.0566666666666649,3,4.992,NA,51,36.5,5.49901320964046,NA,6.3,NA
2507232,"Mason Crosby","GB","K",31,8,7,11.3777777777778,9.70666666666667,13.3333333333333,2.34883737986201,1,0.18888888888889,1,3.62666666666667,NA,10,5.7,2.91882591062687,NA,7,NA
80429,"Jeremy Maclin","KC","WR",27,6,9,11.3733333333333,9.456,12.88,2.31735481386285,20,0.100000000000001,3,3.424,NA,38,22.6,3.56858462173176,NA,5.2,NA
2552487,"Amari Cooper","OAK","WR",21,0,6,11.2866666666667,8.248,13.64,3.68219137652205,21,0.0616666666666656,3,5.392,NA,38,18.3,4.94540109609364,NA,4.7,NA
2543509,"Allen Robinson","JAC","WR",22,1,8,11.26,8.604,13.34,3.21197758398156,22,0.106666666666666,3,4.736,NA,50,24.4,4.66639941269462,NA,2.7,NA
2495259,"Dan Bailey","DAL","K",27,4,6,11.2222222222222,9.33333333333333,12.8,2.26895309518468,2,0.0888888888888886,1,3.46666666666667,NA,15,3.2,2.35684220854172,NA,9,NA
2506106,"Larry Fitzgerald","ARI","WR",32,11,9,11.19,8.676,13.1,3.05864349017665,23,0.0750000000000011,3,4.424,NA,51,31.2,4.77888951784949,NA,8.7,NA
2506922,"Stephen Gostkowski","NE","K",31,9,4,11.1555555555556,9.89333333333333,12.56,1.69487244139274,3,0.283333333333333,1,2.66666666666667,NA,16,1.5,1.19900638554069,NA,4,NA
100024,"Jets","NYJ","DST",NA,NA,5,11.15,9.95,11.15,1.06066017177982,5,0.674999999999999,1,1.2,NA,18,4.4,2.30516731110912,NA,17,NA
2495821,"Marques Colston","NO","WR",32,9,11,11.1166666666667,8.46,13.22,3.20715346270386,24,0.0600000000000005,3,4.76,NA,56,37.9,5.23186475502123,NA,2.9,NA
2543457,"Sammy Watkins","BUF","WR",22,1,8,11.1133333333333,8.972,12.78,2.59239914622215,25,0.181666666666667,3,3.808,NA,40,28.1,4.11531242374376,NA,0,NA
2541556,"Brandon McManus","DEN","K",24,1,7,11.1111111111111,9.66666666666667,13.1333333333333,2.50185116648838,4,0.594444444444445,1,3.46666666666667,NA,24,10.4,3.97958073904366,NA,18,NA
927,"Justin Forsett","BAL","RB",30,7,9,11.07,9.38,12.348,2.05832456138482,18,0.218333333333334,5,2.968,NA,20,10.6,2.89784336685821,NA,5.6,NA
2539217,"Andre Ellington","ARI","RB",26,2,9,11.0533333333333,8.668,14.38,4.11078256945479,19,0.460000000000001,5,5.712,NA,27,14.4,5.69002820237351,NA,10.6,NA
2543488,"Jarvis Landry","MIA","WR",23,1,5,11,9.14,12.74,2.26495033058122,26,0.173333333333332,3,3.6,NA,34,18.4,3.33110064942429,NA,5.3,NA
100004,"Panthers","CAR","DST",NA,NA,5,10.9,10.5,11.3,0.707106781186548,6,1.4,1,0.800000000000001,NA,29,4.8,2.09938123660353,NA,21,NA
2543847,"John Brown","ARI","WR",25,1,9,10.8633333333333,9.292,12.26,1.89315433426156,27,0.0999999999999996,3,2.968,NA,57,30,3.39711420217921,NA,10.6,NA
2505587,"Anquan Boldin","SF","WR",35,12,10,10.79,8.936,12.32,2.22829531256519,28,0.0950000000000006,3,3.384,NA,50,33.5,3.92788526240956,NA,3.6,NA
2539291,"Markus Wheaton","PIT","WR",24,2,11,10.7366666666667,7.428,13.26,4.02206829048604,29,0.145000000000001,3,5.832,NA,64,40.1,6.25556855837272,NA,5.5,NA
2495240,"Tyrod Taylor","BUF","QB",26,4,8,10.69,7.79,12.99,4.59619407771256,27,0.335000000000001,6,5.2,NA,38,22.4,10.5283322712678,NA,15.9,NA
2505076,"Josh McCown","CLE","QB",36,13,11,10.6766666666667,10.232,10.848,0.41645327869202,28,0.740000000000002,7,0.616000000000001,NA,33,31.4,5.33774633895704,NA,1.26,NA
2506366,"Roddy White","ATL","WR",34,10,10,10.6533333333333,9.568,11.52,1.30863796878026,30,0.151666666666667,3,1.952,NA,51,37,3.02564068005017,NA,8.4,NA
497188,"Ryan Mathews","PHI","RB",28,5,8,10.65,8.88,12.84,2.52041663222571,20,0.348333333333334,5,3.96,NA,48,34.3,4.77169389151925,NA,8.8,NA
2507225,"Nick Folk","NYJ","K",31,8,5,10.6333333333333,8.72,12,2.36713610367747,5,0.294444444444444,1,3.28,NA,32,19.5,5.39019596244423,NA,7,NA
2495466,"Mark Ingram","NO","RB",26,4,11,10.5366666666667,9.442,11.922,1.56238066210938,21,0.558333333333334,5,2.48,NA,28,14.7,2.49669091661073,NA,12.2,NA
2543495,"Davante Adams","GB","WR",23,1,7,10.53,7.712,13.32,3.50552421186903,31,0.0649999999999995,3,5.608,NA,59,21.1,4.8620664984038,NA,5.9,NA
2533039,"Alshon Jeffery","CHI","WR",25,3,7,10.4733333333333,7.724,13.484,3.64419172565513,32,0.199999999999999,3,5.76,NA,35,12.8,4.66938511333709,NA,7.8,NA
2504595,"Steve Smith","BAL","WR",36,14,9,10.4566666666667,7.776,13.08,3.31732321809819,33,0.446666666666667,3,5.304,NA,44,24.4,4.78670714574641,NA,1.3,NA
2550636,"Cairo Santos","KC","K",24,1,9,10.4,7.36,12.8,3.67151195013716,6,0.15,1,5.44,NA,30,23.6,8.06297571906838,NA,10,NA
2504797,"Matt Bryant","ATL","K",40,13,10,10.2777777777778,9.26666666666667,11.5333333333333,1.51229528764624,7,0.150000000000002,1,2.26666666666667,NA,14,5.9,1.70579477995981,NA,17,NA
2503471,"Adam Vinatieri","IND","K",43,19,10,10.2222222222222,7.53333333333333,13.1333333333333,3.53291402124103,8,0.233333333333333,1,5.6,NA,18,7.2,4.95159630060476,NA,0,NA
2552600,"Nelson Agholor","PHI","WR",22,0,8,10.09,8.296,11.44,2.1875328568961,34,0.266666666666666,3,3.144,NA,52,32.5,3.83903895308543,NA,0.5,NA
79607,"LeSean McCoy","BUF","RB",27,6,8,10.0666666666667,7.92,12.72,3.00887575903914,22,0.324999999999999,5,4.8,NA,30,12.8,4.2149727792192,NA,8.7,NA
100028,"Chargers","SD","DST",NA,NA,10,10.05,4.47,9.83,4.73761543394987,7,1.1,2,5.36,NA,30,22.1,8.00588539985069,NA,5,NA
2507401,"Dan Carpenter","BUF","K",30,7,8,10.0333333333333,8.48,12.1333333333333,2.57185622546138,9,0.344444444444445,1,3.65333333333333,NA,27,16.8,5.21753364227291,NA,11,NA
2543499,"Derek Carr","OAK","QB",24,1,6,10.0333333333333,9.092,10.756,1.14268689208082,29,0.333333333333332,7,1.664,NA,31,25.8,5.73653773289622,NA,3.24,NA
2495267,"Jordan Cameron","MIA","TE",27,4,5,10.02,7.988,11.86,2.45544293356616,3,0.256666666666669,2,3.872,NA,16,7.2,3.78657043384686,NA,7.3,NA
2536340,"Justin Tucker","BAL","K",26,3,9,9.94444444444444,8.26666666666667,12.1333333333333,2.65797193642349,10,0.516666666666667,1,3.86666666666667,NA,21,5.5,3.34475599728663,NA,10,NA
2541147,"Charles Johnson","MIN","WR",26,2,5,9.93,6.492,12.82,4.12912823729174,35,0.41,3,6.328,NA,55,32.9,6.07331428453816,NA,2.7,NA
2543600,"Alfred Blue","HOU","RB",24,1,9,9.89,7.534,12.654,3.31968371987453,23,0.653333333333332,5,5.12,NA,46,28.7,5.47311659833569,NA,4.9,NA
1062,"Martellus Bennett","CHI","TE",28,7,7,9.87333333333333,7.956,11.38,2.31735481386285,4,0.345000000000001,2,3.424,NA,18,4.6,3.42550092051219,NA,11.5,NA
81294,"Brian Hoyer","HOU","QB",30,6,9,9.84,9.752,9.944,0.124899959967968,30,0.988333333333333,8,0.192,NA,37,30.1,4.73540333880752,NA,7.44,NA
1581,"DeSean Jackson","WAS","WR",29,7,8,9.71666666666667,4.89,12.41,4.80737280989662,36,0.395,3,7.52,NA,43,28.2,6.64910526385835,NA,0,NA
2505629,"Jason Witten","DAL","TE",33,12,6,9.65333333333333,7.768,11,2.33249508752609,5,0.423333333333332,2,3.232,NA,17,6.9,3.61805799287993,NA,18,NA
2552469,"Melvin Gordon","SD","RB",22,0,10,9.59333333333333,7.076,11.716,3.02326534285916,24,0.788333333333334,5,4.64,NA,61,24.5,4.87084488082816,NA,3.7,NA
2532842,"Nick Foles","STL","QB",26,3,6,9.56,8.964,10.02,0.674388612003496,31,4.61733333333333,8,1.056,NA,32,29.7,5.51539847205628,NA,16.98,NA
2550325,"Chandler Catanzaro","ARI","K",24,1,9,9.43333333333333,7.06,11.5933333333333,2.87073354930602,11,0.0333333333333332,1,4.53333333333333,NA,23,13.8,5.13225941700734,NA,8,NA
2533444,"Randy Bullock","HOU","K",26,3,9,9.42222222222222,7.81333333333333,11.3333333333333,2.29524468154229,12,0.22777777777778,1,3.52,NA,31,19.9,5.35374782237382,NA,7,NA
2495700,"Greg Olsen","CAR","TE",30,8,5,9.40333333333333,4.822,11.542,4.21379085068698,6,0.408333333333333,3,6.72,NA,7,2.6,5.52162068138014,NA,1.1,NA
2504257,"Sebastian Janikowski","OAK","K",37,15,6,9.37777777777778,6.90666666666667,12.1333333333333,3.32420973621858,13,0.513888888888889,1,5.22666666666667,NA,31,22.6,7.36755731000739,NA,1,NA
1990,"Eddie Royal","CHI","WR",29,7,7,9.32333333333333,7.056,11.72,2.92841823060391,37,0.0533333333333346,3,4.664,NA,63,38.2,4.92622945729154,NA,0.8,NA
768,"Steve Johnson","SD","WR",29,7,10,9.32,3.792,12.272,5.322142425753,38,0.145,3,8.48,NA,68,41.5,7.79950266062957,NA,14.2,NA
2533533,"Rueben Randle","NYG","WR",24,3,11,9.22,5.252,11.332,3.97834136293003,39,0.100000000000001,4,6.08,NA,60,39.4,6.17602506224684,NA,2.3,NA
2539205,"Terrance Williams","DAL","WR",26,2,6,9.13,4.398,11.038,4.16745725832911,40,0.0649999999999977,4,6.64,NA,57,45.3,6.64153789352645,NA,6,NA
2532977,"Kendall Wright","TEN","WR",26,3,4,9.11,5.026,11.586,4.44413096116665,41,0.113333333333332,4,6.56,NA,61,40.6,6.75872343175301,NA,16.1,NA
2495966,"Delanie Walker","TEN","TE",31,9,4,9.05666666666667,5.936,11.4,3.80718180986059,7,0.788333333333334,3,5.464,NA,25,8.5,5.48755727434594,NA,10.3,NA
2506400,"Vincent Jackson","TB","WR",32,10,6,9.02,7.652,10.692,2.01077099640909,42,0.206666666666667,4,3.04,NA,45,25.2,3.32842260015701,NA,5.1,NA
2495150,"Kai Forbath","WAS","K",28,4,8,9.01111111111111,6.82666666666667,11.3333333333333,2.83241815284972,14,0.324999999999999,1,4.50666666666667,NA,32,20,6.17313410012958,NA,5,NA
2530747,"Doug Baldwin","SEA","WR",27,4,9,8.97333333333333,4.804,10.564,3.60029628410404,43,0.668333333333335,4,5.76,NA,70,52.5,6.2983436089296,NA,3.5,NA
100025,"Eagles","PHI","DST",NA,NA,8,8.95,8.91,8.99,0.0707106781186545,8,0.324999999999999,2,0.0800000000000001,NA,28,18.8,3.89200426664584,NA,5,NA
100031,"Buccaneers","TB","DST",NA,NA,6,8.95,4.15,8.55,3.88908729652601,8,0.774999999999999,2,4.4,NA,29,10.9,5.53138574542785,NA,0,NA
2506369,"Heath Miller","PIT","TE",33,10,11,8.93333333333333,6.92,10.44,2.45831920899897,8,1.385,3,3.52,NA,24,12.3,4.17715950577229,NA,8.4,NA
2550189,"Isaiah Crowell","CLE","RB",22,1,11,8.88,7.252,10.98,2.33520877011029,25,0.299999999999999,6,3.728,NA,49,27.6,4.17321978336115,NA,3.3,NA
2540171,"Joseph Randle","DAL","RB",24,2,6,8.73,6.938,10.858,2.55571907689402,26,0.543333333333333,6,3.92,NA,42,24.5,4.28197446660162,NA,10.7,NA
2532968,"Blair Walsh","MIN","K",25,3,5,8.71666666666667,7.52,9.8,1.44597141511626,15,0.0722222222222229,2,2.28,NA,27,12.4,2.75800148073511,NA,3,NA
2507374,"Steven Hauschka","SEA","K",NA,NA,9,8.65555555555556,6.59333333333333,11.1266666666667,2.96841396733702,16,0.0333333333333332,2,4.53333333333333,NA,18,4.3,3.59553147666911,NA,11,NA
497284,"Eric Decker","NYJ","WR",28,5,5,8.65333333333333,6.532,11.572,3.5920096510635,44,0.773333333333333,4,5.04,NA,54,38.2,5.68406987600054,NA,9.7,NA
2506063,"Josh Scobee","PIT","K",33,11,11,8.63333333333333,6.58,11.1133333333333,2.98011931155635,17,0.0333333333333332,2,4.53333333333333,NA,25,14.1,5.34863808476421,NA,8,NA
89802,"Ryan Succop","TEN","K",29,6,4,8.61111111111111,5.86666666666667,11.3333333333333,3.41700540326262,18,0.0444444444444443,2,5.46666666666667,NA,32,27.8,8.42699577936708,NA,6,NA
2500351,"Phil Dawson","SF","K",40,17,10,8.58888888888889,5.95333333333333,11.2866666666667,3.33605444488834,19,0.255555555555556,2,5.33333333333333,NA,32,14.9,6.02151905521208,NA,8,NA
2506386,"Mike Nugent","CIN","K",33,10,7,8.54444444444444,6.52666666666667,11.06,3.03137910187084,20,0.43888888888889,2,4.53333333333333,NA,32,17.8,6.08042975052183,NA,9,NA
2506467,"Darren Sproles","PHI","RB",32,10,8,8.43,4.898,12.258,4.64442676764313,27,0.626666666666667,6,7.36,NA,60,43.6,7.95379432839986,NA,12.6,NA
100003,"Bills","BUF","DST",NA,NA,8,8.3,7.14,8.26,0.989949493661167,10,0.325000000000001,2,1.12,NA,23,13.5,3.73318196643801,NA,12,NA
2532820,"Kirk Cousins","WAS","QB",27,3,8,8.14333333333333,6.454,10.07,2.31767843613676,32,7.09033333333333,9,3.616,NA,39,28.5,7.84756675113482,NA,5.74,NA
2534797,"Greg Zuerlein","STL","K",28,3,6,8.12222222222222,5.67333333333333,11.0066666666667,3.46415507308353,21,0.0611111111111118,2,5.33333333333333,NA,32,20.8,7.25762063123785,NA,10,NA
2506677,"Matt Prater","DET","K",31,9,9,8.08888888888889,6.01333333333333,10.8666666666667,3.39302116005671,22,0.127777777777777,2,4.85333333333333,NA,25,9.6,5.16787482016637,NA,4,NA
100011,"Packers","GB","DST",NA,NA,7,8.05,6.01,12.49,5.72756492761104,11,0.175000000000001,2,6.48,NA,24,7.5,6.38647257135987,NA,4,NA
71309,"Graham Gano","CAR","K",28,6,5,8.03333333333333,5.62,10.9533333333333,3.50919427282737,23,0.272222222222222,2,5.33333333333333,NA,31,19.7,7.13002050051918,NA,10,NA
2505551,"Andre Johnson","IND","WR",34,12,10,7.95666666666667,6.094,9.934,2.41280611184018,45,0.154999999999999,4,3.84,NA,41,20.8,3.60146278909433,NA,2.4,NA
2543743,"Carlos Hyde","SF","RB",24,1,10,7.94333333333333,5.78,9.244,2.16924718124361,28,0.323333333333333,6,3.464,NA,40,19.6,3.52812523757626,NA,30.2,NA
100007,"Browns","CLE","DST",NA,NA,11,7.9,6.1,8.5,2.12132034355964,12,0.0499999999999998,2,2.4,NA,22,12.4,4.42101569051461,NA,2,NA
2506264,"Robbie Gould","CHI","K",33,10,7,7.88888888888889,5.53333333333333,10.8666666666667,3.59526437496965,24,0.522222222222223,2,5.33333333333333,NA,30,16.2,6.63860063075966,NA,14,NA
100001,"Falcons","ATL","DST",NA,NA,10,7.85,5.47,7.63,1.90918830920368,13,0.0500000000000007,2,2.16,NA,32,28.5,6.88081077107156,NA,4,NA
100008,"Cowboys","DAL","DST",NA,NA,6,7.85,5.53,11.37,5.1618795026618,14,0.225,2,5.84,NA,32,22.7,8.42873840320956,NA,1,NA
2532841,"Michael Floyd","ARI","WR",26,3,9,7.80333333333333,4.682,10.602,3.7653729341638,46,0.0149999999999997,4,5.92,NA,71,48.5,6.31768820662042,NA,1.8,NA
2532933,"Brian Quick","STL","WR",26,3,6,7.8,3.4,10.2,4.44409720865779,47,0.0666666666666673,4,6.8,NA,73,49.8,7.14779352016508,NA,NA,NA
2495459,"Torrey Smith","SF","WR",26,4,10,7.77666666666667,5.566,10.766,3.66123385395325,48,0.221666666666667,4,5.2,NA,56,41.1,5.88577970823725,NA,1.1,NA
100012,"Titans","TEN","DST",NA,NA,4,7.75,7.31,8.19,0.777817459305203,15,0.3,2,0.880000000000001,NA,30,20.6,4.72706276406036,NA,18,NA
2346,"Pierre Garcon","WAS","WR",29,7,8,7.69,5.614,10.414,3.31184238755409,49,0.341666666666667,4,4.8,NA,66,44.3,5.62210677491978,NA,7.4,NA
2495473,"Shane Vereen","NYG","RB",26,4,11,7.66333333333333,5.338,10.698,3.68524535592046,29,0.2775,6,5.36,NA,46,33.3,6.18427701225048,NA,6,NA
2550380,"Cody Parkey","PHI","K",23,1,8,7.63333333333333,7.18,7.98,0.55075705472861,25,0.766666666666667,2,0.800000000000001,NA,14,5.9,0.270798698526336,NA,6,NA
2540258,"Travis Kelce","KC","TE",26,2,9,7.60333333333333,5.342,10.062,2.98077730354573,9,0.289999999999999,3,4.72,NA,13,4.5,4.20430207062741,NA,22.6,NA
949,"Jonathan Stewart","CAR","RB",28,7,5,7.57666666666667,6.04,8.384,1.62930455511956,30,0.405833333333335,6,2.344,NA,24,12.3,2.45016075706617,NA,8.1,NA
100017,"Rams","STL","DST",NA,NA,6,7.5,6.62,8.38,1.5556349186104,16,0.25,2,1.76,NA,30,11,3.75948406717381,NA,8,NA
2550313,"Richard Rodgers","GB","TE",23,1,7,7.49333333333333,4.264,10.12,3.88563165178241,10,0.435,3,5.856,NA,28,20.1,6.46119231831429,NA,3.8,NA
2505785,"Malcom Floyd","SD","WR",34,11,10,7.42,4.752,9.952,3.26331120183166,50,0.298333333333333,4,5.2,NA,74,52.5,5.9134969879906,NA,2.9,NA
100020,"Vikings","MIN","DST",NA,NA,5,7.4,7.64,11.16,3.11126983722081,17,0.425000000000001,2,3.52,NA,25,13.9,5.42396063482902,NA,7,NA
2540202,"Kenny Stills","MIA","WR",23,2,5,7.27666666666667,4.626,10.786,4.27535183737354,51,0.358333333333333,4,6.16,NA,81,55.6,7.2003890879774,NA,1.2,NA
2495469,"Dion Lewis","NE","RB",25,4,4,7.195,2.469,8.621,5.43765114732455,31,0.188333333333333,6,6.152,NA,65,39.8,8.74572145873067,NA,12,NA
2495979,"DeAngelo Williams","PIT","RB",32,9,11,7.14666666666667,5.62,8.292,1.6704889503775,32,0.286666666666666,7,2.672,NA,59,27.4,3.32510932591914,NA,13.2,NA
2495438,"Kyle Rudolph","MIN","TE",26,4,5,7.13333333333333,4.62,10.46,4.05257120027932,11,0.381666666666668,3,5.84,NA,23,12.6,6.08969353699148,NA,5.3,NA
100032,"Redskins","WAS","DST",NA,NA,8,7.1,5.1,7.5,2.12132034355964,18,0.424999999999999,2,2.4,NA,32,27.5,6.88049409854933,NA,9,NA
2543781,"Zach Hocker","NO","K",24,1,11,7.1,5.58,8.62,2.68700576850888,26,2.63333333333333,2,3.04,NA,32,18.2,5.63733061989696,NA,14,NA
2533046,"Dwayne Allen","IND","TE",25,3,10,6.98333333333333,2.89,8.57,3.60636012252428,12,0.623333333333332,3,5.68,NA,30,16.4,5.84926063588913,NA,7.7,NA
2552458,"Devin Funchess","CAR","WR",21,0,5,6.96666666666667,3.04,11.6,5.56447062471654,52,0.273333333333333,4,8.56,NA,99,52.3,8.53302810990339,NA,0.9,NA
71269,"Michael Crabtree","OAK","WR",28,6,6,6.87,4.182,10.342,4.20757649960164,53,0.545000000000001,4,6.16,NA,73,56.4,7.15682324345958,NA,3.7,NA
2543682,"Bishop Sankey","TEN","RB",23,1,4,6.86666666666667,4.96,9.36,2.87460142164672,33,0.04,7,4.4,NA,49,33.5,5.17417978373608,NA,20.6,NA
497145,"Joique Bell","DET","RB",29,5,9,6.85333333333333,4.5,9.188,3.04409811493213,34,0.234999999999999,7,4.688,NA,55,30.5,5.22413411125343,NA,4.1,NA
100014,"Colts","IND","DST",NA,NA,10,6.85,7.07,8.43,1.20208152801713,19,0.4,2,1.36,NA,31,16.3,4.35180688004372,NA,0,NA
2543638,"DeAnthony Thomas","KC","RB",22,1,9,6.8,3.36,10.24,6.08111831820431,35,0.398333333333333,7,6.88,NA,117,105.5,13.1373660875897,NA,0.2,NA
2505459,"Josh Brown","NYG","K",36,12,11,6.63333333333333,5.92,7.6,1.18462370959446,27,4.43333333333333,3,1.68,NA,27,16.7,3.12952240903454,NA,17,NA
2540148,"Tyler Eifert","CIN","TE",25,2,7,6.52,4.488,9.16,3.20299859506682,13,0.396666666666667,3,4.672,NA,20,10.1,4.89285222021824,NA,22.4,NA
222,"Harry Douglas","TEN","WR",31,7,4,6.51666666666667,3.5,10.34,4.61799018333012,54,0.435,4,6.84,NA,104,80,8.62367566845851,NA,8.4,NA
100010,"Lions","DET","DST",NA,NA,9,6.5,6.42,6.58,0.141421356237309,20,0.199999999999999,2,0.16,NA,26,17.8,3.78331246595809,NA,14,NA
2532797,"Brandon Bolden","NE","RB",25,3,4,6.43666666666667,3.948,9.46,3.52037403315803,36,0.158333333333333,7,5.512,NA,96,44.9,6.60892073468107,NA,1.3,NA
100005,"Bears","CHI","DST",NA,NA,7,6.4,1.7,5.7,3.53553390593274,21,0.25,2,4,NA,32,28.6,8.14341268145209,NA,0,NA
2543770,"Charles Sims","TB","RB",25,1,6,6.36666666666667,2.82,9.78,4.40945952848343,37,0.248333333333333,7,6.96,NA,72,48.5,7.92494642695665,NA,3.5,NA
100015,"Jaguars","JAC","DST",NA,NA,8,6.2,4.34,10.26,5.23259018078045,22,0.149999999999999,2,5.92,NA,28,19.3,7.92913612707258,NA,8,NA
2532853,"Ladarius Green","SD","TE",25,3,10,6.2,3.64,8.76,4.5254833995939,14,0.163333333333333,3,5.12,NA,31,16.7,6.96152569648671,NA,13.4,NA
2541544,"Benny Cunningham","STL","RB",25,2,6,6.19,2.66,8.716,3.78500990751676,38,0.31,7,6.056,NA,95,42.7,6.82230876315963,NA,12.2,NA
2533040,"Mohamed Sanu","CIN","WR",26,3,7,6.13333333333333,3.2,9.6,4.16333199893227,55,0.266666666666667,4,6.4,NA,113,83.8,8.26516177664945,NA,3.4,NA
100021,"Patriots","NE","DST",NA,NA,4,6.1,4.74,5.86,0.989949493661167,23,0.100000000000001,2,1.12,NA,31,14.2,3.84719752177737,NA,5,NA
2540158,"Zach Ertz","PHI","TE",25,2,8,6.04666666666667,1.588,10.868,5.85290810907991,15,0.0866666666666669,3,9.28,NA,39,17.1,8.56536573210783,NA,4.6,NA
2552374,"Ameer Abdullah","DET","RB",22,0,9,6.04666666666667,4.34,7.412,1.92419680213156,39,0.418333333333333,7,3.072,NA,45,25.7,3.55198781735756,NA,15.4,NA
80425,"Percy Harvin","BUF","WR",27,6,8,6.03,4.138,8.458,2.93882629632988,56,0.348333333333334,4,4.32,NA,94,58.3,5.78823354469754,NA,13.9,NA
2540160,"Jordan Reed","WAS","TE",25,2,8,6.02666666666667,4.256,8.416,2.9247450031299,16,0.315,3,4.16,NA,35,16,5.010935923497,NA,12.3,NA
100018,"Raiders","OAK","DST",NA,NA,6,6,5.96,8.84,2.54558441227157,24,0.0499999999999998,2,2.88,NA,32,26,6.96130043589012,NA,0,NA
100023,"Giants","NYG","DST",NA,NA,11,6,2.12,6.28,3.67695526217005,24,0.125,2,4.16,NA,32,28.4,8.21921193666351,NA,12,NA
100013,"Texans","HOU","DST",NA,NA,9,5.9,5.82,5.98,0.14142135623731,26,0.0499999999999998,2,0.16,NA,18,8.5,2.26853437359234,NA,2,NA
2495825,"Owen Daniels","DEN","TE",33,9,7,5.89333333333333,4.116,8.196,2.79215567856331,17,0.375,3,4.08,NA,24,12.2,4.56528335317511,NA,0.5,NA
100026,"Cardinals","ARI","DST",NA,NA,9,5.85,4.45,9.65,4.59619407771256,27,8.88178419700125e-16,2,5.2,NA,30,15.4,6.80621852772275,NA,8,NA
100027,"Steelers","PIT","DST",NA,NA,11,5.85,3.45,5.45,1.76776695296637,27,0.0500000000000007,2,2,NA,32,23,5.87659913666823,NA,2,NA
100002,"Ravens","BAL","DST",NA,NA,9,5.85,5.21,5.29,0.0707106781186545,29,0.125,2,0.0800000000000001,NA,31,18.7,3.87571633016879,NA,16,NA
100029,"49ers","SF","DST",NA,NA,10,5.75,3.95,6.75,2.47487373415292,30,0.199999999999999,2,2.8,NA,29,17.2,5.47377446182686,NA,14,NA
2540156,"Giovani Bernard","CIN","RB",24,2,7,5.71333333333333,3.12,7.712,2.90422680473363,40,0.259166666666666,7,4.592,NA,41,28.9,4.96075394839465,NA,8.8,NA
2508097,"Andrew Hawkins","CLE","WR",29,4,11,5.70333333333333,4.4,6.568,1.35758363769358,57,0.116666666666667,4,2.168,NA,97,75.4,4.70564364247535,NA,2.4,NA
100022,"Saints","NO","DST",NA,NA,11,5.7,4.08,6.32,1.97989898732233,31,0.3,2,2.24,NA,32,20.7,5.66453928994433,NA,2,NA
2530660,"Kamar Aiken","BAL","WR",26,4,9,5.66,0.566000000000001,5.094,4.00222438151586,58,0.265833333333333,5,4.528,NA,103,63,7.20144839084079,NA,-0.1,NA
284,"Darren McFadden","DAL","RB",28,7,6,5.54333333333333,3.32,7.344,2.64435877545641,41,0.349166666666667,7,4.024,NA,46,33.4,4.87874035143575,NA,3.5,NA
2537933,"Larry Donnell","NYG","TE",27,3,11,5.53,2.738,9.218,4.49062356471793,18,0.0966666666666676,3,6.48,NA,23,11.7,6.54061642641402,NA,2.1,NA
2552491,"Dorial Green-Beckham","TEN","WR",22,0,4,5.51333333333333,2.792,9.24,4.58023289073092,59,0.275833333333333,5,6.448,NA,101,63.3,7.87423899740444,NA,NA,NA
2532838,"Coby Fleener","IND","TE",27,3,10,5.50666666666667,3.344,7.984,2.97894836029988,19,0.181666666666668,3,4.64,NA,28,21.3,5.47754945919016,NA,0.5,NA
100009,"Broncos","DEN","DST",NA,NA,7,5.4,4.66,5.14,0.424264068711929,32,NA,2,0.48,NA,24,9.8,2.69702780412504,NA,16,NA
2540037,"Fozzy Whittaker","CAR","RB",26,3,5,5.365,4.443,4.787,0.304055915910215,42,0.376666666666667,8,0.343999999999999,NA,104,79.2,4.42763522721957,NA,0.5,NA
2543683,"Austin Seferian-Jenkins","TB","TE",23,1,6,5.36,3.036,8.076,3.26233045536469,20,0.168333333333334,3,5.04,NA,32,17.5,5.52497178375792,NA,23,NA
2495139,"Charles Clay","BUF","TE",26,4,8,5.29,3.316,7.98,3.30156023722118,21,0.373333333333333,3,4.664,NA,29,18.5,5.64739068467356,NA,4.3,NA
2550328,"Brandon Coleman","NO","WR",23,1,11,5.275,3.655,5.695,1.8031222920257,60,0.128333333333334,5,2.04,NA,86,55.4,4.36857321712615,NA,10.1,NA
2539336,"Tavon Austin","STL","WR",24,2,6,5.2,4.66,5.62,0.62449979983984,61,0.116666666666666,5,0.960000000000001,NA,102,81.7,4.13489571762381,NA,-0.2,NA
2495867,"Greg Jennings","MIA","WR",32,9,5,5.09333333333333,3.5,6.364,2.06691396369886,62,0.0591666666666661,5,2.864,NA,98,62.5,4.97012122507908,NA,2.9,NA
2543466,"Eric Ebron","DET","TE",22,1,9,5.09333333333333,3.016,7.976,3.55670259275826,22,0.533333333333333,3,4.96,NA,34,26.2,6.53439098613451,NA,11.3,NA
2532884,"Marvin Jones","CIN","WR",25,3,7,5.07333333333333,4.06,5.436,0.918767290086741,63,0.0941666666666672,5,1.376,NA,68,53.6,3.28248451166807,NA,1.9,NA
497190,"Dexter McCluster","TEN","RB",27,5,4,5.02333333333333,3.954,5.874,1.20068036268331,43,0.131666666666667,8,1.92,NA,75,66.3,4.85376718577156,NA,0.8,NA
2495158,"Leonard Hankerson","ATL","WR",27,4,10,4.995,1.399,6.191,4.23556961930742,64,0.035000000000001,5,4.792,NA,108,60.5,7.36219929732481,NA,1.6,NA
2550546,"Philly Brown","CAR","WR",24,1,5,4.96333333333333,4.158,5.198,0.747685317050785,65,0.0699999999999994,5,1.04,NA,96,69.3,3.7511263398384,NA,1.3,NA
2532978,"Jarius Wright","MIN","WR",26,3,5,4.95666666666667,4.2,5.376,0.747417776971711,66,0.141666666666667,5,1.176,NA,115,81.9,4.28373045333378,NA,2.7,NA
4327,"Danny Woodhead","SD","RB",30,7,10,4.95333333333333,4.712,4.792,0.0503322295684719,44,0.148333333333333,8,0.080000000000001,NA,61,33.7,1.62793923427649,NA,18.2,NA
2539260,"Denard Robinson","JAC","RB",25,2,8,4.83,3.718,5.638,1.22094225907698,45,0.13,8,1.92,NA,89,49.6,3.96899620485876,NA,4.5,NA
2552463,"Jaelen Strong","HOU","WR",21,0,9,4.83,3.274,5.786,2.22031529292576,67,0.0366666666666671,5,2.512,NA,124,73,5.58940131568969,NA,NA,NA
2543475,"Marqise Lee","JAC","WR",24,1,8,4.8,4.8,4.8,NA,68,0.0616666666666665,5,0,NA,100,81.3,5.75885541708279,NA,NA,NA
2543614,"Donte Moncrief","IND","WR",22,1,10,4.78666666666667,2.052,8.052,3.92205728328046,69,0.141666666666667,5,6,NA,132,83.6,7.98116025379981,NA,10.6,NA
2550738,"Fitzgerald Toussaint","BAL","RB",25,1,9,4.78,0.478,4.302,3.3799704140717,46,0.241666666666666,8,3.824,NA,NA,NA,9.30870542390609,NA,NA,NA
2540928,"Darren Fells","ARI","TE",29,3,9,4.74,0.474,4.266,3.35168614282424,23,0.471666666666666,4,3.792,NA,46,37.3,7.134058309151,NA,14.2,NA
2550353,"Allen Hurns","JAC","WR",24,1,8,4.69,2.94,5.956,2.00531792990538,70,0.101666666666667,5,3.016,NA,70,51.5,4.43453820430843,NA,3,NA
2550474,"Antonio Andrews","TEN","RB",23,1,4,4.62,0.462,4.158,3.26683332908185,47,0.363333333333333,8,3.696,NA,107,74.1,7.88123439233513,NA,NA,NA
2649,"Danny Amendola","NE","WR",30,7,4,4.6,3.16,5.64,1.60934769394311,71,0.0266666666666655,5,2.48,NA,91,51.7,3.9907877308816,NA,2.4,NA
2532887,"Jermaine Kearse","SEA","WR",25,3,9,4.57666666666667,4.064,5,0.632165590121238,72,0.0516666666666667,5,0.936,NA,94,74.2,3.82644214365343,NA,7.6,NA
71217,"Kenny Britt","STL","WR",27,6,6,4.57,3.72,4.928,0.780832888651599,73,0.105,5,1.208,NA,80,65.6,3.63249247428255,NA,3.7,NA
2552429,"Ty Montgomery","GB","WR",22,0,7,4.48,3.864,3.896,0.0282842712474619,74,0.0733333333333341,5,0.032,NA,129,70.3,2.97184414647006,NA,0,NA
2540020,"Theo Riddick","DET","RB",24,2,9,4.45666666666667,3.32,5.376,1.34448255226066,48,0.41,8,2.056,NA,85,67.6,5.1057457298206,NA,9.7,NA
2531049,"Chris Matthews","SEA","WR",26,2,9,4.45,0.445,4.005,3.14662517628014,75,0.13,5,3.56,NA,120,101.7,7.86112351048476,NA,0.8,NA
2552468,"Maxx Williams","BAL","TE",21,0,9,4.38,1.388,7.948,4.28546380220391,24,0.233333333333334,4,6.56,NA,49,36.3,8.16500119986877,NA,1.5,NA
81831,"Brian Hartline","CLE","WR",29,6,11,4.36333333333333,3.7,4.732,0.676781599434658,76,0.334999999999999,5,1.032,NA,100,76,3.95352485512674,NA,2,NA
2507183,"James Jones","GB","WR",31,8,7,4.27666666666667,2.6,5.024,1.54066003171801,77,0.501666666666667,5,2.424,NA,112,65.6,4.50023684603634,NA,17.1,NA
2539995,"Mychal Rivera","OAK","TE",25,2,6,4.15666666666667,3.02,4.596,1.00976895047002,25,0.0633333333333335,4,1.576,NA,39,28.5,3.68997420119565,NA,0.4,NA
2495826,"Vernon Davis","SF","TE",31,9,10,4.13666666666667,3.44,4.168,0.476480149988783,26,0.116666666666666,4,0.728,NA,28,17.9,2.2531099084102,NA,4.7,NA
2543583,"Devonta Freeman","ATL","RB",23,1,10,4.05666666666667,2.52,5.216,1.6857144874899,49,0.063333333333333,8,2.696,NA,64,38,3.92207503823291,NA,4.7,NA
2507182,"Matt Spaeth","PIT","TE",31,8,11,4.05,0.405,3.645,2.86378246380552,27,0.123333333333334,4,3.24,NA,74,56.4,8.00574373586079,NA,NA,NA
2552635,"Matt Jones","WAS","RB",23,0,8,4.03666666666667,1.82,5.508,2.42322787482592,50,0.113333333333334,8,3.688,NA,75,45,5.23252562982553,NA,2.8,NA
497238,"Jermaine Gresham","ARI","TE",27,5,9,3.99,2.218,3.962,1.54149278298667,28,0.129999999999999,4,1.744,NA,43,35.8,4.87445543397758,NA,0.4,NA
2540178,"Knile Davis","KC","RB",24,2,9,3.95,2.04,5.84,2.68654052640194,51,0.0583333333333336,8,3.8,NA,64,49.3,5.79855181928553,NA,2.8,NA
2543596,"Dri Archer","PIT","RB",24,1,11,3.89666666666667,1.96,5.712,2.42137013554998,52,0.0149999999999997,8,3.752,NA,90,57.3,5.9006394244436,NA,0,NA
2495161,"Roy Helu","OAK","RB",27,4,6,3.88666666666667,1.88,5.368,2.29096777221622,53,0.0116666666666663,8,3.488,NA,77,50.7,5.37664320277605,NA,NA,NA
2543502,"Tre Mason","STL","RB",22,1,6,3.87666666666667,1.406,5.966,2.87691385573731,54,0.00666666666666682,8,4.56,NA,77,38.4,5.44418354606566,NA,NA,NA
2540273,"Zac Stacy","NYJ","RB",24,2,5,3.87333333333333,0.784,8.064,4.79667940697868,55,0.0300000000000002,8,7.28,NA,90,69.8,9.57367586835605,NA,NA,NA
2535708,"Lance Dunbar","DAL","RB",25,3,6,3.86666666666667,2.38,5.18,1.81750745069541,56,0.0483333333333333,8,2.8,NA,85,59.6,5.26544905080001,NA,7,NA
2495888,"Marcedes Lewis","JAC","TE",31,9,8,3.86333333333333,2.938,4.058,0.755005518743627,29,0.0383333333333331,4,1.12,NA,37,25.5,3.16023568495344,NA,NA,NA
71265,"Jared Cook","STL","TE",28,6,6,3.85666666666667,2.64,4.536,1.22173374076897,30,0.0700000000000003,4,1.896,NA,32,25.2,3.69070026874926,NA,8.5,NA
2552461,"Duke Johnson","CLE","RB",22,0,11,3.82,3.04,4.608,1.07851750101702,57,0.0216666666666665,8,1.568,NA,98,40.8,3.30993935241477,NA,2.2,NA
2533437,"Ronnie Hillman","DEN","RB",24,3,7,3.81666666666667,2.88,4.36,0.925112605758528,58,0.0716666666666663,9,1.48,NA,90,50.6,3.65090977843568,NA,4.1,NA
2495573,"Scott Chandler","NE","TE",30,8,4,3.79333333333333,3.52,3.664,0.0901849950564582,31,0.101666666666667,4,0.144000000000001,NA,39,26.3,2.4329196704179,NA,6.1,NA
262,"Chris Johnson","ARI","RB",30,7,9,3.78,2.48,4.832,1.50638640461204,59,0.0733333333333333,9,2.352,NA,85,59.4,4.86269314212997,NA,3.7,NA
71435,"John Phillips","FA","TE",28,6,NA,3.78,0.378,3.402,2.67286363288515,32,0.183333333333334,4,3.024,NA,49,37,6.30663559565454,NA,NA,NA
2495453,"Andre Holmes","OAK","WR",27,4,6,3.78,1.916,4.444,2.23445742854949,78,0.0150000000000006,5,2.528,NA,126,106.3,7.01395611995081,NA,NA,NA
2540169,"Robert Woods","BUF","WR",23,2,8,3.77,2.46,4.468,1.2552688954961,79,0.0599999999999996,5,2.008,NA,93,76.3,4.62686224998956,NA,2.7,NA
2495341,"Cecil Shorts","HOU","WR",28,4,9,3.76,3.276,4.076,0.504777178564959,80,0.128333333333333,5,0.8,NA,94,66.8,3.36798224261718,NA,5.7,NA
2553435,"David Johnson","ARI","RB",24,0,9,3.71,1.466,5.386,2.57629579047127,60,0.0158333333333345,9,3.92,NA,76,45.8,5.46892006303136,NA,11.5,NA
2506874,"Reggie Bush","SF","RB",30,9,10,3.70333333333333,1.19,6.038,3.16433774008612,61,0.0274999999999999,9,4.848,NA,66,41.8,5.99152004081238,NA,0.8,NA
2550658,"Branden Oliver","SD","RB",24,1,10,3.685,2.267,3.603,1.18086832458153,62,0.0499999999999994,9,1.336,NA,82,67.1,4.87242083611734,NA,2.1,NA
2550512,"Damien Williams","MIA","RB",23,1,5,3.66666666666667,1.76,5.28,2.21208800307161,63,0.0733333333333333,9,3.52,NA,72,58.5,5.70246052469922,NA,0.3,NA
2535869,"Rod Streater","OAK","WR",27,3,6,3.66,2.04,4.824,1.76771038351875,81,0.0583333333333331,5,2.784,NA,121,94.6,5.98607294215771,NA,0.8,NA
2495471,"Jacquizz Rodgers","CHI","RB",25,4,7,3.60333333333333,2.542,4.302,1.15500360749797,64,0.0649999999999999,9,1.76,NA,103,75.4,5.29226436175234,NA,1.6,NA
2543590,"Cody Latimer","DEN","WR",23,1,7,3.60333333333333,2.08,4.888,1.92146645386625,82,0.0566666666666666,5,2.808,NA,104,76.2,5.38344951119452,NA,NA,NA
2543794,"Crockett Gillmore","BAL","TE",24,1,9,3.60333333333333,1.92,4.408,1.66794284474419,33,0.0516666666666667,4,2.488,NA,35,26.3,4.30312697116334,NA,2.3,NA
80670,"Louis Murphy","TB","WR",28,6,6,3.6,0.6,3.96,2.16333076527839,83,0.123333333333334,5,3.36,NA,113,87,6.11644518759102,NA,0,NA
79589,"David Johnson","SD","TE",28,6,10,3.59,0.359,3.231,2.53851334445971,34,0.158333333333334,4,2.872,NA,53,41,6.45105277571492,NA,NA,NA
497206,"James Starks","GB","RB",29,5,7,3.58333333333333,2.54,4.5,1.3604533558095,65,0.178333333333334,9,1.96,NA,75,57.8,4.59167827275647,NA,0.2,NA
2507883,"Jeff Cumberland","NYJ","TE",28,5,5,3.51333333333333,2.2,4.072,1.17410959170485,35,0.208333333333334,4,1.872,NA,50,30.8,4.05938706722115,NA,NA,NA
2506313,"Nate Washington","HOU","WR",32,10,9,3.49333333333333,2.676,3.956,0.867256209740428,84,0.0499999999999998,5,1.28,NA,101,75.8,4.16259343516421,NA,10.5,NA
2543715,"Jerick McKinnon","MIN","RB",23,1,5,3.49333333333333,2.46,4.044,1.00604837524511,66,0.19,9,1.584,NA,85,64.4,4.50506390419282,NA,2.8,NA
206,"Andre Caldwell","DEN","WR",30,7,7,3.46,2.996,3.476,0.317490157327751,85,0.0366666666666671,5,0.48,NA,136,100.5,4.57941694411433,NA,0.1,NA
2535698,"Cole Beasley","DAL","WR",26,3,6,3.42666666666667,2.24,4.224,1.24021503511824,86,0.0141666666666667,5,1.984,NA,87,72,4.42780431771326,NA,1.9,NA
2543646,"Bruce Ellington","SF","WR",24,1,10,3.42,1.624,3.416,1.58391918985787,87,0.0358333333333332,5,1.792,NA,130,110.8,6.46134768457616,NA,0.5,NA
2540157,"Stedman Bailey","STL","WR",25,2,6,3.405,2.621,3.589,0.855599205235723,88,0.0883333333333338,5,0.968,NA,120,88.4,4.68219045389756,NA,5.8,NA
2550617,"Taylor Gabriel","CLE","WR",24,1,11,3.36333333333333,2.04,4.592,1.61122106904463,89,0.0999999999999996,5,2.552,NA,133,89.2,5.5789678096846,NA,2,NA
497242,"Clay Harbor","JAC","TE",28,5,8,3.35,1.59,3.91,2.05060966544099,36,0.1175,4,2.32,NA,47,35.6,5.46275749769129,NA,0,NA
2533037,"Chris Polk","HOU","RB",26,3,9,3.31666666666667,1.28,4.76,2.21491158589532,67,0.0683333333333334,9,3.48,NA,92,54,5.46072889968475,NA,3.1,NA
2542022,"Khiry Robinson","NO","RB",26,2,11,3.29,1.36,5.336,2.57745998999015,68,0.0983333333333332,9,3.976,NA,99,52.8,5.85194532196699,NA,7,NA
2495651,"Jacoby Jones","SD","WR",31,8,10,3.27,2.786,3.154,0.325269119345812,90,0.0566666666666662,5,0.368,NA,138,117.7,5.31576471096552,NA,0,NA
2540211,"Gavin Escobar","DAL","TE",24,2,6,3.26,1.112,3.608,2.20617315730203,37,0.0599999999999996,4,2.496,NA,57,41.5,6.09506958998906,NA,6.8,NA
2507166,"Ted Ginn","CAR","WR",30,8,5,3.25666666666667,1.58,4.196,1.79070749519103,91,0.126666666666667,5,2.616,NA,123,72.7,5.08608857435684,NA,5.4,NA
2552631,"Javorius Allen","BAL","RB",24,0,9,3.20666666666667,1.32,5.176,2.62681048675639,69,0.0308333333333337,9,3.856,NA,84,61.8,6.40467764460883,NA,3.4,NA
2495187,"Lance Kendricks","STL","TE",27,4,6,3.205,1.501,3.109,1.42128463018496,38,0.0541666666666663,4,1.608,NA,49,36.3,4.76992457311451,NA,10.2,NA
2541199,"Luke Willson","SEA","TE",25,2,9,3.195,1.719,3.471,1.54856385079854,39,0.105,4,1.752,NA,58,44.7,5.55850363822651,NA,0,NA
2507428,"Mike Tolbert","CAR","RB",30,7,5,3.17666666666667,2.54,3.524,0.660025252042173,70,0.0341666666666667,9,0.984,NA,80,67,4.2109727199805,NA,1.8,NA
2543773,"James White","NE","RB",23,1,4,3.175,2.145,3.305,1.02530483272049,71,0.226666666666667,9,1.16,NA,72,51.1,3.80435521944714,NA,NA,NA
497320,"Andre Roberts","WAS","WR",27,5,8,3.17,2.582,3.622,0.66460514593253,92,0.0850000000000004,5,1.04,NA,107,85,4.32026874766701,NA,3.6,NA
2543565,"Andre Williams","NYG","RB",23,1,11,3.11,1.52,4.344,1.76756895197896,72,0.368333333333333,9,2.824,NA,94,51.3,4.75013204085493,NA,1.4,NA
497234,"Garrett Graham","HOU","TE",29,5,9,3.10666666666667,2.28,3.496,0.764286159323413,40,0.1275,4,1.216,NA,46,33.7,3.79376071728579,NA,0,NA
2540005,"Marlon Brown","BAL","WR",24,2,9,3.09,2.576,3.4,0.515072810387036,93,0.0133333333333328,5,0.824,NA,118,80.6,3.96340310131663,NA,2.5,NA
2540151,"Justin Hunter","TEN","WR",24,2,4,3.08,2.18,3.572,0.870172396712284,94,0.0700000000000003,5,1.392,NA,120,87.5,4.6607684810498,NA,1.1,NA
2506004,"Jerricho Cotchery","CAR","WR",33,11,5,3.07333333333333,1.66,4.316,1.73266653841221,95,0.148333333333333,5,2.656,NA,108,76.4,5.17629348066947,NA,10.5,NA
2507218,"Brent Celek","PHI","TE",30,8,8,3.07333333333333,1.54,3.876,1.62607912886592,41,0.203333333333333,4,2.336,NA,40,25,4.15481064253035,NA,0.6,NA
2552409,"DeVante Parker","MIA","WR",22,0,5,2.94666666666667,1.12,4.832,2.52359531885232,96,0.0499999999999998,5,3.712,NA,NA,NA,6.81474349492141,NA,NA,NA
2552430,"Tyler Lockett","SEA","WR",23,0,9,2.90333333333333,2.042,3.482,0.917623742790766,97,0.0283333333333338,5,1.44,NA,131,71.7,4.04670749232826,NA,3.4,NA
2495189,"Jeremy Kerley","NYJ","WR",27,4,5,2.89,1.834,3.914,1.3499259238936,98,0.0483333333333333,5,2.08,NA,127,107.6,6.05877853547411,NA,0,NA
2495835,"Anthony Fasano","TEN","TE",31,9,4,2.885,2.273,2.297,0.0212132034355963,42,0.0541666666666671,4,0.0239999999999996,NA,70,53.2,4.39334632738719,NA,1.8,NA
2495558,"Dwayne Bowe","CLE","WR",31,8,11,2.86,0.96,4.864,2.52721190247276,99,0.0383333333333336,5,3.904,NA,99,73.2,5.94834492189474,NA,NA,NA
2495288,"Virgil Green","DEN","TE",27,4,7,2.855,0.2,3.968,2.48153850127967,43,0.0866666666666664,4,3.768,NA,49,35.8,5.98874579592001,NA,0,NA
2552424,"Phillip Dorsett","IND","WR",22,0,10,2.82333333333333,2.514,2.994,0.328075194632775,100,0.0649999999999999,5,0.48,NA,91,67.7,3.20424848835464,NA,1.5,NA
2541966,"Jaron Brown","ARI","WR",25,2,9,2.82,0.282,2.538,1.99404112294606,101,0.176666666666667,5,2.256,NA,121,91.7,6.12189532376721,NA,0.8,NA
2506122,"Benjamin Watson","NO","TE",35,11,11,2.80666666666667,1.88,3.416,0.993042463006156,44,0.0766666666666662,4,1.536,NA,38,25,3.40443580245918,NA,1.9,NA
2506871,"Fred Jackson","SEA","RB",34,9,9,2.78666666666667,1.952,3.552,1.01120390294605,73,0.153333333333333,9,1.6,NA,75,54.7,3.9828255445027,NA,2.9,NA
324,"Jacob Tamme","ATL","TE",30,7,10,2.73,1.66,3.332,1.05531985672591,45,0.04,4,1.672,NA,44,29.3,3.80470237917256,NA,1.9,NA
2539202,"Chris Gragg","BUF","TE",25,2,8,2.73,0.273,2.457,1.93040151263928,45,0.085,4,2.184,NA,NA,NA,6.05966053544134,NA,NA,NA
2553462,"Josh Robinson","IND","RB",23,0,10,2.69666666666667,1.72,3.792,1.46732182336846,74,0.259166666666667,9,2.072,NA,105,62.8,4.99882028291746,NA,1.1,NA
2539256,"Aaron Dobson","NE","WR",24,2,4,2.69666666666667,2.332,2.9,0.364737348421207,102,0.194166666666666,5,0.568,NA,119,78,3.68175021185511,NA,0.9,NA
2543721,"C.J. Fiedorowicz","HOU","TE",24,1,9,2.65,1.37,2.73,1.20208152801713,47,0.0150000000000001,4,1.36,NA,60,51.3,5.64885420086519,NA,1.5,NA
2541834,"Josh Hill","NO","TE",25,2,11,2.64,1.06,3.796,1.71078929152599,48,0.0249999999999999,4,2.736,NA,32,21.1,3.9591439187654,NA,NA,NA
2534241,"Derek Carrier","WAS","TE",25,3,8,2.63,0.263,2.367,1.85969083452062,49,0.0600000000000001,4,2.104,NA,64,47.6,6.14746136273522,NA,0.8,NA
497226,"Jim Dray","CLE","TE",29,5,11,2.6,0.26,2.34,1.83847763108502,50,0.0899999999999999,4,2.08,NA,64,45.3,5.94770569674335,NA,1.3,NA
2540177,"Marquess Wilson","CHI","WR",23,2,7,2.59,2.1,2.876,0.485077313425396,103,0.195833333333333,5,0.776,NA,102,74.2,3.65846311655697,NA,5.9,NA
2507737,"Darrel Young","WAS","RB",28,6,8,2.57,2.57,2.57,NA,75,0.275833333333334,10,0,NA,95,85.5,7.98154573057896,NA,0,NA
497224,"Ed Dickson","CAR","TE",28,5,5,2.54,2.048,2.432,0.339411254969543,51,0.0749999999999997,4,0.384,NA,56,44.9,4.14040890246557,NA,0.9,NA
71431,"Brandon Pettigrew","DET","TE",30,6,9,2.48,0.248,2.232,1.75362481734264,52,0.0600000000000005,4,1.984,NA,72,51.9,6.34818079337948,NA,0,NA
2506619,"Daniel Fells","NYG","TE",32,9,11,2.45,-0.295,2.145,2.15667568261897,53,0.125,4,2.44,NA,51,46,6.37802648988708,NA,3.3,NA
2530515,"Chris Hogan","BUF","WR",27,4,8,2.415,1.083,2.547,1.29400540957138,104,0.0766666666666662,5,1.464,NA,128,117.3,6.405171548758,NA,NA,NA
2507486,"Kellen Davis","NYJ","TE",30,7,5,2.39,0.239,2.151,1.68998520703585,54,0.14,4,1.912,NA,65,50.2,6.14368521028608,NA,0,NA
497312,"Preston Parker","NYG","WR",28,5,11,2.37333333333333,1.4,3.176,1.11181533238813,105,0.0899999999999999,5,1.776,NA,118,86.7,4.90289610489894,NA,2.6,NA
2552380,"Karlos Williams","BUF","RB",22,0,8,2.305,1.551,2.759,1.06773123959169,76,0.0483333333333329,10,1.208,NA,103,57.5,4.20664481231938,NA,11.5,NA
2495802,"Jason Avant","KC","WR",32,9,9,2.30333333333333,1.702,2.582,0.610764548196221,106,0.0550000000000002,5,0.88,NA,134,118.4,5.6714147639313,NA,NA,NA
2553648,"Andrew Franks","MIA","K",22,0,5,2.3,0.23,2.07,1.62634559672906,28,0.3,4,1.84,NA,27,16.9,3.82416768540899,NA,5,NA
2534770,"Jonathan Grimes","HOU","RB",26,3,9,2.28333333333333,0.64,4.12,2.3357725345875,77,0.0733333333333333,10,3.48,NA,82,62.7,6.08717548140096,NA,3,NA
2550272,"Albert Wilson","KC","WR",23,1,9,2.26333333333333,1.22,2.972,1.13315194626905,107,0.0300000000000002,5,1.752,NA,123,94.4,5.25293013890881,NA,2.5,NA
1060,"Gary Barnidge","CLE","TE",30,7,11,2.26,0.4,2.416,1.33046357835656,55,0.0249999999999999,4,2.016,NA,55,40.9,5.01149001364533,NA,3.8,NA
2532835,"Rhett Ellison","MIN","TE",27,3,5,2.24,0.224,2.016,1.58391918985787,56,0.0350000000000001,4,1.792,NA,79,64.3,7.08839692282371,NA,0.3,NA
497282,"Riley Cooper","PHI","WR",28,5,8,2.23333333333333,0.74,3.46,1.72433562085034,108,0.00166666666666648,5,2.72,NA,117,88.7,5.68700066096123,NA,2.5,NA
2543746,"Josh Huff","PHI","WR",24,1,8,2.23333333333333,1.74,2.46,0.472581562625261,108,0.0383333333333331,5,0.72,NA,122,84.2,4.06713677925285,NA,1.9,NA
2543638,"DeAnthony Thomas","KC","WR",22,1,9,2.23,2.23,2.23,NA,110,0.100000000000001,5,0,NA,117,105.5,7.80590519117304,NA,0.2,NA
2553318,"James OShaughnessy","KC","TE",NA,NA,9,2.23,0.223,2.007,1.576848122046,57,0.0875000000000004,4,1.784,NA,57,52,6.14622894730566,NA,0,NA
2534871,"Derrick Coleman","SEA","RB",25,3,9,2.23,0.223,2.007,1.576848122046,78,0.0516666666666663,10,1.784,NA,119,114.5,7.95485315458251,NA,0.2,NA
497176,"Toby Gerhart","JAC","RB",28,5,8,2.19,1.794,2.594,0.50029991005396,79,0.0566666666666662,10,0.8,NA,95,72,4.28234216925021,NA,NA,NA
497258,"Andrew Quarless","GB","TE",27,5,7,2.18,1.04,2.912,1.17012819810481,58,0.0958333333333332,4,1.872,NA,52,38.5,4.63923305629589,NA,NA,NA
2495328,"Bilal Powell","NYJ","RB",27,4,5,2.16666666666667,1.46,3.06,1.0785793124909,80,0.0666666666666669,10,1.6,NA,90,62.7,4.50375166358777,NA,7.8,NA
80427,"Darrius Heyward-Bey","PIT","WR",28,6,11,2.16,-0.0960000000000002,2.304,1.61145896627869,111,0.17,5,2.4,NA,127,93.6,5.76533492915153,NA,5.8,NA
2540200,"Dion Sims","MIA","TE",24,2,5,2.105,1.001,2.609,1.42128463018496,59,0.0433333333333339,4,1.608,NA,58,43,5.27857235767427,NA,0,NA
2495258,"Matt Asiata","MIN","RB",28,4,5,2.1,1.24,2.36,0.989949493661166,81,0.0275000000000003,10,1.12,NA,94,81.9,5.438684903954,NA,3.2,NA
2495314,"Bruce Miller","SF","RB",28,4,10,2.1,0.21,1.89,1.48492424049175,81,0.0658333333333334,10,1.68,NA,102,92.6,6.6453413732228,NA,NA,NA
2539250,"Quinton Patton","SF","WR",25,2,10,2.1,-0.33,1.83,1.90918830920368,112,0.23,5,2.16,NA,114,105.1,6.59173616423433,NA,0,NA
2553833,"Josh Lambo","SD","K",25,0,10,2.1,0.21,1.89,1.48492424049175,29,0.2,4,1.68,NA,31,16.5,3.54226862865979,NA,9,NA
2540203,"Levine Toilolo","ATL","TE",24,2,10,2.06333333333333,0.96,3.032,1.41669803886832,60,0.0433333333333334,4,2.072,NA,56,42.4,5.22758505880395,NA,0.4,NA
2550206,"Ryan Hewitt","CIN","TE",24,1,7,2.06,0.206,1.854,1.45663996924429,61,0.12,4,1.648,NA,NA,NA,4.93650681772084,NA,0,NA
2552379,"Jeremy Langford","CHI","RB",24,0,7,2.045,0.561,3.529,2.62336615820209,83,0.0333333333333332,10,2.968,NA,90,75.6,7.15255577822808,NA,0.1,NA
4433,"Marcel Reece","OAK","RB",30,7,6,2.02333333333333,1.1,2.916,1.19274193911899,84,0.0833333333333335,10,1.816,NA,95,74.1,5.26893450917836,NA,14.6,NA
2534571,"Bobby Rainey","TB","RB",28,3,6,2,0.8,3.2,2.12132034355964,85,0.18,10,2.4,NA,89,76.6,6.57474190838634,NA,1.4,NA
2508112,"Rob Housler","CLE","TE",27,4,11,1.98,1.22,2.452,0.793221280602078,62,0.115,4,1.232,NA,54,36.2,4.0178531334453,NA,0,NA
2495347,"Lee Smith","OAK","TE",28,4,6,1.9,0.19,1.71,1.34350288425444,63,0.075,4,1.52,NA,81,74.5,7.57777693511993,NA,NA,NA
2553112,"Jason Myers","JAC","K",NA,NA,8,1.9,0.19,1.71,1.34350288425444,30,0.3,4,1.52,NA,32,28.4,5.4387718606818,NA,3,NA
2553497,"Kyle Brindza","DET","K",22,0,9,1.9,0.19,1.71,1.34350288425444,30,1.25,4,1.52,NA,32,26,5.01371775555572,NA,2,NA
81306,"Brandon Tate","CIN","WR",28,6,7,1.88,1.88,1.88,NA,113,0.0349999999999999,5,0,NA,158,128.7,9.76836613162319,NA,0,NA
2543664,"Terrance West","CLE","RB",24,1,11,1.88,0.664,3.096,2.1496046148071,86,0.1225,10,2.432,NA,91,63.4,5.89085451805411,NA,1.1,NA
2535634,"Chris Givens","STL","WR",26,3,6,1.86,0.548,3.172,2.31931024229188,114,0.0575000000000001,5,2.624,NA,147,118.9,7.6437701168049,NA,NA,NA
89766,"Brandon Myers","TB","TE",30,6,6,1.83,1.266,1.794,0.466690475583121,64,0.1825,4,0.528,NA,67,54.3,5.0049055473626,NA,NA,NA
2540145,"Cordarrelle Patterson","MIN","WR",24,2,5,1.83,0.786,2.274,1.31521861300698,115,0.0575000000000003,5,1.488,NA,112,95.3,5.49892046494735,NA,0.1,NA
71247,"James Casey","DEN","TE",31,6,7,1.82,0.182,1.638,1.28693434175952,65,0.3775,4,1.456,NA,59,47.2,5.43817305369165,NA,NA,NA
2543750,"Jeff Janis","GB","WR",24,1,7,1.775,1.095,1.855,0.67175144212722,116,0.0475000000000001,5,0.76,NA,129,76.5,3.96892747974242,NA,NA,NA
2540261,"Corey Fuller","DET","WR",25,2,9,1.77,-0.3,2.292,1.62148080469674,117,0.1275,5,2.592,NA,127,103,6.17434767392927,NA,NA,NA
2508096,"Tyler Clutts","DAL","RB",31,5,6,1.76,1.76,1.76,NA,87,0.1475,10,0,NA,NA,NA,NA,NA,NA,NA
2533036,"LaMichael James","MIA","RB",26,3,5,1.755,1.361,1.849,0.431335136523794,88,0.315,10,0.488,NA,99,87.5,5.04036219689585,NA,0,NA
2543462,"Johnny Manziel","CLE","QB",23,1,11,1.742,0.1742,1.5678,1.23178001282697,33,1.401,10,1.3936,NA,64,43.3,8.05228930420477,NA,5.78,NA
2550163,"Michael Campanaro","BAL","WR",24,1,9,1.685,0.757,2.013,1.11015764646288,118,0.185,5,1.256,NA,110,87,4.913691305114,NA,0.8,NA
2553434,"Devin Smith","NYJ","WR",NA,NA,5,1.6,1.6,1.6,NA,119,0.4,5,0,NA,96,80.8,5.71656100026275,NA,NA,NA
2552586,"Tyler Kroft","CIN","TE",23,0,7,1.475,0.795,1.555,0.67175144212722,66,0.0800000000000001,4,0.76,NA,71,61.3,5.77939918655857,NA,NA,NA
2495340,"Anthony Sherman","KC","RB",27,4,9,1.47,0.147,1.323,1.03944696834422,89,0.1125,11,1.176,NA,105,98.7,6.41676804213161,NA,0,NA
2530763,"Patrick DiMarco","ATL","RB",26,4,10,1.41,0.141,1.269,0.997020561473032,90,0.1125,11,1.128,NA,107,91.3,5.95997002642081,NA,NA,NA
2541316,"Ryan Griffin","HOU","TE",25,2,9,1.41,0.378,2.442,1.82433549546129,67,0.0625,4,2.064,NA,68,60.7,7.10007293710875,NA,1.8,NA
2506287,"Lance Moore","DET","WR",32,10,9,1.4,0.14,2.94,1.85202591774521,120,0.415,5,2.8,NA,139,107.2,6.61527335040779,NA,2.2,NA
2540215,"Vance McDonald","SF","TE",25,2,10,1.38,-0.402,1.182,1.40007142674936,68,0.3625,4,1.584,NA,63,60.7,6.59716828738315,NA,0.5,NA
2541768,"Tim Wright","TB","TE",25,2,6,1.315,0.527,2.103,1.3930003589375,69,0.658333333333333,4,1.576,NA,56,44.7,5.37410526666046,NA,NA,NA
2506147,"John Kuhn","GB","RB",33,9,7,1.305,0.441,1.569,0.997020561473032,91,0.03,11,1.128,NA,103,91.2,5.95451918413695,NA,NA,NA
2550551,"Travis Coons","CLE","K",23,1,11,1.3,0.2,1.48,0.808290376865476,32,1.3,4,1.28,NA,32,30.2,4.95881328474041,NA,4,NA
2534437,"Austin Johnson","NO","RB",26,2,11,1.29,0.129,1.161,0.912167747730646,92,0.0299999999999998,11,1.032,NA,NA,NA,3.0923538705137,NA,0.9,NA
2543551,"KaDeem Carey","CHI","RB",23,1,7,1.26,0.428,2.092,1.47078210486802,93,0.0100000000000002,11,1.664,NA,108,87.4,6.34408567889377,NA,NA,NA
2540230,"Kyle Juszczyk","BAL","RB",24,2,9,1.26,0.126,1.134,0.89095454429505,94,0.0999999999999999,11,1.008,NA,99,87.9,5.64105217200621,NA,1.7,NA
2540225,"Tommy Bohanon","NYJ","RB",25,2,5,1.24,0.124,1.116,0.876812408671319,95,0.17,11,0.992,NA,113,111,6.88238484400876,NA,0.2,NA
497172,"Anthony Dixon","BUF","RB",28,5,8,1.08,0.292,2.1,1.23660826456886,97,0.0575000000000001,11,1.808,NA,86,66.4,4.90446890482577,NA,6.1,NA
2539303,"Zach Line","MIN","RB",25,2,5,1.06,0.106,0.954,0.74953318805774,98,0.0875,11,0.848,NA,NA,NA,2.68268027243913,NA,NA,NA
2552425,"Rashad Greene","JAC","WR",23,0,8,1,0,1.6,1.15470053837925,121,0.03,5,1.6,NA,118,94.5,5.28176869029882,NA,8.8,NA
2539322,"Christine Michael","SEA","RB",25,2,9,0.985,0.333,1.637,1.15258405333407,99,0.0650000000000001,11,1.304,NA,100,69.8,4.98396978664457,NA,NA,NA
2495306,"Ricardo Lockette","SEA","WR",29,4,9,0.97,0.386,1.554,1.03237590053236,122,0.0183333333333333,5,1.168,NA,132,120.4,6.23749584405884,NA,NA,NA
2552652,"Chris Conley","KC","WR",23,0,9,0.97,0.248,1.76,0.956399498117811,122,0.121666666666667,5,1.512,NA,117,91.4,4.92419052746377,NA,NA,NA
2552464,"Jalston Fowler","TEN","RB",NA,NA,4,0.96,0.0960000000000001,0.864,0.678822509939086,100,0.0924999999999999,11,0.768,NA,NA,NA,2.50456131675454,NA,NA,NA
2552418,"Justin Hardy","ATL","WR",24,0,10,0.933333333333333,0.16,1.76,1.00664459136943,124,0.171666666666667,5,1.6,NA,125,103.7,5.50179319071769,NA,NA,NA
2534796,"Bryce Brown","BUF","RB",24,3,8,0.88,0.384,1.376,0.876812408671319,101,0.0325000000000001,11,0.992,NA,112,79.4,5.1599186823099,NA,NA,NA
2552375,"Cameron Artis-Payne","CAR","RB",23,0,5,0.855,0.339,1.371,0.912167747730646,102,0.0349999999999999,11,1.032,NA,82,63.7,4.34866618266547,NA,NA,NA
2543695,"Jay Prosch","HOU","RB",23,1,9,0.84,0.0840000000000001,0.756,0.5939696961967,103,0.1,11,0.672,NA,123,116.5,6.82594325825172,NA,NA,NA
2539315,"Stepfan Taylor","ARI","RB",24,2,9,0.8,0.16,1.44,1.13137084989848,104,0.185,11,1.28,NA,104,91.7,6.1509864034566,NA,NA,NA
2495801,"Miles Austin","PHI","WR",31,9,8,0.763333333333333,0.552,0.96,0.256969518296107,125,0.0183333333333334,5,0.408,NA,128,114.7,5.11088135884446,NA,2.2,NA
2552608,"Stefon Diggs","MIN","WR",22,0,5,0.76,0.248,1.272,0.905096679918781,126,0.0449999999999999,5,1.024,NA,144,133.3,6.63773730365518,NA,NA,NA
2495159,"Dwayne Harris","NYG","WR",28,4,11,0.73,0.194,1.266,0.947523086789974,127,0.0299999999999999,5,1.072,NA,135,108.6,5.64151738066079,NA,0,NA
2540259,"MarQueis Gray","BUF","TE",25,2,8,0.72,0.0720000000000001,0.648,0.509116882454314,70,0.165833333333333,4,0.576,NA,75,69,6.17118443517522,NA,NA,NA
2543491,"Paul Richardson","SEA","WR",23,1,9,0.7,0.7,0.7,NA,128,0.0600000000000001,6,0,NA,NA,NA,NA,NA,NA,NA
2552415,"Jamison Crowder","WAS","WR",22,0,8,0.7,0.22,1.18,0.848528137423857,128,0.1425,5,0.96,NA,137,115.4,5.81606434596202,NA,0,NA
230,"Jerome Felton","BUF","RB",29,7,8,0.68,0.0680000000000001,0.612,0.480832611206852,105,0.155,11,0.544,NA,110,88.5,5.15721225422403,NA,0,NA
2552397,"Clive Walford","OAK","TE",24,0,6,0.593333333333333,0.204,0.94,0.469183688264344,71,0.165833333333333,4,0.736,NA,51,38.4,3.80077137744802,NA,0.1,NA
2552470,"Sammie Coates","PIT","WR",22,0,11,0.58,0.032,0.832,0.537152988759565,130,0.0624999999999999,6,0.8,NA,128,102.7,4.92332590949291,NA,NA,NA
163982,"Will Johnson","FA","RB",26,4,NA,0.55,0.55,0.55,NA,106,0.0900000000000001,11,0,NA,91,79.4,7.31654297194839,NA,6.7,NA
2532790,"Travis Benjamin","CLE","WR",26,3,11,0.535,0.323,0.747,0.37476659402887,131,0.16,6,0.424,NA,141,113.6,5.19888513654088,NA,14.9,NA
2534244,"Chase Ford","MIN","TE",25,3,5,0.515,0.287,0.743,0.403050865276332,72,0.26,4,0.456,NA,87,62.7,5.56717752009808,NA,NA,NA
2507779,"Donald Brown","SD","RB",28,6,10,0.5,0.34,0.66,0.282842712474619,107,0.0825,11,0.32,NA,120,87.6,4.85878813571088,NA,NA,NA
2552597,"Breshad Perriman","BAL","WR",22,0,9,0.5,0.05,0.45,0.353553390593274,132,0.28,6,0.4,NA,NA,NA,1.85824335696321,NA,NA,NA
2533030,"Jonas Gray","FA","RB",25,3,NA,0.42,0.042,0.378,0.29698484809835,108,0.0275,11,0.336,NA,NA,NA,1.54271895605772,NA,NA,NA
2533545,"Bernard Pierce","JAC","RB",24,3,8,0.415,0.267,0.563,0.261629509039023,109,0.0524999999999999,11,0.296,NA,91,80.8,4.4614130170559,NA,0.4,NA
2539265,"Rex Burkhead","CIN","RB",25,2,7,0.37,0.186,0.554,0.325269119345812,110,0.0175,11,0.368,NA,104,87.4,4.90132213784855,NA,2.4,NA
2504531,"Michael Vick","PIT","QB",35,14,11,0.364,0.0364,0.3276,0.257386868351903,34,0.07,10,0.2912,NA,NA,NA,3.414168615479,NA,NA,NA
2550263,"Juwan Thompson","DEN","RB",23,1,7,0.355,0.239,0.471,0.205060966544099,111,0.00750000000000001,11,0.232,NA,95,74.1,4.02495900176363,NA,NA,NA
2495472,"Jordan Todman","FA","RB",25,4,NA,0.35,0.0700000000000001,0.63,0.494974746830583,112,0.0425,11,0.56,NA,109,96.8,5.62744405935263,NA,NA,NA
2540224,"Mike James","TB","RB",24,2,6,0.345,0.221,0.469,0.21920310216783,113,0.085,11,0.248,NA,116,97.5,5.31826799175467,NA,NA,NA
2552401,"MyCole Pruitt","MIN","TE",23,0,5,0.34,0.132,0.548,0.367695526217005,73,0.175,4,0.416,NA,71,62.3,5.4949017673736,NA,NA,NA
79858,"Mark Sanchez","PHI","QB",29,6,8,0.318,0.0318,0.2862,0.224859956417322,35,0.059,10,0.2544,NA,37,34,5.37246157775329,NA,NA,NA
79629,"Cedric Peerman","CIN","RB",29,6,7,0.27,0.086,0.454,0.325269119345812,114,0.055,11,0.368,NA,127,102.5,5.72439932271098,NA,NA,NA
2495748,"Drew Stanton","ARI","QB",31,8,9,0.27,0.027,0.243,0.190918830920368,36,0.036,10,0.216,NA,NA,NA,3.21340531507249,NA,NA,NA
2530700,"Dontrelle Inman","SD","WR",26,2,10,0.25,0.025,0.225,0.176776695296637,133,0.065,6,0.2,NA,120,111.6,4.88818616475061,NA,NA,NA
2553439,"Mike Davis","SF","RB",22,0,10,0.25,0.025,0.225,0.176776695296637,115,0.07,11,0.2,NA,108,83.6,4.50716522759315,NA,NA,NA
2539275,"Mike Glennon","TB","QB",26,2,6,0.248,0.0248,0.2232,0.175362481734264,37,0.029,10,0.1984,NA,48,43,6.41946978330204,NA,NA,NA
497123,"Colt McCoy","WAS","QB",29,5,8,0.22,0.022,0.198,0.15556349186104,38,0.00900000000000001,10,0.176,NA,NA,NA,3.10661632549455,NA,NA,NA
252,"Chad Henne","JAC","QB",30,7,8,0.218,0.0218,0.1962,0.154149278298667,39,0.021,10,0.1744,NA,55,51,7.38455352932048,NA,NA,NA
2506562,"Matt Cassel","FA","QB",33,10,NA,0.204,0.0204,0.1836,0.144249783362056,40,0.02,10,0.1632,NA,61,40,5.99856246180331,NA,NA,NA
2506895,"Kellen Clemens","SD","QB",32,9,10,0.19,0.019,0.171,0.134350288425444,41,0.016,10,0.152,NA,NA,NA,3.0425429317478,NA,NA,NA
2532903,"Rishard Matthews","MIA","WR",26,3,5,0.19,0.019,0.171,0.134350288425444,134,0.015,6,0.152,NA,128,82.8,3.62165478787252,NA,9.4,NA
2495192,"Greg Little","CIN","WR",26,4,7,0.18,0.018,0.162,0.127279220613579,135,0.015,6,0.144,NA,NA,NA,1.34142018404853,NA,NA,NA
2550268,"Charcandrick West","KC","RB",24,1,9,0.18,0.018,0.162,0.127279220613579,116,0.00499999999999998,11,0.144,NA,110,100.3,5.35511425450769,NA,NA,NA
2553631,"Zach Zenner","DET","RB",NA,NA,9,0.18,0.18,0.18,NA,116,0.02,11,0,NA,118,85.2,7.94884067687582,NA,0.6,NA
2542065,"Matt McGloin","OAK","QB",26,2,6,0.178,0.0178,0.1602,0.125865007051205,42,0.00800000000000001,10,0.1424,NA,NA,NA,3.01691357424909,NA,7.68,NA
2540011,"Chris Thompson","WAS","RB",25,2,8,0.17,0.017,0.153,0.120208152801713,118,0.03,11,0.136,NA,109,90.8,4.82837828975703,NA,1.1,NA
2504833,"Shaun Hill","MIN","QB",NA,NA,5,0.17,0.017,0.153,0.120208152801713,43,0.00200000000000003,10,0.136,NA,NA,NA,2.99982733591662,NA,NA,NA
2534820,"Garrett Celek","SF","TE",27,3,10,0.17,0.017,0.153,0.120208152801713,74,0.02,4,0.136,NA,NA,NA,1.7682075244496,NA,4,NA
2543759,"Ryan Grant","WAS","WR",25,1,8,0.17,0.017,0.153,0.120208152801713,136,0.00999999999999998,6,0.136,NA,140,117.9,5.09003809410257,NA,1.5,NA
2532970,"Brandon Weeden","DAL","QB",32,3,6,0.17,0.017,0.153,0.120208152801713,44,0.00699999999999998,10,0.136,NA,54,46.5,6.77241456519642,NA,NA,NA
2495425,"Scott Tolzien","GB","QB",28,4,7,0.166,0.0166,0.1494,0.117379725676967,45,0.016,10,0.1328,NA,NA,NA,2.99128421675039,NA,NA,NA
497246,"Michael Hoomanawanui","NE","TE",27,5,4,0.16,0.016,0.144,0.113137084989848,75,0.035,4,0.128,NA,70,58,4.86671338446258,NA,NA,NA
2541388,"Brice Butler","OAK","WR",25,2,6,0.16,0.016,0.144,0.113137084989848,137,0.005,6,0.128,NA,142,124.6,5.36533532472008,NA,NA,NA
2543641,"Devin Street","DAL","WR",24,1,6,0.16,0.16,0.16,NA,137,0.015,6,0,NA,137,120.7,9.09165546250245,NA,0,NA
2533349,"Austin Davis","FA","QB",26,3,NA,0.16,0.016,0.144,0.113137084989848,46,0.022,10,0.128,NA,NA,NA,2.97846953800104,NA,NA,NA
2541785,"Adam Thielen","MIN","WR",25,1,5,0.15,0.15,0.15,NA,139,0.015,6,0,NA,NA,NA,NA,NA,NA,NA
2552578,"Tyler Varga","IND","RB",22,0,10,0.15,0.015,0.135,0.106066017177982,119,0.03,11,0.12,NA,NA,NA,1.06179777570931,NA,2,NA
2543605,"Zach Mettenberger","TEN","QB",24,1,4,0.14,0.014,0.126,0.0989949493661167,47,0.005,10,0.112,NA,58,44.7,6.51602576867238,NA,-0.5,NA
1037885,"Marc Mariani","CHI","WR",28,5,7,0.14,0.014,0.126,0.0989949493661166,140,0.02,6,0.112,NA,152,126.4,5.42531455084258,NA,0,NA
2539327,"Joseph Fauria","FA","TE",25,2,NA,0.14,0.014,0.126,0.0989949493661166,76,0.035,4,0.112,NA,NA,NA,1.71791705947704,NA,NA,NA
2495441,"Blaine Gabbert","SF","QB",26,4,10,0.136,0.0136,0.1224,0.0961665222413705,48,0.005,10,0.1088,NA,NA,NA,2.92721082300363,NA,NA,NA
81284,"Chase Daniel","KC","QB",29,6,9,0.134,0.0134,0.1206,0.0947523086789974,49,0.012,10,0.1072,NA,NA,NA,2.92293926342051,NA,NA,NA
2535876,"Griff Whalen","IND","WR",25,3,10,0.13,0.13,0.13,NA,141,0.035,6,0,NA,151,124,9.37079861351475,NA,0,NA
2539289,"Kenjon Barner","PHI","RB",26,2,8,0.13,0.013,0.117,0.0919238815542512,120,0.03,11,0.104,NA,126,106,5.6212825257664,NA,NA,NA
2505982,"Matt Schaub","BAL","QB",34,11,9,0.128,0.0128,0.1152,0.0905096679918781,50,0.037,10,0.1024,NA,49,46.5,6.72756318957369,NA,NA,NA
2506546,"Derek Anderson","CAR","QB",32,10,5,0.116,0.0116,0.1044,0.0820243866176395,51,0.056,10,0.0928,NA,53,44,6.40314837242065,NA,NA,NA
497250,"Anthony McCoy","FA","TE",28,5,NA,0.11,0.011,0.099,0.0777817459305202,77,0.01,4,0.088,NA,NA,NA,1.66762659450448,NA,NA,NA
2535890,"Travaris Cadet","NE","RB",26,3,4,0.11,0.011,0.099,0.0777817459305202,121,0.04,11,0.088,NA,NA,NA,0.990550193435471,NA,NA,NA
2535964,"Josh Bellamy","CHI","WR",26,3,7,0.11,0.011,0.099,0.0777817459305202,142,0.05,6,0.088,NA,NA,NA,1.22836511497344,NA,NA,NA
238457,"Zach Miller","CHI","TE",31,6,7,0.1,0.1,0.1,NA,78,0,4,0,NA,72,69.5,9.72808706785562,NA,0,NA
2543628,"Troy Niklas","ARI","TE",23,1,9,0.1,0.01,0.09,0.0707106781186548,78,0.01,4,0.08,NA,66,62.7,5.1732355444797,NA,NA,NA
2552402,"Nick Boyle","BAL","TE",22,0,9,0.1,0.01,0.09,0.0707106781186548,78,0.02,4,0.08,NA,78,61.3,5.06695093278065,NA,NA,NA
2550481,"Orleans Darkwa","NYG","RB",23,1,11,0.09,0.00900000000000001,0.081,0.0636396103067893,122,0.04,11,0.072,NA,106,102.5,5.39487925469448,NA,NA,NA
2540232,"Jack Doyle","IND","TE",25,2,10,0.08,0.00800000000000001,0.072,0.0565685424949238,81,0,4,0.064,NA,60,57.3,4.74651712531631,NA,NA,NA
2541828,"Frankie Hammond","KC","WR",NA,NA,9,0.08,0.00800000000000001,0.072,0.0565685424949238,143,0.06,6,0.064,NA,NA,NA,1.17991294251269,NA,NA,NA
2550355,"Nic Jacobs","JAC","TE",24,1,8,0.08,0.00800000000000001,0.072,0.0565685424949238,81,0.005,4,0.064,NA,NA,NA,1.61733612953192,NA,0,NA
2552633,"Jesse James","PIT","TE",21,0,11,0.08,0.00800000000000001,0.072,0.0565685424949238,81,0.015,4,0.064,NA,65,58.3,4.82243470510135,NA,NA,NA
1992,"Craig Stevens","TEN","TE",31,7,4,0.07,0.00700000000000001,0.063,0.0494974746830583,84,0.01,4,0.056,NA,69,58,4.79127768700374,NA,NA,NA
2495443,"Ryan Mallett","HOU","QB",27,4,9,0.066,0.00660000000000001,0.0594,0.0466690475583121,52,0.02,10,0.0528,NA,56,39.3,5.76394561743273,NA,8.52,NA
2495234,"Luke Stocker","TB","TE",27,4,6,0.06,0.00600000000000001,0.054,0.0424264068711929,85,0,4,0.048,NA,77,67.8,5.52688822473502,NA,NA,NA
2533028,"James Hanna","DAL","TE",26,3,6,0.06,0.00600000000000001,0.054,0.0424264068711929,85,0.005,4,0.048,NA,80,77.5,6.26328874864988,NA,NA,NA
2533353,"Cory Harkey","STL","TE",25,3,6,0.06,0.00600000000000001,0.054,0.0424264068711929,85,0.015,4,0.048,NA,NA,NA,1.58380915288355,NA,NA,NA
2501078,"Matt Hasselbeck","IND","QB",40,17,10,0.054,0.00540000000000001,0.0486,0.0381837661840736,53,0.018,10,0.0432,NA,51,46.5,6.64853933728602,NA,NA,NA
2536532,"Jorvorskie Lane","TB","RB",28,3,6,0.05,0.00500000000000001,0.045,0.0353553390593274,123,0.005,11,0.04,NA,109,100.7,5.26114030244813,NA,0,NA
2495467,"Taiwan Jones","OAK","RB",27,4,6,0.05,0.005,0.045,0.0353553390593274,124,0.015,11,0.04,NA,104,85.8,4.44896480215341,NA,1.8,NA
2507405,"Matthew Mulligan","BUF","TE",30,7,8,0.05,0.005,0.045,0.0353553390593274,88,0.02,4,0.04,NA,NA,NA,1.56704566455936,NA,NA,NA
2541944,"Russell Shepard","TB","WR",25,2,6,0.04,0.004,0.036,0.0282842712474619,144,0.04,6,0.032,NA,131,126,5.32764316334665,NA,0.6,NA
2550284,"Trey Burton","PHI","TE",24,1,8,0.04,0.004,0.036,0.0282842712474619,89,0.03,4,0.032,NA,84,67.7,5.50253297843233,NA,NA,NA
2552477,"Aaron Ripkowski","GB","RB",NA,NA,7,0.04,0.004,0.036,0.0282842712474619,125,0.01,11,0.032,NA,NA,NA,0.865866924456253,NA,NA,NA
497108,"Jimmy Clausen","CHI","QB",27,5,7,0.038,0.0038,0.0342,0.0268700576850888,54,0.006,10,0.0304,NA,45,41.5,6.00825282214617,NA,NA,NA
2543801,"Jimmy Garoppolo","NE","QB",24,1,4,0.034,0.0034,0.0306,0.0240416305603426,55,0.006,10,0.0272,NA,40,30.5,4.63294065358679,NA,NA,NA
2527672,"Will Tukuafu","SEA","RB",31,5,9,0.03,0.03,0.03,NA,127,0.005,0,0,NA,NA,NA,NA,NA,NA,NA
2552636,"Michael Burton","DET","RB",23,0,9,0.03,0.003,0.027,0.0212132034355964,127,0.02,11,0.024,NA,NA,NA,0.848055028887794,NA,NA,NA
2495863,"Tarvaris Jackson","SEA","QB",32,9,9,0.03,0.003,0.027,0.0212132034355964,56,0.004,10,0.024,NA,NA,NA,2.70081816509842,NA,NA,NA
2533436,"Brock Osweiler","DEN","QB",25,3,7,0.026,0.0026,0.0234,0.0183847763108502,57,0.004,10,0.0208,NA,41,37,5.43455789427016,NA,NA,NA
2539961,"Ryan Nassib","NYG","QB",25,2,11,0.026,0.0026,0.0234,0.0183847763108502,57,0.011,10,0.0208,NA,NA,NA,2.69227504593218,NA,NA,NA
2536044,"Jamize Olawale","OAK","RB",26,3,6,0.02,0.02,0.02,NA,129,0.02,0,0,NA,NA,NA,NA,NA,2.5,NA
2553446,"Malcolm Johnson","CLE","TE",23,0,11,0.02,0.002,0.018,0.014142135623731,90,0.02,4,0.016,NA,NA,NA,1.5167551995868,NA,1.4,NA
2543497,"AJ McCarron","CIN","QB",25,1,7,0.018,0.0018,0.0162,0.0127279220613579,59,0.006,10,0.0144,NA,63,55.5,7.73185579929126,NA,NA,NA
2506481,"Dan Orlovsky","DET","QB",32,10,9,0.012,0.0012,0.0108,0.00848528137423857,60,0.002,10,0.0096,NA,NA,NA,2.66237412885036,NA,NA,NA
2507282,"Matt Moore","MIA","QB",31,8,5,0.012,0.0012,0.0108,0.00848528137423857,60,0.008,10,0.0096,NA,55,50,7.03992815542846,NA,NA,NA
2506053,"Luke McCown","NO","QB",34,11,11,0.008,0.000800000000000001,0.0072,0.00565685424949238,63,0.008,10,0.0064,NA,NA,NA,2.65383100968413,NA,NA,NA
184,"Donnie Avery","FA","WR",31,7,NA,0,0,0,NA,145,0,6,0,NA,NA,NA,NA,NA,NA,NA
216,"Fred Davis","FA","TE",29,7,NA,0,0,0,NA,91,0,4,0,NA,NA,NA,NA,NA,NA,NA
318,"Jerome Simpson","SF","WR",29,7,10,0,0,0,NA,145,0,6,0,NA,NA,NA,NA,NA,NA,NA
367,"Matt Flynn","FA","QB",30,7,NA,0,0,0,NA,64,0,10,0,NA,NA,NA,NA,NA,NA,NA
832,"Josh Morgan","FA","WR",30,7,NA,0,0,0,NA,145,0,6,0,NA,NA,NA,NA,NA,NA,NA
929,"BenJarvus Green-Ellis","FA","RB",30,7,NA,0,0,0,NA,130,0,0,0,NA,NA,NA,NA,NA,NA,NA
941,"Ray Rice","FA","RB",28,7,NA,0,0,0,NA,130,0,0,0,NA,NA,NA,NA,NA,NA,NA
1030,"Mario Manningham","FA","WR",29,7,NA,0,0,0,NA,145,0,6,0,NA,NA,NA,NA,NA,NA,NA
1032,"Jordy Nelson","GB","WR",30,7,7,0,0,0,NA,145,0,6,0,NA,NA,NA,NA,NA,NA,NA
1072,"Jermichael Finley","FA","TE",28,7,NA,0,0,0,NA,91,0,4,0,NA,NA,NA,NA,NA,NA,NA
1966,"John Carlson","FA","TE",31,7,NA,0,0,0,NA,91,0,4,0,NA,NA,NA,NA,NA,NA,NA
1980,"Peyton Hillis","FA","RB",29,7,NA,0,0,0,NA,130,0,0,0,NA,NA,NA,NA,NA,NA,NA
4231,"Jed Collins","FA","RB",29,7,NA,0,0,0,NA,130,0,0,0,NA,NA,NA,NA,NA,NA,NA
4381,"Garrett Hartley","PIT","K",29,7,11,0,0,0,NA,33,0,4,0,NA,23,16,4.90426709344007,NA,NA,NA
4383,"Tim Hightower","NO","RB",29,7,11,0,0,0,0,130,0,11,0,NA,108,88,4.52435359347712,NA,NA,NA
4487,"Matthew Slater","NE","WR",30,7,4,0,0,0,NA,145,0,6,0,NA,NA,NA,NA,NA,NA,NA
71255,"Chase Coffman","FA","TE",29,6,NA,0,0,0,0,91,0,4,0,NA,NA,NA,1.48322822293843,NA,NA,NA
79555,"Arian Foster","HOU","RB",29,6,9,0,0,0,NA,130,0,0,0,NA,NA,NA,NA,NA,NA,NA
79557,"Josh Freeman","FA","QB",27,6,NA,0,0,0,NA,64,0,10,0,NA,NA,NA,NA,NA,NA,NA
79563,"Shonn Greene","FA","RB",30,6,NA,0,0,0,NA,130,0,0,0,NA,NA,NA,NA,NA,NA,NA
79619,"Knowshon Moreno","FA","RB",28,6,NA,0,0,0,NA,130,0,0,0,NA,NA,NA,NA,NA,NA,NA
79625,"Bear Pascoe","FA","TE",29,6,NA,0,0,0,NA,91,0,4,0,NA,NA,NA,NA,NA,NA,NA
80672,"Hakeem Nicks","FA","WR",27,6,NA,0,0,0,NA,145,0,6,0,NA,100,97,7.08690010523225,NA,NA,NA
80674,"Chris Ogbonnaya","FA","RB",29,6,NA,0,0,0,NA,130,0,0,0,NA,NA,NA,NA,NA,NA,NA
81288,"Brandon Gibson","NE","WR",28,6,4,0,0,0,NA,145,0,6,0,NA,NA,NA,NA,NA,NA,NA
81857,"Kevin Ogletree","FA","WR",28,6,NA,0,0,0,NA,145,0,6,0,NA,NA,NA,NA,NA,NA,NA
89798,"Antone Smith","FA","RB",30,6,NA,0,0,0,NA,130,0,0,0,NA,76,67.6,6.03014419295809,NA,NA,NA
238445,"Frank Summers","FA","RB",30,6,NA,0,0,0,NA,130,0,0,0,NA,NA,NA,NA,NA,NA,NA
496812,"Erik Lorig","FA","RB",29,5,NA,0,0,0,NA,130,0,0,0,NA,NA,NA,NA,NA,NA,NA
497121,"Thad Lewis","CLE","QB",28,5,11,0,0,0,NA,64,0,10,0,NA,NA,NA,NA,NA,NA,NA
497135,"Tim Tebow","FA","QB",28,5,NA,0,0,0,NA,64,0,10,0,NA,NA,NA,NA,NA,NA,NA
497149,"LeGarrette Blount","NE","RB",29,5,4,0,0,0,NA,130,0,0,0,NA,NA,NA,NA,NA,NA,NA
497174,"Jonathan Dwyer","FA","RB",26,5,NA,0,0,0,NA,130,0,0,0,NA,NA,NA,NA,NA,NA,NA
497192,"Joe McKnight","FA","RB",27,5,NA,0,0,0,NA,130,0,0,0,NA,NA,NA,NA,NA,NA,NA
497204,"C.J. Spiller","NO","RB",28,5,11,0,0,0,NA,130,0,0,0,NA,NA,NA,NA,NA,NA,NA
497208,"Ben Tate","FA","RB",27,5,NA,0,0,0,NA,130,0,0,0,NA,NA,NA,NA,NA,NA,NA
497218,"Trindon Holliday","FA","WR",29,5,NA,0,0,0,NA,145,0,6,0,NA,NA,NA,NA,NA,NA,NA
497254,"Dennis Pitta","BAL","TE",30,5,9,0,0,0,NA,91,0,4,0,NA,NA,NA,NA,NA,NA,NA
497256,"Tony Moeaki","FA","TE",28,5,NA,0,0,0,NA,91,0,4,0,NA,NA,NA,NA,NA,NA,NA
497260,"Seyi Ajirotutu","PHI","WR",28,5,8,0,0,0,0,145,0,6,0,NA,153,131.7,5.53641989091374,NA,NA,NA
497286,"Marcus Easley","BUF","WR",28,5,8,0,0,0,0,145,0,6,0,NA,148,134,5.63369704959985,NA,NA,NA
497288,"Jacoby Ford","FA","WR",28,5,NA,0,0,0,NA,145,0,6,0,NA,NA,NA,NA,NA,NA,NA
497302,"Brandon LaFell","NE","WR",29,5,4,0,0,0,NA,145,0,6,0,NA,NA,NA,NA,NA,NA,NA
1037347,"Joe Webb","CAR","QB",29,5,5,0,0,0,0,64,0,10,0,NA,NA,NA,2.63674477135166,NA,NA,NA
1037366,"Michael Palmer","FA","TE",27,5,NA,0,0,0,NA,91,0,4,0,NA,NA,NA,NA,NA,NA,NA
1037847,"Deji Karim","FA","RB",29,5,NA,0,0,0,NA,130,0,0,0,NA,NA,NA,NA,NA,NA,NA
2495162,"Alex Henery","FA","K",28,4,NA,0,0,0,NA,33,0,4,0,NA,NA,NA,NA,NA,NA,NA
2495172,"Kendall Hunter","SF","RB",27,4,10,0,0,0,NA,130,0,0,0,NA,NA,NA,NA,NA,NA,NA
2495179,"Jerrel Jernigan","FA","WR",26,4,NA,0,0,0,NA,145,0,6,0,NA,NA,NA,NA,NA,NA,NA
2495194,"Jake Locker","FA","QB",27,4,NA,0,0,0,NA,64,0,10,0,NA,NA,NA,NA,NA,NA,NA
2495211,"Niles Paul","WAS","TE",26,4,8,0,0,0,NA,91,0,4,0,NA,NA,NA,NA,NA,NA,NA
2495212,"Austin Pettis","FA","WR",27,4,NA,0,0,0,NA,145,0,6,0,NA,NA,NA,NA,NA,NA,NA
2495215,"Christian Ponder","OAK","QB",27,4,6,0,0,0,NA,64,0,10,0,NA,NA,NA,NA,NA,NA,NA
2495223,"Greg Salas","DET","WR",27,4,9,0,0,0,NA,145,0,6,0,NA,NA,NA,NA,NA,NA,NA
2495241,"Daniel Thomas","CHI","RB",28,4,7,0,0,0,NA,130,0,0,0,NA,NA,NA,NA,NA,NA,NA
2495315,"Denarius Moore","FA","WR",27,4,NA,0,0,0,NA,145,0,6,0,NA,NA,NA,NA,NA,NA,NA
2495331,"Aldrick Robinson","FA","WR",27,4,NA,0,0,0,NA,145,0,6,0,NA,NA,NA,NA,NA,NA,NA
2495338,"Dane Sanzenbacher","FA","WR",27,4,NA,0,0,0,NA,145,0,6,0,NA,NA,NA,NA,NA,NA,NA
2495449,"Tandon Doss","FA","WR",26,4,NA,0,0,0,NA,145,0,6,0,NA,NA,NA,NA,NA,NA,NA
2495461,"Shaun Draughn","CLE","RB",28,4,11,0,0,0,0,130,0,11,0,NA,101,97,5.01492939902426,NA,0.4,NA
2495468,"Mikel Leshoure","FA","RB",25,4,NA,0,0,0,NA,130,0,0,0,NA,NA,NA,NA,NA,NA,NA
2495470,"Stevan Ridley","NYJ","RB",26,4,5,0,0,0,NA,130,0,0,0,NA,NA,NA,NA,NA,NA,NA
2495560,"Ahmad Bradshaw","FA","RB",29,8,NA,0,0,0,NA,130,0,0,0,NA,NA,NA,NA,NA,NA,NA
2495660,"Brian Leonard","FA","RB",31,8,NA,0,0,0,NA,130,0,0,0,NA,NA,NA,NA,NA,NA,NA
2495676,"Robert Meachem","FA","WR",31,8,NA,0,0,0,NA,145,0,6,0,NA,NA,NA,NA,NA,NA,NA
2495724,"Dante Rosario","FA","TE",31,8,NA,0,0,0,NA,91,0,4,0,NA,NA,NA,NA,NA,NA,NA
2495838,"Bruce Gradkowski","PIT","QB",32,9,11,0,0,0,NA,64,0,10,0,NA,NA,NA,NA,NA,NA,NA
2495843,"Derek Hagan","FA","WR",31,9,NA,0,0,0,NA,145,0,6,0,NA,NA,NA,NA,NA,NA,NA
2495967,"Leon Washington","FA","RB",33,9,NA,0,0,0,NA,130,0,0,0,NA,NA,NA,NA,NA,NA,NA
2495974,"Charlie Whitehurst","TEN","QB",33,9,4,0,0,0,0,64,0,10,0,NA,NA,NA,2.63674477135166,NA,NA,NA
2499248,"Kris Durham","FA","WR",27,4,NA,0,0,0,NA,145,0,6,0,NA,NA,NA,NA,NA,NA,NA
2499255,"Richard Gordon","KC","TE",28,4,9,0,0,0,NA,91,0,4,0,NA,NA,NA,NA,NA,NA,NA
2499277,"David Ausberry","DET","TE",28,4,9,0,0,0,NA,91,0,4,0,NA,NA,NA,NA,NA,NA,NA
2504162,"Shayne Graham","FA","K",NA,NA,NA,0,0,0,NA,33,0,4,0,NA,NA,NA,NA,NA,NA,NA
2504343,"Jay Feely","FA","K",39,16,NA,0,0,0,NA,33,0,4,0,NA,NA,NA,NA,NA,NA,NA
2504743,"Santana Moss","FA","WR",36,14,NA,0,0,0,NA,145,0,6,0,NA,NA,NA,NA,NA,NA,NA
2504941,"Billy Cundiff","FA","K",35,13,NA,0,0,0,NA,33,0,4,0,NA,NA,NA,NA,NA,NA,NA
2505299,"Antonio Gates","SD","TE",35,12,10,0,0,0,NA,91,0,4,0,NA,NA,NA,NA,NA,NA,NA
2505310,"Kassim Osgood","FA","WR",35,12,NA,0,0,0,NA,145,0,6,0,NA,NA,NA,NA,NA,NA,NA
2505936,"Steven Jackson","FA","RB",32,11,NA,0,0,0,NA,130,0,0,0,NA,NA,NA,NA,NA,NA,NA
2506149,"Shaun Suisham","PIT","K",NA,NA,11,0,0,0,NA,33,0,4,0,NA,NA,NA,NA,NA,NA,NA
2506194,"Nick Novak","FA","K",NA,NA,NA,0,0,0,NA,33,0,4,0,NA,20,14.4,4.33752828660529,NA,NA,NA
2506222,"Josh Cribbs","FA","WR",32,10,NA,0,0,0,NA,145,0,6,0,NA,NA,NA,NA,NA,NA,NA
2506341,"Ronnie Brown","FA","RB",34,10,NA,0,0,0,NA,130,0,0,0,NA,NA,NA,NA,NA,NA,NA
2506364,"Jason Campbell","FA","QB",34,10,NA,0,0,0,NA,64,0,10,0,NA,NA,NA,NA,NA,NA,NA
2506410,"Alex Smith","NO","TE",33,10,11,0,0,0,NA,91,0,4,0,NA,NA,NA,NA,NA,NA,NA
2506444,"Kyle Orton","FA","QB",33,10,NA,0,0,0,NA,64,0,10,0,NA,NA,NA,NA,NA,NA,NA
2506885,"Santonio Holmes","FA","WR",31,9,NA,0,0,0,NA,145,0,6,0,NA,NA,NA,NA,NA,NA,NA
2506897,"Devin Hester","ATL","WR",33,9,10,0,0,0,NA,145,0,6,0,NA,124,105.8,7.83128184126507,NA,NA,NA
2507029,"Eric Weems","ATL","WR",30,8,10,0,0,0,NA,145,0,6,0,NA,149,125.3,9.48076409724688,NA,0,NA
2507141,"Pierre Thomas","FA","RB",31,8,NA,0,0,0,NA,130,0,0,0,NA,NA,NA,NA,NA,NA,NA
2507170,"Zach Miller","FA","TE",30,8,NA,0,0,0,NA,91,0,4,0,NA,72,69.5,9.72808706785562,NA,NA,NA
2507192,"Michael Bush","FA","RB",31,8,NA,0,0,0,NA,130,0,0,0,NA,NA,NA,NA,NA,NA,NA
2507237,"Jordan Palmer","FA","QB",31,8,NA,0,0,0,NA,64,0,10,0,NA,NA,NA,NA,NA,NA,NA
2507278,"Jackie Battle","FA","RB",32,8,NA,0,0,0,NA,130,0,0,0,NA,NA,NA,NA,NA,NA,NA
2507463,"Connor Barth","TB","K",29,7,6,0,0,0,NA,33,0,4,0,NA,NA,NA,NA,NA,NA,NA
2507585,"Will Taufoou","FA","RB",29,3,NA,0,0,0,NA,130,0,0,0,NA,NA,NA,NA,NA,NA,NA
2507596,"Marcus Thigpen","BUF","RB",29,6,8,0,0,0,0,130,0,11,0,NA,NA,NA,0.794619342182416,NA,0,NA
2507828,"Logan Paulsen","WAS","TE",28,5,8,0,0,0,NA,91,0,4,0,NA,NA,NA,NA,NA,NA,NA
2507855,"Victor Cruz","NYG","WR",29,5,11,0,0,0,NA,145,0,6,0,NA,NA,NA,NA,NA,NA,NA
2507884,"David Nelson","PIT","WR",29,5,11,0,0,0,NA,145,0,6,0,NA,NA,NA,NA,NA,NA,NA
2507897,"Alfonso Smith","FA","RB",28,5,NA,0,0,0,NA,130,0,0,0,NA,NA,NA,NA,NA,NA,NA
2507902,"Marlon Moore","CLE","WR",28,5,11,0,0,0,0,145,0,6,0,NA,102,100,4.19568687771827,NA,NA,NA
2508051,"John Conner","FA","RB",28,5,NA,0,0,0,NA,130,0,0,0,NA,NA,NA,NA,NA,NA,NA
2508101,"James Develin","NE","RB",27,5,4,0,0,0,NA,130,0,0,0,NA,NA,NA,NA,NA,NA,NA
2508115,"Vincent Brown","FA","WR",26,4,NA,0,0,0,NA,145,0,6,0,NA,NA,NA,NA,NA,NA,NA
2508123,"T.J. Yates","FA","QB",28,4,NA,0,0,0,NA,64,0,10,0,NA,NA,NA,NA,NA,NA,NA
2528181,"Bryan Walters","JAC","WR",28,5,8,0,0,0,NA,145,0,6,0,NA,144,143.5,11.0202808694966,NA,1.7,NA
2530516,"Robert Hughes","FA","RB",26,4,NA,0,0,0,NA,130,0,0,0,NA,NA,NA,NA,NA,NA,NA
2530575,"Drew Davis","FA","WR",26,3,NA,0,0,0,NA,145,0,6,0,NA,NA,NA,NA,NA,NA,NA
2530598,"Jeremy Ross","FA","WR",27,4,NA,0,0,0,NA,145,0,6,0,NA,NA,NA,NA,NA,NA,NA
2530690,"DuJuan Harris","FA","RB",27,4,NA,0,0,0,NA,130,0,0,0,NA,NA,NA,NA,NA,NA,NA
2530699,"Henry Hynoski","FA","RB",27,4,NA,0,0,0,NA,130,0,0,0,NA,NA,NA,NA,NA,NA,NA
2530713,"Jeff Maehl","FA","WR",26,4,NA,0,0,0,NA,145,0,6,0,NA,NA,NA,NA,NA,NA,NA
2530720,"Joseph Morgan","FA","WR",27,4,NA,0,0,0,NA,145,0,6,0,NA,NA,NA,NA,NA,NA,NA
2530990,"Phillip Tanner","FA","RB",27,4,NA,0,0,0,NA,130,0,0,0,NA,NA,NA,NA,NA,NA,NA
2531218,"Chase Reynolds","STL","RB",28,3,6,0,0,0,NA,130,0,0,0,NA,107,105,10.1073742212833,NA,NA,NA
2531332,"Terrelle Pryor","CLE","WR",26,4,11,0,0,0,0,145,0,6,0,NA,NA,NA,1.05070714928401,NA,NA,NA
2532799,"Jarrett Boykin","FA","WR",26,3,NA,0,0,0,NA,145,0,6,0,NA,NA,NA,NA,NA,NA,NA
2532807,"Ryan Broyles","FA","WR",27,3,NA,0,0,0,NA,145,0,6,0,NA,NA,NA,NA,NA,NA,NA
2532823,"Juron Criner","FA","WR",26,3,NA,0,0,0,NA,145,0,6,0,NA,NA,NA,NA,NA,NA,NA
2532850,"T.J. Graham","FA","WR",26,3,NA,0,0,0,NA,145,0,6,0,NA,NA,NA,NA,NA,NA,NA
2532851,"Cyrus Gray","FA","RB",26,3,NA,0,0,0,NA,130,0,0,0,NA,NA,NA,NA,NA,NA,NA
2532862,"Junior Hemingway","KC","WR",27,3,9,0,0,0,NA,145,0,6,0,NA,NA,NA,NA,NA,NA,NA
2532864,"Dan Herron","IND","RB",26,3,10,0,0,0,NA,130,0,0,0,NA,75,72.3,6.54252336764067,NA,NA,NA
2532876,"A.J. Jenkins","FA","WR",25,3,NA,0,0,0,NA,145,0,6,0,NA,NA,NA,NA,NA,NA,NA
2532888,"Case Keenum","STL","QB",27,3,6,0,0,0,0,64,0,10,0,NA,NA,NA,2.63674477135166,NA,NA,NA
2532894,"Ryan Lindley","NE","QB",26,3,4,0,0,0,NA,64,0,10,0,NA,NA,NA,NA,NA,NA,NA
2532900,"Keshawn Martin","HOU","WR",25,3,9,0,0,0,0,145,0,6,0,NA,156,132.5,5.57025542436978,NA,NA,NA
2532923,"Chris Owusu","FA","WR",25,3,NA,0,0,0,0,145,0,6,0,NA,119,109,4.57633662909869,NA,5.5,NA
2532926,"Isaiah Pead","FA","RB",26,3,NA,0,0,0,0,130,0,11,0,NA,121,89.3,4.59521454316726,NA,-2.7,NA
2532930,"DeVier Posey","FA","WR",25,3,NA,0,0,0,NA,145,0,6,0,NA,NA,NA,NA,NA,NA,NA
2533012,"Vick Ballard","IND","RB",25,3,10,0,0,0,NA,130,0,0,0,NA,96,85.6,7.99244741514667,NA,NA,NA
2533032,"Trent Richardson","FA","RB",24,3,NA,0,0,0,NA,130,0,0,0,NA,NA,NA,NA,NA,NA,NA
2533033,"Robert Griffin","WAS","QB",25,3,8,0,0,0,NA,64,0,10,0,NA,33,29.2,6.2324558789691,NA,NA,NA
2533038,"Justin Blackmon","JAC","WR",25,3,8,0,0,0,NA,145,0,6,0,NA,NA,NA,NA,NA,NA,NA
2533047,"Orson Charles","NO","TE",24,3,11,0,0,0,NA,91,0,4,0,NA,NA,NA,NA,NA,NA,NA
2533460,"Robert Turbin","SEA","RB",26,3,9,0,0,0,NA,130,0,0,0,NA,NA,NA,NA,NA,NA,NA
2533537,"Stephen Hill","FA","WR",24,3,NA,0,0,0,NA,145,0,6,0,NA,NA,NA,NA,NA,NA,NA
2533540,"Edwin Baker","NO","RB",24,3,11,0,0,0,NA,130,0,0,0,NA,NA,NA,NA,NA,NA,NA
2534752,"Adrien Robinson","FA","TE",27,3,NA,0,0,0,NA,91,0,4,0,NA,NA,NA,NA,NA,NA,NA
2534789,"Daryl Richardson","FA","RB",25,3,NA,0,0,0,NA,130,0,0,0,NA,NA,NA,NA,NA,NA,NA
2534889,"Matt Simms","FA","QB",27,3,NA,0,0,0,NA,64,0,10,0,NA,NA,NA,NA,NA,NA,NA
2535535,"Phillip Supernaw","TEN","TE",25,3,4,0,0,0,NA,91,0,4,0,NA,NA,NA,NA,NA,NA,NA
2535696,"Joe Banyard","FA","RB",27,3,NA,0,0,0,NA,130,0,0,0,NA,NA,NA,NA,NA,NA,NA
2535882,"Mike Brown","CAR","WR",26,3,5,0,0,0,NA,145,0,6,0,NA,NA,NA,NA,NA,NA,NA
2535966,"Brenton Bersin","CAR","WR",25,2,5,0,0,0,NA,145,0,6,0,NA,NA,NA,NA,NA,NA,NA
2536031,"Damaris Johnson","FA","WR",26,3,NA,0,0,0,NA,145,0,6,0,NA,NA,NA,NA,NA,NA,NA
2536056,"Jeremy Stewart","FA","RB",26,3,NA,0,0,0,NA,130,0,0,0,NA,NA,NA,NA,NA,NA,NA
2536071,"Cooper Helfet","SEA","TE",26,4,9,0,0,0,0,91,0,4,0,NA,89,64.4,5.21847798849333,NA,NA,NA
2536342,"Brandon Bostick","FA","TE",26,3,NA,0,0,0,NA,91,0,4,0,NA,NA,NA,NA,NA,NA,NA
2537931,"Josh Gordon","CLE","WR",24,3,11,0,0,0,NA,145,0,6,0,NA,NA,NA,NA,NA,NA,NA
2539227,"Dustin Hopkins","WAS","K",25,2,8,0,0,0,NA,33,0,4,0,NA,30,27,8.80059639042922,NA,NA,NA
2539228,"EJ Manuel","BUF","QB",25,2,8,0,0,0,0,64,0,10,0,NA,NA,NA,2.63674477135166,NA,NA,NA
2539235,"Tavarres King","FA","WR",25,2,NA,0,0,0,NA,145,0,6,0,NA,NA,NA,NA,NA,NA,NA
2539246,"Chris Harper","NYG","WR",26,2,11,0,0,0,NA,145,0,6,0,NA,129,121,9.11703211259448,NA,NA,NA
2539287,"Landry Jones","PIT","QB",26,2,11,0,0,0,NA,64,0,10,0,NA,NA,NA,NA,NA,NA,NA
2539308,"Matt Barkley","ARI","QB",25,2,9,0,0,0,0,64,0,10,0,NA,NA,NA,2.63674477135166,NA,NA,NA
2539335,"Geno Smith","NYJ","QB",25,2,5,0,0,0,NA,64,0,10,0,NA,NA,NA,NA,NA,NA,NA
2539341,"Montee Ball","DEN","RB",25,2,7,0,0,0,NA,130,0,0,0,NA,NA,NA,NA,NA,NA,NA
2539637,"Caleb Sturgis","FA","K",26,2,NA,0,0,0,NA,33,0,4,0,NA,22,18.3,5.71895412826507,NA,NA,NA
2539663,"Mike Gillislee","FA","RB",25,2,NA,0,0,0,NA,130,0,0,0,NA,NA,NA,NA,NA,NA,NA
2539964,"Marquise Goodwin","BUF","WR",25,2,8,0,0,0,NA,145,0,6,0,NA,NA,NA,NA,NA,NA,NA
2540175,"LeVeon Bell","PIT","RB",23,2,11,0,0,0,NA,130,0,0,0,NA,NA,NA,NA,NA,NA,NA
2540179,"DaRick Rogers","FA","WR",24,2,NA,0,0,0,NA,145,0,6,0,NA,NA,NA,NA,NA,NA,NA
2540181,"Josh Boyce","NE","WR",24,2,4,0,0,0,NA,145,0,6,0,NA,NA,NA,NA,NA,NA,NA
2540204,"Spencer Ware","FA","RB",24,2,NA,0,0,0,NA,130,0,0,0,NA,NA,NA,NA,NA,NA,NA
2540233,"Nick Kasa","FA","TE",25,2,NA,0,0,0,NA,91,0,4,0,NA,NA,NA,NA,NA,NA,NA
2540267,"Ace Sanders","FA","WR",24,2,NA,0,0,0,NA,145,0,6,0,NA,NA,NA,NA,NA,NA,NA
2541096,"Ifeanyi Momah","ARI","TE",26,2,9,0,0,0,NA,91,0,4,0,NA,NA,NA,NA,NA,NA,NA
2541151,"Zach Sudfeld","NYJ","TE",26,2,5,0,0,0,NA,91,0,4,0,NA,NA,NA,NA,NA,NA,NA
2541185,"Ryan Griffin","FA","QB",26,2,NA,0,0,0,NA,64,0,10,0,NA,NA,NA,NA,NA,NA,NA
2541187,"Demetrius Harris","KC","TE",24,2,9,0,0,0,NA,91,0,4,0,NA,85,72.8,10.2291430944369,NA,NA,NA
2541314,"Justin Brown","FA","WR",24,2,NA,0,0,0,NA,145,0,6,0,NA,NA,NA,NA,NA,NA,NA
2541390,"Kevin Dorsey","NE","WR",25,2,4,0,0,0,NA,145,0,6,0,NA,NA,NA,NA,NA,NA,NA
2541429,"B.J. Daniels","SEA","QB",26,2,9,0,0,0,NA,64,0,10,0,NA,NA,NA,NA,NA,NA,NA
2541429,"B.J. Daniels","SEA","WR",26,2,9,0,0,0,NA,145,0,6,0,NA,NA,NA,NA,NA,NA,NA
2541432,"Michael Cox","FA","RB",26,2,NA,0,0,0,NA,130,0,0,0,NA,NA,NA,NA,NA,NA,NA
2541512,"Brian Leonhardt","OAK","TE",25,2,6,0,0,0,NA,91,0,4,0,NA,NA,NA,NA,NA,NA,NA
2543471,"Kelvin Benjamin","CAR","WR",24,1,5,0,0,0,NA,145,0,6,0,NA,NA,NA,NA,NA,NA,NA
2543481,"Jace Amaro","NYJ","TE",23,1,5,0,0,0,NA,91,0,4,0,NA,NA,NA,NA,NA,NA,NA
2543533,"Patrick Murray","TB","K",24,1,6,0,0,0,NA,33,0,4,0,NA,30,24.3,7.84422465389552,NA,NA,NA
2543559,"Lache Seastrunk","FA","RB",24,1,NA,0,0,0,NA,130,0,0,0,NA,NA,NA,NA,NA,NA,NA
2543570,"Storm Johnson","FA","RB",23,1,NA,0,0,0,NA,130,0,0,0,NA,NA,NA,NA,NA,NA,NA
2543572,"Martavis Bryant","PIT","WR",24,1,11,0,0,0,NA,145,0,6,0,NA,NA,NA,NA,NA,NA,NA
2543587,"Aaron Murray","KC","QB",25,1,9,0,0,0,0,64,0,10,0,NA,NA,NA,2.63674477135166,NA,NA,NA
2543619,"Walt Powell","NYJ","WR",24,1,5,0,0,0,NA,145,0,6,0,NA,NA,NA,NA,NA,NA,NA
2543640,"Tom Savage","HOU","QB",25,1,9,0,0,0,NA,64,0,10,0,NA,NA,NA,NA,NA,NA,NA
2543655,"Tyler Gaffney","NE","RB",24,1,4,0,0,0,NA,130,0,0,0,NA,NA,NA,NA,NA,NA,NA
2543689,"Kevin Norwood","CAR","WR",26,1,5,0,0,0,0,145,0,6,0,NA,133,124.3,5.2234412064454,NA,NA,NA
2543690,"Marion Grice","ARI","RB",23,1,9,0,0,0,NA,130,0,0,0,NA,NA,NA,NA,NA,NA,NA
2543704,"Lorenzo Taliaferro","BAL","RB",24,1,9,0,0,0,NA,130,0,0,0,NA,97,72.6,6.57522842134381,NA,NA,NA
2543745,"Jalen Saunders","FA","WR",23,1,NA,0,0,0,NA,145,0,6,0,NA,NA,NA,NA,NA,NA,NA
2543751,"David Fales","CHI","QB",25,1,7,0,0,0,NA,64,0,10,0,NA,NA,NA,NA,NA,NA,NA
2543767,"Logan Thomas","FA","QB",24,1,NA,0,0,0,0,64,0,10,0,NA,NA,NA,2.63674477135166,NA,NA,NA
2543774,"Jared Abbrederis","FA","WR",25,1,NA,0,0,0,NA,145,0,6,0,NA,NA,NA,NA,NA,NA,NA
2543777,"Robert Herron","TB","WR",23,1,6,0,0,0,NA,145,0,6,0,NA,NA,NA,NA,NA,NA,NA
2543792,"Matt Hazel","MIA","WR",23,1,5,0,0,0,0,145,0,6,0,NA,NA,NA,1.05070714928401,NA,NA,NA
2543828,"Quincy Enunwa","NYJ","WR",23,1,5,0,0,0,0,145,0,6,0,NA,122,103.6,4.34794677827044,NA,NA,NA
2543836,"T.J. Jones","DET","WR",23,1,9,0,0,0,0,145,0,6,0,NA,NA,NA,1.05070714928401,NA,NA,NA
2550158,"Nate Freese","FA","K",25,1,NA,0,0,0,NA,33,0,4,0,NA,NA,NA,NA,NA,NA,NA
2550182,"Isaiah Burse","DEN","WR",24,1,7,0,0,0,NA,145,0,6,0,NA,NA,NA,NA,NA,NA,NA
2550183,"Jeremy Butler","BAL","WR",24,1,9,0,0,0,NA,145,0,6,0,NA,NA,NA,NA,NA,NA,NA
2550198,"Bennie Fowler","DEN","WR",24,1,7,0,0,0,0,145,0,6,0,NA,NA,NA,1.05070714928401,NA,NA,NA
2550233,"Rajion Neal","FA","RB",23,1,NA,0,0,0,NA,130,0,0,0,NA,NA,NA,NA,NA,NA,NA
2550252,"Connor Shaw","CLE","QB",24,1,11,0,0,0,NA,64,0,10,0,NA,NA,NA,NA,NA,NA,NA
2550256,"Willie Snead","NO","WR",23,1,11,0,0,0,NA,145,0,6,0,NA,122,98.2,7.18840670560036,NA,6.3,NA
2550310,"Carey Spear","FA","K",23,1,NA,0,0,0,NA,33,0,4,0,NA,NA,NA,NA,NA,NA,NA
2550356,"Marcel Jensen","DEN","TE",25,1,7,0,0,0,NA,91,0,4,0,NA,NA,NA,NA,NA,NA,NA
2550359,"Seantavius Jones","NO","WR",23,1,11,0,0,0,NA,145,0,6,0,NA,NA,NA,NA,NA,NA,NA
2550376,"Stephen Morris","FA","QB",23,1,NA,0,0,0,NA,64,0,10,0,NA,NA,NA,NA,NA,NA,NA
2550407,"Zurlon Tipton","IND","RB",25,1,10,0,0,0,NA,130,0,0,0,NA,NA,NA,NA,NA,NA,NA
2550410,"Dustin Vaughan","DAL","QB",24,1,6,0,0,0,NA,64,0,10,0,NA,NA,NA,NA,NA,NA,NA
2550448,"Trey Watts","STL","RB",24,1,6,0,0,0,NA,130,0,0,0,NA,NA,NA,NA,NA,NA,NA
2550485,"Gator Hoskins","FA","TE",24,1,NA,0,0,0,NA,91,0,4,0,NA,NA,NA,NA,NA,NA,NA
2550500,"Solomon Patton","DEN","WR",25,1,7,0,0,0,NA,145,0,6,0,NA,NA,NA,NA,NA,NA,NA
2550529,"Silas Redd","WAS","RB",23,1,8,0,0,0,NA,130,0,0,0,NA,NA,NA,NA,NA,NA,NA
2550545,"Chris Boswell","FA","K",26,1,NA,0,0,0,NA,33,NA,4,0,NA,NA,NA,NA,NA,NA,NA
2550596,"Darrin Reaves","CAR","RB",22,1,5,0,0,0,NA,130,0,0,0,NA,NA,NA,NA,NA,NA,NA
2550608,"RaShaun Allen","SEA","TE",25,1,9,0,0,0,NA,91,0,4,0,NA,NA,NA,NA,NA,NA,NA
2551247,"Josh Harris","PIT","RB",24,1,11,0,0,0,NA,130,0,0,0,NA,NA,NA,NA,NA,NA,NA
2551359,"Jerome Cunningham","NYG","TE",24,1,11,0,0,0,0,91,0,4,0,NA,NA,NA,1.48322822293843,NA,NA,NA
2552369,"Bryce Petty","NYJ","QB",24,0,5,0,0,0,0,64,0,10,0,NA,60,54.5,7.58799372580576,NA,NA,NA
2552371,"Garrett Grayson","NO","QB",24,0,11,0,0,0,0,64,0,10,0,NA,NA,NA,2.63674477135166,NA,NA,NA
2552376,"David Cobb","TEN","RB",22,0,4,0,0,0,NA,130,0,0,0,NA,NA,NA,NA,NA,NA,NA
2552382,"Malcolm Brown","STL","RB",22,0,6,0,0,0,NA,130,0,0,0,NA,NA,NA,NA,NA,NA,NA
2552383,"Terrence Magee","BAL","RB",22,0,9,0,0,0,NA,130,0,0,0,NA,105,95.3,9.04991081821497,NA,NA,NA
2552396,"Ben Koyack","JAC","TE",22,0,8,0,0,0,NA,91,0,4,0,NA,NA,NA,NA,NA,NA,NA
2552399,"Jeff Heuerman","DEN","TE",23,0,7,0,0,0,NA,91,0,4,0,NA,NA,NA,NA,NA,NA,NA
2552403,"Nick OLeary","BUF","TE",23,0,8,0,0,0,0,91,0,4,0,NA,NA,NA,1.48322822293843,NA,NA,NA
2552408,"Darren Waller","BAL","WR",23,0,9,0,0,0,NA,145,0,6,0,NA,131,117.7,8.83788896158217,NA,NA,NA
2552411,"Dezmin Lewis","BUF","WR",23,0,8,0,0,0,NA,145,0,6,0,NA,NA,NA,NA,NA,NA,NA
2552420,"Keith Mumphery","HOU","WR",23,0,9,0,0,0,0,145,0,6,0,NA,146,141,5.92975796734017,NA,2.3,NA
2552421,"Kenny Bell","TB","WR",23,0,6,0,0,0,NA,145,0,6,0,NA,NA,NA,NA,NA,NA,NA
2552427,"Tony Lippett","MIA","WR",23,0,5,0,0,0,0,145,0,6,0,NA,NA,NA,1.05070714928401,NA,NA,NA
2552428,"Tre McBride","TEN","WR",23,0,4,0,0,0,NA,145,0,6,0,NA,NA,NA,NA,NA,NA,NA
2552431,"Vince Mayle","CLE","WR",NA,NA,11,0,0,0,NA,145,0,6,0,NA,NA,NA,NA,NA,NA,NA
2552462,"Gerald Christian","ARI","TE",24,0,9,0,0,0,NA,91,0,4,0,NA,NA,NA,NA,NA,NA,NA
2552475,"Todd Gurley","STL","RB",21,0,6,0,0,0,NA,130,0,0,0,NA,NA,NA,NA,NA,NA,NA
2552476,"Kenny Hilliard","HOU","RB",24,0,9,0,0,0,NA,130,0,0,0,NA,NA,NA,NA,NA,NA,NA
2552478,"Blake Bell","SF","TE",24,0,10,0,0,0,0,91,0,4,0,NA,NA,NA,1.48322822293843,NA,NA,NA
2552479,"DaRon Brown","KC","WR",24,0,9,0,0,0,NA,145,0,6,0,NA,NA,NA,NA,NA,NA,NA
2552559,"C.J. Uzomah","CIN","TE",22,0,7,0,0,0,NA,91,0,4,0,NA,86,79.5,11.2464386635564,NA,NA,NA
2552576,"Sean Mannion","STL","QB",23,0,6,0,0,0,0,64,0,10,0,NA,NA,NA,2.63674477135166,NA,NA,NA
2552580,"A.J. Derby","NE","TE",24,0,4,0,0,0,NA,91,0,4,0,NA,NA,NA,NA,NA,NA,NA
2552582,"Jay Ajayi","MIA","RB",22,0,5,0,0,0,NA,130,0,0,0,NA,NA,NA,NA,NA,NA,NA
2552588,"Brett Hundley","GB","QB",22,0,7,0,0,0,0,64,0,10,0,NA,NA,NA,2.63674477135166,NA,NA,NA
2552616,"Duron Carter","FA","WR",24,0,NA,0,0,0,NA,145,0,6,0,NA,NA,NA,NA,NA,NA,NA
2552627,"DeAndre Smelter","SF","WR",24,0,10,0,0,0,NA,145,0,6,0,NA,NA,NA,NA,NA,NA,NA
2552634,"Joey Iosefa","TB","RB",NA,NA,6,0,0,0,NA,130,0,0,0,NA,NA,NA,NA,NA,NA,NA
2552647,"Marcus Murphy","NO","RB",24,0,11,0,0,0,NA,130,0,0,0,NA,76,67.7,6.04104587752581,NA,NA,NA
2552650,"Mario Alford","CIN","WR",NA,NA,7,0,0,0,0,145,0,6,0,NA,157,143,6.01434680098027,NA,NA,NA
2552651,"Kaelin Clay","TB","WR",23,0,6,0,0,0,NA,145,0,6,0,NA,NA,NA,NA,NA,NA,NA
2552654,"Geremy Davis","NYG","WR",23,0,11,0,0,0,0,145,0,6,0,NA,NA,NA,1.05070714928401,NA,NA,NA
2552656,"J.J. Nelson","ARI","WR",23,0,9,0,0,0,0,145,0,6,0,NA,132,128.3,5.39261887372559,NA,0,NA
2553292,"Kennard Backman","GB","TE",22,0,7,0,0,0,0,91,0,4,0,NA,NA,NA,1.48322822293843,NA,NA,NA
2553352,"Bud Sasser","FA","WR",NA,NA,NA,0,0,0,NA,145,0,6,0,NA,NA,NA,NA,NA,NA,NA
2553432,"Kevin White","CHI","WR",22,0,7,0,0,0,NA,145,0,6,0,NA,NA,NA,NA,NA,NA,NA
2553453,"Andre Debose","FA","WR",NA,NA,NA,0,0,0,NA,145,0,6,0,NA,NA,NA,NA,NA,NA,NA
2553454,"Geoff Swaim","DAL","TE",NA,NA,6,0,0,0,NA,91,0,4,0,NA,NA,NA,NA,NA,NA,NA
2553457,"Trevor Siemian","DEN","QB",NA,NA,7,0,0,0,0,64,NA,10,0,NA,NA,NA,2.63674477135166,NA,NA,NA
2553465,"Rory Anderson","SF","TE",23,0,10,0,0,0,NA,91,0,4,0,NA,NA,NA,NA,NA,NA,NA
2553502,"DeAndre Carter","BAL","WR",22,0,9,0,0,0,NA,145,0,6,0,NA,NA,NA,NA,NA,NA,NA
2553511,"John Crockett","GB","RB",23,0,7,0,0,0,NA,130,0,0,0,NA,NA,NA,NA,NA,NA,NA
2553599,"Jaxon Shipley","FA","WR",23,0,NA,0,0,0,NA,145,0,6,0,NA,NA,NA,NA,NA,NA,NA
2553617,"Terrell Watson","CIN","RB",22,0,7,0,0,0,NA,130,0,0,0,NA,NA,NA,NA,NA,NA,NA
2553650,"Corey Grant","JAC","RB",NA,NA,8,0,0,0,NA,130,0,0,0,NA,NA,NA,NA,NA,0.5,NA
2553653,"Josh Harper","OAK","WR",24,0,6,0,0,0,NA,145,0,6,0,NA,NA,NA,NA,NA,NA,NA
2553703,"Devante Davis","PHI","WR",23,0,8,0,0,0,NA,145,NA,6,0,NA,NA,NA,NA,NA,NA,NA
2553733,"Thomas Rawls","SEA","RB",22,0,9,0,0,0,0,130,0,11,0,NA,107,90.2,4.64427212372198,NA,0.5,NA
2553791,"E.J. Bibbs","CLE","TE",24,0,11,0,0,0,0,91,NA,4,0,NA,91,71.3,5.74230928901009,NA,NA,NA
2553797,"Michael Dyer","OAK","RB",25,0,6,0,0,0,NA,130,NA,0,0,NA,NA,NA,NA,NA,NA,NA
