"playerId","player","team","position","age","exp","bye","points","lower","upper","sdPts","positionRank","dropoff","tier","ptSpread","overallECR","positionECR","sdRank","risk","sleeper","actualPoints","salary"
2532975,"Russell Wilson","SEA","QB",27,3,9,23.3333333333333,22.812,24.044,0.872314927840474,1,2.535,1,1.232,NA,8,4.1,3.50350723629931,NA,16.2,NA
2506363,"Aaron Rodgers","GB","QB",32,10,7,21.48,20.524,22.348,1.16550418274668,2,1.47,2,1.824,NA,4,1.8,3.57505291865988,NA,34.92,NA
2495455,"Cam Newton","CAR","QB",26,4,5,20.1166666666667,18.166,21.942,2.37554905934046,3,1.03333333333333,2,3.776,NA,14,7.8,5.90730940772822,NA,29.9,NA
2504211,"Tom Brady","NE","QB",38,15,4,19.9033333333333,17.494,21.958,2.81002372469225,4,2.04666666666667,2,4.464,NA,11,2.1,5.71202348653318,NA,22.72,NA
2533031,"Andrew Luck","IND","QB",26,3,10,18.2633333333333,16.71,20.054,2.29447888055945,5,0.988333333333333,3,3.344,NA,11,3.7,5.26483430758355,NA,14.5,NA
2505245,"Carson Palmer","ARI","QB",36,12,9,17.45,16.038,18.854,1.76008522520928,6,0.359999999999996,3,2.816,NA,14,6.2,4.91193723098832,NA,17.54,NA
2532842,"Nick Foles","STL","QB",26,3,6,17.1,15.016,18.408,2.1539730731836,7,0.183333333333334,3,3.392,NA,30,19.1,7.11043481227698,NA,5.88,NA
310,"Matt Ryan","ATL","QB",30,7,10,17.08,15.912,18.28,1.48162073419617,8,0.41,3,2.368,NA,18,8,4.79343185538134,NA,21.1,NA
2540175,"LeVeon Bell","PIT","RB",23,2,11,16.8966666666667,16.758,17.238,0.300055550412476,1,1.22166666666667,1,0.48,NA,11,2.7,0.538386164549909,NA,19.2,NA
2543496,"Odell Beckham","NYG","WR",23,1,11,16.8066666666667,16.156,17.5,0.845064100132844,1,1.20666666666667,1,1.344,NA,41,3.5,1.59715128635315,NA,13.9,NA
2506109,"Ben Roethlisberger","PIT","QB",33,11,11,16.7533333333333,15.332,18.052,1.72062004327897,9,0.360000000000003,3,2.72,NA,11,5.4,4.7564158249594,NA,4.68,NA
2552466,"Marcus Mariota","TEN","QB",22,0,4,16.5866666666667,14.352,18.592,2.65076089705076,10,0.454999999999998,3,4.24,NA,27,14.5,7.13925644250528,NA,16.68,NA
2501863,"Peyton Manning","DEN","QB",39,17,7,16.2,15.332,17.204,1.20648249054845,11,0.296666666666667,4,1.872,NA,14,7.4,4.36361408099467,NA,17.86,NA
2495186,"Colin Kaepernick","SF","QB",28,4,10,16.0633333333333,14.648,17.264,1.63530832974499,12,0.466666666666665,4,2.616,NA,24,17.1,6.18593394914955,NA,1.28,NA
2508061,"Antonio Brown","PIT","WR",27,5,11,16.0333333333333,15.48,16.68,0.776745346515402,2,1.275,1,1.2,NA,5,1.3,1.4443779338811,NA,10.8,NA
2532956,"Ryan Tannehill","MIA","QB",27,3,5,15.7433333333333,13.452,18.484,3.44491412568345,13,0.558333333333334,4,5.032,NA,18,11.9,7.81031949776417,NA,10.78,NA
2495663,"Marshawn Lynch","SEA","RB",29,8,9,15.73,14.46,16.852,1.67412663798173,2,0.215,1,2.392,NA,29,3,2.03539271374361,NA,2.3,NA
925,"Jamaal Charles","KC","RB",29,7,9,15.62,15.072,16.912,1.1563736420379,3,1.12666666666667,2,1.84,NA,7,3.1,1.48406051600147,NA,26.2,NA
2505996,"Eli Manning","NYG","QB",34,11,11,15.45,13.616,17.464,2.54183004939355,14,0.541666666666666,4,3.848,NA,23,11,6.54013477706259,NA,19.16,NA
2507164,"Adrian Peterson","MIN","RB",30,8,5,15.41,15.056,15.896,0.597745765355138,4,1.88166666666667,2,0.840000000000002,NA,5,2.1,0.822933114132831,NA,24.6,NA
2495454,"Julio Jones","ATL","WR",26,4,10,15.1666666666667,14.2,16.36,1.43643076176102,3,1.14166666666667,2,2.16,NA,4,2.1,2.0788613533045,NA,28.4,NA
2506121,"Philip Rivers","SD","QB",34,11,10,14.92,12.144,17.808,3.54829536538321,15,0.183333333333332,4,5.664,NA,28,12.1,7.96847483566164,NA,7.84,NA
2532970,"Brandon Weeden","DAL","QB",32,3,6,14.8966666666667,13.47,16.462,1.89394649695638,16,0.508333333333335,4,2.992,NA,32,28,7.9489629472878,NA,6.28,NA
382,"Joe Flacco","BAL","QB",30,7,9,14.5766666666667,13.768,15.056,0.852310585017769,17,0.578333333333331,5,1.288,NA,29,22.1,5.84465422600298,NA,19.48,NA
497328,"Demaryius Thomas","DEN","WR",28,5,7,14.35,12.94,15.7,1.72988438920062,4,0.666666666666666,2,2.76,NA,14,4.7,2.45339056407154,NA,12.2,NA
2506340,"Alex Smith","KC","QB",31,10,9,14.2,13.72,14.84,0.781024967590666,18,0.438333333333334,5,1.12,NA,29,22.1,5.75373195556148,NA,15.9,NA
2543465,"Teddy Bridgewater","MIN","QB",23,1,5,13.7966666666667,12.158,14.718,1.74127348033941,19,0.293333333333333,5,2.56,NA,27,17.4,6.36053309473076,NA,1.74,NA
79860,"Matthew Stafford","DET","QB",27,6,9,13.7266666666667,11.124,15.972,3.04908729513167,20,0.498333333333331,5,4.848,NA,30,20.7,8.46249111560329,NA,6.18,NA
2495448,"Randall Cobb","GB","WR",25,4,7,13.7,12.94,14.54,1.01488915650922,5,0.111666666666666,3,1.6,NA,18,5.6,1.83837858057794,NA,27.1,NA
2540165,"DeAndre Hopkins","HOU","WR",23,2,9,13.6666666666667,12.52,14.6,1.37961347243832,6,0.175000000000001,3,2.08,NA,29,10.1,2.35603604581546,NA,16.1,NA
2540168,"Eddie Lacy","GB","RB",24,2,7,13.5766666666667,5.306,21.226,10.1076522166789,5,0.348333333333333,2,15.92,NA,66,18.5,12.0404532283671,NA,8.7,NA
497322,"Emmanuel Sanders","DEN","WR",28,5,7,13.51,12.144,14.6,1.64720976199147,7,0.128333333333332,3,2.456,NA,23,9,2.55482836695263,NA,8.7,NA
234,"Matt Forte","CHI","RB",30,7,7,13.48,10.608,17.648,4.80865885668759,6,0.51,2,7.04,NA,25,6.8,5.63672920205231,NA,7.4,NA
2543468,"Mike Evans","TB","WR",22,1,6,13.4733333333333,11.096,16.04,3.11707127498447,8,0.254999999999999,3,4.944,NA,38,17.8,4.25712074885636,NA,10.1,NA
497240,"Rob Gronkowski","NE","TE",26,5,4,13.3933333333333,12.976,13.856,0.558688941481155,1,2.25,1,0.880000000000001,NA,1,1,1.4968162358099,NA,10.1,NA
100021,"Patriots","NE","DST",NA,NA,4,13.35,6.61,13.09,5.72756492761103,1,1.275,1,6.48,NA,24,6.2,6.14843133505607,NA,8,NA
238498,"Julian Edelman","NE","WR",29,6,4,13.29,11.596,15.14,2.24060259751702,9,0.24,3,3.544,NA,25,8.2,3.06306024707841,NA,8.5,NA
2495240,"Tyrod Taylor","BUF","QB",26,4,8,13.28,10.184,15.176,4.41234631460406,21,0.174166666666668,5,4.992,NA,30,15.6,9.53072534207137,NA,24.28,NA
2552033,"Jameis Winston","TB","QB",21,0,6,13.1766666666667,12.076,14.276,1.44070584552619,22,0.270833333333334,6,2.2,NA,31,26.1,7.1210563085486,NA,11.44,NA
2495893,"Brandon Marshall","NYJ","WR",31,9,5,13.1466666666667,11.572,14.66,1.93456282744535,10,0.375,3,3.088,NA,25,10.1,2.86210908479065,NA,13.9,NA
2506053,"Luke McCown","NO","QB",34,11,11,13.035,12.123,13.347,1.08187337521542,23,0.388333333333334,6,1.224,NA,45,30.5,7.2418955843083,NA,9.4,NA
2541161,"Latavius Murray","OAK","RB",25,2,6,12.9766666666667,12.064,14.28,1.44521048063365,7,0.136666666666668,3,2.216,NA,28,7.9,2.08208172166196,NA,20.9,NA
79607,"LeSean McCoy","BUF","RB",27,6,8,12.9633333333333,10.372,15.1,3.2773515730439,8,0.534999999999998,3,4.728,NA,24,8.8,4.10804808891269,NA,8.6,NA
2506106,"Larry Fitzgerald","ARI","WR",32,11,9,12.9533333333333,11.968,13.84,1.18934155453063,11,0.426666666666666,3,1.872,NA,34,15.7,2.41281355634591,NA,25.4,NA
2543477,"Blake Bortles","JAC","QB",24,1,8,12.7766666666667,10.778,15.322,3.07675695064354,24,0.306666666666668,6,4.544,NA,30,22.8,8.7738933228035,NA,15.38,NA
2543743,"Carlos Hyde","SF","RB",24,1,10,12.7166666666667,11.68,14.2,1.6630794729457,9,0.581666666666667,3,2.52,NA,23,12.8,2.60969408782954,NA,6.1,NA
2532865,"T.Y. Hilton","IND","WR",26,3,10,12.59,10.056,12.88,1.92595430890766,12,0.340000000000002,4,2.824,NA,34,14.6,3.03931443420322,NA,9.4,NA
2506581,"Ryan Fitzpatrick","NYJ","QB",33,10,5,12.5166666666667,10.674,13.778,2.10837219990526,25,0.231666666666666,6,3.104,NA,29,19.2,7.06542064097606,NA,11.62,NA
2495647,"Calvin Johnson","DET","WR",30,8,9,12.4633333333333,10.832,13.88,1.96087565473523,13,0.635000000000002,4,3.048,NA,25,10.1,2.88610445004421,NA,7.7,NA
497095,"Sam Bradford","PHI","QB",28,5,8,12.4233333333333,11.062,13.75,1.68167575154467,26,0.413333333333332,6,2.688,NA,29,19.6,6.57377697728184,NA,8.52,NA
100030,"Seahawks","SEA","DST",NA,NA,9,12.3,6,12.4,5.65685424949238,2,0.574999999999999,1,6.4,NA,6,1.2,4.97515417037113,NA,12,NA
2495443,"Ryan Mallett","HOU","QB",27,4,9,12.1466666666667,9.188,14.628,3.45261253738866,27,0.511666666666667,6,5.44,NA,32,27.4,9.85809733564861,NA,10.02,NA
2543583,"Devonta Freeman","ATL","RB",23,1,10,12.14,10.876,13.74,1.814056228456,10,0.086666666666666,3,2.864,NA,49,24.4,3.46606743181418,NA,37.3,NA
2543603,"Jeremy Hill","CIN","RB",23,1,7,12.13,9.992,14.96,3.11379190056111,11,0.180000000000001,3,4.968,NA,28,11,4.0635853233296,NA,2.1,NA
2539205,"Terrance Williams","DAL","WR",26,2,6,12.0366666666667,10.508,13.38,1.8393024039927,14,0.464999999999998,4,2.872,NA,43,26.5,3.4496637436742,NA,0,NA
2552469,"Melvin Gordon","SD","RB",22,0,10,11.9766666666667,10.744,13.12,1.61171751040104,12,0.17,3,2.376,NA,37,21.1,3.05087690608659,NA,5.1,NA
2495466,"Mark Ingram","NO","RB",26,4,11,11.9233333333333,9.276,14.42,3.60244824158978,13,0.248333333333333,3,5.144,NA,27,12.9,4.70322878316079,NA,15.9,NA
2505076,"Josh McCown","CLE","QB",36,13,11,11.8733333333333,10.72,13.056,1.54211975324011,28,1.63666666666667,6,2.336,NA,33,27.8,7.47392420259002,NA,18.64,NA
100003,"Bills","BUF","DST",NA,NA,8,11.85,8.23,11.67,3.04055915910215,3,0.350000000000001,1,3.44,NA,18,7.7,3.87822008273423,NA,18,NA
2495469,"Dion Lewis","NE","RB",25,4,4,11.69,9.608,10.472,0.763675323681471,14,0.0299999999999994,4,0.863999999999999,NA,60,20.4,2.09616613692977,NA,12.7,NA
2540171,"Joseph Randle","DAL","RB",24,2,6,11.66,10.524,12.94,1.51485972947993,15,0.00499999999999901,5,2.416,NA,33,17.9,2.75520852121472,NA,28.5,NA
2550189,"Isaiah Crowell","CLE","RB",22,1,11,11.66,9.144,14.2,3.18289176693145,15,0.0150000000000006,5,5.056,NA,46,22,4.79593633809455,NA,3.6,NA
949,"Jonathan Stewart","CAR","RB",28,7,5,11.65,7.29,13.77,4.06478781734053,17,0.0849999999999991,5,6.48,NA,26,11.7,5.12911636850126,NA,5.2,NA
2506404,"Frank Gore","IND","RB",32,10,10,11.64,8.796,14.3,3.53903941769515,18,0.294999999999998,5,5.504,NA,31,17.3,4.89816351345488,NA,21.4,NA
2552487,"Amari Cooper","OAK","WR",21,0,6,11.62,8.748,13.74,3.51926128612242,15,0.133333333333333,4,4.992,NA,37,19.4,4.68968606682205,NA,10.4,NA
100007,"Browns","CLE","DST",NA,NA,11,11.6,9.48,11.72,1.97989898732233,4,0.424999999999999,1,2.24,NA,22,10.8,3.5362347824112,NA,2,NA
2543498,"Brandin Cooks","NO","WR",22,1,11,11.5233333333333,8.956,13.54,3.10316505093321,16,0.0733333333333324,4,4.584,NA,50,25.6,4.56520248301922,NA,7.9,NA
2553435,"David Johnson","ARI","RB",24,0,9,11.49,8.736,14.2,3.4556186132153,19,0.323333333333334,5,5.464,NA,45,32.7,5.72952850391799,NA,4.1,NA
80429,"Jeremy Maclin","KC","WR",27,6,9,11.45,9.02,13.62,2.92959041505805,17,0.00500000000000078,4,4.6,NA,39,20.8,4.20952243627313,NA,20.1,NA
2507763,"Mike Wallace","MIN","WR",29,6,5,11.45,8.98,13.42,2.9786742017213,17,0.200000000000001,4,4.44,NA,71,36.4,4.89580962104712,NA,4.9,NA
2543509,"Allen Robinson","JAC","WR",22,1,8,11.44,8.996,13.62,2.94598031222206,19,0.510000000000002,4,4.624,NA,36,15,3.98595260099548,NA,6.8,NA
100013,"Texans","HOU","DST",NA,NA,9,11.4,10.76,12.04,1.13137084989848,5,1.075,1,1.28,NA,14,3.6,1.12372942813066,NA,6,NA
2495143,"Andy Dalton","CIN","QB",28,4,7,11.3966666666667,10.984,11.728,0.531256372510799,29,2.36666666666667,7,0.744000000000002,NA,27,16.1,4.64627372058212,NA,28.32,NA
2552471,"T.J. Yeldon","JAC","RB",22,0,8,11.2,8.52,13.88,3.37786915081091,20,0.280000000000001,5,5.36,NA,36,20.9,4.94001452979881,NA,4.2,NA
497236,"Jimmy Graham","SEA","TE",29,5,9,11.17,8.948,13.58,2.92347396088968,2,0.251666666666667,2,4.632,NA,20,4,4.41310812027088,NA,14.3,NA
2540269,"C.J. Anderson","DEN","RB",24,2,7,11.1333333333333,10.18,12.1,1.26622799421484,21,0.441666666666666,5,1.92,NA,50,13.7,2.23635377794195,NA,2.7,NA
2540148,"Tyler Eifert","CIN","TE",25,2,7,11.1166666666667,8.52,13.36,3.1202296923998,3,0.918333333333333,2,4.84,NA,12,5.3,4.75480880513053,NA,0,NA
2507374,"Steven Hauschka","SEA","K",NA,NA,9,11.1,10.06,11.9266666666667,1.25476868164791,1,0.0555555555555554,1,1.86666666666667,NA,10,2.5,1.39682242471172,NA,16,NA
2504595,"Steve Smith","BAL","WR",36,14,9,11.06,8.364,13.1,3.28310828331933,20,0.268333333333331,4,4.736,NA,38,21.8,4.57302824449026,NA,30.6,NA
2507225,"Nick Folk","NYJ","K",31,8,5,11.0555555555556,9.73333333333333,12,1.63582576270394,2,0.277777777777777,1,2.26666666666667,NA,27,16.9,4.21951151629601,NA,7,NA
2536340,"Justin Tucker","BAL","K",26,3,9,11.0333333333333,9.68,12,1.67431578064991,3,0.594444444444443,1,2.32,NA,20,4.8,2.25512071926029,NA,6,NA
100019,"Dolphins","MIA","DST",NA,NA,5,10.95,7.49,9.01,1.34350288425444,6,1.25,1,1.52,NA,23,7.7,2.23506954379283,NA,-4,NA
2505587,"Anquan Boldin","SF","WR",35,12,10,10.8,8.44,12.76,2.83548937575156,21,0.0416666666666679,4,4.32,NA,48,33.8,4.65831451679247,NA,1.6,NA
2543488,"Jarvis Landry","MIA","WR",23,1,5,10.7833333333333,8.46,13.06,2.87677481449858,22,0.163333333333336,4,4.6,NA,32,14,3.88171878593974,NA,6.7,NA
2540154,"Keenan Allen","SD","WR",23,2,10,10.7333333333333,8.66,12.58,2.49866631092135,23,0.27,4,3.92,NA,32,17.6,3.68495615943284,NA,25.3,NA
2495700,"Greg Olsen","CAR","TE",30,8,5,10.72,9.528,11.8,1.44055544842953,4,1.13,2,2.272,NA,10,3.7,2.73346994832951,NA,25.4,NA
2552374,"Ameer Abdullah","DET","RB",22,0,9,10.7066666666667,5.444,12.324,4.52129774880325,22,0.091666666666665,5,6.88,NA,43,28.1,6.60148299854821,NA,10.2,NA
2533457,"Alfred Morris","WAS","RB",27,3,8,10.6766666666667,9.504,11.96,1.5471371410878,23,0.496666666666668,5,2.456,NA,36,22.1,3.04117761915187,NA,1.9,NA
497149,"LeGarrette Blount","NE","RB",29,5,4,10.5533333333333,8.168,12.84,2.99074126820314,24,0.876666666666669,5,4.672,NA,50,31.1,5.13342563143972,NA,27.2,NA
2507401,"Dan Carpenter","BUF","K",30,7,8,10.5222222222222,8.45333333333333,12,2.55958619340734,4,0.277777777777779,1,3.54666666666667,NA,28,15.6,5.05312287814533,NA,13,NA
2506400,"Vincent Jackson","TB","WR",32,10,6,10.5066666666667,8.056,12.76,2.97088090190996,24,0.0999999999999996,4,4.704,NA,42,27.2,4.51036663537211,NA,4,NA
2543847,"John Brown","ARI","WR",25,1,9,10.42,8.488,12.44,2.47733728022649,25,0.143333333333333,4,3.952,NA,41,24,3.92869595925983,NA,6.2,NA
2495450,"A.J. Green","CIN","WR",27,4,7,10.3933333333333,7.316,13.876,4.19286695869704,26,0.238333333333333,4,6.56,NA,30,6.8,4.7858090292434,NA,34.7,NA
2550325,"Chandler Catanzaro","ARI","K",24,1,9,10.3555555555556,9.45333333333333,11.5333333333333,1.43035867037814,5,0.272222222222222,1,2.08,NA,23,12.7,3.28907683208861,NA,9,NA
2543614,"Donte Moncrief","IND","WR",22,1,10,10.16,7.444,13.22,3.68602767216959,27,0.0500000000000007,4,5.776,NA,46,24.8,5.0638315813807,NA,9.2,NA
2543500,"Jordan Matthews","PHI","WR",23,1,8,10.15,7.53,12.97,3.42746261832277,28,0.113333333333333,4,5.44,NA,41,15.5,4.44559083195105,NA,4.9,NA
71309,"Graham Gano","CAR","K",28,6,5,10.1333333333333,8.92,11.5333333333333,1.68259059521653,6,0.0999999999999979,1,2.61333333333334,NA,30,16.6,4.2228467582384,NA,10,NA
2507183,"James Jones","GB","WR",31,8,7,10.07,8.668,11.3,1.68662384662378,29,0.133333333333333,4,2.632,NA,63,32,3.53661128841273,NA,19.9,NA
2550636,"Cairo Santos","KC","K",24,1,9,10.0333333333333,7.28,12,3.40636658821879,7,0.355555555555558,1,4.72,NA,32,21.7,7.02739047867393,NA,2,NA
2533444,"Randy Bullock","HOU","K",26,3,9,10.0333333333333,8.68,11.5333333333333,1.81138375589247,8,0.716666666666667,1,2.85333333333333,NA,29,20.6,5.03299060108123,NA,7,NA
2532790,"Travis Benjamin","CLE","WR",26,3,11,10.0033333333333,5.122,11.522,4.01547423517239,30,0.25,4,6.4,NA,72,50.5,6.42113622558695,NA,7.5,NA
2543457,"Sammy Watkins","BUF","WR",22,1,8,9.87,8.148,11.26,2.07357179764772,31,0.263333333333334,4,3.112,NA,66,25.5,3.62217673289332,NA,3.9,NA
927,"Justin Forsett","BAL","RB",30,7,9,9.80666666666667,8.556,11.74,2.24769511574264,25,0.286666666666667,5,3.184,NA,19,9.3,3.02962485507496,NA,2.9,NA
100002,"Ravens","BAL","DST",NA,NA,9,9.7,7.86,9.94,1.83847763108502,7,0.0999999999999996,1,2.08,NA,23,11.6,3.57607558025607,NA,12,NA
100024,"Jets","NYJ","DST",NA,NA,5,9.7,6.98,13.22,5.51543289325507,7,0.25,1,6.24,NA,22,8.3,6.4070587924246,NA,3,NA
1062,"Martellus Bennett","CHI","TE",28,7,7,9.67666666666667,6.804,12.14,3.45074388115568,5,0.536666666666667,2,5.336,NA,18,7.9,5.36805775525747,NA,1.5,NA
71217,"Kenny Britt","STL","WR",27,6,6,9.63666666666667,4.702,11.742,4.40045830946429,32,0.0666666666666664,4,7.04,NA,73,53.6,6.89969622190335,NA,10.2,NA
2532977,"Kendall Wright","TEN","WR",26,3,4,9.57666666666667,5.466,11.626,4.02276438948807,33,0.155000000000001,4,6.16,NA,61,30.6,5.60942694443271,NA,15.5,NA
768,"Steve Johnson","SD","WR",29,7,10,9.56333333333333,3.878,12.358,5.30528352996645,34,0.531666666666666,4,8.48,NA,74,29.1,6.71730494372399,NA,4.6,NA
71345,"Rashad Jennings","NYG","RB",30,6,11,9.54666666666667,6.388,13.108,4.22285843159978,26,0.0700000000000003,5,6.72,NA,60,35,6.69296783270702,NA,5.7,NA
2495267,"Jordan Cameron","MIA","TE",27,4,5,9.50333333333333,6.768,11.64,3.30938564288499,6,0.866666666666667,2,4.872,NA,25,11.2,5.52185379322102,NA,1.6,NA
100026,"Cardinals","ARI","DST",NA,NA,9,9.5,4.24,9.36,4.5254833995939,9,0.524999999999999,1,5.12,NA,27,5.7,4.87405178074967,NA,28,NA
2533034,"Lamar Miller","MIA","RB",24,3,5,9.49333333333333,5.616,13.456,4.9034817561946,27,0.278333333333334,5,7.84,NA,47,21.2,6.60014166551368,NA,6.5,NA
2495207,"DeMarco Murray","PHI","RB",27,4,8,9.46,6.996,12.196,3.32668002669328,28,0.65,5,5.2,NA,42,20,4.83108010088226,NA,NA,NA
100018,"Raiders","OAK","DST",NA,NA,6,9.4,5.36,8.24,2.54558441227157,10,0.9,1,2.88,NA,32,22.4,6.64711676536308,NA,13,NA
2506677,"Matt Prater","DET","K",31,9,9,9.32222222222222,7.57333333333333,11.3333333333333,2.41760518174801,9,0.0166666666666693,1,3.76,NA,27,11.3,4.17821015053126,NA,0,NA
2534797,"Greg Zuerlein","STL","K",28,3,6,9.31111111111111,6.98666666666667,11.52,2.8443576375643,10,0.0555555555555554,1,4.53333333333333,NA,30,18.6,5.87449268833614,NA,7,NA
2506386,"Mike Nugent","CIN","K",33,10,7,9.3,7.52,11.3333333333333,2.44563102513668,11,0.177777777777777,1,3.81333333333333,NA,27,18.9,5.47134132041021,NA,4,NA
2346,"Pierre Garcon","WAS","WR",29,7,8,9.28,6.708,12.548,3.9488226093356,35,0.546666666666665,4,5.84,NA,51,27.2,5.40217762200029,NA,6.4,NA
2506922,"Stephen Gostkowski","NE","K",31,9,4,9.21111111111111,5.52666666666667,11.9266666666667,4.51667691675754,12,0.21111111111111,1,6.4,NA,15,1.6,4.95287088186697,NA,17,NA
2532820,"Kirk Cousins","WAS","QB",27,3,8,9.07666666666667,7.91,10.278,1.48190193107821,30,0.6,8,2.368,NA,32,25.8,7.13415608729945,NA,10.64,NA
2507232,"Mason Crosby","GB","K",31,8,7,9.03333333333333,8.2,9.88,1.05039675043925,13,0.18888888888889,2,1.68,NA,12,5.2,1.61275471859718,NA,9,NA
2543499,"Derek Carr","OAK","QB",24,1,6,8.98333333333333,7.678,10.654,2.02119601556438,31,3.90033333333333,8,2.976,NA,31,23.6,7.53274785064961,NA,20.46,NA
2507999,"Chris Ivory","NYJ","RB",27,5,5,8.97,6.502,12.182,3.74028073812649,29,0.481666666666667,5,5.68,NA,42,15.7,5.01907647245911,NA,NA,NA
89802,"Ryan Succop","TEN","K",29,6,4,8.96666666666667,6.72,11.3333333333333,2.89501487234714,14,0.255555555555555,2,4.61333333333333,NA,32,26,7.16014034939267,NA,9,NA
497326,"Golden Tate","DET","WR",27,5,9,8.78333333333333,6.61,11.17,2.88718432617894,36,0.416666666666668,5,4.56,NA,47,31.6,4.61498484485927,NA,5.7,NA
71265,"Jared Cook","STL","TE",28,6,6,8.77666666666667,4.046,10.766,4.21113207265378,7,0.433333333333334,3,6.72,NA,28,16.8,7.05413254718232,NA,0.7,NA
2500351,"Phil Dawson","SF","K",40,17,10,8.72222222222222,6.13333333333333,11.3333333333333,3.25035610584668,15,0.0277777777777768,2,5.2,NA,33,20.4,6.63442029658462,NA,1,NA
2504797,"Matt Bryant","ATL","K",40,13,10,8.7,6.62,11.1533333333333,2.94637253433966,16,0.0277777777777768,2,4.53333333333333,NA,17,4.8,3.70013217310116,NA,7,NA
2506063,"Josh Scobee","PIT","K",33,11,11,8.68888888888889,6.61333333333333,11.1466666666667,2.95171011323819,17,0.161111111111113,2,4.53333333333333,NA,30,14.6,5.33260193114397,NA,7,NA
2539291,"Markus Wheaton","PIT","WR",24,2,11,8.68333333333333,5.95,12.11,4.13229153537518,37,0.635,5,6.16,NA,71,56.4,6.77029358654564,NA,1.6,NA
2541556,"Brandon McManus","DEN","K",24,1,7,8.65555555555556,6.59333333333333,11.1266666666667,2.96841396733702,18,0.355555555555556,2,4.53333333333333,NA,16,6.3,3.9741102248096,NA,7,NA
2543682,"Bishop Sankey","TEN","RB",23,1,4,8.65,6.85,11.17,2.92532049526202,30,0.466666666666667,6,4.32,NA,50,33.7,5.21852664718518,NA,4.1,NA
100027,"Steelers","PIT","DST",NA,NA,11,8.55,8.73,8.97,0.212132034355965,11,0.225000000000001,1,0.240000000000002,NA,28,18.5,3.52603097837999,NA,11,NA
2540258,"Travis Kelce","KC","TE",26,2,9,8.49666666666667,6.538,10.218,2.35669966973591,8,0.375000000000002,3,3.68,NA,6,2.5,3.64050148241128,NA,8,NA
100004,"Panthers","CAR","DST",NA,NA,5,8.45,9.13,11.77,2.33345237791561,12,0.500000000000002,1,2.64,NA,23,7.4,3.12728527130824,NA,5,NA
2503471,"Adam Vinatieri","IND","K",43,19,10,8.4,6.44,10.9733333333333,3.12907512072036,19,0.25,2,4.53333333333333,NA,22,7.8,4.40555537309605,NA,5,NA
497206,"James Starks","GB","RB",29,5,7,8.32666666666667,2.816,12.416,6.23234573281468,31,0.316666666666666,6,9.6,NA,61,32.7,8.71842133599916,NA,5.1,NA
100032,"Redskins","WAS","DST",NA,NA,8,8.2,4.24,7.76,3.11126983722081,13,0.55,1,3.52,NA,32,18.5,6.33307981573822,NA,0,NA
2506264,"Robbie Gould","CHI","K",33,10,7,8.2,5.48,11.1333333333333,3.56339413730474,20,0.316666666666666,2,5.65333333333333,NA,32,20.8,7.05640435887366,NA,0,NA
2540160,"Jordan Reed","WAS","TE",25,2,8,8.19,3.434,10.954,4.78229024631504,9,0.216666666666666,3,7.52,NA,19,6.1,6.68108869238002,NA,9.6,NA
2495259,"Dan Bailey","DAL","K",27,4,6,8.1,5.66,10.9933333333333,3.47483013173946,21,0.449999999999999,2,5.33333333333333,NA,20,7,4.66555295520635,NA,4,NA
2506369,"Heath Miller","PIT","TE",33,10,11,8.05333333333333,3.872,9.552,3.55450887371706,10,0.328333333333332,3,5.68,NA,20,11,5.7759566044599,NA,1.7,NA
2543495,"Davante Adams","GB","WR",23,1,7,8.05,6.07,9.91,2.41402154091466,38,0.0300000000000011,5,3.84,NA,60,28.7,4.06423703987964,NA,0,NA
2550353,"Allen Hurns","JAC","WR",24,1,8,8.04666666666667,3.228,10.908,4.89474548197691,39,0.106666666666667,5,7.68,NA,74,44.5,6.9762260871107,NA,13,NA
4327,"Danny Woodhead","SD","RB",30,7,10,8.04,6.476,10.38,2.74021896935263,32,0.191666666666667,6,3.904,NA,42,24.9,4.49290471892525,NA,4.3,NA
2506313,"Nate Washington","HOU","WR",32,10,9,7.99333333333333,3.016,11.096,5.17649817283203,40,0.131666666666667,5,8.08,NA,76,54.3,7.63617400073977,NA,4.2,NA
2532899,"Doug Martin","TB","RB",26,3,6,7.98,5.928,10.488,2.85257778158633,33,0.375,6,4.56,NA,39,26.7,4.72151674125029,NA,4.6,NA
497108,"Jimmy Clausen","CHI","QB",27,5,7,7.97,7.24,8.928,1.16477465631769,32,5.879,8,1.688,NA,34,31.7,7.50541067528237,NA,3.82,NA
2543794,"Crockett Gillmore","BAL","TE",24,1,9,7.89333333333333,2.616,9.496,4.42110091870038,11,0.613333333333334,3,6.88,NA,23,14.6,7.08047633516873,NA,4,NA
2506366,"Roddy White","ATL","WR",34,10,10,7.88666666666667,5.472,10.352,3.05197204006415,41,0.0566666666666666,5,4.88,NA,62,38.4,5.04489883582097,NA,NA,NA
2507166,"Ted Ginn","CAR","WR",30,8,5,7.83666666666667,2.182,10.502,5.2161320279814,42,0.0449999999999982,5,8.32,NA,96,56.9,7.77923822761962,NA,9.3,NA
2495821,"Marques Colston","NO","WR",32,9,11,7.82333333333333,4.454,11.814,4.79266453377798,43,0.146666666666667,5,7.36,NA,66,47.7,7.01473091673803,NA,4.7,NA
2505551,"Andre Johnson","IND","WR",34,12,10,7.76,4.396,11.356,4.37890397245704,44,0.166666666666667,5,6.96,NA,72,37.7,6.22617682687139,NA,0,NA
2533437,"Ronnie Hillman","DEN","RB",24,3,7,7.71666666666667,4.85,11.73,4.76348961721691,34,0.363333333333332,6,6.88,NA,52,38.5,7.48426238034028,NA,7.6,NA
100025,"Eagles","PHI","DST",NA,NA,8,7.7,8.36,9.64,1.13137084989848,14,0.124999999999999,1,1.28,NA,28,18.4,4.393974602462,NA,13,NA
2532968,"Blair Walsh","MIN","K",25,3,5,7.66666666666667,6.1,8.9,1.89296944860009,22,0.0666666666666682,2,2.8,NA,24,13,3.86437425703282,NA,7,NA
2504257,"Sebastian Janikowski","OAK","K",37,15,6,7.63333333333333,5.72,9,2.36713610367747,23,0.183333333333334,2,3.28,NA,31,22.1,5.91324536384916,NA,9,NA
100020,"Vikings","MIN","DST",NA,NA,5,7.6,8,11.2,2.82842712474619,15,0.0749999999999993,1,3.2,NA,28,15.6,5.4184301084218,NA,18,NA
2495459,"Torrey Smith","SF","WR",26,4,10,7.59333333333333,5.244,10.78,3.90616606576491,45,0.00666666666666682,5,5.536,NA,60,39.2,5.8567598171998,NA,0,NA
2552458,"Devin Funchess","CAR","WR",21,0,5,7.59333333333333,3.996,11.836,5.09530502848783,45,0.161666666666667,5,7.84,NA,87,68.9,8.16253471029412,NA,1.4,NA
2533533,"Rueben Randle","NYG","WR",24,3,11,7.58,5.328,10.208,3.15677050163613,47,0.313333333333333,5,4.88,NA,75,52.5,5.72030848207448,NA,17.6,NA
2505459,"Josh Brown","NYG","K",36,12,11,7.56666666666667,6.4,8.56,1.40118997046558,24,0.375,3,2.16,NA,22,9.5,2.72487072500907,NA,13,NA
2505629,"Jason Witten","DAL","TE",33,12,6,7.55666666666667,5.474,9.714,2.6549262387745,12,0.565,3,4.24,NA,26,9,4.58558873787828,NA,6.5,NA
100017,"Rams","STL","DST",NA,NA,6,7.55,6.71,8.39,1.48492424049175,16,0.125,1,1.68,NA,29,13.9,3.74196632840197,NA,11,NA
100010,"Lions","DET","DST",NA,NA,9,7.5,7.1,7.9,0.707106781186548,17,0.174999999999999,1,0.800000000000001,NA,31,21.4,4.64607450306408,NA,5,NA
2543600,"Alfred Blue","HOU","RB",24,1,9,7.49333333333333,3.396,12.356,5.7322014386563,35,0.395,6,8.96,NA,77,53.3,9.41226258734977,NA,19.9,NA
100031,"Buccaneers","TB","DST",NA,NA,6,7.35,8.13,8.37,0.212132034355964,18,0.0499999999999998,1,0.239999999999998,NA,31,23.9,4.71922854198737,NA,7,NA
2550380,"Cody Parkey","PHI","K",23,1,8,7.33333333333333,6.4,8,1.15470053837925,25,0.308333333333333,3,1.6,NA,25,13.7,3.14189879231884,NA,6,NA
100006,"Bengals","CIN","DST",NA,NA,7,7.3,6.82,11.78,4.38406204335659,19,0.0750000000000002,1,4.96,NA,22,11.5,6.01870513749026,NA,2,NA
100012,"Titans","TEN","DST",NA,NA,4,7.3,7.22,7.38,0.14142135623731,19,0.175000000000001,1,0.159999999999999,NA,32,19.6,3.70062513554782,NA,3,NA
71269,"Michael Crabtree","OAK","WR",28,6,6,7.28333333333333,4.82,10.46,3.84848455022666,48,0.0633333333333335,5,5.64,NA,67,39.7,5.82472025582988,NA,3.6,NA
497284,"Eric Decker","NYJ","WR",28,5,5,7.25,1.85,12.65,9.54594154601839,49,0.143333333333333,5,10.8,NA,100,43.8,11.1889887285728,NA,NA,NA
2543502,"Tre Mason","STL","RB",22,1,6,7.21333333333333,5.32,8.712,2.12003144630766,36,0.345000000000001,6,3.392,NA,66,38.9,4.66274761510004,NA,3.1,NA
2532841,"Michael Floyd","ARI","WR",26,3,9,7.19,4.174,9.854,3.63088143568473,50,0.183333333333333,5,5.68,NA,76,57.1,6.34183085484588,NA,1.2,NA
100011,"Packers","GB","DST",NA,NA,7,7.15,4.91,7.39,2.1920310216783,21,0.15,1,2.48,NA,21,13,4.227746125693,NA,9,NA
100023,"Giants","NYG","DST",NA,NA,11,7.1,2.66,11.14,7.4953318805774,22,0.249999999999999,1,8.48,NA,31,20.3,10.9756178958726,NA,9,NA
2543781,"Zach Hocker","NO","K",24,1,11,7.05,5.49,8.61,2.75771644662754,26,0.225,3,3.12,NA,32,22.5,6.42331474775475,NA,4,NA
2541147,"Charles Johnson","MIN","WR",26,2,5,7.02333333333333,4.474,10.154,3.76651474619884,51,0.0366666666666671,5,5.68,NA,78,44.1,5.93091315424238,NA,0.9,NA
2495966,"Delanie Walker","TEN","TE",31,9,4,7.00333333333333,4.082,10.962,4.85118885772687,13,0.383333333333334,3,6.88,NA,24,12.6,7.3708012305191,NA,6.8,NA
2539227,"Dustin Hopkins","WAS","K",25,2,8,7,1.6,12,6.557438524302,27,2.35,3,10.4,NA,32,26.5,11.403503925377,NA,8,NA
80425,"Percy Harvin","BUF","WR",27,6,8,6.99,5.114,8.954,2.40755062252074,52,0.126666666666667,5,3.84,NA,68,46.1,4.77388468964828,NA,6.6,NA
2505785,"Malcom Floyd","SD","WR",34,11,10,6.98333333333333,4.51,9.63,3.22193006338333,53,0.348333333333334,5,5.12,NA,81,62.8,6.20330111818394,NA,6.3,NA
2552635,"Matt Jones","WAS","RB",23,0,8,6.98333333333333,5.91,8.15,1.41450815951458,37,0.336666666666668,6,2.24,NA,54,26.5,3.16160317940159,NA,0.8,NA
2495438,"Kyle Rudolph","MIN","TE",26,4,5,6.98,4.568,9.448,3.05240888479902,14,0.868333333333334,3,4.88,NA,18,10.3,5.15081462910482,NA,1.4,NA
100009,"Broncos","DEN","DST",NA,NA,7,6.9,5.06,7.14,1.83847763108502,23,0.275,1,2.08,NA,19,4.2,1.9409529930904,NA,14,NA
100016,"Chiefs","KC","DST",NA,NA,9,6.8,6.02,6.18,0.14142135623731,24,0.375,1,0.16,NA,32,22.1,4.25303141499568,NA,-3,NA
262,"Chris Johnson","ARI","RB",30,7,9,6.75333333333333,5.1,7.948,1.78452608087787,38,0.271666666666667,6,2.848,NA,58,36.2,4.14010471575307,NA,27,NA
2530747,"Doug Baldwin","SEA","WR",27,4,9,6.74333333333333,3.26,8.964,3.56758087971854,54,0.265,5,5.704,NA,69,39.4,5.55621970093157,NA,3.5,NA
2553833,"Josh Lambo","SD","K",25,0,10,6.65,5.57,7.73,1.90918830920368,28,4.425,3,2.16,NA,31,16.4,4.44706177347143,NA,2,NA
2552475,"Todd Gurley","STL","RB",21,0,6,6.54,0.58,9.444,6.03363903461253,39,0.123333333333333,6,8.864,NA,68,41.1,9.00698257748182,NA,1.4,NA
1990,"Eddie Royal","CHI","WR",29,7,7,6.52666666666667,4.476,8.476,2.5096082031531,55,0.19,5,4,NA,74,48.9,4.9820994649715,NA,1.7,NA
100001,"Falcons","ATL","DST",NA,NA,10,6.45,4.77,6.13,1.20208152801713,25,0.225,2,1.36,NA,30,17.8,4.32986170118374,NA,4,NA
2552600,"Nelson Agholor","PHI","WR",22,0,8,6.43,3.498,10.058,4.36814605982904,56,0.273333333333334,5,6.56,NA,86,49.9,6.71807292700865,NA,0,NA
497188,"Ryan Mathews","PHI","RB",28,5,8,6.42333333333333,4.04,7.696,2.53843127410086,40,0.0716666666666672,6,3.656,NA,69,44.6,5.45406554869673,NA,15.8,NA
497204,"C.J. Spiller","NO","RB",28,5,11,6.41,3.866,9.946,4.16896869741187,41,0.17,6,6.08,NA,69,41.9,7.04768793064252,NA,2.6,NA
100005,"Bears","CHI","DST",NA,NA,7,6.4,5,6.6,1.4142135623731,26,0.375,2,1.6,NA,32,30.4,7.31938316696864,NA,4,NA
2495473,"Shane Vereen","NYG","RB",26,4,11,6.29333333333333,5.7,7.124,1.02768347915753,42,0.315,7,1.424,NA,54,35.5,3.28356196028724,NA,2.3,NA
2537933,"Larry Donnell","NYG","TE",27,3,11,6.26,3.136,9.776,4.23589423852863,15,0.450833333333333,3,6.64,NA,28,17.5,7.14772131423659,NA,3.2,NA
2495341,"Cecil Shorts","HOU","WR",28,4,9,6.24333333333333,4.144,9.16,3.59994907371387,57,0.235833333333333,5,5.016,NA,82,55.4,6.24371288760391,NA,5.8,NA
2540156,"Giovani Bernard","CIN","RB",24,2,7,6.18666666666667,4.58,7.748,2.00811686246925,43,0.451666666666667,7,3.168,NA,37,28.4,3.91421825969071,NA,8.3,NA
2540202,"Kenny Stills","MIA","WR",23,2,5,6.07,3.082,10.122,4.96655816436292,58,0.170833333333333,5,7.04,NA,105,83.7,8.65375461838547,NA,0,NA
100022,"Saints","NO","DST",NA,NA,11,6.05,3.93,6.57,2.33345237791561,27,0.100000000000001,2,2.64,NA,32,25.8,7.1929954880445,NA,1,NA
100008,"Cowboys","DAL","DST",NA,NA,6,6,4.4,6,1.4142135623731,28,0.175,2,1.6,NA,30,23.2,5.72845308215879,NA,-3,NA
2540158,"Zach Ertz","PHI","TE",25,2,8,5.96333333333333,3.278,9.598,4.45275570106124,16,0.374166666666667,3,6.32,NA,26,15.7,7.21946294296483,NA,3,NA
2495158,"Leonard Hankerson","ATL","WR",27,4,10,5.945,2.089,6.801,4.16485894118876,59,0.459999999999999,6,4.712,NA,80,51,6.5779258448725,NA,4.5,NA
100028,"Chargers","SD","DST",NA,NA,10,5.9,3.94,6.66,2.40416305603426,29,0.175000000000001,2,2.72,NA,31,24.2,6.90792007498709,NA,2,NA
2539336,"Tavon Austin","STL","WR",24,2,6,5.85333333333333,5.292,6.252,0.605419964432404,60,0.765000000000001,6,0.96,NA,80,61.4,3.75966326602001,NA,3.8,NA
2506467,"Darren Sproles","PHI","RB",32,10,8,5.77,4.522,6.762,1.40524019299193,44,0.3,7,2.24,NA,53,40.5,3.98904511387555,NA,9.6,NA
100014,"Colts","IND","DST",NA,NA,10,5.75,4.69,5.41,0.636396103067893,30,0.25,2,0.719999999999999,NA,26,16.2,3.4286048360233,NA,13,NA
100029,"49ers","SF","DST",NA,NA,10,5.7,4.06,6.14,1.83847763108502,31,0.4,2,2.08,NA,30,23.1,6.11714446571623,NA,-1,NA
2539260,"Denard Robinson","JAC","RB",25,2,8,5.7,5.7,5.7,NA,45,0.505,7,0,NA,76,67.5,6.640880540778,NA,NA,NA
2495187,"Lance Kendricks","STL","TE",27,4,6,5.655,2.991,5.319,2.05768073325285,17,0.185833333333334,3,2.328,NA,40,28.8,5.78776621859536,NA,1.2,NA
2532853,"Ladarius Green","SD","TE",25,3,10,5.52333333333333,1.594,9.274,4.81556158026593,18,0.160833333333333,3,7.68,NA,31,15,7.55746167610802,NA,NA,NA
2540928,"Darren Fells","ARI","TE",29,3,9,5.415,1.583,6.247,4.12243253431757,19,0.3,3,4.664,NA,40,27.8,7.99272381514849,NA,1.3,NA
2495139,"Charles Clay","BUF","TE",26,4,8,5.31,3.586,7.586,2.77097455780453,20,0.456666666666667,3,4,NA,27,20,5.75218284832167,NA,14.2,NA
100015,"Jaguars","JAC","DST",NA,NA,8,5.3,1.18,4.22,2.68700576850888,32,NA,3,3.04,NA,32,30.4,8.55174607117469,NA,-2,NA
2552380,"Karlos Williams","BUF","RB",22,0,8,5.24,2.498,6.482,3.52139177030901,46,0.125,7,3.984,NA,59,46.1,6.60185600085572,NA,17,NA
2540273,"Zac Stacy","NYJ","RB",24,2,5,5.15,4.25,5.45,1.06066017177982,47,0.163333333333334,8,1.2,NA,98,68.4,5.28699077882981,NA,0.1,NA
2508097,"Andrew Hawkins","CLE","WR",29,4,11,5.11666666666667,4.2,5.76,1.01283430694923,61,0.0683333333333334,6,1.56,NA,86,67.2,4.36971143048347,NA,1.8,NA
2495328,"Bilal Powell","NYJ","RB",27,4,5,5.08,2.4,7.232,3.03268857616472,48,0.195,8,4.832,NA,73,44.4,5.97412522297202,NA,7.5,NA
2535964,"Josh Bellamy","CHI","WR",26,3,7,5.06,0.506,4.554,3.57796031280393,62,0.0549999999999997,6,4.048,NA,121,103.4,8.19758806882986,NA,0,NA
2532887,"Jermaine Kearse","SEA","WR",25,3,9,5.03666666666667,4.362,5.242,0.570116947067296,63,0.183333333333334,6,0.880000000000001,NA,89,72.3,4.17571550253002,NA,7.6,NA
2550546,"Philly Brown","CAR","WR",24,1,5,4.97333333333333,3.7,5.556,1.17649196059018,64,0.305000000000001,6,1.856,NA,86,68.3,4.56419102079759,NA,0,NA
2532838,"Coby Fleener","IND","TE",27,3,10,4.92,2.64,6.608,2.52055549433057,21,0.29,3,3.968,NA,34,19.2,5.39787678546091,NA,5.1,NA
2506871,"Fred Jackson","SEA","RB",34,9,9,4.89333333333333,2.22,7.644,3.88588900167431,49,0.0916666666666668,8,5.424,NA,69,52.7,7.38898673610047,NA,2.2,NA
2533037,"Chris Polk","HOU","RB",26,3,9,4.87666666666667,4.226,5.186,0.673523075575985,50,0.161666666666667,8,0.96,NA,68,46.6,3.5662935561451,NA,0.5,NA
2495825,"Owen Daniels","DEN","TE",33,9,7,4.78666666666667,2.572,7.772,3.65329075400978,22,0.363333333333333,3,5.2,NA,30,22.9,7.0081985102888,NA,8.8,NA
2552424,"Phillip Dorsett","IND","WR",22,0,10,4.73333333333333,2.54,7.74,3.69639463982586,65,0.156666666666666,6,5.2,NA,105,79.5,7.32274016431913,NA,10.3,NA
497190,"Dexter McCluster","TEN","RB",27,5,4,4.72666666666667,3.624,6.04,1.57738179694497,51,0.0333333333333332,8,2.416,NA,66,53.9,4.97586851721092,NA,4.2,NA
2552461,"Duke Johnson","CLE","RB",22,0,11,4.70333333333333,2.56,6.728,2.80571440694404,52,0.121666666666667,8,4.168,NA,59,41.6,5.56232467440847,NA,3.5,NA
497145,"Joique Bell","DET","RB",29,5,9,4.68333333333333,3.74,5.46,1.18778505350646,53,0.279999999999999,8,1.72,NA,65,46.3,4.10190487718284,NA,6.4,NA
2532978,"Jarius Wright","MIN","WR",26,3,5,4.60333333333333,3.68,5.288,1.06397055097091,66,0.0733333333333324,6,1.608,NA,92,79.2,4.9098257568992,NA,2.8,NA
2543828,"Quincy Enunwa","NYJ","WR",23,1,5,4.55,0.455,4.095,3.21733585439879,67,0.1075,6,3.64,NA,86,72,6.57744760596215,NA,5,NA
2535698,"Cole Beasley","DAL","WR",26,3,6,4.51,3.94,4.764,0.546168472176855,68,0.142500000000001,6,0.823999999999999,NA,83,54.3,3.41365350958972,NA,4.9,NA
2543770,"Charles Sims","TB","RB",25,1,6,4.48,3.228,5.388,1.54181710977664,54,0.165,8,2.16,NA,69,56.1,5.06918064907758,NA,11.2,NA
497234,"Garrett Graham","HOU","TE",29,5,9,4.47333333333333,2.16,5.536,2.11284957659871,23,0.218333333333334,4,3.376,NA,50,33.2,6.26414713668668,NA,0.9,NA
2552463,"Jaelen Strong","HOU","WR",21,0,9,4.375,3.635,3.915,0.247487373415291,69,0.0399999999999991,6,0.279999999999999,NA,127,86.1,4.44900513858424,NA,NA,NA
2543466,"Eric Ebron","DET","TE",22,1,9,4.37333333333333,2.22,5.676,2.18406349114062,24,0.545,5,3.456,NA,24,15.6,4.68366514334903,NA,6.1,NA
2550328,"Brandon Coleman","NO","WR",23,1,11,4.36,3.152,4.368,1.07480230740355,70,0.103333333333333,6,1.216,NA,91,50.8,3.75179652785948,NA,0.9,NA
2535708,"Lance Dunbar","DAL","RB",25,3,6,4.32666666666667,3.48,5.224,1.09550597138187,55,0.180000000000001,8,1.744,NA,63,46.8,4.03248267115402,NA,10.5,NA
2649,"Danny Amendola","NE","WR",30,7,4,4.31,2.74,5.404,1.6865052623695,71,0.108333333333334,6,2.664,NA,96,66.6,4.95937575497246,NA,9.9,NA
2540020,"Theo Riddick","DET","RB",24,2,9,4.30333333333333,2.88,5.768,1.83739852327505,56,0.313333333333333,8,2.888,NA,72,60.1,5.62660931270854,NA,6.6,NA
2532884,"Marvin Jones","CIN","WR",25,3,7,4.20333333333333,2.98,4.588,1.13005899551012,72,0.0233333333333334,6,1.608,NA,71,49.5,3.74872603617274,NA,15.4,NA
2540157,"Stedman Bailey","STL","WR",25,2,6,4.2,3.08,5.08,1.25299640861417,73,0.0466666666666669,6,2,NA,87,73.4,4.84368723380864,NA,0,NA
81831,"Brian Hartline","CLE","WR",29,6,11,4.16,2.84,5.464,1.83869518952979,74,0.041666666666667,6,2.624,NA,97,77.2,5.5340707358366,NA,9.6,NA
2532903,"Rishard Matthews","MIA","WR",26,3,5,4.14666666666667,3.592,4.36,0.496521231503078,75,0.081666666666667,6,0.767999999999999,NA,93,52.6,3.29846894797516,NA,23.3,NA
2495826,"Vernon Davis","SF","TE",31,9,10,4.13666666666667,3.502,4.382,0.550484634965712,25,0.681666666666667,5,0.879999999999999,NA,25,15.8,2.88340779206334,NA,0,NA
2495867,"Greg Jennings","MIA","WR",32,9,5,4.09,3.06,4.716,1.1186152153444,76,0.0516666666666659,6,1.656,NA,95,81.7,5.06246639035515,NA,1,NA
2543759,"Ryan Grant","WAS","WR",25,1,8,4.04,0.7,4.364,2.3941874056417,77,0.0141666666666662,6,3.664,NA,87,71.6,5.81034730409734,NA,0.9,NA
2533040,"Mohamed Sanu","CIN","WR",26,3,7,4.03666666666667,3.382,4.582,0.775263396100534,78,0.0816666666666666,6,1.2,NA,105,81.8,4.75346710624679,NA,2.8,NA
2552429,"Ty Montgomery","GB","WR",22,0,7,4.015,3.267,3.563,0.261629509039022,79,0.165833333333333,6,0.296,NA,108,72.8,3.91495936685956,NA,7.4,NA
284,"Darren McFadden","DAL","RB",28,7,6,3.99,3.04,4.776,1.19929145748646,57,0.0716666666666668,8,1.736,NA,61,48.8,4.26382940691353,NA,9.5,NA
2532797,"Brandon Bolden","NE","RB",25,3,4,3.99,2.772,4.308,1.35764501987817,57,0.17,9,1.536,NA,90,80.6,6.33641782819845,NA,NA,NA
80670,"Louis Murphy","TB","WR",28,6,6,3.895,0.6,4.432,2.42033744203847,80,0.110833333333334,6,3.832,NA,94,83.8,6.33590074207413,NA,6.1,NA
2540178,"Knile Davis","KC","RB",24,2,9,3.84666666666667,2.32,5.312,2.0086147797259,59,0.109999999999999,9,2.992,NA,65,57.7,5.66735057575042,NA,NA,NA
222,"Harry Douglas","TEN","WR",31,7,4,3.80333333333333,3.208,4.08,0.602522475376092,81,0.105833333333333,6,0.872,NA,92,76.5,4.3779856035929,NA,2,NA
2553462,"Josh Robinson","IND","RB",23,0,10,3.79333333333333,2.38,5.404,2.07656768089396,60,0.263333333333333,9,3.024,NA,77,56.7,5.68068008483254,NA,0.8,NA
2495189,"Jeremy Kerley","NYJ","WR",27,4,5,3.765,2.637,4.293,1.46371103705615,82,0.16,6,1.656,NA,116,91.5,5.78017858543006,NA,9.3,NA
2543664,"Terrance West","TEN","RB",24,1,4,3.68,3.614,4.046,0.381837661840735,61,0.447500000000001,9,0.432,NA,72,62.3,4.19142541164177,NA,NA,NA
2541966,"Jaron Brown","ARI","WR",25,2,9,3.63,0.363,3.267,2.56679761570717,83,0.0583333333333336,6,2.904,NA,107,93.6,6.87247182013182,NA,NA,NA
2540169,"Robert Woods","BUF","WR",23,2,8,3.58,2.22,4.572,1.55344777833051,84,0.0883333333333329,6,2.352,NA,90,76.6,5.24927196284504,NA,3.8,NA
2543475,"Marqise Lee","JAC","WR",24,1,8,3.56333333333333,2.8,4.072,0.803761987987323,85,0.145,6,1.272,NA,93,73.3,4.42990609941157,NA,1.3,NA
2507486,"Kellen Davis","NYJ","TE",30,7,5,3.52,0.352,3.168,2.48901586977665,26,0.145,5,2.816,NA,55,46.4,7.92787610548531,NA,NA,NA
80427,"Darrius Heyward-Bey","PIT","WR",28,6,11,3.42,2.96,3.488,0.330454232837166,86,0.0141666666666667,6,0.528,NA,96,60.7,3.48012828084583,NA,1.9,NA
2552491,"Dorial Green-Beckham","TEN","WR",22,0,4,3.41666666666667,2.18,4.14,1.23928742966809,87,0.059166666666667,6,1.96,NA,112,69.9,4.68725345212644,NA,8.2,NA
2540145,"Cordarrelle Patterson","MIN","WR",24,2,5,3.395,3.011,3.179,0.148492424049175,88,0.130000000000001,6,0.168,NA,123,107.4,5.23465926435255,NA,0,NA
2539202,"Chris Gragg","BUF","TE",25,2,8,3.39,0.339,3.051,2.3970919882224,27,0.0574999999999992,5,2.712,NA,NA,NA,7.53512338015146,NA,NA,NA
2543565,"Andre Williams","NYG","RB",23,1,11,3.38,1.52,4.752,2.03450239616472,62,0.2975,9,3.232,NA,69,59,5.77297647537983,NA,8.9,NA
2541199,"Luke Willson","SEA","TE",25,2,9,3.36,1.752,3.768,1.7819090885901,28,0.0600000000000001,5,2.016,NA,46,38.3,6.37657909486308,NA,NA,NA
2543646,"Bruce Ellington","SF","WR",24,1,10,3.32,1.604,3.236,1.44249783362056,89,0.115,6,1.632,NA,125,116.5,6.78892084601622,NA,NA,NA
497238,"Jermaine Gresham","ARI","TE",27,5,9,3.305,2.141,3.269,0.997020561473032,29,0.0624999999999996,5,1.128,NA,51,38.6,5.53083576653027,NA,3.4,NA
497224,"Ed Dickson","CAR","TE",28,5,5,3.295,2.139,3.251,0.982878425849301,30,0.123333333333334,5,1.112,NA,55,45.7,6.18465945701537,NA,1.9,NA
2540177,"Marquess Wilson","CHI","WR",23,2,7,3.21,2.2,4.064,1.16888836079414,90,0.0124999999999997,6,1.864,NA,94,68.4,4.56136944500338,NA,0,NA
2553434,"Devin Smith","NYJ","WR",NA,NA,5,3.2,1.88,3.32,1.27279220613579,91,0.0691666666666668,6,1.44,NA,99,81.2,5.18250273551823,NA,3.9,NA
2531049,"Chris Matthews","SEA","WR",26,2,9,3.195,1.639,3.551,1.68998520703585,92,0.136666666666667,6,1.912,NA,123,107.6,6.64861212427099,NA,0,NA
2495888,"Marcedes Lewis","JAC","TE",31,9,8,3.19,1.974,3.974,1.25191852770058,31,0.0716666666666672,5,2,NA,48,31.5,5.1451126287286,NA,0,NA
2550313,"Richard Rodgers","GB","TE",23,1,7,3.15333333333333,1.96,3.688,1.08744348512156,32,0.136666666666667,5,1.728,NA,28,20,3.87743859014928,NA,1.5,NA
2552379,"Jeremy Langford","CHI","RB",24,0,7,3.085,2.403,3.467,0.940452018978109,63,0.0133333333333332,9,1.064,NA,82,68.9,5.18750548213415,NA,NA,NA
2539995,"Mychal Rivera","OAK","TE",25,2,6,3.08333333333333,2.58,3.18,0.375277674973257,33,0.205833333333333,5,0.6,NA,35,29,3.93313927827099,NA,0,NA
2507428,"Mike Tolbert","CAR","RB",30,7,5,3.08,2.22,3.692,0.925850959928217,64,0.0466666666666664,9,1.472,NA,75,65.3,4.95645270647376,NA,4.4,NA
497320,"Andre Roberts","WAS","WR",27,5,8,3.06666666666667,2.72,3.28,0.378593889720018,93,0.0183333333333335,6,0.56,NA,103,84.9,4.5192164660111,NA,1.8,NA
2495979,"DeAngelo Williams","PIT","RB",32,9,11,3.06333333333333,2.26,3.692,0.896679058154774,65,0.0716666666666663,9,1.432,NA,71,50.5,4.03978130866638,NA,0.2,NA
2540005,"Marlon Brown","BAL","WR",24,2,9,3.05,2.57,3.37,0.507444578254611,94,0.0541666666666663,6,0.8,NA,101,84.2,4.60793238712115,NA,2.9,NA
2552430,"Tyler Lockett","SEA","WR",23,0,9,3.04666666666667,2.14,3.452,0.84884234892784,95,0.234166666666667,6,1.312,NA,88,56.4,3.77602916743482,NA,0,NA
2550512,"Damien Williams","MIA","RB",23,1,5,3.00333333333333,1.76,4.648,2.00325568346463,66,0.0283333333333333,9,2.888,NA,78,56.9,5.61372953850853,NA,2.2,NA
2543704,"Lorenzo Taliaferro","BAL","RB",24,1,9,2.98,1.26,4.572,2.07586126704074,67,0.0566666666666666,9,3.312,NA,68,51.6,5.37486026134322,NA,0.6,NA
2506874,"Reggie Bush","SF","RB",30,9,10,2.97,1.254,4.086,2.50315800540038,68,0.126666666666666,9,2.832,NA,74,66.8,6.74400287010332,NA,NA,NA
2495573,"Scott Chandler","NE","TE",30,8,4,2.95,1.83,3.51,1.1056672193748,34,0.1475,5,1.68,NA,37,26.7,4.52958185211484,NA,2.5,NA
2543641,"Devin Street","DAL","WR",24,1,6,2.945,1.789,4.101,2.04353859762912,96,0.278333333333333,6,2.312,NA,118,90,6.24725349143635,NA,NA,NA
2495471,"Jacquizz Rodgers","CHI","RB",25,4,7,2.87666666666667,1.566,4.126,1.60550096024055,69,0.0966666666666667,9,2.56,NA,91,75.9,6.32207887982712,NA,2.1,NA
2495467,"Taiwan Jones","OAK","RB",27,4,6,2.81,0.281,2.529,1.9869700551342,70,0.1,10,2.248,NA,86,70.7,6.42165448672016,NA,1.6,NA
497242,"Clay Harbor","JAC","TE",28,5,8,2.805,1.621,3.389,1.56270598642227,35,0.00499999999999989,5,1.768,NA,54,46.6,6.91521838172872,NA,10.3,NA
2506619,"Daniel Fells","NYG","TE",32,9,11,2.8,-0.26,2.46,2.40416305603426,36,0.00500000000000034,6,2.72,NA,52,42,7.41843975173045,NA,2.7,NA
2534241,"Derek Carrier","WAS","TE",25,3,8,2.8,0.28,2.52,1.97989898732233,36,0.0450000000000004,6,2.24,NA,56,49.4,7.64385219150857,NA,0,NA
2540211,"Gavin Escobar","DAL","TE",24,2,6,2.79,1.5,3.476,1.30587135660447,38,0.0924999999999998,6,1.976,NA,42,24.2,4.51676009120663,NA,NA,NA
2550474,"Antonio Andrews","TEN","RB",23,1,4,2.75,0.275,2.475,1.94454364826301,71,0.0933333333333328,10,2.2,NA,NA,NA,5.72827245651533,NA,12.1,NA
497258,"Andrew Quarless","GB","TE",27,5,7,2.72,1.304,2.936,1.44249783362056,39,0.0474999999999999,6,1.632,NA,59,52.5,7.3377621095024,NA,1.4,NA
2535869,"Rod Streater","OAK","WR",27,3,6,2.68,1.916,2.844,0.820243866176395,97,0.0449999999999999,6,0.928,NA,124,112,6.03641525960772,NA,NA,NA
2508112,"Rob Housler","CLE","TE",27,4,11,2.675,2.155,2.595,0.388908729652601,40,0.0575000000000001,6,0.44,NA,64,40.8,5.06112845017038,NA,0,NA
2534770,"Jonathan Grimes","HOU","RB",26,3,9,2.67,1.06,4.428,2.23577726976548,72,0.0983333333333336,10,3.368,NA,82,63.1,6.23487433000187,NA,3.8,NA
497226,"Jim Dray","CLE","TE",29,5,11,2.67,0.267,2.403,1.88797510576808,41,0.132499999999999,6,2.136,NA,57,47.6,7.37173705380834,NA,NA,NA
2540151,"Justin Hunter","TEN","WR",24,2,4,2.65333333333333,2.16,2.848,0.480138868800823,98,0.0599999999999996,6,0.688,NA,103,80.6,4.4349870376097,NA,2.9,NA
2550551,"Travis Coons","CLE","K",23,1,11,2.65,0.46,2.86,1.56950098226581,29,0.85,4,2.4,NA,31,26.2,5.6875954489866,NA,9,NA
2543715,"Jerick McKinnon","MIN","RB",23,1,5,2.64333333333333,2.38,2.884,0.318799832705937,73,0.170833333333333,11,0.504,NA,75,68.6,4.50040907676967,NA,1.8,NA
2495453,"Andre Holmes","OAK","WR",27,4,6,2.61666666666667,1.87,2.99,0.794250170496257,100,0.0650000000000004,6,1.12,NA,111,89.5,5.08743248973122,NA,6.3,NA
2550617,"Taylor Gabriel","CLE","WR",24,1,11,2.57,1.12,4.008,1.85032429590059,101,0.0566666666666671,6,2.888,NA,113,88,5.98880927246039,NA,2.8,NA
1060,"Gary Barnidge","CLE","TE",30,7,11,2.565,0.5,2.604,1.48232924817667,42,0.0583333333333336,6,2.104,NA,34,25.8,4.86414931252039,NA,16.5,NA
2495159,"Dwayne Harris","NYG","WR",28,4,11,2.53333333333333,1.02,3.82,1.78978583448784,102,0.0866666666666664,6,2.8,NA,104,96.6,6.28726462086961,NA,0,NA
2534820,"Garrett Celek","SF","TE",27,3,10,2.51,0.251,2.259,1.77483802077823,43,0.0166666666666671,6,2.008,NA,51,39.3,6.46301083018017,NA,2.9,NA
2552468,"Maxx Williams","BAL","TE",21,0,9,2.50333333333333,2.022,2.902,0.605832760201471,44,0.0216666666666661,6,0.88,NA,54,39.7,5.19895390112835,NA,4.4,NA
2543638,"DeAnthony Thomas","KC","RB",22,1,9,2.5,2.1,2.9,0.707106781186548,74,0.0708333333333329,11,0.8,NA,107,92.6,6.35395980391838,NA,1.2,NA
206,"Andre Caldwell","DEN","WR",30,7,7,2.49333333333333,2.004,2.74,0.469183688264344,103,0.0958333333333332,6,0.736,NA,119,105.2,5.43663446711371,NA,0.2,NA
2495835,"Anthony Fasano","TEN","TE",31,9,4,2.48333333333333,1.26,3.06,1.1295279249905,45,0.0266666666666664,6,1.8,NA,59,28.7,4.74476447537047,NA,2.6,NA
2553318,"James OShaughnessy","KC","TE",NA,NA,9,2.48,0.248,2.232,1.75362481734264,46,0.0883333333333338,6,1.984,NA,54,45.3,7.00522381251432,NA,NA,NA
2550658,"Branden Oliver","SD","RB",24,1,10,2.445,2.219,2.371,0.134350288425444,75,0.0333333333333337,12,0.152,NA,99,78.8,4.9119848761112,NA,2.6,NA
2506122,"Benjamin Watson","NO","TE",35,11,11,2.43333333333333,1.7,2.9,0.763762615825973,47,0.153333333333333,6,1.2,NA,35,28.1,4.28087248111032,NA,1.2,NA
497176,"Toby Gerhart","JAC","RB",28,5,8,2.41333333333333,1.1,3.372,1.45894939368483,76,0.0283333333333338,12,2.272,NA,88,77,6.23012665227142,NA,1,NA
163982,"Will Johnson","PIT","RB",26,4,11,2.41,0.241,2.169,1.70412734265958,77,0.0749999999999997,12,1.928,NA,103,93.8,7.49893995807782,NA,NA,NA
2539256,"Aaron Dobson","NE","WR",24,2,4,2.4,2.08,2.48,0.264575131106459,104,0.0908333333333333,6,0.4,NA,94,63.4,3.53108479178811,NA,0.5,NA
2535634,"Chris Givens","STL","WR",26,3,6,2.395,0.631,4.159,3.11834090503267,105,0.178333333333333,6,3.528,NA,122,112.2,8.14033561226187,NA,0,NA
2540037,"Fozzy Whittaker","CAR","RB",26,3,5,2.36,0.568000000000001,4.152,3.16783837971573,78,0.105,12,3.584,NA,87,77.7,8.11146028250106,NA,1.4,NA
2532835,"Rhett Ellison","MIN","TE",27,3,5,2.35,0.235,2.115,1.66170093578839,48,0.145,6,1.88,NA,59,52.2,7.55357022632451,NA,NA,NA
2534437,"Austin Johnson","NO","RB",26,2,11,2.31,0.771,2.139,1.209152595829,79,0.15,12,1.368,NA,96,92.8,6.90632932986397,NA,0.4,NA
2495802,"Jason Avant","KC","WR",32,9,9,2.22333333333333,1.68,2.456,0.540955943985583,106,0.0166666666666666,6,0.776,NA,130,123.3,6.2464205830757,NA,0.8,NA
324,"Jacob Tamme","ATL","TE",30,7,10,2.21,1.48,2.704,0.768960337078578,49,0.0433333333333334,6,1.224,NA,33,26.1,4.09804870160091,NA,0.8,NA
2543638,"DeAnthony Thomas","KC","WR",22,1,9,2.21,2.21,2.21,NA,107,0.0458333333333338,6,0,NA,107,92.6,7.21945080509389,NA,1.2,NA
2550272,"Albert Wilson","KC","WR",23,1,9,2.20333333333333,1.22,2.828,1.06208913624673,108,0.110833333333333,6,1.608,NA,102,89.8,5.34401899377001,NA,0,NA
2495288,"Virgil Green","DEN","TE",27,4,7,2.2,0.2,2.92,1.74737898961082,50,0.0816666666666666,6,2.72,NA,48,31.8,5.72513859838116,NA,2.6,NA
2539303,"Zach Line","MIN","RB",25,2,5,2.2,0.22,1.98,1.5556349186104,80,0.103333333333333,13,1.76,NA,NA,NA,4.89102308750988,NA,6.1,NA
2543462,"Johnny Manziel","CLE","QB",23,1,11,2.196,0.2196,1.9764,1.55280649148566,33,1.047,9,1.7568,NA,63,29.9,7.763665302651,NA,NA,NA
2541834,"Josh Hill","NO","TE",25,2,11,2.13333333333333,0.86,3.18,1.49777612924407,51,0.0466666666666669,6,2.32,NA,53,31.9,5.45661677478905,NA,1,NA
2530660,"Kamar Aiken","BAL","WR",26,4,9,2.125,0.225,2.825,2.29809703885628,109,0.0700000000000003,6,2.6,NA,81,63.8,5.40195676067219,NA,0,NA
2542022,"Khiry Robinson","NO","RB",26,2,11,2.12,1.12,3.488,1.6808331267559,81,0.0633333333333335,13,2.368,NA,69,60,5.45209942263909,NA,8,NA
89766,"Brandon Myers","TB","TE",30,6,6,2.10333333333333,1.422,2.462,0.702163323830954,52,0.105,6,1.04,NA,49,31,4.48576400856218,NA,1.8,NA
4433,"Marcel Reece","OAK","RB",30,7,6,2.07333333333333,1.62,2.916,0.907817896570305,82,0.108333333333334,13,1.296,NA,79,70,5.21817496625456,NA,5.6,NA
2550206,"Ryan Hewitt","CIN","TE",24,1,7,2.07,0.207,1.863,1.46371103705615,53,0.156666666666667,6,1.656,NA,56,55.5,7.64430245631695,NA,NA,NA
2540261,"Corey Fuller","DET","WR",25,2,9,2.06,-0.334,1.794,1.88090403795622,110,0.0249999999999999,7,2.128,NA,NA,NA,5.19227676470618,NA,NA,NA
2552409,"DeVante Parker","MIA","WR",22,0,5,2.05,1.5,2.58,0.779422863405995,111,0.0624999999999996,7,1.08,NA,NA,NA,3.18333695659868,NA,4.6,NA
2495314,"Bruce Miller","SF","RB",28,4,10,2.04,0.744,1.896,1.01823376490863,83,0.165,13,1.152,NA,94,87.1,6.3598738878635,NA,NA,NA
2539250,"Quinton Patton","SF","WR",25,2,10,2.02,-0.0679999999999998,1.788,1.64048773235279,112,0.1225,7,1.856,NA,105,100.5,6.3114973152275,NA,0.7,NA
81294,"Brian Hoyer","HOU","QB",30,6,9,1.986,0.1986,1.7874,1.40431406743648,34,1.699,9,1.5888,NA,42,33.5,8.04760085902233,NA,NA,NA
2530515,"Chris Hogan","BUF","WR",27,4,8,1.955,1.211,2.099,0.784888527117068,113,0.115,7,0.888,NA,137,123.8,6.4894309197449,NA,10.2,NA
2507218,"Brent Celek","PHI","TE",30,8,8,1.92666666666667,1.02,2.444,0.979863936132631,54,0.0816666666666666,6,1.424,NA,58,37.6,5.41742458939416,NA,NA,NA
2495347,"Lee Smith","OAK","TE",28,4,6,1.9,0.19,1.71,1.34350288425444,55,0.17,6,1.52,NA,NA,NA,5.18861471727407,NA,0.8,NA
2507737,"Darrel Young","WAS","RB",28,6,8,1.89,1.89,1.89,NA,84,0.0316666666666667,13,0,NA,96,83.5,8.55497894750997,NA,0.2,NA
2534871,"Derrick Coleman","SEA","RB",25,3,9,1.86,1.266,1.794,0.466690475583121,85,0.0216666666666669,13,0.528,NA,101,96.4,6.32247282111612,NA,NA,NA
2541544,"Benny Cunningham","STL","RB",25,2,6,1.85666666666667,0.676,2.86,1.41796802972893,86,0.0716666666666665,13,2.184,NA,77,53.8,4.79829261654974,NA,3,NA
2543590,"Cody Latimer","DEN","WR",23,1,7,1.84,0.948,2.132,1.04651803615609,114,0.0150000000000001,7,1.184,NA,138,91.8,5.41206626599944,NA,NA,NA
2543746,"Josh Huff","PHI","WR",24,1,8,1.84,0.744,2.584,1.19616052434445,115,0.05,7,1.84,NA,106,89.9,5.47039459790453,NA,NA,NA
2495461,"Shaun Draughn","CLE","RB",28,4,11,1.82,0.182,1.638,1.28693434175952,87,0.0999999999999999,13,1.456,NA,117,97.3,7.2592243552112,NA,0.2,NA
81306,"Brandon Tate","CIN","WR",28,6,7,1.81,1.81,1.81,NA,116,0.0666666666666667,7,0,NA,144,134.7,10.6820483046042,NA,0,NA
2495150,"Kai Forbath","FA","K",28,4,NA,1.8,0.18,1.62,1.27279220613579,30,0.0999999999999999,4,1.44,NA,29,23,4.81947328362246,NA,NA,NA
2553648,"Andrew Franks","MIA","K",22,0,5,1.8,0.18,1.62,1.27279220613579,30,0.3,4,1.44,NA,27,17.3,3.87350218090012,NA,0,NA
71247,"James Casey","DEN","TE",31,6,7,1.79,0.179,1.611,1.26572113832392,56,0.175,6,1.432,NA,NA,NA,5.01538253410863,NA,NA,NA
2532933,"Brian Quick","STL","WR",26,3,6,1.77,0.546,2.994,2.16374675043084,117,0.126666666666666,7,2.448,NA,96,79,5.90451615178868,NA,NA,NA
2534571,"Bobby Rainey","TB","RB",28,3,6,1.75,0.51,2.99,2.1920310216783,88,0.13,13,2.48,NA,85,79.9,7.19268715775704,NA,0,NA
2495801,"Miles Austin","PHI","WR",31,9,8,1.71666666666667,0.84,2.64,1.24532458954818,118,0.154166666666667,7,1.8,NA,126,111.6,6.40760825383792,NA,0,NA
2508096,"Tyler Clutts","DAL","RB",31,5,6,1.69,1.249,1.641,0.346482322781408,89,0.165,13,0.392,NA,NA,NA,2.28793868569293,NA,NA,NA
2540215,"Vance McDonald","SF","TE",25,2,10,1.67,-0.103,1.473,1.3930003589375,57,0.1625,6,1.576,NA,62,54.3,7.45239344432495,NA,NA,NA
2553497,"Kyle Brindza","DET","K",22,0,9,1.6,0.16,1.44,1.13137084989848,32,0.9,4,1.28,NA,34,26.6,5.25627906116614,NA,5,NA
2550163,"Michael Campanaro","BAL","WR",24,1,9,1.57,0.734,1.806,0.947523086789974,119,0.0425,7,1.072,NA,119,112,6.15248455745111,NA,1.1,NA
2543721,"C.J. Fiedorowicz","HOU","TE",24,1,9,1.56,0.66,2.324,1.04919016388832,58,0.1175,6,1.664,NA,58,48.8,6.55085116163045,NA,NA,NA
2495558,"Dwayne Bowe","CLE","WR",31,8,11,1.555,0.479,2.631,1.90211724139181,120,0.34,7,2.152,NA,118,86.4,5.97024305627104,NA,NA,NA
2552631,"Javorius Allen","BAL","RB",24,0,9,1.55,0.76,2.04,1.13137084989848,90,0.0799999999999998,13,1.28,NA,88,68,5.33917812774615,NA,1.2,NA
497282,"Riley Cooper","PHI","WR",28,5,8,1.5,0.64,2.24,1.01488915650922,121,0.585,7,1.6,NA,110,97.9,5.63407631460168,NA,NA,NA
2495340,"Anthony Sherman","KC","RB",27,4,9,1.5,0.69,1.41,0.636396103067893,91,0.0699999999999998,13,0.72,NA,99,91.4,6.20606753466544,NA,NA,NA
2552586,"Tyler Kroft","CIN","TE",23,0,7,1.455,0.791,1.519,0.643467170879758,59,0.0349999999999999,6,0.728,NA,NA,NA,3.62952506878507,NA,NA,NA
2530763,"Patrick DiMarco","ATL","RB",26,4,10,1.44,0.684,1.356,0.5939696961967,92,0.0550000000000002,13,0.672,NA,97,82.4,5.62205921037177,NA,0.4,NA
2495234,"Luke Stocker","TB","TE",27,4,6,1.43,0.143,1.287,1.01116269709676,60,0.115,6,1.144,NA,60,42.6,5.9238078486619,NA,NA,NA
2495258,"Matt Asiata","MIN","RB",28,4,5,1.42,0.476,2.364,1.66877200360025,93,0.0774999999999997,13,1.888,NA,81,75.1,6.34233191214358,NA,1.5,NA
2507883,"Jeff Cumberland","NYJ","TE",28,5,5,1.41,0.504,2.08,1.10963958112533,61,0.338333333333333,6,1.576,NA,41,33.4,5.16585508993648,NA,1,NA
2553112,"Jason Myers","JAC","K",NA,NA,8,1.4,0.14,1.26,0.989949493661166,33,1.4,4,1.12,NA,32,29.5,5.57691294890182,NA,6,NA
2506147,"John Kuhn","GB","RB",33,9,7,1.35,0.53,1.57,0.919238815542512,94,0.0908333333333333,13,1.04,NA,94,72.4,5.37402592167031,NA,NA,NA
2539322,"Christine Michael","DAL","RB",25,2,6,1.335,0.323,2.347,1.78898015640197,95,0.173333333333333,13,2.024,NA,74,63.5,5.77786432400408,NA,NA,NA
2541768,"Tim Wright","TB","TE",25,2,6,1.22,0.356,2.084,1.52735064736294,62,0.383333333333333,6,1.728,NA,68,44.3,6.65894380244907,NA,NA,NA
2543596,"Dri Archer","PIT","RB",24,1,11,1.18333333333333,0.14,2.5,1.58928705189885,96,0.0983333333333336,13,2.36,NA,80,70,5.95171419640396,NA,NA,NA
2543551,"KaDeem Carey","CHI","RB",23,1,7,1.14,0.292,1.988,1.49906637611548,97,0.12,13,1.696,NA,NA,NA,4.76924136110908,NA,NA,NA
2543773,"James White","NE","RB",23,1,4,1.03,0.254,1.806,1.3717871555019,98,0.0266666666666666,13,1.552,NA,68,64.5,5.38860978311153,NA,3.4,NA
2552464,"Jalston Fowler","TEN","RB",NA,NA,4,1.01,0.101,0.909,0.714177848998413,99,0.0366666666666666,13,0.808,NA,104,97.5,6.65466748034926,NA,6.9,NA
497172,"Anthony Dixon","BUF","RB",28,5,8,0.996666666666667,0.54,1.572,0.694286204193439,100,0.0591666666666668,13,1.032,NA,94,73,5.16777435101357,NA,-0.1,NA
2540225,"Tommy Bohanon","NYJ","RB",25,2,5,0.95,0.0950000000000001,0.855,0.67175144212722,101,0.055,13,0.76,NA,100,93.3,6.35777391706539,NA,NA,NA
2495306,"Ricardo Lockette","SEA","WR",29,4,9,0.93,0.314,1.546,1.08894444302728,122,0.0875,7,1.232,NA,134,118.6,6.55286544984362,NA,2.3,NA
2535890,"Travaris Cadet","NE","RB",26,3,4,0.925,0.225,1.625,1.23743686707646,102,0.0875,13,1.4,NA,102,86.8,6.57788131020193,NA,NA,NA
2540203,"Levine Toilolo","ATL","TE",24,2,10,0.923333333333333,0.256,1.56,0.817700026497085,63,0.198333333333333,6,1.304,NA,61,47.5,6.17047098398136,NA,0.6,NA
2506287,"Lance Moore","DET","WR",32,10,9,0.9,0.14,1.74,1.01488915650922,123,0.1575,7,1.6,NA,107,95.9,5.55182934311687,NA,1,NA
2552375,"Cameron Artis-Payne","CAR","RB",23,0,5,0.865,0.277,1.453,1.03944696834422,103,0.0549999999999999,13,1.176,NA,114,72.4,5.50341900597116,NA,0.6,NA
2539315,"Stepfan Taylor","ARI","RB",24,2,9,0.81,0.258,1.362,0.975807358037436,104,0.02,13,1.104,NA,118,96.4,6.87049058991968,NA,0.6,NA
2540230,"Kyle Juszczyk","BAL","RB",24,2,9,0.81,0.0810000000000001,0.729,0.572756492761104,104,0.0750000000000001,13,0.648,NA,92,78.4,5.35996283583013,NA,1.1,NA
2552415,"Jamison Crowder","WAS","WR",22,0,8,0.785,0.293,1.277,0.869741340859454,124,0.143333333333333,7,0.984,NA,119,113.7,6.15146324564224,NA,4.5,NA
2543695,"Jay Prosch","HOU","RB",23,1,9,0.77,0.0770000000000001,0.693,0.544472221513642,106,0.15,13,0.616,NA,102,101.5,6.71125719158957,NA,2.4,NA
2540259,"MarQueis Gray","BUF","TE",25,2,8,0.75,0.0750000000000001,0.675,0.530330085889911,64,0.111666666666667,6,0.6,NA,NA,NA,3.37755098418079,NA,NA,NA
2540200,"Dion Sims","MIA","TE",24,2,5,0.7,0.7,0.7,NA,65,0.181666666666667,6,0,NA,58,47.5,8.3233729230923,NA,NA,NA
2543491,"Paul Richardson","SEA","WR",23,1,9,0.7,0.7,0.7,NA,125,0.158333333333333,7,0,NA,NA,NA,NA,NA,NA,NA
230,"Jerome Felton","BUF","RB",29,7,8,0.7,0.0700000000000001,0.63,0.494974746830583,107,0.18,13,0.56,NA,109,102.5,6.7177932614996,NA,NA,NA
2552652,"Chris Conley","KC","WR",23,0,9,0.583333333333333,0.18,0.94,0.485626742811116,126,0.116666666666667,7,0.76,NA,135,115,5.85463948504507,NA,1.6,NA
2552397,"Clive Walford","OAK","TE",24,0,6,0.576666666666667,0.164,0.94,0.496621921921831,66,0.186666666666667,6,0.776,NA,49,40.5,5.15278378370382,NA,NA,NA
2533545,"Bernard Pierce","JAC","RB",24,3,8,0.54,0.196,0.9,0.441361529814278,108,0.0424999999999999,13,0.704,NA,88,73.1,4.9015056247482,NA,0.4,NA
2495161,"Roy Helu","OAK","RB",27,4,6,0.5,0.1,0.9,0.707106781186548,109,0.0975,13,0.8,NA,105,75,5.3012056802158,NA,1.2,NA
2550256,"Willie Snead","NO","WR",23,1,11,0.5,0.1,0.9,0.707106781186548,127,0.0833333333333333,7,0.8,NA,107,82.9,4.73654911530969,NA,4.4,NA
2507779,"Donald Brown","SD","RB",28,6,10,0.495,0.251,0.739,0.431335136523794,110,0.1925,13,0.488,NA,NA,NA,2.47061127529412,NA,NA,NA
2534244,"Chase Ford","MIN","TE",25,3,5,0.46,0.188,0.732,0.480832611206852,67,0.26,6,0.544,NA,NA,NA,3.26731232216641,NA,NA,NA
2552418,"Justin Hardy","ATL","WR",24,0,10,0.433333333333333,0.1,0.74,0.404145188432738,128,0.163333333333333,7,0.64,NA,111,110,5.574716865287,NA,NA,NA
2552470,"Sammie Coates","PIT","WR",22,0,11,0.4,0.0800000000000001,0.72,0.565685424949238,129,0.265,7,0.64,NA,128,111.5,5.78371492104974,NA,NA,NA
2552401,"MyCole Pruitt","MIN","TE",23,0,5,0.32,0.0960000000000001,0.544,0.395979797464467,68,0.24,6,0.448,NA,NA,NA,3.0783317587132,NA,0,NA
2533033,"Robert Griffin","WAS","QB",25,3,8,0.312,0.0312,0.2808,0.220617315730203,35,0.052,9,0.2496,NA,NA,NA,3.76603705955257,NA,NA,NA
2540224,"Mike James","TB","RB",24,2,6,0.31,0.158,0.462,0.268700576850888,111,0.1025,13,0.304,NA,NA,NA,2.12048881189184,NA,NA,NA
2550263,"Juwan Thompson","DEN","RB",23,1,7,0.295,0.131,0.459,0.289913780286484,112,0.19,13,0.328,NA,111,96,6.10826264353073,NA,1.1,NA
2532888,"Case Keenum","STL","QB",27,3,6,0.262,0.0262,0.2358,0.185261976670875,36,0.00600000000000001,9,0.2096,NA,NA,NA,3.67584810375681,NA,NA,NA
79858,"Mark Sanchez","PHI","QB",29,6,8,0.258,0.0258,0.2322,0.182433549546129,37,0.00600000000000001,9,0.2064,NA,60,40.5,7.40950418753741,NA,NA,NA
2539228,"EJ Manuel","BUF","QB",25,2,8,0.254,0.0254,0.2286,0.179605122421383,38,0.024,9,0.2032,NA,NA,NA,3.66141787082949,NA,-0.2,NA
2495748,"Drew Stanton","ARI","QB",31,8,9,0.25,0.025,0.225,0.176776695296637,39,0.043,9,0.2,NA,NA,NA,3.65420275436583,NA,-0.3,NA
2539275,"Mike Glennon","TB","QB",26,2,6,0.21,0.021,0.189,0.148492424049175,40,0.00700000000000001,9,0.168,NA,NA,NA,3.58205158972922,NA,NA,NA
252,"Chad Henne","JAC","QB",30,7,8,0.204,0.0204,0.1836,0.144249783362056,41,0.00999999999999998,9,0.1632,NA,NA,NA,3.57122891503373,NA,NA,NA
2506562,"Matt Cassel","DAL","QB",33,10,6,0.202,0.0202,0.1818,0.142835569799683,42,0.024,9,0.1616,NA,NA,NA,3.5676213568019,NA,NA,NA
2504833,"Shaun Hill","MIN","QB",NA,NA,5,0.186,0.0186,0.1674,0.131521861300698,43,0.017,9,0.1488,NA,NA,NA,3.53876089094725,NA,NA,NA
2504531,"Michael Vick","PIT","QB",35,14,11,0.17,0.017,0.153,0.120208152801713,44,0.021,9,0.136,NA,NA,NA,3.50990042509261,NA,1.32,NA
2506895,"Kellen Clemens","SD","QB",32,9,10,0.168,0.0168,0.1512,0.11879393923934,45,0.046,9,0.1344,NA,NA,NA,3.50629286686078,NA,6.52,NA
2541388,"Brice Butler","DAL","WR",25,2,6,0.14,0.014,0.126,0.0989949493661166,130,0.03,7,0.112,NA,109,102.3,4.97979142679387,NA,NA,NA
2530700,"Dontrelle Inman","SD","WR",26,2,10,0.13,0.013,0.117,0.0919238815542512,131,0.045,7,0.104,NA,NA,NA,1.92943983644198,NA,NA,NA
2542065,"Matt McGloin","OAK","QB",26,2,6,0.13,0.013,0.117,0.0919238815542512,46,0.018,9,0.104,NA,58,45.5,7.95146838459443,NA,NA,NA
2553439,"Mike Davis","SF","RB",22,0,10,0.12,0.012,0.108,0.0848528137423857,113,0.035,13,0.096,NA,115,71.1,4.39812544169098,NA,1.1,NA
2505982,"Matt Schaub","BAL","QB",34,11,9,0.114,0.0114,0.1026,0.0806101730552664,47,0.00700000000000001,9,0.0912,NA,NA,NA,3.40888879460136,NA,NA,NA
2506546,"Derek Anderson","CAR","QB",32,10,5,0.11,0.011,0.099,0.0777817459305202,48,0.00599999999999999,9,0.088,NA,NA,NA,3.4016736781377,NA,NA,NA
2495425,"Scott Tolzien","GB","QB",28,4,7,0.104,0.0104,0.0936,0.0735391052434009,49,0.005,9,0.0832,NA,NA,NA,3.39085100344221,NA,NA,NA
2543605,"Zach Mettenberger","TEN","QB",24,1,4,0.104,0.0104,0.0936,0.0735391052434009,49,0.019,9,0.0832,NA,NA,NA,3.39085100344221,NA,NA,NA
81284,"Chase Daniel","KC","QB",29,6,9,0.094,0.00940000000000001,0.0846,0.0664680374315355,51,0.025,9,0.0752,NA,NA,NA,3.37281321228305,NA,NA,NA
2495192,"Greg Little","CIN","WR",26,4,7,0.09,0.00900000000000001,0.081,0.0636396103067893,132,0.015,7,0.072,NA,NA,NA,1.87785348184492,NA,NA,NA
2540011,"Chris Thompson","WAS","RB",25,2,8,0.09,0.00900000000000001,0.081,0.0636396103067893,114,0.015,13,0.072,NA,100,84.1,5.15289384572569,NA,14.6,NA
497246,"Michael Hoomanawanui","NE","TE",27,5,4,0.08,0.00800000000000001,0.072,0.0565685424949238,69,0.005,6,0.064,NA,NA,NA,2.32240950490035,NA,NA,NA
2539327,"Joseph Fauria","FA","TE",25,2,NA,0.08,0.00800000000000001,0.072,0.0565685424949238,69,0.015,6,0.064,NA,NA,NA,2.32240950490035,NA,NA,NA
2541785,"Adam Thielen","MIN","WR",25,1,5,0.08,0.08,0.08,NA,133,0.01,7,0,NA,NA,NA,NA,NA,1.6,NA
2552578,"Tyler Varga","IND","RB",22,0,10,0.08,0.00800000000000001,0.072,0.0565685424949238,115,0.015,13,0.064,NA,103,88.6,5.41445257627232,NA,0,NA
2495441,"Blaine Gabbert","SF","QB",26,4,10,0.076,0.00760000000000001,0.0684,0.0537401153701776,52,0.028,9,0.0608,NA,NA,NA,3.34034518819658,NA,NA,NA
2550268,"Charcandrick West","KC","RB",24,1,9,0.07,0.07,0.07,NA,116,0.01,13,0,NA,NA,NA,NA,NA,0,NA
2507182,"Matt Spaeth","PIT","TE",31,8,11,0.07,0.00700000000000001,0.063,0.0494974746830583,71,0.01,6,0.056,NA,65,61,6.5881470175755,NA,NA,NA
2535876,"Griff Whalen","IND","WR",25,3,10,0.07,0.07,0.07,NA,134,0.00499999999999999,7,0,NA,NA,NA,NA,NA,0,NA
2552654,"Geremy Davis","NYG","WR",23,0,11,0.07,0.00700000000000001,0.063,0.0494974746830583,134,0.01,7,0.056,NA,117,108,5.16905723525314,NA,NA,NA
2501078,"Matt Hasselbeck","IND","QB",40,17,10,0.062,0.00620000000000001,0.0558,0.043840620433566,53,0.035,9,0.0496,NA,NA,NA,3.31509228057377,NA,NA,NA
2553631,"Zach Zenner","DET","RB",NA,NA,9,0.06,0.06,0.06,NA,117,0.005,13,0,NA,116,93.6,9.76325356675952,NA,NA,NA
2539265,"Rex Burkhead","CIN","RB",25,2,7,0.06,0.00600000000000001,0.054,0.0424264068711929,118,0.02,13,0.048,NA,100,74.1,4.5319040199218,NA,NA,NA
79589,"David Johnson","SD","TE",28,6,10,0.06,0.00600000000000001,0.054,0.0424264068711929,72,0.005,6,0.048,NA,NA,NA,2.29091274432481,NA,0.2,NA
497250,"Anthony McCoy","WAS","TE",28,5,8,0.06,0.00600000000000001,0.054,0.0424264068711929,72,0.01,6,0.048,NA,NA,NA,2.29091274432481,NA,NA,NA
1037885,"Marc Mariani","CHI","WR",28,5,7,0.06,0.00600000000000001,0.054,0.0424264068711929,136,0,7,0.048,NA,123,119.5,5.63552902696613,NA,0,NA
2543750,"Jeff Janis","GB","WR",24,1,7,0.06,0.00600000000000001,0.054,0.0424264068711929,136,0.01,7,0.048,NA,106,86.8,4.29079104318957,NA,0,NA
2552608,"Stefon Diggs","MIN","WR",22,0,5,0.06,0.00600000000000001,0.054,0.0424264068711929,136,0.03,7,0.048,NA,NA,NA,1.83916371589712,NA,NA,NA
238457,"Zach Miller","CHI","TE",31,6,7,0.05,0.05,0.05,NA,74,0,6,0,NA,60,55.5,9.83226773046778,NA,2.1,NA
2533353,"Cory Harkey","STL","TE",25,3,6,0.05,0.005,0.045,0.0353553390593274,74,0,6,0.04,NA,NA,NA,2.27516436403704,NA,0,NA
2539289,"Kenjon Barner","PHI","RB",26,2,8,0.05,0.005,0.045,0.0353553390593274,119,0.02,13,0.04,NA,NA,NA,1.61813919048857,NA,NA,NA
2539645,"Brandon Williams","CAR","TE",28,3,5,0.05,0.05,0.05,NA,74,0,6,0,NA,NA,NA,NA,NA,NA,NA
2540232,"Jack Doyle","IND","TE",25,2,10,0.05,0.005,0.045,0.0353553390593274,74,0,6,0.04,NA,60,53,5.81795123359999,NA,3.2,NA
2543628,"Troy Niklas","ARI","TE",23,1,9,0.05,0.005,0.045,0.0353553390593274,74,0,6,0.04,NA,NA,NA,2.27516436403704,NA,NA,NA
2552402,"Nick Boyle","BAL","TE",22,0,9,0.05,0.005,0.045,0.0353553390593274,74,0.005,6,0.04,NA,NA,NA,2.27516436403704,NA,1.9,NA
2552633,"Jesse James","PIT","TE",21,0,11,0.05,0.005,0.045,0.0353553390593274,74,0.015,6,0.04,NA,NA,NA,2.27516436403704,NA,NA,NA
2541828,"Frankie Hammond","KC","WR",NA,NA,9,0.04,0.004,0.036,0.0282842712474619,140,0.03,7,0.032,NA,NA,NA,1.81337053859859,NA,NA,NA
2550355,"Nic Jacobs","JAC","TE",24,1,8,0.04,0.004,0.036,0.0282842712474619,81,0.01,6,0.032,NA,NA,NA,2.25941598374928,NA,NA,NA
2543801,"Jimmy Garoppolo","NE","QB",24,1,4,0.034,0.0034,0.0306,0.0240416305603426,54,0.016,9,0.0272,NA,NA,NA,3.26458646532814,NA,-0.2,NA
2536044,"Jamize Olawale","OAK","RB",26,3,6,0.03,0.003,0.027,0.0212132034355964,120,3.46944695195361e-18,13,0.024,NA,97,91.5,5.54986095488216,NA,NA,NA
2550481,"Orleans Darkwa","NYG","RB",23,1,11,0.03,0.003,0.027,0.0212132034355964,120,0.005,13,0.024,NA,NA,NA,1.58769375888837,NA,NA,NA
1992,"Craig Stevens","TEN","TE",31,7,4,0.03,0.003,0.027,0.0212132034355964,83,0,6,0.024,NA,NA,NA,2.24366760346151,NA,2.9,NA
2533028,"James Hanna","DAL","TE",26,3,6,0.03,0.003,0.027,0.0212132034355964,83,0.005,6,0.024,NA,NA,NA,2.24366760346151,NA,NA,NA
2536532,"Jorvorskie Lane","TB","RB",28,3,6,0.03,0.003,0.027,0.0212132034355964,122,0.01,13,0.024,NA,NA,NA,1.58769375888837,NA,NA,NA
2541187,"Demetrius Harris","KC","TE",24,2,9,0.03,0.003,0.027,0.0212132034355964,83,0.01,6,0.024,NA,NA,NA,2.24366760346151,NA,0,NA
79629,"Cedric Peerman","CIN","RB",29,6,7,0.02,0.002,0.018,0.014142135623731,123,0,13,0.016,NA,NA,NA,1.57247104308827,NA,NA,NA
2507405,"Matthew Mulligan","BUF","TE",30,7,8,0.02,0.002,0.018,0.014142135623731,86,0.005,6,0.016,NA,NA,NA,2.22791922317374,NA,NA,NA
2541944,"Russell Shepard","TB","WR",25,2,6,0.02,0.002,0.018,0.014142135623731,141,0.02,7,0.016,NA,NA,NA,1.78757736130006,NA,0,NA
2552477,"Aaron Ripkowski","GB","RB",NA,NA,7,0.02,0.002,0.018,0.014142135623731,123,0.005,13,0.016,NA,NA,NA,1.57247104308827,NA,NA,NA
2552636,"Michael Burton","DET","RB",23,0,9,0.02,0.002,0.018,0.014142135623731,123,0.015,13,0.016,NA,110,105.5,6.37966764992735,NA,NA,NA
2553446,"Malcolm Johnson","CLE","TE",23,0,11,0.02,0.002,0.018,0.014142135623731,86,0.01,6,0.016,NA,47,45.5,5.08703422221109,NA,NA,NA
2495863,"Tarvaris Jackson","SEA","QB",32,9,9,0.02,0.002,0.018,0.014142135623731,55,0.004,9,0.016,NA,NA,NA,3.23933355770533,NA,NA,NA
2533436,"Brock Osweiler","DEN","QB",25,3,7,0.016,0.0016,0.0144,0.0113137084989848,56,0.004,9,0.0128,NA,NA,NA,3.23211844124167,NA,NA,NA
2539961,"Ryan Nassib","NYG","QB",25,2,11,0.016,0.0016,0.0144,0.0113137084989848,56,0.008,9,0.0128,NA,NA,NA,3.23211844124167,NA,NA,NA
71435,"John Phillips","SD","TE",28,6,10,0.01,0.001,0.009,0.00707106781186548,88,0,6,0.008,NA,59,40.2,4.57933862712407,NA,3.5,NA
2508020,"Richie Brockel","CAR","TE",29,5,5,0.01,0.01,0.01,NA,88,0.005,6,0,NA,NA,NA,NA,NA,NA,NA
2527672,"Will Tukuafu","SEA","RB",31,5,9,0.01,0.01,0.01,NA,128,0.01,13,0,NA,NA,NA,NA,NA,NA,NA
2550284,"Trey Burton","PHI","TE",24,1,8,0.01,0.001,0.009,0.00707106781186548,88,0.01,6,0.008,NA,NA,NA,2.21217084288597,NA,NA,NA
2506481,"Dan Orlovsky","DET","QB",32,10,9,0.008,0.000800000000000001,0.0072,0.00565685424949238,59,0,9,0.0064,NA,37,34,6.32940391942973,NA,NA,NA
2507282,"Matt Moore","MIA","QB",31,8,5,0.008,0.000800000000000001,0.0072,0.00565685424949238,59,0.004,9,0.0064,NA,NA,NA,3.21768820831434,NA,NA,NA
2543497,"AJ McCarron","CIN","QB",25,1,7,0.008,0.000800000000000001,0.0072,0.00565685424949238,59,0.008,9,0.0064,NA,NA,NA,3.21768820831434,NA,NA,NA
184,"Donnie Avery","FA","WR",31,7,NA,0,0,0,NA,142,0,7,0,NA,NA,NA,NA,NA,NA,NA
216,"Fred Davis","FA","TE",29,7,NA,0,0,0,NA,91,0,6,0,NA,NA,NA,NA,NA,NA,NA
318,"Jerome Simpson","SF","WR",29,7,10,0,0,0,NA,142,0,7,0,NA,NA,NA,NA,NA,NA,NA
367,"Matt Flynn","FA","QB",30,7,NA,0,0,0,NA,62,0,9,0,NA,NA,NA,NA,NA,NA,NA
832,"Josh Morgan","FA","WR",30,7,NA,0,0,0,NA,142,0,7,0,NA,NA,NA,NA,NA,NA,NA
929,"BenJarvus Green-Ellis","FA","RB",30,7,NA,0,0,0,NA,129,0,0,0,NA,NA,NA,NA,NA,NA,NA
941,"Ray Rice","FA","RB",28,7,NA,0,0,0,NA,129,0,0,0,NA,NA,NA,NA,NA,NA,NA
1030,"Mario Manningham","FA","WR",29,7,NA,0,0,0,NA,142,0,7,0,NA,NA,NA,NA,NA,NA,NA
1032,"Jordy Nelson","GB","WR",30,7,7,0,0,0,NA,142,0,7,0,NA,NA,NA,NA,NA,NA,NA
1072,"Jermichael Finley","FA","TE",28,7,NA,0,0,0,NA,91,0,6,0,NA,NA,NA,NA,NA,NA,NA
1581,"DeSean Jackson","WAS","WR",29,7,8,0,0,0,NA,142,0,7,0,NA,NA,NA,NA,NA,NA,NA
1966,"John Carlson","FA","TE",31,7,NA,0,0,0,NA,91,0,6,0,NA,NA,NA,NA,NA,NA,NA
1980,"Peyton Hillis","FA","RB",29,7,NA,0,0,0,NA,129,0,0,0,NA,NA,NA,NA,NA,NA,NA
4231,"Jed Collins","FA","RB",29,7,NA,0,0,0,NA,129,0,0,0,NA,NA,NA,NA,NA,NA,NA
4381,"Garrett Hartley","PIT","K",29,7,11,0,0,0,NA,34,0,4,0,NA,NA,NA,NA,NA,NA,NA
4383,"Tim Hightower","NO","RB",29,7,11,0,0,0,0,129,0,13,0,NA,NA,NA,1.54202561148807,NA,NA,NA
4487,"Matthew Slater","NE","WR",30,7,4,0,0,0,NA,142,0,7,0,NA,NA,NA,NA,NA,NA,NA
71255,"Chase Coffman","FA","TE",29,6,NA,0,0,0,0,91,0,6,0,NA,57,44.8,5.00527169410064,NA,NA,NA
71431,"Brandon Pettigrew","DET","TE",30,6,9,0,0,0,NA,91,0,6,0,NA,NA,NA,NA,NA,NA,NA
79555,"Arian Foster","HOU","RB",29,6,9,0,0,0,NA,129,0,0,0,NA,NA,NA,NA,NA,NA,NA
79557,"Josh Freeman","FA","QB",27,6,NA,0,0,0,NA,62,0,9,0,NA,NA,NA,NA,NA,NA,NA
79563,"Shonn Greene","FA","RB",30,6,NA,0,0,0,NA,129,0,0,0,NA,NA,NA,NA,NA,NA,NA
79619,"Knowshon Moreno","FA","RB",28,6,NA,0,0,0,NA,129,0,0,0,NA,NA,NA,NA,NA,NA,NA
79625,"Bear Pascoe","FA","TE",29,6,NA,0,0,0,NA,91,0,6,0,NA,NA,NA,NA,NA,NA,NA
80672,"Hakeem Nicks","FA","WR",27,6,NA,0,0,0,NA,142,0,7,0,NA,NA,NA,NA,NA,NA,NA
80674,"Chris Ogbonnaya","FA","RB",29,6,NA,0,0,0,NA,129,0,0,0,NA,NA,NA,NA,NA,NA,NA
81288,"Brandon Gibson","NE","WR",28,6,4,0,0,0,NA,142,0,7,0,NA,NA,NA,NA,NA,NA,NA
81857,"Kevin Ogletree","FA","WR",28,6,NA,0,0,0,NA,142,0,7,0,NA,NA,NA,NA,NA,NA,NA
89798,"Antone Smith","FA","RB",30,6,NA,0,0,0,NA,129,0,0,0,NA,NA,NA,NA,NA,NA,NA
238445,"Frank Summers","FA","RB",30,6,NA,0,0,0,NA,129,0,0,0,NA,NA,NA,NA,NA,NA,NA
496812,"Erik Lorig","FA","RB",29,5,NA,0,0,0,NA,129,0,0,0,NA,NA,NA,NA,NA,NA,NA
497121,"Thad Lewis","PHI","QB",28,5,8,0,0,0,0,62,0,9,0,NA,NA,NA,3.20325797538702,NA,NA,NA
497123,"Colt McCoy","WAS","QB",29,5,8,0,0,0,0,62,0,9,0,NA,NA,NA,3.20325797538702,NA,NA,NA
497135,"Tim Tebow","FA","QB",28,5,NA,0,0,0,NA,62,0,9,0,NA,NA,NA,NA,NA,NA,NA
497174,"Jonathan Dwyer","FA","RB",26,5,NA,0,0,0,NA,129,0,0,0,NA,NA,NA,NA,NA,NA,NA
497192,"Joe McKnight","FA","RB",27,5,NA,0,0,0,NA,129,0,0,0,NA,NA,NA,NA,NA,NA,NA
497208,"Ben Tate","FA","RB",27,5,NA,0,0,0,NA,129,0,0,0,NA,NA,NA,NA,NA,NA,NA
497218,"Trindon Holliday","FA","WR",29,5,NA,0,0,0,NA,142,0,7,0,NA,NA,NA,NA,NA,NA,NA
497254,"Dennis Pitta","BAL","TE",30,5,9,0,0,0,NA,91,0,6,0,NA,NA,NA,NA,NA,NA,NA
497256,"Tony Moeaki","FA","TE",28,5,NA,0,0,0,NA,91,0,6,0,NA,NA,NA,NA,NA,NA,NA
497260,"Seyi Ajirotutu","PHI","WR",28,5,8,0,0,0,0,142,0,7,0,NA,NA,NA,1.76178418400153,NA,NA,NA
497278,"Dez Bryant","DAL","WR",27,5,6,0,0,0,NA,142,0,7,0,NA,NA,NA,NA,NA,NA,NA
497286,"Marcus Easley","BUF","WR",28,5,8,0,0,0,0,142,0,7,0,NA,NA,NA,1.76178418400153,NA,NA,NA
497288,"Jacoby Ford","FA","WR",28,5,NA,0,0,0,NA,142,0,7,0,NA,NA,NA,NA,NA,NA,NA
497302,"Brandon LaFell","NE","WR",29,5,4,0,0,0,NA,142,0,7,0,NA,NA,NA,NA,NA,NA,NA
497312,"Preston Parker","FA","WR",28,5,NA,0,0,0,0,142,0,7,0,NA,NA,NA,1.76178418400153,NA,NA,NA
1037347,"Joe Webb","CAR","QB",29,5,5,0,0,0,0,62,0,9,0,NA,NA,NA,3.20325797538702,NA,NA,NA
1037366,"Michael Palmer","FA","TE",27,5,NA,0,0,0,NA,91,0,6,0,NA,NA,NA,NA,NA,NA,NA
1037847,"Deji Karim","FA","RB",29,5,NA,0,0,0,NA,129,0,0,0,NA,NA,NA,NA,NA,NA,NA
2495162,"Alex Henery","FA","K",28,4,NA,0,0,0,NA,34,0,4,0,NA,NA,NA,NA,NA,NA,NA
2495172,"Kendall Hunter","FA","RB",27,4,NA,0,0,0,NA,129,0,0,0,NA,NA,NA,NA,NA,NA,NA
2495179,"Jerrel Jernigan","FA","WR",26,4,NA,0,0,0,NA,142,0,7,0,NA,NA,NA,NA,NA,NA,NA
2495194,"Jake Locker","FA","QB",27,4,NA,0,0,0,NA,62,0,9,0,NA,NA,NA,NA,NA,NA,NA
2495211,"Niles Paul","WAS","TE",26,4,8,0,0,0,NA,91,0,6,0,NA,NA,NA,NA,NA,NA,NA
2495212,"Austin Pettis","FA","WR",27,4,NA,0,0,0,NA,142,0,7,0,NA,NA,NA,NA,NA,NA,NA
2495215,"Christian Ponder","FA","QB",27,4,NA,0,0,0,NA,62,0,9,0,NA,NA,NA,NA,NA,NA,NA
2495223,"Greg Salas","FA","WR",27,4,NA,0,0,0,NA,142,0,7,0,NA,NA,NA,NA,NA,NA,NA
2495241,"Daniel Thomas","FA","RB",28,4,NA,0,0,0,NA,129,0,0,0,NA,NA,NA,NA,NA,NA,NA
2495315,"Denarius Moore","FA","WR",27,4,NA,0,0,0,NA,142,0,7,0,NA,NA,NA,NA,NA,NA,NA
2495331,"Aldrick Robinson","FA","WR",27,4,NA,0,0,0,NA,142,0,7,0,NA,NA,NA,NA,NA,NA,NA
2495338,"Dane Sanzenbacher","FA","WR",27,4,NA,0,0,0,NA,142,0,7,0,NA,NA,NA,NA,NA,NA,NA
2495449,"Tandon Doss","FA","WR",26,4,NA,0,0,0,NA,142,0,7,0,NA,NA,NA,NA,NA,NA,NA
2495468,"Mikel Leshoure","FA","RB",25,4,NA,0,0,0,NA,129,0,0,0,NA,NA,NA,NA,NA,NA,NA
2495470,"Stevan Ridley","NYJ","RB",26,4,5,0,0,0,NA,129,0,0,0,NA,NA,NA,NA,NA,NA,NA
2495472,"Jordan Todman","PIT","RB",25,4,11,0,0,0,0,129,0,13,0,NA,NA,NA,1.54202561148807,NA,NA,NA
2495560,"Ahmad Bradshaw","FA","RB",29,8,NA,0,0,0,NA,129,0,0,0,NA,NA,NA,NA,NA,NA,NA
2495651,"Jacoby Jones","SD","WR",31,8,10,0,0,0,NA,142,0,7,0,NA,NA,NA,NA,NA,NA,NA
2495660,"Brian Leonard","FA","RB",31,8,NA,0,0,0,NA,129,0,0,0,NA,NA,NA,NA,NA,NA,NA
2495676,"Robert Meachem","FA","WR",31,8,NA,0,0,0,NA,142,0,7,0,NA,NA,NA,NA,NA,NA,NA
2495724,"Dante Rosario","FA","TE",31,8,NA,0,0,0,NA,91,0,6,0,NA,NA,NA,NA,NA,NA,NA
2495824,"Jay Cutler","CHI","QB",32,9,7,0,0,0,NA,62,0,9,0,NA,NA,NA,NA,NA,NA,NA
2495838,"Bruce Gradkowski","PIT","QB",32,9,11,0,0,0,NA,62,0,9,0,NA,NA,NA,NA,NA,NA,NA
2495843,"Derek Hagan","FA","WR",31,9,NA,0,0,0,NA,142,0,7,0,NA,NA,NA,NA,NA,NA,NA
2495974,"Charlie Whitehurst","TEN","QB",33,9,4,0,0,0,0,62,0,9,0,NA,NA,NA,3.20325797538702,NA,NA,NA
2499248,"Kris Durham","FA","WR",27,4,NA,0,0,0,NA,142,0,7,0,NA,NA,NA,NA,NA,NA,NA
2499255,"Richard Gordon","FA","TE",28,4,NA,0,0,0,NA,91,0,6,0,NA,NA,NA,NA,NA,NA,NA
2499277,"David Ausberry","DET","TE",28,4,9,0,0,0,NA,91,0,6,0,NA,NA,NA,NA,NA,NA,NA
2504162,"Shayne Graham","FA","K",NA,NA,NA,0,0,0,NA,34,0,4,0,NA,NA,NA,NA,NA,NA,NA
2504343,"Jay Feely","FA","K",39,16,NA,0,0,0,NA,34,0,4,0,NA,NA,NA,NA,NA,NA,NA
2504743,"Santana Moss","FA","WR",36,14,NA,0,0,0,NA,142,0,7,0,NA,NA,NA,NA,NA,NA,NA
2504775,"Drew Brees","NO","QB",36,14,11,0,0,0,NA,62,0,9,0,NA,NA,NA,NA,NA,NA,NA
2504941,"Billy Cundiff","FA","K",35,13,NA,0,0,0,NA,34,0,4,0,NA,NA,NA,NA,NA,NA,NA
2505299,"Antonio Gates","SD","TE",35,12,10,0,0,0,NA,91,0,6,0,NA,NA,NA,NA,NA,NA,NA
2505310,"Kassim Osgood","FA","WR",35,12,NA,0,0,0,NA,142,0,7,0,NA,NA,NA,NA,NA,NA,NA
2505354,"Tony Romo","DAL","QB",35,12,6,0,0,0,NA,62,0,9,0,NA,NA,NA,NA,NA,NA,NA
2505936,"Steven Jackson","FA","RB",32,11,NA,0,0,0,NA,129,0,0,0,NA,NA,NA,NA,NA,NA,NA
2506004,"Jerricho Cotchery","CAR","WR",33,11,5,0,0,0,NA,142,0,7,0,NA,110,80.8,6.2489365415732,NA,NA,NA
2506149,"Shaun Suisham","PIT","K",NA,NA,11,0,0,0,NA,34,0,4,0,NA,NA,NA,NA,NA,NA,NA
2506194,"Nick Novak","FA","K",NA,NA,NA,0,0,0,NA,34,0,4,0,NA,31,29.5,9.35249786116441,NA,NA,NA
2506222,"Josh Cribbs","FA","WR",32,10,NA,0,0,0,NA,142,0,7,0,NA,NA,NA,NA,NA,NA,NA
2506341,"Ronnie Brown","FA","RB",34,10,NA,0,0,0,NA,129,0,0,0,NA,NA,NA,NA,NA,NA,NA
2506364,"Jason Campbell","FA","QB",34,10,NA,0,0,0,NA,62,0,9,0,NA,NA,NA,NA,NA,NA,NA
2506410,"Alex Smith","NO","TE",33,10,11,0,0,0,NA,91,0,6,0,NA,NA,NA,NA,NA,NA,NA
2506444,"Kyle Orton","FA","QB",33,10,NA,0,0,0,NA,62,0,9,0,NA,NA,NA,NA,NA,NA,NA
2506885,"Santonio Holmes","FA","WR",31,9,NA,0,0,0,NA,142,0,7,0,NA,NA,NA,NA,NA,NA,NA
2506897,"Devin Hester","ATL","WR",33,9,10,0,0,0,NA,142,0,7,0,NA,NA,NA,NA,NA,NA,NA
2507029,"Eric Weems","ATL","WR",30,8,10,0,0,0,NA,142,0,7,0,NA,NA,NA,NA,NA,0,NA
2507141,"Pierre Thomas","FA","RB",31,8,NA,0,0,0,NA,129,0,0,0,NA,NA,NA,NA,NA,NA,NA
2507170,"Zach Miller","FA","TE",30,8,NA,0,0,0,NA,91,0,6,0,NA,60,55.5,9.83226773046778,NA,NA,NA
2507192,"Michael Bush","FA","RB",31,8,NA,0,0,0,NA,129,0,0,0,NA,NA,NA,NA,NA,NA,NA
2507237,"Jordan Palmer","FA","QB",31,8,NA,0,0,0,NA,62,0,9,0,NA,NA,NA,NA,NA,NA,NA
2507278,"Jackie Battle","FA","RB",32,8,NA,0,0,0,NA,129,0,0,0,NA,NA,NA,NA,NA,NA,NA
2507463,"Connor Barth","FA","K",29,7,NA,0,0,0,NA,34,0,4,0,NA,NA,NA,NA,NA,NA,NA
2507585,"Will Taufoou","FA","RB",29,3,NA,0,0,0,NA,129,0,0,0,NA,NA,NA,NA,NA,NA,NA
2507596,"Marcus Thigpen","BUF","RB",29,6,8,0,0,0,0,129,0,13,0,NA,NA,NA,1.54202561148807,NA,0,NA
2507828,"Logan Paulsen","WAS","TE",28,5,8,0,0,0,NA,91,0,6,0,NA,NA,NA,NA,NA,NA,NA
2507855,"Victor Cruz","NYG","WR",29,5,11,0,0,0,NA,142,0,7,0,NA,NA,NA,NA,NA,NA,NA
2507884,"David Nelson","PIT","WR",29,5,11,0,0,0,NA,142,0,7,0,NA,NA,NA,NA,NA,NA,NA
2507897,"Alfonso Smith","FA","RB",28,5,NA,0,0,0,NA,129,0,0,0,NA,NA,NA,NA,NA,NA,NA
2507902,"Marlon Moore","CLE","WR",28,5,11,0,0,0,0,142,0,7,0,NA,NA,NA,1.76178418400153,NA,1.5,NA
2508051,"John Conner","FA","RB",28,5,NA,0,0,0,NA,129,0,0,0,NA,NA,NA,NA,NA,NA,NA
2508101,"James Develin","NE","RB",27,5,4,0,0,0,NA,129,0,0,0,NA,NA,NA,NA,NA,NA,NA
2508115,"Vincent Brown","FA","WR",26,4,NA,0,0,0,NA,142,0,7,0,NA,NA,NA,NA,NA,NA,NA
2508123,"T.J. Yates","FA","QB",28,4,NA,0,0,0,NA,62,0,9,0,NA,NA,NA,NA,NA,NA,NA
2528181,"Bryan Walters","JAC","WR",28,5,8,0,0,0,NA,142,0,7,0,NA,117,114.7,9.03710887490808,NA,2.8,NA
2530516,"Robert Hughes","FA","RB",26,4,NA,0,0,0,NA,129,0,13,0,NA,NA,NA,NA,NA,NA,NA
2530575,"Drew Davis","FA","WR",26,3,NA,0,0,0,NA,142,0,7,0,NA,NA,NA,NA,NA,NA,NA
2530598,"Jeremy Ross","FA","WR",27,4,NA,0,0,0,NA,142,0,7,0,NA,NA,NA,NA,NA,NA,NA
2530690,"DuJuan Harris","FA","RB",27,4,NA,0,0,0,NA,129,0,13,0,NA,NA,NA,NA,NA,NA,NA
2530699,"Henry Hynoski","FA","RB",27,4,NA,0,0,0,NA,129,0,13,0,NA,NA,NA,NA,NA,NA,NA
2530713,"Jeff Maehl","FA","WR",26,4,NA,0,0,0,NA,142,0,7,0,NA,NA,NA,NA,NA,NA,NA
2530720,"Joseph Morgan","NO","WR",27,4,11,0,0,0,NA,142,0,7,0,NA,131,128.5,10.1721170813984,NA,NA,NA
2530990,"Phillip Tanner","FA","RB",27,4,NA,0,0,0,NA,129,0,13,0,NA,NA,NA,NA,NA,NA,NA
2531218,"Chase Reynolds","STL","RB",28,3,6,0,0,0,NA,129,0,13,0,NA,NA,NA,NA,NA,NA,NA
2531332,"Terrelle Pryor","FA","WR",26,4,NA,0,0,0,0,142,0,7,0,NA,NA,NA,1.76178418400153,NA,NA,NA
2532799,"Jarrett Boykin","FA","WR",26,3,NA,0,0,0,NA,142,0,7,0,NA,NA,NA,NA,NA,NA,NA
2532807,"Ryan Broyles","FA","WR",27,3,NA,0,0,0,NA,142,0,7,0,NA,NA,NA,NA,NA,NA,NA
2532823,"Juron Criner","FA","WR",26,3,NA,0,0,0,NA,142,0,7,0,NA,NA,NA,NA,NA,NA,NA
2532850,"T.J. Graham","FA","WR",26,3,NA,0,0,0,NA,142,0,7,0,NA,NA,NA,NA,NA,NA,NA
2532851,"Cyrus Gray","FA","RB",26,3,NA,0,0,0,NA,129,0,13,0,NA,NA,NA,NA,NA,NA,NA
2532862,"Junior Hemingway","FA","WR",27,3,NA,0,0,0,NA,142,0,7,0,NA,NA,NA,NA,NA,NA,NA
2532864,"Dan Herron","FA","RB",26,3,NA,0,0,0,NA,129,0,13,0,NA,NA,NA,NA,NA,NA,NA
2532876,"A.J. Jenkins","FA","WR",25,3,NA,0,0,0,NA,142,0,7,0,NA,NA,NA,NA,NA,NA,NA
2532894,"Ryan Lindley","FA","QB",26,3,NA,0,0,0,NA,62,0,9,0,NA,NA,NA,NA,NA,NA,NA
2532900,"Keshawn Martin","NE","WR",25,3,4,0,0,0,0,142,0,7,0,NA,NA,NA,1.76178418400153,NA,9.3,NA
2532917,"Kellen Moore","DAL","QB",26,3,6,0,0,0,NA,62,0,9,0,NA,NA,NA,NA,NA,NA,NA
2532923,"Chris Owusu","NYJ","WR",25,3,5,0,0,0,NA,142,0,7,0,NA,102,79.6,6.15024017579143,NA,NA,NA
2532926,"Isaiah Pead","STL","RB",26,3,6,0,0,0,0,129,0,13,0,NA,104,88.4,5.34159859802985,NA,NA,NA
2532930,"DeVier Posey","FA","WR",25,3,NA,0,0,0,NA,142,0,7,0,NA,NA,NA,NA,NA,NA,NA
2533012,"Vick Ballard","FA","RB",25,3,NA,0,0,0,NA,129,0,13,0,NA,NA,NA,NA,NA,NA,NA
2533030,"Jonas Gray","MIA","RB",25,3,5,0,0,0,0,129,0,13,0,NA,113,74,4.48025431500047,NA,4.9,NA
2533032,"Trent Richardson","FA","RB",24,3,NA,0,0,0,NA,129,0,13,0,NA,NA,NA,NA,NA,NA,NA
2533036,"LaMichael James","FA","RB",26,3,NA,0,0,0,0,129,0,13,0,NA,NA,NA,1.54202561148807,NA,NA,NA
2533038,"Justin Blackmon","JAC","WR",25,3,8,0,0,0,NA,142,0,7,0,NA,NA,NA,NA,NA,NA,NA
2533039,"Alshon Jeffery","CHI","WR",25,3,7,0,0,0,NA,142,0,7,0,NA,NA,NA,NA,NA,NA,NA
2533046,"Dwayne Allen","IND","TE",25,3,10,0,0,0,NA,91,0,6,0,NA,28,19.6,3.06110228237031,NA,NA,NA
2533047,"Orson Charles","FA","TE",24,3,NA,0,0,0,NA,91,0,6,0,NA,NA,NA,NA,NA,NA,NA
2533349,"Austin Davis","CLE","QB",26,3,11,0,0,0,0,62,0,9,0,NA,NA,NA,3.20325797538702,NA,NA,NA
2533460,"Robert Turbin","CLE","RB",26,3,11,0,0,0,NA,129,0,13,0,NA,NA,NA,NA,NA,NA,NA
2533537,"Stephen Hill","FA","WR",24,3,NA,0,0,0,NA,142,0,7,0,NA,NA,NA,NA,NA,NA,NA
2533540,"Edwin Baker","FA","RB",24,3,NA,0,0,0,NA,129,0,13,0,NA,NA,NA,NA,NA,NA,NA
2534752,"Adrien Robinson","FA","TE",27,3,NA,0,0,0,NA,91,0,6,0,NA,NA,NA,NA,NA,NA,NA
2534789,"Daryl Richardson","FA","RB",25,3,NA,0,0,0,NA,129,0,13,0,NA,NA,NA,NA,NA,NA,NA
2534796,"Bryce Brown","FA","RB",24,3,NA,0,0,0,0,129,0,13,0,NA,NA,NA,1.54202561148807,NA,NA,NA
2534889,"Matt Simms","FA","QB",27,3,NA,0,0,0,NA,62,0,9,0,NA,NA,NA,NA,NA,NA,NA
2535535,"Phillip Supernaw","TEN","TE",25,3,4,0,0,0,NA,91,0,6,0,NA,NA,NA,NA,NA,NA,NA
2535696,"Joe Banyard","FA","RB",27,3,NA,0,0,0,NA,129,0,13,0,NA,NA,NA,NA,NA,NA,NA
2535882,"Mike Brown","FA","WR",26,3,NA,0,0,0,NA,142,0,7,0,NA,NA,NA,NA,NA,NA,NA
2535966,"Brenton Bersin","CAR","WR",25,2,5,0,0,0,NA,142,0,7,0,NA,NA,NA,NA,NA,1.3,NA
2536031,"Damaris Johnson","FA","WR",26,3,NA,0,0,0,NA,142,0,7,0,NA,NA,NA,NA,NA,NA,NA
2536056,"Jeremy Stewart","FA","RB",26,3,NA,0,0,0,NA,129,0,13,0,NA,NA,NA,NA,NA,NA,NA
2536071,"Cooper Helfet","SEA","TE",26,4,9,0,0,0,0,91,0,6,0,NA,NA,NA,2.19642246259821,NA,0,NA
2536342,"Brandon Bostick","FA","TE",26,3,NA,0,0,0,NA,91,0,6,0,NA,NA,NA,NA,NA,NA,NA
2537931,"Josh Gordon","CLE","WR",24,3,11,0,0,0,NA,142,0,7,0,NA,NA,NA,NA,NA,NA,NA
2539217,"Andre Ellington","ARI","RB",26,2,9,0,0,0,NA,129,0,13,0,NA,75,62.9,6.09057724884256,NA,NA,NA
2539235,"Tavarres King","FA","WR",25,2,NA,0,0,0,NA,142,0,7,0,NA,NA,NA,NA,NA,NA,NA
2539246,"Chris Harper","NYG","WR",26,2,11,0,0,0,NA,142,0,7,0,NA,NA,NA,NA,NA,NA,NA
2539287,"Landry Jones","PIT","QB",26,2,11,0,0,0,0,62,0,9,0,NA,NA,NA,3.20325797538702,NA,NA,NA
2539308,"Matt Barkley","ARI","QB",25,2,9,0,0,0,0,62,0,9,0,NA,NA,NA,3.20325797538702,NA,NA,NA
2539335,"Geno Smith","NYJ","QB",25,2,5,0,0,0,NA,62,0,9,0,NA,NA,NA,NA,NA,NA,NA
2539341,"Montee Ball","FA","RB",25,2,NA,0,0,0,NA,129,0,13,0,NA,NA,NA,NA,NA,NA,NA
2539637,"Caleb Sturgis","FA","K",26,2,NA,0,0,0,NA,34,0,4,0,NA,NA,NA,NA,NA,NA,NA
2539663,"Mike Gillislee","FA","RB",25,2,NA,0,0,0,NA,129,0,13,0,NA,NA,NA,NA,NA,NA,NA
2539964,"Marquise Goodwin","BUF","WR",25,2,8,0,0,0,NA,142,0,7,0,NA,NA,NA,NA,NA,NA,NA
2540179,"DaRick Rogers","FA","WR",24,2,NA,0,0,0,NA,142,0,7,0,NA,NA,NA,NA,NA,NA,NA
2540181,"Josh Boyce","NE","WR",24,2,4,0,0,0,NA,142,0,7,0,NA,NA,NA,NA,NA,NA,NA
2540233,"Nick Kasa","FA","TE",25,2,NA,0,0,0,NA,91,0,6,0,NA,NA,NA,NA,NA,NA,NA
2540267,"Ace Sanders","FA","WR",24,2,NA,0,0,0,NA,142,0,7,0,NA,NA,NA,NA,NA,NA,NA
2541096,"Ifeanyi Momah","ARI","TE",26,2,9,0,0,0,NA,91,0,6,0,NA,NA,NA,NA,NA,NA,NA
2541185,"Ryan Griffin","TB","QB",26,2,6,0,0,0,NA,62,0,9,0,NA,NA,NA,NA,NA,NA,NA
2541314,"Justin Brown","FA","WR",24,2,NA,0,0,0,NA,142,0,7,0,NA,NA,NA,NA,NA,NA,NA
2541316,"Ryan Griffin","HOU","TE",25,2,9,0,0,0,NA,91,0,6,0,NA,NA,NA,NA,NA,NA,NA
2541390,"Kevin Dorsey","NE","WR",25,2,4,0,0,0,NA,142,0,7,0,NA,NA,NA,NA,NA,NA,NA
2541429,"B.J. Daniels","SEA","QB",26,2,9,0,0,0,NA,62,0,9,0,NA,NA,NA,NA,NA,NA,NA
2541429,"B.J. Daniels","SEA","WR",26,2,9,0,0,0,NA,142,0,7,0,NA,NA,NA,NA,NA,NA,NA
2541432,"Michael Cox","FA","RB",26,2,NA,0,0,0,NA,129,0,13,0,NA,NA,NA,NA,NA,NA,NA
2541512,"Brian Leonhardt","OAK","TE",25,2,6,0,0,0,NA,91,0,6,0,NA,NA,NA,NA,NA,NA,NA
2543471,"Kelvin Benjamin","CAR","WR",24,1,5,0,0,0,NA,142,0,7,0,NA,NA,NA,NA,NA,NA,NA
2543481,"Jace Amaro","NYJ","TE",23,1,5,0,0,0,NA,91,0,6,0,NA,NA,NA,NA,NA,NA,NA
2543533,"Patrick Murray","TB","K",24,1,6,0,0,0,NA,34,0,4,0,NA,NA,NA,NA,NA,NA,NA
2543559,"Lache Seastrunk","FA","RB",24,1,NA,0,0,0,NA,129,0,13,0,NA,NA,NA,NA,NA,NA,NA
2543570,"Storm Johnson","FA","RB",23,1,NA,0,0,0,NA,129,0,13,0,NA,NA,NA,NA,NA,NA,NA
2543572,"Martavis Bryant","PIT","WR",24,1,11,0,0,0,NA,142,0,7,0,NA,NA,NA,NA,NA,NA,NA
2543587,"Aaron Murray","KC","QB",25,1,9,0,0,0,0,62,0,9,0,NA,NA,NA,3.20325797538702,NA,NA,NA
2543619,"Walt Powell","FA","WR",24,1,NA,0,0,0,NA,142,0,7,0,NA,NA,NA,NA,NA,NA,NA
2543640,"Tom Savage","HOU","QB",25,1,9,0,0,0,NA,62,0,9,0,NA,NA,NA,NA,NA,NA,NA
2543655,"Tyler Gaffney","NE","RB",24,1,4,0,0,0,NA,129,0,13,0,NA,NA,NA,NA,NA,NA,NA
2543683,"Austin Seferian-Jenkins","TB","TE",23,1,6,0,0,0,NA,91,0,6,0,NA,NA,NA,NA,NA,NA,NA
2543689,"Kevin Norwood","CAR","WR",26,1,5,0,0,0,0,142,0,7,0,NA,115,105.5,5.0211104606247,NA,NA,NA
2543690,"Marion Grice","FA","RB",23,1,NA,0,0,0,NA,129,0,13,0,NA,NA,NA,NA,NA,NA,NA
2543745,"Jalen Saunders","FA","WR",23,1,NA,0,0,0,NA,142,0,7,0,NA,NA,NA,NA,NA,NA,NA
2543751,"David Fales","CHI","QB",25,1,7,0,0,0,NA,62,0,9,0,NA,NA,NA,NA,NA,NA,NA
2543767,"Logan Thomas","FA","QB",24,1,NA,0,0,0,0,62,0,9,0,NA,NA,NA,3.20325797538702,NA,NA,NA
2543774,"Jared Abbrederis","FA","WR",25,1,NA,0,0,0,NA,142,0,7,0,NA,NA,NA,NA,NA,NA,NA
2543777,"Robert Herron","FA","WR",23,1,NA,0,0,0,NA,142,0,7,0,NA,NA,NA,NA,NA,NA,NA
2543792,"Matt Hazel","MIA","WR",23,1,5,0,0,0,0,142,0,7,0,NA,NA,NA,1.76178418400153,NA,NA,NA
2543836,"T.J. Jones","DET","WR",23,1,9,0,0,0,0,142,0,7,0,NA,NA,NA,1.76178418400153,NA,0,NA
2550158,"Nate Freese","FA","K",25,1,NA,0,0,0,NA,34,0,4,0,NA,NA,NA,NA,NA,NA,NA
2550182,"Isaiah Burse","DEN","WR",24,1,7,0,0,0,NA,142,0,7,0,NA,NA,NA,NA,NA,NA,NA
2550183,"Jeremy Butler","BAL","WR",24,1,9,0,0,0,NA,142,0,7,0,NA,NA,NA,NA,NA,NA,NA
2550198,"Bennie Fowler","DEN","WR",24,1,7,0,0,0,0,142,0,7,0,NA,NA,NA,1.76178418400153,NA,5,NA
2550233,"Rajion Neal","FA","RB",23,1,NA,0,0,0,NA,129,0,13,0,NA,NA,NA,NA,NA,NA,NA
2550252,"Connor Shaw","CLE","QB",24,1,11,0,0,0,NA,62,0,9,0,NA,NA,NA,NA,NA,NA,NA
2550310,"Carey Spear","FA","K",23,1,NA,0,0,0,NA,34,0,4,0,NA,NA,NA,NA,NA,NA,NA
2550356,"Marcel Jensen","FA","TE",25,1,NA,0,0,0,NA,91,0,6,0,NA,NA,NA,NA,NA,NA,NA
2550359,"Seantavius Jones","NO","WR",23,1,11,0,0,0,NA,142,0,7,0,NA,NA,NA,NA,NA,NA,NA
2550376,"Stephen Morris","FA","QB",23,1,NA,0,0,0,NA,62,0,9,0,NA,NA,NA,NA,NA,NA,NA
2550407,"Zurlon Tipton","IND","RB",25,1,10,0,0,0,NA,129,0,13,0,NA,NA,NA,NA,NA,NA,NA
2550410,"Dustin Vaughan","DAL","QB",24,1,6,0,0,0,NA,62,0,9,0,NA,NA,NA,NA,NA,NA,NA
2550485,"Gator Hoskins","FA","TE",24,1,NA,0,0,0,NA,91,0,6,0,NA,NA,NA,NA,NA,NA,NA
2550500,"Solomon Patton","DEN","WR",25,1,7,0,0,0,NA,142,0,7,0,NA,NA,NA,NA,NA,NA,NA
2550529,"Silas Redd","WAS","RB",23,1,8,0,0,0,NA,129,0,13,0,NA,NA,NA,NA,NA,NA,NA
2550545,"Chris Boswell","FA","K",26,1,NA,0,0,0,NA,34,NA,4,0,NA,NA,NA,NA,NA,NA,NA
2550596,"Darrin Reaves","CAR","RB",22,1,5,0,0,0,NA,129,0,13,0,NA,NA,NA,NA,NA,NA,NA
2550608,"RaShaun Allen","SEA","TE",25,1,9,0,0,0,NA,91,0,6,0,NA,NA,NA,NA,NA,NA,NA
2550738,"Fitzgerald Toussaint","BAL","RB",25,1,9,0,0,0,0,129,0,13,0,NA,NA,NA,1.54202561148807,NA,NA,NA
2551247,"Josh Harris","PIT","RB",24,1,11,0,0,0,NA,129,0,13,0,NA,NA,NA,NA,NA,NA,NA
2551359,"Jerome Cunningham","NYG","TE",24,1,11,0,0,0,0,91,0,6,0,NA,NA,NA,2.19642246259821,NA,NA,NA
2552369,"Bryce Petty","NYJ","QB",24,0,5,0,0,0,0,62,0,9,0,NA,NA,NA,3.20325797538702,NA,NA,NA
2552371,"Garrett Grayson","NO","QB",24,0,11,0,0,0,0,62,0,9,0,NA,NA,NA,3.20325797538702,NA,NA,NA
2552376,"David Cobb","TEN","RB",22,0,4,0,0,0,NA,129,0,13,0,NA,NA,NA,NA,NA,NA,NA
2552382,"Malcolm Brown","STL","RB",22,0,6,0,0,0,NA,129,0,13,0,NA,NA,NA,NA,NA,NA,NA
2552383,"Terrence Magee","BAL","RB",22,0,9,0,0,0,NA,129,0,13,0,NA,NA,NA,NA,NA,NA,NA
2552396,"Ben Koyack","JAC","TE",22,0,8,0,0,0,NA,91,0,6,0,NA,NA,NA,NA,NA,NA,NA
2552399,"Jeff Heuerman","DEN","TE",23,0,7,0,0,0,NA,91,0,6,0,NA,NA,NA,NA,NA,NA,NA
2552403,"Nick OLeary","BUF","TE",23,0,8,0,0,0,0,91,0,6,0,NA,NA,NA,2.19642246259821,NA,NA,NA
2552408,"Darren Waller","BAL","WR",23,0,9,0,0,0,NA,142,0,7,0,NA,128,118,9.30852388080793,NA,NA,NA
2552411,"Dezmin Lewis","BUF","WR",23,0,8,0,0,0,NA,142,0,7,0,NA,NA,NA,NA,NA,NA,NA
2552420,"Keith Mumphery","HOU","WR",23,0,9,0,0,0,0,142,0,7,0,NA,114,110,5.20616614646551,NA,NA,NA
2552421,"Kenny Bell","TB","WR",23,0,6,0,0,0,NA,142,0,7,0,NA,NA,NA,NA,NA,NA,NA
2552425,"Rashad Greene","JAC","WR",23,0,8,0,0,0,NA,142,0,7,0,NA,NA,NA,NA,NA,NA,NA
2552427,"Tony Lippett","MIA","WR",23,0,5,0,0,0,0,142,0,7,0,NA,NA,NA,1.76178418400153,NA,NA,NA
2552428,"Tre McBride","TEN","WR",23,0,4,0,0,0,NA,142,0,7,0,NA,NA,NA,NA,NA,NA,NA
2552431,"Vince Mayle","CLE","WR",NA,NA,11,0,0,0,NA,142,0,7,0,NA,NA,NA,NA,NA,NA,NA
2552453,"Tevin Coleman","ATL","RB",22,0,10,0,0,0,NA,129,0,13,0,NA,NA,NA,NA,NA,NA,NA
2552462,"Gerald Christian","ARI","TE",24,0,9,0,0,0,NA,91,0,6,0,NA,NA,NA,NA,NA,NA,NA
2552476,"Kenny Hilliard","HOU","RB",24,0,9,0,0,0,NA,129,0,13,0,NA,NA,NA,NA,NA,NA,NA
2552478,"Blake Bell","SF","TE",24,0,10,0,0,0,0,91,0,6,0,NA,63,55,5.96719213380251,NA,0,NA
2552479,"DaRon Brown","KC","WR",24,0,9,0,0,0,NA,142,0,7,0,NA,NA,NA,NA,NA,NA,NA
2552559,"C.J. Uzomah","CIN","TE",22,0,7,0,0,0,NA,91,0,6,0,NA,NA,NA,NA,NA,NA,NA
2552576,"Sean Mannion","STL","QB",23,0,6,0,0,0,0,62,0,9,0,NA,NA,NA,3.20325797538702,NA,NA,NA
2552580,"A.J. Derby","NE","TE",24,0,4,0,0,0,NA,91,0,6,0,NA,NA,NA,NA,NA,NA,NA
2552582,"Jay Ajayi","MIA","RB",22,0,5,0,0,0,NA,129,0,13,0,NA,NA,NA,NA,NA,NA,NA
2552588,"Brett Hundley","GB","QB",22,0,7,0,0,0,0,62,0,9,0,NA,NA,NA,3.20325797538702,NA,NA,NA
2552597,"Breshad Perriman","BAL","WR",22,0,9,0,0,0,NA,142,0,7,0,NA,NA,NA,NA,NA,NA,NA
2552616,"Duron Carter","FA","WR",24,0,NA,0,0,0,NA,142,0,7,0,NA,NA,NA,NA,NA,NA,NA
2552634,"Joey Iosefa","TB","RB",NA,NA,6,0,0,0,NA,129,0,13,0,NA,NA,NA,NA,NA,NA,NA
2552647,"Marcus Murphy","NO","RB",24,0,11,0,0,0,0,129,0,13,0,NA,NA,NA,1.54202561148807,NA,NA,NA
2552650,"Mario Alford","CIN","WR",NA,NA,7,0,0,0,0,142,0,7,0,NA,NA,NA,1.76178418400153,NA,NA,NA
2552651,"Kaelin Clay","TB","WR",23,0,6,0,0,0,NA,142,0,7,0,NA,NA,NA,NA,NA,NA,NA
2552656,"J.J. Nelson","ARI","WR",23,0,9,0,0,0,NA,142,0,7,0,NA,NA,NA,NA,NA,NA,NA
2553292,"Kennard Backman","GB","TE",22,0,7,0,0,0,0,91,0,6,0,NA,NA,NA,2.19642246259821,NA,NA,NA
2553352,"Bud Sasser","FA","WR",NA,NA,NA,0,0,0,NA,142,0,7,0,NA,NA,NA,NA,NA,NA,NA
2553432,"Kevin White","CHI","WR",22,0,7,0,0,0,NA,142,0,7,0,NA,NA,NA,NA,NA,NA,NA
2553453,"Andre Debose","FA","WR",NA,NA,NA,0,0,0,NA,142,0,7,0,NA,NA,NA,NA,NA,NA,NA
2553454,"Geoff Swaim","DAL","TE",NA,NA,6,0,0,0,NA,91,0,6,0,NA,NA,NA,NA,NA,NA,NA
2553457,"Trevor Siemian","DEN","QB",NA,NA,7,0,0,0,0,62,NA,9,0,NA,NA,NA,3.20325797538702,NA,NA,NA
2553465,"Rory Anderson","SF","TE",23,0,10,0,0,0,NA,91,0,6,0,NA,NA,NA,NA,NA,NA,NA
2553502,"DeAndre Carter","BAL","WR",22,0,9,0,0,0,NA,142,0,7,0,NA,NA,NA,NA,NA,NA,NA
2553511,"John Crockett","GB","RB",23,0,7,0,0,0,NA,129,0,13,0,NA,NA,NA,NA,NA,NA,NA
2553599,"Jaxon Shipley","FA","WR",23,0,NA,0,0,0,NA,142,0,7,0,NA,NA,NA,NA,NA,NA,NA
2553650,"Corey Grant","JAC","RB",NA,NA,8,0,0,0,0,129,0,13,0,NA,120,113,6.81306174820505,NA,1.4,NA
2553653,"Josh Harper","OAK","WR",24,0,6,0,0,0,NA,142,0,7,0,NA,NA,NA,NA,NA,NA,NA
2553703,"Devante Davis","PHI","WR",23,0,8,0,0,0,NA,142,NA,7,0,NA,NA,NA,NA,NA,NA,NA
2553733,"Thomas Rawls","SEA","RB",22,0,9,0,0,0,0,129,0,13,0,NA,95,72.9,4.41445718226906,NA,10.4,NA
2553791,"E.J. Bibbs","CLE","TE",24,0,11,0,0,0,0,91,NA,6,0,NA,NA,NA,2.19642246259821,NA,NA,NA
2553797,"Michael Dyer","OAK","RB",25,0,6,0,0,0,NA,129,NA,13,0,NA,NA,NA,NA,NA,NA,NA
