"playerId","player","team","position","age","exp","bye","points","lower","upper","sdPts","positionRank","dropoff","tier","ptSpread","overallECR","positionECR","sdRank","risk","sleeper","actualPoints","salary"
2505245,"Carson Palmer","ARI","QB",36,12,9,20.32,17.796,22.964,3.2404320699561,1,0.16,1,5.168,NA,1.6,1,5.59831180859304,NA,19.2,NA
2495455,"Cam Newton","CAR","QB",26,4,5,20.2666666666667,18.108,21.932,2.61781079020874,2,0.428333333333338,1,3.824,NA,5.5,2.1,5.61980471908281,NA,10.88,NA
2504211,"Tom Brady","NE","QB",38,15,4,20.0533333333333,18.536,22.184,2.32631324918493,3,0.624999999999996,1,3.648,NA,3.6,1.4,5.05977998833838,NA,29.7,NA
2540175,"LeVeon Bell","PIT","RB",23,2,11,19.71,17.886,19.566,1.05228323183447,1,3.305,1,1.68,NA,2.8,0.9,1.91118269330877,NA,13.7,NA
2532975,"Russell Wilson","SEA","QB",27,3,9,19.6233333333333,16.3,21.492,3.6240906905503,4,1.155,1,5.192,NA,7.9,2.4,6.5599997648208,NA,9.4,NA
2533031,"Andrew Luck","IND","QB",26,3,10,19.2333333333333,17.684,20.116,1.62595612896945,5,1.69,1,2.432,NA,2.2,1.2,4.40954415421066,NA,22.02,NA
2543583,"Devonta Freeman","ATL","RB",23,1,10,18.14,16.656,19.2,1.83597385602301,2,3.49333333333333,1,2.544,NA,1.7,1.2,2.95706664542268,NA,13,NA
2506121,"Philip Rivers","SD","QB",34,11,10,17.7033333333333,16.254,19.518,2.1879747103962,6,0.349999999999998,1,3.264,NA,3.7,1.4,4.94987787069031,NA,19.44,NA
310,"Matt Ryan","ATL","QB",30,7,10,17.3833333333333,16.176,18.488,1.46199635202463,7,0.526666666666667,2,2.312,NA,7.5,1.9,4.60773389536116,NA,7.74,NA
2504775,"Drew Brees","NO","QB",36,14,11,17.3233333333333,14.604,20.132,3.51132928295444,8,1.26333333333333,2,5.528,NA,6.2,1.6,6.09504982241273,NA,10.8,NA
2506581,"Ryan Fitzpatrick","NYJ","QB",33,10,5,16.39,14.13,18.962,3.39067839819703,9,0.743333333333334,2,4.832,NA,12.6,2,6.1868832439576,NA,19.7,NA
2495454,"Julio Jones","ATL","WR",26,4,10,15.8333333333333,14.74,16.82,1.32035348802256,1,0.869999999999999,1,2.08,NA,2.5,1.3,2.64386455482234,NA,15.2,NA
2505996,"Eli Manning","NYG","QB",34,11,11,15.73,14.46,17.092,1.65701538918623,10,0.540000000000001,3,2.632,NA,8.9,1.8,4.71574452657584,NA,6.4,NA
2532956,"Ryan Tannehill","MIA","QB",27,3,5,15.5633333333333,15.224,15.888,0.416213086451318,11,0.768333333333333,3,0.664,NA,11.2,2.5,4.05844399730675,NA,27.58,NA
2543496,"Odell Beckham","NYG","WR",23,1,11,15.14,13.756,16.7,1.87904230926289,2,0.973333333333333,1,2.944,NA,3.7,1.5,3.38673600113227,NA,3.5,NA
79860,"Matthew Stafford","DET","QB",27,6,9,14.8166666666667,12.492,16.468,2.68801661701213,12,0.0733333333333324,3,3.976,NA,12,2.2,5.72250018942084,NA,18.74,NA
2540165,"DeAndre Hopkins","HOU","WR",23,2,9,14.7866666666667,13.128,16.52,2.12615458829628,3,1.31,1,3.392,NA,1.2,0.5,3.28682558646853,NA,5,NA
2505076,"Josh McCown","CLE","QB",36,13,11,14.7733333333333,14.42,14.932,0.320208265560608,13,0.146666666666665,3,0.511999999999997,NA,17.3,3.3,4.35754101973341,NA,6.9,NA
382,"Joe Flacco","BAL","QB",30,7,9,14.7133333333333,12.972,15.66,1.88481652511149,14,0.213333333333335,3,2.688,NA,18.9,2.9,5.41284978049608,NA,11.08,NA
79555,"Arian Foster","HOU","RB",29,6,9,14.67,13.288,16.32,1.98184257699748,3,0.236666666666666,2,3.032,NA,5.2,1.4,3.25224965228388,NA,24.5,NA
2552475,"Todd Gurley","STL","RB",21,0,6,14.6233333333333,12.914,16.834,2.67967037773927,4,0.424999999999999,2,3.92,NA,2.6,1.7,4.20646105790781,NA,28.3,NA
2543477,"Blake Bortles","JAC","QB",24,1,8,14.54,11.648,16.976,3.47326935321751,15,0.377500000000001,3,5.328,NA,10.1,1.9,6.20557614477981,NA,11.98,NA
2506340,"Alex Smith","KC","QB",31,10,9,14.46,13.872,14.944,0.706823881882892,16,0.615833333333333,3,1.072,NA,20.2,3.6,4.80544796093536,NA,14.54,NA
2495663,"Marshawn Lynch","SEA","RB",29,8,9,14.2433333333333,12.944,15.72,1.77697308176948,5,0.468333333333332,2,2.776,NA,7.7,2.5,3.80046226540079,NA,18.2,NA
2507164,"Adrian Peterson","MIN","RB",30,8,5,14.1533333333333,11.788,16.3,2.85946381920341,6,0.773333333333333,2,4.512,NA,3.7,1.2,4.04980885287963,NA,11,NA
2539287,"Landry Jones","PIT","QB",26,2,11,13.865,12.593,14.537,1.71826947828331,17,0.611666666666666,4,1.944,NA,23,3.5,5.56206315708259,NA,3.16,NA
2506562,"Matt Cassel","DAL","QB",33,10,6,13.8233333333333,11.568,15.608,2.72287225799032,18,1.15333333333333,4,4.04,NA,26.4,3,6.12555842180187,NA,4.48,NA
100003,"Bills","BUF","DST",NA,NA,8,13.7,5.2,13.2,7.07106781186547,1,1.525,1,8,NA,4.9,2.5,7.60634832711304,NA,10,NA
2495893,"Brandon Marshall","NYJ","WR",31,9,5,13.5466666666667,12.612,14.74,1.44309851823544,4,0.178333333333335,2,2.128,NA,5.1,1.5,2.86850991084435,NA,6.7,NA
497240,"Rob Gronkowski","NE","TE",26,5,4,13.46,12.524,14.38,1.16051712611232,1,2.42333333333333,1,1.856,NA,1.2,0.6,3.01316526164045,NA,16.8,NA
2506106,"Larry Fitzgerald","ARI","WR",32,11,9,13.4066666666667,12.544,14.384,1.17649196059018,5,0.215,2,1.84,NA,4,2.4,2.90588020023305,NA,3.9,NA
79607,"LeSean McCoy","BUF","RB",27,6,8,13.3966666666667,9.972,16.3,4.11291056714504,7,0.275,2,6.328,NA,8.2,2.1,6.01556714427155,NA,7.4,NA
2507999,"Chris Ivory","NYJ","RB",27,5,5,13.3633333333333,11.732,14.7,2.14196949869351,8,0.498333333333335,2,2.968,NA,7.2,2.2,3.98098878934282,NA,11.3,NA
2540154,"Keenan Allen","SD","WR",23,2,10,13.33,12.012,14.5,1.58767125060574,6,0.358333333333333,2,2.488,NA,8.4,3.2,3.70959876948289,NA,8.9,NA
2543468,"Mike Evans","TB","WR",22,1,6,13.0533333333333,10.368,15.36,3.2259158906167,7,0.196666666666665,2,4.992,NA,16.4,4.8,6.28691654784045,NA,22.4,NA
2532865,"T.Y. Hilton","IND","WR",26,3,10,12.89,9.974,13.574,2.38690175750909,8,0.543333333333335,2,3.6,NA,9.2,2.8,4.50221462015045,NA,27,NA
2495207,"DeMarco Murray","PHI","RB",27,4,8,12.88,11.692,13.9,1.59348674296337,9,0.17,2,2.208,NA,13.8,2.4,3.53483852211166,NA,7,NA
2495469,"Dion Lewis","NE","RB",25,4,4,12.85,10.73,14.97,3.7476659402887,10,0.526666666666666,2,4.24,NA,16,2.8,6.11366440182622,NA,NA,NA
238498,"Julian Edelman","NE","WR",29,6,4,12.8233333333333,11.676,13.94,1.41655685848939,9,1.05666666666667,2,2.264,NA,9.3,3.5,3.62428654199681,NA,5.4,NA
100032,"Redskins","WAS","DST",NA,NA,8,12.7,7.82,12.78,4.38406204335659,2,1.125,1,4.96,NA,9.1,3.5,7.6231835601521,NA,3,NA
81294,"Brian Hoyer","HOU","QB",30,6,9,12.6833333333333,12.138,13.386,0.851136495124802,19,0.0333333333333332,4,1.248,NA,15.8,3.5,4.87317521619473,NA,19.92,NA
2543465,"Teddy Bridgewater","MIN","QB",23,1,5,12.6566666666667,11.58,13.876,1.61543595767004,20,0.0825000000000014,4,2.296,NA,17.6,3.1,5.29268405935369,NA,17.74,NA
2532842,"Nick Foles","STL","QB",26,3,6,12.6433333333333,10.154,14.922,3.00806139121749,21,0.145833333333334,4,4.768,NA,23,3.2,6.44596685317393,NA,6.32,NA
2541161,"Latavius Murray","OAK","RB",25,2,6,12.57,10.888,14.8,2.46590754084576,11,0.558333333333334,2,3.912,NA,10.5,2.9,4.81490077705208,NA,14.6,NA
2543605,"Zach Mettenberger","TEN","QB",24,1,4,12.505,1.88,12.928,7.59894948879997,22,0.163333333333336,4,11.048,NA,23.9,3.6,10.2808505922543,NA,5.48,NA
2539228,"EJ Manuel","BUF","QB",25,2,8,12.49,1.48,13.384,7.87300027520216,23,0.853333333333332,4,11.904,NA,NA,NA,15.9781659915752,NA,14.72,NA
2552033,"Jameis Winston","TB","QB",21,0,6,12.1933333333333,10.192,13.552,2.30836161234182,24,1.52,4,3.36,NA,21.6,3,5.79625323943321,NA,20.38,NA
2506404,"Frank Gore","IND","RB",32,10,10,12.0766666666667,11.044,13.18,1.5134838397992,12,0.141666666666667,3,2.136,NA,11.7,2.1,3.2402558052762,NA,7.5,NA
2495466,"Mark Ingram","NO","RB",26,4,11,11.9466666666667,10.632,14.12,2.39552360316765,13,0.0516666666666676,3,3.488,NA,9.5,2.1,4.18197688976344,NA,20.8,NA
927,"Justin Forsett","BAL","RB",30,7,9,11.9233333333333,9.934,14.574,3.0671865501357,14,0.0783333333333331,3,4.64,NA,14.2,2.1,4.89908646361428,NA,10.4,NA
2495647,"Calvin Johnson","DET","WR",30,8,9,11.87,7.622,13.062,3.40216107790328,10,0.238333333333333,3,5.44,NA,6.6,2,5.3941681061584,NA,14.6,NA
4327,"Danny Woodhead","SD","RB",30,7,10,11.8666666666667,6.62,18.78,8.23670646152534,15,0.426666666666666,3,12.16,NA,18.6,3.6,11.4642237548384,NA,22.1,NA
2533034,"Lamar Miller","MIA","RB",24,3,5,11.8233333333333,7.254,13.494,3.90584604577975,16,0.998333333333335,3,6.24,NA,10.9,3.2,6.56143620953457,NA,35.6,NA
2504595,"Steve Smith","BAL","WR",36,14,9,11.6633333333333,9.792,13.8,2.57002594020631,11,0.16,3,4.008,NA,14.3,3.9,5.15293295987206,NA,7.8,NA
100020,"Vikings","MIN","DST",NA,NA,5,11.65,7.73,9.57,1.62634559672906,3,0.25,1,1.84,NA,7.3,3.3,4.12283370297101,NA,11,NA
497302,"Brandon LaFell","NE","WR",29,5,4,11.6,11.6,11.6,NA,12,0.206666666666665,3,0,NA,NA,NA,NA,NA,2.5,NA
100030,"Seahawks","SEA","DST",NA,NA,9,11.5,8.96,11.84,2.54558441227157,4,0.299999999999999,1,2.88,NA,2,2,1.36939909519475,NA,13,NA
2508061,"Antonio Brown","PIT","WR",27,5,11,11.4066666666667,7.884,14.764,4.31487350142891,13,0.0383333333333322,3,6.88,NA,10.1,3.1,6.91218096720685,NA,12.4,NA
497284,"Eric Decker","NYJ","WR",28,5,5,11.38,9.132,13.1,2.73078743222536,14,0.0800000000000001,3,3.968,NA,15.9,4.2,5.46213659758731,NA,9.4,NA
2543847,"John Brown","ARI","WR",25,1,9,11.3566666666667,10.234,12.714,1.63114479226503,15,0.115,3,2.48,NA,13.3,7,5.25720074709689,NA,12.5,NA
100016,"Chiefs","KC","DST",NA,NA,9,11.3,7.32,9.88,2.26274169979695,5,0.275,1,2.56,NA,15.5,3.1,4.22452622577956,NA,12,NA
2539205,"Terrance Williams","DAL","WR",26,2,6,11.2433333333333,9.224,13.12,2.45451285051298,16,0.0349999999999966,3,3.896,NA,35.9,5.2,5.52738046483789,NA,7,NA
2543509,"Allen Robinson","JAC","WR",22,1,8,11.24,8.696,13.56,3.07844116396594,17,0.0850000000000009,3,4.864,NA,11.7,2.9,5.3636451672373,NA,15.8,NA
2543572,"Martavis Bryant","PIT","WR",24,1,11,11.1766666666667,9.084,12.74,2.55629288880076,18,0.151666666666667,3,3.656,NA,18,4.6,5.41217262654125,NA,10.5,NA
2507763,"Mike Wallace","MIN","WR",29,6,5,11.1333333333333,8.48,13.12,3.23934149686836,19,0.236666666666665,3,4.64,NA,32.5,4.4,6.14541059249706,NA,3.6,NA
2495700,"Greg Olsen","CAR","TE",30,8,5,11.1133333333333,9.492,12.66,1.98658836534732,2,0.341666666666665,2,3.168,NA,3.3,1.5,4.60827292919576,NA,6.5,NA
100028,"Chargers","SD","DST",NA,NA,10,11.1,6.74,11.06,3.81837661840736,6,0.175000000000001,1,4.32,NA,17.2,3,5.5886171048884,NA,-3,NA
497095,"Sam Bradford","PHI","QB",28,5,8,11.08,8.18,13.732,3.51129605701371,25,0.973333333333333,4,5.552,NA,17.2,3.2,6.84575823400804,NA,5.8,NA
262,"Chris Johnson","ARI","RB",30,7,9,11.0566666666667,7.254,12.694,3.5278369198892,17,0.540000000000001,3,5.44,NA,18.9,2.9,5.9486833206673,NA,18.2,NA
497236,"Jimmy Graham","SEA","TE",29,5,9,10.96,9.284,12.34,2.01464637095447,3,0.593333333333334,2,3.056,NA,4.6,1.4,4.57989357087893,NA,3.1,NA
100019,"Dolphins","MIA","DST",NA,NA,5,10.95,9.37,10.73,1.20208152801713,7,0.174999999999999,1,1.36,NA,8.3,3.4,3.95942361719206,NA,12,NA
2543614,"Donte Moncrief","IND","WR",22,1,10,10.9166666666667,8.96,12.84,2.42607364548839,20,0.121666666666666,3,3.88,NA,15.9,3.7,4.90307756990452,NA,9.4,NA
100001,"Falcons","ATL","DST",NA,NA,10,10.9,7.04,8.96,1.69705627484771,8,0.950000000000001,1,1.92,NA,11.7,4.3,7.06632836975166,NA,9,NA
2543488,"Jarvis Landry","MIA","WR",23,1,5,10.8766666666667,8.484,13.02,2.88593716725318,21,0.193333333333333,3,4.536,NA,18.5,4.2,5.64657010082217,NA,20.3,NA
2550325,"Chandler Catanzaro","ARI","K",24,1,9,10.7444444444444,8.26666666666667,12.72,2.98818661720771,1,0.238888888888889,1,4.45333333333333,NA,4,2,4.38721301622421,NA,8,NA
2346,"Pierre Garcon","WAS","WR",29,7,8,10.7133333333333,9.092,11.94,1.97447039312655,22,0.108333333333334,3,2.848,NA,26.3,3.3,4.20877078970626,NA,5.5,NA
2506922,"Stephen Gostkowski","NE","K",31,9,4,10.6666666666667,9.8,11.6666666666667,1.20185042515466,2,0.586111111111112,1,1.86666666666667,NA,1.4,1.4,2.0241022806732,NA,13,NA
2532790,"Travis Benjamin","CLE","WR",26,3,11,10.6533333333333,8.368,12.72,2.76089357515521,23,0.103333333333332,3,4.352,NA,22.1,4.1,5.45855873547838,NA,1.7,NA
100015,"Jaguars","JAC","DST",NA,NA,8,10.65,6.77,8.93,1.90918830920368,9,1.625,1,2.16,NA,17.2,3.1,3.84931347786398,NA,24,NA
949,"Jonathan Stewart","CAR","RB",28,7,5,10.5933333333333,6.596,12.276,3.60335029289873,18,0.548333333333334,4,5.68,NA,20,2.8,5.95958394693884,NA,12.5,NA
1060,"Gary Barnidge","CLE","TE",30,7,11,10.5833333333333,8.64,12.36,2.35283516918065,4,0.450000000000003,2,3.72,NA,6.5,2.2,5.50578530180922,NA,10.1,NA
2543498,"Brandin Cooks","NO","WR",22,1,11,10.5566666666667,8.576,12.04,2.4179812516505,24,0.261666666666667,3,3.464,NA,25.2,4.3,5.12965614610553,NA,8.1,NA
2505587,"Anquan Boldin","SF","WR",35,12,10,10.5433333333333,7.724,13.06,3.39876938513535,25,0.75,3,5.336,NA,34.3,5.4,6.72859368079733,NA,3.9,NA
2532899,"Doug Martin","TB","RB",26,3,6,10.44,9.024,12.224,2.00119964021584,19,0.9,4,3.2,NA,12.6,2.7,4.17930502406309,NA,17.1,NA
2503471,"Adam Vinatieri","IND","K",43,19,10,10.3444444444444,9.42666666666667,11.5333333333333,1.44157835310751,3,0.569444444444446,1,2.10666666666667,NA,4.6,2,2.86703597677488,NA,3,NA
2543499,"Derek Carr","OAK","QB",24,1,6,10.2666666666667,8.928,11.712,1.75525876534867,26,0.593333333333334,5,2.784,NA,17,3,5.35684441891246,NA,23.86,NA
2495966,"Delanie Walker","TEN","TE",31,9,4,10.15,6.7,12.66,4.24470258086477,5,0.208333333333334,2,5.96,NA,7.6,2,7.72916696536408,NA,5.5,NA
2540258,"Travis Kelce","KC","TE",26,2,9,10.1166666666667,8.28,11.68,2.20586339861138,6,0.411666666666669,2,3.4,NA,4.4,1.5,4.88062890157013,NA,7.3,NA
2552487,"Amari Cooper","OAK","WR",21,0,6,10.0466666666667,6.828,13.868,4.58939356923476,26,0.545000000000003,3,7.04,NA,16.4,4.6,7.82901130728002,NA,19.3,NA
2495186,"Colin Kaepernick","SF","QB",28,4,10,9.94666666666667,7.824,11.328,2.48389479111603,27,4.15366666666667,5,3.504,NA,20.8,3.4,6.12338808949356,NA,4.96,NA
2553648,"Andrew Franks","MIA","K",22,0,5,9.81666666666667,8.07,11.5633333333333,3.08769961118126,4,0.155555555555555,1,3.49333333333333,NA,18,5.2,7.72397292802924,NA,10,NA
2532853,"Ladarius Green","SD","TE",25,3,10,9.76666666666667,7.72,11.64,2.47857485933617,7,0.128333333333332,2,3.92,NA,15.5,4.1,6.86332384045372,NA,10.5,NA
2504797,"Matt Bryant","ATL","K",40,13,10,9.73333333333333,7.96,11.5333333333333,2.23407947734881,5,0.216666666666667,1,3.57333333333333,NA,4.6,2.3,3.9496447510975,NA,4,NA
2550474,"Antonio Andrews","TEN","RB",23,1,4,9.65,8.06,10.94,2.54558441227157,20,0.316666666666668,4,2.88,NA,32.3,5,6.36413493900171,NA,5.7,NA
2505629,"Jason Witten","DAL","TE",33,12,6,9.64333333333333,7.144,11.52,3.04920208141955,8,0.048333333333332,2,4.376,NA,9.4,1.9,6.18103653716983,NA,7.3,NA
2495353,"Julius Thomas","JAC","TE",27,4,8,9.63333333333333,7.5,11.34,2.57164020293145,9,0.773333333333335,2,3.84,NA,8,2.1,5.7143280023071,NA,0.4,NA
71309,"Graham Gano","CAR","K",28,6,5,9.58888888888889,8.21333333333333,11.3333333333333,2.10721863373746,6,0.233333333333334,1,3.12,NA,12.5,3.3,4.83712305098874,NA,9,NA
2495139,"Charles Clay","BUF","TE",26,4,8,9.55666666666667,6.936,12,3.1882022102328,10,2.005,2,5.064,NA,8.2,1.8,6.29045558386652,NA,2.6,NA
497326,"Golden Tate","DET","WR",27,5,9,9.54,5.884,11.324,3.58703219946518,27,0.131666666666666,3,5.44,NA,28.8,4.6,6.63745903746312,NA,1.4,NA
2533533,"Rueben Randle","NYG","WR",24,3,11,9.46333333333333,5.478,10.758,3.3084790060288,28,0.205,3,5.28,NA,40.3,3.9,6.03076549938455,NA,6.8,NA
2536340,"Justin Tucker","BAL","K",26,3,9,9.44444444444444,7.86666666666667,11.3333333333333,2.26895309518468,7,0.177777777777779,1,3.46666666666667,NA,7.1,3.7,5.40096194983293,NA,5,NA
2540171,"Joseph Randle","DAL","RB",24,2,6,9.43,7.238,11.878,2.90253337620776,21,0.33,4,4.64,NA,30.7,5.2,6.88468047890407,NA,2.4,NA
2532820,"Kirk Cousins","WAS","QB",27,3,8,9.4,8.024,10.296,1.43052437937981,28,8.16,5,2.272,NA,24.6,3.3,5.2396241560448,NA,29.18,NA
2506400,"Vincent Jackson","TB","WR",32,10,6,9.35333333333333,7.212,11.212,2.57381688030313,29,0.221666666666666,3,4,NA,24,3.9,5.15743942172638,NA,1.3,NA
2507374,"Steven Hauschka","SEA","K",NA,NA,9,9.26666666666667,7.44,11.3333333333333,2.4881943475362,8,0.166666666666668,1,3.89333333333333,NA,3.5,3.1,5.00915374291224,NA,10,NA
2539227,"Dustin Hopkins","WAS","K",25,2,8,9.26666666666667,7.04,12,3.28836332137027,8,0.394444444444446,1,4.96,NA,16.3,4,6.70660199511443,NA,7,NA
100004,"Panthers","CAR","DST",NA,NA,5,9.25,9.61,12.89,2.89913780286485,10,0.6,1,3.28,NA,4,2.2,2.31830226654985,NA,11,NA
2533457,"Alfred Morris","WAS","RB",27,3,8,9.23666666666667,4.622,10.782,3.98183793408689,22,0.321666666666667,4,6.16,NA,25.1,5.3,8.1067360519184,NA,0.7,NA
2532841,"Michael Floyd","ARI","WR",26,3,9,9.16333333333333,4.758,10.758,3.75007111043689,30,0.266666666666667,3,6,NA,35.9,6.6,7.61859866260631,NA,11.9,NA
80429,"Jeremy Maclin","KC","WR",27,6,9,9.1,7.18,11.5,2.89309522829789,31,0.453333333333331,3,4.32,NA,19.6,6.6,6.59987269377154,NA,NA,NA
2552471,"T.J. Yeldon","JAC","RB",22,0,8,8.96333333333333,5.398,12.838,4.69798183620726,23,0.104999999999999,4,7.44,NA,26.4,5.7,9.15022507498191,NA,18.4,NA
2495259,"Dan Bailey","DAL","K",27,4,6,8.93333333333333,6.64,11.3333333333333,2.94241019876185,10,0.166666666666666,1,4.69333333333333,NA,12.5,4.5,6.87264670047914,NA,9,NA
497149,"LeGarrette Blount","NE","RB",29,5,4,8.86666666666667,5.92,11.04,3.61155552820849,24,0.181666666666667,4,5.12,NA,21.4,3.8,6.66556633687478,NA,-0.3,NA
2543743,"Carlos Hyde","SF","RB",24,1,10,8.85,7.47,10.59,1.98053023203384,25,0.611666666666666,4,3.12,NA,19.1,3.3,4.57557024391728,NA,4,NA
2534797,"Greg Zuerlein","STL","K",28,3,6,8.81111111111111,6.68666666666667,11.22,2.89948909931337,11,0.149999999999999,1,4.53333333333333,NA,17.4,4.6,6.9316762257171,NA,6,NA
100017,"Rams","STL","DST",NA,NA,6,8.8,8.88,12.72,3.39411254969543,11,0.575000000000001,1,3.84,NA,4.5,2.3,3.13044532535142,NA,25,NA
2500351,"Phil Dawson","SF","K",40,17,10,8.72222222222222,6.73333333333333,11.1333333333333,2.89795585683222,12,0.161111111111111,1,4.4,NA,18.8,4.4,6.72773496260989,NA,3,NA
71269,"Michael Crabtree","OAK","WR",28,6,6,8.69333333333333,5.116,11.036,4.24948624345736,32,0.328333333333333,3,5.92,NA,30.7,4.8,7.50368089454003,NA,12.3,NA
71217,"Kenny Britt","STL","WR",27,6,6,8.6,4.02,11.22,4.70850294679742,33,0.595000000000002,3,7.2,NA,54.9,5.6,8.36426595939522,NA,4.1,NA
2505459,"Josh Brown","NYG","K",36,12,11,8.6,8.16,8.96,0.529150262212918,13,0.0999999999999996,1,0.800000000000001,NA,6.5,2.3,2.27385243387242,NA,10,NA
2507225,"Nick Folk","NYJ","K",31,8,5,8.52222222222222,6.51333333333333,11.0466666666667,3.04527563673696,14,0.0583333333333336,1,4.53333333333333,NA,15.3,3.3,5.75914884818317,NA,13,NA
71345,"Rashad Jennings","NYG","RB",30,6,11,8.52,7.352,9.672,1.52354848954669,26,0.681666666666668,4,2.32,NA,25,4.1,4.64544538797243,NA,1.9,NA
100026,"Cardinals","ARI","DST",NA,NA,9,8.5,7.14,9.86,2.40416305603426,12,0.574999999999999,1,2.72,NA,2.9,2.7,3.22723047806679,NA,11,NA
89802,"Ryan Succop","TEN","K",29,6,4,8.47777777777778,6.48666666666667,11.02,3.07432618332562,15,0.030555555555555,1,4.53333333333333,NA,22.3,5.1,7.60961093765398,NA,1,NA
2553833,"Josh Lambo","SD","K",25,0,10,8.45,8.09,8.81,0.636396103067893,16,0.0277777777777786,1,0.720000000000001,NA,7.9,2.7,2.78413391170813,NA,9,NA
2507401,"Dan Carpenter","BUF","K",30,7,8,8.44444444444444,6.46666666666667,11,3.09719108105919,17,0.0861111111111121,1,4.53333333333333,NA,10.6,3.3,5.81017706798735,NA,11,NA
2506677,"Matt Prater","DET","K",31,9,9,8.4,6.44,10.9733333333333,3.12907512072036,18,0.169444444444443,1,4.53333333333333,NA,14.3,2.8,5.33543065723308,NA,7,NA
2532968,"Blair Walsh","MIN","K",25,3,5,8.31666666666667,7.36,9,1.18356805183873,19,0.388888888888888,2,1.64,NA,11.5,3.2,3.82804036033541,NA,20,NA
2495267,"Jordan Cameron","MIA","TE",27,4,5,8.16333333333333,4.652,9.62,3.19374910306576,11,1.42166666666667,3,4.968,NA,11.7,1.9,6.36057473651814,NA,2.3,NA
2550636,"Cairo Santos","KC","K",24,1,9,8.14444444444445,5.68666666666667,11.02,3.45387597624166,20,0.663888888888891,2,5.33333333333333,NA,13.9,4.1,6.97050318366762,NA,11,NA
2532903,"Rishard Matthews","MIA","WR",26,3,5,8.13,6.752,9.96,2.23107597360556,34,0.678333333333333,3,3.208,NA,34.5,5.9,5.53733571492638,NA,13.5,NA
2550189,"Isaiah Crowell","CLE","RB",22,1,11,7.95666666666667,4.934,11.014,3.80074115579229,27,0.451666666666666,4,6.08,NA,35.9,4.5,7.35560817807267,NA,0.9,NA
100007,"Browns","CLE","DST",NA,NA,11,7.95,6.57,7.93,1.20208152801713,13,0.3,1,1.36,NA,18.8,3.7,4.81995925235132,NA,4,NA
100031,"Buccaneers","TB","DST",NA,NA,6,7.9,6.86,8.94,1.83847763108502,14,0.55,1,2.08,NA,18.2,4,6.35587783375863,NA,9,NA
2550353,"Allen Hurns","JAC","WR",24,1,8,7.88,5.188,10.868,3.6073813216792,35,0.961666666666666,3,5.68,NA,21,3.5,6.22861861285895,NA,11.3,NA
2495473,"Shane Vereen","NYG","RB",26,4,11,7.72,5.192,10.232,3.17509054988988,28,0.5375,4,5.04,NA,31.5,4.5,6.68762427125825,NA,6.2,NA
2550551,"Travis Coons","CLE","K",23,1,11,7.71111111111111,5.42666666666667,10.76,3.72160857296551,21,0.66111111111111,2,5.33333333333333,NA,18.6,4.2,7.33487739579435,NA,7,NA
100022,"Saints","NO","DST",NA,NA,11,7.4,5.12,7.68,2.26274169979695,15,0.125,1,2.56,NA,25.8,2.9,3.65083580234006,NA,10,NA
100008,"Cowboys","DAL","DST",NA,NA,6,7.3,5.4,7,1.4142135623731,16,0.0750000000000011,1,1.6,NA,21.1,4.1,6.19246774797968,NA,2,NA
2495328,"Bilal Powell","NYJ","RB",27,4,5,7.29,0.729000000000001,6.561,5.15480843484993,29,0.272500000000001,5,5.832,NA,64.2,6.4,10.1260172371815,NA,NA,NA
100027,"Steelers","PIT","DST",NA,NA,11,7.25,3.65,7.25,3.18198051533946,17,0.0499999999999998,1,3.6,NA,12.3,3.9,7.49484106411811,NA,2,NA
2504257,"Sebastian Janikowski","OAK","K",37,15,6,7.25,6.3,8.5,1.52069063257455,22,2.575,2,2.2,NA,18.1,5.2,6.18374381818755,NA,13,NA
100012,"Titans","TEN","DST",NA,NA,4,7.2,7.2,7.2,0,18,0.0250000000000004,1,0,NA,23.1,3.6,3.25739069771857,NA,8,NA
100021,"Patriots","NE","DST",NA,NA,4,7.2,7.24,9.16,1.69705627484771,18,0.100000000000001,1,1.92,NA,8.6,2.8,2.76365019395536,NA,4,NA
100002,"Ravens","BAL","DST",NA,NA,9,7.15,5.45,7.45,1.76776695296637,20,0.3,1,2,NA,23.7,4.4,7.42821613105453,NA,2,NA
2550268,"Charcandrick West","KC","RB",24,1,9,7.075,5.715,6.635,0.81317279836453,30,0.145,5,0.92,NA,26.1,4.6,4.23561463796243,NA,18.9,NA
100025,"Eagles","PHI","DST",NA,NA,8,7.05,5.39,6.91,1.34350288425444,21,0.399999999999999,1,1.52,NA,13.6,3.2,3.53581829291879,NA,7,NA
768,"Steve Johnson","SD","WR",29,7,10,7.02333333333333,5.114,8.714,2.29926799945838,36,0.233333333333333,4,3.6,NA,49.7,8.9,6.79939051130639,NA,5,NA
497204,"C.J. Spiller","NO","RB",28,5,11,6.96,4.116,10.276,3.98331520219026,31,0.0833333333333339,5,6.16,NA,40.4,4.3,7.41109131113781,NA,4.8,NA
2540160,"Jordan Reed","WAS","TE",25,2,8,6.94,4.804,9.284,2.83598307470267,12,0.521666666666668,3,4.48,NA,14,5,7.87631702063871,NA,19.2,NA
2540011,"Chris Thompson","WAS","RB",25,2,8,6.9,6.9,6.9,NA,32,0.083333333333333,5,0,NA,38.5,4.3,4.45131427977165,NA,NA,NA
2543770,"Charles Sims","TB","RB",25,1,6,6.85333333333333,5.28,8.208,2.00761882172223,33,0.529999999999999,5,2.928,NA,34.9,5,5.78976906527485,NA,3.6,NA
2553112,"Jason Myers","JAC","K",NA,NA,8,6.85,5.93,7.77,1.62634559672906,23,4.6,3,1.84,NA,22.5,4.1,5.17420493134484,NA,4,NA
2539336,"Tavon Austin","STL","WR",24,2,6,6.81333333333333,5.46,7.492,1.29866598220379,37,0.160000000000001,4,2.032,NA,36.4,5.3,4.19273944002042,NA,4.3,NA
2552461,"Duke Johnson","CLE","RB",22,0,11,6.78,5.82,7.452,1.04842739376649,34,0.933333333333334,5,1.632,NA,26.8,3.3,3.58039867437877,NA,9,NA
2532977,"Kendall Wright","TEN","WR",26,3,4,6.76666666666667,5.42,7.58,1.35769412362775,38,0.251666666666666,4,2.16,NA,31.1,4.7,4.02671048941497,NA,10.6,NA
100010,"Lions","DET","DST",NA,NA,9,6.65,5.29,10.81,4.87903679018718,22,0.175000000000001,1,5.52,NA,19.3,3.6,8.43532661895368,NA,8,NA
100013,"Texans","HOU","DST",NA,NA,9,6.65,6.61,6.69,0.0707106781186551,22,0.4,1,0.0799999999999992,NA,12.6,3.4,2.75874282386218,NA,2,NA
2537933,"Larry Donnell","NYG","TE",27,3,11,6.54333333333333,3.766,9.846,3.96656442445264,13,0.411666666666666,3,6.08,NA,18.5,2.7,7.82630507822439,NA,1.8,NA
2495158,"Leonard Hankerson","ATL","WR",27,4,10,6.54,4.188,6.492,2.03646752981726,39,0.0824999999999996,4,2.304,NA,37.9,4.3,4.67613353946199,NA,NA,NA
2552608,"Stefon Diggs","MIN","WR",22,0,5,6.49,5.634,6.994,0.856329375882902,40,0.135,4,1.36,NA,29.4,5,3.54881473594221,NA,16.8,NA
2552415,"Jamison Crowder","WAS","WR",22,0,8,6.425,5.565,6.085,0.459619407771256,41,0.140833333333333,4,0.52,NA,39.9,4.9,3.03786126934164,NA,4.8,NA
100024,"Jets","NYJ","DST",NA,NA,5,6.3,5.6,5.6,0,24,0.2,1,0,NA,13.9,4,4.40477154459758,NA,3,NA
2505299,"Antonio Gates","SD","TE",35,12,10,6.29333333333333,3.456,9.056,3.50373134434325,14,0.346666666666666,3,5.6,NA,3.3,3.2,7.56757930337924,NA,NA,NA
2550256,"Willie Snead","NO","WR",23,1,11,6.285,4.177,7.193,2.66579256507328,42,0.0183333333333335,4,3.016,NA,24.1,4.3,5.42424065614417,NA,2.5,NA
2495821,"Marques Colston","NO","WR",32,9,11,6.28333333333333,3.39,9.71,4.1153169177274,43,0.0883333333333338,4,6.32,NA,64.7,7.2,8.28898123443235,NA,2,NA
2543500,"Jordan Matthews","PHI","WR",23,1,8,6.25,5.65,6.37,0.482182538049648,44,0.301666666666666,4,0.72,NA,25.1,4.5,2.90721750185078,NA,1.4,NA
100014,"Colts","IND","DST",NA,NA,10,6.2,2.96,5.84,2.54558441227157,25,0.225000000000001,1,2.88,NA,22.5,3.4,5.38523205927129,NA,4,NA
2507166,"Ted Ginn","CAR","WR",30,8,5,6.14,4.54,7.116,1.80410642701588,45,0.456666666666667,4,2.576,NA,41.1,5.4,4.83294573920019,NA,5.9,NA
100029,"49ers","SF","DST",NA,NA,10,6,6.08,9.92,3.39411254969543,26,0.35,1,3.84,NA,19.7,3.3,5.99889744254895,NA,13,NA
2543683,"Austin Seferian-Jenkins","TB","TE",23,1,6,5.97,0.327000000000001,5.343,4.43355951803965,15,0.578333333333333,4,5.016,NA,24.5,3.4,8.8489543531676,NA,NA,NA
100018,"Raiders","OAK","DST",NA,NA,6,5.95,4.73,5.77,0.919238815542512,27,3.275,1,1.04,NA,24.4,3.8,4.8066342657386,NA,5,NA
2543466,"Eric Ebron","DET","TE",22,1,9,5.92333333333333,3.254,9.254,4.01405447563101,16,1.25833333333333,4,6,NA,19,4.3,8.89696322746916,NA,14.9,NA
2552374,"Ameer Abdullah","DET","RB",22,0,9,5.86666666666667,4.14,7.34,2.13619599600162,35,0.0449999999999999,5,3.2,NA,30.2,4.1,5.29954636861737,NA,4.3,NA
2552635,"Matt Jones","WAS","RB",23,0,8,5.82666666666667,4.456,6.856,1.67216426625297,36,0.160833333333334,5,2.4,NA,34.8,8.7,8.01133797039084,NA,5.1,NA
497188,"Ryan Mathews","PHI","RB",28,5,8,5.81666666666667,3.59,7.43,2.56141237080899,37,0.371666666666666,5,3.84,NA,34.6,5.6,6.79936704129744,NA,18.1,NA
2530747,"Doug Baldwin","SEA","WR",27,4,9,5.75666666666667,4.46,6.596,1.37026761376504,46,0.386666666666666,4,2.136,NA,41.8,5.3,4.27785553605374,NA,1.9,NA
2552463,"Jaelen Strong","HOU","WR",21,0,9,5.61,3.982,5.438,1.28693434175952,47,0.528333333333333,5,1.456,NA,74.9,10,6.02901407807022,NA,0,NA
2553733,"Thomas Rawls","SEA","RB",22,0,9,5.515,3.993,5.537,1.36471608769004,38,0.204166666666667,5,1.544,NA,56.6,7.1,6.56753182883581,NA,4.1,NA
2543502,"Tre Mason","STL","RB",22,1,6,5.375,3.685,5.565,1.66170093578839,39,0.223333333333334,5,1.88,NA,63.1,5.6,5.83877856955159,NA,NA,NA
100023,"Giants","NYG","DST",NA,NA,11,5.35,2.43,9.07,5.86898628384834,28,5.35,1,6.64,NA,10.3,3.3,8.62538667795807,NA,19,NA
2540020,"Theo Riddick","DET","RB",24,2,9,5.24666666666667,3.88,6.312,1.65182727103451,40,0.199999999999999,5,2.432,NA,32.3,4.9,5.34018144900083,NA,4.8,NA
2649,"Danny Amendola","NE","WR",30,7,4,5.13,4.06,5.572,1.06616133863501,48,0.108333333333334,5,1.512,NA,50.3,4.7,3.68015228978683,NA,14.6,NA
2553435,"David Johnson","ARI","RB",24,0,9,5.05666666666667,3.6,5.496,1.27500326796967,41,0.0199999999999996,5,1.896,NA,42.5,5.2,5.14702705077243,NA,2.4,NA
2506467,"Darren Sproles","PHI","RB",32,10,8,5.03666666666667,3.502,6.702,2.01990923888509,42,0.133333333333333,5,3.2,NA,43.9,5.1,5.87261328355256,NA,4,NA
2539217,"Andre Ellington","ARI","RB",26,2,9,5.03666666666667,2.78,6.868,2.58283436041364,42,0.271666666666667,5,4.088,NA,36.5,5.3,6.61307191418184,NA,4.9,NA
2495459,"Torrey Smith","SF","WR",26,4,10,5.03333333333333,3.24,6.12,1.81475434517549,49,0.0316666666666663,5,2.88,NA,43.7,5.4,4.84560340083258,NA,0,NA
2505785,"Malcom Floyd","SD","WR",34,11,10,5.01,4.5,5.244,0.536935750346352,50,0.161666666666666,5,0.744,NA,47.5,7.6,4.19266336817676,NA,0.7,NA
2552458,"Devin Funchess","CAR","WR",21,0,5,4.99333333333333,2.436,7.876,3.47219431099893,51,0.301666666666668,5,5.44,NA,67.4,8.1,7.87876987668442,NA,2,NA
2495438,"Kyle Rudolph","MIN","TE",26,4,5,4.86,3.676,5.516,1.16051712611232,17,0.393333333333334,4,1.84,NA,13.8,2.8,4.40421420376832,NA,7,NA
2543682,"Bishop Sankey","TEN","RB",23,1,4,4.77,4.3,5.028,0.455741154604234,44,0.0116666666666676,5,0.728000000000001,NA,47.2,5.5,4.48149792029888,NA,0,NA
497190,"Dexter McCluster","TEN","RB",27,5,4,4.76,3.496,5.816,1.45010344458594,45,0.0133333333333336,5,2.32,NA,48.2,5.7,5.68258598628626,NA,6.8,NA
2540178,"Knile Davis","KC","RB",24,2,9,4.75666666666667,2.92,6.016,1.99414977705621,46,0.223333333333334,5,3.096,NA,40.7,4.6,5.4964998806875,NA,0.2,NA
2552469,"Melvin Gordon","SD","RB",22,0,10,4.73666666666667,3.86,5.628,1.19876325157778,47,0.483333333333333,5,1.768,NA,26.8,5,4.92618402484422,NA,2.9,NA
2552491,"Dorial Green-Beckham","TEN","WR",22,0,4,4.70333333333333,3.2,5.528,1.47852403880807,52,0.0366666666666671,5,2.328,NA,48.7,5.5,4.48527763218438,NA,0,NA
2532978,"Jarius Wright","MIN","WR",26,3,5,4.68,4.156,4.604,0.395979797464467,53,0.0683333333333334,5,0.448,NA,75.3,8.6,4.41876660630329,NA,3.1,NA
2540169,"Robert Woods","BUF","WR",23,2,8,4.65333333333333,3.512,5.272,1.13160652761167,54,0.113333333333332,5,1.76,NA,44,4.8,3.79731633932374,NA,14.4,NA
2495189,"Jeremy Kerley","NYJ","WR",27,4,5,4.57,3.546,4.394,0.74953318805774,55,0.129999999999999,5,0.848,NA,96.1,11.4,5.94131056590681,NA,8.7,NA
80427,"Darrius Heyward-Bey","PIT","WR",28,6,11,4.51,3.598,4.222,0.551543289325507,56,0.155,5,0.624,NA,77,11,5.54848544320968,NA,NA,NA
2540158,"Zach Ertz","PHI","TE",25,2,8,4.47,3.548,5.14,1.00134908997812,18,0.0666666666666673,4,1.592,NA,17.5,2.5,4.01682712004674,NA,6.3,NA
2506369,"Heath Miller","PIT","TE",33,10,11,4.46333333333333,3.778,4.818,0.667108187128095,19,0.203333333333333,4,1.04,NA,23.9,3.2,4.04428143064505,NA,0,NA
2505551,"Andre Johnson","IND","WR",34,12,10,4.37,2.2,6.448,3.06572992939691,57,0.076666666666668,5,4.248,NA,47.8,4.5,5.97839706960191,NA,4.4,NA
2533046,"Dwayne Allen","IND","TE",25,3,10,4.34333333333333,2.78,5.044,1.44590225580201,20,0.373333333333334,4,2.264,NA,22.1,3.1,4.94837234680231,NA,1,NA
2550328,"Brandon Coleman","NO","WR",23,1,11,4.34,3.468,4.012,0.480832611206852,58,0.103333333333333,5,0.544,NA,72.7,9.9,5.03139811778927,NA,2.4,NA
2495560,"Ahmad Bradshaw","IND","RB",29,8,10,4.33,0.433,3.897,3.06177236253775,48,0.198333333333334,5,3.464,NA,44,5.6,7.33358281434304,NA,1.3,NA
2532887,"Jermaine Kearse","SEA","WR",25,3,9,4.24666666666667,2.72,5.312,1.64758408991266,59,0.0499999999999998,5,2.592,NA,54,7.5,5.47357485877611,NA,6.4,NA
2506313,"Nate Washington","HOU","WR",32,10,9,4.22666666666667,2.74,5.364,1.67156613190545,60,0.105,5,2.624,NA,53.8,11.1,6.91927361948049,NA,24.7,NA
71265,"Jared Cook","STL","TE",28,6,6,4.17666666666667,3.52,4.584,0.740697869129737,21,0.425,4,1.064,NA,22.4,2.9,3.94599682113989,NA,-1.1,NA
2539322,"Christine Michael","DAL","RB",25,2,6,4.17666666666667,3.906,4.546,0.453468117218105,49,0.113333333333332,5,0.64,NA,25.5,6.6,5.24601524428677,NA,2,NA
2550272,"Albert Wilson","KC","WR",23,1,9,4.16666666666667,1.32,6.52,3.31712727119918,61,0.153333333333333,5,5.2,NA,64.4,8.7,7.93063304756046,NA,7.1,NA
497145,"Joique Bell","DET","RB",29,5,9,4.08666666666667,2.98,4.708,1.09568852021609,50,0.083333333333333,5,1.728,NA,48.8,7.9,6.83807866239777,NA,3.5,NA
2506366,"Roddy White","ATL","WR",34,10,10,4.07666666666667,2.36,5.504,2.07692882240421,62,0.191666666666666,5,3.144,NA,49.8,5.4,5.15726205294299,NA,4.8,NA
2540037,"Fozzy Whittaker","CAR","RB",26,3,5,4.04,2.862,4.318,1.28693434175952,51,0.101666666666667,5,1.456,NA,69.5,5.1,5.09004321847186,NA,0,NA
2550658,"Branden Oliver","SD","RB",24,1,10,3.96666666666667,2.24,5.04,1.83393929379719,52,0.143333333333334,5,2.8,NA,55.4,7.1,7.06850401271368,NA,7.4,NA
2508097,"Andrew Hawkins","CLE","WR",29,4,11,3.95,3.3,4.3,0.661437827766148,63,0.136666666666667,5,1,NA,72,7,4.10446624489683,NA,2.1,NA
4433,"Marcel Reece","OAK","RB",30,7,6,3.91,1.402,4.618,2.84256926036992,53,0.226666666666667,5,3.216,NA,56.8,5.8,7.23899219932991,NA,1.5,NA
2541966,"Jaron Brown","ARI","WR",25,2,9,3.82,0.382,3.438,2.70114790413261,64,0.0166666666666671,6,3.056,NA,91.4,14.2,9.36354226000665,NA,0.3,NA
2530515,"Chris Hogan","BUF","WR",27,4,8,3.80666666666667,1.884,4.684,1.99803236543689,65,0.0333333333333332,6,2.8,NA,51.1,7.1,5.73270298477585,NA,5.6,NA
81831,"Brian Hartline","CLE","WR",29,6,11,3.8,2.84,4.84,1.38924439894498,66,0.0616666666666665,6,2,NA,79.8,9.9,6.11126827265829,NA,2.2,NA
2506122,"Benjamin Watson","NO","TE",35,11,11,3.76333333333333,3.378,3.698,0.228108161479009,22,0.161666666666667,4,0.32,NA,14.7,2.9,3.30932211094529,NA,5.9,NA
2535698,"Cole Beasley","DAL","WR",26,3,6,3.74666666666667,2.24,4.992,1.74600496371956,67,0.143333333333334,6,2.752,NA,54.8,5.5,4.80324429852176,NA,-3,NA
2532838,"Coby Fleener","IND","TE",27,3,10,3.74,2.18,4.916,1.7727944043233,23,0.295,4,2.736,NA,19.6,3.3,5.48085581066008,NA,4.7,NA
2495161,"Roy Helu","OAK","RB",27,4,6,3.73666666666667,2.1,4.908,1.76069115217103,54,0.111666666666666,5,2.808,NA,52.4,5.2,5.66557795973112,NA,0.3,NA
2540151,"Justin Hunter","TEN","WR",24,2,4,3.73,3.118,3.998,0.63221831672295,68,0.271666666666666,7,0.88,NA,65.7,8.8,4.77832680298084,NA,1.7,NA
284,"Darren McFadden","DAL","RB",28,7,6,3.63,2.38,5.012,1.79518801243769,55,0.0450000000000008,5,2.632,NA,38.1,5.4,5.84185336876864,NA,22.2,NA
2540273,"Zac Stacy","NYJ","RB",24,2,5,3.62,3.212,3.932,0.503189825016365,56,0.0783333333333331,5,0.72,NA,62.5,8.1,6.34493421194099,NA,3,NA
2543638,"DeAnthony Thomas","KC","RB",22,1,9,3.55,2.31,4.79,2.1920310216783,57,0.0799999999999996,5,2.48,NA,86.2,9.3,8.98471356932012,NA,1.2,NA
2543565,"Andre Williams","NYG","RB",23,1,11,3.53333333333333,1.92,4.72,1.78978583448784,58,0.161666666666667,5,2.8,NA,55.8,4.8,5.41775248505205,NA,1.3,NA
2541147,"Charles Johnson","MIN","WR",26,2,5,3.47666666666667,3.166,3.566,0.254230866208911,69,0.0383333333333327,7,0.4,NA,74.2,10.4,4.95885835593248,NA,2.1,NA
2495826,"Vernon Davis","SF","TE",31,9,10,3.46333333333333,2.22,4.132,1.19625805465766,25,0.1,4,1.912,NA,22.6,4,5.20736107550049,NA,6.1,NA
2540157,"Stedman Bailey","STL","WR",25,2,6,3.44,2.3,4.396,1.39097088395121,70,0.0116666666666672,7,2.096,NA,70.5,8.9,5.71965667250182,NA,0.8,NA
2506004,"Jerricho Cotchery","CAR","WR",33,11,5,3.43666666666667,2.06,4.548,1.71552712987389,71,0.0450000000000004,7,2.488,NA,74.7,7.8,5.6724410068734,NA,1.3,NA
2543794,"Crockett Gillmore","BAL","TE",24,1,9,3.42666666666667,1.82,4.284,1.57357342800815,26,0.171666666666666,4,2.464,NA,17,3,5.04371998305713,NA,5.3,NA
2532933,"Brian Quick","STL","WR",26,3,6,3.42,2.62,3.868,0.78689262291624,72,0.0658333333333339,7,1.248,NA,78.7,9.5,5.23775990811712,NA,0,NA
2552453,"Tevin Coleman","ATL","RB",22,0,10,3.40666666666667,1.9,4.716,1.81387246887242,59,0.101666666666667,5,2.816,NA,44.6,4.2,5.02513571065245,NA,1.4,NA
2540202,"Kenny Stills","MIA","WR",23,2,5,3.36333333333333,2.698,3.738,0.678994354419338,73,0.0508333333333333,7,1.04,NA,55.9,5.6,3.57420695043866,NA,NA,NA
2530660,"Kamar Aiken","BAL","WR",26,4,9,3.345,0.489,4.401,3.45775216000222,74,0.145,7,3.912,NA,42.7,5.4,6.79870917146999,NA,0.6,NA
2543600,"Alfred Blue","HOU","RB",24,1,9,3.33666666666667,1.98,4.548,1.60935805007255,60,0.0674999999999999,5,2.568,NA,62.1,5.5,5.71317181868912,NA,0.8,NA
2495835,"Anthony Fasano","TEN","TE",31,9,4,3.3,2.38,3.02,0.565685424949238,27,0.163333333333334,4,0.64,NA,30.4,5.6,5.43581472004317,NA,2.1,NA
2550546,"Philly Brown","CAR","WR",24,1,5,3.28,2.892,3.5,0.386264158316559,76,0.1775,7,0.608,NA,76.9,9.8,4.87961392798423,NA,3.8,NA
2552631,"Javorius Allen","BAL","RB",24,0,9,3.27333333333333,1.96,4.456,1.56720558106884,61,0.0541666666666667,5,2.496,NA,52.1,4.8,5.18011181811125,NA,3.5,NA
2553462,"Josh Robinson","IND","RB",23,0,10,3.265,2.213,3.117,0.799030662740799,62,0.136666666666667,5,0.904,NA,69.2,5,4.49940439120631,NA,NA,NA
2552468,"Maxx Williams","BAL","TE",21,0,9,3.21,2.678,3.142,0.410121933088198,28,0.258333333333334,4,0.464,NA,30.8,4.6,4.61029826800215,NA,NA,NA
2507428,"Mike Tolbert","CAR","RB",30,7,5,3.17333333333333,2.56,3.456,0.579770069366584,63,0.141666666666667,5,0.896000000000001,NA,65.8,7.1,5.729474128561,NA,13.8,NA
2532923,"Chris Owusu","NYJ","WR",25,3,5,3.12,0.312,2.808,2.20617315730203,77,0.0625,8,2.496,NA,83,9.7,7.00365562502501,NA,2.5,NA
497282,"Riley Cooper","PHI","WR",28,5,8,3.085,1.777,3.193,1.25157900270019,78,0.0575000000000001,8,1.416,NA,57.5,6,4.41232978466746,NA,NA,NA
2541544,"Benny Cunningham","STL","RB",25,2,6,3.08333333333333,2.92,3.2,0.202072594216369,64,0.183333333333333,5,0.28,NA,59.7,6.4,4.83816519159072,NA,2.4,NA
2541768,"Tim Wright","TB","TE",25,2,6,3.06333333333333,1.26,4.212,1.87163921024682,29,0.253333333333333,4,2.952,NA,28.2,5.9,7.24759537547765,NA,1.3,NA
2543746,"Josh Huff","PHI","WR",24,1,8,3.03,2.272,3.56,0.807279381626956,79,0.0724999999999998,8,1.288,NA,56.3,6.5,4.08100271695963,NA,0.5,NA
2528181,"Bryan Walters","JAC","WR",28,5,8,3.025,2.225,3.225,0.883883476483184,81,0.1375,8,1,NA,60.7,6.9,4.32953104760734,NA,0.5,NA
2533460,"Robert Turbin","CLE","RB",26,3,11,2.98,2.806,2.854,0.0424264068711932,65,0.175,5,0.048,NA,49,5.7,4.17966151324212,NA,3.8,NA
2543475,"Marqise Lee","JAC","WR",24,1,8,2.89,0.289,2.601,2.04353859762912,82,0.0341666666666662,8,2.312,NA,NA,NA,6.42419740507033,NA,NA,NA
80670,"Louis Murphy","TB","WR",28,6,6,2.885,1.637,3.533,1.67584307141212,83,0.061666666666667,8,1.896,NA,77.9,7.8,5.6252667727481,NA,2.9,NA
497234,"Garrett Graham","HOU","TE",29,5,9,2.84,2.14,3.116,0.612209114600559,30,0.0599999999999996,4,0.976,NA,37.5,5.2,5.24068262868981,NA,0,NA
2495159,"Dwayne Harris","NYG","WR",28,4,11,2.82666666666667,1.52,3.504,1.33571454036157,84,0.0150000000000001,8,1.984,NA,60.5,6.8,4.82727666219036,NA,4.3,NA
2532864,"Dan Herron","BUF","RB",26,3,8,2.82,1.44,4.128,1.70270373230342,66,0.0466666666666669,5,2.688,NA,63.8,8.4,7.8347772341303,NA,1.2,NA
2543638,"DeAnthony Thomas","KC","WR",22,1,9,2.82,2.82,2.82,NA,85,0.0383333333333331,8,0,NA,86.2,9.3,6.88152057898792,NA,1.2,NA
2540005,"Marlon Brown","BAL","WR",24,2,9,2.80333333333333,2.102,3.382,0.817333061446393,86,0.0633333333333335,8,1.28,NA,79.7,12.3,6.37620489598298,NA,2.2,NA
2495467,"Taiwan Jones","OAK","RB",27,4,6,2.79,0.279,2.511,1.97282791951047,67,0.116666666666666,5,2.232,NA,NA,NA,6.07782319233396,NA,5.2,NA
497226,"Jim Dray","CLE","TE",29,5,11,2.78,0.278,2.502,1.9657568516986,31,0.0649999999999999,4,2.224,NA,NA,NA,7.2608910530138,NA,1,NA
2508112,"Rob Housler","CLE","TE",27,4,11,2.78,0.278,2.502,1.9657568516986,31,0.18,4,2.224,NA,50.3,12,11.2214958568066,NA,NA,NA
2552600,"Nelson Agholor","PHI","WR",22,0,8,2.76,-0.264,2.424,2.3758787847868,87,0.0466666666666669,8,2.688,NA,NA,NA,7.21433301145376,NA,NA,NA
2539260,"Denard Robinson","JAC","RB",25,2,8,2.75666666666667,0.994,4.274,2.11769528812181,68,0.231666666666666,5,3.28,NA,47.9,6.7,7.09257095930719,NA,NA,NA
2539291,"Markus Wheaton","PIT","WR",24,2,11,2.72,1.94,3.508,1.07851750101702,88,0.026666666666666,8,1.568,NA,73.5,8.1,5.03329805169013,NA,1.6,NA
2552430,"Tyler Lockett","SEA","WR",23,0,9,2.70666666666667,1.76,3.376,1.02378383134983,89,0.0766666666666667,8,1.616,NA,63.8,7,4.53520331842199,NA,13.9,NA
2543641,"Devin Street","DAL","WR",24,1,6,2.68,2.136,3.224,0.961665222413705,90,0.1225,8,1.088,NA,92.3,6.4,4.2251617494874,NA,8.5,NA
2534820,"Garrett Celek","SF","TE",27,3,10,2.65,1.37,2.73,1.20208152801713,33,0.121666666666667,4,1.36,NA,29.5,5.9,6.41595471447822,NA,0.8,NA
2553439,"Mike Davis","SF","RB",22,0,10,2.59,0.259,2.331,1.83140656327316,69,0.14,5,2.072,NA,71.4,5.2,5.74107817684009,NA,NA,NA
2550617,"Taylor Gabriel","CLE","WR",24,1,11,2.58,1.84,3.312,1.00955435712992,91,0.0508333333333333,8,1.472,NA,77.4,8.8,5.22688321086994,NA,-1.5,NA
2540203,"Levine Toilolo","ATL","TE",24,2,10,2.55,1.81,2.69,0.777817459305202,34,0.0483333333333333,4,0.88,NA,46.9,8.7,7.65941297260498,NA,NA,NA
2543759,"Ryan Grant","WAS","WR",25,1,8,2.535,0.4,2.856,1.55830035615731,92,0.0266666666666668,8,2.456,NA,80.1,9.5,6.15476715043433,NA,11.4,NA
2552652,"Chris Conley","KC","WR",23,0,9,2.52333333333333,1.04,3.736,1.70810811523549,93,0.0591666666666666,8,2.696,NA,71.9,8.6,5.97855284955257,NA,12.3,NA
2539995,"Mychal Rivera","OAK","TE",25,2,6,2.50666666666667,2.064,2.784,0.456216322958017,35,0.0333333333333332,4,0.72,NA,30.7,4.6,4.66755094372689,NA,1.1,NA
2495150,"Kai Forbath","NO","K",28,4,11,2.5,0.4,2.8,1.52752523165195,24,0.55,4,2.4,NA,17.7,3.8,4.77342205131399,NA,3,NA
2495573,"Scott Chandler","NE","TE",30,8,4,2.49666666666667,1.318,3.398,1.31073770577234,36,0.0633333333333335,4,2.08,NA,28.4,3.8,5.22309435971051,NA,3.4,NA
2495801,"Miles Austin","PHI","WR",31,9,8,2.49333333333333,1.736,2.936,0.790021096764721,94,0.0724999999999993,8,1.2,NA,81.5,8.6,4.88718131056384,NA,5.2,NA
2507737,"Darrel Young","WAS","RB",28,6,8,2.46,2.46,2.46,NA,70,0.0283333333333338,5,0,NA,80.8,5.8,6.54298017491829,NA,0.1,NA
2507486,"Kellen Davis","NYJ","TE",30,7,5,2.45,0.245,2.205,1.73241161390704,37,0.0366666666666666,4,1.96,NA,45.4,6.3,7.32758228922827,NA,NA,NA
497176,"Toby Gerhart","JAC","RB",28,5,8,2.44,2.136,2.68,0.367151195013716,71,0.0433333333333334,5,0.544,NA,53.8,6.2,4.87496908740505,NA,0.8,NA
2535869,"Rod Streater","OAK","WR",27,3,6,2.435,1.627,2.643,0.898025612106916,95,0.0283333333333333,8,1.016,NA,NA,NA,3.70075127242959,NA,NA,NA
2542022,"Khiry Robinson","NO","RB",26,2,11,2.42333333333333,1.12,3.976,2.03288792935895,72,0.0683333333333329,5,2.856,NA,49.1,4.5,5.46813697013844,NA,15.1,NA
324,"Jacob Tamme","ATL","TE",30,7,10,2.41666666666667,1.24,3.12,1.31561139145773,38,0.0291666666666668,4,1.88,NA,15.9,3.4,4.9762298519453,NA,3.6,NA
2541834,"Josh Hill","NO","TE",25,2,11,2.41,1.22,3.244,1.26858188541379,39,0.0891666666666668,4,2.024,NA,29.7,3,4.66489770259615,NA,0,NA
2495867,"Greg Jennings","MIA","WR",32,9,5,2.40666666666667,1.604,3.124,0.981902914413301,96,0.0333333333333341,8,1.52,NA,85.6,9.3,5.39084466645189,NA,3.7,NA
2552424,"Phillip Dorsett","IND","WR",22,0,10,2.40666666666667,1.26,3.276,1.28768526175201,97,0.0716666666666668,8,2.016,NA,68.8,6.8,4.7701820876478,NA,0.8,NA
2534437,"Austin Johnson","NO","RB",26,2,11,2.37,0.237,2.133,1.67584307141212,73,0.0600000000000001,5,1.896,NA,82.5,3.8,4.59887806523927,NA,NA,NA
2540200,"Dion Sims","MIA","TE",24,2,5,2.365,0.993,2.537,1.36471608769004,40,0.141666666666667,4,1.544,NA,29.7,2.5,4.46815607673379,NA,-0.3,NA
2495979,"DeAngelo Williams","PIT","RB",32,9,11,2.34,1.68,2.816,0.814125297481905,74,0.0675000000000003,5,1.136,NA,63.2,6.1,5.2824645334547,NA,1.7,NA
2531049,"Chris Matthews","SEA","WR",26,2,9,2.34,1.448,2.632,1.04651803615609,98,0.0674999999999999,8,1.184,NA,104.9,7.5,4.7590604707883,NA,NA,NA
2540145,"Cordarrelle Patterson","MIN","WR",24,2,5,2.33,1.372,3.22,1.16434530960536,99,0.130833333333333,8,1.848,NA,104.7,12.5,6.86744683149069,NA,0,NA
163982,"Will Johnson","PIT","RB",26,4,11,2.28,0.228,2.052,1.61220346110533,75,0.0524999999999998,5,1.824,NA,NA,NA,5.30777252077473,NA,NA,NA
497238,"Jermaine Gresham","ARI","TE",27,5,9,2.27666666666667,2,2.424,0.305995642670502,41,0.111666666666666,4,0.424,NA,31.2,4.6,4.48096563649232,NA,6.2,NA
2506874,"Reggie Bush","SF","RB",30,9,10,2.265,0.953000000000001,2.977,1.78898015640197,76,0.0833333333333339,5,2.024,NA,59.2,5.7,6.04439206103751,NA,3.4,NA
2495453,"Andre Holmes","OAK","WR",27,4,6,2.215,1.663,2.167,0.445477272147525,100,0.0666666666666664,8,0.504,NA,93,12.4,5.97352950540147,NA,0,NA
2495258,"Matt Asiata","MIN","RB",28,4,5,2.19,1.752,2.328,0.509116882454314,77,0.0483333333333333,5,0.576,NA,66.5,5.3,4.39904080881972,NA,0.5,NA
2506109,"Ben Roethlisberger","PIT","QB",33,11,11,2.186,0.2186,1.9674,1.54573542367379,29,1.897,6,1.7488,NA,23.7,4.7,5.98804574867493,NA,NA,NA
2506287,"Lance Moore","DET","WR",32,10,9,2.18333333333333,0.85,3.09,1.48352058743158,101,0.106666666666666,8,2.24,NA,62.8,6,4.68804923085397,NA,0,NA
2533030,"Jonas Gray","MIA","RB",25,3,5,2.17333333333333,1.804,2.524,0.451811169996198,78,0.120000000000001,5,0.72,NA,63.1,5.3,4.33785762873577,NA,5.8,NA
71431,"Brandon Pettigrew","DET","TE",30,6,9,2.17,0.217,1.953,1.53442171517481,42,0.0149999999999997,4,1.736,NA,NA,NA,6.1893901276376,NA,NA,NA
2532835,"Rhett Ellison","MIN","TE",27,3,5,2.16,0.216,1.944,1.52735064736294,43,0.0249999999999999,4,1.728,NA,49,2.1,4.41724236007282,NA,NA,NA
2541199,"Luke Willson","SEA","TE",25,2,9,2.15,1.52,2.6,0.676387462923434,44,0.0316666666666672,4,1.08,NA,35.3,1.7,3.10736452385447,NA,NA,NA
2553318,"James OShaughnessy","KC","TE",NA,NA,9,2.12,0.212,1.908,1.49906637611548,45,0.0341666666666667,4,1.696,NA,45.5,1.9,4.25565218745273,NA,0.2,NA
2540211,"Gavin Escobar","DAL","TE",24,2,6,2.11666666666667,1.5,2.34,0.525198375219625,46,0.0691666666666664,4,0.84,NA,37.6,4,4.37385482176078,NA,NA,NA
2553434,"Devin Smith","NYJ","WR",NA,NA,5,2.11333333333333,1.76,2.272,0.320208265560609,102,0.113333333333333,8,0.512,NA,77.7,7.2,3.77756402994588,NA,0.7,NA
2533037,"Chris Polk","HOU","RB",26,3,9,2.11,1.38,2.764,0.905704145954958,79,0.181666666666666,5,1.384,NA,62.7,6,5.31051767099007,NA,1.8,NA
2539202,"Chris Gragg","BUF","TE",25,2,8,2.055,0.499,3.611,2.75064537881567,47,0.0250000000000004,4,3.112,NA,35.4,6.3,8.59230469295099,NA,3.5,NA
2495802,"Jason Avant","KC","WR",32,9,9,2.04,1.244,2.524,0.835942581760255,103,0.0974999999999999,8,1.28,NA,101.8,10.7,5.76846455250246,NA,1.1,NA
2534241,"Derek Carrier","WAS","TE",25,3,8,2.04,1.388,2.092,0.622253967444162,48,0.0516666666666667,4,0.704,NA,23.9,6.4,6.01191305476113,NA,1.5,NA
2507218,"Brent Celek","PHI","TE",30,8,8,2.02,-0.1,2.812,1.88056729029656,49,0.101666666666666,4,2.912,NA,29.9,5.5,7.00576672839869,NA,1.1,NA
2539637,"Caleb Sturgis","PHI","K",26,2,8,2,0.4,2,1.15470053837925,25,0.1,4,1.6,NA,17.1,4.9,5.52035708605737,NA,12,NA
2550512,"Damien Williams","MIA","RB",23,1,5,1.99666666666667,0.44,3.312,1.82757580782121,80,0.143333333333333,5,2.872,NA,69.7,5.9,6.22504359710421,NA,-0.0999999999999999,NA
2540261,"Corey Fuller","DET","WR",25,2,9,1.96,-0.344,1.704,1.81019335983756,104,0.05,8,2.048,NA,103.4,12.3,7.55646281277703,NA,NA,NA
89766,"Brandon Myers","TB","TE",30,6,6,1.95666666666667,1.44,2.216,0.500632932729493,50,0.0983333333333332,4,0.776,NA,30.2,4.1,4.40657220438276,NA,0,NA
2495651,"Jacoby Jones","SD","WR",31,8,10,1.925,0.665,3.185,2.22738636073763,105,0.0474999999999999,8,2.52,NA,NA,NA,6.8612936979633,NA,0,NA
2506194,"Nick Novak","HOU","K",NA,NA,9,1.9,0.36,1.96,1.10151410945722,26,0,4,1.6,NA,20.4,5.1,5.67051382595714,NA,2,NA
2507463,"Connor Barth","TB","K",29,7,6,1.9,0.36,1.96,1.10151410945722,26,0.95,4,1.6,NA,25,3.6,4.15225715021585,NA,13,NA
2550545,"Chris Boswell","PIT","K",26,1,11,1.9,0.19,1.71,1.34350288425444,26,1.9,4,1.52,NA,16.6,3.8,4.59254460887901,NA,7,NA
2543646,"Bruce Ellington","SF","WR",24,1,10,1.895,1.359,1.831,0.417193000900063,106,0.11,8,0.472,NA,106.6,8.9,4.56208288540165,NA,0,NA
2495347,"Lee Smith","OAK","TE",28,4,6,1.88,0.188,1.692,1.32936074863071,51,0.0591666666666668,4,1.504,NA,51.6,4.6,5.75206154914073,NA,0.1,NA
2539303,"Zach Line","MIN","RB",25,2,5,1.86,0.186,1.674,1.31521861300698,82,0.0166666666666671,5,1.488,NA,85.2,10.6,8.95496209179205,NA,5.1,NA
2552409,"DeVante Parker","MIA","WR",22,0,5,1.86,1.1,2.524,0.91804139340228,107,0.155,8,1.424,NA,NA,NA,3.74833860042115,NA,NA,NA
497172,"Anthony Dixon","BUF","RB",28,5,8,1.84666666666667,0.74,2.772,1.27064288190401,83,0.0516666666666667,5,2.032,NA,68.8,9.5,8.14042607828391,NA,NA,NA
2495314,"Bruce Miller","SF","RB",28,4,10,1.84,0.184,1.656,1.30107647738325,84,0.1775,5,1.472,NA,77.1,7,6.4298639848404,NA,NA,NA
497224,"Ed Dickson","CAR","TE",28,5,5,1.83666666666667,1.16,2.288,0.707130351019763,52,0.0658333333333334,4,1.128,NA,36.2,4.9,5.16889340335661,NA,NA,NA
2552402,"Nick Boyle","BAL","TE",22,0,9,1.805,1.341,1.669,0.289913780286485,53,0.221666666666667,4,0.328,NA,53.5,6.9,5.91526920150443,NA,2,NA
2534571,"Bobby Rainey","TB","RB",28,3,6,1.75,0.51,2.99,2.1920310216783,85,0.1825,5,2.48,NA,81.9,2.9,4.52249299300727,NA,0.4,NA
2495888,"Marcedes Lewis","JAC","TE",31,9,8,1.73666666666667,0.842,2.522,1.06819161826581,54,0.341666666666667,4,1.68,NA,40.4,8,7.57747288900711,NA,1.3,NA
2539250,"Quinton Patton","SF","WR",25,2,10,1.71,-0.0989999999999998,1.509,1.42128463018496,108,0.05,8,1.608,NA,87,8.3,5.51949362236182,NA,0.2,NA
2495315,"Denarius Moore","BUF","WR",27,4,8,1.7,-0.37,1.47,1.62634559672906,109,0.22,8,1.84,NA,90.2,11.6,7.06234990068279,NA,0,NA
497320,"Andre Roberts","WAS","WR",27,5,8,1.62,0.516,2.724,1.95161471607487,110,0.48,8,2.208,NA,97.3,10.7,7.09471445010141,NA,4.9,NA
2543596,"Dri Archer","PIT","RB",24,1,11,1.575,0.355,2.795,2.15667568261897,86,0.02,5,2.44,NA,NA,NA,6.47039804450141,NA,0,NA
2540230,"Kyle Juszczyk","BAL","RB",24,2,9,1.56,0.156,1.404,1.10308657865101,87,0.0333333333333332,5,1.248,NA,68.1,4.4,4.40570041685391,NA,7.5,NA
2552464,"Jalston Fowler","TEN","RB",NA,NA,4,1.55,0.155,1.395,1.09601551083915,88,0.158333333333333,5,1.24,NA,81.7,2.1,2.79454038085365,NA,NA,NA
2543715,"Jerick McKinnon","MIN","RB",23,1,5,1.50333333333333,1.202,1.922,0.516752681012236,89,0.323333333333333,5,0.72,NA,70,5.1,4.26774887423362,NA,3.7,NA
2495234,"Luke Stocker","TB","TE",27,4,6,1.43,1.43,1.43,NA,55,0.175,4,0,NA,NA,NA,NA,NA,2.2,NA
2540215,"Vance McDonald","SF","TE",25,2,10,1.36,-0.134,1.194,1.17379725676967,56,0.211666666666667,4,1.328,NA,47.7,2.9,4.48393861551357,NA,0.1,NA
2539256,"Aaron Dobson","NE","WR",24,2,4,1.34,0.412,2.268,1.64048773235279,111,0.4125,8,1.856,NA,85.3,23.3,11.6850295223902,NA,1.8,NA
2495340,"Anthony Sherman","KC","RB",27,4,9,1.28,0.128,1.152,0.905096679918781,90,0.23,5,1.024,NA,78.9,3.6,3.63653638595541,NA,NA,NA
2495187,"Lance Kendricks","STL","TE",27,4,6,1.15,1.03,1.27,0.212132034355964,57,0.0266666666666666,4,0.24,NA,30,3.6,3.73208504913936,NA,NA,NA
2552397,"Clive Walford","OAK","TE",24,0,6,1.14666666666667,0.76,1.352,0.372200662725543,58,0.0916666666666666,4,0.592,NA,40.2,5,4.81611520676044,NA,10.2,NA
2543721,"C.J. Fiedorowicz","HOU","TE",24,1,9,1.1,0.44,1.72,0.871779788708135,59,0.145,4,1.28,NA,37.6,4.9,5.3734003051912,NA,0,NA
2532797,"Brandon Bolden","NE","RB",25,3,4,1.08,0.264,1.896,1.44249783362056,91,0.0750000000000002,5,1.632,NA,NA,NA,4.94539573415862,NA,NA,NA
2543695,"Jay Prosch","HOU","RB",23,1,9,1.02,0.102,0.918,0.721248916810278,92,0.0425,5,0.816,NA,NA,NA,3.40529439104016,NA,NA,NA
497242,"Clay Harbor","JAC","TE",28,5,8,1.01,0.298,1.722,1.25865007051205,60,0.335,4,1.424,NA,60.5,1.5,3.70411918598485,NA,NA,NA
2543773,"James White","NE","RB",23,1,4,0.99,0.262,1.718,1.28693434175952,93,0.0774999999999999,5,1.456,NA,77.6,2.9,3.55615489536431,NA,3,NA
2506871,"Fred Jackson","SEA","RB",34,9,9,0.965,0.377,1.553,1.03944696834423,94,0.1125,5,1.176,NA,62.2,5.6,5.17442112742205,NA,3.5,NA
2495306,"Ricardo Lockette","SEA","WR",29,4,9,0.94,0.332,1.548,1.07480230740355,112,0.0600000000000001,8,1.216,NA,98.7,9.9,5.73747674477021,NA,0,NA
2530700,"Dontrelle Inman","SD","WR",26,2,10,0.915,0.287,1.543,1.11015764646288,113,0.1375,8,1.256,NA,75.8,11.8,6.52746674122967,NA,2.6,NA
2507883,"Jeff Cumberland","NYJ","TE",28,5,5,0.9,0.18,1.78,1.05830052442584,61,0.515,4,1.6,NA,39.7,7.9,7.50195791416887,NA,1.6,NA
2540225,"Tommy Bohanon","NYJ","RB",25,2,5,0.86,0.0860000000000001,0.774,0.608111831820431,95,0.0375000000000001,5,0.688,NA,NA,NA,3.16370986662942,NA,3.6,NA
2552375,"Cameron Artis-Payne","CAR","RB",23,0,5,0.845,0.241,1.449,1.06773123959169,96,0.0649999999999999,5,1.208,NA,71.2,6.9,6.11100774753694,NA,0,NA
2552420,"Keith Mumphery","HOU","WR",23,0,9,0.845,0.241,1.449,1.06773123959169,114,0.14,8,1.208,NA,74.8,10.6,6.00463581247772,NA,1.6,NA
2530763,"Patrick DiMarco","ATL","RB",26,4,10,0.8,0.0800000000000001,0.72,0.565685424949238,97,0.145,5,0.64,NA,81.8,4,3.55304838535885,NA,0,NA
2508096,"Tyler Clutts","DAL","RB",31,5,6,0.76,0.0760000000000001,0.684,0.537401153701776,98,0.22,5,0.608,NA,NA,NA,3.0127195388727,NA,NA,NA
497286,"Marcus Easley","BUF","WR",28,5,8,0.71,0.0710000000000001,0.639,0.502045814642449,115,0.13,8,0.568,NA,103,10.2,5.17471439688763,NA,11.8,NA
2543491,"Paul Richardson","SEA","WR",23,1,9,0.7,0.7,0.7,NA,116,0.245,8,0,NA,NA,NA,NA,NA,NA,NA
2543664,"Terrance West","TEN","RB",24,1,4,0.55,0.11,0.99,0.777817459305202,99,0.0675,5,0.88,NA,NA,NA,3.52608665324553,NA,NA,NA
230,"Jerome Felton","BUF","RB",29,7,8,0.53,0.053,0.477,0.37476659402887,100,0.1475,5,0.424,NA,NA,NA,2.66544178503227,NA,NA,NA
2495558,"Dwayne Bowe","CLE","WR",31,8,11,0.46,0.268,0.652,0.339411254969543,117,0.0349999999999999,8,0.384,NA,NA,NA,2.37265099787021,NA,NA,NA
2534244,"Chase Ford","MIN","TE",25,3,5,0.45,0.17,0.73,0.494974746830583,62,0.245,4,0.56,NA,NA,NA,3.60724855337037,NA,NA,NA
2552656,"J.J. Nelson","ARI","WR",23,0,9,0.45,0.0900000000000001,0.81,0.636396103067893,118,0.05,8,0.72,NA,NA,NA,3.07872962485115,NA,NA,NA
2539315,"Stepfan Taylor","ARI","RB",24,2,9,0.435,0.143,0.727,0.51618795026618,101,0.1275,5,0.584,NA,88,4.7,3.98825714617822,NA,NA,NA
2552418,"Justin Hardy","ATL","WR",24,0,10,0.4,0.0800000000000001,0.72,0.565685424949238,119,0.12,8,0.64,NA,NA,NA,2.91061566604616,NA,NA,NA
2552470,"Sammie Coates","PIT","WR",22,0,11,0.4,0.0800000000000001,0.72,0.565685424949238,119,0.25,8,0.64,NA,105,17,7.92728054464245,NA,NA,NA
2534770,"Jonathan Grimes","HOU","RB",26,3,9,0.33,0.194,0.466,0.240416305603426,102,0.0975,5,0.272,NA,76,6.2,4.73965895462596,NA,0,NA
2552401,"MyCole Pruitt","MIN","TE",23,0,5,0.32,0.0960000000000001,0.544,0.395979797464467,63,0.24,4,0.448,NA,58.5,2.5,3.26491323430313,NA,1.3,NA
2533033,"Robert Griffin","WAS","QB",25,3,8,0.294,0.0294,0.2646,0.207889393668845,30,0.031,6,0.2352,NA,NA,NA,3.79917486930737,NA,NA,NA
2533545,"Bernard Pierce","JAC","RB",24,3,8,0.285,0.113,0.457,0.304055915910215,103,0.12,5,0.344,NA,89,9.9,7.38732587279734,NA,NA,NA
2539335,"Geno Smith","NYJ","QB",25,2,5,0.284,0.0284,0.2556,0.20081832585698,31,0.049,6,0.2272,NA,NA,NA,3.78793974519284,NA,NA,NA
2539275,"Mike Glennon","TB","QB",26,2,6,0.242,0.0242,0.2178,0.171119841047145,32,0.025,6,0.1936,NA,35.7,8,6.44438222566401,NA,NA,NA
79858,"Mark Sanchez","PHI","QB",29,6,8,0.228,0.0228,0.2052,0.161220346110533,33,0.032,6,0.1824,NA,36,6,5.49809912913449,NA,NA,NA
2532888,"Case Keenum","STL","QB",27,3,6,0.206,0.0206,0.1854,0.145663996924429,34,0.022,6,0.1648,NA,39,7,5.95494974743318,NA,NA,NA
2543462,"Johnny Manziel","CLE","QB",23,1,11,0.186,0.0186,0.1674,0.131521861300698,35,0.01,6,0.1488,NA,41,12,8.28976089744203,NA,1.58,NA
252,"Chad Henne","JAC","QB",30,7,8,0.182,0.0182,0.1638,0.128693434175952,36,0.013,6,0.1456,NA,NA,NA,3.67334147922463,NA,NA,NA
2507779,"Donald Brown","SD","RB",28,6,10,0.18,0.018,0.162,0.127279220613579,104,0.07,5,0.144,NA,NA,NA,2.13697563788377,NA,NA,NA
2542065,"Matt McGloin","OAK","QB",26,2,6,0.17,0.017,0.153,0.120208152801713,37,0.01,6,0.136,NA,NA,NA,3.6598593302872,NA,NA,NA
2532970,"Brandon Weeden","DAL","QB",32,3,6,0.168,0.0168,0.1512,0.11879393923934,38,0.019,6,0.1344,NA,42.5,9.5,7.10662614867726,NA,NA,NA
2541388,"Brice Butler","DAL","WR",25,2,6,0.16,0.016,0.144,0.113137084989848,121,0.02,8,0.128,NA,89.5,0.5,0.893860686197761,NA,4.1,NA
2501078,"Matt Hasselbeck","IND","QB",40,17,10,0.152,0.0152,0.1368,0.107480230740355,39,0.00799999999999998,6,0.1216,NA,31.5,2.5,3.81317326561291,NA,NA,NA
2540224,"Mike James","FA","RB",24,2,NA,0.15,0.015,0.135,0.106066017177982,105,0.085,5,0.12,NA,NA,NA,2.09167853955676,NA,NA,NA
2505982,"Matt Schaub","BAL","QB",34,11,9,0.146,0.0146,0.1314,0.103237590053236,40,0.005,6,0.1168,NA,NA,NA,3.63289503241232,NA,NA,NA
2506895,"Kellen Clemens","SD","QB",32,9,10,0.142,0.0142,0.1278,0.10040916292849,41,0.00900000000000001,6,0.1136,NA,NA,NA,3.62840098276651,NA,NA,NA
2504833,"Shaun Hill","MIN","QB",NA,NA,5,0.14,0.014,0.126,0.0989949493661167,42,0.02,6,0.112,NA,NA,NA,3.62615395794361,NA,NA,NA
2532850,"T.J. Graham","NO","WR",26,3,11,0.14,0.014,0.126,0.0989949493661166,122,0.015,8,0.112,NA,NA,NA,1.80106353793326,NA,NA,NA
2532900,"Keshawn Martin","NE","WR",25,3,4,0.14,0.014,0.126,0.0989949493661166,122,0.035,8,0.112,NA,77.1,9.4,4.38065845355313,NA,NA,NA
2495443,"Ryan Mallett","HOU","QB",27,4,9,0.126,0.0126,0.1134,0.089095454429505,43,0.019,6,0.1008,NA,36,5,4.97159074132571,NA,NA,NA
2495748,"Drew Stanton","ARI","QB",31,8,9,0.114,0.0114,0.1026,0.0806101730552664,44,0.025,6,0.0912,NA,NA,NA,3.59694263524583,NA,NA,NA
2541785,"Adam Thielen","MIN","WR",25,1,5,0.11,0.11,0.11,NA,124,0.025,8,0,NA,106,4.6,3.18107944028936,NA,3,NA
81284,"Chase Daniel","KC","QB",29,6,9,0.1,0.01,0.09,0.0707106781186548,45,0.024,6,0.08,NA,NA,NA,3.58121346148548,NA,NA,NA
2535876,"Griff Whalen","IND","WR",25,3,10,0.1,0.01,0.09,0.0707106781186548,125,0.05,8,0.08,NA,105.7,7.2,3.4809749697563,NA,-3,NA
2539327,"Joseph Fauria","FA","TE",25,2,NA,0.09,0.00900000000000001,0.081,0.0636396103067893,64,0.025,4,0.072,NA,NA,NA,2.53574762799417,NA,NA,NA
2495441,"Blaine Gabbert","SF","QB",26,4,10,0.078,0.00780000000000001,0.0702,0.0551543289325507,46,0.00499999999999999,6,0.0624,NA,NA,NA,3.55649618843352,NA,NA,NA
2506546,"Derek Anderson","CAR","QB",32,10,5,0.074,0.00740000000000001,0.0666,0.0523259018078045,47,0.026,6,0.0592,NA,NA,NA,3.55200213878771,NA,NA,NA
2506053,"Luke McCown","NO","QB",34,11,11,0.072,0.00720000000000001,0.0648,0.0509116882454314,48,0.05,6,0.0576,NA,NA,NA,3.5497551139648,NA,1,NA
2541910,"George Winn","DET","RB",25,2,9,0.07,0.00700000000000001,0.063,0.0494974746830583,106,0.01,5,0.056,NA,NA,NA,1.97088627735139,NA,0,NA
497246,"Michael Hoomanawanui","NO","TE",27,5,11,0.07,0.00700000000000001,0.063,0.0494974746830583,65,0.015,4,0.056,NA,56,4,3.78299876580033,NA,9.1,NA
2552654,"Geremy Davis","NYG","WR",23,0,11,0.07,0.00700000000000001,0.063,0.0494974746830583,126,0.045,8,0.056,NA,106,6.6,3.21955950538032,NA,NA,NA
2539289,"Kenjon Barner","PHI","RB",26,2,8,0.06,0.00600000000000001,0.054,0.0424264068711929,107,0.01,5,0.048,NA,NA,NA,1.95578724457572,NA,NA,NA
2536532,"Jorvorskie Lane","TB","RB",28,3,6,0.06,0.00600000000000001,0.054,0.0424264068711929,108,0.025,5,0.048,NA,NA,NA,1.95578724457572,NA,NA,NA
497250,"Anthony McCoy","WAS","TE",28,5,8,0.06,0.00600000000000001,0.054,0.0424264068711929,66,0.01,4,0.048,NA,NA,NA,2.48305086117239,NA,NA,NA
1992,"Craig Stevens","TEN","TE",31,7,4,0.05,0.05,0.05,NA,67,0,4,0,NA,53.3,4.6,5.82413504992106,NA,NA,NA
2507182,"Matt Spaeth","PIT","TE",31,8,11,0.05,0.005,0.045,0.0353553390593274,67,0.005,4,0.04,NA,NA,NA,2.46548527223179,NA,NA,NA
2543628,"Troy Niklas","ARI","TE",23,1,9,0.05,0.005,0.045,0.0353553390593274,67,0.01,4,0.04,NA,42.5,5.3,4.58741664266257,NA,NA,NA
71435,"John Phillips","SD","TE",28,6,10,0.04,0.004,0.036,0.0282842712474619,70,0,4,0.032,NA,NA,NA,2.4479196832912,NA,0.5,NA
79589,"David Johnson","SD","TE",28,6,10,0.04,0.004,0.036,0.0282842712474619,70,0,4,0.032,NA,NA,NA,2.4479196832912,NA,NA,NA
2536044,"Jamize Olawale","OAK","RB",26,3,6,0.04,0.004,0.036,0.0282842712474619,109,0.015,5,0.032,NA,74.7,5.4,3.95539589095178,NA,0.4,NA
2540232,"Jack Doyle","IND","TE",25,2,10,0.04,0.004,0.036,0.0282842712474619,70,0.005,4,0.032,NA,51,1.9,2.42883093763101,NA,NA,NA
2541187,"Demetrius Harris","KC","TE",24,2,9,0.04,0.004,0.036,0.0282842712474619,70,0.01,4,0.032,NA,NA,NA,2.4479196832912,NA,NA,NA
2550481,"Orleans Darkwa","NYG","RB",23,1,11,0.03,0.003,0.027,0.0212132034355964,110,0.015,5,0.024,NA,NA,NA,1.9104901462487,NA,10.8,NA
2507405,"Matthew Mulligan","BUF","TE",30,7,8,0.03,0.003,0.027,0.0212132034355964,74,0,4,0.024,NA,55.3,11.1,8.23716190115,NA,NA,NA
2533028,"James Hanna","DAL","TE",26,3,6,0.03,0.003,0.027,0.0212132034355964,74,0,4,0.024,NA,NA,NA,2.43035409435061,NA,0.6,NA
2533353,"Cory Harkey","STL","TE",25,3,6,0.03,0.003,0.027,0.0212132034355964,74,0,4,0.024,NA,37,8.5,6.59319496954433,NA,0.4,NA
2539645,"Brandon Williams","MIA","TE",28,3,5,0.03,0.03,0.03,NA,74,0.005,4,0,NA,NA,NA,NA,NA,NA,NA
2541828,"Frankie Hammond","KC","WR",NA,NA,9,0.03,0.003,0.027,0.0212132034355964,128,0.015,8,0.024,NA,NA,NA,1.61613818324778,NA,NA,NA
2552633,"Jesse James","PIT","TE",21,0,11,0.03,0.003,0.027,0.0212132034355964,74,0.01,4,0.024,NA,NA,NA,2.43035409435061,NA,NA,NA
2506481,"Dan Orlovsky","DET","QB",32,10,9,0.024,0.0024,0.0216,0.0169705627484771,49,0.006,6,0.0192,NA,NA,NA,3.49582651821505,NA,NA,NA
2550355,"Nic Jacobs","JAC","TE",24,1,8,0.02,0.002,0.018,0.014142135623731,79,0.005,4,0.016,NA,NA,NA,2.41278850541001,NA,0,NA
2552408,"Darren Waller","BAL","WR",23,0,9,0.02,0.02,0.02,NA,129,0.015,8,0,NA,NA,NA,NA,NA,NA,NA
2552636,"Michael Burton","DET","RB",23,0,9,0.02,0.002,0.018,0.014142135623731,111,0.015,5,0.016,NA,87,0,0.175298246912146,NA,0,NA
2553446,"Malcolm Johnson","CLE","TE",23,0,11,0.02,0.002,0.018,0.014142135623731,79,0.015,4,0.016,NA,NA,NA,2.41278850541001,NA,NA,NA
2495863,"Tarvaris Jackson","SEA","QB",32,9,9,0.02,0.002,0.018,0.014142135623731,50,0.006,6,0.016,NA,NA,NA,3.49133246856924,NA,NA,NA
2539961,"Ryan Nassib","NYG","QB",25,2,11,0.016,0.0016,0.0144,0.0113137084989848,51,0.006,6,0.0128,NA,34.5,5.5,5.14440218610813,NA,NA,NA
2507282,"Matt Moore","MIA","QB",31,8,5,0.012,0.0012,0.0108,0.00848528137423857,52,0.008,6,0.0096,NA,NA,NA,3.48234436927762,NA,0.36,NA
2508020,"Richie Brockel","CAR","TE",29,5,5,0.01,0.01,0.01,NA,81,0.01,4,0,NA,NA,NA,NA,NA,NA,NA
2527672,"Will Tukuafu","SEA","RB",31,5,9,0.01,0.01,0.01,NA,114,0.01,0,0,NA,NA,NA,NA,NA,NA,NA
2541944,"Russell Shepard","TB","WR",25,2,6,0.01,0.001,0.009,0.00707106781186548,130,0.01,8,0.008,NA,112,7.5,3.52342287357167,NA,NA,NA
2543801,"Jimmy Garoppolo","NE","QB",24,1,4,0.008,0.000800000000000001,0.0072,0.00565685424949238,54,0.008,6,0.0064,NA,35.5,0.5,2.79386186233894,NA,NA,NA
184,"Donnie Avery","FA","WR",31,7,NA,0,0,0,NA,131,0,8,0,NA,NA,NA,NA,NA,NA,NA
206,"Andre Caldwell","DEN","WR",30,7,7,0,0,0,NA,131,0,8,0,NA,NA,NA,NA,NA,NA,NA
216,"Fred Davis","FA","TE",29,7,NA,0,0,0,NA,82,0,0,0,NA,NA,NA,NA,NA,NA,NA
222,"Harry Douglas","TEN","WR",31,7,4,0,0,0,NA,131,0,8,0,NA,84.6,6.8,4.91320082436102,NA,NA,NA
234,"Matt Forte","CHI","RB",30,7,7,0,0,0,NA,115,0,0,0,NA,NA,NA,NA,NA,NA,NA
318,"Jerome Simpson","SF","WR",29,7,10,0,0,0,NA,131,0,8,0,NA,NA,NA,NA,NA,NA,NA
367,"Matt Flynn","FA","QB",30,7,NA,0,0,0,NA,55,0,6,0,NA,NA,NA,NA,NA,NA,NA
832,"Josh Morgan","FA","WR",30,7,NA,0,0,0,NA,131,0,8,0,NA,NA,NA,NA,NA,NA,NA
925,"Jamaal Charles","KC","RB",29,7,9,0,0,0,NA,115,0,0,0,NA,NA,NA,NA,NA,NA,NA
929,"BenJarvus Green-Ellis","FA","RB",30,7,NA,0,0,0,NA,115,0,0,0,NA,NA,NA,NA,NA,NA,NA
941,"Ray Rice","FA","RB",28,7,NA,0,0,0,NA,115,0,0,0,NA,NA,NA,NA,NA,NA,NA
1030,"Mario Manningham","FA","WR",29,7,NA,0,0,0,NA,131,0,8,0,NA,NA,NA,NA,NA,NA,NA
1032,"Jordy Nelson","GB","WR",30,7,7,0,0,0,NA,131,0,8,0,NA,NA,NA,NA,NA,NA,NA
1062,"Martellus Bennett","CHI","TE",28,7,7,0,0,0,NA,82,0,0,0,NA,NA,NA,NA,NA,NA,NA
1072,"Jermichael Finley","FA","TE",28,7,NA,0,0,0,NA,82,0,0,0,NA,NA,NA,NA,NA,NA,NA
1581,"DeSean Jackson","WAS","WR",29,7,8,0,0,0,NA,131,0,8,0,NA,NA,NA,NA,NA,NA,NA
1966,"John Carlson","FA","TE",31,7,NA,0,0,0,NA,82,0,0,0,NA,NA,NA,NA,NA,NA,NA
1980,"Peyton Hillis","FA","RB",29,7,NA,0,0,0,NA,115,0,0,0,NA,NA,NA,NA,NA,NA,NA
1990,"Eddie Royal","CHI","WR",29,7,7,0,0,0,NA,131,0,8,0,NA,NA,NA,NA,NA,NA,NA
4231,"Jed Collins","FA","RB",29,7,NA,0,0,0,NA,115,0,0,0,NA,NA,NA,NA,NA,NA,NA
4381,"Garrett Hartley","FA","K",29,7,NA,0,0,0,NA,29,0,4,0,NA,NA,NA,NA,NA,NA,NA
4383,"Tim Hightower","NO","RB",29,7,11,0,0,0,0,115,0,5,0,NA,NA,NA,1.86519304792169,NA,NA,NA
4487,"Matthew Slater","NE","WR",30,7,4,0,0,0,NA,131,0,8,0,NA,NA,NA,NA,NA,NA,NA
71247,"James Casey","FA","TE",31,6,NA,0,0,0,NA,82,0,0,0,NA,NA,NA,NA,NA,NA,NA
71255,"Chase Coffman","FA","TE",29,6,NA,0,0,0,0,82,0,4,0,NA,NA,NA,2.37765732752883,NA,NA,NA
79557,"Josh Freeman","FA","QB",27,6,NA,0,0,0,NA,55,0,6,0,NA,NA,NA,NA,NA,NA,NA
79563,"Shonn Greene","FA","RB",30,6,NA,0,0,0,NA,115,0,0,0,NA,NA,NA,NA,NA,NA,NA
79619,"Knowshon Moreno","FA","RB",28,6,NA,0,0,0,NA,115,0,0,0,NA,NA,NA,NA,NA,NA,NA
79625,"Bear Pascoe","FA","TE",29,6,NA,0,0,0,NA,82,0,0,0,NA,NA,NA,NA,NA,NA,NA
79629,"Cedric Peerman","CIN","RB",29,6,7,0,0,0,NA,115,0,0,0,NA,NA,NA,NA,NA,NA,NA
80425,"Percy Harvin","BUF","WR",27,6,8,0,0,0,NA,131,0,8,0,NA,NA,NA,NA,NA,NA,NA
80672,"Hakeem Nicks","FA","WR",27,6,NA,0,0,0,NA,131,0,8,0,NA,NA,NA,NA,NA,NA,NA
80674,"Chris Ogbonnaya","FA","RB",29,6,NA,0,0,0,NA,115,0,0,0,NA,NA,NA,NA,NA,NA,NA
81288,"Brandon Gibson","NE","WR",28,6,4,0,0,0,NA,131,0,8,0,NA,NA,NA,NA,NA,NA,NA
81857,"Kevin Ogletree","FA","WR",28,6,NA,0,0,0,NA,131,0,8,0,NA,NA,NA,NA,NA,NA,NA
89798,"Antone Smith","CHI","RB",30,6,7,0,0,0,NA,115,0,0,0,NA,NA,NA,NA,NA,NA,NA
100005,"Bears","CHI","DST",NA,NA,7,0,0,0,NA,29,0,1,0,NA,NA,NA,NA,NA,NA,NA
100006,"Bengals","CIN","DST",NA,NA,7,0,0,0,NA,29,0,1,0,NA,NA,NA,NA,NA,NA,NA
100009,"Broncos","DEN","DST",NA,NA,7,0,0,0,NA,29,0,1,0,NA,NA,NA,NA,NA,NA,NA
100011,"Packers","GB","DST",NA,NA,7,0,0,0,NA,29,NA,1,0,NA,NA,NA,NA,NA,NA,NA
238445,"Frank Summers","FA","RB",30,6,NA,0,0,0,NA,115,0,0,0,NA,NA,NA,NA,NA,NA,NA
238457,"Zach Miller","CHI","TE",31,6,7,0,0,0,NA,82,0,0,0,NA,NA,NA,NA,NA,NA,NA
496812,"Erik Lorig","FA","RB",29,5,NA,0,0,0,NA,115,0,0,0,NA,NA,NA,NA,NA,NA,NA
497108,"Jimmy Clausen","CHI","QB",27,5,7,0,0,0,NA,55,0,6,0,NA,NA,NA,NA,NA,NA,NA
497121,"Thad Lewis","PHI","QB",28,5,8,0,0,0,0,55,0,6,0,NA,NA,NA,3.46886222034018,NA,NA,NA
497123,"Colt McCoy","WAS","QB",29,5,8,0,0,0,0,55,0,6,0,NA,41,9,6.77764647870287,NA,NA,NA
497135,"Tim Tebow","FA","QB",28,5,NA,0,0,0,NA,55,0,6,0,NA,NA,NA,NA,NA,NA,NA
497174,"Jonathan Dwyer","FA","RB",26,5,NA,0,0,0,NA,115,0,0,0,NA,NA,NA,NA,NA,NA,NA
497192,"Joe McKnight","FA","RB",27,5,NA,0,0,0,NA,115,0,0,0,NA,NA,NA,NA,NA,NA,NA
497206,"James Starks","GB","RB",29,5,7,0,0,0,NA,115,0,0,0,NA,NA,NA,NA,NA,NA,NA
497208,"Ben Tate","FA","RB",27,5,NA,0,0,0,NA,115,0,0,0,NA,NA,NA,NA,NA,NA,NA
497218,"Trindon Holliday","FA","WR",29,5,NA,0,0,0,NA,131,0,8,0,NA,NA,NA,NA,NA,NA,NA
497254,"Dennis Pitta","BAL","TE",30,5,9,0,0,0,NA,82,0,0,0,NA,NA,NA,NA,NA,NA,NA
497256,"Tony Moeaki","ATL","TE",28,5,10,0,0,0,NA,82,0,0,0,NA,NA,NA,NA,NA,1.1,NA
497258,"Andrew Quarless","GB","TE",27,5,7,0,0,0,NA,82,0,0,0,NA,NA,NA,NA,NA,NA,NA
497260,"Seyi Ajirotutu","PHI","WR",28,5,8,0,0,0,0,131,0,8,0,NA,NA,NA,1.56570399560629,NA,NA,NA
497278,"Dez Bryant","DAL","WR",27,5,6,0,0,0,NA,131,0,8,0,NA,63.5,14.1,10.6606945078715,NA,NA,NA
497288,"Jacoby Ford","FA","WR",28,5,NA,0,0,0,NA,131,0,8,0,NA,NA,NA,NA,NA,NA,NA
497312,"Preston Parker","FA","WR",28,5,NA,0,0,0,0,131,0,8,0,NA,NA,NA,1.56570399560629,NA,NA,NA
497322,"Emmanuel Sanders","DEN","WR",28,5,7,0,0,0,NA,131,0,8,0,NA,NA,NA,NA,NA,NA,NA
1037347,"Joe Webb","CAR","QB",29,5,5,0,0,0,NA,55,0,6,0,NA,NA,NA,NA,NA,NA,NA
1037366,"Michael Palmer","FA","TE",27,5,NA,0,0,0,NA,82,0,0,0,NA,NA,NA,NA,NA,NA,NA
1037847,"Deji Karim","FA","RB",29,5,NA,0,0,0,NA,115,0,0,0,NA,NA,NA,NA,NA,NA,NA
1037885,"Marc Mariani","CHI","WR",28,5,7,0,0,0,NA,131,0,8,0,NA,NA,NA,NA,NA,NA,NA
2495143,"Andy Dalton","CIN","QB",28,4,7,0,0,0,NA,55,0,6,0,NA,NA,NA,NA,NA,NA,NA
2495162,"Alex Henery","FA","K",28,4,NA,0,0,0,NA,29,0,4,0,NA,NA,NA,NA,NA,NA,NA
2495172,"Kendall Hunter","FA","RB",27,4,NA,0,0,0,NA,115,0,0,0,NA,NA,NA,NA,NA,NA,NA
2495179,"Jerrel Jernigan","FA","WR",26,4,NA,0,0,0,NA,131,0,8,0,NA,NA,NA,NA,NA,NA,NA
2495192,"Greg Little","CIN","WR",26,4,7,0,0,0,NA,131,0,8,0,NA,NA,NA,NA,NA,NA,NA
2495194,"Jake Locker","FA","QB",27,4,NA,0,0,0,NA,55,0,6,0,NA,NA,NA,NA,NA,NA,NA
2495211,"Niles Paul","WAS","TE",26,4,8,0,0,0,NA,82,0,0,0,NA,NA,NA,NA,NA,NA,NA
2495212,"Austin Pettis","FA","WR",27,4,NA,0,0,0,NA,131,0,8,0,NA,NA,NA,NA,NA,NA,NA
2495215,"Christian Ponder","FA","QB",27,4,NA,0,0,0,NA,55,0,6,0,NA,NA,NA,NA,NA,NA,NA
2495223,"Greg Salas","FA","WR",27,4,NA,0,0,0,NA,131,0,8,0,NA,NA,NA,NA,NA,NA,NA
2495240,"Tyrod Taylor","BUF","QB",26,4,8,0,0,0,NA,55,0,6,0,NA,NA,NA,NA,NA,NA,NA
2495241,"Daniel Thomas","FA","RB",28,4,NA,0,0,0,NA,115,0,0,0,NA,NA,NA,NA,NA,NA,NA
2495288,"Virgil Green","DEN","TE",27,4,7,0,0,0,NA,82,0,0,0,NA,NA,NA,NA,NA,NA,NA
2495331,"Aldrick Robinson","FA","WR",27,4,NA,0,0,0,NA,131,0,8,0,NA,NA,NA,NA,NA,NA,NA
2495338,"Dane Sanzenbacher","FA","WR",27,4,NA,0,0,0,NA,131,0,8,0,NA,NA,NA,NA,NA,NA,NA
2495341,"Cecil Shorts","HOU","WR",28,4,9,0,0,0,NA,131,0,8,0,NA,NA,NA,NA,NA,NA,NA
2495425,"Scott Tolzien","GB","QB",28,4,7,0,0,0,NA,55,0,6,0,NA,NA,NA,NA,NA,NA,NA
2495448,"Randall Cobb","GB","WR",25,4,7,0,0,0,NA,131,0,8,0,NA,NA,NA,NA,NA,NA,NA
2495449,"Tandon Doss","FA","WR",26,4,NA,0,0,0,NA,131,0,8,0,NA,NA,NA,NA,NA,NA,NA
2495450,"A.J. Green","CIN","WR",27,4,7,0,0,0,NA,131,0,8,0,NA,NA,NA,NA,NA,NA,NA
2495461,"Shaun Draughn","CLE","RB",28,4,11,0,0,0,0,115,0,5,0,NA,NA,NA,1.86519304792169,NA,NA,NA
2495468,"Mikel Leshoure","FA","RB",25,4,NA,0,0,0,NA,115,0,0,0,NA,NA,NA,NA,NA,NA,NA
2495470,"Stevan Ridley","NYJ","RB",26,4,5,0,0,0,NA,115,0,0,0,NA,NA,NA,NA,NA,NA,NA
2495471,"Jacquizz Rodgers","CHI","RB",25,4,7,0,0,0,NA,115,0,0,0,NA,NA,NA,NA,NA,NA,NA
2495472,"Jordan Todman","PIT","RB",25,4,11,0,0,0,0,115,0,5,0,NA,NA,NA,1.86519304792169,NA,NA,NA
2495660,"Brian Leonard","FA","RB",31,8,NA,0,0,0,NA,115,0,0,0,NA,NA,NA,NA,NA,NA,NA
2495676,"Robert Meachem","FA","WR",31,8,NA,0,0,0,NA,131,0,8,0,NA,NA,NA,NA,NA,NA,NA
2495724,"Dante Rosario","FA","TE",31,8,NA,0,0,0,NA,82,0,0,0,NA,NA,NA,NA,NA,NA,NA
2495824,"Jay Cutler","CHI","QB",32,9,7,0,0,0,NA,55,0,6,0,NA,NA,NA,NA,NA,NA,NA
2495825,"Owen Daniels","DEN","TE",33,9,7,0,0,0,NA,82,0,0,0,NA,NA,NA,NA,NA,NA,NA
2495838,"Bruce Gradkowski","PIT","QB",32,9,11,0,0,0,NA,55,0,6,0,NA,NA,NA,NA,NA,NA,NA
2495843,"Derek Hagan","FA","WR",31,9,NA,0,0,0,NA,131,0,8,0,NA,NA,NA,NA,NA,NA,NA
2495974,"Charlie Whitehurst","TEN","QB",33,9,4,0,0,0,0,55,0,6,0,NA,NA,NA,3.46886222034018,NA,NA,NA
2499248,"Kris Durham","FA","WR",27,4,NA,0,0,0,NA,131,0,8,0,NA,NA,NA,NA,NA,NA,NA
2499255,"Richard Gordon","DEN","TE",28,4,7,0,0,0,NA,82,0,0,0,NA,NA,NA,NA,NA,NA,NA
2499277,"David Ausberry","FA","TE",28,4,NA,0,0,0,NA,82,0,0,0,NA,NA,NA,NA,NA,NA,NA
2501863,"Peyton Manning","DEN","QB",39,17,7,0,0,0,NA,55,0,6,0,NA,NA,NA,NA,NA,NA,NA
2504162,"Shayne Graham","FA","K",NA,NA,NA,0,0,0,NA,29,0,4,0,NA,NA,NA,NA,NA,NA,NA
2504343,"Jay Feely","FA","K",39,16,NA,0,0,0,NA,29,0,4,0,NA,NA,NA,NA,NA,NA,NA
2504531,"Michael Vick","PIT","QB",35,14,11,0,0,0,0,55,0,6,0,NA,NA,NA,3.46886222034018,NA,NA,NA
2504743,"Santana Moss","FA","WR",36,14,NA,0,0,0,NA,131,0,8,0,NA,NA,NA,NA,NA,NA,NA
2504941,"Billy Cundiff","FA","K",35,13,NA,0,0,0,0,29,0,5,0,NA,NA,NA,1.35500929227856,NA,NA,NA
2505310,"Kassim Osgood","FA","WR",35,12,NA,0,0,0,NA,131,0,8,0,NA,NA,NA,NA,NA,NA,NA
2505354,"Tony Romo","DAL","QB",35,12,6,0,0,0,NA,55,0,6,0,NA,NA,NA,NA,NA,NA,NA
2505936,"Steven Jackson","FA","RB",32,11,NA,0,0,0,NA,115,0,0,0,NA,NA,NA,NA,NA,NA,NA
2506147,"John Kuhn","GB","RB",33,9,7,0,0,0,NA,115,0,0,0,NA,NA,NA,NA,NA,NA,NA
2506149,"Shaun Suisham","PIT","K",NA,NA,11,0,0,0,NA,29,0,4,0,NA,NA,NA,NA,NA,NA,NA
2506222,"Josh Cribbs","FA","WR",32,10,NA,0,0,0,NA,131,0,8,0,NA,NA,NA,NA,NA,NA,NA
2506264,"Robbie Gould","CHI","K",33,10,7,0,0,0,NA,29,0,4,0,NA,NA,NA,NA,NA,NA,NA
2506341,"Ronnie Brown","FA","RB",34,10,NA,0,0,0,NA,115,0,0,0,NA,NA,NA,NA,NA,NA,NA
2506363,"Aaron Rodgers","GB","QB",32,10,7,0,0,0,NA,55,0,6,0,NA,NA,NA,NA,NA,NA,NA
2506364,"Jason Campbell","FA","QB",34,10,NA,0,0,0,NA,55,0,6,0,NA,NA,NA,NA,NA,NA,NA
2506386,"Mike Nugent","CIN","K",33,10,7,0,0,0,NA,29,0,4,0,NA,NA,NA,NA,NA,NA,NA
2506410,"Alex Smith","NO","TE",33,10,11,0,0,0,NA,82,0,0,0,NA,NA,NA,NA,NA,NA,NA
2506444,"Kyle Orton","FA","QB",33,10,NA,0,0,0,NA,55,0,6,0,NA,NA,NA,NA,NA,NA,NA
2506619,"Daniel Fells","NYG","TE",32,9,11,0,0,0,NA,82,0,0,0,NA,NA,NA,NA,NA,NA,NA
2506885,"Santonio Holmes","FA","WR",31,9,NA,0,0,0,NA,131,0,8,0,NA,NA,NA,NA,NA,NA,NA
2506897,"Devin Hester","ATL","WR",33,9,10,0,0,0,NA,131,0,8,0,NA,NA,NA,NA,NA,NA,NA
2506916,"Brad Smith","FA","WR",32,9,NA,0,0,0,NA,131,0,8,0,NA,NA,NA,NA,NA,NA,NA
2507029,"Eric Weems","ATL","WR",30,8,10,0,0,0,NA,131,0,8,0,NA,NA,NA,NA,NA,0,NA
2507141,"Pierre Thomas","FA","RB",31,8,NA,0,0,0,NA,115,0,0,0,NA,NA,NA,NA,NA,NA,NA
2507170,"Zach Miller","FA","TE",30,8,NA,0,0,0,NA,82,0,0,0,NA,NA,NA,NA,NA,NA,NA
2507183,"James Jones","GB","WR",31,8,7,0,0,0,NA,131,0,8,0,NA,NA,NA,NA,NA,NA,NA
2507192,"Michael Bush","FA","RB",31,8,NA,0,0,0,NA,115,0,0,0,NA,NA,NA,NA,NA,NA,NA
2507232,"Mason Crosby","GB","K",31,8,7,0,0,0,NA,29,0,4,0,NA,NA,NA,NA,NA,NA,NA
2507237,"Jordan Palmer","FA","QB",31,8,NA,0,0,0,NA,55,0,6,0,NA,NA,NA,NA,NA,NA,NA
2507278,"Jackie Battle","FA","RB",32,8,NA,0,0,0,NA,115,0,0,0,NA,NA,NA,NA,NA,NA,NA
2507585,"Will Taufoou","FA","RB",29,3,NA,0,0,0,NA,115,0,0,0,NA,NA,NA,NA,NA,NA,NA
2507596,"Marcus Thigpen","FA","RB",29,6,NA,0,0,0,0,115,0,5,0,NA,NA,NA,1.86519304792169,NA,NA,NA
2507828,"Logan Paulsen","WAS","TE",28,5,8,0,0,0,NA,82,0,0,0,NA,NA,NA,NA,NA,NA,NA
2507855,"Victor Cruz","NYG","WR",29,5,11,0,0,0,NA,131,0,8,0,NA,80.4,10.2,7.59011569065359,NA,NA,NA
2507884,"David Nelson","PIT","WR",29,5,11,0,0,0,NA,131,0,8,0,NA,NA,NA,NA,NA,NA,NA
2507897,"Alfonso Smith","FA","RB",28,5,NA,0,0,0,NA,115,0,0,0,NA,NA,NA,NA,NA,NA,NA
2507902,"Marlon Moore","CLE","WR",28,5,11,0,0,0,0,131,0,8,0,NA,NA,NA,1.56570399560629,NA,NA,NA
2508051,"John Conner","FA","RB",28,5,NA,0,0,0,NA,115,0,0,0,NA,NA,NA,NA,NA,NA,NA
2508101,"James Develin","NE","RB",27,5,4,0,0,0,NA,115,0,0,0,NA,NA,NA,NA,NA,NA,NA
2508115,"Vincent Brown","FA","WR",26,4,NA,0,0,0,NA,131,0,8,0,NA,NA,NA,NA,NA,NA,NA
2530516,"Robert Hughes","FA","RB",26,4,NA,0,0,0,NA,115,0,0,0,NA,NA,NA,NA,NA,NA,NA
2530575,"Drew Davis","FA","WR",26,3,NA,0,0,0,NA,131,0,8,0,NA,NA,NA,NA,NA,NA,NA
2530598,"Jeremy Ross","BAL","WR",27,4,9,0,0,0,NA,131,0,8,0,NA,88,11,8.2199780121342,NA,-2.1,NA
2530690,"DuJuan Harris","FA","RB",27,4,NA,0,0,0,NA,115,0,0,0,NA,NA,NA,NA,NA,NA,NA
2530699,"Henry Hynoski","FA","RB",27,4,NA,0,0,0,NA,115,0,0,0,NA,NA,NA,NA,NA,NA,NA
2530713,"Jeff Maehl","FA","WR",26,4,NA,0,0,0,NA,131,0,8,0,NA,NA,NA,NA,NA,NA,NA
2530720,"Joseph Morgan","NO","WR",27,4,11,0,0,0,NA,131,0,8,0,NA,117,0,-0.440628908224116,NA,NA,NA
2530990,"Phillip Tanner","FA","RB",27,4,NA,0,0,0,NA,115,0,0,0,NA,NA,NA,NA,NA,NA,NA
2531218,"Chase Reynolds","STL","RB",28,3,6,0,0,0,NA,115,0,0,0,NA,NA,NA,NA,NA,NA,NA
2531332,"Terrelle Pryor","FA","WR",26,4,NA,0,0,0,0,131,0,8,0,NA,NA,NA,1.56570399560629,NA,NA,NA
2532799,"Jarrett Boykin","FA","WR",26,3,NA,0,0,0,NA,131,0,8,0,NA,NA,NA,NA,NA,NA,NA
2532807,"Ryan Broyles","FA","WR",27,3,NA,0,0,0,NA,131,0,8,0,NA,NA,NA,NA,NA,NA,NA
2532823,"Juron Criner","FA","WR",26,3,NA,0,0,0,NA,131,0,8,0,NA,NA,NA,NA,NA,NA,NA
2532851,"Cyrus Gray","FA","RB",26,3,NA,0,0,0,NA,115,0,0,0,NA,NA,NA,NA,NA,NA,NA
2532862,"Junior Hemingway","FA","WR",27,3,NA,0,0,0,NA,131,0,8,0,NA,NA,NA,NA,NA,NA,NA
2532876,"A.J. Jenkins","FA","WR",25,3,NA,0,0,0,NA,131,0,8,0,NA,NA,NA,NA,NA,NA,NA
2532884,"Marvin Jones","CIN","WR",25,3,7,0,0,0,NA,131,0,8,0,NA,NA,NA,NA,NA,NA,NA
2532894,"Ryan Lindley","FA","QB",26,3,NA,0,0,0,NA,55,0,6,0,NA,NA,NA,NA,NA,NA,NA
2532917,"Kellen Moore","DAL","QB",26,3,6,0,0,0,0,55,0,6,0,NA,NA,NA,3.46886222034018,NA,NA,NA
2532926,"Isaiah Pead","FA","RB",26,3,NA,0,0,0,0,115,0,5,0,NA,NA,NA,1.86519304792169,NA,NA,NA
2532930,"DeVier Posey","FA","WR",25,3,NA,0,0,0,NA,131,0,8,0,NA,NA,NA,NA,NA,NA,NA
2533012,"Vick Ballard","FA","RB",25,3,NA,0,0,0,NA,115,0,0,0,NA,NA,NA,NA,NA,NA,NA
2533032,"Trent Richardson","FA","RB",24,3,NA,0,0,0,NA,115,0,0,0,NA,NA,NA,NA,NA,NA,NA
2533036,"LaMichael James","FA","RB",26,3,NA,0,0,0,0,115,0,5,0,NA,NA,NA,1.86519304792169,NA,NA,NA
2533038,"Justin Blackmon","JAC","WR",25,3,8,0,0,0,NA,131,0,8,0,NA,NA,NA,NA,NA,NA,NA
2533039,"Alshon Jeffery","CHI","WR",25,3,7,0,0,0,NA,131,0,8,0,NA,NA,NA,NA,NA,NA,NA
2533040,"Mohamed Sanu","CIN","WR",26,3,7,0,0,0,NA,131,0,8,0,NA,NA,NA,NA,NA,NA,NA
2533047,"Orson Charles","FA","TE",24,3,NA,0,0,0,NA,82,0,4,0,NA,NA,NA,NA,NA,NA,NA
2533349,"Austin Davis","CLE","QB",26,3,11,0,0,0,0,55,0,6,0,NA,NA,NA,3.46886222034018,NA,NA,NA
2533436,"Brock Osweiler","DEN","QB",25,3,7,0,0,0,NA,55,0,6,0,NA,NA,NA,NA,NA,NA,NA
2533437,"Ronnie Hillman","DEN","RB",24,3,7,0,0,0,NA,115,0,0,0,NA,NA,NA,NA,NA,NA,NA
2533444,"Randy Bullock","FA","K",26,3,NA,0,0,0,0,29,0,4,0,NA,NA,NA,1.35500929227856,NA,NA,NA
2533537,"Stephen Hill","FA","WR",24,3,NA,0,0,0,NA,131,0,8,0,NA,NA,NA,NA,NA,NA,NA
2533540,"Edwin Baker","FA","RB",24,3,NA,0,0,0,NA,115,0,0,0,NA,NA,NA,NA,NA,NA,NA
2534752,"Adrien Robinson","FA","TE",27,3,NA,0,0,0,NA,82,0,4,0,NA,NA,NA,NA,NA,NA,NA
2534789,"Daryl Richardson","FA","RB",25,3,NA,0,0,0,NA,115,0,0,0,NA,NA,NA,NA,NA,NA,NA
2534796,"Bryce Brown","FA","RB",24,3,NA,0,0,0,0,115,0,5,0,NA,NA,NA,1.86519304792169,NA,NA,NA
2534871,"Derrick Coleman","SEA","RB",25,3,9,0,0,0,NA,115,0,0,0,NA,NA,NA,NA,NA,NA,NA
2534889,"Matt Simms","FA","QB",27,3,NA,0,0,0,NA,55,0,6,0,NA,NA,NA,NA,NA,NA,NA
2535535,"Phillip Supernaw","TEN","TE",25,3,4,0,0,0,NA,82,0,4,0,NA,NA,NA,NA,NA,NA,NA
2535696,"Joe Banyard","JAC","RB",27,3,8,0,0,0,NA,115,0,0,0,NA,NA,NA,NA,NA,NA,NA
2535708,"Lance Dunbar","DAL","RB",25,3,6,0,0,0,NA,115,0,0,0,NA,NA,NA,NA,NA,NA,NA
2535882,"Mike Brown","FA","WR",26,3,NA,0,0,0,NA,131,0,8,0,NA,NA,NA,NA,NA,NA,NA
2535890,"Travaris Cadet","FA","RB",26,3,NA,0,0,0,0,115,0,5,0,NA,NA,NA,1.86519304792169,NA,NA,NA
2535964,"Josh Bellamy","CHI","WR",26,3,7,0,0,0,NA,131,0,8,0,NA,NA,NA,NA,NA,NA,NA
2535966,"Brenton Bersin","CAR","WR",25,2,5,0,0,0,NA,131,0,8,0,NA,107.3,10.2,7.59011569065359,NA,NA,NA
2536031,"Damaris Johnson","FA","WR",26,3,NA,0,0,0,NA,131,0,8,0,NA,NA,NA,NA,NA,NA,NA
2536056,"Jeremy Stewart","FA","RB",26,3,NA,0,0,0,NA,115,0,0,0,NA,NA,NA,NA,NA,NA,NA
2536071,"Cooper Helfet","SEA","TE",26,4,9,0,0,0,0,82,0,4,0,NA,NA,NA,2.37765732752883,NA,NA,NA
2536342,"Brandon Bostick","FA","TE",26,3,NA,0,0,0,NA,82,0,4,0,NA,NA,NA,NA,NA,NA,NA
2537931,"Josh Gordon","CLE","WR",24,3,11,0,0,0,NA,131,0,8,0,NA,NA,NA,NA,NA,NA,NA
2539214,"Kenbrell Thompkins","NYJ","WR",27,2,5,0,0,0,NA,131,0,8,0,NA,NA,NA,NA,NA,NA,NA
2539235,"Tavarres King","FA","WR",25,2,NA,0,0,0,NA,131,0,8,0,NA,NA,NA,NA,NA,NA,NA
2539246,"Chris Harper","FA","WR",26,2,NA,0,0,0,NA,131,0,8,0,NA,NA,NA,NA,NA,NA,NA
2539265,"Rex Burkhead","CIN","RB",25,2,7,0,0,0,NA,115,0,0,0,NA,NA,NA,NA,NA,NA,NA
2539308,"Matt Barkley","ARI","QB",25,2,9,0,0,0,0,55,0,6,0,NA,NA,NA,3.46886222034018,NA,NA,NA
2539341,"Montee Ball","FA","RB",25,2,NA,0,0,0,NA,115,0,0,0,NA,NA,NA,NA,NA,NA,NA
2539663,"Mike Gillislee","FA","RB",25,2,NA,0,0,0,NA,115,0,0,0,NA,NA,NA,NA,NA,NA,NA
2539964,"Marquise Goodwin","BUF","WR",25,2,8,0,0,0,NA,131,0,8,0,NA,NA,NA,NA,NA,NA,NA
2540148,"Tyler Eifert","CIN","TE",25,2,7,0,0,0,NA,82,0,4,0,NA,NA,NA,NA,NA,NA,NA
2540156,"Giovani Bernard","CIN","RB",24,2,7,0,0,0,NA,115,0,0,0,NA,NA,NA,NA,NA,NA,NA
2540168,"Eddie Lacy","GB","RB",24,2,7,0,0,0,NA,115,0,0,0,NA,NA,NA,NA,NA,NA,NA
2540179,"DaRick Rogers","FA","WR",24,2,NA,0,0,0,NA,131,0,8,0,NA,NA,NA,NA,NA,NA,NA
2540181,"Josh Boyce","NE","WR",24,2,4,0,0,0,NA,131,0,8,0,NA,NA,NA,NA,NA,NA,NA
2540233,"Nick Kasa","FA","TE",25,2,NA,0,0,0,NA,82,0,4,0,NA,NA,NA,NA,NA,NA,NA
2540259,"MarQueis Gray","BUF","TE",25,2,8,0,0,0,NA,82,0,4,0,NA,NA,NA,NA,NA,NA,NA
2540267,"Ace Sanders","FA","WR",24,2,NA,0,0,0,NA,131,0,8,0,NA,NA,NA,NA,NA,NA,NA
2540269,"C.J. Anderson","DEN","RB",24,2,7,0,0,0,NA,115,0,0,0,NA,NA,NA,NA,NA,NA,NA
2540928,"Darren Fells","ARI","TE",29,3,9,0,0,0,NA,82,0,4,0,NA,28,5,6.32997102887665,NA,NA,NA
2541096,"Ifeanyi Momah","ARI","TE",26,2,9,0,0,0,NA,82,0,4,0,NA,NA,NA,NA,NA,NA,NA
2541185,"Ryan Griffin","TB","QB",26,2,6,0,0,0,NA,55,0,6,0,NA,NA,NA,NA,NA,NA,NA
2541314,"Justin Brown","FA","WR",24,2,NA,0,0,0,NA,131,0,8,0,NA,NA,NA,NA,NA,NA,NA
2541316,"Ryan Griffin","HOU","TE",25,2,9,0,0,0,NA,82,0,4,0,NA,NA,NA,NA,NA,NA,NA
2541390,"Kevin Dorsey","NE","WR",25,2,4,0,0,0,NA,131,0,8,0,NA,NA,NA,NA,NA,NA,NA
2541429,"B.J. Daniels","SEA","WR",26,2,9,0,0,0,0,131,0,8,0,NA,NA,NA,1.56570399560629,NA,NA,NA
2541432,"Michael Cox","FA","RB",26,2,NA,0,0,0,NA,115,0,0,0,NA,NA,NA,NA,NA,NA,NA
2541512,"Brian Leonhardt","OAK","TE",25,2,6,0,0,0,NA,82,0,4,0,NA,NA,NA,NA,NA,NA,NA
2541556,"Brandon McManus","DEN","K",24,1,7,0,0,0,NA,29,0,4,0,NA,NA,NA,NA,NA,NA,NA
2543471,"Kelvin Benjamin","CAR","WR",24,1,5,0,0,0,NA,131,0,8,0,NA,NA,NA,NA,NA,NA,NA
2543481,"Jace Amaro","NYJ","TE",23,1,5,0,0,0,NA,82,0,4,0,NA,NA,NA,NA,NA,NA,NA
2543495,"Davante Adams","GB","WR",23,1,7,0,0,0,NA,131,0,8,0,NA,NA,NA,NA,NA,NA,NA
2543497,"AJ McCarron","CIN","QB",25,1,7,0,0,0,NA,55,0,6,0,NA,NA,NA,NA,NA,NA,NA
2543533,"Patrick Murray","TB","K",24,1,6,0,0,0,NA,29,0,4,0,NA,NA,NA,NA,NA,NA,NA
2543551,"KaDeem Carey","CHI","RB",23,1,7,0,0,0,NA,115,0,0,0,NA,NA,NA,NA,NA,NA,NA
2543559,"Lache Seastrunk","FA","RB",24,1,NA,0,0,0,NA,115,0,0,0,NA,NA,NA,NA,NA,NA,NA
2543570,"Storm Johnson","FA","RB",23,1,NA,0,0,0,NA,115,0,0,0,NA,NA,NA,NA,NA,NA,NA
2543587,"Aaron Murray","KC","QB",25,1,9,0,0,0,0,55,0,6,0,NA,NA,NA,3.46886222034018,NA,NA,NA
2543590,"Cody Latimer","DEN","WR",23,1,7,0,0,0,NA,131,0,8,0,NA,NA,NA,NA,NA,NA,NA
2543603,"Jeremy Hill","CIN","RB",23,1,7,0,0,0,NA,115,0,0,0,NA,NA,NA,NA,NA,NA,NA
2543619,"Walt Powell","OAK","WR",24,1,6,0,0,0,0,131,0,8,0,NA,NA,NA,1.56570399560629,NA,NA,NA
2543640,"Tom Savage","HOU","QB",25,1,9,0,0,0,NA,55,0,6,0,NA,NA,NA,NA,NA,NA,NA
2543655,"Tyler Gaffney","NE","RB",24,1,4,0,0,0,NA,115,0,0,0,NA,NA,NA,NA,NA,NA,NA
2543689,"Kevin Norwood","CAR","WR",26,1,5,0,0,0,0,131,0,8,0,NA,NA,NA,1.56570399560629,NA,NA,NA
2543690,"Marion Grice","FA","RB",23,1,NA,0,0,0,NA,115,0,0,0,NA,NA,NA,NA,NA,NA,NA
2543704,"Lorenzo Taliaferro","BAL","RB",24,1,9,0,0,0,NA,115,0,0,0,NA,NA,NA,NA,NA,NA,NA
2543745,"Jalen Saunders","FA","WR",23,1,NA,0,0,0,NA,131,0,8,0,NA,NA,NA,NA,NA,NA,NA
2543750,"Jeff Janis","GB","WR",24,1,7,0,0,0,NA,131,0,8,0,NA,NA,NA,NA,NA,NA,NA
2543751,"David Fales","FA","QB",25,1,NA,0,0,0,NA,55,0,6,0,NA,NA,NA,NA,NA,NA,NA
2543767,"Logan Thomas","FA","QB",24,1,NA,0,0,0,0,55,0,6,0,NA,NA,NA,3.46886222034018,NA,NA,NA
2543774,"Jared Abbrederis","GB","WR",25,1,7,0,0,0,NA,131,0,8,0,NA,NA,NA,NA,NA,NA,NA
2543777,"Robert Herron","FA","WR",23,1,NA,0,0,0,NA,131,0,8,0,NA,NA,NA,NA,NA,NA,NA
2543781,"Zach Hocker","FA","K",24,1,NA,0,0,0,NA,29,0,4,0,NA,14.8,5.8,9.23767901460597,NA,NA,NA
2543792,"Matt Hazel","MIA","WR",23,1,5,0,0,0,0,131,0,8,0,NA,NA,NA,1.56570399560629,NA,NA,NA
2543828,"Quincy Enunwa","NYJ","WR",23,1,5,0,0,0,NA,131,0,8,0,NA,NA,NA,NA,NA,NA,NA
2543836,"T.J. Jones","DET","WR",23,1,9,0,0,0,0,131,0,8,0,NA,NA,NA,1.56570399560629,NA,0,NA
2550158,"Nate Freese","FA","K",25,1,NA,0,0,0,NA,29,0,4,0,NA,NA,NA,NA,NA,NA,NA
2550163,"Michael Campanaro","BAL","WR",24,1,9,0,0,0,NA,131,0,8,0,NA,NA,NA,NA,NA,NA,NA
2550182,"Isaiah Burse","DEN","WR",24,1,7,0,0,0,NA,131,0,8,0,NA,NA,NA,NA,NA,NA,NA
2550183,"Jeremy Butler","BAL","WR",24,1,9,0,0,0,NA,131,0,8,0,NA,NA,NA,NA,NA,NA,NA
2550198,"Bennie Fowler","DEN","WR",24,1,7,0,0,0,NA,131,0,8,0,NA,NA,NA,NA,NA,NA,NA
2550206,"Ryan Hewitt","CIN","TE",24,1,7,0,0,0,NA,82,0,4,0,NA,NA,NA,NA,NA,NA,NA
2550233,"Rajion Neal","FA","RB",23,1,NA,0,0,0,NA,115,0,0,0,NA,NA,NA,NA,NA,NA,NA
2550252,"Connor Shaw","CLE","QB",24,1,11,0,0,0,NA,55,0,6,0,NA,NA,NA,NA,NA,NA,NA
2550284,"Trey Burton","PHI","TE",24,1,8,0,0,0,0,82,0,4,0,NA,NA,NA,2.37765732752883,NA,NA,NA
2550310,"Carey Spear","FA","K",23,1,NA,0,0,0,NA,29,0,4,0,NA,NA,NA,NA,NA,NA,NA
2550313,"Richard Rodgers","GB","TE",23,1,7,0,0,0,NA,82,0,4,0,NA,NA,NA,NA,NA,NA,NA
2550356,"Marcel Jensen","FA","TE",25,1,NA,0,0,0,NA,82,0,4,0,NA,NA,NA,NA,NA,NA,NA
2550359,"Seantavius Jones","NO","WR",23,1,11,0,0,0,NA,131,0,8,0,NA,NA,NA,NA,NA,NA,NA
2550376,"Stephen Morris","FA","QB",23,1,NA,0,0,0,NA,55,0,6,0,NA,NA,NA,NA,NA,NA,NA
2550380,"Cody Parkey","PHI","K",23,1,8,0,0,0,NA,29,0,4,0,NA,NA,NA,NA,NA,NA,NA
2550407,"Zurlon Tipton","IND","RB",25,1,10,0,0,0,NA,115,0,0,0,NA,NA,NA,NA,NA,NA,NA
2550410,"Dustin Vaughan","DAL","QB",24,1,6,0,0,0,NA,55,0,6,0,NA,NA,NA,NA,NA,NA,NA
2550485,"Gator Hoskins","FA","TE",24,1,NA,0,0,0,NA,82,0,4,0,NA,NA,NA,NA,NA,NA,NA
2550500,"Solomon Patton","DEN","WR",25,1,7,0,0,0,NA,131,0,8,0,NA,NA,NA,NA,NA,NA,NA
2550529,"Silas Redd","WAS","RB",23,1,8,0,0,0,NA,115,0,0,0,NA,NA,NA,NA,NA,NA,NA
2550542,"Kapri Bibbs","FA","RB",22,1,NA,0,0,0,NA,115,0,0,0,NA,NA,NA,NA,NA,NA,NA
2550596,"Darrin Reaves","CAR","RB",22,1,5,0,0,0,NA,115,0,0,0,NA,NA,NA,NA,NA,NA,NA
2550608,"RaShaun Allen","SEA","TE",25,1,9,0,0,0,NA,82,0,4,0,NA,NA,NA,NA,NA,NA,NA
2550738,"Fitzgerald Toussaint","BAL","RB",25,1,9,0,0,0,NA,115,0,0,0,NA,NA,NA,NA,NA,NA,NA
2551247,"Josh Harris","PIT","RB",24,1,11,0,0,0,NA,115,0,0,0,NA,NA,NA,NA,NA,NA,NA
2551359,"Jerome Cunningham","NYG","TE",24,1,11,0,0,0,0,82,0,4,0,NA,NA,NA,2.37765732752883,NA,NA,NA
2552369,"Bryce Petty","NYJ","QB",24,0,5,0,0,0,0,55,0,6,0,NA,NA,NA,3.46886222034018,NA,NA,NA
2552371,"Garrett Grayson","NO","QB",24,0,11,0,0,0,0,55,0,6,0,NA,NA,NA,3.46886222034018,NA,NA,NA
2552376,"David Cobb","TEN","RB",22,0,4,0,0,0,NA,115,0,0,0,NA,NA,NA,NA,NA,NA,NA
2552379,"Jeremy Langford","CHI","RB",24,0,7,0,0,0,NA,115,0,0,0,NA,NA,NA,NA,NA,NA,NA
2552382,"Malcolm Brown","STL","RB",22,0,6,0,0,0,NA,115,0,0,0,NA,NA,NA,NA,NA,NA,NA
2552383,"Terrence Magee","BAL","RB",22,0,9,0,0,0,NA,115,0,0,0,NA,NA,NA,NA,NA,NA,NA
2552396,"Ben Koyack","JAC","TE",22,0,8,0,0,0,NA,82,0,4,0,NA,NA,NA,NA,NA,NA,NA
2552399,"Jeff Heuerman","DEN","TE",23,0,7,0,0,0,NA,82,0,4,0,NA,NA,NA,NA,NA,NA,NA
2552403,"Nick OLeary","BUF","TE",23,0,8,0,0,0,0,82,0,4,0,NA,NA,NA,2.37765732752883,NA,NA,NA
2552411,"Dezmin Lewis","BUF","WR",23,0,8,0,0,0,NA,131,0,8,0,NA,NA,NA,NA,NA,NA,NA
2552421,"Kenny Bell","TB","WR",23,0,6,0,0,0,NA,131,0,8,0,NA,NA,NA,NA,NA,NA,NA
2552425,"Rashad Greene","JAC","WR",23,0,8,0,0,0,NA,131,0,8,0,NA,NA,NA,NA,NA,NA,NA
2552427,"Tony Lippett","MIA","WR",23,0,5,0,0,0,0,131,0,8,0,NA,NA,NA,1.56570399560629,NA,NA,NA
2552428,"Tre McBride","TEN","WR",23,0,4,0,0,0,NA,131,0,8,0,NA,NA,NA,NA,NA,NA,NA
2552429,"Ty Montgomery","GB","WR",22,0,7,0,0,0,NA,131,0,8,0,NA,NA,NA,NA,NA,NA,NA
2552431,"Vince Mayle","CLE","WR",NA,NA,11,0,0,0,0,131,0,8,0,NA,NA,NA,1.56570399560629,NA,NA,NA
2552462,"Gerald Christian","ARI","TE",24,0,9,0,0,0,NA,82,0,4,0,NA,NA,NA,NA,NA,NA,NA
2552466,"Marcus Mariota","TEN","QB",22,0,4,0,0,0,NA,55,0,6,0,NA,NA,NA,NA,NA,NA,NA
2552476,"Kenny Hilliard","HOU","RB",24,0,9,0,0,0,NA,115,0,0,0,NA,NA,NA,NA,NA,NA,NA
2552477,"Aaron Ripkowski","GB","RB",NA,NA,7,0,0,0,NA,115,0,0,0,NA,NA,NA,NA,NA,NA,NA
2552478,"Blake Bell","SF","TE",24,0,10,0,0,0,0,82,0,4,0,NA,60.5,4.5,4.03766669135549,NA,NA,NA
2552479,"DaRon Brown","KC","WR",24,0,9,0,0,0,NA,131,0,8,0,NA,NA,NA,NA,NA,NA,NA
2552576,"Sean Mannion","STL","QB",23,0,6,0,0,0,0,55,0,6,0,NA,NA,NA,3.46886222034018,NA,NA,NA
2552580,"A.J. Derby","NE","TE",24,0,4,0,0,0,NA,82,0,4,0,NA,NA,NA,NA,NA,NA,NA
2552582,"Jay Ajayi","MIA","RB",22,0,5,0,0,0,NA,115,0,0,0,NA,NA,NA,NA,NA,NA,NA
2552586,"Tyler Kroft","CIN","TE",23,0,7,0,0,0,NA,82,0,4,0,NA,NA,NA,NA,NA,NA,NA
2552588,"Brett Hundley","GB","QB",22,0,7,0,0,0,NA,55,0,6,0,NA,NA,NA,NA,NA,NA,NA
2552597,"Breshad Perriman","BAL","WR",22,0,9,0,0,0,NA,131,0,8,0,NA,NA,NA,NA,NA,NA,NA
2552616,"Duron Carter","FA","WR",24,0,NA,0,0,0,NA,131,0,8,0,NA,NA,NA,NA,NA,NA,NA
2552627,"DeAndre Smelter","SF","WR",24,0,10,0,0,0,NA,131,0,8,0,NA,NA,NA,NA,NA,NA,NA
2552634,"Joey Iosefa","TB","RB",NA,NA,6,0,0,0,NA,115,0,0,0,NA,NA,NA,NA,NA,NA,NA
2552647,"Marcus Murphy","NO","RB",24,0,11,0,0,0,0,115,0,5,0,NA,NA,NA,1.86519304792169,NA,NA,NA
2552650,"Mario Alford","CIN","WR",NA,NA,7,0,0,0,NA,131,0,8,0,NA,NA,NA,NA,NA,NA,NA
2552651,"Kaelin Clay","TB","WR",23,0,6,0,0,0,NA,131,0,8,0,NA,NA,NA,NA,NA,NA,NA
2553292,"Kennard Backman","GB","TE",22,0,7,0,0,0,NA,82,0,4,0,NA,NA,NA,NA,NA,NA,NA
2553352,"Bud Sasser","FA","WR",NA,NA,NA,0,0,0,NA,131,0,8,0,NA,NA,NA,NA,NA,NA,NA
2553453,"Andre Debose","FA","WR",NA,NA,NA,0,0,0,NA,131,0,8,0,NA,NA,NA,NA,NA,NA,NA
2553454,"Geoff Swaim","DAL","TE",NA,NA,6,0,0,0,NA,82,0,4,0,NA,NA,NA,NA,NA,NA,NA
2553457,"Trevor Siemian","DEN","QB",NA,NA,7,0,0,0,NA,55,NA,6,0,NA,NA,NA,NA,NA,NA,NA
2553465,"Rory Anderson","SF","TE",23,0,10,0,0,0,NA,82,0,4,0,NA,NA,NA,NA,NA,NA,NA
2553497,"Kyle Brindza","DET","K",22,0,9,0,0,0,0,29,NA,4,0,NA,NA,NA,1.35500929227856,NA,NA,NA
2553502,"DeAndre Carter","BAL","WR",22,0,9,0,0,0,NA,131,0,8,0,NA,NA,NA,NA,NA,NA,NA
2553511,"John Crockett","GB","RB",23,0,7,0,0,0,NA,115,0,0,0,NA,NA,NA,NA,NA,NA,NA
2553599,"Jaxon Shipley","FA","WR",23,0,NA,0,0,0,NA,131,0,8,0,NA,NA,NA,NA,NA,NA,NA
2553650,"Corey Grant","JAC","RB",NA,NA,8,0,0,0,NA,115,0,0,0,NA,NA,NA,NA,NA,NA,NA
2553653,"Josh Harper","OAK","WR",24,0,6,0,0,0,NA,131,0,8,0,NA,NA,NA,NA,NA,NA,NA
2553682,"Wes Saxton","NYJ","TE",22,0,5,0,0,0,NA,82,0,4,0,NA,NA,NA,NA,NA,NA,NA
2553703,"Devante Davis","PHI","WR",23,0,8,0,0,0,NA,131,NA,8,0,NA,NA,NA,NA,NA,NA,NA
2553791,"E.J. Bibbs","CLE","TE",24,0,11,0,0,0,0,82,NA,4,0,NA,NA,NA,2.37765732752883,NA,NA,NA
2553797,"Michael Dyer","OAK","RB",25,0,6,0,0,0,NA,115,NA,0,0,NA,NA,NA,NA,NA,NA,NA
