"playerId","player","team","position","age","exp","bye","points","lower","upper","sdPts","positionRank","dropoff","tier","ptSpread","overallECR","positionECR","sdRank","risk","sleeper","actualPoints","salary"
2532975,"Russell Wilson","SEA","QB",28,4,5,20.8,20.908,21.612,0.472863616701475,1,0.376666666666665,1,0.704000000000001,NA,2.7,1.8,3.91287063625176,NA,9.92,NA
2506109,"Ben Roethlisberger","PIT","QB",34,12,8,20.49,18.274,23.954,3.99666110647375,2,0.733333333333334,1,5.68,NA,7.1,2.7,8.03235492387995,NA,20.8,NA
2506340,"Alex Smith","KC","QB",32,11,5,20.3566666666667,16.636,25.66,5.67310614507902,3,1.27166666666666,1,9.024,NA,20.6,3,9.78442152814186,NA,27.02,NA
2543499,"Derek Carr","OAK","QB",25,2,10,19.1566666666667,18.176,20.76,1.68541785125628,4,0.261666666666667,2,2.584,NA,6.3,2.1,5.31468901700847,NA,18.36,NA
2533031,"Andrew Luck","IND","QB",27,4,10,19.0133333333333,17.584,21.456,2.76038644637546,5,0.513333333333332,2,3.872,NA,NA,NA,7.70911044542018,NA,33.5,NA
2495240,"Tyrod Taylor","BUF","QB",27,5,10,18.7766666666667,16.064,21.08,3.59146673844174,6,0.620000000000001,2,5.016,NA,11.7,2.5,7.40221582395503,NA,5.54,NA
2504775,"Drew Brees","NO","QB",37,15,5,18.2233333333333,16.812,20.148,2.19258599223231,7,0.486666666666668,2,3.336,NA,3.4,1.4,4.56288450162351,NA,30.42,NA
2506363,"Aaron Rodgers","GB","QB",33,11,4,18.09,16.598,20.006,2.18451367585557,8,0.848333333333333,2,3.408,NA,1.8,1.1,4.07047766427845,NA,23.56,NA
2533436,"Brock Osweiler","HOU","QB",26,4,9,17.3833333333333,17.504,18.096,0.397156560229505,9,0.884999999999998,3,0.591999999999999,NA,18.2,3.3,6.28727033220084,NA,15.64,NA
310,"Matt Ryan","ATL","QB",31,8,11,17.1,16.428,18.524,1.35070352039225,10,1.26666666666667,3,2.096,NA,16.2,2.9,6.35880414195839,NA,22.36,NA
100004,"Panthers","CAR","DST",NA,NA,7,16.25,14.05,18.45,3.88908729652601,1,2.05,1,4.4,NA,4.6,6,10.0393958272089,NA,8,NA
100025,"Eagles","PHI","DST",NA,NA,4,16.2,13.96,18.44,3.95979797464467,2,4.15,1,4.48,NA,10.8,3.6,7.3086421624818,NA,11,NA
2495454,"Julio Jones","ATL","WR",27,5,11,15.9333333333333,15.34,16.62,0.832666399786453,1,0.461666666666666,1,1.28,NA,NA,NA,3.61894773852669,NA,12.6,NA
2543477,"Blake Bortles","JAC","QB",25,2,5,15.8966666666667,14.58,16.892,1.60375600804278,11,0.158333333333335,4,2.312,NA,11.1,2.7,6.22565655343583,NA,14,NA
79860,"Matthew Stafford","DET","QB",28,7,10,15.77,13.7,17.548,2.63034218306288,12,0.0933333333333319,4,3.848,NA,7.5,2.8,7.16285673795088,NA,26.1,NA
2508061,"Antonio Brown","PIT","WR",28,6,8,15.7666666666667,15.04,17.04,1.28970280814354,2,0.811666666666666,1,2,NA,1.9,1.5,2.87527330215779,NA,24.6,NA
2553435,"David Johnson","ARI","RB",25,1,9,15.7366666666667,13.172,15.452,1.46185954637692,1,0.209999999999999,1,2.28,NA,4,2.1,3.55904820183883,NA,19.2,NA
2555260,"Dak Prescott","DAL","QB",23,0,7,15.7066666666667,14.212,17.508,2.07290456445378,13,0.108333333333333,4,3.296,NA,17.6,3,7.06618655373734,NA,10.28,NA
2495455,"Cam Newton","CAR","QB",27,5,7,15.6466666666667,11.806,16.902,3.18515829015346,14,0.116666666666667,4,5.096,NA,8,2.8,7.58175565593721,NA,20.16,NA
2552033,"Jameis Winston","TB","QB",22,1,6,15.55,13.47,16.91,2.2588713996153,15,0.0449999999999999,4,3.44,NA,13.8,2.1,5.74765963169143,NA,24.54,NA
2543583,"Devonta Freeman","ATL","RB",24,2,11,15.54,12.256,18.96,4.20033332010687,2,0.379999999999999,1,6.704,NA,8.7,3.9,6.19726791718339,NA,4,NA
2552475,"Todd Gurley","LA","RB",22,1,8,15.5133333333333,15.188,16.068,0.553654525253188,3,0.723333333333334,2,0.880000000000003,NA,1.7,2.3,2.97516227397143,NA,4.2,NA
2505996,"Eli Manning","NYG","QB",35,12,8,15.51,13.318,18.262,3.10935684668068,16,0.0150000000000023,4,4.944,NA,8.8,3,7.84873185842588,NA,17.28,NA
2532820,"Kirk Cousins","WAS","QB",28,4,9,15.5,14.758,15.454,0.435775171390018,17,0.761666666666667,4,0.696,NA,10.9,3.5,6.64063630684874,NA,7.96,NA
2505245,"Carson Palmer","ARI","QB",37,13,9,15.49,15.2,16.136,0.592705660509498,18,1.73666666666666,4,0.936000000000003,NA,10.7,2.7,5.46229029351892,NA,18.94,NA
2543496,"Odell Beckham","NYG","WR",24,2,8,15.1766666666667,9.466,17.146,4.8097435829089,3,1.05833333333333,1,7.68,NA,2.6,0.8,5.46425335168411,NA,7.3,NA
2533034,"Lamar Miller","HOU","RB",25,4,9,14.8066666666667,8.744,17.544,5.54491959665181,4,0.141666666666669,2,8.8,NA,3.6,1.8,6.40287537022974,NA,11.7,NA
2555224,"Ezekiel Elliott","DAL","RB",21,0,7,14.7733333333333,8.404,18.324,6.21241767215738,5,0.459999999999999,2,9.92,NA,4.8,2.1,6.99526305067158,NA,11.2,NA
2540165,"DeAndre Hopkins","HOU","WR",24,3,9,14.7333333333333,14.1,15.62,1.09696551146029,4,1.25833333333333,2,1.52,NA,4.1,1.3,2.6651393732259,NA,11.4,NA
2495466,"Mark Ingram","NO","RB",27,5,5,14.5566666666667,12.306,17.09,3.05198842287013,6,0.491666666666665,2,4.784,NA,7.9,2.2,4.74575639018308,NA,8.7,NA
2540269,"C.J. Anderson","DEN","RB",25,3,11,14.07,9.988,15.26,3.61962705261191,7,0.183333333333335,3,5.272,NA,15.2,3.1,5.48504725375082,NA,25.9,NA
2495979,"DeAngelo Williams","PIT","RB",33,10,8,14.06,14,14.464,0.314324672910034,8,0.698333333333331,3,0.464,NA,8.3,3.6,3.2768392940252,NA,29.1,NA
2506581,"Ryan Fitzpatrick","NYJ","QB",34,11,11,13.9866666666667,12.52,15.016,1.64244736090181,19,0.563333333333333,5,2.496,NA,21.7,2.7,6.25486941449184,NA,14.06,NA
2532899,"Doug Martin","TB","RB",27,4,6,13.7133333333333,12.392,15.16,1.82935325547947,9,0.738333333333333,3,2.768,NA,8.9,2.5,3.97095652264699,NA,9.6,NA
2552466,"Marcus Mariota","TEN","QB",23,1,13,13.52,11.876,15.044,2.09771304043237,20,0.226666666666668,5,3.168,NA,20,2.7,6.59860547066319,NA,14.74,NA
2532865,"T.Y. Hilton","IND","WR",27,4,10,13.5033333333333,11.768,15.68,2.62507777662555,5,0.076666666666668,2,3.912,NA,14.2,3.6,4.5361142945637,NA,7.9,NA
2552487,"Amari Cooper","OAK","WR",22,1,10,13.4466666666667,11.928,15.288,2.11672703325992,6,0.223333333333334,2,3.36,NA,7.3,2.4,3.78894126564994,NA,13.7,NA
2543468,"Mike Evans","TB","WR",23,2,6,13.4066666666667,10.896,16.08,3.24100807362977,7,0.375,2,5.184,NA,8.7,3.1,4.88082032976313,NA,15.9,NA
2506121,"Philip Rivers","SD","QB",35,12,11,13.3266666666667,11.44,16.048,3.19100820013571,21,0.216666666666667,5,4.608,NA,16.1,2.9,7.74827649010681,NA,14.62,NA
2555259,"Carson Wentz","PHI","QB",24,0,4,13.26,11.212,15.852,2.91671047586146,22,0.324999999999999,5,4.64,NA,NA,NA,7.94516691879959,NA,19.22,NA
2543457,"Sammy Watkins","BUF","WR",23,2,10,13.04,10.496,15.52,3.14305583787498,8,0.0833333333333339,2,5.024,NA,NA,NA,7.28114788647103,NA,4.3,NA
2543498,"Brandin Cooks","NO","WR",23,2,5,13.0233333333333,10.996,15.18,2.62994930242644,9,0.23,2,4.184,NA,13.6,3.5,4.51128527063937,NA,26.3,NA
2541161,"Latavius Murray","OAK","RB",26,3,10,13.01,9.206,13.286,2.79451247984331,10,0.0833333333333357,3,4.08,NA,11,3,4.85169583747976,NA,13.2,NA
2495143,"Andy Dalton","CIN","QB",29,5,9,12.96,12.828,14.436,1.13538539712293,23,0.531666666666668,5,1.608,NA,20.4,3.2,6.68254606085518,NA,16.34,NA
2507164,"Adrian Peterson","MIN","RB",31,9,6,12.94,7.464,15.304,4.90599633102186,11,0.323333333333332,3,7.84,NA,3.2,1.9,5.97724625698003,NA,3.1,NA
79607,"LeSean McCoy","BUF","RB",28,7,10,12.9133333333333,9.028,15.108,4.0986013874654,12,0.606666666666666,3,6.08,NA,9.9,3,5.79498072104972,NA,13,NA
382,"Joe Flacco","BAL","QB",31,8,8,12.91,10.662,14.998,2.73205051197814,24,1.13,5,4.336,NA,22.2,2.5,6.75333681203636,NA,11.02,NA
2543509,"Allen Robinson","JAC","WR",23,2,5,12.89,10.396,14.9,3.00371436724599,10,0.353333333333333,2,4.504,NA,5.9,2.3,4.46323347860084,NA,7.2,NA
2530747,"Doug Baldwin","SEA","WR",28,5,5,12.6966666666667,11.372,14.1,1.71348572603723,11,0.435,3,2.728,NA,19.8,3.8,3.87101155726862,NA,15.2,NA
2495893,"Brandon Marshall","NYJ","WR",32,10,11,12.3766666666667,10.444,14.02,2.4733849949681,12,0.291666666666666,3,3.576,NA,10.9,2.5,4.10030062961456,NA,3.2,NA
79555,"Arian Foster","MIA","RB",30,7,8,12.32,9.208,13.32,2.57705257998357,13,0.273333333333333,3,4.112,NA,27.7,5.9,5.75355037387164,NA,10,NA
2540168,"Eddie Lacy","GB","RB",25,3,4,12.2933333333333,7.816,14.056,3.9043736160021,14,0.631666666666668,3,6.24,NA,10.4,2.6,5.50840061893694,NA,7.8,NA
100020,"Vikings","MIN","DST",NA,NA,6,12.2,11.12,12.08,0.848528137423858,3,0.724999999999998,2,0.960000000000003,NA,9.1,2.4,2.62715897995931,NA,24,NA
497278,"Dez Bryant","DAL","WR",28,6,7,12.1466666666667,11.148,13.468,1.60951338401808,13,0.175000000000001,3,2.32,NA,10.1,4.1,3.87467809692622,NA,0.8,NA
2540154,"Keenan Allen","SD","WR",24,3,11,12.0233333333333,7.214,15.214,5.27841200867584,14,0.230000000000002,3,8,NA,NA,NA,10.6659026623112,NA,6.3,NA
2495441,"Blaine Gabbert","SF","QB",27,5,8,11.9466666666667,9.996,13.084,2.12737710181654,25,0.871666666666666,6,3.088,NA,28.9,2.1,5.64837841334662,NA,15.1,NA
2533039,"Alshon Jeffery","CHI","WR",26,4,9,11.92,7.992,13.752,3.9093733513186,15,0.254999999999999,3,5.76,NA,13.6,2.8,5.32446363718877,NA,10.5,NA
100009,"Broncos","DEN","DST",NA,NA,11,11.9,11.06,11.54,0.424264068711928,4,0.9,2,0.480000000000002,NA,6.8,5.6,5.92040739508438,NA,9,NA
234,"Matt Forte","NYJ","RB",31,8,11,11.8,8.76,14.68,3.73630833845388,15,0.331666666666667,3,5.92,NA,NA,NA,7.92224871400827,NA,15.5,NA
71269,"Michael Crabtree","OAK","WR",29,7,10,11.6666666666667,10.24,13.12,1.80092568789868,16,0.0316666666666663,3,2.88,NA,27,4.2,4.05507194863417,NA,8.7,NA
2532841,"Michael Floyd","ARI","WR",27,4,9,11.6633333333333,9.312,13.96,2.90741007312923,17,0.0583333333333336,3,4.648,NA,24.8,4.5,5.01808645200165,NA,6.1,NA
2543801,"Jimmy Garoppolo","NE","QB",25,2,9,11.6133333333333,11.22,12.212,0.620107517559119,26,1.23833333333333,6,0.991999999999999,NA,25.6,2.9,5.80718736090129,NA,12.76,NA
80429,"Jeremy Maclin","KC","WR",28,7,5,11.6066666666667,6.724,13.124,4.01598472772661,18,0.171666666666667,3,6.4,NA,22.8,4.7,5.95406764554468,NA,12.3,NA
2543488,"Jarvis Landry","MIA","WR",24,2,8,11.6033333333333,8.388,14.3,4.00924348641154,19,0.351666666666667,3,5.912,NA,26.8,4.3,5.83396505745068,NA,5.9,NA
2540204,"Spencer Ware","KC","RB",25,3,5,11.5233333333333,8.704,13.624,3.27362693863142,16,0.326666666666666,3,4.92,NA,14.9,5.9,6.25740257210332,NA,25.9,NA
2507374,"Steven Hauschka","SEA","K",NA,NA,5,11.4222222222222,9.81333333333333,12.8,1.93256689788861,1,1.79444444444444,1,2.98666666666667,NA,1.9,1.6,3.29600983994335,NA,6,NA
2495207,"DeMarco Murray","TEN","RB",28,5,13,11.4133333333333,7.128,14.088,4.53326960739523,17,0.703333333333333,3,6.96,NA,18.3,3.6,6.32852308494904,NA,16.7,NA
497284,"Eric Decker","NYJ","WR",29,6,11,11.2666666666667,9.34,12.86,2.48461935381123,20,0.106666666666667,3,3.52,NA,23.2,6.2,5.17073271018233,NA,9.7,NA
2495450,"A.J. Green","CIN","WR",28,5,9,11.2366666666667,10.048,12.76,1.84337552694326,21,0.17,3,2.712,NA,NA,NA,5.22102358512711,NA,24,NA
1032,"Jordy Nelson","GB","WR",31,8,4,11.0833333333333,5.89,12.29,4.34750886523919,22,0.0583333333333336,3,6.4,NA,NA,NA,9.1903273443959,NA,9.2,NA
100002,"Ravens","BAL","DST",NA,NA,8,11.05,10.55,10.95,0.353553390593274,5,0.125,3,0.399999999999999,NA,17.1,2.9,2.68995612914083,NA,6,NA
2506106,"Larry Fitzgerald","ARI","WR",33,12,9,11.05,9.44,12.44,2.08386659841747,23,0.0733333333333341,3,3,NA,NA,NA,5.602226175051,NA,20.1,NA
2543646,"Bruce Ellington","SF","WR",25,2,8,11,11,11,NA,24,0.216666666666667,3,0,NA,NA,NA,NA,NA,NA,NA
2543603,"Jeremy Hill","CIN","RB",24,2,9,10.98,6.288,14.048,5.13275754346531,18,0.673333333333334,3,7.76,NA,24.4,5.5,7.4560754351773,NA,9.1,NA
497328,"Demaryius Thomas","DEN","WR",29,6,11,10.9533333333333,8.808,12.92,2.85911408190253,25,0.414999999999999,3,4.112,NA,20.3,3.3,4.63553000104879,NA,4.8,NA
100014,"Colts","IND","DST",NA,NA,10,10.95,9.19,10.71,1.34350288425444,6,0.0999999999999979,3,1.52,NA,25.5,5.8,7.12293030717298,NA,-3,NA
100029,"49ers","SF","DST",NA,NA,8,10.9,10.06,10.54,0.42426406871193,7,0.125,4,0.480000000000002,NA,19.8,5.3,5.56974828151552,NA,16,NA
100016,"Chiefs","KC","DST",NA,NA,5,10.8,8.36,11.24,2.54558441227157,8,0.125,4,2.88,NA,7.4,2.7,4.76627994529929,NA,1,NA
100030,"Seahawks","SEA","DST",NA,NA,5,10.75,8.29,10.61,2.05060966544099,9,0.199999999999999,4,2.32,NA,1.6,1.5,2.84200878425727,NA,9,NA
1581,"DeSean Jackson","WAS","WR",30,8,9,10.6133333333333,7.452,13.66,3.93935696952349,26,0.195,3,6.208,NA,26.8,5.8,6.20892577523396,NA,10.2,NA
100026,"Cardinals","ARI","DST",NA,NA,9,10.6,10.06,10.54,0.42426406871193,10,0.0999999999999996,4,0.480000000000002,NA,4.3,2.7,2.53070263058539,NA,6,NA
2495824,"Jay Cutler","CHI","QB",33,10,9,10.5366666666667,10.164,11.228,0.68791956894199,27,0.74,6,1.064,NA,25.1,2.1,4.56155487794055,NA,10.84,NA
100006,"Bengals","CIN","DST",NA,NA,9,10.5,10.04,10.36,0.282842712474619,11,0.0500000000000007,4,0.319999999999999,NA,8.5,2.1,1.68034591580008,NA,3,NA
100024,"Jets","NYJ","DST",NA,NA,11,10.5,8.26,10.34,1.83847763108502,11,0.300000000000001,4,2.08,NA,11.7,2.7,4.02108750706132,NA,9,NA
2543614,"Donte Moncrief","IND","WR",23,2,10,10.4633333333333,5.018,12.698,4.82162144235042,27,0.103333333333335,4,7.68,NA,20.4,4.2,6.44912557796523,NA,12.4,NA
1060,"Gary Barnidge","CLE","TE",31,8,13,10.45,9.04,11.48,1.73277234511635,1,0.456666666666667,1,2.44,NA,6.8,2.2,4.62182912793761,NA,0,NA
497188,"Ryan Mathews","PHI","RB",29,6,4,10.44,6.564,11.924,3.35004477582017,19,0.353333333333333,4,5.36,NA,13.9,3.6,5.47266265168723,NA,13.7,NA
100013,"Texans","HOU","DST",NA,NA,9,10.4,8.3,10.7,2.12132034355964,13,0.674999999999999,4,2.4,NA,4.4,2.1,3.61784625521879,NA,11,NA
2495448,"Randall Cobb","GB","WR",26,5,4,10.3733333333333,5.364,12.644,4.55193731649869,28,0.19,4,7.28,NA,17.3,2.8,5.83372796500122,NA,5.7,NA
2550256,"Willie Snead","NO","WR",24,2,5,10.3466666666667,7.732,12.58,3.47023534264368,29,0.438333333333331,4,4.848,NA,36.7,5.1,5.63629356653303,NA,23.2,NA
2532956,"Ryan Tannehill","MIA","QB",28,4,8,10.2133333333333,8.784,11.328,1.60926484250832,28,0.834999999999999,6,2.544,NA,27.8,2.2,5.41929576200726,NA,15.14,NA
2552379,"Jeremy Langford","CHI","RB",25,1,9,10.1733333333333,7.404,13.484,4.12506161570144,20,0.235000000000001,4,6.08,NA,21.2,3.4,5.96020975073561,NA,12.3,NA
2540160,"Jordan Reed","WAS","TE",26,3,9,10.0633333333333,9.272,10.72,0.950806675057203,2,0.154999999999999,1,1.448,NA,1.2,0.8,3.31377203226439,NA,6.4,NA
497326,"Golden Tate","DET","WR",28,6,10,10.02,5.732,12.452,4.36201788166899,30,0.493333333333334,4,6.72,NA,NA,NA,9.21332559795426,NA,4.1,NA
949,"Jonathan Stewart","CAR","RB",29,8,7,10,7,11.4,3.04138126514911,21,0.448333333333334,4,4.4,NA,25.2,3.6,5.24939748776789,NA,6.4,NA
100005,"Bears","CHI","DST",NA,NA,9,10,7.6,12.4,4.24264068711928,14,0.599999999999998,4,4.8,NA,25,4,8.07426462253547,NA,4,NA
2495700,"Greg Olsen","CAR","TE",31,9,7,9.92333333333333,7.656,11.92,2.85317951298781,3,0.486666666666666,1,4.264,NA,3.6,1.4,5.52642925481425,NA,7.3,NA
2540258,"Travis Kelce","KC","TE",27,3,5,9.89333333333333,8.044,11.74,2.46903489917282,4,1.16333333333333,1,3.696,NA,3.2,1.9,5.29427137266508,NA,7.4,NA
2506404,"Frank Gore","IND","RB",33,11,10,9.87666666666667,7.686,12.726,3.30282202568248,22,0.755000000000001,4,5.04,NA,20,4.4,5.73068425949879,NA,7.8,NA
2532884,"Marvin Jones","DET","WR",26,4,10,9.79666666666667,5.738,11.818,3.99049286847293,31,0.541666666666668,4,6.08,NA,23.4,4.4,5.84779420134567,NA,8.5,NA
2506194,"Nick Novak","HOU","K",NA,NA,9,9.63333333333333,8.18,11.38,2.09841209807162,2,0.0555555555555554,1,3.2,NA,15.5,4,5.69935373843728,NA,11,NA
2539637,"Caleb Sturgis","PHI","K",27,3,4,9.62222222222222,7.49333333333333,12.1333333333333,3.01576106726226,3,0.138888888888888,1,4.64,NA,NA,NA,8.14230168032016,NA,9,NA
2504797,"Matt Bryant","ATL","K",41,14,11,9.53333333333333,6.92,12.2533333333333,3.34132375630444,4,0.15,1,5.33333333333333,NA,16.4,4.1,7.01929770229748,NA,10,NA
100023,"Giants","NYG","DST",NA,NA,8,9.45,7.41,11.49,3.60624458405139,15,0.525,4,4.08,NA,17.5,4.8,8.33868239763827,NA,4,NA
2533444,"Randy Bullock","NYG","K",27,4,8,9.43333333333333,6.86,12.1933333333333,3.35774395159078,5,0.116666666666667,1,5.33333333333333,NA,19,4.3,7.22214205464959,NA,2,NA
2504833,"Shaun Hill","MIN","QB",NA,NA,6,9.38,9.356,9.596,0.150996688705414,29,0.514666666666667,7,0.24,NA,30.5,1.7,3.50774968716221,NA,10.24,NA
2553457,"Trevor Siemian","DEN","QB",NA,NA,11,9.37666666666667,8.14,10.724,1.62654029563775,30,1.04466666666667,7,2.584,NA,30,2,5.10813109109529,NA,7.12,NA
100011,"Packers","GB","DST",NA,NA,4,9.35,8.55,8.95,0.353553390593274,16,1,5,0.4,NA,11.6,3.2,3.0406152427097,NA,5,NA
2495259,"Dan Bailey","DAL","K",28,5,7,9.33333333333333,9,9.8,0.577350269189626,6,0.175000000000001,2,0.800000000000001,NA,7,2.7,2.98506855538316,NA,17,NA
2504257,"Sebastian Janikowski","OAK","K",38,16,10,9.3,6.78,12.1133333333333,3.39329404037499,7,0.291666666666668,2,5.33333333333333,NA,11.7,4,6.97726729223719,NA,8,NA
2552430,"Tyler Lockett","SEA","WR",24,1,5,9.25666666666667,4.854,11.094,3.90072215536218,32,0.104999999999999,4,6.24,NA,33.6,5.4,6.06354592321414,NA,1.7,NA
2555295,"Sterling Shepard","NYG","WR",NA,0,8,9.25333333333333,4.992,11.632,4.43108715027513,33,0.221666666666668,4,6.64,NA,39.8,5.3,6.45519695858192,NA,10.3,NA
2539322,"Christine Michael","SEA","RB",26,3,5,9.22666666666667,3.056,12.976,6.20017204062382,23,0.451666666666664,4,9.92,NA,22.5,7.2,8.84904768424276,NA,7.1,NA
2553737,"Eli Rogers","PIT","WR",NA,NA,8,9.05,2.49,9.61,6.29325035256027,34,0.0416666666666679,4,7.12,NA,59.1,12.1,9.88197199800212,NA,11.9,NA
71345,"Rashad Jennings","NYG","RB",31,7,8,9.01666666666667,5.72,12,3.93266237215113,24,0.611666666666666,4,6.28,NA,20.9,4.7,6.29583302521443,NA,7.8,NA
2555408,"Roberto Aguayo","TB","K",22,0,6,9.01666666666667,8.24,9.8,0.975106831754005,8,0.0749999999999993,2,1.56,NA,17.5,3.6,4.2174898249118,NA,8,NA
2539336,"Tavon Austin","LA","WR",25,3,8,9.01333333333333,5.528,11.048,3.81241830513564,35,0.185,4,5.52,NA,37.7,4.7,5.79273099583555,NA,1.3,NA
2552608,"Stefon Diggs","MIN","WR",23,1,6,9.00333333333333,4.742,11.302,4.32597195244414,36,0.435,4,6.56,NA,40.2,4.3,6.08498832998659,NA,10.3,NA
2507232,"Mason Crosby","GB","K",32,9,4,9,6.8,10.8,2.64575131106459,9,0.158333333333335,2,4,NA,4.4,1.8,4.18648787437469,NA,9,NA
2505299,"Antonio Gates","SD","TE",36,13,11,8.98,4.808,11.208,4.24466724255271,5,0.586666666666666,1,6.4,NA,9.9,3.3,7.64977070057283,NA,2,NA
2506677,"Matt Prater","DET","K",32,10,10,8.88333333333333,7.32,10,1.93412340178525,10,0.166666666666668,2,2.68,NA,10,3.4,4.97729992201222,NA,8,NA
2550636,"Cairo Santos","KC","K",25,2,5,8.8,8.52,9,0.346410161513776,11,0.208333333333332,3,0.480000000000002,NA,9.2,3.1,3.13043339354226,NA,10,NA
2506400,"Vincent Jackson","TB","WR",33,11,6,8.65333333333333,4.992,10.432,3.5797392828715,37,0.353333333333332,4,5.44,NA,41.4,4.6,5.57963118995426,NA,1.8,NA
2532968,"Blair Walsh","MIN","K",26,4,6,8.63333333333333,5.78,11.9133333333333,3.94306705215341,12,0.0972222222222214,3,6.13333333333333,NA,12.4,4,7.51983596997727,NA,16,NA
2503471,"Adam Vinatieri","IND","K",44,20,10,8.55,7.8,9.12,0.912414379544732,13,0.25,3,1.32,NA,5.8,3.4,3.96897957642282,NA,12,NA
2543743,"Carlos Hyde","SF","RB",25,2,8,8.53333333333333,7.74,8.78,0.723417813807023,25,0.273333333333333,4,1.04,NA,16.9,3.7,3.60927048497114,NA,21.3,NA
2507401,"Dan Carpenter","BUF","K",31,8,10,8.52222222222222,6.51333333333333,11.0466666666667,3.04527563673696,14,0.55,3,4.53333333333333,NA,17.1,3,5.70061273771244,NA,1,NA
100010,"Lions","DET","DST",NA,NA,10,8.5,6.3,8.7,2.12132034355964,17,0.4,5,2.4,NA,20.4,3.7,5.48802819425271,NA,0,NA
2555317,"Tajae Sharpe","TEN","WR",22,0,13,8.48333333333333,4.13,11.17,4.67769530146346,38,0.491666666666668,4,7.04,NA,46.3,6.4,6.96623583764599,NA,7.6,NA
1062,"Martellus Bennett","NE","TE",29,8,9,8.48,4.328,10.168,3.66185745216823,6,0.264999999999999,2,5.84,NA,8.5,3.6,7.13908582342014,NA,1.4,NA
497095,"Sam Bradford","MIN","QB",29,6,6,8.354,2.3012,14.4068,10.6999398129148,31,0.125666666666664,7,12.1056,NA,31,3.5,14.3903166196921,NA,NA,NA
2532888,"Case Keenum","LA","QB",28,4,8,8.31,6.814,12.622,3.72398979590439,32,3.12766666666667,7,5.808,NA,30.5,1.7,6.2054416385134,NA,0.2,NA
2495353,"Julius Thomas","JAC","TE",28,5,5,8.30666666666667,4.304,10.304,3.96486233472656,7,0.395000000000001,2,6,NA,8.9,2.3,7.00927124835066,NA,12.4,NA
2552635,"Matt Jones","WAS","RB",24,1,9,8.27666666666667,5.026,12.146,4.4751126615241,26,0.0700000000000003,4,7.12,NA,NA,NA,8.99104539772369,NA,3.3,NA
2552461,"Duke Johnson","CLE","RB",23,1,13,8.24333333333333,4.156,12.676,5.37723286954669,27,0.210000000000001,4,8.52,NA,28.6,4.2,7.15812028375358,NA,5,NA
100027,"Steelers","PIT","DST",NA,NA,8,8.2,4.46,8.14,3.25269119345812,18,0.35,6,3.68,NA,15.5,3.1,5.97901786829574,NA,8,NA
2540020,"Theo Riddick","DET","RB",25,3,10,8.17,4.668,10.34,4.01231853172203,28,0.31,4,5.672,NA,41,5.3,6.57258499080247,NA,22.8,NA
2533033,"Robert Griffin","CLE","QB",26,4,13,8.14666666666667,5.836,10.276,3.07760188025244,33,6.74966666666667,7,4.44,NA,20.3,3.3,8.3110681814868,NA,8.3,NA
2533046,"Dwayne Allen","IND","TE",26,4,10,8.12333333333333,6.396,10.02,2.29447888055945,8,0.428333333333335,2,3.624,NA,10.1,2.8,5.42126545633573,NA,11.3,NA
497322,"Emmanuel Sanders","DEN","WR",29,6,11,8.11666666666667,5.15,11.71,4.12926547140449,39,0.396666666666665,4,6.56,NA,34,4.3,5.92908852969989,NA,4.9,NA
2534797,"Greg Zuerlein","LA","K",29,4,8,8.07777777777778,5.64666666666667,10.98,3.48589751448339,15,0.394444444444444,3,5.33333333333333,NA,23,4.5,7.53525559850945,NA,0,NA
100007,"Browns","CLE","DST",NA,NA,13,8,4.48,8.32,3.39411254969543,19,0.425,6,3.84,NA,18.7,4.6,7.88135192378764,NA,2,NA
2556075,"Derrick Henry","TEN","RB",22,0,13,7.89666666666667,2.838,10.998,5.12699067029903,29,0.141666666666667,4,8.16,NA,35.7,5.6,7.48842648758648,NA,4.4,NA
2500351,"Phil Dawson","SF","K",41,18,8,7.86666666666667,6.88,8.8,1.20554275466834,16,0.7,4,1.92,NA,24.5,4.8,5.56474205328911,NA,4,NA
2555346,"Will Fuller","HOU","WR",22,0,9,7.86666666666667,2.78,10.46,4.80555234425069,40,0.311666666666667,4,7.68,NA,NA,NA,9.91637242967325,NA,16.7,NA
497149,"LeGarrette Blount","NE","RB",30,6,9,7.82333333333333,5.334,10.534,3.25032818855779,30,0.165,4,5.2,NA,35.1,5.4,6.05793793312834,NA,10,NA
100028,"Chargers","SD","DST",NA,NA,11,7.7,4.38,7.42,2.68700576850888,20,0.274999999999999,6,3.04,NA,27.9,4,6.43484125841195,NA,5,NA
2495211,"Niles Paul","WAS","TE",27,5,9,7.7,7.7,7.7,NA,9,0.106666666666666,2,0,NA,41.2,9.2,7.87231716029,NA,NA,NA
2540215,"Vance McDonald","SF","TE",26,3,8,7.69,5.116,9.78,3.09762812487232,10,0.213333333333334,2,4.664,NA,16.7,3.5,6.50976616207316,NA,7.4,NA
2550189,"Isaiah Crowell","CLE","RB",23,2,13,7.68666666666667,5.402,10.002,2.8757665644717,31,0.296666666666666,4,4.6,NA,33.5,5.5,5.82352917211579,NA,13.8,NA
2550268,"Charcandrick West","KC","RB",25,2,5,7.63,4.76,9.952,3.4550976831343,32,0.501666666666667,4,5.192,NA,NA,NA,7.51543326038181,NA,2.3,NA
2555333,"Corey Coleman","CLE","WR",22,0,13,7.57333333333333,5.904,9.984,2.80644496353186,41,0.102500000000001,4,4.08,NA,40,5.8,5.31103591139718,NA,6.9,NA
2495459,"Torrey Smith","SF","WR",27,5,8,7.53666666666667,5.542,9.462,2.45459433172436,42,0.234166666666667,4,3.92,NA,43.8,5.5,4.94610669137399,NA,1.3,NA
2539227,"Dustin Hopkins","WAS","K",26,3,9,7.5,6.3,8.7,1.5,17,0.966666666666668,4,2.4,NA,19,4.1,5.20210301586179,NA,11,NA
2540158,"Zach Ertz","PHI","TE",26,3,4,7.49666666666667,5.118,10.398,3.3731340520847,11,0.0683333333333334,2,5.28,NA,7.9,2.9,6.59285081810918,NA,5.8,NA
2505629,"Jason Witten","DAL","TE",34,13,7,7.45666666666667,4.094,8.894,3.05837102610742,12,0.323333333333333,2,4.8,NA,11.9,2.8,6.22649815217046,NA,6.6,NA
100021,"Patriots","NE","DST",NA,NA,9,7.45,6.15,7.35,1.06066017177982,21,0.0750000000000002,6,1.2,NA,12.5,3.6,4.25335316570614,NA,3,NA
2550272,"Albert Wilson","KC","WR",24,2,5,7.405,5.489,9.321,3.38704148188356,43,0.253333333333332,4,3.832,NA,92.7,6.4,5.9433276363081,NA,0.1,NA
100031,"Buccaneers","TB","DST",NA,NA,6,7.4,6.16,7.44,1.13137084989848,22,0.200000000000001,6,1.28,NA,21.9,4.1,4.91230426547804,NA,3,NA
2495139,"Charles Clay","BUF","TE",27,5,10,7.4,3.54,9.38,3.81968585095686,13,0.643333333333334,2,5.84,NA,18.3,3.3,7.20179003520175,NA,4,NA
100019,"Dolphins","MIA","DST",NA,NA,8,7.35,7.01,7.09,0.0707106781186545,23,0.324999999999999,6,0.0800000000000001,NA,22.2,5.3,5.19715206239654,NA,11,NA
2539291,"Markus Wheaton","PIT","WR",25,3,8,7.2,7.2,7.2,NA,44,0.169999999999999,4,0,NA,NA,NA,NA,NA,NA,NA
927,"Justin Forsett","BAL","RB",31,8,8,7.15,4.74,8.94,2.62535711856502,33,0.0566666666666666,4,4.2,NA,38.1,7,6.19023679870229,NA,5.6,NA
2507999,"Chris Ivory","JAC","RB",28,6,5,7.10666666666667,5.16,8.696,2.27159268649407,34,0.0866666666666678,4,3.536,NA,NA,NA,5.80330709101522,NA,NA,NA
238498,"Julian Edelman","NE","WR",30,7,9,7.10333333333333,6.32,7.368,0.703586052543207,45,0.149999999999999,4,1.048,NA,30.8,4.9,3.38620465691899,NA,6.6,NA
4383,"Tim Hightower","NO","RB",30,8,5,7.08,1.518,12.998,7.21628020520268,35,0.168333333333333,4,11.48,NA,63,5.9,9.10923668078826,NA,1,NA
100022,"Saints","NO","DST",NA,NA,5,7.05,6.07,6.63,0.494974746830583,24,0.0999999999999996,6,0.56,NA,29.6,3.1,3.07276735916767,NA,-4,NA
100017,"Rams","LA","DST",NA,NA,8,7,7,7,NA,25,0.125,6,0,NA,4.5,2.9,3.06555338618116,NA,2,NA
2552374,"Ameer Abdullah","DET","RB",23,1,10,6.96,6.28,7.304,0.654828221749796,36,0.13,5,1.024,NA,25.2,3.9,3.63270246129072,NA,18,NA
71217,"Kenny Britt","LA","WR",28,7,8,6.95666666666667,4.594,10.114,3.85520859790146,46,0.0700000000000003,4,5.52,NA,67.2,6.3,6.2856837178607,NA,6.7,NA
2539205,"Terrance Williams","DAL","WR",27,3,7,6.95,4.35,10.03,3.69898634763634,47,0.250000000000001,4,5.68,NA,59.5,6.9,6.33400943276657,NA,3.4,NA
100032,"Redskins","WAS","DST",NA,NA,9,6.9,4.3,6.7,2.12132034355964,26,0.275,6,2.4,NA,24.5,3.8,5.60491456544233,NA,-1,NA
2495966,"Delanie Walker","TEN","TE",32,10,13,6.86666666666667,5.76,7.6,1.25033328890074,14,0.393333333333334,2,1.84,NA,4.6,2,4.04417089111328,NA,4.2,NA
2552631,"Javorius Allen","BAL","RB",25,1,8,6.86333333333333,2.938,11.978,6.2091089001026,37,0.0700000000000003,5,9.04,NA,47.9,4.8,7.97897444151112,NA,NA,NA
100012,"Titans","TEN","DST",NA,NA,13,6.85,6.19,6.91,0.636396103067892,27,0.499999999999999,6,0.719999999999998,NA,17.7,4.7,5.09198778584919,NA,0,NA
2506922,"Stephen Gostkowski","NE","K",32,10,9,6.83333333333333,6,8,1.44337567297406,18,0.666666666666667,4,2,NA,3.9,4.2,5.23954037046401,NA,14,NA
2346,"Pierre Garcon","WAS","WR",30,8,9,6.82333333333333,4.554,9.914,3.79270791563671,48,0.251666666666668,4,5.36,NA,56.1,8.1,6.75256794277459,NA,5.1,NA
2495473,"Shane Vereen","NYG","RB",27,5,8,6.79666666666667,4.158,9.518,3.40544172367306,38,0.0816666666666661,5,5.36,NA,48.6,3.6,5.51273285180942,NA,6.1,NA
2539260,"Denard Robinson","JAC","RB",26,3,5,6.79,2.782,10.798,7.08520994748921,39,0.181666666666667,5,8.016,NA,NA,NA,12.7669617483769,NA,0.7,NA
238457,"Zach Miller","CHI","TE",32,7,9,6.64666666666667,5.068,8.748,2.56330515805928,15,0.508333333333333,2,3.68,NA,15.3,2.6,5.63552976182386,NA,1.4,NA
2552469,"Melvin Gordon","SD","RB",23,1,11,6.64,6.14,7.516,0.940638081304388,40,0.0650000000000004,5,1.376,NA,24.9,4,3.87595932140117,NA,17.7,NA
2543770,"Charles Sims","TB","RB",26,2,6,6.57666666666667,5.32,7.664,1.54778336124063,41,0.0116666666666676,5,2.344,NA,35.4,4.2,4.38816969797168,NA,10.1,NA
2532887,"Jermaine Kearse","SEA","WR",26,4,5,6.57666666666667,3.886,9.726,3.78267542003452,49,0.0249999999999995,4,5.84,NA,60.8,6.7,6.34295733329961,NA,5.7,NA
2553733,"Thomas Rawls","SEA","RB",23,1,5,6.57333333333333,3.524,9.044,3.47161825858393,42,0.0899999999999999,5,5.52,NA,NA,NA,7.53933287182461,NA,5.8,NA
2550353,"Allen Hurns","JAC","WR",25,2,5,6.56666666666667,5.82,6.86,0.723417813807024,50,0.0749999999999993,4,1.04,NA,32.6,4.7,3.34454241995133,NA,7.5,NA
4327,"Danny Woodhead","SD","RB",31,8,11,6.55666666666667,5.64,7.136,0.944792746232386,43,0.246666666666666,5,1.496,NA,30.5,4.8,4.1711436860655,NA,18,NA
2543500,"Jordan Matthews","PHI","WR",24,2,4,6.53666666666667,5.24,7.328,1.45259537839459,51,0.0949999999999998,4,2.088,NA,NA,NA,4.60159765881546,NA,17.4,NA
2552424,"Phillip Dorsett","IND","WR",23,1,10,6.44666666666667,4.848,8.208,2.10155497985024,52,0.108333333333333,4,3.36,NA,53.3,7.1,5.12534447009494,NA,9.4,NA
2553432,"Kevin White","CHI","WR",23,1,9,6.43666666666667,4.142,9.422,3.6229867972894,53,0.216666666666667,4,5.28,NA,NA,NA,8.04188683445752,NA,3.4,NA
2540156,"Giovani Bernard","CIN","RB",25,3,9,6.41,5.48,7.184,1.06925207505059,44,0.385,5,1.704,NA,27.2,4,3.96898950930268,NA,3,NA
100001,"Falcons","ATL","DST",NA,NA,11,6.4,6.02,6.18,0.14142135623731,28,0.125,6,0.16,NA,23.6,4.6,4.45346670789299,NA,2,NA
100018,"Raiders","OAK","DST",NA,NA,10,6.3,4.24,6.16,1.69705627484771,29,0.0750000000000011,6,1.92,NA,18.2,3.5,4.80713998893069,NA,3,NA
2553830,"Will Tye","NYG","TE",NA,NA,8,6.3,4.06,8.54,3.95979797464467,16,0.361666666666667,2,4.48,NA,24.2,3.4,7.38403998755695,NA,1.6,NA
100008,"Cowboys","DAL","DST",NA,NA,7,6.25,4.21,5.89,1.48492424049175,30,0.375,6,1.68,NA,26.2,4.5,5.75244596935551,NA,8,NA
2541388,"Brice Butler","DAL","WR",26,3,7,6.24,4.432,8.048,3.19612265096319,54,0.0916666666666668,4,3.616,NA,108.4,18,9.12004946358838,NA,1.6,NA
2536340,"Justin Tucker","BAL","K",27,4,8,6.23333333333333,5,7.96,2.13619599600162,19,0.249999999999999,4,2.96,NA,4.5,2.8,4.61680652544156,NA,9,NA
2543773,"James White","NE","RB",24,2,9,6.21,4.496,7.096,1.87064160116255,45,0.526666666666667,5,2.6,NA,37.7,5.4,5.05997108106208,NA,4.4,NA
100015,"Jaguars","JAC","DST",NA,NA,5,6.2,4.22,5.98,1.5556349186104,31,0.649999999999999,6,1.76,NA,20.5,4.1,5.35941972842082,NA,1,NA
2508097,"Andrew Hawkins","CLE","WR",30,5,13,6.2,3.59,9.11,4.87903679018718,55,0.159999999999999,4,5.52,NA,NA,NA,10.0328526837567,NA,0,NA
2553648,"Andrew Franks","MIA","K",23,1,8,6.1,5.06,7.46,1.65227116418583,20,0.499999999999999,5,2.4,NA,30.4,2.5,3.85926414430169,NA,5,NA
2552458,"Devin Funchess","CAR","WR",22,1,7,6.09666666666667,3.498,9.658,4.18915663747888,56,0.126666666666667,4,6.16,NA,53.3,7.3,6.8372539067806,NA,0.9,NA
2543471,"Kelvin Benjamin","CAR","WR",25,2,7,5.98333333333333,4.12,8.32,2.81794842630828,57,0.125,4,4.2,NA,39.2,7.6,5.83657215108624,NA,15.1,NA
2552633,"Jesse James","PIT","TE",22,1,8,5.97666666666667,4.046,7.966,2.45329030759373,17,0.239999999999999,2,3.92,NA,18.7,3.8,5.93422346532631,NA,3.1,NA
2507166,"Ted Ginn","CAR","WR",31,9,7,5.95666666666667,3.496,9.36,4.19495331718165,58,0.226666666666667,4,5.864,NA,65.7,6.4,6.58363848476889,NA,0.5,NA
497240,"Rob Gronkowski","NE","TE",27,6,9,5.9,5.9,5.9,NA,18,0.365833333333334,2,0,NA,NA,NA,NA,NA,NA,NA
2506386,"Mike Nugent","CIN","K",34,11,9,5.86666666666667,5.2,6.48,0.808290376865476,21,1.95,5,1.28,NA,17.8,2.8,3.30630204358698,NA,12,NA
2495328,"Bilal Powell","NYJ","RB",28,5,11,5.84,0.94,6.524,3.55923212692476,46,0.473333333333333,6,5.584,NA,40.5,3.8,5.6970186524022,NA,4.8,NA
2556370,"Michael Thomas","NO","WR",22,0,5,5.76,3.976,7.496,2.20245317770889,59,0.0700000000000003,4,3.52,NA,NA,NA,5.79019785682278,NA,5.8,NA
2553895,"Adam Humphries","TB","WR",NA,NA,6,5.7,3.94,7.46,3.11126983722081,60,0.083333333333333,4,3.52,NA,95.5,10.8,6.98712266944778,NA,3.4,NA
2552491,"Dorial Green-Beckham","PHI","WR",23,1,4,5.68,2.948,8.788,3.7396791306207,61,0.145833333333332,4,5.84,NA,65.4,9,6.96874954081398,NA,1.4,NA
2532838,"Coby Fleener","NO","TE",28,4,5,5.57333333333333,3.62,6.996,2.18909418101034,19,0.538333333333334,2,3.376,NA,5.6,3,5.37928791042717,NA,0.6,NA
2552470,"Sammie Coates","PIT","WR",23,1,8,5.55333333333333,4.632,6.632,1.29558223719428,62,0.0391666666666683,4,2,NA,60.3,9.8,5.26119919877526,NA,5.6,NA
100003,"Bills","BUF","DST",NA,NA,10,5.55,5.05,5.45,0.353553390593274,32,NA,6,0.399999999999999,NA,13.7,2.7,2.45618338676159,NA,10,NA
497206,"James Starks","GB","RB",30,6,4,5.52666666666667,3.256,7.576,2.70039503283007,47,0.400833333333334,6,4.32,NA,50.3,4.7,5.40449874048531,NA,1.3,NA
2555362,"Aaron Burbridge","SF","WR",23,0,8,5.515,1.447,9.583,7.19127596466719,63,0.0583333333333327,4,8.136,NA,120,9.1,9.73300394690909,NA,NA,NA
2530660,"Kamar Aiken","BAL","WR",27,5,8,5.51333333333333,4.14,6.252,1.4144021116123,64,0.123333333333333,5,2.112,NA,44.8,5.6,4.15039188459828,NA,1.4,NA
2540928,"Darren Fells","ARI","TE",30,4,9,5.495,3.651,7.339,3.25976226126998,20,1.0325,2,3.688,NA,34,4.7,7.09533709508732,NA,NA,NA
2552409,"DeVante Parker","MIA","WR",23,1,8,5.4,5.4,5.4,NA,65,0.0716666666666663,5,0,NA,NA,NA,NA,NA,NA,NA
2543774,"Jared Abbrederis","GB","WR",26,2,4,5.38,3.444,7.316,3.42239682094289,66,0.194166666666667,5,3.872,NA,94.3,7,6.14348824631877,NA,0.8,NA
89802,"Ryan Succop","TEN","K",30,7,13,5.33333333333333,5,5.8,0.577350269189626,22,2.85,5,0.8,NA,27.5,3.9,4.10490453865414,NA,4,NA
2533040,"Mohamed Sanu","ATL","WR",27,4,11,5.27666666666667,3.88,5.984,1.4565827588343,67,0.182500000000001,5,2.104,NA,50.9,5.9,4.26989203438186,NA,14,NA
2552471,"T.J. Yeldon","JAC","RB",23,1,5,5.20666666666667,2.54,7.596,3.17114069907554,48,0.229166666666667,6,5.056,NA,33.9,4.5,5.67195777888138,NA,12.9,NA
2552425,"Rashad Greene","JAC","WR",24,1,5,5.095,3.171,7.019,3.40118361750729,68,0.0216666666666674,5,3.848,NA,104.8,9.2,6.7578546936968,NA,0.9,NA
2543847,"John Brown","ARI","WR",26,2,9,5.09333333333333,3.72,6.344,1.7464630924624,69,0.046666666666666,5,2.624,NA,NA,NA,5.06740760764624,NA,0.8,NA
2543828,"Quincy Enunwa","NYJ","WR",24,2,11,5.05333333333333,2.908,7.98,3.59312306125651,70,0.035000000000001,5,5.072,NA,NA,NA,7.99454980256374,NA,11.4,NA
2555223,"Devontae Booker","DEN","RB",24,0,11,5.045,0.74,5.852,3.20827575705913,49,0.18,6,5.112,NA,55,5.1,5.91795301298768,NA,-2.2,NA
2535964,"Josh Bellamy","CHI","WR",27,4,9,5.04,3.472,6.608,2.77185858225127,71,0.0499999999999998,5,3.136,NA,NA,NA,6.69276281941221,NA,NA,NA
2504595,"Steve Smith","BAL","WR",37,15,8,4.99666666666667,2.4,6.472,2.78406776737445,72,0.121666666666666,5,4.072,NA,52.8,7.7,5.83840997493412,NA,1.9,NA
2552418,"Justin Hardy","ATL","WR",25,1,11,4.98333333333333,2.53,7.57,3.16319985668521,73,0.217500000000001,5,5.04,NA,85.5,6.4,5.76592186665661,NA,0,NA
2540011,"Chris Thompson","WAS","RB",26,3,9,4.91,3.256,6.336,1.92595430890766,50,0.0999999999999996,6,3.08,NA,NA,NA,5.30328680121243,NA,9.9,NA
2553439,"Mike Davis","SF","RB",23,1,8,4.82,1.556,8.084,5.76999133448223,51,0.0733333333333333,6,6.528,NA,87.3,9.1,9.23181119407263,NA,0.1,NA
2552582,"Jay Ajayi","MIA","RB",23,1,8,4.8,4.8,4.8,NA,52,0.203333333333334,6,0,NA,NA,NA,NA,NA,NA,NA
2505587,"Anquan Boldin","DET","WR",36,13,10,4.76666666666667,4.04,5.48,0.98657657246325,74,0.0074999999999994,5,1.44,NA,64.2,9.3,4.87284686726309,NA,3.5,NA
2555343,"Josh Doctson","WAS","WR",NA,0,9,4.765,2.687,7.143,3.93858477120907,75,0.0308333333333337,5,4.456,NA,78.9,11.4,7.81495117342922,NA,0.9,NA
2507763,"Mike Wallace","BAL","WR",30,7,8,4.75333333333333,3.3,5.588,1.4305709815781,76,0.0483333333333338,5,2.288,NA,49.9,7.7,4.76569555556626,NA,15.1,NA
2552429,"Ty Montgomery","GB","WR",23,1,4,4.715,1.927,7.503,4.92853426487024,77,0.0300000000000002,5,5.576,NA,115.7,8.4,7.73883743145779,NA,NA,NA
2543759,"Ryan Grant","WAS","WR",26,2,9,4.695,2.851,6.539,3.25976226126998,78,0.024166666666666,5,3.688,NA,114.5,16.5,8.74013775749359,NA,0,NA
2506467,"Darren Sproles","PHI","RB",33,11,4,4.69333333333333,4.22,4.924,0.44959240800233,53,0.331666666666667,6,0.704000000000001,NA,43.7,4.5,3.7033838972462,NA,3.6,NA
2552656,"J.J. Nelson","ARI","WR",24,1,9,4.675,2.445,7.205,4.20728534805996,79,0.0400000000000009,5,4.76,NA,90.1,8.7,7.2532811746779,NA,1.1,NA
2543475,"Marqise Lee","JAC","WR",25,2,5,4.66666666666667,2.66,7.38,3.32315111503123,80,0.111666666666667,5,4.72,NA,92.6,6.1,5.80662143954141,NA,2.2,NA
2552463,"Jaelen Strong","HOU","WR",22,1,9,4.60333333333333,3.18,5.268,1.40571452768097,81,0.153333333333333,5,2.088,NA,85.3,13.1,6.29525306006321,NA,NA,NA
497224,"Ed Dickson","CAR","TE",29,6,7,4.575,2.555,6.595,3.57088924499206,21,0.265,2,4.04,NA,54,5.9,7.83796411620287,NA,NA,NA
2505551,"Andre Johnson","TEN","WR",35,13,13,4.50666666666667,2.324,7.604,3.64474050287991,82,0.12,5,5.28,NA,84.1,6.8,6.26232691314322,NA,3,NA
2555460,"Paul Perkins","NYG","RB",22,0,8,4.5,0.45,4.05,3.18198051533946,54,0.34,6,3.6,NA,71.9,10.1,7.72505276377772,NA,NA,NA
2532903,"Rishard Matthews","TEN","WR",27,4,13,4.39333333333333,3.696,4.576,0.60343461396686,83,0.081666666666667,6,0.879999999999999,NA,51.9,7.3,3.99538848173406,NA,2.6,NA
2540202,"Kenny Stills","MIA","WR",24,3,8,4.38,3.128,4.968,1.28421182053429,84,0.198333333333333,6,1.84,NA,NA,NA,4.33469274644814,NA,1.6,NA
2552478,"Blake Bell","SF","TE",25,1,8,4.35,1.99,6.71,4.17193000900063,22,0.0816666666666652,2,4.72,NA,53.8,3.9,7.78042823678025,NA,NA,NA
2495835,"Anthony Fasano","TEN","TE",32,10,13,4.27,2.006,6.534,4.00222438151586,23,0.163333333333333,2,4.528,NA,NA,NA,10.9936106438782,NA,NA,NA
2552397,"Clive Walford","OAK","TE",25,1,10,4.26666666666667,2.42,5.86,2.45424801789333,24,0.340000000000001,3,3.44,NA,15,3.5,5.8315674124087,NA,2.5,NA
2540169,"Robert Woods","BUF","WR",24,3,10,4.24333333333333,3.46,4.684,0.825005050489591,85,0.14,6,1.224,NA,70.9,9,4.65872343190466,NA,2,NA
2543664,"Terrance West","BAL","RB",25,2,8,4.22333333333333,3.04,5.096,1.30714702055023,55,0.201666666666667,6,2.056,NA,42.6,5.6,4.72542409461399,NA,3.8,NA
2555466,"Tyler Boyd","CIN","WR",22,0,9,4.12,2.12,5.848,2.43581608501135,86,0.119166666666668,6,3.728,NA,56.2,6.2,5.13205365995974,NA,2.4,NA
2543600,"Alfred Blue","HOU","RB",25,2,9,4.09666666666667,0.608,6.728,4.08118038480699,56,0.263333333333335,6,6.12,NA,73.5,7.9,7.5719770662431,NA,0.4,NA
2530515,"Chris Hogan","NE","WR",28,5,9,4.08666666666667,2.38,5.548,2.00811686246925,87,0.176666666666667,6,3.168,NA,59.5,8.1,5.33818958924102,NA,12,NA
497236,"Jimmy Graham","SEA","TE",30,6,5,3.94666666666667,2.788,4.628,1.16212449132326,25,0.0950000000000006,3,1.84,NA,NA,NA,5.00600806320444,NA,1.1,NA
2555464,"DeAndre Washington","OAK","RB",23,0,10,3.94666666666667,2.14,5.772,2.44428585344131,57,0.291666666666666,6,3.632,NA,48.3,3.6,4.8175012630389,NA,2.4,NA
2543750,"Jeff Janis","GB","WR",25,2,4,3.915,2.807,5.023,1.95868578388674,88,0.0175000000000001,6,2.216,NA,NA,NA,5.40380196572223,NA,NA,NA
2495438,"Kyle Rudolph","MIN","TE",27,5,6,3.90666666666667,3.26,3.996,0.469183688264344,26,0.126666666666666,3,0.735999999999999,NA,20.5,2.9,3.53174357455725,NA,6.5,NA
2555348,"Braxton Miller","HOU","WR",24,0,9,3.905,1.861,4.749,2.55265548008344,89,0.0350000000000001,6,2.888,NA,79.1,9.9,6.28618305426293,NA,0.6,NA
2550328,"Brandon Coleman","NO","WR",24,2,5,3.89,2.462,4.718,1.99404112294606,90,0.0450000000000004,6,2.256,NA,91.4,9.1,5.61393339272591,NA,NA,NA
1037885,"Marc Mariani","TEN","WR",29,6,13,3.85,0.770000000000001,6.93,5.44472221513642,91,0.0233333333333334,6,6.16,NA,138,9.6,8.4922218418377,NA,0,NA
2539250,"Quinton Patton","SF","WR",26,3,8,3.84,3.384,4.184,0.555697759577992,92,0.0333333333333332,6,0.8,NA,79.6,8.7,4.35921396974941,NA,6,NA
497302,"Brandon LaFell","CIN","WR",30,6,9,3.81333333333333,2.88,4.592,1.07449212809277,93,0.0150000000000001,6,1.712,NA,NA,NA,4.00226589406364,NA,9.1,NA
2532977,"Kendall Wright","TEN","WR",27,4,13,3.8,3.8,3.8,NA,94,0.0391666666666666,6,0,NA,NA,NA,NA,NA,NA,NA
2541834,"Josh Hill","NO","TE",26,3,5,3.79666666666667,1.458,6.338,3.08140119642563,27,0.04,3,4.88,NA,37.6,5.1,7.04554422173369,NA,NA,NA
2553913,"Tyrell Williams","SD","WR",NA,NA,11,3.79666666666667,1.192,6.48,3.309385642885,95,0.1625,6,5.288,NA,90.2,10.1,6.94330975499498,NA,7.1,NA
324,"Jacob Tamme","ATL","TE",31,8,11,3.76333333333333,2.6,4.752,1.43074572630266,28,0.0316666666666672,3,2.152,NA,27.1,3.9,4.89089569923425,NA,5.1,NA
2550313,"Richard Rodgers","GB","TE",24,2,4,3.75,2.74,4.06,0.852936105461599,29,0.0866666666666669,3,1.32,NA,27.7,3.7,4.21270560420951,NA,2.2,NA
2507855,"Victor Cruz","NYG","WR",30,6,8,3.725,3.205,3.645,0.388908729652601,96,0.203333333333333,7,0.44,NA,79,7.5,3.88274581354487,NA,9.4,NA
2543715,"Jerick McKinnon","MIN","RB",24,2,6,3.72,3.132,3.852,0.466047207909242,58,0.155,6,0.72,NA,NA,NA,3.19130150367732,NA,0.9,NA
2543683,"Austin Seferian-Jenkins","TB","TE",24,2,6,3.71333333333333,2,4.592,1.69780250127432,30,0.11,3,2.592,NA,23.7,4.7,5.44884671597175,NA,9,NA
2543466,"Eric Ebron","DET","TE",23,2,10,3.61333333333333,1.52,4.992,2.18415506165046,31,0.0541666666666667,3,3.472,NA,NA,NA,7.16069033390572,NA,10.6,NA
71265,"Jared Cook","GB","TE",29,7,4,3.59333333333333,3.12,3.984,0.596769078734256,32,0.210833333333333,3,0.863999999999999,NA,13.4,3.3,3.80445446096811,NA,0.7,NA
2550738,"Fitzgerald Toussaint","PIT","RB",26,2,8,3.59,0.994,5.714,3.00820544511175,59,0.0675000000000008,6,4.72,NA,67.5,7.3,6.57672915733325,NA,0.6,NA
2535698,"Cole Beasley","DAL","WR",27,4,7,3.54333333333333,2.94,4.084,0.774359950755031,97,0.0500000000000003,7,1.144,NA,84.4,9.7,4.81941431337234,NA,6.5,NA
262,"Chris Johnson","ARI","RB",31,8,9,3.54,2.34,4.756,1.58075931121724,60,0.0458333333333338,6,2.416,NA,54.7,4.9,4.66767892710727,NA,0.2,NA
2539995,"Mychal Rivera","OAK","TE",26,3,10,3.525,2.025,3.825,1.59099025766973,33,0.316666666666667,3,1.8,NA,39,5.9,5.75091634599915,NA,NA,NA
2539663,"Mike Gillislee","BUF","RB",26,3,10,3.505,0.38,4.468,2.58283436041364,61,0.0716666666666663,6,4.088,NA,NA,NA,6.25356713759544,NA,-0.4,NA
2550597,"Seth Roberts","OAK","WR",NA,NA,10,3.5,2.86,3.82,0.62449979983984,98,0.0166666666666671,7,0.96,NA,71.7,7.1,3.95470379593411,NA,7.9,NA
2543495,"Davante Adams","GB","WR",24,2,4,3.48666666666667,2.92,3.768,0.585263473431696,99,0.0216666666666665,7,0.848,NA,71,7,3.89491707608578,NA,11,NA
2533457,"Alfred Morris","DAL","RB",28,4,7,3.48333333333333,2.06,4.74,1.74952374471835,62,0.11,6,2.68,NA,55.5,5.3,4.93584066706347,NA,3.5,NA
2541147,"Charles Johnson","MIN","WR",27,3,6,3.48,2.568,4.248,1.0569768209379,100,0.0550000000000002,7,1.68,NA,NA,NA,3.97450236667022,NA,0.5,NA
1990,"Eddie Royal","CHI","WR",30,8,9,3.45,3.31,3.63,0.217944947177034,101,0.1025,7,0.32,NA,NA,NA,2.64455227186748,NA,11.7,NA
222,"Harry Douglas","TEN","WR",32,8,13,3.4,0.88,7.04,4.33474336033865,102,0.1875,7,6.16,NA,107.8,14.9,9.13307519949439,NA,2.1,NA
2555417,"C.J. Prosise","SEA","RB",22,0,5,3.38333333333333,2.54,4.26,1.18778505350646,63,0.0199999999999996,6,1.72,NA,60.6,5.9,4.74865335396673,NA,1.1,NA
2552453,"Tevin Coleman","ATL","RB",23,1,11,3.36333333333333,2.62,4.372,1.23654087410539,64,0.126666666666666,6,1.752,NA,44.9,4.1,4.12651668940382,NA,11.7,NA
2556414,"Rob Kelley","WAS","RB",24,0,9,3.36333333333333,2.438,4.118,1.11311874179412,64,0.363333333333334,6,1.68,NA,NA,NA,4.12739227622288,NA,NA,NA
2649,"Danny Amendola","NE","WR",31,8,9,3.295,2.861,3.429,0.502045814642449,103,0.183333333333333,7,0.568,NA,NA,NA,3.09488078432976,NA,4.8,NA
2553318,"James OShaughnessy","KC","TE",NA,NA,5,3.24,0.324,2.916,2.29102597104441,34,0.0666666666666664,3,2.592,NA,44,8.8,7.49093753876114,NA,NA,NA
2495267,"Jordan Cameron","MIA","TE",28,5,8,3.17666666666667,2.52,3.424,0.565361241449512,35,0.0283333333333333,3,0.903999999999999,NA,22.8,2.5,3.49490530366863,NA,0.6,NA
2550656,"Cameron Brate","TB","TE",25,2,6,3.17,2.36,3.568,0.755446887610241,36,0.0483333333333333,3,1.208,NA,25.8,3.6,4.07538523722971,NA,3,NA
2530700,"Dontrelle Inman","SD","WR",27,3,11,3.13,2.436,3.524,0.961665222413705,104,0.043333333333333,7,1.088,NA,92.7,8.8,4.70965359857052,NA,0.6,NA
2543794,"Crockett Gillmore","BAL","TE",25,2,8,3.12666666666667,2.26,3.604,0.840317400351399,37,0.0583333333333336,3,1.344,NA,25.4,3.6,4.16484879850565,NA,0.5,NA
2541187,"Demetrius Harris","KC","TE",25,3,5,3.11666666666667,0.7,5.78,3.2196014246073,38,0.143333333333333,3,5.08,NA,56.8,15.8,10.8886297583901,NA,2,NA
2540178,"Knile Davis","KC","RB",25,3,5,3.11,1.598,4.622,2.67286363288515,66,0.235,6,3.024,NA,78,11.4,7.83158509254574,NA,NA,NA
2543746,"Josh Huff","PHI","WR",25,2,4,3.09333333333333,2.604,3.5,0.614925469738678,105,0.0466666666666669,7,0.896,NA,109,18.4,7.18908041898472,NA,0,NA
2532790,"Travis Benjamin","SD","WR",27,4,11,3.08,1.96,4.152,1.56770532945449,106,0.0733333333333333,7,2.192,NA,47.6,6.3,4.47272208679895,NA,3.2,NA
2552586,"Tyler Kroft","CIN","TE",24,1,9,3.02,1.204,3.636,2.1496046148071,39,0.119166666666667,3,2.432,NA,NA,NA,7.08784981678268,NA,NA,NA
2552652,"Chris Conley","KC","WR",24,1,5,3.01333333333333,2.52,3.032,0.3585154575933,107,0.04,8,0.512,NA,79,10.9,4.8341160376345,NA,4.3,NA
2531332,"Terrelle Pryor","CLE","WR",27,5,13,3,3,3,NA,108,0.0741666666666667,8,0,NA,NA,NA,NA,NA,6.8,NA
2552600,"Nelson Agholor","PHI","WR",23,1,4,2.94666666666667,2.492,3.5,0.665231789178278,109,0.0941666666666667,8,1.008,NA,72.9,7.6,4.13043571862786,NA,11.7,NA
2495288,"Virgil Green","DEN","TE",28,5,11,2.92666666666667,1.34,3.964,1.67156613190545,40,0.0991666666666666,3,2.624,NA,21.8,3.5,5.00652810717675,NA,2.8,NA
2495341,"Cecil Shorts","TB","WR",29,5,6,2.905,2.479,3.031,0.487903679018718,110,0.105,8,0.552,NA,105.9,13.6,5.71129147280883,NA,NA,NA
2552636,"Michael Burton","DET","RB",24,1,10,2.89,0.289,2.601,2.04353859762912,67,0.0425,6,2.312,NA,NA,NA,5.4733909734786,NA,NA,NA
2540232,"Jack Doyle","IND","TE",26,3,10,2.875,0.855,3.695,2.51022907321224,41,0.105,3,2.84,NA,46.6,5,6.40890603210251,NA,15.5,NA
2495461,"Shaun Draughn","SF","RB",29,5,8,2.86,1.016,4.456,2.21603249073654,68,0.0358333333333336,6,3.44,NA,NA,NA,5.72293052699425,NA,6.6,NA
2495472,"Jordan Todman","IND","RB",26,5,10,2.835,1.757,3.013,1.11015764646288,69,0.0383333333333336,6,1.256,NA,83.6,4.1,4.03510007856143,NA,NA,NA
2533460,"Robert Turbin","IND","RB",27,4,10,2.81333333333333,2.22,3.372,0.804072965179985,70,0.0683333333333334,6,1.152,NA,70.5,9.1,5.63982010862848,NA,1.9,NA
2495159,"Dwayne Harris","NYG","WR",29,5,8,2.8,2.26,2.98,0.458257569495584,111,0.00666666666666638,8,0.72,NA,104.6,14.4,5.917315066022,NA,0,NA
2550198,"Bennie Fowler","DEN","WR",25,2,11,2.8,2.8,2.8,NA,111,0.0183333333333335,8,0,NA,NA,NA,NA,NA,NA,NA
2552415,"Jamison Crowder","WAS","WR",23,1,9,2.78666666666667,1.652,3.812,1.37059597742491,113,0.0466666666666669,8,2.16,NA,77.7,6.6,4.4025728518914,NA,5.8,NA
497204,"C.J. Spiller","NO","RB",29,6,5,2.78,2.316,3.244,0.820243866176395,71,0.11,6,0.928,NA,58.3,6.5,4.70193466135138,NA,NA,NA
2541316,"Ryan Griffin","HOU","TE",26,3,9,2.78,2,3.392,1.00458946838995,42,0.0566666666666666,3,1.392,NA,31.9,5.2,4.89089415490741,NA,1.7,NA
2555214,"Laquon Treadwell","MIN","WR",21,0,6,2.77666666666667,1.426,3.906,1.55068801934281,114,0.119999999999999,8,2.48,NA,69,11.3,5.89373269324964,NA,NA,NA
2534820,"Garrett Celek","SF","TE",28,4,8,2.76,0.992,3.328,2.06475180106472,43,0.116666666666667,3,2.336,NA,37.1,6.3,6.38853785294479,NA,1.5,NA
2535708,"Lance Dunbar","DAL","RB",26,4,7,2.71,0.34,3.316,1.86229249403345,72,0.101666666666667,6,2.976,NA,NA,NA,5.21118997057383,NA,1.6,NA
80427,"Darrius Heyward-Bey","PIT","WR",29,7,8,2.70333333333333,2.08,3.208,0.72665902136651,115,0.216666666666667,8,1.128,NA,90.3,13.1,5.75706734671769,NA,NA,NA
2541199,"Luke Willson","SEA","TE",26,3,5,2.68666666666667,1.38,3.588,1.3800483083332,44,0.121666666666667,3,2.208,NA,29.7,5.7,5.45944818006075,NA,2.6,NA
2543551,"KaDeem Carey","CHI","RB",24,2,9,2.63,1.72,3.472,1.1316801668316,73,0.0883333333333329,6,1.752,NA,65,5.5,4.56198149318206,NA,0.4,NA
2532933,"Brian Quick","LA","WR",27,4,8,2.61,1.902,2.718,0.721248916810279,116,0.248333333333334,8,0.816,NA,92,6.8,3.9453124863728,NA,2.3,NA
2532853,"Ladarius Green","PIT","TE",26,4,8,2.6,2.6,2.6,NA,45,0.108333333333333,3,0,NA,NA,NA,NA,NA,NA,NA
2506874,"Reggie Bush","BUF","RB",31,10,10,2.58666666666667,2.252,2.972,0.463177431804847,74,0.103333333333333,6,0.72,NA,66.1,7.7,4.8819270401027,NA,-0.4,NA
2495347,"Lee Smith","OAK","TE",29,5,10,2.53,0.786,3.074,2.02232539419353,46,0.115833333333334,3,2.288,NA,NA,NA,6.81951510347077,NA,NA,NA
2550545,"Chris Boswell","PIT","K",27,2,8,2.5,2.1,2.9,0.5,23,0.083333333333333,6,0.8,NA,11.1,3.1,3.2820105604756,NA,9,NA
2555234,"Tyler Ervin","HOU","RB",23,0,9,2.49666666666667,2.2,2.912,0.513841739578767,75,0.101666666666667,6,0.712,NA,69.9,7.2,4.7359620007351,NA,0.8,NA
2555461,"Wendell Smallwood","PHI","RB",22,0,4,2.47,2.096,2.544,0.395979797464467,76,0.185,6,0.448,NA,NA,NA,3.08993797130288,NA,0.1,NA
2550325,"Chandler Catanzaro","ARI","K",25,2,9,2.46666666666667,2.08,2.88,0.503322295684717,24,0.133333333333334,6,0.8,NA,6,2.6,2.81869099377913,NA,3,NA
2495187,"Lance Kendricks","LA","TE",28,5,8,2.45333333333333,1.62,2.948,0.840555371961499,47,0.0925000000000002,3,1.328,NA,29.8,3.5,4.13054445111059,NA,1.5,NA
497254,"Dennis Pitta","BAL","TE",31,6,8,2.375,2.015,2.135,0.106066017177982,48,0.0299999999999998,3,0.12,NA,NA,NA,2.7795869197193,NA,3.9,NA
71309,"Graham Gano","CAR","K",29,7,7,2.36666666666667,2.02,2.82,0.55075705472861,25,0.1,6,0.8,NA,12,4.1,4.26529913746848,NA,9,NA
2550546,"Philly Brown","CAR","WR",25,2,7,2.36333333333333,1.152,3.48,1.46936494218874,117,0.0183333333333331,8,2.328,NA,96.7,8.3,4.96858144646385,NA,1.1,NA
71417,"Jordan Norwood","DEN","WR",30,7,11,2.36,1.932,2.188,0.226274169979695,118,0.0733333333333333,9,0.256,NA,114.8,5.2,3.0939807942758,NA,0,NA
2550206,"Ryan Hewitt","CIN","TE",25,2,9,2.34666666666667,0.8,3.552,1.7246835458522,49,0.1025,3,2.752,NA,46.5,10.5,7.48138397950357,NA,NA,NA
2537933,"Larry Donnell","NYG","TE",28,4,8,2.34333333333333,1.48,2.864,0.918495146058668,50,0.2475,3,1.384,NA,29.4,5.1,4.76558535591121,NA,7.5,NA
2552597,"Breshad Perriman","BAL","WR",23,1,8,2.33,2.33,2.33,NA,119,0.110833333333333,9,0,NA,NA,NA,NA,NA,3.5,NA
2495258,"Matt Asiata","MIN","RB",29,5,6,2.32,0.232,2.088,1.64048773235279,77,0.0950000000000002,6,1.856,NA,75.8,7.4,5.62394213238867,NA,1.3,NA
2553112,"Jason Myers","JAC","K",NA,NA,5,2.3,1.92,2.8,0.608276253029822,26,0.2,6,0.88,NA,22.6,4.8,4.9753022497524,NA,13,NA
2532797,"Brandon Bolden","NE","RB",26,4,9,2.25,1.78,2.42,0.565685424949238,78,0.0499999999999998,6,0.64,NA,79.4,9.8,5.72304434770758,NA,0.4,NA
2495189,"Jeremy Kerley","SF","WR",28,5,8,2.24333333333333,1,3.104,1.3731836488006,120,0.0874999999999999,9,2.104,NA,84.5,9.9,5.35139218225439,NA,6.1,NA
2553833,"Josh Lambo","SD","K",26,1,11,2.23333333333333,1.76,2.8,0.680685928555405,27,0.3,6,1.04,NA,20.9,4.9,5.14008271987318,NA,9,NA
252,"Chad Henne","JAC","QB",31,8,5,2.218,0.4954,3.9306,3.03631651841504,34,1.6855,8,3.4352,NA,NA,NA,8.12577754336511,NA,NA,NA
2532926,"Isaiah Pead","MIA","RB",27,4,8,2.2,0.22,1.98,1.5556349186104,79,0.00166666666666693,6,1.76,NA,NA,NA,4.76756154364974,NA,NA,NA
2556528,"D.J. Foster","NE","RB",NA,0,9,2.2,2.2,2.2,NA,79,0.0441666666666665,6,0,NA,NA,NA,NA,NA,NA,NA
2539217,"Andre Ellington","ARI","RB",27,3,9,2.19666666666667,1.18,3.172,1.24821205463388,81,0.0841666666666665,6,1.992,NA,67.2,5.6,4.68279474462284,NA,0.8,NA
2543491,"Paul Richardson","SEA","WR",24,2,5,2.195,1.891,1.899,0.00707106781186548,121,0.126666666666667,10,0.00800000000000001,NA,98.7,10.5,4.44081883124386,NA,1.1,NA
2532835,"Rhett Ellison","MIN","TE",28,4,6,2.145,0.869,2.221,1.19501046020527,51,0.136666666666666,4,1.352,NA,NA,NA,5.07533946694338,NA,NA,NA
2555215,"Leonte Carroo","MIA","WR",22,0,8,2.11666666666667,1.49,2.45,0.633113997107419,122,0.136666666666667,10,0.96,NA,98.4,8.7,4.42057023979194,NA,1.4,NA
2540230,"Kyle Juszczyk","BAL","RB",25,3,8,2.115,1.537,2.393,0.756604255869606,82,0.0375000000000001,6,0.856,NA,82,6.3,4.582857513121,NA,2.3,NA
2536044,"Jamize Olawale","OAK","RB",27,4,10,2.11,0.211,1.899,1.49199530830362,83,0.0841666666666669,6,1.688,NA,86.5,22.5,11.0314152614991,NA,6.2,NA
2507218,"Brent Celek","PHI","TE",31,9,4,2.04666666666667,1.68,2.192,0.32331615074619,52,0.0783333333333331,4,0.512,NA,34.5,5,4.1036410828865,NA,1.1,NA
2530763,"Patrick DiMarco","ATL","RB",27,5,11,2.045,0.849,2.041,1.05358910396796,84,0.0416666666666665,6,1.192,NA,91.7,5.2,4.39592879806651,NA,0.8,NA
2532978,"Jarius Wright","MIN","WR",27,4,6,2.02,1.392,2.592,0.759736796528903,123,0.0999999999999999,10,1.2,NA,94.9,8.7,4.5209251901587,NA,NA,NA
2507428,"Mike Tolbert","CAR","RB",31,8,7,2.00666666666667,1.78,2.196,0.272274371422162,85,0.0141666666666667,6,0.416,NA,73.4,6.9,4.45166220858235,NA,0.7,NA
2552382,"Malcolm Brown","LA","RB",23,1,8,2,2,2,NA,86,0.0408333333333331,6,0,NA,88.3,6.1,5.40798745336513,NA,1.3,NA
2539303,"Zach Line","MIN","RB",26,3,6,1.985,0.668,2.012,1.1879393923934,87,0.0708333333333335,6,1.344,NA,100.8,6.3,4.89485457992941,NA,NA,NA
2555415,"Austin Hooper","ATL","TE",NA,0,11,1.97,1.054,2.286,1.08894444302728,53,0.0066666666666666,4,1.232,NA,38.5,8.2,6.01647020680998,NA,1.4,NA
2507486,"Kellen Davis","NYJ","TE",31,8,11,1.96666666666667,1.04,2.48,1.01159939369957,54,0.0391666666666668,4,1.44,NA,39.8,7.1,5.55483220040701,NA,NA,NA
2507225,"Nick Folk","NYJ","K",32,9,11,1.96666666666667,1.92,2,0.0577350269189626,28,0.166666666666667,7,0.0800000000000001,NA,23.7,6.4,5.9250900688734,NA,11,NA
2552399,"Jeff Heuerman","DEN","TE",24,1,11,1.96,1.132,2.188,0.933380951166243,55,0.125,4,1.056,NA,NA,NA,4.52376255624669,NA,NA,NA
2555209,"Chris Moore","BAL","WR",23,0,8,1.94,1.448,1.832,0.339411254969543,124,0.085,11,0.384,NA,NA,NA,2.83708861359176,NA,1.3,NA
2541544,"Benny Cunningham","LA","RB",26,3,8,1.93333333333333,-0.41,3.87,2.71216395767906,88,0.0608333333333335,6,4.28,NA,64.3,5.4,5.66866832052838,NA,0.8,NA
2550459,"Javontee Herndon","SD","WR",25,2,11,1.9,1.9,1.9,NA,125,0.105,11,0,NA,NA,NA,NA,NA,NA,NA
2507463,"Connor Barth","CHI","K",30,8,9,1.9,1.76,2,0.173205080756888,29,0.283333333333333,7,0.24,NA,21.1,4.9,4.6392520012503,NA,2,NA
497238,"Jermaine Gresham","ARI","TE",28,6,9,1.895,0.959,2.231,1.12429978208661,56,0.1275,4,1.272,NA,48.7,8.4,6.12284931224421,NA,4.1,NA
2495467,"Taiwan Jones","OAK","RB",28,5,10,1.895,0.719,2.471,1.54856385079854,89,0.1125,6,1.752,NA,92.2,12.3,7.34704840993856,NA,0.9,NA
2555230,"Kenyan Drake","MIA","RB",NA,0,8,1.85,0.185,1.665,1.30814754519511,90,0.1425,6,1.48,NA,NA,NA,4.40953212272206,NA,NA,NA
2543590,"Cody Latimer","DEN","WR",24,2,11,1.81,0.862,2.158,1.14551298552221,126,0.0516666666666667,11,1.296,NA,NA,NA,4.11484111203226,NA,NA,NA
2555468,"Rashard Higgins","CLE","WR",22,0,13,1.78,0.178,1.602,1.25865007051205,127,0.111666666666667,11,1.424,NA,120,15.2,6.78118609227066,NA,NA,NA
2540211,"Gavin Escobar","DAL","TE",25,3,7,1.775,0.695,2.255,1.37885822331377,57,0.02,4,1.56,NA,NA,NA,5.46293405283836,NA,NA,NA
2540200,"Dion Sims","MIA","TE",25,3,8,1.76,1.442,1.778,0.29698484809835,58,0.0333333333333332,4,0.336,NA,43.6,2.3,3.14289443879399,NA,NA,NA
2552468,"Maxx Williams","BAL","TE",22,1,8,1.75,1.17,1.73,0.494974746830583,59,0.0483333333333336,4,0.56,NA,34,5.7,4.52647593509865,NA,NA,NA
2555216,"Malcolm Mitchell","NE","WR",23,0,9,1.73666666666667,1.06,2.348,0.856173658397252,128,0.136666666666667,11,1.288,NA,NA,NA,3.65620911296989,NA,3.3,NA
2555418,"Jordan Howard","CHI","RB",22,0,9,1.715,0.24,2.024,1.11607944759024,91,0.03,7,1.784,NA,60,6.5,4.91592101637578,NA,NA,NA
2495888,"Marcedes Lewis","JAC","TE",32,10,5,1.70333333333333,1.08,2.208,0.72665902136651,60,0.00583333333333313,4,1.128,NA,48.3,6.1,4.90891936102886,NA,4.8,NA
2543721,"C.J. Fiedorowicz","HOU","TE",25,2,9,1.7,1.11,1.99,0.777817459305202,61,0.0275000000000001,4,0.88,NA,43.8,5.5,4.75551522130431,NA,0.6,NA
2550542,"Kapri Bibbs","DEN","RB",23,2,11,1.7,1.7,1.7,NA,92,0.0475000000000001,7,0,NA,NA,NA,NA,NA,0.6,NA
2541556,"Brandon McManus","DEN","K",25,2,11,1.7,1.2,2.08,0.608276253029822,30,0.933333333333333,7,0.88,NA,11.2,3.7,3.94878593175401,NA,3,NA
497226,"Jim Dray","BUF","TE",30,6,10,1.695,0.679,2.111,1.26572113832392,62,0.075,4,1.432,NA,NA,NA,5.22441430767222,NA,NA,NA
2552464,"Jalston Fowler","TEN","RB",NA,NA,13,1.67,0.167,1.503,1.18086832458153,93,0.0358333333333334,7,1.336,NA,NA,NA,4.22540270624496,NA,NA,NA
2543481,"Jace Amaro","TEN","TE",24,2,13,1.65,1.13,2.17,0.919238815542512,63,0.155,4,1.04,NA,38.6,9.2,6.18313237419546,NA,NA,NA
2540037,"Fozzy Whittaker","CAR","RB",27,4,7,1.635,1.337,1.633,0.261629509039023,94,0.0233333333333332,7,0.296,NA,79.2,14.1,7.07357506252656,NA,1.7,NA
2539289,"Kenjon Barner","PHI","RB",27,3,4,1.63333333333333,0.64,2.64,1.25033328890074,95,0.0608333333333333,7,2,NA,72.6,8.2,5.63391141760948,NA,4.2,NA
2550162,"James Wright","CIN","WR",25,2,9,1.6,1.6,1.6,NA,129,0,11,0,NA,NA,NA,NA,NA,0.7,NA
2553606,"Jordan Taylor","DEN","WR",24,1,11,1.6,1.6,1.6,NA,129,0.05,11,0,NA,138.5,15.5,9.44033711040438,NA,NA,NA
2555413,"Trevor Davis","GB","WR",23,0,4,1.6,1.6,1.6,NA,129,0.11,11,0,NA,NA,NA,NA,NA,NA,NA
2555341,"Hunter Henry","SD","TE",22,0,11,1.59,1.1,2.036,0.675499814951862,64,0.235,4,0.936,NA,39.7,4.9,4.44032913342068,NA,2,NA
2550512,"Damien Williams","MIA","RB",24,2,8,1.59,-0.921999999999999,2.902,3.3799704140717,96,0.0625,7,3.824,NA,76.3,20,11.4839818406487,NA,3.8,NA
2555430,"Alex Collins","SEA","RB",22,0,5,1.555,0.879,2.231,1.19501046020527,97,0.0575000000000001,7,1.352,NA,87.7,5.9,4.75387969772044,NA,NA,NA
2543533,"Patrick Murray","CLE","K",25,2,13,1.53333333333333,1.12,1.92,0.503322295684717,31,1.53333333333333,8,0.8,NA,29,3.4,3.56524831595978,NA,4,NA
4433,"Marcel Reece","OAK","RB",31,8,10,1.5,0.15,1.35,1.06066017177982,98,0.0525,7,1.2,NA,NA,NA,4.05150270179437,NA,NA,NA
2555419,"Pharoh Cooper","LA","WR",21,0,8,1.5,1.5,1.5,NA,132,0.0199999999999998,12,0,NA,NA,NA,NA,NA,NA,NA
2556273,"Darius Jackson","DAL","RB",23,0,7,1.495,0.771,2.219,1.27986327394765,99,0.165,7,1.448,NA,96.5,4.6,4.34046500815726,NA,NA,NA
2495453,"Andre Holmes","OAK","WR",28,5,10,1.48,1.116,1.244,0.113137084989848,133,0.0125,12,0.128,NA,98.1,5.5,3.09038381322346,NA,0,NA
2528181,"Bryan Walters","JAC","WR",29,6,5,1.48,0.824,2.136,1.15965512114594,133,0.0525,12,1.312,NA,NA,NA,4.13725782253121,NA,NA,NA
2541966,"Jaron Brown","ARI","WR",26,3,9,1.455,0.631,1.679,0.926309883354377,135,0.0775000000000001,12,1.048,NA,114.6,11.7,5.51364136623388,NA,1.8,NA
2495331,"Aldrick Robinson","ATL","WR",28,5,11,1.4,0.92,1.88,0.848528137423857,136,0.0725,12,0.96,NA,112.3,13.5,5.96841457802269,NA,NA,NA
2495826,"Vernon Davis","WAS","TE",32,10,9,1.4,0.86,1.9,0.6557438524302,65,0.095,4,1.04,NA,34.8,7.5,5.31793914991388,NA,2,NA
2550474,"Antonio Andrews","TEN","RB",24,2,13,1.4,0.14,1.26,0.989949493661166,100,0.1775,7,1.12,NA,90.1,12.9,7.16212101722493,NA,NA,NA
2543638,"DeAnthony Thomas","KC","WR",23,2,5,1.355,0.919,1.791,0.770746391493337,137,0.0549999999999997,12,0.872,NA,NA,NA,3.52079828380992,NA,NA,NA
2550284,"Trey Burton","PHI","TE",25,2,4,1.31,0.442,1.578,1.0040916292849,66,0.0350000000000001,4,1.136,NA,NA,NA,4.67283739697552,NA,NA,NA
2541785,"Adam Thielen","MIN","WR",26,2,6,1.3,0.52,1.48,0.848528137423857,138,0.0200000000000002,12,0.96,NA,96.4,11.4,5.36592555141827,NA,5.4,NA
2553725,"Bradley Marquez","LA","WR",NA,NA,8,1.3,1.3,1.3,NA,139,0.0516666666666665,12,0,NA,115.8,4.4,3.07116740058621,NA,NA,NA
2555364,"Tyler Higbee","LA","TE",23,0,8,1.3,0.84,1.64,0.529150262212918,67,0.1275,4,0.8,NA,33.2,4.9,4.28605939053485,NA,0.2,NA
2553631,"Zach Zenner","DET","RB",NA,NA,10,1.26,0.812,1.708,0.791959594928933,101,0.0825,7,0.896,NA,66.1,6,4.49886385202059,NA,NA,NA
2556686,"Nelson Spruce","LA","WR",24,0,8,1.26,1.228,1.292,0.0565685424949239,140,0.116666666666666,12,0.0640000000000001,NA,NA,NA,2.38875440361264,NA,NA,NA
2556708,"Cole Wick","DET","TE",23,0,10,1.25,0.25,2.25,1.76776695296637,68,0.2525,4,2,NA,48.9,11,7.69957497583664,NA,0.5,NA
2556214,"Tyreek Hill","KC","WR",22,0,5,1.23666666666667,0.528,1.88,0.85675745303635,141,0.194166666666667,12,1.352,NA,106.5,13.5,5.97493672540544,NA,6.9,NA
2550481,"Orleans Darkwa","NYG","RB",24,2,8,1.185,0.074,1.674,1.06409586034342,102,0.0625,7,1.6,NA,75.9,9.1,5.82790212125522,NA,NA,NA
2543565,"Andre Williams","SD","RB",24,2,11,1.17,1.17,1.17,NA,103,0.1075,7,0,NA,85.1,10.9,8.91413757069836,NA,NA,NA
2552559,"C.J. Uzomah","CIN","TE",23,1,9,1.095,0.371,1.819,1.27986327394765,69,0.2275,4,1.448,NA,47,3.9,4.73184774387554,NA,5.9,NA
2556411,"Josh Ferguson","IND","RB",23,0,10,1.075,0.335,1.815,1.30814754519511,104,0.0600000000000001,7,1.48,NA,68.3,7.1,5.27398375859914,NA,2.4,NA
2495223,"Greg Salas","BUF","WR",28,5,10,1.05,0.77,1.33,0.494974746830583,142,0.0525000000000001,12,0.56,NA,104.2,6.1,3.56514912684635,NA,0,NA
2556466,"Peyton Barber","FA","RB",22,0,NA,1.05,0.21,1.89,1.48492424049175,105,0.1075,7,1.68,NA,NA,NA,4.66526742338469,NA,NA,NA
2555473,"Ricardo Louis","CLE","WR",NA,0,13,1.035,0.503,1.567,0.940452018978108,143,0.0774999999999999,12,1.064,NA,NA,NA,3.78979880979739,NA,NA,NA
2552477,"Aaron Ripkowski","GB","RB",NA,NA,4,0.98,0.804,1.156,0.311126983722081,106,0.1325,7,0.352,NA,103,4.1,3.45713829906388,NA,NA,NA
2535869,"Rod Streater","SF","WR",28,4,8,0.96,0.528,1.392,0.763675323681471,144,0.0325,12,0.864,NA,104.8,17.7,7.10614249973466,NA,NA,NA
2555477,"Charone Peake","NYJ","WR",24,0,11,0.955,0.519,1.391,0.770746391493337,145,0.0716666666666668,12,0.872,NA,134.3,13.6,5.93545857779839,NA,NA,NA
2552375,"Cameron Artis-Payne","CAR","RB",24,1,7,0.905,0.162,0.962,0.531068106115716,107,0.22,7,0.8,NA,NA,NA,3.28536446217014,NA,NA,NA
2552396,"Ben Koyack","JAC","TE",23,1,5,0.9,0.9,0.9,NA,70,0.0824999999999999,5,0,NA,NA,NA,NA,NA,NA,NA
2556606,"Jalin Marshall","NYJ","WR",NA,0,11,0.9,0.26,1.54,1.13137084989848,146,0.0666666666666667,12,1.28,NA,NA,NA,4.0924244015333,NA,0,NA
497320,"Andre Roberts","DET","WR",28,6,10,0.866666666666667,0.2,1.48,0.808290376865476,147,0.0666666666666667,12,1.28,NA,113.6,9,4.64547621063322,NA,0.8,NA
2543628,"Troy Niklas","ARI","TE",24,2,9,0.835,0.347,0.723,0.332340187157677,71,0.0600000000000001,5,0.376,NA,55,15.1,7.6032284451053,NA,NA,NA
2506897,"Devin Hester","BAL","WR",34,10,8,0.8,0.8,0.8,NA,148,0.025,12,0,NA,NA,NA,NA,NA,0,NA
2550521,"Xavier Grimble","PIT","TE",24,2,8,0.8,0.8,0.8,NA,72,0.075,5,0,NA,55.5,12.5,10.1529602036066,NA,NA,NA
2556462,"Robby Anderson","NYJ","WR",23,0,11,0.8,0.24,1.36,0.989949493661167,148,0.05,12,1.12,NA,117.3,20.8,8.17486474680903,NA,NA,NA
2535890,"Travaris Cadet","FA","RB",27,4,NA,0.79,0.0790000000000001,0.711,0.558614357137373,108,0.24,7,0.632,NA,NA,NA,3.3252144479125,NA,7.5,NA
89766,"Brandon Myers","TB","TE",31,7,6,0.75,0.71,0.79,0.0707106781186547,73,0.0499999999999999,5,0.08,NA,NA,NA,2.70504949935488,NA,6.4,NA
2556190,"Jakeem Grant","MIA","WR",24,0,8,0.75,0.39,1.11,0.636396103067893,150,0,12,0.72,NA,NA,NA,3.30783953406984,NA,0,NA
2556519,"Alex Erickson","CIN","WR",24,0,9,0.75,0.15,1.35,1.06066017177982,150,0.0249999999999999,12,1.2,NA,NA,NA,3.98034084903852,NA,0,NA
2556592,"Roger Lewis","NYG","WR",23,0,8,0.75,0.15,1.35,1.06066017177982,150,0.0499999999999999,12,1.2,NA,NA,NA,3.98034084903852,NA,NA,NA
71431,"Brandon Pettigrew","DET","TE",31,7,10,0.7,0.7,0.7,NA,74,0.0425,5,0,NA,NA,NA,NA,NA,NA,NA
2540151,"Justin Hunter","MIA","WR",25,3,8,0.7,0.0700000000000001,0.63,0.494974746830583,153,0.02,13,0.56,NA,NA,NA,3.08367242908028,NA,NA,NA
2550405,"Erik Swoope","IND","TE",24,2,10,0.7,0.7,0.7,NA,74,0.0924999999999999,5,0,NA,NA,NA,NA,NA,NA,NA
2553621,"Lucky Whitehead","DAL","WR",NA,NA,7,0.7,0.7,0.7,NA,153,0.07,13,0,NA,131.7,8.7,5.53850341429955,NA,0,NA
2539214,"Kenbrell Thompkins","FA","WR",28,3,NA,0.66,0.66,0.66,NA,155,0.0599999999999999,13,0,NA,NA,NA,NA,NA,NA,NA
497242,"Clay Harbor","NE","TE",29,6,9,0.615,0.547,0.683,0.120208152801713,76,0.025,5,0.136,NA,NA,NA,2.80940188786507,NA,NA,NA
2543689,"Kevin Norwood","CAR","WR",27,2,7,0.6,0.6,0.6,NA,156,0.00750000000000006,13,0,NA,NA,NA,NA,NA,NA,NA
2550243,"Justin Perillo","GB","TE",25,2,4,0.6,0.6,0.6,NA,77,0.0350000000000001,5,0,NA,NA,NA,NA,NA,NA,NA
2550617,"Taylor Gabriel","ATL","WR",25,2,11,0.6,0.12,1.08,0.848528137423857,156,0.0275000000000001,13,0.96,NA,NA,NA,3.64409019155418,NA,NA,NA
2535966,"Brenton Bersin","CAR","WR",26,3,7,0.585,0.413,0.757,0.304055915910215,158,0.0483333333333333,13,0.344,NA,NA,NA,2.78104683734437,NA,NA,NA
2534770,"Jonathan Grimes","HOU","RB",27,4,9,0.58,0.058,0.522,0.410121933088198,109,0.08,7,0.464,NA,82.7,7.9,4.91659527136049,NA,NA,NA
2552660,"Randall Telfer","CLE","TE",24,1,13,0.58,0.324,0.836,0.45254833995939,78,0.0499999999999999,5,0.512,NA,NA,NA,3.5100536392906,NA,NA,NA
2555316,"Paxton Lynch","DEN","QB",22,0,11,0.576,0.6032,0.6288,0.0226274169979695,35,0.1255,8,0.0256000000000001,NA,NA,NA,3.57496841004378,NA,NA,NA
2534436,"Deonte Thompson","CHI","WR",27,4,9,0.56,0.448,0.672,0.197989898732233,159,0.0833333333333333,13,0.224,NA,NA,NA,2.6129215086022,NA,0,NA
2533353,"Cory Harkey","LA","TE",26,4,8,0.55,0.35,0.75,0.353553390593274,79,0.045,5,0.4,NA,NA,NA,3.30134886227023,NA,NA,NA
2555227,"Jonathan Williams","BUF","RB",22,0,10,0.52,0.52,0.52,NA,110,0.0549999999999999,7,0,NA,NA,NA,NA,NA,NA,NA
2540145,"Cordarrelle Patterson","MIN","WR",25,3,6,0.513333333333333,0.228,0.868,0.427239199200323,160,0.0933333333333333,13,0.64,NA,125.5,26.5,9.36421583561568,NA,0.6,NA
2555486,"Temarrick Hemingway","LA","TE",23,0,8,0.51,0.278,0.742,0.410121933088198,80,0.035,5,0.464,NA,NA,NA,3.4206087348533,NA,NA,NA
2552401,"MyCole Pruitt","MIN","TE",24,1,6,0.5,0.5,0.5,NA,81,0.05,5,0,NA,NA,NA,NA,NA,NA,NA
2495186,"Colin Kaepernick","SF","QB",29,5,8,0.489,0.3042,0.6738,0.326683332908185,36,0.085,8,0.3696,NA,35.3,1.1,2.66777303743572,NA,NA,NA
2555219,"Daniel Lasco","NO","RB",24,0,5,0.48,0.048,0.432,0.339411254969543,111,0.04,7,0.384,NA,NA,NA,3.00810267509084,NA,NA,NA
2550540,"George Atkinson","CLE","RB",24,2,13,0.45,0.0900000000000001,0.81,0.636396103067893,112,0.0200000000000001,7,0.72,NA,91,12,6.57768414306231,NA,NA,NA
2535943,"Sean McGrath","SD","TE",29,4,11,0.45,0.0900000000000001,0.81,0.636396103067893,82,0.00499999999999995,5,0.72,NA,NA,NA,3.89764822518557,NA,NA,NA
2556463,"Stephen Anderson","HOU","TE",23,0,9,0.45,0.0900000000000001,0.81,0.636396103067893,82,0.03,5,0.72,NA,52,20,9.61694403634672,NA,2.5,NA
2552403,"Nick OLeary","BUF","TE",24,1,10,0.44,0.312,0.568,0.226274169979695,84,0.0750000000000001,5,0.256,NA,NA,NA,3.03301414895832,NA,0,NA
2552420,"Keith Mumphery","HOU","WR",24,1,9,0.44,0.392,0.488,0.0848528137423857,161,0.055,13,0.096,NA,135,7,3.49831640744195,NA,NA,NA
2495340,"Anthony Sherman","KC","RB",28,5,5,0.43,0.406,0.454,0.0424264068711929,113,0.00500000000000006,7,0.048,NA,104.2,2,2.49580913239364,NA,NA,NA
2556118,"Dwayne Washington","DET","RB",NA,0,10,0.43,0.43,0.43,NA,114,0.0199999999999999,8,0,NA,99.7,7.3,6.28452498269843,NA,6.1,NA
2534571,"Bobby Rainey","NYG","RB",29,4,8,0.42,0.042,0.378,0.29698484809835,115,0.025,8,0.336,NA,78,5.3,3.88517765170403,NA,NA,NA
2532842,"Nick Foles","KC","QB",27,4,5,0.412,0.2206,0.5934,0.329511760032931,37,0.036,8,0.3728,NA,NA,NA,4.03837788068232,NA,NA,NA
2553467,"Quan Bray","IND","WR",NA,NA,10,0.4,0.4,0.4,NA,162,0.05,13,0,NA,117.3,11.2,6.97300109669103,NA,0,NA
2553728,"Raheem Mostert","FA","RB",NA,NA,NA,0.4,0.4,0.4,NA,116,0.03,8,0,NA,NA,NA,NA,NA,NA,NA
2555311,"Jerell Adams","NYG","TE",24,0,8,0.4,0.0800000000000001,0.72,0.565685424949238,85,0.0725,5,0.64,NA,NA,NA,3.74857338445674,NA,NA,NA
79858,"Mark Sanchez","DAL","QB",30,7,7,0.396,0.2468,0.5252,0.246073159852919,38,0.053,8,0.2784,NA,35.1,1.3,2.93111853852036,NA,NA,NA
2543695,"Jay Prosch","HOU","RB",24,2,9,0.39,0.318,0.462,0.127279220613579,117,0.0525,8,0.144,NA,106.5,1.5,2.3745736192749,NA,0.2,NA
2555370,"Jordan Payton","CLE","WR",23,0,13,0.37,0.37,0.37,NA,163,0.05,13,0,NA,NA,NA,NA,NA,NA,NA
2506546,"Derek Anderson","CAR","QB",33,11,7,0.356,0.3348,0.3572,0.0197989898732233,39,0.033,8,0.0223999999999999,NA,NA,NA,3.57069735501485,NA,NA,NA
2552647,"Marcus Murphy","NO","RB",25,1,5,0.35,0.31,0.39,0.0707106781186547,118,0.0325000000000001,8,0.08,NA,NA,NA,2.61938501808364,NA,NA,NA
2539335,"Geno Smith","NYJ","QB",26,3,11,0.33,0.226,0.434,0.183847763108502,40,0.031,8,0.208,NA,37.3,0.5,1.58730479221478,NA,NA,NA
2540203,"Levine Toilolo","ATL","TE",25,3,11,0.33,0.274,0.386,0.0989949493661167,86,0.0175,5,0.112,NA,NA,NA,2.76467943564641,NA,NA,NA
2555331,"Cody Core","CIN","WR",22,0,9,0.33,0.033,0.297,0.233345237791561,164,0.025,13,0.264,NA,NA,NA,2.66896328484959,NA,NA,NA
2495234,"Luke Stocker","TB","TE",28,5,6,0.325,0.265,0.385,0.106066017177982,87,0.025,5,0.12,NA,NA,NA,2.7795869197193,NA,NA,NA
2553650,"Corey Grant","JAC","RB",NA,NA,5,0.325,0.0550000000000001,0.895,0.742462120245875,119,0.0225,8,0.84,NA,105.5,1.5,2.81955304242787,NA,NA,NA
2556477,"Trevone Boykin","SEA","QB",23,0,5,0.316,0.0728000000000001,0.5592,0.429920922961421,41,0.043,8,0.4864,NA,NA,NA,4.19000033420921,NA,NA,NA
2555478,"Demarcus Robinson","KC","WR",NA,0,5,0.31,0.31,0.31,NA,165,0.01,13,0,NA,NA,NA,NA,NA,NA,NA
2530690,"DuJuan Harris","SF","RB",28,5,8,0.31,-0.338,0.958,1.14551298552221,120,0.0624999999999999,8,1.296,NA,NA,NA,4.17425564611244,NA,NA,NA
2533047,"Orson Charles","DET","TE",25,4,10,0.3,0.3,0.3,NA,88,0.0225,6,0,NA,NA,NA,NA,NA,NA,NA
2541940,"Rashad Ross","WAS","WR",26,3,9,0.3,0.0600000000000001,0.54,0.424264068711929,166,0,13,0.48,NA,NA,NA,2.9715888765855,NA,NA,NA
2543641,"Devin Street","FA","WR",25,2,NA,0.3,0.0600000000000001,0.54,0.424264068711929,166,0.05,13,0.48,NA,NA,NA,2.9715888765855,NA,NA,NA
2550182,"Isaiah Burse","SD","WR",25,2,11,0.3,0.3,0.3,NA,166,0.105,13,0,NA,NA,NA,NA,NA,NA,NA
2553454,"Geoff Swaim","DAL","TE",NA,NA,7,0.3,0.0600000000000001,0.54,0.424264068711929,88,0.0650000000000001,5,0.48,NA,NA,NA,3.45042370299906,NA,2.1,NA
2555432,"Andy Janovich","DEN","RB",23,0,11,0.295,0.131,0.459,0.289913780286484,121,0.095,8,0.328,NA,NA,NA,2.9364967909053,NA,8.8,NA
2552576,"Sean Mannion","LA","QB",24,1,8,0.282,0.2016,0.3424,0.124450793488832,42,0.028,8,0.1408,NA,NA,NA,3.72872639108514,NA,NA,NA
2495748,"Drew Stanton","ARI","QB",32,9,9,0.264,0.1072,0.4208,0.277185858225127,43,0.02,8,0.3136,NA,NA,NA,3.95936336264718,NA,NA,NA
2540259,"MarQueis Gray","MIA","TE",26,3,8,0.255,0.211,0.299,0.0777817459305203,90,0.0475,6,0.088,NA,NA,NA,2.71995698342776,NA,NA,NA
497123,"Colt McCoy","WAS","QB",30,6,9,0.244,0.1422,0.3358,0.171119841047144,44,0.005,8,0.1936,NA,NA,NA,3.79919879906243,NA,NA,NA
2495443,"Ryan Mallett","BAL","QB",28,5,8,0.244,0.1512,0.3368,0.164048773235279,44,0.011,8,0.1856,NA,NA,NA,3.78852116149011,NA,NA,NA
2539228,"EJ Manuel","BUF","QB",26,3,10,0.234,0.1472,0.3008,0.135764501987817,46,0.004,8,0.1536,NA,NA,NA,3.74581061120085,NA,NA,NA
2505982,"Matt Schaub","ATL","QB",35,12,11,0.232,0.1296,0.3344,0.181019335983756,47,0.00899999999999995,8,0.2048,NA,NA,NA,3.81414749166367,NA,NA,NA
2506562,"Matt Cassel","TEN","QB",34,11,13,0.228,0.1774,0.2686,0.0806101730552664,48,0.016,8,0.0912,NA,NA,NA,3.66252503813678,NA,NA,NA
2539275,"Mike Glennon","TB","QB",27,3,6,0.218,0.1824,0.2336,0.045254833995939,49,0.013,8,0.0512,NA,NA,NA,3.60913685027519,NA,NA,NA
71435,"John Phillips","DEN","TE",29,7,11,0.215,0.147,0.283,0.120208152801713,91,0.02,6,0.136,NA,NA,NA,2.80940188786507,NA,NA,NA
2539287,"Landry Jones","PIT","QB",27,3,8,0.206,0.0828,0.3292,0.217788888605457,50,0.00300000000000003,8,0.2464,NA,NA,NA,3.86967120703972,NA,NA,NA
2542065,"Matt McGloin","OAK","QB",27,3,10,0.204,0.0792,0.3288,0.220617315730203,51,0.00899999999999998,8,0.2496,NA,NA,NA,3.87394226206864,NA,NA,NA
2506053,"Luke McCown","NO","QB",35,12,5,0.202,0.0756,0.3284,0.223445742854949,52,0.016,8,0.2528,NA,NA,NA,3.87821331709757,NA,NA,NA
2506147,"John Kuhn","NO","RB",34,10,5,0.2,0.04,0.36,0.282842712474619,122,0,8,0.32,NA,NA,NA,2.92626737887879,NA,0.4,NA
2507828,"Logan Paulsen","CHI","TE",29,6,9,0.2,0.04,0.36,0.282842712474619,92,0.01,6,0.32,NA,59.5,11.5,6.30706513631389,NA,0,NA
2539964,"Marquise Goodwin","BUF","WR",26,3,10,0.2,0.04,0.36,0.282842712474619,169,0.055,13,0.32,NA,NA,NA,2.74742177159594,NA,NA,NA
2550270,"Nikita Whitlock","NYG","RB",NA,NA,8,0.2,0.2,0.2,NA,122,0,8,0,NA,NA,NA,NA,NA,NA,NA
2553446,"Malcolm Johnson","CLE","RB",24,1,13,0.2,0.2,0.2,NA,122,0.005,8,0,NA,NA,NA,NA,NA,0.9,NA
2553743,"Rod Smith","DAL","RB",NA,NA,7,0.2,0.2,0.2,NA,122,0.02,8,0,NA,NA,NA,NA,NA,NA,NA
2539265,"Rex Burkhead","CIN","RB",26,3,9,0.19,0.019,0.171,0.134350288425444,126,0.055,8,0.152,NA,NA,NA,2.71144972632218,NA,NA,NA
79589,"David Johnson","PIT","TE",29,7,8,0.19,0.182,0.198,0.0141421356237309,93,0.02,7,0.016,NA,NA,NA,2.58578962677181,NA,NA,NA
2541828,"Frankie Hammond","FA","WR",NA,NA,NA,0.19,0.102,0.278,0.15556349186104,170,0.09,13,0.176,NA,NA,NA,2.54567137710533,NA,NA,NA
2555306,"David Morgan","MIN","TE",23,0,6,0.19,0.019,0.171,0.134350288425444,93,0.0525,7,0.152,NA,NA,NA,2.83921685601083,NA,NA,NA
81284,"Chase Daniel","PHI","QB",30,7,4,0.188,0.0504,0.3256,0.243244732728172,53,0.004,8,0.2752,NA,33.2,1.4,3.09108702862933,NA,NA,NA
2495425,"Scott Tolzien","IND","QB",29,5,10,0.184,0.0432,0.3248,0.248901586977665,54,0.002,8,0.2816,NA,NA,NA,3.91665281235791,NA,NA,NA
2552588,"Brett Hundley","GB","QB",23,1,4,0.184,0.0432,0.3248,0.248901586977665,54,0.028,8,0.2816,NA,NA,NA,3.91665281235791,NA,NA,NA
2555261,"Jacoby Brissett","NE","QB",24,0,9,0.18,0.036,0.324,0.254558441227157,56,0.054,8,0.288,NA,NA,NA,3.92519492241576,NA,NA,NA
2508101,"James Develin","NE","RB",28,6,9,0.17,0.017,0.153,0.120208152801713,127,0.085,8,0.136,NA,NA,NA,2.69099090226917,NA,NA,NA
2535535,"Phillip Supernaw","TEN","TE",26,4,13,0.15,0.03,0.27,0.212132034355964,95,0.0375,7,0.24,NA,NA,NA,3.00319918081255,NA,NA,NA
2506481,"Dan Orlovsky","DET","QB",33,11,10,0.132,0.0456,0.2184,0.152735064736294,57,0.016,8,0.1728,NA,NA,NA,3.7714369413744,NA,NA,NA
2539645,"Brandon Williams","SEA","TE",29,4,5,0.125,0.105,0.145,0.0353553390593274,96,0.075,8,0.04,NA,NA,NA,2.63051207899046,NA,NA,NA
1037347,"Joe Webb","CAR","QB",30,6,7,0.12,0.024,0.216,0.169705627484771,58,0.031,8,0.192,NA,NA,NA,3.79706327154797,NA,NA,NA
2539961,"Ryan Nassib","NYG","QB",26,3,8,0.112,0.0416,0.1824,0.124450793488832,59,0.047,8,0.1408,NA,NA,NA,3.72872639108514,NA,NA,NA
79629,"Cedric Peerman","CIN","RB",30,7,9,0.1,0.1,0.1,NA,128,0.065,8,0,NA,NA,NA,NA,NA,NA,NA
81306,"Brandon Tate","BUF","WR",29,7,10,0.1,0.02,0.18,0.14142135623731,171,0.005,13,0.16,NA,NA,NA,2.52325466660638,NA,0,NA
2507029,"Eric Weems","ATL","WR",31,9,11,0.1,0.02,0.18,0.14142135623731,171,0.03,13,0.16,NA,122.5,24.5,8.56389171681004,NA,0,NA
2536342,"Brandon Bostick","NYJ","TE",27,4,11,0.1,0.1,0.1,NA,97,0.1,8,0,NA,67.7,2.1,2.96547909739678,NA,NA,NA
2541944,"Russell Shepard","TB","WR",26,3,6,0.09,0.09,0.09,NA,173,0.065,13,0,NA,NA,NA,NA,NA,0,NA
2550235,"Roosevelt Nix","PIT","RB",NA,NA,8,0.07,0.07,0.07,NA,129,0.07,8,0,NA,NA,NA,NA,NA,NA,NA
2506895,"Kellen Clemens","SD","QB",33,10,11,0.066,0.0228,0.1092,0.0763675323681471,60,0.034,8,0.0864,NA,NA,NA,3.65611845559339,NA,NA,NA
2507282,"Matt Moore","MIA","QB",32,9,8,0.064,0.0192,0.1088,0.0791959594928933,61,0.064,9,0.0896,NA,NA,NA,3.66038951062231,NA,NA,NA
4487,"Matthew Slater","NE","WR",31,8,9,0.05,0.01,0.09,0.0707106781186548,174,0.05,13,0.08,NA,NA,NA,2.4111711141116,NA,NA,NA
184,"Donnie Avery","FA","WR",32,8,NA,0,0,0,NA,175,0,13,0,NA,NA,NA,NA,NA,NA,NA
206,"Andre Caldwell","DET","WR",31,8,10,0,0,0,0,175,0,13,0,NA,NA,NA,2.29908756161681,NA,NA,NA
216,"Fred Davis","FA","TE",30,8,NA,0,0,0,NA,98,0,0,0,NA,NA,NA,NA,NA,NA,NA
230,"Jerome Felton","FA","RB",30,8,NA,0,0,0,0,130,0,8,0,NA,NA,NA,2.51709089781858,NA,NA,NA
264,"Josh Johnson","NYG","QB",30,8,8,0,0,0,0,62,0,10,0,NA,NA,NA,3.54079996981237,NA,NA,NA
318,"Jerome Simpson","FA","WR",30,8,NA,0,0,0,NA,175,0,13,0,NA,NA,NA,NA,NA,NA,NA
367,"Matt Flynn","NO","QB",31,8,5,0,0,0,NA,62,0,10,0,NA,NA,NA,NA,NA,NA,NA
768,"Steve Johnson","SD","WR",30,8,11,0,0,0,NA,175,0,13,0,NA,NA,NA,NA,NA,NA,NA
925,"Jamaal Charles","KC","RB",30,8,5,0,0,0,NA,130,0,8,0,NA,NA,NA,NA,NA,NA,NA
941,"Ray Rice","FA","RB",29,8,NA,0,0,0,NA,130,0,8,0,NA,NA,NA,NA,NA,NA,NA
1966,"John Carlson","FA","TE",32,8,NA,0,0,0,NA,98,0,0,0,NA,NA,NA,NA,NA,NA,NA
4231,"Jed Collins","FA","RB",30,8,NA,0,0,0,NA,130,0,8,0,NA,NA,NA,NA,NA,NA,NA
4381,"Garrett Hartley","FA","K",30,8,NA,0,0,0,NA,32,0,8,0,NA,NA,NA,NA,NA,NA,NA
71247,"James Casey","FA","TE",32,7,NA,0,0,0,NA,98,0,0,0,NA,NA,NA,NA,NA,NA,NA
71255,"Chase Coffman","IND","TE",30,7,10,0,0,0,0,98,0,9,0,NA,NA,NA,2.55597465862604,NA,NA,NA
79557,"Josh Freeman","FA","QB",28,7,NA,0,0,0,NA,62,0,10,0,NA,NA,NA,NA,NA,NA,NA
79563,"Shonn Greene","FA","RB",31,7,NA,0,0,0,NA,130,0,8,0,NA,NA,NA,NA,NA,NA,NA
79619,"Knowshon Moreno","FA","RB",29,7,NA,0,0,0,NA,130,0,8,0,NA,NA,NA,NA,NA,NA,NA
80674,"Chris Ogbonnaya","FA","RB",30,7,NA,0,0,0,NA,130,0,8,0,NA,NA,NA,NA,NA,NA,NA
81288,"Brandon Gibson","NE","WR",29,7,9,0,0,0,NA,175,0,13,0,NA,NA,NA,NA,NA,NA,NA
81831,"Brian Hartline","FA","WR",30,7,NA,0,0,0,NA,175,0,13,0,NA,NA,NA,NA,NA,NA,NA
89798,"Antone Smith","NYJ","RB",31,7,11,0,0,0,NA,130,0,8,0,NA,NA,NA,NA,NA,NA,NA
163982,"Will Johnson","NYG","RB",27,5,8,0,0,0,NA,130,0,8,0,NA,NA,NA,NA,NA,NA,NA
496812,"Erik Lorig","FA","RB",30,6,NA,0,0,0,NA,130,0,8,0,NA,NA,NA,NA,NA,NA,NA
497108,"Jimmy Clausen","FA","QB",28,6,NA,0,0,0,NA,62,0,10,0,NA,NA,NA,NA,NA,NA,NA
497121,"Thad Lewis","SF","QB",29,6,8,0,0,0,NA,62,0,10,0,NA,NA,NA,NA,NA,NA,NA
497145,"Joique Bell","FA","RB",30,6,NA,0,0,0,0,130,0,8,0,NA,NA,NA,2.51709089781858,NA,NA,NA
497172,"Anthony Dixon","FA","RB",29,6,NA,0,0,0,NA,130,0,8,0,NA,NA,NA,NA,NA,NA,NA
497174,"Jonathan Dwyer","FA","RB",27,6,NA,0,0,0,NA,130,0,8,0,NA,NA,NA,NA,NA,NA,NA
497176,"Toby Gerhart","FA","RB",29,6,NA,0,0,0,NA,130,0,8,0,NA,NA,NA,NA,NA,NA,NA
497190,"Dexter McCluster","FA","RB",28,6,NA,0,0,0,0,130,0,8,0,NA,75.3,1.7,2.35555370514746,NA,NA,NA
497218,"Trindon Holliday","FA","WR",30,6,NA,0,0,0,NA,175,0,13,0,NA,NA,NA,NA,NA,NA,NA
497234,"Garrett Graham","DEN","TE",30,6,11,0,0,0,NA,98,0,0,0,NA,NA,NA,NA,NA,NA,NA
497246,"Michael Hoomanawanui","NO","TE",28,6,5,0,0,0,NA,98,0,0,0,NA,NA,NA,NA,NA,NA,NA
497250,"Anthony McCoy","SEA","TE",29,6,5,0,0,0,NA,98,0,0,0,NA,NA,NA,NA,NA,NA,NA
497256,"Tony Moeaki","FA","TE",29,6,NA,0,0,0,0,98,0,0,0,NA,NA,NA,2.55597465862604,NA,NA,NA
497260,"Seyi Ajirotutu","PHI","WR",29,6,4,0,0,0,NA,175,0,13,0,NA,NA,NA,NA,NA,NA,NA
497282,"Riley Cooper","FA","WR",29,6,NA,0,0,0,0,175,0,13,0,NA,NA,NA,2.29908756161681,NA,NA,NA
497286,"Marcus Easley","BUF","WR",29,6,10,0,0,0,NA,175,0,13,0,NA,NA,NA,NA,NA,NA,NA
497288,"Jacoby Ford","FA","WR",29,6,NA,0,0,0,NA,175,0,13,0,NA,NA,NA,NA,NA,NA,NA
1037366,"Michael Palmer","FA","TE",28,6,NA,0,0,0,NA,98,0,0,0,NA,NA,NA,NA,NA,NA,NA
1037847,"Deji Karim","FA","RB",30,6,NA,0,0,0,NA,130,0,8,0,NA,NA,NA,NA,NA,NA,NA
2495150,"Kai Forbath","FA","K",29,5,NA,0,0,0,0,32,0,9,0,NA,19.6,5.2,4.74827562986962,NA,NA,NA
2495158,"Leonard Hankerson","FA","WR",28,5,NA,0,0,0,NA,175,0,13,0,NA,NA,NA,NA,NA,NA,NA
2495161,"Roy Helu","FA","RB",28,5,NA,0,0,0,NA,130,0,8,0,NA,NA,NA,NA,NA,NA,NA
2495162,"Alex Henery","FA","K",29,5,NA,0,0,0,NA,32,0,8,0,NA,NA,NA,NA,NA,NA,NA
2495172,"Kendall Hunter","NO","RB",28,5,5,0,0,0,NA,130,0,8,0,NA,NA,NA,NA,NA,NA,NA
2495179,"Jerrel Jernigan","FA","WR",27,5,NA,0,0,0,NA,175,0,13,0,NA,NA,NA,NA,NA,NA,NA
2495181,"Jerrod Johnson","DAL","QB",28,5,7,0,0,0,NA,62,0,10,0,NA,NA,NA,NA,NA,NA,NA
2495192,"Greg Little","FA","WR",27,5,NA,0,0,0,NA,175,0,13,0,NA,NA,NA,NA,NA,NA,NA
2495215,"Christian Ponder","SF","QB",28,5,8,0,0,0,0,62,0,10,0,NA,NA,NA,3.54079996981237,NA,NA,NA
2495306,"Ricardo Lockette","FA","WR",30,5,NA,0,0,0,NA,175,0,13,0,NA,NA,NA,NA,NA,NA,NA
2495314,"Bruce Miller","FA","RB",29,5,NA,0,0,0,0,130,0,8,0,NA,NA,NA,2.51709089781858,NA,NA,NA
2495449,"Tandon Doss","FA","WR",27,5,NA,0,0,0,NA,175,0,13,0,NA,NA,NA,NA,NA,NA,NA
2495469,"Dion Lewis","NE","RB",26,5,9,0,0,0,NA,130,0,8,0,NA,NA,NA,NA,NA,NA,NA
2495470,"Stevan Ridley","FA","RB",27,5,NA,0,0,0,0,130,0,8,0,NA,NA,NA,2.51709089781858,NA,NA,NA
2495471,"Jacquizz Rodgers","FA","RB",26,5,NA,0,0,0,NA,130,0,8,0,NA,NA,NA,NA,NA,NA,NA
2495558,"Dwayne Bowe","FA","WR",32,9,NA,0,0,0,0,175,0,13,0,NA,NA,NA,2.29908756161681,NA,NA,NA
2495560,"Ahmad Bradshaw","FA","RB",30,9,NA,0,0,0,NA,130,0,8,0,NA,NA,NA,NA,NA,NA,NA
2495573,"Scott Chandler","FA","TE",31,9,NA,0,0,0,NA,98,0,0,0,NA,NA,NA,NA,NA,NA,NA
2495651,"Jacoby Jones","FA","WR",32,9,NA,0,0,0,NA,175,0,13,0,NA,NA,NA,NA,NA,NA,NA
2495660,"Brian Leonard","FA","RB",32,9,NA,0,0,0,NA,130,0,8,0,NA,NA,NA,NA,NA,NA,NA
2495663,"Marshawn Lynch","FA","RB",30,9,NA,0,0,0,NA,130,0,8,0,NA,NA,NA,NA,NA,NA,NA
2495801,"Miles Austin","FA","WR",32,10,NA,0,0,0,NA,175,0,13,0,NA,NA,NA,NA,NA,NA,NA
2495802,"Jason Avant","KC","WR",33,10,5,0,0,0,NA,175,0,13,0,NA,NA,NA,NA,NA,NA,NA
2495821,"Marques Colston","FA","WR",33,10,NA,0,0,0,NA,175,0,13,0,NA,NA,NA,NA,NA,NA,NA
2495825,"Owen Daniels","FA","TE",34,10,NA,0,0,0,NA,98,0,0,0,NA,NA,NA,NA,NA,NA,NA
2495838,"Bruce Gradkowski","PIT","QB",33,10,8,0,0,0,NA,62,0,10,0,NA,NA,NA,NA,NA,NA,NA
2495843,"Derek Hagan","FA","WR",32,10,NA,0,0,0,NA,175,0,13,0,NA,NA,NA,NA,NA,NA,NA
2495863,"Tarvaris Jackson","SEA","QB",33,10,5,0,0,0,NA,62,0,10,0,NA,NA,NA,NA,NA,NA,NA
2495867,"Greg Jennings","FA","WR",33,10,NA,0,0,0,NA,175,0,13,0,NA,NA,NA,NA,NA,NA,NA
2499248,"Kris Durham","FA","WR",28,5,NA,0,0,0,NA,175,0,13,0,NA,NA,NA,NA,NA,NA,NA
2499255,"Richard Gordon","BAL","TE",29,5,8,0,0,0,NA,98,0,0,0,NA,NA,NA,NA,NA,NA,NA
2499277,"David Ausberry","FA","TE",29,5,NA,0,0,0,NA,98,0,0,0,NA,NA,NA,NA,NA,NA,NA
2504162,"Shayne Graham","FA","K",NA,NA,NA,0,0,0,0,32,0,8,0,NA,NA,NA,2.18981780210476,NA,NA,NA
2504211,"Tom Brady","NE","QB",39,16,9,0,0,0,NA,62,0,10,0,NA,NA,NA,NA,NA,NA,NA
2504941,"Billy Cundiff","FA","K",36,14,NA,0,0,0,NA,32,0,8,0,NA,NA,NA,NA,NA,NA,NA
2505354,"Tony Romo","DAL","QB",36,13,7,0,0,0,NA,62,0,10,0,NA,NA,NA,NA,NA,NA,NA
2505459,"Josh Brown","NYG","K",37,13,8,0,0,0,NA,32,0,8,0,NA,NA,NA,NA,NA,NA,NA
2505936,"Steven Jackson","NE","RB",33,12,9,0,0,0,NA,130,0,8,0,NA,NA,NA,NA,NA,NA,NA
2506004,"Jerricho Cotchery","FA","WR",34,12,NA,0,0,0,NA,175,0,13,0,NA,NA,NA,NA,NA,NA,NA
2506063,"Josh Scobee","FA","K",34,12,NA,0,0,0,NA,32,0,8,0,NA,22,8,12.532634712899,NA,NA,NA
2506149,"Shaun Suisham","FA","K",NA,NA,NA,0,0,0,NA,32,0,8,0,NA,NA,NA,NA,NA,NA,NA
2506222,"Josh Cribbs","FA","WR",33,11,NA,0,0,0,NA,175,0,13,0,NA,NA,NA,NA,NA,NA,NA
2506264,"Robbie Gould","FA","K",34,11,NA,0,0,0,0,32,0,8,0,NA,24.2,5.8,5.30819362150511,NA,NA,NA
2506341,"Ronnie Brown","FA","RB",35,11,NA,0,0,0,NA,130,0,8,0,NA,NA,NA,NA,NA,NA,NA
2506619,"Daniel Fells","NYG","TE",33,10,8,0,0,0,NA,98,0,0,0,NA,NA,NA,NA,NA,NA,NA
2506871,"Fred Jackson","SEA","RB",35,10,5,0,0,0,NA,130,0,8,0,NA,NA,NA,NA,NA,NA,NA
2506885,"Santonio Holmes","FA","WR",32,10,NA,0,0,0,NA,175,0,13,0,NA,NA,NA,NA,NA,NA,NA
2507170,"Zach Miller","FA","TE",31,9,NA,0,0,0,NA,98,0,0,0,NA,NA,NA,NA,NA,NA,NA
2507183,"James Jones","FA","WR",32,9,NA,0,0,0,0,175,0,13,0,NA,NA,NA,2.29908756161681,NA,NA,NA
2507237,"Jordan Palmer","FA","QB",32,9,NA,0,0,0,NA,62,0,10,0,NA,NA,NA,NA,NA,NA,NA
2507278,"Jackie Battle","FA","RB",33,9,NA,0,0,0,NA,130,0,8,0,NA,NA,NA,NA,NA,NA,NA
2507405,"Matthew Mulligan","FA","TE",31,8,NA,0,0,0,NA,98,0,0,0,NA,NA,NA,NA,NA,NA,NA
2507779,"Donald Brown","FA","RB",29,7,NA,0,0,0,NA,130,0,8,0,NA,NA,NA,NA,NA,NA,NA
2507883,"Jeff Cumberland","SD","TE",29,6,11,0,0,0,NA,98,0,0,0,NA,NA,NA,NA,NA,NA,NA
2508051,"John Conner","FA","RB",29,6,NA,0,0,0,NA,130,0,8,0,NA,NA,NA,NA,NA,NA,NA
2508096,"Tyler Clutts","FA","RB",32,6,NA,0,0,0,NA,130,0,8,0,NA,NA,NA,NA,NA,NA,NA
2508112,"Rob Housler","FA","TE",28,5,NA,0,0,0,0,98,0,0,0,NA,NA,NA,2.55597465862604,NA,NA,NA
2508115,"Vincent Brown","FA","WR",27,5,NA,0,0,0,0,175,0,13,0,NA,NA,NA,2.29908756161681,NA,NA,NA
2527672,"Will Tukuafu","FA","RB",32,6,NA,0,0,0,NA,130,0,8,0,NA,NA,NA,NA,NA,NA,NA
2530516,"Robert Hughes","FA","RB",27,5,NA,0,0,0,NA,130,0,8,0,NA,NA,NA,NA,NA,NA,NA
2530575,"Drew Davis","FA","WR",27,4,NA,0,0,0,NA,175,0,13,0,NA,NA,NA,NA,NA,NA,NA
2530598,"Jeremy Ross","FA","WR",28,5,NA,0,0,0,NA,175,0,13,0,NA,NA,NA,NA,NA,NA,NA
2530699,"Henry Hynoski","FA","RB",28,5,NA,0,0,0,NA,130,0,8,0,NA,NA,NA,NA,NA,NA,NA
2531218,"Chase Reynolds","LA","RB",29,4,8,0,0,0,NA,130,0,8,0,NA,NA,NA,NA,NA,NA,NA
2532799,"Jarrett Boykin","FA","WR",27,4,NA,0,0,0,NA,175,0,13,0,NA,NA,NA,NA,NA,NA,NA
2532802,"LaVon Brazill","FA","WR",27,4,NA,0,0,0,NA,175,0,13,0,NA,NA,NA,NA,NA,NA,NA
2532807,"Ryan Broyles","FA","WR",28,4,NA,0,0,0,NA,175,0,13,0,NA,NA,NA,NA,NA,NA,NA
2532823,"Juron Criner","FA","WR",27,4,NA,0,0,0,NA,175,0,13,0,NA,NA,NA,NA,NA,NA,NA
2532850,"T.J. Graham","FA","WR",27,4,NA,0,0,0,NA,175,0,13,0,NA,NA,NA,NA,NA,NA,NA
2532851,"Cyrus Gray","ATL","RB",27,4,11,0,0,0,NA,130,0,8,0,NA,NA,NA,NA,NA,NA,NA
2532862,"Junior Hemingway","FA","WR",28,4,NA,0,0,0,NA,175,0,13,0,NA,NA,NA,NA,NA,NA,NA
2532864,"Dan Herron","FA","RB",27,4,NA,0,0,0,0,130,0,8,0,NA,NA,NA,2.51709089781858,NA,NA,NA
2532876,"A.J. Jenkins","FA","WR",26,4,NA,0,0,0,NA,175,0,13,0,NA,NA,NA,NA,NA,NA,NA
2532894,"Ryan Lindley","FA","QB",27,4,NA,0,0,0,NA,62,0,10,0,NA,NA,NA,NA,NA,NA,NA
2532900,"Keshawn Martin","FA","WR",26,4,NA,0,0,0,NA,175,0,13,0,NA,NA,NA,NA,NA,NA,NA
2532917,"Kellen Moore","DAL","QB",27,4,7,0,0,0,NA,62,0,10,0,NA,NA,NA,NA,NA,NA,NA
2532960,"Nick Toon","FA","WR",28,4,NA,0,0,0,NA,175,0,13,0,NA,NA,NA,NA,NA,NA,NA
2532970,"Brandon Weeden","HOU","QB",33,4,9,0,0,0,NA,62,0,10,0,NA,NA,NA,NA,NA,NA,NA
2533012,"Vick Ballard","FA","RB",26,4,NA,0,0,0,NA,130,0,8,0,NA,NA,NA,NA,NA,NA,NA
2533028,"James Hanna","DAL","TE",27,4,7,0,0,0,NA,98,0,0,0,NA,NA,NA,NA,NA,NA,NA
2533030,"Jonas Gray","FA","RB",26,4,NA,0,0,0,NA,130,0,8,0,NA,NA,NA,NA,NA,NA,NA
2533032,"Trent Richardson","FA","RB",25,4,NA,0,0,0,0,130,0,8,0,NA,NA,NA,2.51709089781858,NA,NA,NA
2533036,"LaMichael James","FA","RB",27,4,NA,0,0,0,NA,130,0,8,0,NA,NA,NA,NA,NA,NA,NA
2533037,"Chris Polk","HOU","RB",27,4,9,0,0,0,NA,130,0,8,0,NA,NA,NA,NA,NA,NA,NA
2533038,"Justin Blackmon","JAC","WR",26,4,5,0,0,0,NA,175,0,13,0,NA,NA,NA,NA,NA,NA,NA
2533349,"Austin Davis","DEN","QB",27,4,11,0,0,0,0,62,0,10,0,NA,NA,NA,3.54079996981237,NA,NA,NA
2533437,"Ronnie Hillman","FA","RB",25,4,NA,0,0,0,0,130,0,8,0,NA,75.3,4,3.19556883742521,NA,NA,NA
2533533,"Rueben Randle","FA","WR",25,4,NA,0,0,0,NA,175,0,13,0,NA,91.7,3,2.26784869844698,NA,NA,NA
2533537,"Stephen Hill","FA","WR",25,4,NA,0,0,0,NA,175,0,13,0,NA,NA,NA,NA,NA,NA,NA
2533540,"Edwin Baker","FA","RB",25,4,NA,0,0,0,NA,130,0,8,0,NA,NA,NA,NA,NA,NA,NA
2533545,"Bernard Pierce","FA","RB",25,4,NA,0,0,0,NA,130,0,8,0,NA,NA,NA,NA,NA,NA,NA
2534241,"Derek Carrier","WAS","TE",26,4,9,0,0,0,NA,98,0,0,0,NA,NA,NA,NA,NA,NA,NA
2534244,"Chase Ford","FA","TE",26,4,NA,0,0,0,NA,98,0,0,0,NA,NA,NA,NA,NA,NA,NA
2534437,"Austin Johnson","NO","RB",27,3,5,0,0,0,0,130,0,8,0,NA,NA,NA,2.51709089781858,NA,NA,NA
2534789,"Daryl Richardson","PIT","RB",26,4,8,0,0,0,0,130,0,8,0,NA,89,2.2,2.53816569042523,NA,NA,NA
2534796,"Bryce Brown","FA","RB",25,4,NA,0,0,0,NA,130,0,8,0,NA,NA,NA,NA,NA,NA,NA
2534871,"Derrick Coleman","SEA","RB",26,4,5,0,0,0,NA,130,0,8,0,NA,NA,NA,NA,NA,NA,NA
2534889,"Matt Simms","FA","QB",28,4,NA,0,0,0,NA,62,0,10,0,NA,NA,NA,NA,NA,NA,NA
2535634,"Chris Givens","FA","WR",27,4,NA,0,0,0,0,175,0,13,0,NA,NA,NA,2.29908756161681,NA,NA,NA
2535696,"Joe Banyard","JAC","RB",28,4,5,0,0,0,0,130,0,8,0,NA,NA,NA,2.51709089781858,NA,NA,NA
2535876,"Griff Whalen","FA","WR",26,4,NA,0,0,0,NA,175,0,13,0,NA,NA,NA,NA,NA,NA,NA
2535882,"Mike Brown","FA","WR",27,4,NA,0,0,0,NA,175,0,13,0,NA,NA,NA,NA,NA,NA,NA
2535988,"Brittan Golden","FA","WR",28,4,NA,0,0,0,0,175,0,13,0,NA,NA,NA,2.29908756161681,NA,NA,NA
2536031,"Damaris Johnson","FA","WR",27,4,NA,0,0,0,NA,175,0,13,0,NA,NA,NA,NA,NA,NA,NA
2536071,"Cooper Helfet","FA","TE",27,5,NA,0,0,0,NA,98,0,0,0,NA,NA,NA,NA,NA,NA,NA
2536532,"Jorvorskie Lane","FA","RB",29,4,NA,0,0,0,NA,130,0,8,0,NA,NA,NA,NA,NA,NA,NA
2537931,"Josh Gordon","CLE","WR",25,4,13,0,0,0,NA,175,0,13,0,NA,NA,NA,NA,NA,NA,NA
2539202,"Chris Gragg","BUF","TE",26,3,10,0,0,0,NA,98,0,8,0,NA,NA,NA,NA,NA,NA,NA
2539203,"Cobi Hamilton","FA","WR",26,3,NA,0,0,0,NA,175,0,13,0,NA,NA,NA,NA,NA,NA,NA
2539235,"Tavarres King","NYG","WR",26,3,8,0,0,0,NA,175,0,13,0,NA,117,8,5.13684406322994,NA,NA,NA
2539246,"Chris Harper","FA","WR",27,3,NA,0,0,0,NA,175,0,13,0,NA,NA,NA,NA,NA,NA,NA
2539256,"Aaron Dobson","FA","WR",25,3,NA,0,0,0,0,175,0,13,0,NA,NA,NA,2.29908756161681,NA,NA,NA
2539308,"Matt Barkley","FA","QB",26,3,NA,0,0,0,NA,62,0,10,0,NA,NA,NA,NA,NA,NA,NA
2539315,"Stepfan Taylor","ARI","RB",25,3,9,0,0,0,NA,130,0,8,0,NA,NA,NA,NA,NA,NA,NA
2539327,"Joseph Fauria","FA","TE",26,3,NA,0,0,0,NA,98,0,8,0,NA,NA,NA,NA,NA,NA,NA
2539341,"Montee Ball","FA","RB",26,3,NA,0,0,0,NA,130,0,8,0,NA,NA,NA,NA,NA,NA,NA
2539674,"Rodney Smith","FA","WR",26,3,NA,0,0,0,NA,175,0,13,0,NA,NA,NA,NA,NA,NA,NA
2539980,"Kerwynn Williams","FA","RB",25,3,NA,0,0,0,NA,130,0,8,0,NA,NA,NA,NA,NA,NA,NA
2540005,"Marlon Brown","FA","WR",25,3,NA,0,0,0,0,175,0,13,0,NA,NA,NA,2.29908756161681,NA,NA,NA
2540148,"Tyler Eifert","CIN","TE",26,3,9,0,0,0,NA,98,0,8,0,NA,NA,NA,NA,NA,NA,NA
2540157,"Stedman Bailey","LA","WR",26,3,8,0,0,0,NA,175,0,13,0,NA,NA,NA,NA,NA,NA,NA
2540171,"Joseph Randle","FA","RB",25,3,NA,0,0,0,NA,130,0,8,0,NA,NA,NA,NA,NA,NA,NA
2540173,"Tyler Bray","KC","QB",25,3,5,0,0,0,NA,62,0,10,0,NA,NA,NA,NA,NA,NA,NA
2540175,"LeVeon Bell","PIT","RB",24,3,8,0,0,0,NA,130,0,8,0,NA,NA,NA,NA,NA,NA,NA
2540181,"Josh Boyce","FA","WR",25,3,NA,0,0,0,NA,175,0,13,0,NA,NA,NA,NA,NA,NA,NA
2540224,"Mike James","FA","RB",25,3,NA,0,0,0,NA,130,0,8,0,NA,101,1,1.68270295369857,NA,NA,NA
2540225,"Tommy Bohanon","FA","RB",26,3,NA,0,0,0,0,130,0,8,0,NA,NA,NA,2.51709089781858,NA,NA,NA
2540233,"Nick Kasa","FA","TE",26,3,NA,0,0,0,NA,98,0,8,0,NA,NA,NA,NA,NA,NA,NA
2540257,"Justice Cunningham","FA","TE",25,3,NA,0,0,0,NA,98,0,8,0,NA,NA,NA,NA,NA,NA,NA
2540261,"Corey Fuller","DET","WR",26,3,10,0,0,0,NA,175,0,13,0,NA,NA,NA,NA,NA,NA,NA
2540263,"Sean Renfree","FA","QB",26,3,NA,0,0,0,NA,62,0,10,0,NA,NA,NA,NA,NA,NA,NA
2540279,"Nick Williams","FA","WR",26,3,NA,0,0,0,NA,175,0,13,0,NA,NA,NA,NA,NA,NA,NA
2541096,"Ifeanyi Momah","FA","TE",27,3,NA,0,0,0,NA,98,0,8,0,NA,NA,NA,NA,NA,NA,NA
2541185,"Ryan Griffin","TB","QB",27,3,6,0,0,0,NA,62,0,10,0,NA,NA,NA,NA,NA,NA,NA
2541314,"Justin Brown","FA","WR",25,3,NA,0,0,0,NA,175,0,13,0,NA,NA,NA,NA,NA,NA,NA
2541390,"Kevin Dorsey","NE","WR",26,3,9,0,0,0,NA,175,0,13,0,NA,NA,NA,NA,NA,NA,NA
2541429,"B.J. Daniels","FA","QB",27,3,NA,0,0,0,NA,62,0,10,0,NA,NA,NA,NA,NA,NA,NA
2541432,"Michael Cox","FA","RB",27,3,NA,0,0,0,NA,130,0,8,0,NA,NA,NA,NA,NA,NA,NA
2541512,"Brian Leonhardt","OAK","TE",26,3,10,0,0,0,NA,98,0,8,0,NA,NA,NA,NA,NA,NA,NA
2541778,"Kendall Gaskins","FA","RB",26,3,NA,0,0,0,NA,130,0,8,0,NA,NA,NA,NA,NA,NA,NA
2541910,"George Winn","FA","RB",26,3,NA,0,0,0,NA,130,0,8,0,NA,NA,NA,NA,NA,NA,NA
2542022,"Khiry Robinson","FA","RB",27,3,NA,0,0,0,0,130,0,8,0,NA,80,3.7,3.08600164625855,NA,NA,NA
2542060,"Jordan Gay","FA","K",NA,NA,NA,0,0,0,NA,32,0,8,0,NA,NA,NA,NA,NA,0,NA
2543462,"Johnny Manziel","FA","QB",24,2,NA,0,0,0,NA,62,0,10,0,NA,NA,NA,NA,NA,NA,NA
2543465,"Teddy Bridgewater","MIN","QB",24,2,6,0,0,0,NA,62,0,10,0,NA,NA,NA,NA,NA,NA,NA
2543502,"Tre Mason","LA","RB",23,2,8,0,0,0,NA,130,0,8,0,NA,NA,NA,NA,NA,NA,NA
2543570,"Storm Johnson","FA","RB",24,2,NA,0,0,0,NA,130,0,8,0,NA,NA,NA,NA,NA,NA,NA
2543572,"Martavis Bryant","PIT","WR",25,2,8,0,0,0,NA,175,0,13,0,NA,NA,NA,NA,NA,NA,NA
2543587,"Aaron Murray","FA","QB",26,2,NA,0,0,0,0,62,0,10,0,NA,NA,NA,3.54079996981237,NA,NA,NA
2543596,"Dri Archer","BUF","RB",25,2,10,0,0,0,0,130,0,8,0,NA,NA,NA,2.51709089781858,NA,NA,NA
2543605,"Zach Mettenberger","PIT","QB",25,2,8,0,0,0,0,62,0,10,0,NA,NA,NA,3.54079996981237,NA,NA,NA
2543619,"Walt Powell","BUF","WR",25,2,10,0,0,0,NA,175,0,13,0,NA,NA,NA,NA,NA,NA,NA
2543655,"Tyler Gaffney","FA","RB",25,2,NA,0,0,0,NA,130,0,8,0,NA,NA,NA,NA,NA,NA,NA
2543682,"Bishop Sankey","FA","RB",24,2,NA,0,0,0,NA,130,0,8,0,NA,NA,NA,NA,NA,NA,NA
2543690,"Marion Grice","FA","RB",24,2,NA,0,0,0,NA,130,0,8,0,NA,NA,NA,NA,NA,NA,NA
2543751,"David Fales","FA","QB",26,2,NA,0,0,0,0,62,0,10,0,NA,NA,NA,3.54079996981237,NA,NA,NA
2543767,"Logan Thomas","FA","QB",25,2,NA,0,0,0,NA,62,0,10,0,NA,NA,NA,NA,NA,NA,NA
2543777,"Robert Herron","FA","WR",24,2,NA,0,0,0,NA,175,0,13,0,NA,NA,NA,NA,NA,NA,NA
2543781,"Zach Hocker","FA","K",25,2,NA,0,0,0,NA,32,0,8,0,NA,NA,NA,NA,NA,NA,NA
2543784,"Keith Wenning","FA","QB",25,2,NA,0,0,0,NA,62,0,10,0,NA,NA,NA,NA,NA,NA,NA
2543792,"Matt Hazel","FA","WR",24,2,NA,0,0,0,NA,175,0,13,0,NA,NA,NA,NA,NA,NA,NA
2543836,"T.J. Jones","FA","WR",24,2,NA,0,0,0,0,175,0,13,0,NA,NA,NA,2.29908756161681,NA,NA,NA
2550158,"Nate Freese","FA","K",26,2,NA,0,0,0,NA,32,0,8,0,NA,NA,NA,NA,NA,NA,NA
2550163,"Michael Campanaro","BAL","WR",25,2,8,0,0,0,NA,175,0,13,0,NA,NA,NA,NA,NA,NA,NA
2550183,"Jeremy Butler","FA","WR",25,2,NA,0,0,0,0,175,0,13,0,NA,NA,NA,2.29908756161681,NA,NA,NA
2550216,"Jonathan Krause","FA","WR",NA,NA,NA,0,0,0,0,175,0,13,0,NA,NA,NA,2.29908756161681,NA,NA,NA
2550223,"Freddie Martino","ATL","WR",25,2,11,0,0,0,NA,175,0,13,0,NA,NA,NA,NA,NA,NA,NA
2550233,"Rajion Neal","CLE","RB",24,2,13,0,0,0,NA,130,0,8,0,NA,NA,NA,NA,NA,NA,NA
2550247,"Bryn Renner","FA","QB",26,2,NA,0,0,0,NA,62,0,10,0,NA,NA,NA,NA,NA,NA,NA
2550263,"Juwan Thompson","FA","RB",24,2,NA,0,0,0,NA,130,0,8,0,NA,NA,NA,NA,NA,NA,NA
2550310,"Carey Spear","FA","K",24,2,NA,0,0,0,NA,32,0,8,0,NA,NA,NA,NA,NA,NA,NA
2550330,"Kain Colter","FA","WR",24,2,NA,0,0,0,NA,175,0,13,0,NA,NA,NA,NA,NA,NA,NA
2550355,"Nic Jacobs","FA","TE",25,2,NA,0,0,0,0,98,0,8,0,NA,NA,NA,2.55597465862604,NA,NA,NA
2550356,"Marcel Jensen","WAS","TE",26,2,9,0,0,0,0,98,0,8,0,NA,NA,NA,2.55597465862604,NA,NA,NA
2550359,"Seantavius Jones","FA","WR",24,2,NA,0,0,0,NA,175,0,13,0,NA,NA,NA,NA,NA,NA,NA
2550376,"Stephen Morris","FA","QB",24,2,NA,0,0,0,NA,62,0,10,0,NA,NA,NA,NA,NA,NA,NA
2550380,"Cody Parkey","FA","K",24,2,NA,0,0,0,0,32,0,8,0,NA,NA,NA,2.18981780210476,NA,NA,NA
2550413,"Corey Washington","FA","WR",25,2,NA,0,0,0,NA,175,0,13,0,NA,NA,NA,NA,NA,NA,NA
2550454,"Asante Cleveland","FA","TE",24,2,NA,0,0,0,0,98,0,8,0,NA,NA,NA,2.55597465862604,NA,NA,NA
2550485,"Gator Hoskins","FA","TE",25,2,NA,0,0,0,NA,98,0,8,0,NA,NA,NA,NA,NA,NA,NA
2550529,"Silas Redd","WAS","RB",24,2,9,0,0,0,NA,130,0,8,0,NA,NA,NA,NA,NA,NA,NA
2550551,"Travis Coons","FA","K",24,2,NA,0,0,0,NA,32,0,8,0,NA,NA,NA,NA,NA,NA,NA
2550596,"Darrin Reaves","FA","RB",23,2,NA,0,0,0,NA,130,0,8,0,NA,NA,NA,NA,NA,NA,NA
2550608,"RaShaun Allen","SEA","TE",26,2,5,0,0,0,0,98,0,8,0,NA,NA,NA,2.55597465862604,NA,NA,NA
2550658,"Branden Oliver","SD","RB",25,2,11,0,0,0,NA,130,0,8,0,NA,NA,NA,NA,NA,NA,NA
2551247,"Josh Harris","PIT","RB",25,2,8,0,0,0,NA,130,0,8,0,NA,NA,NA,NA,NA,NA,NA
2551359,"Jerome Cunningham","FA","TE",25,2,NA,0,0,0,0,98,0,8,0,NA,NA,NA,2.55597465862604,NA,NA,NA
2552369,"Bryce Petty","NYJ","QB",25,1,11,0,0,0,NA,62,0,10,0,NA,NA,NA,NA,NA,NA,NA
2552371,"Garrett Grayson","FA","QB",25,1,NA,0,0,0,0,62,0,10,0,NA,NA,NA,3.54079996981237,NA,NA,NA
2552376,"David Cobb","FA","RB",23,1,NA,0,0,0,0,130,0,8,0,NA,NA,NA,2.51709089781858,NA,NA,NA
2552383,"Terrence Magee","BAL","RB",23,1,8,0,0,0,NA,130,0,8,0,NA,NA,NA,NA,NA,NA,NA
2552402,"Nick Boyle","BAL","TE",23,1,8,0,0,0,NA,98,0,8,0,NA,NA,NA,NA,NA,NA,NA
2552411,"Dezmin Lewis","FA","WR",24,1,NA,0,0,0,NA,175,0,13,0,NA,NA,NA,NA,NA,NA,NA
2552421,"Kenny Bell","FA","WR",24,1,NA,0,0,0,NA,175,0,13,0,NA,NA,NA,NA,NA,NA,NA
2552431,"Vince Mayle","FA","WR",NA,NA,NA,0,0,0,NA,175,0,13,0,NA,NA,NA,NA,NA,NA,NA
2552462,"Gerald Christian","FA","TE",25,1,NA,0,0,0,NA,98,0,8,0,NA,NA,NA,NA,NA,NA,NA
2552476,"Kenny Hilliard","FA","RB",25,1,NA,0,0,0,NA,130,0,8,0,NA,NA,NA,NA,NA,NA,NA
2552479,"DaRon Brown","KC","WR",25,1,5,0,0,0,NA,175,0,13,0,NA,NA,NA,NA,NA,NA,NA
2552580,"A.J. Derby","NE","TE",25,1,9,0,0,0,NA,98,0,8,0,NA,NA,NA,NA,NA,NA,NA
2552616,"Duron Carter","FA","WR",25,1,NA,0,0,0,NA,175,0,13,0,NA,NA,NA,NA,NA,NA,NA
2552634,"Joey Iosefa","FA","RB",NA,NA,NA,0,0,0,0,130,0,8,0,NA,NA,NA,2.51709089781858,NA,NA,NA
2552650,"Mario Alford","FA","WR",NA,NA,NA,0,0,0,NA,175,0,13,0,NA,NA,NA,NA,NA,NA,NA
2552651,"Kaelin Clay","BAL","WR",24,1,8,0,0,0,NA,175,0,13,0,NA,NA,NA,NA,NA,NA,NA
2552654,"Geremy Davis","FA","WR",24,1,NA,0,0,0,0,175,0,13,0,NA,NA,NA,2.29908756161681,NA,NA,NA
2553117,"Jarryd Hayne","FA","RB",28,1,NA,0,0,0,NA,130,0,8,0,NA,NA,NA,NA,NA,NA,NA
2553289,"Evan Spencer","TB","WR",NA,NA,6,0,0,0,NA,175,0,13,0,NA,NA,NA,NA,NA,NA,NA
2553292,"Kennard Backman","GB","TE",23,1,4,0,0,0,NA,98,0,8,0,NA,NA,NA,NA,NA,NA,NA
2553453,"Andre Debose","FA","WR",NA,NA,NA,0,0,0,NA,175,0,13,0,NA,NA,NA,NA,NA,NA,NA
2553462,"Josh Robinson","FA","RB",24,1,NA,0,0,0,NA,130,0,8,0,NA,NA,NA,NA,NA,NA,NA
2553465,"Rory Anderson","SF","TE",24,1,8,0,0,0,NA,98,0,8,0,NA,NA,NA,NA,NA,NA,NA
2553497,"Kyle Brindza","FA","K",23,1,NA,0,0,0,NA,32,NA,8,0,NA,NA,NA,NA,NA,NA,NA
2553502,"DeAndre Carter","FA","WR",23,1,NA,0,0,0,NA,175,0,13,0,NA,NA,NA,NA,NA,NA,NA
2553511,"John Crockett","GB","RB",24,1,4,0,0,0,NA,130,0,8,0,NA,NA,NA,NA,NA,NA,NA
2553533,"Alonzo Harris","FA","RB",NA,NA,NA,0,0,0,NA,130,0,8,0,NA,NA,NA,NA,NA,NA,NA
2553548,"Jake Kumerow","FA","WR",NA,NA,NA,0,0,0,NA,175,0,13,0,NA,NA,NA,NA,NA,NA,NA
2553652,"Chris Harper","FA","WR",NA,NA,NA,0,0,0,NA,175,0,13,0,NA,NA,NA,NA,NA,NA,NA
2553653,"Josh Harper","OAK","WR",25,1,10,0,0,0,NA,175,0,13,0,NA,NA,NA,NA,NA,NA,NA
2553660,"Akeem Hunt","FA","RB",23,1,NA,0,0,0,0,130,0,8,0,NA,NA,NA,2.51709089781858,NA,NA,NA
2553662,"Gus Johnson","FA","RB",23,1,NA,0,0,0,0,130,0,8,0,NA,NA,NA,2.51709089781858,NA,NA,NA
2553703,"Devante Davis","FA","WR",24,1,NA,0,0,0,NA,175,0,13,0,NA,NA,NA,NA,NA,NA,NA
2553773,"Mitchell Henry","FA","TE",NA,NA,NA,0,0,0,NA,98,0,8,0,NA,NA,NA,NA,NA,NA,NA
2553791,"E.J. Bibbs","FA","TE",25,1,NA,0,0,0,NA,98,0,8,0,NA,NA,NA,NA,NA,NA,NA
2553797,"Michael Dyer","FA","RB",26,1,NA,0,0,0,NA,130,0,8,0,NA,NA,NA,NA,NA,NA,NA
2553867,"Mack Brown","FA","RB",NA,NA,NA,0,0,0,NA,130,0,8,0,NA,NA,NA,NA,NA,NA,NA
2553876,"Donteea Dye","TB","WR",NA,NA,6,0,0,0,NA,175,0,13,0,NA,NA,NA,NA,NA,NA,NA
2553879,"Jahwan Edwards","SD","RB",24,1,11,0,0,0,NA,130,0,8,0,NA,NA,NA,NA,NA,NA,NA
2553896,"Darius Jennings","FA","WR",NA,NA,NA,0,0,0,NA,175,0,13,0,NA,NA,NA,NA,NA,NA,NA
2553900,"Daniel Brown","FA","WR",NA,NA,NA,0,0,0,NA,175,0,13,0,NA,NA,NA,NA,NA,NA,NA
2555229,"Kenneth Dixon","BAL","RB",22,0,8,0,0,0,NA,130,0,8,0,NA,NA,NA,NA,NA,NA,NA
2555262,"Jeff Driskel","CIN","QB",23,0,9,0,0,0,0,62,0,10,0,NA,NA,NA,3.54079996981237,NA,NA,NA
2555263,"Kevin Hogan","FA","QB",24,0,NA,0,0,0,0,62,0,10,0,NA,NA,NA,3.54079996981237,NA,NA,NA
2555332,"Connor Cook","OAK","QB",23,0,10,0,0,0,0,62,0,10,0,NA,NA,NA,3.54079996981237,NA,NA,NA
2555334,"Jared Goff","LA","QB",22,0,8,0,0,0,0,62,0,10,0,NA,NA,NA,3.54079996981237,NA,NA,NA
2555350,"Kolby Listenbee","BUF","WR",22,0,10,0,0,0,NA,175,0,13,0,NA,NA,NA,NA,NA,NA,NA
2555387,"Cody Kessler","CLE","QB",23,0,13,0,0,0,0,62,0,10,0,NA,NA,NA,3.54079996981237,NA,NA,NA
2555416,"Christian Hackenberg","NYJ","QB",21,0,11,0,0,0,0,62,0.4585,10,0,NA,NA,NA,3.54079996981237,NA,NA,NA
2555426,"Cardale Jones","BUF","QB",24,0,10,0,0,0,0,62,0.9575,10,0,NA,NA,NA,3.54079996981237,NA,NA,NA
2555459,"Keith Marshall","WAS","RB",22,0,9,0,0,0,NA,130,0,8,0,NA,NA,NA,NA,NA,NA,NA
2555462,"Kelvin Taylor","FA","RB",23,0,NA,0,0,0,NA,130,0,8,0,NA,NA,NA,NA,NA,NA,NA
2555471,"Kenny Lawler","FA","WR",22,0,NA,0,0,0,0,175,0,13,0,NA,NA,NA,2.29908756161681,NA,NA,NA
2555483,"Thomas Duarte","FA","TE",21,0,NA,0,0,0,0,98,0,8,0,NA,NA,NA,2.55597465862604,NA,NA,NA
2555487,"Beau Sandland","FA","TE",23,0,NA,0,0,0,NA,98,0,8,0,NA,NA,NA,NA,NA,NA,NA
2555573,"Anthony Dable","FA","WR",NA,2016,NA,0,0,0,NA,175,0,13,0,NA,NA,NA,NA,NA,NA,NA
2556144,"Daniel Braverman","FA","WR",23,0,NA,0,0,0,0,175,0,13,0,NA,NA,NA,2.29908756161681,NA,NA,NA
2556261,"Moritz Boehringer","FA","WR",NA,0,NA,0,0,0,0,175,0,13,0,NA,NA,NA,2.29908756161681,NA,NA,NA
2556375,"Rico Gathers","FA","TE",22,0,NA,0,0,0,0,98,0,8,0,NA,NA,NA,2.55597465862604,NA,NA,NA
2556379,"Zac Brooks","FA","RB",23,0,NA,0,0,0,NA,130,0,8,0,NA,NA,NA,NA,NA,NA,NA
2556454,"Brandon Wilds","FA","RB",23,0,NA,0,0,0,NA,130,0,8,0,NA,NA,NA,NA,NA,NA,NA
2556460,"Geronimo Allison","FA","WR",22,0,NA,0,0,0,0,175,0,13,0,NA,NA,NA,2.29908756161681,NA,NA,NA
2556473,"Jace Billingsley","FA","WR",23,0,NA,0,0,0,0,175,0,13,0,NA,NA,NA,2.29908756161681,NA,NA,NA
2556478,"Ben Braunecker","FA","TE",22,0,NA,0,0,0,0,98,NA,8,0,NA,NA,NA,2.55597465862604,NA,NA,NA
2556490,"Devon Cajuste","FA","WR",23,0,NA,0,0,0,0,175,0,13,0,NA,NA,NA,2.29908756161681,NA,NA,NA
2556507,"Marshaun Coprich","FA","RB",22,0,NA,0,0,0,0,130,0,8,0,NA,NA,NA,2.51709089781858,NA,NA,NA
2556528,"D.J. Foster","NE","WR",NA,0,9,0,0,0,NA,175,0,13,0,NA,NA,NA,NA,NA,NA,NA
2556541,"Aaron Green","FA","RB",24,0,NA,0,0,0,0,130,0,8,0,NA,NA,NA,2.51709089781858,NA,NA,NA
2556569,"Andy Jones","FA","WR",NA,0,NA,0,0,0,0,175,0,13,0,NA,NA,NA,2.29908756161681,NA,NA,NA
2556603,"Tre Madden","SEA","RB",23,0,5,0,0,0,NA,130,0,8,0,NA,NA,NA,NA,NA,NA,NA
2556785,"Paul Turner","PHI","WR",23,0,4,0,0,0,NA,175,0,13,0,NA,NA,NA,NA,NA,NA,NA
2556851,"Keyarris Garrett","FA","WR",24,0,NA,0,0,0,0,175,NA,13,0,NA,NA,NA,2.29908756161681,NA,NA,NA
2556854,"Devon Johnson","CAR","RB",23,0,7,0,0,0,NA,130,1.5,8,0,NA,NA,NA,NA,NA,NA,NA
2556885,"Jalen Richard","OAK","RB",23,0,10,0,0,0,0,130,3,8,0,NA,89,9.1,5.05821108725849,NA,15.5,NA
2543497,"AJ McCarron","CIN","QB",26,2,9,-0.917,-1.7514,-0.0826000000000002,1.47502474555514,102,0.0980000000000001,10,1.6688,NA,NA,NA,5.76815516739761,NA,NA,NA
2543640,"Tom Savage","HOU","QB",26,2,9,-0.998,-1.8156,-0.1804,1.4453262607453,103,0.132,10,1.6352,NA,NA,NA,5.72330908959388,NA,NA,NA
81294,"Brian Hoyer","CHI","QB",31,7,9,-1.032,-1.9994,-0.0746000000000002,1.70129891553483,104,0.196,10,1.9248,NA,NA,NA,6.10983956971174,NA,NA,NA
2505076,"Josh McCown","CLE","QB",37,14,13,-1.228,-2.4246,-0.0614000000000003,2.08879343162506,105,NA,10,2.3632,NA,37,1,3.83610266132294,NA,NA,NA
284,"Darren McFadden","DAL","RB",29,8,7,-3,-3,-3,NA,228,NA,8,0,NA,NA,NA,NA,NA,NA,NA
