"playerId","player","team","position","age","exp","bye","points","lower","upper","sdPts","positionRank","dropoff","tier","ptSpread","overallECR","positionECR","sdRank","risk","sleeper","actualPoints","salary"
2532975,"Russell Wilson","SEA","QB",27,3,9,19.325,17.905,20.745,2.51022907321224,1,2.54,1,2.84,NA,2.2,1,4.59114564796349,NA,NA,NA
2532820,"Kirk Cousins","WAS","QB",27,3,8,16.79,15.022,18.558,3.12541197284454,2,0.222499999999997,1,3.536,NA,3.3,1,4.92928125643846,NA,NA,NA
2506363,"Aaron Rodgers","GB","QB",32,10,7,16.78,16.524,17.036,0.452548339959391,3,0.475000000000001,2,0.512,NA,3.4,1.1,3.84787516847363,NA,NA,NA
2506109,"Ben Roethlisberger","PIT","QB",33,11,11,16.355,13.599,19.111,4.87196572237531,4,2.015,2,5.512,NA,1.5,0.8,5.11380579198007,NA,NA,NA
2506340,"Alex Smith","KC","QB",31,10,9,16.255,13.899,18.611,4.16485894118876,5,3.8475,2,4.712,NA,5.4,0.8,4.72514417304332,NA,NA,NA
2508061,"Antonio Brown","PIT","WR",27,5,11,14.6,14.12,15.08,0.848528137423857,1,1.67,1,0.959999999999999,NA,1.2,0.6,2.39840930402784,NA,NA,NA
2540165,"DeAndre Hopkins","HOU","WR",23,2,9,13.805,12.449,15.161,2.3970919882224,2,1.835,1,2.712,NA,2.3,0.7,4.02556845838144,NA,NA,NA
2539322,"Christine Michael","FA","RB",25,2,NA,12.49,11.922,13.058,1.0040916292849,1,0.9275,1,1.136,NA,6.6,3.6,5.96262029011187,NA,NA,NA
2543465,"Teddy Bridgewater","MIN","QB",23,1,5,12.425,9.885,14.965,4.49012806053458,6,0.880000000000001,3,5.08,NA,7.5,0.8,4.90392851775423,NA,NA,NA
2543497,"AJ McCarron","CIN","QB",25,1,7,12.39,12.39,12.39,NA,7,6.946,3,0,NA,6.1,1.6,9.45289220684094,NA,NA,NA
2495450,"A.J. Green","CIN","WR",27,4,7,12.055,10.739,13.371,2.32638131010374,3,0.407499999999999,2,2.632,NA,2.8,0.7,3.95852522444286,NA,NA,NA
2530747,"Doug Baldwin","SEA","WR",27,4,9,11.885,10.193,13.577,2.9910616844191,4,0.682500000000001,2,3.384,NA,4.6,1.2,5.38329327895911,NA,NA,NA
2540168,"Eddie Lacy","GB","RB",24,2,7,11.84,10.192,13.488,2.91327993848858,2,1.2475,1,3.296,NA,3.6,1.8,6.45009942493979,NA,NA,NA
100006,"Bengals","CIN","DST",NA,NA,7,11.8,11.8,11.8,NA,1,0.25,1,0,NA,5.8,0.9,4.72111332448864,NA,NA,NA
100030,"Seahawks","SEA","DST",NA,NA,9,11.6,11.6,11.6,NA,2,0.0999999999999996,1,0,NA,1.5,0.5,2.49001992039777,NA,NA,NA
100013,"Texans","HOU","DST",NA,NA,9,11.5,11.5,11.5,NA,3,1.75,0,0,NA,3,0.6,3.04779327142049,NA,NA,NA
100016,"Chiefs","KC","DST",NA,NA,9,11.5,11.5,11.5,NA,3,3.6,0,0,NA,1.7,0.7,3.60556662244321,NA,NA,NA
80429,"Jeremy Maclin","KC","WR",27,6,9,11.41,9.578,13.242,3.23854905783439,5,0.640000000000001,2,3.664,NA,4.6,0.9,5.14120760444797,NA,NA,NA
2543603,"Jeremy Hill","CIN","RB",23,1,7,11.285,10.633,11.937,1.15258405333407,3,1.86,2,1.304,NA,3.6,2.2,4.23893048521985,NA,NA,NA
2540160,"Jordan Reed","WAS","TE",25,2,8,11.01,9.658,12.362,2.39002092041053,1,1.7875,1,2.704,NA,1.1,0.2,2.81693018084039,NA,NA,NA
2507183,"James Jones","GB","WR",31,8,7,10.995,8.591,13.399,4.24971175493115,6,0.965,2,4.808,NA,9,2.1,8.00687382295432,NA,NA,NA
81294,"Brian Hoyer","HOU","QB",30,6,9,10.7,10.7,10.7,1.77635683940025e-15,8,10.547,3,1.77635683940025e-15,NA,6.6,0.8,2.43592723750586,NA,NA,NA
1581,"DeSean Jackson","WAS","WR",29,7,8,10.545,8.421,12.669,3.75473700810057,7,1.2475,2,4.248,NA,6.5,0.9,5.63062321219959,NA,NA,NA
2540148,"Tyler Eifert","CIN","TE",25,2,7,10.17,9.106,11.234,1.88090403795622,2,2.24,1,2.128,NA,2.1,0.5,3.50229597548586,NA,NA,NA
2550738,"Fitzgerald Toussaint","BAL","RB",25,1,9,9.9,9.9,9.9,NA,4,1.275,3,0,NA,9.8,4.4,11.4015028617844,NA,NA,NA
2552608,"Stefon Diggs","MIN","WR",22,0,5,9.515,6.727,12.303,4.92853426487024,8,1.5,2,5.576,NA,13.6,1.9,8.33266420656723,NA,NA,NA
2532887,"Jermaine Kearse","SEA","WR",25,3,9,9.08,7.144,11.016,3.42239682094289,9,2.3125,3,3.872,NA,14.6,2,7.06355565477423,NA,NA,NA
2550268,"Charcandrick West","KC","RB",24,1,9,8.95,8.95,8.95,NA,5,0.700000000000001,3,0,NA,4.2,2.1,4.97024706489943,NA,NA,NA
2540204,"Spencer Ware","KC","RB",24,2,9,8.3,8.3,8.3,NA,6,0.282500000000001,3,0,NA,8.5,2.5,6.0887263339229,NA,NA,NA
2540258,"Travis Kelce","KC","TE",26,2,9,8.275,6.575,9.975,3.00520382004283,3,0.81,2,3.4,NA,3.1,0.5,4.22491342083192,NA,NA,NA
2507164,"Adrian Peterson","MIN","RB",30,8,5,8.2,6.76,9.64,2.54558441227157,7,0.5425,3,2.88,NA,1.6,1,4.75306093559484,NA,NA,NA
100011,"Packers","GB","DST",NA,NA,7,8,8,8,NA,5,0.3,0,0,NA,6.9,1.2,6.39443337755679,NA,NA,NA
2543600,"Alfred Blue","HOU","RB",24,1,9,7.835,6.927,8.743,1.60513239329346,8,0.38,3,1.816,NA,7.4,1.9,4.53157364588555,NA,NA,NA
100032,"Redskins","WAS","DST",NA,NA,8,7.8,7.8,7.8,NA,6,1,0,0,NA,7,1.1,5.83666002653408,NA,NA,NA
100020,"Vikings","MIN","DST",NA,NA,5,7.6,7.6,7.6,NA,7,1.6,0,0,NA,5.5,1.6,8.62552678164766,NA,NA,NA
2506369,"Heath Miller","PIT","TE",33,10,11,7.585,4.853,10.317,4.82953931550412,4,0.897500000000001,2,5.464,NA,4.4,1,7.08511046436561,NA,NA,NA
2533457,"Alfred Morris","WAS","RB",27,3,8,7.48,7.256,7.704,0.395979797464467,9,0.745,3,0.448,NA,8.1,2.4,3.32805344527575,NA,NA,NA
2540011,"Chris Thompson","WAS","RB",25,2,8,7.43,7.43,7.43,NA,10,1.635,3,0,NA,17.7,2,4.69062724764356,NA,NA,NA
2495438,"Kyle Rudolph","MIN","TE",26,4,5,7.345,4.821,9.869,4.46184378928711,5,1.92,2,5.048,NA,5.2,0.8,6.17372355388118,NA,NA,NA
2495448,"Randall Cobb","GB","WR",25,4,7,6.95,5.79,8.11,2.05060966544099,10,0.52,3,2.32,NA,8.8,1.5,4.96835526087219,NA,NA,NA
2543572,"Martavis Bryant","PIT","WR",24,1,11,6.585,5.477,7.693,1.95868578388674,11,0.525,3,2.216,NA,6.8,1.1,4.24554973235714,NA,NA,NA
2346,"Pierre Garcon","WAS","WR",29,7,8,6.275,5.655,6.895,1.09601551083915,12,0.645,4,1.24,NA,10.3,2,4.85783325819499,NA,NA,NA
2540156,"Giovani Bernard","CIN","RB",24,2,7,6.04,4.968,7.112,1.89504617357995,11,1.135,3,2.144,NA,7.6,1.8,4.8479354302034,NA,NA,NA
2550313,"Richard Rodgers","GB","TE",23,1,7,6.03,5.606,6.454,0.749533188057741,6,2.1875,3,0.848000000000001,NA,5.2,1,4.46278174760666,NA,NA,NA
100027,"Steelers","PIT","DST",NA,NA,11,6,6,6,NA,8,NA,0,0,NA,4.7,1,5.27888667551136,NA,NA,NA
2539291,"Markus Wheaton","PIT","WR",24,2,11,5.845,5.169,6.521,1.19501046020527,13,0.4775,4,1.352,NA,14.1,2.3,5.42843077900517,NA,NA,NA
497206,"James Starks","GB","RB",29,5,7,5.55,3.99,7.11,2.75771644662754,12,1.5425,3,3.12,NA,10.5,1.3,5.50627482704873,NA,NA,NA
2506313,"Nate Washington","HOU","WR",32,10,9,5.415,5.083,5.747,0.586898628384834,14,0.162500000000001,4,0.664,NA,16,2.3,4.85185896713339,NA,NA,NA
2552430,"Tyler Lockett","SEA","WR",23,0,9,5.32,4.824,5.816,0.876812408671319,15,0.422499999999999,4,0.992000000000001,NA,10.7,1.3,3.53761291529433,NA,NA,NA
2532884,"Marvin Jones","CIN","WR",25,3,7,5.185,4.637,5.733,0.968736290225571,16,0.78,5,1.096,NA,12.6,1.6,4.10150611271065,NA,NA,NA
71255,"Chase Coffman","FA","TE",29,6,NA,4.82,4.82,4.82,NA,7,2.0675,4,0,NA,8.7,0.9,5.74200721160149,NA,NA,NA
2552415,"Jamison Crowder","WAS","WR",22,0,8,4.61,4.61,4.61,NA,17,0.5325,6,0,NA,19.8,2.6,8.01122651888091,NA,NA,NA
2495472,"Jordan Todman","PIT","RB",25,4,11,4.26,3.412,5.108,1.49906637611548,13,0.532500000000001,4,1.696,NA,13.6,4,7.30068964428714,NA,NA,NA
2543495,"Davante Adams","GB","WR",23,1,7,4.2,3.64,4.76,0.989949493661167,18,0.365,6,1.12,NA,17,2.5,5.55183006278073,NA,NA,NA
2507763,"Mike Wallace","MIN","WR",29,6,5,3.955,3.919,3.991,0.0636396103067889,19,0.26,6,0.0719999999999996,NA,19.1,1.4,2.9255280560994,NA,NA,NA
2543715,"Jerick McKinnon","MIN","RB",23,1,5,3.755,2.999,4.511,1.33643181644257,14,0.205,4,1.512,NA,14.5,2.1,4.38840018675265,NA,NA,NA
2550272,"Albert Wilson","KC","WR",23,1,9,3.715,3.543,3.887,0.304055915910216,20,0.42,6,0.344000000000001,NA,21.2,3.4,6.33172167346503,NA,NA,NA
2534770,"Jonathan Grimes","HOU","RB",26,3,9,3.7,2.9,4.5,1.4142135623731,15,0.3225,4,1.6,NA,15.3,1.9,4.23116789687248,NA,NA,NA
2552463,"Jaelen Strong","HOU","WR",21,0,9,3.675,2.735,4.615,1.66170093578839,21,0.775,6,1.88,NA,19.9,2.4,6.02982845409851,NA,NA,NA
2534796,"Bryce Brown","SEA","RB",24,3,9,3.4,2.44,4.36,1.69705627484771,16,0.5825,4,1.92,NA,14.4,1.7,4.39659363371005,NA,NA,NA
2507141,"Pierre Thomas","WAS","RB",31,8,8,3.355,1.631,5.079,3.04763022691402,17,1.17,4,3.448,NA,15.1,2.5,7.64016542352972,NA,NA,NA
2532978,"Jarius Wright","MIN","WR",26,3,5,2.915,2.687,3.143,0.403050865276332,22,0.172499999999999,7,0.456,NA,22.8,1.1,2.77059858570841,NA,NA,NA
2533040,"Mohamed Sanu","CIN","WR",26,3,7,2.885,2.577,3.193,0.544472221513642,23,0.445,7,0.615999999999999,NA,20.4,1.3,3.22250971578301,NA,NA,NA
2541316,"Ryan Griffin","HOU","TE",25,2,9,2.865,2.757,2.973,0.190918830920368,8,0.595,4,0.215999999999999,NA,8,0.5,2.41609742556318,NA,NA,NA
2506386,"Mike Nugent","CIN","K",33,10,7,2.7,2.46,2.94,0.424264068711929,1,0.0500000000000003,1,0.48,NA,6.2,1.6,8.23926266034893,NA,NA,NA
2507374,"Steven Hauschka","SEA","K",NA,NA,9,2.65,2.37,2.93,0.494974746830583,2,0.25,1,0.56,NA,2,1.1,5.72499475782648,NA,NA,NA
2539227,"Dustin Hopkins","WAS","K",25,2,8,2.65,2.37,2.93,0.494974746830583,2,0.575,1,0.56,NA,5.3,1.2,6.30672508293149,NA,NA,NA
2536071,"Cooper Helfet","SEA","TE",26,4,9,2.64,2.64,2.64,NA,9,0.77,4,0,NA,7,0.6,3.71682963407262,NA,NA,NA
2541147,"Charles Johnson","MIN","WR",26,2,5,2.6,2.6,2.6,NA,24,0.395,7,0,NA,26,3,9.28252516767069,NA,NA,NA
2495802,"Jason Avant","KC","WR",32,9,9,2.28,2.28,2.28,NA,25,0.34,7,0,NA,NA,NA,NA,NA,NA,NA
2533037,"Chris Polk","HOU","RB",26,3,9,2.28,1.416,3.144,1.52735064736294,18,0.214999999999999,5,1.728,NA,14.2,1.5,3.84994648399812,NA,NA,NA
2507232,"Mason Crosby","GB","K",31,8,7,2.15,2.03,2.27,0.212132034355964,4,0.175,2,0.24,NA,4.6,1.5,6.47438116623615,NA,NA,NA
2495341,"Cecil Shorts","HOU","WR",28,4,9,2.13,0.986,3.274,2.02232539419353,26,0.44,7,2.288,NA,19.3,2.9,7.16631060267888,NA,NA,NA
2506147,"John Kuhn","GB","RB",33,9,7,2.09,2.09,2.09,NA,19,0.21,5,0,NA,19,1.6,3.57214797862008,NA,NA,NA
2539303,"Zach Line","MIN","RB",25,2,5,2.04,2.04,2.04,NA,20,0.48,5,0,NA,NA,NA,NA,NA,NA,NA
2550636,"Cairo Santos","KC","K",24,1,9,2,2,2,0,5,0.05,2,0,NA,1.9,1.1,2.96430869680833,NA,NA,NA
2506194,"Nick Novak","HOU","K",NA,NA,9,1.95,1.91,1.99,0.0707106781186548,6,0.0250000000000001,3,0.0800000000000001,NA,7.6,1.2,3.94042274491593,NA,NA,NA
2532968,"Blair Walsh","MIN","K",25,3,5,1.95,1.91,1.99,0.0707106781186548,6,0.05,3,0.0800000000000001,NA,5.6,1.2,3.94042274491593,NA,NA,NA
2552633,"Jesse James","PIT","TE",21,0,11,1.9,1.9,1.9,NA,10,0.11,4,0,NA,NA,NA,NA,NA,NA,NA
2550545,"Chris Boswell","PIT","K",26,1,11,1.9,1.9,1.9,NA,8,NA,3,0,NA,3,1,2.40948214601675,NA,NA,NA
2543721,"C.J. Fiedorowicz","HOU","TE",24,1,9,1.84,1.84,1.84,NA,11,0.935,0,0,NA,10,1.4,9.11730317414961,NA,NA,NA
2543774,"Jared Abbrederis","GB","WR",25,1,7,1.75,1.75,1.75,NA,27,0.32,8,0,NA,NA,NA,NA,NA,NA,NA
2552586,"Tyler Kroft","CIN","TE",23,0,7,1.74,1.74,1.74,NA,12,1.68,0,0,NA,10.5,0.9,5.74200721160149,NA,NA,NA
163982,"Will Johnson","PIT","RB",26,4,11,1.72,1.72,1.72,NA,21,0.435,0,0,NA,21,1.4,3.01290834410834,NA,NA,NA
2543750,"Jeff Janis","GB","WR",24,1,7,1.63,1.63,1.63,NA,28,0.43,8,0,NA,NA,NA,NA,NA,NA,NA
2495258,"Matt Asiata","MIN","RB",28,4,5,1.4,1.4,1.4,NA,22,0.37,0,0,NA,19,1,1.89442907508486,NA,NA,NA
80427,"Darrius Heyward-Bey","PIT","WR",28,6,11,1.23,1.23,1.23,NA,29,0.58,8,0,NA,25.7,0.9,2.60820726152432,NA,NA,NA
2507737,"Darrel Young","WAS","RB",28,6,8,1.17,1.17,1.17,NA,23,0.44,6,0,NA,NA,NA,NA,NA,NA,NA
2552652,"Chris Conley","KC","WR",23,0,9,1.17,0.906,1.434,0.466690475583121,30,1.05,8,0.528,NA,26.5,0.5,1.87746350966079,NA,NA,NA
2506871,"Fred Jackson","SEA","RB",34,9,9,0.89,0.402,1.378,0.862670273047588,24,0.355,6,0.976,NA,17,1.6,2.94389934050646,NA,NA,NA
2495340,"Anthony Sherman","KC","RB",27,4,9,0.57,0.57,0.57,NA,25,0.105,6,0,NA,NA,NA,NA,NA,NA,NA
2534871,"Derrick Coleman","SEA","RB",25,3,9,0.5,0.5,0.5,NA,26,0.23,6,0,NA,NA,NA,NA,NA,NA,NA
2543695,"Jay Prosch","HOU","RB",23,1,9,0.43,0.43,0.43,NA,27,0.325,6,0,NA,NA,NA,NA,NA,NA,NA
2532970,"Brandon Weeden","HOU","QB",32,3,9,0.188,0.188,0.188,NA,9,0.099,3,0,NA,NA,NA,NA,NA,NA,NA
2495192,"Greg Little","FA","WR",26,4,NA,0.13,0.13,0.13,NA,31,0.04,8,0,NA,NA,NA,NA,NA,NA,NA
497123,"Colt McCoy","WAS","QB",29,5,8,0.118,0.118,0.118,NA,10,0.062,0,0,NA,NA,NA,NA,NA,NA,NA
2543759,"Ryan Grant","WAS","WR",25,1,8,0.11,0.11,0.11,NA,32,0.04,8,0,NA,NA,NA,NA,NA,NA,NA
2553511,"John Crockett","GB","RB",23,0,7,0.11,0.11,0.11,NA,28,0.015,6,0,NA,NA,NA,NA,NA,NA,NA
2540178,"Knile Davis","KC","RB",24,2,9,0.1,0.1,0.1,NA,29,0.02,0,0,NA,NA,NA,NA,NA,NA,NA
2553660,"Akeem Hunt","NYG","RB",22,0,11,0.09,0.09,0.09,NA,30,0.04,0,0,NA,NA,NA,NA,NA,NA,NA
2532926,"Isaiah Pead","FA","RB",26,3,NA,0.07,0.07,0.07,NA,31,0.045,0,0,NA,NA,NA,NA,NA,NA,NA
81306,"Brandon Tate","CIN","WR",28,6,7,0.07,0.07,0.07,NA,33,0.00499999999999999,0,0,NA,NA,NA,NA,NA,NA,NA
497234,"Garrett Graham","HOU","TE",29,5,9,0.07,0.07,0.07,NA,13,0.025,0,0,NA,NA,NA,NA,NA,NA,NA
2552650,"Mario Alford","CIN","WR",NA,NA,7,0.07,0.07,0.07,NA,33,0.015,8,0,NA,NA,NA,NA,NA,NA,NA
2504833,"Shaun Hill","MIN","QB",NA,NA,5,0.06,0.06,0.06,NA,11,0.011,0,0,NA,NA,NA,NA,NA,NA,NA
2540145,"Cordarrelle Patterson","MIN","WR",24,2,5,0.06,0.06,0.06,NA,36,0.01,0,0,NA,NA,NA,NA,NA,NA,NA
2539287,"Landry Jones","PIT","QB",26,2,11,0.052,0.052,0.052,NA,12,0.00899999999999999,0,0,NA,NA,NA,NA,NA,NA,NA
2541187,"Demetrius Harris","KC","TE",24,2,9,0.05,0.05,0.05,NA,14,0.01,0,0,NA,NA,NA,NA,NA,NA,NA
2541785,"Adam Thielen","MIN","WR",25,1,5,0.05,0.05,0.05,NA,37,0.02,0,0,NA,24,0.8,2.29038259932688,NA,NA,NA
2552420,"Keith Mumphery","HOU","WR",23,0,9,0.05,0.05,0.05,NA,37,0.045,0,0,NA,NA,NA,NA,NA,NA,NA
2495425,"Scott Tolzien","GB","QB",28,4,7,0.046,0.046,0.046,NA,13,0.025,0,0,NA,NA,NA,NA,NA,NA,NA
81284,"Chase Daniel","KC","QB",29,6,9,0.04,0.04,0.04,NA,14,0.039,0,0,NA,NA,NA,NA,NA,NA,NA
2507182,"Matt Spaeth","PIT","TE",31,8,11,0.04,0.04,0.04,NA,15,0,0,0,NA,NA,NA,NA,NA,NA,NA
2552401,"MyCole Pruitt","MIN","TE",23,0,5,0.04,0.04,0.04,NA,15,0.02,0,0,NA,NA,NA,NA,NA,NA,NA
2552559,"C.J. Uzomah","CIN","TE",22,0,7,0.04,0.04,0.04,NA,15,0.04,0,0,NA,NA,NA,NA,NA,NA,NA
2539265,"Rex Burkhead","CIN","RB",25,2,7,0.03,0.03,0.03,NA,32,0.015,0,0,NA,NA,NA,NA,NA,NA,NA
2552477,"Aaron Ripkowski","GB","RB",NA,NA,7,0.02,0.02,0.02,NA,33,0.015,0,0,NA,NA,NA,NA,NA,NA,NA
2527672,"Will Tukuafu","SEA","RB",31,5,9,0.01,0.01,0.01,NA,34,0.01,0,0,NA,NA,NA,NA,NA,NA,NA
2541828,"Frankie Hammond","KC","WR",NA,NA,9,0.01,0.01,0.01,NA,39,0.01,0,0,NA,NA,NA,NA,NA,NA,NA
2495863,"Tarvaris Jackson","SEA","QB",32,9,9,0.002,0.002,0.002,NA,15,0.002,0,0,NA,NA,NA,NA,NA,NA,NA
79629,"Cedric Peerman","CIN","RB",29,6,7,0,0,0,NA,35,0,0,0,NA,NA,NA,NA,NA,NA,NA
2504531,"Michael Vick","PIT","QB",35,14,11,0,0,0,NA,16,0,0,0,NA,NA,NA,NA,NA,NA,NA
2506410,"Alex Smith","WAS","TE",33,10,8,0,0,0,NA,18,0,0,0,NA,NA,NA,NA,NA,NA,NA
2533033,"Robert Griffin","WAS","QB",25,3,8,0,0,0,NA,16,0,0,0,NA,NA,NA,NA,NA,NA,NA
2535716,"Saalim Hakim","FA","WR",25,3,NA,0,0,0,NA,40,0,0,0,NA,NA,NA,NA,NA,NA,NA
2541429,"B.J. Daniels","FA","WR",26,2,NA,0,0,0,NA,40,0,0,0,NA,NA,NA,NA,NA,NA,NA
2543587,"Aaron Murray","KC","QB",25,1,9,0,0,0,NA,16,0,0,0,NA,NA,NA,NA,NA,NA,NA
2543596,"Dri Archer","FA","RB",24,1,NA,0,0,0,NA,35,NA,0,0,NA,NA,NA,NA,NA,NA,NA
2543784,"Keith Wenning","CIN","QB",24,1,7,0,0,0,NA,16,0,0,0,NA,NA,NA,NA,NA,NA,NA
2550356,"Marcel Jensen","FA","TE",25,1,NA,0,0,0,NA,18,0,0,0,NA,NA,NA,NA,NA,NA,NA
2552470,"Sammie Coates","PIT","WR",22,0,11,0,0,0,NA,40,NA,0,0,NA,NA,NA,NA,NA,NA,NA
2552588,"Brett Hundley","GB","QB",22,0,7,0,0,0,NA,16,NA,0,0,NA,NA,NA,NA,NA,NA,NA
2553292,"Kennard Backman","GB","TE",22,0,7,0,0,0,NA,18,NA,0,0,NA,NA,NA,NA,NA,NA,NA
