"playerId","player","team","position","age","exp","bye","points","lower","upper","sdPts","positionRank","dropoff","tier","ptSpread","overallECR","positionECR","sdRank","risk","sleeper","actualPoints","salary"
2506363,"Aaron Rodgers","GB","QB",33,11,4,19.32,15.396,22.244,4.36673791290478,1,0.448333333333334,1,6.848,NA,2.1,1.4,7.04769255032653,NA,13.86,NA
2543499,"Derek Carr","OAK","QB",25,2,10,19.03,17.74,20.884,1.99682247583505,2,0.648333333333333,1,3.144,NA,5.6,2,5.54356483834997,NA,18.98,NA
2504211,"Tom Brady","NE","QB",39,16,9,18.7133333333333,17.804,19.196,0.998866023715559,3,0.989999999999995,1,1.392,NA,2.3,1.4,3.79776780202555,NA,29.64,NA
2533031,"Andrew Luck","IND","QB",27,4,10,18.05,17.57,18.69,0.705336798983293,4,0.930000000000003,1,1.12,NA,NA,NA,4.61161164932291,NA,22.18,NA
2506109,"Ben Roethlisberger","PIT","QB",34,12,8,17.3966666666667,17.614,19.006,0.871913604282748,5,0.912500000000001,1,1.392,NA,2.4,1,3.15340122808641,NA,28.2,NA
382,"Joe Flacco","BAL","QB",31,8,8,16.8433333333333,16.178,18.21,1.28881082139053,6,0.830833333333331,1,2.032,NA,11.8,2.9,6.0345340746023,NA,13,NA
2553435,"David Johnson","ARI","RB",25,1,9,16.7766666666667,15.324,17.86,1.77528401483631,1,0.426666666666666,1,2.536,NA,1.7,1.1,3.63394572084055,NA,30.5,NA
2540269,"C.J. Anderson","DEN","RB",25,3,11,16.5533333333333,13.348,16.5,2.04805598881801,2,1.28666666666667,1,3.152,NA,4.3,1.5,4.03786109219022,NA,6.2,NA
2540175,"LeVeon Bell","PIT","RB",24,3,8,16.1466666666667,14.312,17,1.72526326493476,3,1.89,1,2.688,NA,2.1,1.3,3.69514900991808,NA,15.4,NA
2555316,"Paxton Lynch","DEN","QB",22,0,11,16.125,15.443,16.507,0.94045201897811,7,0.268333333333334,1,1.064,NA,20.2,4.6,7.91628104248817,NA,11.72,NA
2553457,"Trevor Siemian","DEN","QB",NA,NA,11,15.9,15.9,15.9,NA,8,0.136666666666668,1,0,NA,NA,NA,NA,NA,NA,NA
2532956,"Ryan Tannehill","MIA","QB",28,4,8,15.8133333333333,14.832,16.8,1.300205112024,9,0.176666666666666,1,1.968,NA,17.6,3.3,6.56738951183286,NA,1.64,NA
2506121,"Philip Rivers","SD","QB",35,12,11,15.7133333333333,10.738,20.858,6.33561625521411,10,0.166666666666666,1,10.12,NA,5.4,1.5,9.07808332565497,NA,24.36,NA
79860,"Matthew Stafford","DET","QB",28,7,10,15.56,13.672,18.424,3.4122719704033,11,0.818333333333332,1,4.752,NA,12.4,3,8.21409397087622,NA,17.8,NA
2506546,"Derek Anderson","CAR","QB",33,11,7,15.5333333333333,12.72,18.48,3.64600237703342,12,1.71833333333333,1,5.76,NA,19.4,4.3,10.1356844570638,NA,2.52,NA
2508061,"Antonio Brown","PIT","WR",28,6,8,14.85,13.08,16.24,2.13950928953347,1,1.225,1,3.16,NA,1.1,0.6,3.01060971628046,NA,13.8,NA
2555418,"Jordan Howard","CHI","RB",22,0,9,14.3866666666667,12.238,16.55,2.69518706833743,4,0.265000000000002,2,4.312,NA,8.9,1.7,4.62547875192162,NA,22.3,NA
100020,"Vikings","MIN","DST",NA,NA,6,14.25,12.85,15.65,2.47487373415292,1,0.25,1,2.8,NA,2.1,2.4,5.33505496658878,NA,10,NA
2543715,"Jerick McKinnon","MIN","RB",24,2,6,14.1266666666667,11.114,17.25,3.84247749939194,5,0.0600000000000005,2,6.136,NA,16.5,3.9,6.58049917141791,NA,4.6,NA
2552475,"Todd Gurley","LA","RB",22,1,8,14.1166666666667,12.1,15.98,2.54280029363954,6,0.18,2,3.88,NA,8,2.9,5.10425418787636,NA,13.8,NA
100021,"Patriots","NE","DST",NA,NA,9,14.05,12.49,15.61,2.75771644662754,2,1.275,1,3.12,NA,3,1.7,4.25670679047059,NA,10,NA
2543743,"Carlos Hyde","SF","RB",25,2,8,14.0166666666667,10.96,14.04,2.14145589105481,7,0.244999999999999,2,3.08,NA,12.6,2.8,4.75171509381812,NA,17.4,NA
100026,"Cardinals","ARI","DST",NA,NA,9,13.95,12.31,15.59,2.89913780286484,3,2.375,1,3.28,NA,3.5,1.7,4.53142556828539,NA,15,NA
2495143,"Andy Dalton","CIN","QB",29,5,9,13.95,13.332,16.004,1.76510622909784,13,0.313333333333334,2,2.672,NA,10.1,2.6,6.10275387181283,NA,22.16,NA
1032,"Jordy Nelson","GB","WR",31,8,4,13.9066666666667,13.244,14.444,0.797579672091343,2,0.751666666666665,1,1.2,NA,5,2.1,2.57534620521222,NA,9.8,NA
2552469,"Melvin Gordon","SD","RB",23,1,11,13.8566666666667,12.896,15,1.39665075567707,8,0.248333333333333,2,2.104,NA,5.5,2.2,3.89239725099566,NA,11.7,NA
2550189,"Isaiah Crowell","CLE","RB",23,2,13,13.6866666666667,10.228,14.42,2.71303028610691,9,0.336666666666666,2,4.192,NA,16.7,3.5,5.52971444116953,NA,4,NA
2495240,"Tyrod Taylor","BUF","QB",27,5,10,13.68,11.74,15.692,2.47491413992486,14,0.143333333333333,2,3.952,NA,18.9,2.8,7.04863350477273,NA,15.76,NA
2505996,"Eli Manning","NYG","QB",35,12,8,13.5933333333333,12.372,15.764,2.43082976231026,15,0.123333333333333,2,3.392,NA,8.2,2.5,6.61469787610084,NA,9.06,NA
497149,"LeGarrette Blount","NE","RB",30,6,9,13.53,13.14,13.852,0.468721665810318,10,0.390000000000001,2,0.711999999999998,NA,NA,NA,3.55132931547488,NA,9.7,NA
2552033,"Jameis Winston","TB","QB",22,1,6,13.48,11.29,14.914,2.29004366770592,16,0.0483333333333338,2,3.624,NA,13.8,3.5,7.78349276164647,NA,13.36,NA
2532820,"Kirk Cousins","WAS","QB",28,4,9,13.46,11.568,15.712,2.70473658606527,17,0.291666666666668,2,4.144,NA,12.7,3,7.53133737219443,NA,11.3,NA
2555259,"Carson Wentz","PHI","QB",24,0,4,13.4033333333333,12.268,14.804,1.59129925951511,18,0.593333333333332,2,2.536,NA,8.6,2.9,6.32642898434979,NA,15.92,NA
2495450,"A.J. Green","CIN","WR",28,5,9,13.3433333333333,8.646,14.966,3.95330663284969,3,0.379999999999999,1,6.32,NA,2.7,1.3,4.74348603252552,NA,5,NA
2506404,"Frank Gore","IND","RB",33,11,10,13.17,11.868,14.02,1.4514475533067,11,0.0999999999999996,2,2.152,NA,NA,NA,5.0354279228653,NA,7.9,NA
2495207,"DeMarco Murray","TEN","RB",28,5,13,13.11,7.606,15.046,4.71776430102225,12,0.0883333333333365,2,7.44,NA,3.7,1.5,6.05373878437909,NA,13.7,NA
79607,"LeSean McCoy","BUF","RB",28,7,10,13.03,8.878,14.638,3.60204108804994,13,0.123333333333333,2,5.76,NA,NA,NA,8.28322358041791,NA,15.8,NA
2555224,"Ezekiel Elliott","DAL","RB",21,0,7,13.0133333333333,9.128,14.008,3.11424683243531,14,0.274999999999999,2,4.88,NA,5.2,2,5.09036818933754,NA,29.1,NA
2495454,"Julio Jones","ATL","WR",27,5,11,12.9666666666667,9.62,16.26,4.18608807042247,4,0.0333333333333332,1,6.64,NA,6.9,3.6,5.89336452225543,NA,2.9,NA
2532865,"T.Y. Hilton","IND","WR",27,4,10,12.96,11.304,14.6,2.06029124154815,5,0.0616666666666674,1,3.296,NA,8.2,3,3.95490221226624,NA,23.1,NA
2555260,"Dak Prescott","DAL","QB",23,0,7,12.9333333333333,11.648,14.224,1.66425158354539,19,0.423333333333332,3,2.576,NA,16.7,3,6.52729147282995,NA,16.48,NA
2543496,"Odell Beckham","NYG","WR",24,2,8,12.9066666666667,10.616,14.84,2.75102405175479,6,0.0683333333333316,1,4.224,NA,3.3,2,4.08330742770879,NA,11.6,NA
2543488,"Jarvis Landry","MIA","WR",24,2,8,12.89,10.636,14.9,2.83307253701701,7,0.290000000000003,1,4.264,NA,13.7,3.1,4.61001621698673,NA,2.8,NA
2540168,"Eddie Lacy","GB","RB",25,3,4,12.8,10.66,12.34,1.13578166916005,15,0.389999999999999,3,1.68,NA,14.2,3.3,4.23977166740141,NA,8.4,NA
2495893,"Brandon Marshall","NYJ","WR",32,10,11,12.7866666666667,10.448,15.2,2.9823704218848,8,0.46833333333333,1,4.752,NA,NA,NA,7.23523423012956,NA,17.4,NA
81294,"Brian Hoyer","CHI","QB",31,7,9,12.6866666666667,9.896,16.744,4.51682779540391,20,0.621666666666666,3,6.848,NA,13.9,3.2,9.54089694588217,NA,23.78,NA
2543583,"Devonta Freeman","ATL","RB",24,2,11,12.6766666666667,9.306,14.106,3.32169133625226,16,0.776666666666667,3,4.8,NA,15,3.7,6.08828365629051,NA,18.3,NA
2543471,"Kelvin Benjamin","CAR","WR",25,2,7,12.4133333333333,10.712,14.36,2.34105389372678,9,0.258333333333333,2,3.648,NA,9.9,4.5,4.8071349939042,NA,7,NA
497095,"Sam Bradford","MIN","QB",29,6,6,12.3333333333333,11.564,13.276,1.13390181820709,21,0.588333333333333,3,1.712,NA,22.9,2,4.71086475553286,NA,18.64,NA
71269,"Michael Crabtree","OAK","WR",29,7,10,12.2233333333333,10.756,13.66,1.81621401088455,10,0.153333333333334,2,2.904,NA,14.8,2.9,3.71927903530112,NA,10.7,NA
2543664,"Terrance West","BAL","RB",25,2,8,12.1433333333333,10.264,13.6,2.27697899272991,17,0.604999999999999,3,3.336,NA,16.5,4.2,5.54686282285736,NA,8.9,NA
497328,"Demaryius Thomas","DEN","WR",29,6,11,12.0866666666667,7.652,13.492,3.6505524696042,11,0.0833333333333321,2,5.84,NA,NA,NA,8.29554853050226,NA,10.9,NA
2543468,"Mike Evans","TB","WR",23,2,6,12.0533333333333,10.768,13.76,2.08063291652644,12,0.153333333333332,2,2.992,NA,5.4,1.8,3.46746862921254,NA,14.9,NA
497322,"Emmanuel Sanders","DEN","WR",29,6,11,11.9533333333333,11.068,12.78,1.20769753387731,13,0.136666666666665,2,1.712,NA,15.7,3.2,3.36235580070741,NA,8,NA
2532884,"Marvin Jones","DET","WR",26,4,10,11.8466666666667,6.968,14.648,4.93158527588577,14,0.0949999999999989,2,7.68,NA,NA,NA,10.3283738785986,NA,9.7,NA
2533436,"Brock Osweiler","HOU","QB",26,4,9,11.7966666666667,9.712,14.68,3.22273693207083,22,0.191666666666666,3,4.968,NA,24.4,2,6.72654621700917,NA,8.36,NA
2543500,"Jordan Matthews","PHI","WR",24,2,4,11.7866666666667,9.888,13.6,2.32734469585692,15,0.0750000000000028,2,3.712,NA,15,4.8,4.92215100564891,NA,6.5,NA
2552487,"Amari Cooper","OAK","WR",22,1,10,11.7166666666667,7.01,13.97,4.41427608259082,16,0.0950000000000006,2,6.96,NA,15.5,4,6.24227401241073,NA,19.8,NA
2555346,"Will Fuller","HOU","WR",22,0,9,11.7066666666667,10.176,12.96,1.84068827706739,17,0.291666666666668,2,2.784,NA,27.8,4.1,4.24227102901551,NA,0.4,NA
2495748,"Drew Stanton","ARI","QB",32,9,9,11.6933333333333,9.436,14.316,3.05092335749906,23,0.178333333333333,3,4.88,NA,24.3,2.2,6.82167986606492,NA,12.76,NA
2543603,"Jeremy Hill","CIN","RB",24,2,9,11.6566666666667,7.494,12.934,3.40905167654193,18,0.291666666666668,3,5.44,NA,NA,NA,7.9917737259831,NA,1.2,NA
100004,"Panthers","CAR","DST",NA,NA,7,11.6,10.26,12.34,1.83847763108502,4,0.0999999999999996,2,2.08,NA,5.7,2.7,4.79644292288552,NA,6,NA
100029,"49ers","SF","DST",NA,NA,8,11.55,10.35,11.55,1.06066017177982,5,0.125,2,1.2,NA,15.8,4.5,7.47122438368415,NA,1,NA
2540165,"DeAndre Hopkins","HOU","WR",24,3,9,11.5366666666667,7.482,13.082,3.55612616949024,18,0.313333333333333,2,5.6,NA,17.4,4.4,5.72924801572431,NA,11.6,NA
310,"Matt Ryan","ATL","QB",31,8,11,11.5166666666667,10.146,12.978,1.78085185608835,24,0.256666666666666,3,2.832,NA,15,3.8,7.68352863427266,NA,14.98,NA
2506581,"Ryan Fitzpatrick","NYJ","QB",34,11,11,11.5133333333333,10.308,12.308,1.3306138934091,25,0.773333333333333,4,2,NA,17.4,3.9,7.37952362280248,NA,15.1,NA
100009,"Broncos","DEN","DST",NA,NA,11,11.45,8.41,11.69,2.89913780286484,6,0.375,2,3.28,NA,3.9,2.7,6.85683375649652,NA,4,NA
2540020,"Theo Riddick","DET","RB",25,3,10,11.42,7.102,16.262,5.8363258990567,19,0.42,3,9.16,NA,22.6,3.5,7.88809266678865,NA,20.2,NA
100025,"Eagles","PHI","DST",NA,NA,4,11.4,10.38,11.82,1.27279220613579,7,0.700000000000001,2,1.44,NA,7.7,2.8,3.93010863044743,NA,6,NA
2556885,"Jalen Richard","OAK","RB",23,0,10,11.31,5.386,18.746,8.81993764150292,20,0.836666666666666,3,13.36,NA,36.2,7.4,12.0709818049483,NA,9.7,NA
2555295,"Sterling Shepard","NYG","WR",NA,0,8,11.2933333333333,10.024,12.68,1.6793252613277,19,0.178333333333331,2,2.656,NA,25.3,4,4.07227597332906,NA,1.4,NA
2540160,"Jordan Reed","WAS","TE",26,3,9,11.21,8.904,13.04,2.78285824288626,1,0.518333333333331,1,4.136,NA,2,1.3,4.87968932643081,NA,5.3,NA
2533039,"Alshon Jeffery","CHI","WR",26,4,9,11.1533333333333,7.052,13.532,4.47331346244966,20,0.235000000000001,2,6.48,NA,NA,NA,9.60115865498922,NA,7.7,NA
2495700,"Greg Olsen","CAR","TE",31,9,7,11.0833333333333,9.64,12.16,1.76375546302012,2,1.115,1,2.52,NA,1.7,1.2,3.85024739492545,NA,18.1,NA
2552409,"DeVante Parker","MIA","WR",23,1,8,11.0766666666667,6.406,12.726,3.95027003296399,21,0.396666666666668,2,6.32,NA,30.3,5.2,6.377689995911,NA,7,NA
2552466,"Marcus Mariota","TEN","QB",23,1,13,11.0066666666667,9.544,12.552,1.97710225667094,26,0.843333333333334,4,3.008,NA,20.4,3.3,7.22058086079833,NA,30.52,NA
2506922,"Stephen Gostkowski","NE","K",32,10,9,10.8888888888889,9.73333333333333,12.4,1.83585684909537,1,0.559722222222222,1,2.66666666666667,NA,1.3,0.8,1.73194841756941,NA,7,NA
238498,"Julian Edelman","NE","WR",30,7,9,10.76,5.976,13.416,4.76096628847548,22,0.324999999999998,2,7.44,NA,NA,NA,10.057624682502,NA,3.5,NA
100003,"Bills","BUF","DST",NA,NA,10,10.75,10.03,10.27,0.212132034355965,8,0.175000000000001,2,0.239999999999998,NA,7.6,2.8,1.86971779683643,NA,20,NA
2552635,"Matt Jones","WAS","RB",24,1,9,10.69,7.554,12.034,2.93603474093887,21,0.731666666666666,3,4.48,NA,21.7,2.6,5.25272231194541,NA,2.6,NA
100002,"Ravens","BAL","DST",NA,NA,8,10.65,8.49,10.81,2.05060966544099,9,0.200000000000001,2,2.32,NA,13.7,2.8,5.44106190842884,NA,9,NA
2531332,"Terrelle Pryor","CLE","WR",27,5,13,10.6,10.6,10.6,NA,23,0.361666666666666,2,0,NA,NA,NA,NA,NA,4.8,NA
100019,"Dolphins","MIA","DST",NA,NA,8,10.5,8.28,10.52,1.97989898732233,10,0.125,2,2.24,NA,12.7,3.4,6.69894743244811,NA,0,NA
2555387,"Cody Kessler","CLE","QB",23,0,13,10.4733333333333,9.352,11.944,1.70848861082927,27,0.959999999999999,4,2.592,NA,26.7,1.5,4.61300355427028,NA,6.48,NA
2539227,"Dustin Hopkins","WAS","K",26,3,9,10.425,7.32,13.9,4.18979414768793,2,0.325000000000001,1,6.58,NA,13.5,3.4,8.88298479148792,NA,4,NA
100031,"Buccaneers","TB","DST",NA,NA,6,10.4,9.12,11.68,2.26274169979695,11,0.125000000000002,2,2.56,NA,20.5,4.4,9.57379317628884,NA,12,NA
100014,"Colts","IND","DST",NA,NA,10,10.35,10.07,10.63,0.494974746830583,12,0.174999999999999,2,0.559999999999999,NA,18.7,2.8,2.41915535246602,NA,2,NA
2495438,"Kyle Rudolph","MIN","TE",27,5,6,10.3,8.76,11.72,1.86815416922694,3,1.01166666666667,1,2.96,NA,NA,NA,6.43805502871606,NA,1.5,NA
2507763,"Mike Wallace","BAL","WR",30,7,8,10.27,7.808,12.92,3.22082287622278,24,0.110000000000001,2,5.112,NA,32.3,3.7,5.16945648201218,NA,6.3,NA
234,"Matt Forte","NYJ","RB",31,8,11,10.2566666666667,8.34,11.436,1.93975084310675,22,0.690000000000001,3,3.096,NA,NA,NA,5.77285658084301,NA,6,NA
2532968,"Blair Walsh","MIN","K",26,4,6,10.2333333333333,9.04,11.84,1.96553639837408,3,0.483333333333336,1,2.8,NA,12.2,3.3,6.17516845191453,NA,7,NA
2552470,"Sammie Coates","PIT","WR",23,1,8,10.2066666666667,8.416,11.6,2.16797908969006,25,0.103333333333333,2,3.184,NA,36.2,7.4,5.8867807356084,NA,25.9,NA
100011,"Packers","GB","DST",NA,NA,4,10.2,8.24,10.16,1.69705627484771,13,1.325,3,1.92,NA,11.2,2.8,4.75426496389183,NA,10,NA
100027,"Steelers","PIT","DST",NA,NA,8,10.15,7.39,10.51,2.75771644662754,14,2.6,3,3.12,NA,9.1,3.1,7.51227825396618,NA,7,NA
1581,"DeSean Jackson","WAS","WR",30,8,9,10.1133333333333,5.668,12.628,4.58503362401339,26,0.221666666666668,2,6.96,NA,24.2,4,6.37775854367344,NA,3.5,NA
2506106,"Larry Fitzgerald","ARI","WR",33,12,9,10.0933333333333,6.596,11.956,3.73739659834668,27,0.756666666666668,3,5.36,NA,22.7,6.3,6.67039823832529,NA,20.1,NA
2504257,"Sebastian Janikowski","OAK","K",38,16,10,9.96666666666667,8.52,11.5333333333333,1.90116923087989,4,0.627777777777778,1,3.01333333333333,NA,14.4,4.1,7.47629663378407,NA,17,NA
2495441,"Blaine Gabbert","SF","QB",27,5,8,9.85333333333334,8.856,10.632,1.11073549206521,28,4.22516666666667,5,1.776,NA,26.2,1.6,4.16664955439338,NA,17.48,NA
2553913,"Tyrell Williams","SD","WR",NA,NA,11,9.69,6.094,11.694,3.91283784483845,28,0.738333333333332,3,5.6,NA,30.5,4.7,6.13816787475901,NA,17.7,NA
2495471,"Jacquizz Rodgers","TB","RB",26,5,6,9.66,6.516,12.756,3.90138436968213,23,0.341666666666669,3,6.24,NA,36.7,11.6,10.4354629409825,NA,12.9,NA
2495966,"Delanie Walker","TEN","TE",32,10,13,9.63666666666667,6.162,10.482,2.70074681029772,4,0.93,2,4.32,NA,5.2,2.2,5.31608143097175,NA,12.6,NA
2536340,"Justin Tucker","BAL","K",27,4,8,9.53333333333333,7.12,11.6533333333333,2.90363756538434,5,0.511111111111109,1,4.53333333333333,NA,3,2.7,6.21386289799571,NA,4,NA
497188,"Ryan Mathews","PHI","RB",29,6,4,9.47333333333333,5.504,10.864,3.38410007732238,24,0.401666666666666,4,5.36,NA,NA,NA,7.95409217701298,NA,10.5,NA
2532888,"Case Keenum","LA","QB",28,4,8,9.17333333333333,8.424,10.184,1.14023389413459,29,7.96083333333333,5,1.76,NA,26.2,1.7,4.32557993231887,NA,4.84,NA
2552582,"Jay Ajayi","MIA","RB",23,1,8,9.16333333333333,5.528,13.968,5.85107112701028,25,0.198333333333334,4,8.44,NA,32.8,6.1,9.18588348730948,NA,10.2,NA
2507463,"Connor Barth","CHI","K",30,8,9,9.14444444444444,7.14666666666667,11.3333333333333,2.64917876862777,6,0.377777777777776,1,4.18666666666667,NA,19.9,3.8,7.81370069746129,NA,12,NA
2543828,"Quincy Enunwa","NYJ","WR",24,2,11,8.98333333333333,4.65,11.61,4.60172069266849,29,0.110000000000001,3,6.96,NA,NA,NA,9.80492351658193,NA,5.1,NA
2533034,"Lamar Miller","HOU","RB",25,4,9,8.98,6.33,10.722,2.75494101570251,26,0.168333333333333,4,4.392,NA,12.2,3.4,5.51187413380114,NA,2.4,NA
2556411,"Josh Ferguson","IND","RB",23,0,10,8.95,4.38,13.82,8.34386001800126,27,0.423333333333332,4,9.44,NA,47.3,5.1,10.5733025856673,NA,1.3,NA
2550656,"Cameron Brate","TB","TE",25,2,6,8.94,7.116,10.38,2.2029071700823,5,0.731666666666667,2,3.264,NA,11.3,3.1,5.35585829056474,NA,3.8,NA
2552424,"Phillip Dorsett","IND","WR",23,1,10,8.92,7.052,10.812,2.35057439788661,30,0.130000000000001,3,3.76,NA,36.8,6.8,5.77987107070914,NA,2.6,NA
2503471,"Adam Vinatieri","IND","K",44,20,10,8.9,8.2,9.56,0.854400374531753,7,0.327777777777778,2,1.36,NA,4.7,2.4,3.36196816538611,NA,23,NA
2504595,"Steve Smith","BAL","WR",37,15,8,8.82666666666667,6.904,11.48,3.2683533060753,31,0.52,3,4.576,NA,22.8,9.4,7.59914193929049,NA,2.9,NA
2543847,"John Brown","ARI","WR",26,2,9,8.75333333333333,5.612,10.492,3.50464453737227,32,0.999999999999998,3,4.88,NA,31.5,4.7,5.81429416197365,NA,1.1,NA
2540037,"Fozzy Whittaker","CAR","RB",27,4,7,8.67333333333333,4.254,13.414,5.76711655277864,28,0.783333333333333,4,9.16,NA,30.9,3.8,7.98429358385492,NA,5.4,NA
2506386,"Mike Nugent","CIN","K",34,11,9,8.63333333333333,6.78,9.98,2.28108161479008,8,0.227777777777778,2,3.2,NA,12.2,3.5,6.87856855916305,NA,2,NA
2553648,"Andrew Franks","MIA","K",23,1,8,8.51111111111111,6.50666666666667,11.04,3.05238219052547,9,0.227777777777776,2,4.53333333333333,NA,19.5,3.2,7.24252804916657,NA,5,NA
2540158,"Zach Ertz","PHI","TE",26,3,4,8.47333333333333,5.084,9.884,3.13562327669211,6,0.675000000000001,2,4.8,NA,NA,NA,8.8564503230398,NA,3.7,NA
2555464,"DeAndre Washington","OAK","RB",23,0,10,8.38,7.34,9.372,1.37884009225145,29,1.28666666666667,4,2.032,NA,23.4,5.6,5.56149975156717,NA,5.2,NA
2507232,"Mason Crosby","GB","K",32,9,4,8.3,7.2,9.52,1.47309198626562,10,0.0833333333333339,2,2.32,NA,3.9,1.8,3.03648575865345,NA,12,NA
2550325,"Chandler Catanzaro","ARI","K",25,2,9,8.26666666666667,7.24,9,1.27017059221718,11,0.175000000000002,2,1.76,NA,8.9,3,4.8668988609089,NA,7,NA
2550545,"Chris Boswell","PIT","K",27,2,8,8.16666666666667,5.7,10.5,3.01385688667085,12,0.166666666666666,2,4.8,NA,10.2,3.2,7.19860317691493,NA,8,NA
71309,"Graham Gano","CAR","K",29,7,7,8.01666666666667,6.91,8.91,1.33260396717605,13,0.191666666666666,2,2,NA,5.9,3,4.93808267375192,NA,2,NA
2539637,"Caleb Sturgis","PHI","K",27,3,4,7.98333333333333,6.89,8.89,1.31370975992924,14,0.383333333333334,2,2,NA,15.4,4.5,7.49375936095338,NA,14,NA
238457,"Zach Miller","CHI","TE",32,7,9,7.94333333333333,3.386,10.586,4.73831545312607,7,0.406666666666667,2,7.2,NA,NA,NA,11.9144682225758,NA,7.3,NA
2495448,"Randall Cobb","GB","WR",26,5,4,7.86,5.596,10.076,2.80192790770926,33,0.241666666666667,3,4.48,NA,26.4,5.7,5.67638059833016,NA,10.8,NA
89802,"Ryan Succop","TEN","K",30,7,13,7.66666666666667,6.4,8.8,1.52752523165195,15,0.333333333333334,2,2.4,NA,23.1,3.4,5.84758181380582,NA,7,NA
1060,"Gary Barnidge","CLE","TE",31,8,13,7.65333333333333,5.412,10.132,2.99441702729151,8,0.710000000000001,2,4.72,NA,11.6,2.6,5.82501847847794,NA,7.6,NA
2507855,"Victor Cruz","NYG","WR",30,6,8,7.64666666666667,5.108,10.788,3.65547990465456,34,0.213333333333334,3,5.68,NA,40.3,5,6.05986512956829,NA,0,NA
100013,"Texans","HOU","DST",NA,NA,9,7.6,6.3,7.1,0.707106781186547,15,0.274999999999999,4,0.8,NA,12,3.2,3.76139679447268,NA,2,NA
2535698,"Cole Beasley","DAL","WR",27,4,7,7.59,5.914,9.834,2.57629579047127,35,0.331666666666667,3,3.92,NA,36.1,4.4,4.95181904531166,NA,11.3,NA
2541556,"Brandon McManus","DEN","K",25,2,11,7.53333333333333,6.4,8.48,1.36137185711081,16,0.4,3,2.08,NA,7.3,2.7,4.4554387601964,NA,12,NA
100005,"Bears","CHI","DST",NA,NA,9,7.5,6.18,7.62,1.27279220613579,16,0.55,4,1.44,NA,21.6,4.4,7.65076173158524,NA,5,NA
1062,"Martellus Bennett","NE","TE",29,8,9,7.42,6.312,8.472,1.35543350998859,9,1.01166666666667,2,2.16,NA,NA,NA,5.45975802541914,NA,24.7,NA
71345,"Rashad Jennings","NYG","RB",31,7,8,7.4,7.4,7.4,NA,30,0.646666666666667,4,0,NA,NA,NA,NA,NA,NA,NA
2540202,"Kenny Stills","MIA","WR",24,3,8,7.27666666666667,4.746,9.626,3.07516395226878,36,0.141666666666667,3,4.88,NA,50.4,5.9,5.97710376064665,NA,0,NA
2532841,"Michael Floyd","ARI","WR",27,4,9,7.24,4.344,10.744,4.21103312739285,37,0.295,3,6.4,NA,41,7,7.33994781523359,NA,0,NA
100001,"Falcons","ATL","DST",NA,NA,11,7.15,6.05,6.45,0.353553390593274,17,0.45,4,0.4,NA,23.6,3.6,4.00476312522013,NA,12,NA
2507225,"Nick Folk","NYJ","K",32,9,11,7.13333333333333,5.28,9.28,2.57940561628708,17,0.0333333333333332,3,4,NA,20.6,3.4,7.04688998003005,NA,8,NA
2534797,"Greg Zuerlein","LA","K",29,4,8,7.13333333333333,5.28,9.28,2.57940561628708,17,0.449999999999999,3,4,NA,22.9,3.4,7.04688998003005,NA,15,NA
2504797,"Matt Bryant","ATL","K",41,14,11,7.06666666666667,6.36,7.8,0.901849950564579,19,1.26666666666667,3,1.44,NA,NA,NA,4.03754139382848,NA,12,NA
2539205,"Terrance Williams","DAL","WR",27,3,7,7.03,4.598,10.038,3.4960978247183,38,0.321666666666665,3,5.44,NA,48.5,7.8,7.1084106758628,NA,7,NA
2505587,"Anquan Boldin","DET","WR",36,13,10,6.86,4.476,9.996,3.65113680926914,39,0.305000000000001,3,5.52,NA,48,6.1,6.51802805720183,NA,4.8,NA
2552461,"Duke Johnson","CLE","RB",23,1,13,6.78666666666667,5.462,8.222,1.85149489152234,31,0.0999999999999996,4,2.76,NA,27.8,3.4,4.82968841354708,NA,2.2,NA
100018,"Raiders","OAK","DST",NA,NA,10,6.75,6.09,6.81,0.636396103067893,18,0.25,4,0.720000000000001,NA,16.7,2.9,2.92641494910194,NA,10,NA
2540156,"Giovani Bernard","CIN","RB",25,3,9,6.72,5.62,7.748,1.50771350063598,32,0.348333333333333,4,2.128,NA,26.5,3.2,4.47112793862211,NA,9.6,NA
2552375,"Cameron Artis-Payne","CAR","RB",24,1,7,6.65333333333333,4.62,8.828,2.73185529143352,33,0.618333333333334,4,4.208,NA,31.8,4,5.79136306912789,NA,20.5,NA
100010,"Lions","DET","DST",NA,NA,10,6.65,4.27,6.43,1.90918830920368,19,0.425,4,2.16,NA,20.4,3.7,7.25921050000405,NA,7,NA
2543495,"Davante Adams","GB","WR",24,2,4,6.55666666666667,4.094,9.774,3.74761702063236,40,0.0533333333333337,3,5.68,NA,54.1,7.2,7.05618744262808,NA,14.5,NA
2495459,"Torrey Smith","SF","WR",27,5,8,6.55333333333333,3.832,9.032,3.29219278495858,41,0.166666666666666,3,5.2,NA,57.9,7.5,6.82073252143489,NA,0,NA
497240,"Rob Gronkowski","NE","TE",27,6,9,6.46666666666667,3.5,8.38,3.06648550189518,10,0.236666666666667,2,4.88,NA,NA,NA,8.7245319447187,NA,10.9,NA
2506400,"Vincent Jackson","TB","WR",33,11,6,6.45333333333333,3.572,9.572,3.78504073073637,42,0.2,3,6,NA,55.7,6.4,6.75016507054332,NA,3.6,NA
100012,"Titans","TEN","DST",NA,NA,13,6.35,4.29,6.61,2.05060966544099,20,0.250000000000001,4,2.32,NA,17.9,3.1,6.13868436489217,NA,14,NA
2552633,"Jesse James","PIT","TE",22,1,8,6.35,4.53,8.21,2.30162985729678,11,0.261666666666667,2,3.68,NA,17,3.5,5.67881045454143,NA,10.3,NA
2555473,"Ricardo Louis","CLE","WR",NA,0,13,6.32,3.456,9.184,5.06288455329568,43,0.135,3,5.728,NA,83.8,10.8,9.61048301961992,NA,1.3,NA
2507401,"Dan Carpenter","BUF","K",31,8,10,6.3,6,6.72,0.519615242270663,20,1.3,4,0.72,NA,20.6,3.2,4.35477757054305,NA,6,NA
2539964,"Marquise Goodwin","BUF","WR",26,3,10,6.18666666666667,4.228,8.82,3.22033124590209,44,0.00500000000000078,3,4.592,NA,66.3,8.5,7.18335969838454,NA,7.3,NA
2532790,"Travis Benjamin","SD","WR",27,4,11,6.18333333333333,5.1,7.14,1.28484759148054,45,0.0116666666666667,4,2.04,NA,22.4,4.6,4.01107135049665,NA,11.7,NA
2541785,"Adam Thielen","MIN","WR",26,2,6,6.18,4.668,8.188,2.4481013050934,46,0.0783333333333331,4,3.52,NA,66.5,10.8,7.53582980205237,NA,18.7,NA
2550597,"Seth Roberts","OAK","WR",NA,NA,10,6.16333333333333,4.278,8.358,2.63648124084609,47,0.233333333333333,4,4.08,NA,55.5,7.2,6.17457653959323,NA,2.2,NA
2543683,"Austin Seferian-Jenkins","NYJ","TE",24,2,11,6.11,4.038,8.182,3.66281312654632,12,0.133333333333333,2,4.144,NA,29.5,6.1,8.46440720815945,NA,1.7,NA
100006,"Bengals","CIN","DST",NA,NA,9,6.1,5.64,5.96,0.282842712474619,21,0.15,5,0.319999999999999,NA,11,3.2,2.93724046102828,NA,3,NA
100032,"Redskins","WAS","DST",NA,NA,9,6.1,5.16,6.44,1.13137084989848,22,0.35,5,1.28,NA,18.2,3.9,6.21333885966487,NA,9,NA
497206,"James Starks","GB","RB",30,6,4,6.09,3.654,8.534,3.08306665513414,34,0.436666666666667,4,4.88,NA,48.1,4.9,6.50194146460821,NA,5.2,NA
2533046,"Dwayne Allen","IND","TE",26,4,10,6.06666666666667,4.36,7.88,2.21208800307161,13,0.351666666666667,2,3.52,NA,15.8,2.9,5.2502329285532,NA,11,NA
2555317,"Tajae Sharpe","TEN","WR",22,0,13,6.04,5.04,6.336,0.840713982279348,48,0.290000000000001,4,1.296,NA,41.8,5.5,4.0363614373345,NA,1.7,NA
2495258,"Matt Asiata","MIN","RB",29,5,6,5.98,3.908,7.748,2.4886140721293,35,0.666666666666667,4,3.84,NA,38.7,4.3,5.75615376097986,NA,16.1,NA
2550313,"Richard Rodgers","GB","TE",24,2,4,5.88666666666667,3.692,8.652,3.33714448793176,14,0.528333333333333,2,4.96,NA,17.5,3.8,6.83829381690185,NA,0.6,NA
2540145,"Cordarrelle Patterson","MIN","WR",25,3,6,5.82,3.812,8.532,3.1453457679562,49,0.145,4,4.72,NA,71.4,14.3,9.5578015333354,NA,9.9,NA
100024,"Jets","NYJ","DST",NA,NA,11,5.8,4.18,5.62,1.27279220613579,23,0.25,5,1.44,NA,16.8,3.5,5.55789436219522,NA,3,NA
100008,"Cowboys","DAL","DST",NA,NA,7,5.7,4.14,5.26,0.989949493661167,24,0.375,6,1.12,NA,19.5,3.1,4.07829353128117,NA,8,NA
2539250,"Quinton Patton","SF","WR",26,3,8,5.68,3.208,8.808,3.77719472624857,50,0.0374999999999996,4,5.6,NA,77.1,5.5,6.36625980577074,NA,1.6,NA
2541147,"Charles Johnson","MIN","WR",27,3,6,5.67,4.028,7.78,2.55454496926556,51,0.0625000000000009,4,3.752,NA,74,12.6,8.37564561677081,NA,0.2,NA
2543619,"Walt Powell","BUF","WR",25,2,10,5.615,4.457,7.073,2.31223917448001,52,0.0683333333333325,4,2.616,NA,85.5,9.2,6.75660131602416,NA,0,NA
2555477,"Charone Peake","NYJ","WR",24,0,11,5.6,4,7.2,2.82842712474619,53,0.153333333333333,4,3.2,NA,85.9,5.2,5.48758371244006,NA,0.6,NA
2534820,"Garrett Celek","SF","TE",28,4,8,5.54333333333333,2.786,8.146,3.36669471935507,15,0.424999999999999,2,5.36,NA,22.1,3.6,6.75210137717255,NA,0.4,NA
2540169,"Robert Woods","BUF","WR",24,3,10,5.49333333333333,4.756,6.036,0.800083328993507,54,0.0999999999999996,4,1.28,NA,36.1,5.2,3.8782304380971,NA,2.6,NA
100028,"Chargers","SD","DST",NA,NA,11,5.4,5.02,5.18,0.14142135623731,25,0.300000000000001,6,0.159999999999999,NA,24.8,3.1,2.42998086439236,NA,5,NA
497278,"Dez Bryant","DAL","WR",28,6,7,5.4,5.4,5.4,NA,55,0.0200000000000005,4,0,NA,NA,NA,NA,NA,NA,NA
2539336,"Tavon Austin","LA","WR",25,3,8,5.38666666666667,4.908,5.74,0.544548742844324,56,0.131666666666667,4,0.832,NA,40.6,5.7,3.88530328785831,NA,5.9,NA
2495189,"Jeremy Kerley","SF","WR",28,5,8,5.37333333333333,4.62,5.596,0.672408605933426,57,0.288333333333333,4,0.976,NA,NA,NA,3.5696380724239,NA,16.2,NA
2552453,"Tevin Coleman","ATL","RB",23,1,11,5.32666666666667,4.9,5.684,0.565803263805833,36,0.0666666666666655,5,0.784,NA,NA,NA,3.69794055897783,NA,22.3,NA
2543773,"James White","NE","RB",24,2,9,5.3,3.72,6.6,1.92873015219859,37,0.141666666666667,5,2.88,NA,31.9,4.6,5.4818498095446,NA,8.9,NA
2555408,"Roberto Aguayo","TB","K",22,0,6,5.3,4.38,5.98,1.12694276695846,21,1.75,5,1.6,NA,24,2.9,4.5317821348396,NA,9,NA
100023,"Giants","NYG","DST",NA,NA,8,5.25,4.09,4.81,0.636396103067893,26,0.775,6,0.720000000000001,NA,21.5,3.2,3.62403740556528,NA,4,NA
2555460,"Paul Perkins","NYG","RB",22,0,8,5.22,0.522000000000001,4.698,3.69109739779378,38,0.175,6,4.176,NA,54.5,5.6,7.30746873984027,NA,2.2,NA
497254,"Dennis Pitta","BAL","TE",31,6,8,5.17333333333333,4.14,5.596,1.01790634801701,16,0.154166666666667,3,1.456,NA,9.2,2.8,4.05376131348497,NA,5.9,NA
2530515,"Chris Hogan","NE","WR",28,5,9,5.13666666666667,3.74,5.668,1.33492821280147,58,0.105,4,1.928,NA,43.3,9,5.89724244529327,NA,11.4,NA
2495328,"Bilal Powell","NYJ","RB",28,5,11,5.09666666666667,3.532,6.98,2.43002743468738,39,0.168333333333334,6,3.448,NA,32,4.3,5.71191540919452,NA,5.1,NA
2556708,"Cole Wick","DET","TE",23,0,10,5.06333333333333,2.952,7.76,3.26129319953501,17,0.0941666666666672,3,4.808,NA,28.7,4.8,7.33785031230497,NA,NA,NA
2507166,"Ted Ginn","CAR","WR",31,9,7,5.03333333333333,2.68,8.44,4.04639757479827,59,0.0350000000000001,4,5.76,NA,NA,NA,8.92370103355494,NA,-2.5,NA
2649,"Danny Amendola","NE","WR",31,8,9,5.03,4.136,4.424,0.254558441227157,60,0.0949999999999989,5,0.287999999999999,NA,67.6,6.8,4.11682452505525,NA,1.1,NA
2506467,"Darren Sproles","PHI","RB",33,11,4,4.99333333333333,4.16,5.504,0.880984298006118,40,0.174166666666668,7,1.344,NA,30.9,4.4,4.59173079274252,NA,6.8,NA
2550284,"Trey Burton","PHI","TE",25,2,4,4.975,2.875,7.075,3.71231060122937,18,0.105,3,4.2,NA,32.1,4.8,7.76813234264856,NA,0.5,NA
497326,"Golden Tate","DET","WR",28,6,10,4.96666666666667,4.42,5.46,0.723417813807024,61,0.140000000000001,5,1.04,NA,44.1,8.2,5.07633485725186,NA,3.9,NA
2505629,"Jason Witten","DAL","TE",34,13,7,4.96333333333333,4.28,5.152,0.582265689641192,19,0.219999999999999,3,0.872,NA,11.9,2.9,3.6953411405921,NA,4.3,NA
100007,"Browns","CLE","DST",NA,NA,13,4.95,3.21,4.89,1.48492424049175,27,2.95,6,1.68,NA,27.2,1.6,1.55169697131627,NA,1,NA
2552458,"Devin Funchess","CAR","WR",22,1,7,4.90333333333333,1.462,8.742,4.57001458786877,62,0.176666666666667,5,7.28,NA,NA,NA,9.75461022779633,NA,NA,NA
2550481,"Orleans Darkwa","NYG","RB",24,2,8,4.86333333333333,2.52,6.752,2.66365037745822,41,0.153333333333333,7,4.232,NA,34.9,4.8,6.13575642665198,NA,1.1,NA
2555341,"Hunter Henry","SD","TE",22,0,11,4.77666666666667,3.76,5.064,0.861761761354803,20,0.259166666666667,3,1.304,NA,11.3,4.9,5.10582856897886,NA,13.4,NA
2536044,"Jamize Olawale","OAK","RB",27,4,10,4.775,3.075,6.475,3.00520382004283,42,0.225833333333333,7,3.4,NA,67.1,9.9,8.9174878015055,NA,8.4,NA
2553895,"Adam Humphries","TB","WR",NA,NA,6,4.75,4.07,5.43,1.20208152801713,63,0.0583333333333336,5,1.36,NA,59.5,9,5.79183760830707,NA,1.1,NA
2540200,"Dion Sims","MIA","TE",25,3,8,4.71,2.746,7.066,2.83024733901474,21,0.402500000000001,3,4.32,NA,28.2,3.5,6.18312492767312,NA,0.6,NA
2508097,"Andrew Hawkins","CLE","WR",30,5,13,4.70333333333333,2.442,7.722,3.51369226503024,64,0.038333333333334,5,5.28,NA,NA,NA,8.07836994488027,NA,11.6,NA
2506194,"Nick Novak","HOU","K",NA,NA,9,4.7,4.2,5.08,0.608276253029822,22,2.33333333333333,5,0.88,NA,19.2,3.3,4.62767959312507,NA,7,NA
71217,"Kenny Britt","LA","WR",28,7,8,4.68,4.192,5.12,0.58923679450625,65,0.0533333333333328,5,0.928,NA,NA,NA,3.43765568626861,NA,7.5,NA
2550198,"Bennie Fowler","DEN","WR",25,2,11,4.65,2.77,6.53,3.32340187157677,66,0.103333333333333,5,3.76,NA,NA,NA,7.77640489494976,NA,1.3,NA
2540230,"Kyle Juszczyk","BAL","RB",25,3,8,4.645,2.311,7.279,4.39113311116846,43,0.23,7,4.968,NA,61.8,4.2,7.14324550845895,NA,2,NA
2346,"Pierre Garcon","WAS","WR",30,8,9,4.60333333333333,4.08,4.728,0.405010287935175,67,0.118333333333334,5,0.648000000000001,NA,55.3,6.2,3.98441120288467,NA,11.6,NA
2532977,"Kendall Wright","TEN","WR",27,4,13,4.49,3.882,3.898,0.014142135623731,68,0.0216666666666665,6,0.0159999999999996,NA,73.9,6.2,3.67428382601886,NA,0.9,NA
2552415,"Jamison Crowder","WAS","WR",23,1,9,4.48,3.868,4.988,0.730205450541147,69,0.0566666666666658,6,1.12,NA,40.8,4.9,3.69689374873667,NA,3.5,NA
497302,"Brandon LaFell","CIN","WR",30,6,9,4.45666666666667,4.02,4.796,0.533510387277824,70,0.0766666666666662,7,0.776,NA,58.6,7.8,4.75779841626659,NA,18.8,NA
2555461,"Wendell Smallwood","PHI","RB",22,0,4,4.45333333333333,1.822,6.582,3.16781207355066,44,0.0800000000000001,7,4.76,NA,35.2,6.1,7.1597737271136,NA,NA,NA
2541388,"Brice Butler","DAL","WR",26,3,7,4.39,2.6,5.216,1.81502066103943,71,0.0233333333333334,7,2.616,NA,50.4,10.5,6.90762990496654,NA,2,NA
2495979,"DeAngelo Williams","PIT","RB",33,10,8,4.37666666666667,2.4,5.864,2.26707594344198,45,0.0533333333333328,7,3.464,NA,NA,NA,6.26717827497181,NA,0,NA
2530700,"Dontrelle Inman","SD","WR",27,3,11,4.37,3.78,4.828,0.671341939699882,72,0.0633333333333335,7,1.048,NA,42.3,7.3,4.65733618984966,NA,0.3,NA
2552631,"Javorius Allen","BAL","RB",25,1,8,4.37,1.148,8.34,4.7778342373925,46,0.236666666666666,7,7.192,NA,53.6,5.5,8.07856917095756,NA,1.8,NA
2539291,"Markus Wheaton","PIT","WR",25,3,8,4.36333333333333,2.36,5.632,2.0498861757018,73,0.115833333333333,7,3.272,NA,63.1,6.8,5.54129535393824,NA,1.9,NA
2552399,"Jeff Heuerman","DEN","TE",24,1,11,4.325,2.185,6.465,3.78302127934803,22,0.04,3,4.28,NA,NA,NA,10.091718523232,NA,0,NA
2495139,"Charles Clay","BUF","TE",27,5,10,4.29,3.2,5.016,1.13767306375777,23,0.0225,3,1.816,NA,NA,NA,5.04426005757702,NA,7.3,NA
2552397,"Clive Walford","OAK","TE",25,1,10,4.28,2.96,4.992,1.27011810474459,24,0.152499999999999,3,2.032,NA,NA,NA,5.29697190829788,NA,NA,NA
2540011,"Chris Thompson","WAS","RB",26,3,9,4.27666666666667,2.86,5.524,1.73828459503423,47,0.326666666666667,7,2.664,NA,42.2,3.7,4.89266452715521,NA,4.5,NA
71435,"John Phillips","DEN","TE",29,7,11,4.255,2.299,6.211,3.45775216000222,25,0.326666666666667,3,3.912,NA,35,8.1,9.41261494300105,NA,0,NA
2553568,"Cameron Meredith","CHI","WR",NA,NA,9,4.25,4.05,4.45,0.353553390593274,74,0.0791666666666666,7,0.4,NA,62.8,15,7.63645467855002,NA,16,NA
80427,"Darrius Heyward-Bey","PIT","WR",29,7,8,4.245,1.549,5.141,3.1749094475276,75,0.201666666666667,7,3.592,NA,NA,NA,7.54076755441698,NA,NA,NA
2532933,"Brian Quick","LA","WR",27,4,8,4.09666666666667,2.998,4.438,0.962306257556986,76,0.106666666666666,7,1.44,NA,59.1,8,5.18194775288468,NA,5.1,NA
100017,"Rams","LA","DST",NA,NA,8,4,4,4,NA,28,4,6,0,NA,7.1,3.4,6.4192701760957,NA,2,NA
2540232,"Jack Doyle","IND","TE",26,3,10,4,2.32,4.72,1.53948043183407,26,0.19,4,2.4,NA,19.6,3.6,5.00889264386487,NA,0.8,NA
1990,"Eddie Royal","CHI","WR",30,8,9,3.99,3.416,4.08,0.453100430368368,77,0.02,8,0.664,NA,NA,NA,3.22162573726172,NA,4.3,NA
497190,"Dexter McCluster","SD","RB",28,6,11,3.99,3.108,3.972,0.763675323681471,48,0.0800000000000001,8,0.864,NA,53,4.9,4.75058562428749,NA,0.1,NA
2533040,"Mohamed Sanu","ATL","WR",27,4,11,3.99,3.754,3.994,0.165227116418583,77,0.0750000000000002,8,0.24,NA,NA,NA,2.7648098253131,NA,1.3,NA
2552600,"Nelson Agholor","PHI","WR",23,1,4,3.95,3.36,4.2,0.540832691319599,79,0.085,8,0.84,NA,56.5,6.8,4.34396373227992,NA,2.7,NA
2555229,"Kenneth Dixon","BAL","RB",22,0,8,3.91,1.64,6.144,3.06843608374038,49,0.023333333333333,8,4.504,NA,NA,NA,7.47738091984661,NA,0.5,NA
2555230,"Kenyan Drake","MIA","RB",NA,0,8,3.91,2.26,5.164,1.81502066103943,49,0.231666666666666,8,2.904,NA,46.9,5.2,5.69290938529642,NA,2,NA
2555413,"Trevor Davis","GB","WR",23,0,4,3.88,1.144,6.616,4.83661038331598,80,0.0649999999999995,8,5.472,NA,94.8,3.7,6.45147431381567,NA,0,NA
2534571,"Bobby Rainey","NYG","RB",29,4,8,3.86333333333333,1.96,5.392,2.17808019442199,51,0.501666666666667,8,3.432,NA,43.4,7.2,6.95678905088905,NA,7.4,NA
2505299,"Antonio Gates","SD","TE",36,13,11,3.85666666666667,2.7,4.436,1.08610926399388,27,0.125,4,1.736,NA,NA,NA,4.94587371429498,NA,6,NA
2556396,"Chester Rogers","IND","WR",22,0,10,3.85,0.770000000000001,6.93,5.44472221513642,81,0.0766666666666667,8,6.16,NA,85.2,8.3,8.86433422516467,NA,2.4,NA
2555362,"Aaron Burbridge","SF","WR",23,0,8,3.78,0.964000000000001,6.596,4.97803173955329,82,0.0216666666666669,8,5.632,NA,99,1,5.43064259463219,NA,NA,NA
2543590,"Cody Latimer","DEN","WR",24,2,11,3.76666666666667,2.06,6.06,2.80416357107308,83,0.0683333333333334,8,4,NA,97.5,11.2,7.98619884236202,NA,0,NA
324,"Jacob Tamme","ATL","TE",31,8,11,3.76333333333333,3.492,3.9,0.291604755333882,28,0.0883333333333334,4,0.408,NA,NA,NA,3.42991884506346,NA,0.1,NA
497320,"Andre Roberts","DET","WR",28,6,10,3.75,0.830000000000001,6.67,5.1618795026618,84,0.201666666666666,8,5.84,NA,97.5,2.5,6.2059799829033,NA,0,NA
2550521,"Xavier Grimble","PIT","TE",24,2,8,3.7,1.06,6.34,4.66690475583121,29,0.0933333333333333,4,5.28,NA,36.7,7.2,10.0514486682797,NA,1.3,NA
2553830,"Will Tye","NYG","TE",NA,NA,8,3.65,3.29,4.01,0.636396103067892,30,0.3,4,0.72,NA,17.6,5,4.94801607470072,NA,3.7,NA
2541966,"Jaron Brown","ARI","WR",26,3,9,3.64666666666667,1.308,6.428,3.34043909289383,85,0.226666666666667,8,5.12,NA,83.5,9.6,7.74026601065984,NA,0,NA
2552559,"C.J. Uzomah","CIN","TE",23,1,9,3.56333333333333,2.94,3.732,0.508953174008507,31,0.745,4,0.792,NA,23.1,4.7,4.65485612687737,NA,4.3,NA
2556075,"Derrick Henry","TEN","RB",22,0,13,3.49333333333333,2.48,4.384,1.20172098813882,52,0.365833333333334,8,1.904,NA,41,5.4,5.32878477987583,NA,5.4,NA
2495453,"Andre Holmes","OAK","WR",28,5,10,3.45,1.31,3.79,2.1920310216783,86,0.0733333333333333,8,2.48,NA,83.1,10.3,7.12283317658451,NA,1.3,NA
2552491,"Dorial Green-Beckham","PHI","WR",23,1,4,3.39,3,3.696,0.502294734194975,87,0.041666666666667,9,0.696,NA,64.6,8.3,4.94285312994228,NA,4.3,NA
2550546,"Philly Brown","CAR","WR",25,2,7,3.36333333333333,2.3,3.892,1.03683814230252,88,0.0366666666666671,9,1.592,NA,74.3,7.3,4.94733264491323,NA,1.3,NA
2505551,"Andre Johnson","TEN","WR",35,13,13,3.33333333333333,2.24,4.08,1.19303534454489,89,0.0299999999999994,9,1.84,NA,70,9.1,5.82662451865633,NA,7.3,NA
2556462,"Robby Anderson","NYJ","WR",23,0,11,3.32,0.332,2.988,2.34759451353934,90,0.0333333333333332,10,2.656,NA,NA,NA,6.2279309428772,NA,1,NA
2555466,"Tyler Boyd","CIN","WR",22,0,9,3.28666666666667,2.46,4.108,1.11289412494331,91,0.0333333333333337,10,1.648,NA,71.7,5.6,4.29428236951304,NA,3.3,NA
2552418,"Justin Hardy","ATL","WR",25,1,11,3.28666666666667,1.96,4.168,1.42004694758072,92,0.0783333333333336,10,2.208,NA,NA,NA,4.75603873652625,NA,NA,NA
2555223,"Devontae Booker","DEN","RB",24,0,11,3.23,1.98,4.612,1.79518801243769,53,0.2175,8,2.632,NA,45.6,3.7,4.93563189150305,NA,5.9,NA
2540151,"Justin Hunter","BUF","WR",25,3,10,3.22,2.216,3.624,1.24450793488832,93,0.115,10,1.408,NA,97.7,7.1,5.0281756575623,NA,6.4,NA
2532903,"Rishard Matthews","TEN","WR",27,4,13,3.19666666666667,2.278,3.798,0.983378530034764,94,0.188333333333333,10,1.52,NA,63.8,7.9,5.15670272875762,NA,9.2,NA
2541316,"Ryan Griffin","HOU","TE",26,3,9,3.13666666666667,2.682,3.402,0.450592202921148,32,0.649166666666667,4,0.72,NA,24.9,3.6,3.97006568021839,NA,0.8,NA
2556466,"Peyton Barber","TB","RB",22,0,6,3.025,1.615,4.135,2.22738636073762,54,0.0249999999999999,8,2.52,NA,55.1,8.5,7.63734818723058,NA,0.6,NA
2530660,"Kamar Aiken","BAL","WR",27,5,8,3.01333333333333,1.648,4.448,1.84459570999537,95,0.151666666666666,10,2.8,NA,NA,NA,5.42974005120572,NA,0,NA
2552597,"Breshad Perriman","BAL","WR",23,1,8,3.00333333333333,1.74,4.068,1.51889214012494,96,0.341666666666667,10,2.328,NA,70.5,6.2,4.86820092818003,NA,1.1,NA
2543770,"Charles Sims","TB","RB",26,2,6,3,3,3,NA,55,0.0225,9,0,NA,NA,NA,NA,NA,NA,NA
2550512,"Damien Williams","MIA","RB",24,2,8,3,2.43,2.67,0.212132034355964,55,0.0808333333333335,9,0.239999999999999,NA,53.3,5.8,4.77950042444697,NA,7,NA
497145,"Joique Bell","CHI","RB",30,6,9,2.955,2.409,3.201,0.700035713374682,57,0.0766666666666667,9,0.792,NA,61,6.5,5.49432061129979,NA,NA,NA
2539217,"Andre Ellington","ARI","RB",27,3,9,2.88333333333333,1.46,4.54,2.14145589105481,58,0.199166666666666,9,3.08,NA,52.1,5.7,6.1868322984284,NA,1.9,NA
2553631,"Zach Zenner","DET","RB",NA,NA,10,2.87333333333333,1.82,3.756,1.21166552040294,59,0.383333333333333,9,1.936,NA,44.3,5.9,5.5837278260068,NA,3.2,NA
2555419,"Pharoh Cooper","LA","WR",21,0,8,2.72,0.272,2.448,1.92333044482741,97,0.193333333333333,10,2.176,NA,NA,NA,5.55468139849783,NA,0,NA
2552463,"Jaelen Strong","HOU","WR",22,1,9,2.60333333333333,1.902,3.022,0.722518742548132,98,0.153333333333333,10,1.12,NA,81.7,7,4.5720481822431,NA,3.9,NA
2540215,"Vance McDonald","SF","TE",26,3,8,2.5,0.25,2.25,1.76776695296637,33,0.0391666666666666,5,2,NA,NA,NA,6.24651113231265,NA,NA,NA
2535708,"Lance Dunbar","DAL","RB",26,4,7,2.495,1.249,2.441,1.05358910396796,60,0.0575000000000001,9,1.192,NA,NA,NA,4.43458777189867,NA,NA,NA
2539289,"Kenjon Barner","PHI","RB",27,3,4,2.485,2.227,2.443,0.190918830920368,61,0.111666666666666,10,0.216,NA,58.9,6.8,5.25835048752629,NA,NA,NA
497238,"Jermaine Gresham","ARI","TE",28,6,9,2.475,1.795,2.555,0.67175144212722,34,0.136666666666667,5,0.76,NA,30.7,6.4,5.78243472942363,NA,0.4,NA
71417,"Jordan Norwood","DEN","WR",30,7,11,2.45,2.03,2.27,0.212132034355964,99,0.0483333333333338,10,0.24,NA,86.7,5.4,3.49565983775774,NA,2.4,NA
2555216,"Malcolm Mitchell","NE","WR",23,0,9,2.45,1.36,3.24,1.19478031453485,99,0.165833333333333,10,1.88,NA,78.7,7.6,5.19854238037377,NA,0.7,NA
2495187,"Lance Kendricks","LA","TE",28,5,8,2.44666666666667,2.06,2.652,0.372200662725543,35,0.309166666666666,6,0.592,NA,25.1,3.3,3.72370200037093,NA,2.4,NA
2553833,"Josh Lambo","SD","K",26,1,11,2.4,2.04,2.84,0.529150262212918,23,0.0833333333333335,6,0.8,NA,9.7,3.3,4.53746358726218,NA,7,NA
2543551,"KaDeem Carey","CHI","RB",24,2,9,2.39,0.948,2.932,1.75362481734264,62,0.0416666666666665,10,1.984,NA,NA,NA,5.49177171358734,NA,1.7,NA
2533460,"Robert Turbin","IND","RB",27,4,10,2.35666666666667,1.04,3.656,1.83293025872054,63,0.02,10,2.616,NA,NA,NA,5.61153765911186,NA,NA,NA
2555348,"Braxton Miller","HOU","WR",24,0,9,2.35333333333333,1.712,2.832,0.704651213958604,101,0.228333333333333,10,1.12,NA,NA,NA,3.62080271907536,NA,1.2,NA
2495467,"Taiwan Jones","OAK","RB",28,5,10,2.34,0.234,2.106,1.65462986797652,64,0.0183333333333331,10,1.872,NA,NA,NA,5.34227095415662,NA,NA,NA
2539663,"Mike Gillislee","BUF","RB",26,3,10,2.33333333333333,1.3,3.46,1.36503968196288,65,0.120833333333334,10,2.16,NA,52.4,4.7,5.10569795882437,NA,6.6,NA
2505459,"Josh Brown","NYG","K",37,13,8,2.33333333333333,2,2.8,0.577350269189626,24,0.166666666666667,6,0.8,NA,12,3.3,4.59241913432211,NA,12,NA
2533457,"Alfred Morris","DAL","RB",28,4,7,2.31,1.36,3.144,1.12973448207975,66,0.214166666666667,10,1.784,NA,45.4,4.5,4.82904708150502,NA,3.3,NA
2506677,"Matt Prater","DET","K",32,10,10,2.3,1.92,2.8,0.608276253029822,25,0.45,6,0.88,NA,15.3,3.7,5.3149380034616,NA,6,NA
2543481,"Jace Amaro","TEN","TE",24,2,13,2.23,0.223,2.007,1.576848122046,36,0.2075,7,1.784,NA,NA,NA,5.88222832685714,NA,NA,NA
2543746,"Josh Huff","PHI","WR",25,2,4,2.215,1.607,2.223,0.544472221513642,102,0.225,10,0.616,NA,88.7,8.9,5.22810476783602,NA,6.5,NA
2555432,"Andy Janovich","DEN","RB",23,0,11,2.115,0.703,2.327,1.43542676580869,67,0.13,10,1.624,NA,70,3.6,4.6144919417179,NA,0.2,NA
2555334,"Jared Goff","LA","QB",22,0,8,2.083,0.5154,3.9506,3.03631651841504,30,1.746,6,3.4352,NA,NA,NA,9.11030336160928,NA,NA,NA
2541544,"Benny Cunningham","LA","RB",26,3,8,2.07666666666667,0.5,2.78,1.42565774293833,68,0.22,10,2.28,NA,NA,NA,4.99648051938326,NA,NA,NA
2555415,"Austin Hooper","ATL","TE",NA,0,11,2.045,1.469,2.021,0.487903679018718,37,0.0533333333333332,7,0.552,NA,30.9,3.6,4.00566177391692,NA,1.4,NA
2550183,"Jeremy Butler","FA","WR",25,2,NA,2.035,1.023,3.047,1.78898015640197,103,0.115,10,2.024,NA,NA,NA,5.34148570944436,NA,NA,NA
2495259,"Dan Bailey","DAL","K",28,5,7,2.03333333333333,2,2.08,0.0577350269189626,26,0.5,6,0.0800000000000001,NA,NA,NA,2.11269530686378,NA,4,NA
2543794,"Crockett Gillmore","BAL","TE",25,2,8,2,1.54,1.86,0.282842712474619,38,0.043333333333333,7,0.32,NA,30.3,3.8,3.92441252476424,NA,8.8,NA
2552586,"Tyler Kroft","CIN","TE",24,1,9,1.98333333333333,0.68,3.2,1.71488580766573,39,0.0683333333333336,7,2.52,NA,32.8,5.5,6.26288285597577,NA,2.9,NA
2555468,"Rashard Higgins","CLE","WR",22,0,13,1.945,0.969,2.321,1.19501046020527,104,0.0550000000000002,10,1.352,NA,95.5,7.5,5.15676054178166,NA,0,NA
2495826,"Vernon Davis","WAS","TE",32,10,9,1.93,1.12,2.472,0.857729561108861,40,0.0325,7,1.352,NA,34.6,4.6,4.93040558376613,NA,1.5,NA
2553454,"Geoff Swaim","DAL","TE",NA,NA,7,1.9,0.72,2.48,1.5556349186104,41,0.0249999999999999,7,1.76,NA,51.5,2.1,4.16642361362137,NA,0,NA
2540203,"Levine Toilolo","ATL","TE",25,3,11,1.895,0.799,2.391,1.40714249456123,42,0.0541666666666667,7,1.592,NA,NA,NA,5.55842138867446,NA,0,NA
2555214,"Laquon Treadwell","MIN","WR",21,0,6,1.895,1.199,1.991,0.700035713374682,105,0.0250000000000001,10,0.792,NA,87.7,9.3,5.51939162528039,NA,NA,NA
2495461,"Shaun Draughn","SF","RB",29,5,8,1.89333333333333,1.08,2.984,1.20172098813882,69,0.11,10,1.904,NA,53.2,5.8,5.52673198051173,NA,-0.1,NA
2543759,"Ryan Grant","WAS","WR",26,2,9,1.885,0.797,2.373,1.3930003589375,106,0.0350000000000001,10,1.576,NA,NA,NA,4.71311946802361,NA,NA,NA
497224,"Ed Dickson","CAR","TE",29,6,7,1.855,1.031,2.079,0.926309883354378,43,0.0341666666666667,7,1.048,NA,43.7,4,4.65268062106827,NA,NA,NA
2535964,"Josh Bellamy","CHI","WR",27,4,9,1.855,0.631,2.479,1.63341666454093,107,0.0425,10,1.848,NA,91.2,7.7,5.58853502686508,NA,1.4,NA
2552656,"J.J. Nelson","ARI","WR",24,1,9,1.845,1.189,1.901,0.629325035256027,108,0.0774999999999999,10,0.712,NA,92.7,10.2,5.84096748877545,NA,0,NA
2507218,"Brent Celek","PHI","TE",31,9,4,1.82666666666667,1.12,2.384,0.797579672091342,44,0.0341666666666669,7,1.264,NA,30,5.9,5.61651777606159,NA,NA,NA
2543600,"Alfred Blue","HOU","RB",25,2,9,1.82,1.712,1.952,0.158745078663875,70,0.206666666666667,11,0.24,NA,62.7,4.7,4.19483351349082,NA,3.9,NA
2543721,"C.J. Fiedorowicz","HOU","TE",25,2,9,1.815,1.183,1.847,0.586898628384835,45,0.0650000000000002,7,0.664,NA,NA,NA,3.99335452079151,NA,6.1,NA
2530598,"Jeremy Ross","NYJ","WR",28,5,11,1.78,0.724,2.836,1.86676190233249,109,0.0249999999999999,10,2.112,NA,NA,NA,5.46491479258058,NA,0,NA
2495288,"Virgil Green","DEN","TE",28,5,11,1.77,1.12,2.088,0.669103878332804,46,0.3025,7,0.968,NA,NA,NA,4.1502063039805,NA,NA,NA
2543774,"Jared Abbrederis","GB","WR",26,2,4,1.755,1.011,1.899,0.784888527117068,110,0.00500000000000034,10,0.888,NA,110.5,9.5,5.6706454668724,NA,NA,NA
2555209,"Chris Moore","BAL","WR",23,0,8,1.755,1.251,1.659,0.360624458405139,111,0.0825,10,0.408,NA,94,3.7,2.90008296721447,NA,NA,NA
2507428,"Mike Tolbert","CAR","RB",31,8,7,1.74666666666667,1.26,2.092,0.535288084430555,71,0.306666666666667,11,0.832,NA,NA,NA,3.65185697067378,NA,0.2,NA
2534436,"Deonte Thompson","CHI","WR",27,4,9,1.745,0.529,2.361,1.61927452891719,112,0.22,10,1.832,NA,86.5,1.5,2.97551869934902,NA,0,NA
89766,"Brandon Myers","TB","TE",31,7,6,1.73,0.446,2.414,1.73948268171891,47,0.615,7,1.968,NA,NA,NA,6.19254330928221,NA,1.2,NA
2500351,"Phil Dawson","SF","K",41,18,8,1.66666666666667,1.2,2,0.577350269189626,27,0.966666666666667,7,0.8,NA,24.4,2.6,3.38971691623318,NA,3,NA
2495331,"Aldrick Robinson","ATL","WR",28,5,11,1.6,1.6,1.6,NA,113,0.175,10,0,NA,88.7,6.6,5.15922475186338,NA,0,NA
2533437,"Ronnie Hillman","MIN","RB",25,4,6,1.48,0.148,1.332,1.04651803615609,72,0.258333333333334,12,1.184,NA,76.4,5,5.01364493791893,NA,NA,NA
222,"Harry Douglas","TEN","WR",32,8,13,1.45,1.09,1.81,0.636396103067893,114,0.05,10,0.72,NA,89,9,5.34300457872082,NA,NA,NA
2532978,"Jarius Wright","MIN","WR",27,4,6,1.4,0.92,1.88,0.848528137423857,115,0.0700000000000001,10,0.96,NA,88.7,14.1,7.65150358724464,NA,3.2,NA
2556697,"Bryce Treggs","PHI","WR",22,0,4,1.4,1.4,1.4,NA,115,0.1975,10,0,NA,NA,NA,NA,NA,NA,NA
2550380,"Cody Parkey","CLE","K",24,2,13,1.4,1.04,1.84,0.529150262212918,28,1.4,7,0.8,NA,26.9,2.9,3.85020517692565,NA,1,NA
2550542,"Kapri Bibbs","DEN","RB",23,2,11,1.4,1.4,1.4,NA,73,0.378333333333333,12,0,NA,73.9,4.8,5.4054335289769,NA,NA,NA
2543750,"Jeff Janis","GB","WR",25,2,4,1.26,0.126,1.134,0.89095454429505,117,0.154166666666667,10,1.008,NA,NA,NA,3.91644084050802,NA,0,NA
2540259,"MarQueis Gray","MIA","TE",26,3,8,1.205,0.341,1.469,0.997020561473032,48,0.25,7,1.128,NA,NA,NA,4.77588795473298,NA,NA,NA
2556686,"Nelson Spruce","LA","WR",24,0,8,1.145,1.021,1.269,0.21920310216783,118,0.144166666666667,10,0.248,NA,NA,NA,2.85046239524068,NA,NA,NA
2550617,"Taylor Gabriel","ATL","WR",25,2,11,1.06666666666667,0.3,1.82,0.950438495292217,119,0.149166666666667,10,1.52,NA,88.2,4.9,3.87163373730806,NA,NA,NA
2506874,"Reggie Bush","BUF","RB",31,10,10,1.04333333333333,0.464,1.64,0.735957426304901,74,0.113333333333333,12,1.176,NA,NA,NA,3.95490494632076,NA,0.3,NA
2539995,"Mychal Rivera","OAK","TE",26,3,10,1.025,0.725,1.325,0.530330085889911,49,0.2825,7,0.6,NA,40.5,4.2,4.38928996918784,NA,NA,NA
2552382,"Malcolm Brown","LA","RB",23,1,8,1,1,1,NA,75,0.21,12,0,NA,73.7,3.4,4.01980312452559,NA,2.8,NA
2555331,"Cody Core","CIN","WR",22,0,9,0.935,0.483,1.387,0.799030662740799,120,0.05,10,0.904,NA,NA,NA,3.77057010589249,NA,NA,NA
2553725,"Bradley Marquez","LA","WR",NA,NA,8,0.9,0.9,0.9,NA,121,0.0649999999999999,10,0,NA,NA,NA,NA,NA,0,NA
2540211,"Gavin Escobar","DAL","TE",25,3,7,0.885,0.357,0.813,0.403050865276332,50,0.285,7,0.456,NA,NA,NA,3.6425636710936,NA,NA,NA
2552429,"Ty Montgomery","GB","WR",23,1,4,0.87,0.686,1.054,0.325269119345812,122,0.1375,10,0.368,NA,83.9,10.3,5.64168417894989,NA,0.1,NA
2557531,"Troymaine Pope","NYJ","RB",23,0,11,0.86,0.428,1.292,0.763675323681471,76,0.175,12,0.864,NA,NA,NA,3.99676411928013,NA,NA,NA
2556381,"Mike Thomas","LA","WR",22,0,8,0.8,0.8,0.8,NA,123,0.1625,10,0,NA,90,9.1,7.25744693071532,NA,0,NA
2553439,"Mike Davis","SF","RB",23,1,8,0.72,0.336,1.104,0.678822509939086,77,0.09,12,0.768,NA,78.5,3,3.74626466722522,NA,0.4,NA
2535869,"Rod Streater","SF","WR",28,4,8,0.665,0.477,0.853,0.332340187157677,124,0.0600000000000001,10,0.376,NA,95.3,7.4,4.43032572808559,NA,0,NA
2550474,"Antonio Andrews","TEN","RB",24,2,13,0.65,0.61,0.69,0.0707106781186547,78,0.0733333333333334,12,0.08,NA,NA,NA,2.95025880326508,NA,NA,NA
2555215,"Leonte Carroo","MIA","WR",22,0,8,0.61,0.244,0.94,0.441927595879687,125,0.0099999999999999,10,0.696,NA,97.8,9.3,5.31460033452638,NA,NA,NA
2556801,"Kenneth Farrow","SD","RB",23,0,11,0.61,0.218,1.002,0.692964645562817,79,0.0683333333333332,12,0.784,NA,71.9,5.9,5.19206049750913,NA,NA,NA
2495159,"Dwayne Harris","NYG","WR",29,5,8,0.6,0.44,0.76,0.282842712474619,126,0.0200000000000001,10,0.32,NA,NA,NA,2.95144982689758,NA,0,NA
2495211,"Niles Paul","WAS","TE",27,5,9,0.6,0.6,0.6,NA,51,0.0200000000000001,7,0,NA,NA,NA,NA,NA,NA,NA
2550243,"Justin Perillo","GB","TE",25,2,4,0.6,0.6,0.6,NA,52,0.045,7,0,NA,35.5,5.3,6.15138626630474,NA,NA,NA
2556592,"Roger Lewis","NYG","WR",23,0,8,0.6,0.2,1,0.707106781186548,127,0.0425,10,0.8,NA,NA,NA,3.62469937127696,NA,NA,NA
2495835,"Anthony Fasano","TEN","TE",32,10,13,0.56,0.288,0.832,0.480832611206852,53,0.0349999999999999,7,0.544,NA,38.3,11.2,8.3455119506806,NA,1,NA
2532900,"Keshawn Martin","SF","WR",26,4,8,0.56,0.056,0.504,0.395979797464467,128,0.0324999999999999,10,0.448,NA,NA,NA,3.13098303873208,NA,NA,NA
2555370,"Jordan Payton","CLE","WR",23,0,13,0.555,0.359,0.751,0.346482322781408,129,0.055,10,0.392,NA,NA,NA,3.05243725855449,NA,NA,NA
497258,"Andrew Quarless","FA","TE",28,6,NA,0.55,0.0550000000000001,0.495,0.388908729652601,54,0.055,7,0.44,NA,NA,NA,3.61557975957838,NA,NA,NA
2550738,"Fitzgerald Toussaint","PIT","RB",26,2,8,0.543333333333333,0.364,0.74,0.237977589981354,80,0.0733333333333333,12,0.376,NA,74.7,5.9,4.84850301919268,NA,NA,NA
2556414,"Rob Kelley","WAS","RB",24,0,9,0.54,0.252,0.828,0.509116882454314,81,0.1425,12,0.576,NA,NA,NA,3.61233359502971,NA,1.8,NA
2541096,"Ifeanyi Momah","ARI","TE",27,3,9,0.5,0.5,0.5,NA,55,0.0275,7,0,NA,NA,NA,NA,NA,NA,NA
2553467,"Quan Bray","IND","WR",NA,NA,10,0.5,0.5,0.5,NA,130,0.0275,10,0,NA,94,9.5,7.59316247933163,NA,2.9,NA
2553621,"Lucky Whitehead","DAL","WR",NA,NA,7,0.5,0.5,0.5,NA,130,0.0599999999999999,10,0,NA,NA,NA,NA,NA,0,NA
2552478,"Blake Bell","SF","TE",25,1,8,0.49,0.482,0.498,0.014142135623731,56,0.0425,7,0.016,NA,34,2.9,3.15333687337248,NA,0.4,NA
497242,"Clay Harbor","NE","TE",29,6,9,0.455,0.411,0.499,0.0777817459305202,57,0.0325,7,0.088,NA,NA,NA,3.02193370624346,NA,NA,NA
2535876,"Griff Whalen","SD","WR",26,4,11,0.445,0.351,0.839,0.431335136523794,132,0.0275000000000001,10,0.488,NA,NA,NA,3.18708716743036,NA,NA,NA
2552403,"Nick OLeary","BUF","TE",24,1,10,0.44,0.392,0.488,0.0848528137423857,58,0.0375,7,0.096,NA,35.4,4.7,4.25025363615482,NA,NA,NA
2556190,"Jakeem Grant","MIA","WR",24,0,8,0.435,0.383,0.487,0.0919238815542511,133,0.035,10,0.104,NA,NA,NA,2.64848753192687,NA,0,NA
2550206,"Ryan Hewitt","CIN","TE",25,2,9,0.405,0.401,0.409,0.00707106781186544,59,0.005,7,0.00799999999999995,NA,NA,NA,2.88701414866735,NA,NA,NA
2535966,"Brenton Bersin","FA","WR",26,3,NA,0.4,0.04,0.36,0.282842712474619,134,0,10,0.32,NA,NA,NA,2.95144982689758,NA,NA,NA
2539235,"Tavarres King","NYG","WR",26,3,8,0.4,0.4,0.4,NA,134,0.01,10,0,NA,NA,NA,NA,NA,0,NA
2550405,"Erik Swoope","IND","TE",24,2,10,0.4,0.4,0.4,NA,60,0.0025,7,0,NA,NA,NA,NA,NA,NA,NA
2552408,"Darren Waller","BAL","WR",24,1,8,0.4,0.4,0.4,NA,134,0.035,10,0,NA,NA,NA,NA,NA,NA,NA
2552580,"A.J. Derby","NE","TE",25,1,9,0.4,0.4,0.4,NA,60,0.0125,7,0,NA,NA,NA,NA,NA,NA,NA
2553446,"Malcolm Johnson","CLE","RB",24,1,13,0.4,0.4,0.4,NA,82,0.0225,12,0,NA,NA,NA,NA,NA,0,NA
2530763,"Patrick DiMarco","ATL","RB",27,5,11,0.395,0.231,0.559,0.289913780286485,83,0.0649999999999999,12,0.328,NA,74,1.3,2.61132685849801,NA,1.3,NA
2555364,"Tyler Higbee","LA","TE",23,0,8,0.395,0.151,0.639,0.431335136523794,62,0.03,7,0.488,NA,40.6,10.1,7.66917750419913,NA,0,NA
2552401,"MyCole Pruitt","MIN","TE",24,1,6,0.38,0.284,0.476,0.169705627484771,63,0.0516666666666666,7,0.192,NA,40.5,1.5,2.50105962137733,NA,NA,NA
2552420,"Keith Mumphery","HOU","WR",24,1,9,0.38,0.284,0.476,0.169705627484771,137,0.03,10,0.192,NA,NA,NA,2.77191661506308,NA,NA,NA
2556273,"Darius Jackson","DAL","RB",23,0,7,0.36,0.036,0.324,0.254558441227157,84,0.06,12,0.288,NA,NA,NA,3.22790307077928,NA,NA,NA
2543641,"Devin Street","IND","WR",25,2,10,0.35,0.0700000000000001,0.63,0.494974746830583,138,0.0475,10,0.56,NA,NA,NA,3.28807459908727,NA,NA,NA
2552462,"Gerald Christian","FA","TE",25,1,NA,0.35,0.0700000000000001,0.63,0.494974746830583,64,0.0466666666666667,7,0.56,NA,NA,NA,3.81795909594255,NA,NA,NA
2556519,"Alex Erickson","CIN","WR",24,0,9,0.35,0.0700000000000001,0.63,0.494974746830583,138,0.1225,10,0.56,NA,NA,NA,3.28807459908727,NA,0,NA
2539335,"Geno Smith","NYJ","QB",26,3,11,0.342,0.2476,0.4364,0.166877200360025,31,0.036,6,0.1888,NA,NA,NA,3.57240752689576,NA,NA,NA
2495186,"Colin Kaepernick","SF","QB",29,5,8,0.332,0.2466,0.3474,0.089095454429505,32,0.057,6,0.1008,NA,29.4,0.7,2.00660321990695,NA,NA,NA
2507486,"Kellen Davis","NYJ","TE",31,8,11,0.306666666666667,0.096,0.48,0.253245598842968,65,0.00916666666666666,7,0.384,NA,NA,NA,3.35672763037786,NA,NA,NA
2550540,"George Atkinson","CLE","RB",24,2,13,0.3,0.0600000000000001,0.54,0.424264068711929,85,0.01,12,0.48,NA,NA,NA,3.48419008694623,NA,NA,NA
2556478,"Ben Braunecker","CHI","TE",22,0,9,0.3,0.0600000000000001,0.54,0.424264068711929,66,0.0225,7,0.48,NA,NA,NA,3.68303953836644,NA,NA,NA
2539303,"Zach Line","MIN","RB",26,3,6,0.3,0.22,0.38,0.14142135623731,86,0.03,12,0.16,NA,73.2,2.4,3.0435560906737,NA,0,NA
2555486,"Temarrick Hemingway","LA","TE",23,0,8,0.295,0.211,0.379,0.148492424049175,67,0.065,7,0.168,NA,NA,NA,3.15685326381958,NA,NA,NA
2543605,"Zach Mettenberger","PIT","QB",25,2,8,0.28,0.0560000000000001,0.504,0.395979797464467,33,0.012,6,0.448,NA,NA,NA,4.01456579462547,NA,NA,NA
2555227,"Jonathan Williams","BUF","RB",22,0,10,0.28,0.28,0.28,NA,87,0.04,12,0,NA,75.1,3.4,4.01980312452559,NA,NA,NA
2556492,"Joe Callahan","GB","QB",23,0,4,0.27,0.0540000000000001,0.486,0.381837661840736,34,0.014,6,0.432,NA,NA,NA,3.98727207439525,NA,NA,NA
2495443,"Ryan Mallett","BAL","QB",28,5,8,0.266,0.1908,0.3412,0.132936074863071,35,0.024,6,0.1504,NA,NA,NA,3.50690259834321,NA,NA,NA
79589,"David Johnson","PIT","TE",29,7,8,0.26,0.212,0.308,0.0848528137423857,68,0.06,7,0.096,NA,48,5.1,4.47902185482021,NA,NA,NA
2543695,"Jay Prosch","HOU","RB",24,2,9,0.26,0.212,0.308,0.0848528137423857,88,0.04,12,0.096,NA,NA,NA,2.97161605461233,NA,NA,NA
2541944,"Russell Shepard","TB","WR",26,3,6,0.255,0.139,0.371,0.205060966544099,140,0.055,10,0.232,NA,98.3,3.9,2.86058277123233,NA,0,NA
79858,"Mark Sanchez","DAL","QB",30,7,7,0.246,0.2008,0.2712,0.0622253967444162,36,0.01,6,0.0704,NA,NA,NA,3.37043399719206,NA,NA,NA
2543801,"Jimmy Garoppolo","NE","QB",25,2,9,0.238,0.1314,0.3346,0.179605122421383,37,0.00400000000000003,6,0.2032,NA,NA,NA,3.59697187510297,NA,-0.3,NA
2506562,"Matt Cassel","TEN","QB",34,11,13,0.234,0.1562,0.3018,0.128693434175952,38,0.002,6,0.1456,NA,NA,NA,3.49871448227414,NA,NA,NA
2543497,"AJ McCarron","CIN","QB",26,2,9,0.234,0.1562,0.3018,0.128693434175952,38,0.00800000000000001,6,0.1456,NA,NA,NA,3.49871448227414,NA,NA,NA
2555416,"Christian Hackenberg","NYJ","QB",21,0,11,0.23,0.046,0.414,0.325269119345812,40,0.00800000000000001,6,0.368,NA,NA,NA,3.87809719347433,NA,NA,NA
2539287,"Landry Jones","PIT","QB",27,3,8,0.222,0.0796,0.3644,0.251730014102411,41,0.00100000000000003,6,0.2848,NA,NA,NA,3.73616984827714,NA,-0.2,NA
2495974,"Charlie Whitehurst","CLE","QB",34,10,13,0.222,0.1256,0.2984,0.152735064736294,42,0.005,6,0.1728,NA,NA,NA,3.54511380666553,NA,8.38,NA
2532926,"Isaiah Pead","MIA","RB",27,4,8,0.22,0.022,0.198,0.15556349186104,89,0.02,12,0.176,NA,67.5,4.7,4.19243112000375,NA,NA,NA
1037347,"Joe Webb","CAR","QB",30,6,7,0.22,0.044,0.396,0.311126983722081,43,0.013,6,0.352,NA,NA,NA,3.8508034732441,NA,NA,NA
2495472,"Jordan Todman","IND","RB",26,5,10,0.22,0.22,0.22,NA,90,0.04,12,0,NA,NA,NA,NA,NA,NA,NA
2552588,"Brett Hundley","GB","QB",23,1,4,0.214,0.0492,0.3788,0.291327993848858,44,0.016,6,0.3296,NA,NA,NA,3.81259226492178,NA,NA,NA
81306,"Brandon Tate","BUF","WR",29,7,10,0.2,0.2,0.2,0,141,0,10,0,NA,NA,NA,2.50261679731133,NA,0,NA
1037885,"Marc Mariani","TEN","WR",29,6,13,0.2,0.04,0.36,0.282842712474619,141,0.075,10,0.32,NA,NA,NA,2.95144982689758,NA,0,NA
2533349,"Austin Davis","DEN","QB",27,4,11,0.2,0.04,0.36,0.282842712474619,45,0.01,6,0.32,NA,NA,NA,3.79621603278364,NA,NA,NA
2535943,"Sean McGrath","SD","TE",29,4,11,0.2,0.04,0.36,0.282842712474619,69,0.0125,7,0.32,NA,45,7,5.7545582740874,NA,NA,NA
2541940,"Rashad Ross","WAS","WR",26,3,9,0.2,0.04,0.36,0.282842712474619,141,0.15,10,0.32,NA,NA,NA,2.95144982689758,NA,0.8,NA
2555311,"Jerell Adams","NYG","TE",24,0,8,0.2,0.12,0.28,0.14142135623731,69,0.0375,7,0.16,NA,NA,NA,3.14336130806197,NA,2.7,NA
2539275,"Mike Glennon","TB","QB",27,3,6,0.196,0.1748,0.1972,0.0197989898732233,46,0.017,6,0.0224,NA,NA,NA,3.28855283650138,NA,NA,NA
2495425,"Scott Tolzien","IND","QB",29,5,10,0.184,0.0432,0.3248,0.248901586977665,47,0.011,6,0.2816,NA,NA,NA,3.73071110423109,NA,NA,NA
2552464,"Jalston Fowler","TEN","RB",NA,NA,13,0.18,0.155,0.195,0.0353553390593274,91,0.00749999999999998,12,0.04,NA,NA,NA,2.89686567489697,NA,NA,NA
2552636,"Michael Burton","DET","RB",24,1,10,0.18,0.084,0.276,0.169705627484771,92,0.015,12,0.192,NA,56.5,19.5,11.5271561692057,NA,NA,NA
2533353,"Cory Harkey","LA","TE",26,4,8,0.175,0.075,0.275,0.176776695296637,71,0.025,7,0.2,NA,NA,NA,3.21082108685003,NA,NA,NA
2506481,"Dan Orlovsky","DET","QB",33,11,10,0.174,0.0572,0.2908,0.206475180106472,48,0.00600000000000001,6,0.2336,NA,NA,NA,3.6488299435404,NA,NA,NA
2504833,"Shaun Hill","MIN","QB",NA,NA,6,0.172,0.1406,0.1934,0.0466690475583121,49,0.011,6,0.0528,NA,NA,NA,3.34041090493881,NA,NA,NA
2555234,"Tyler Ervin","HOU","RB",23,0,9,0.165,0.387,0.843,0.403050865276332,93,0.00250000000000011,12,0.456,NA,72.8,4.9,4.47828066961011,NA,NA,NA
230,"Jerome Felton","BUF","RB",30,8,10,0.165,0.106,0.154,0.0424264068711929,94,0.00999999999999995,12,0.048,NA,NA,NA,2.90754430057059,NA,0.6,NA
2507282,"Matt Moore","MIA","QB",32,9,8,0.164,0.0392,0.2888,0.220617315730203,50,0.00599999999999995,6,0.2496,NA,NA,NA,3.67612366377063,NA,NA,NA
2508101,"James Develin","NE","RB",28,6,9,0.16,0.109,0.181,0.0636396103067893,95,0.03,12,0.072,NA,NA,NA,2.93958017759146,NA,NA,NA
2539228,"EJ Manuel","BUF","QB",26,3,10,0.158,0.1064,0.1896,0.0735391052434009,51,0.00100000000000003,6,0.0832,NA,NA,NA,3.39226897337625,NA,NA,NA
2542065,"Matt McGloin","OAK","QB",27,3,10,0.158,0.0604,0.2556,0.172534054609518,52,0.015,6,0.1952,NA,NA,NA,3.58332501498785,NA,NA,NA
497123,"Colt McCoy","WAS","QB",30,6,9,0.156,0.1118,0.1902,0.0692964645562817,53,0.047,6,0.0784,NA,NA,NA,3.38408085730718,NA,NA,NA
2507828,"Logan Paulsen","CHI","TE",29,6,9,0.15,0.03,0.27,0.212132034355964,72,0,7,0.24,NA,40.2,4,3.97133685530888,NA,0,NA
2535535,"Phillip Supernaw","TEN","TE",26,4,13,0.15,0.03,0.27,0.212132034355964,72,0.0325,7,0.24,NA,NA,NA,3.27828086563809,NA,NA,NA
2539315,"Stepfan Taylor","ARI","RB",25,3,9,0.15,0.03,0.27,0.212132034355964,96,0.045,12,0.24,NA,76,3.1,3.44335682015464,NA,-0.2,NA
2550454,"Asante Cleveland","SD","TE",24,2,11,0.15,0.03,0.27,0.212132034355964,72,0.1075,7,0.24,NA,NA,NA,3.27828086563809,NA,NA,NA
2543640,"Tom Savage","HOU","QB",26,2,9,0.13,0.042,0.218,0.15556349186104,54,0.044,6,0.176,NA,NA,NA,3.55057255071158,NA,NA,NA
2552477,"Aaron Ripkowski","GB","RB",NA,NA,4,0.11,0.1,0.1,1.38777878078145e-17,97,0.06,12,1.38777878078145e-17,NA,NA,NA,2.84347254652885,NA,1.7,NA
2539265,"Rex Burkhead","CIN","RB",26,3,9,0.1,0.01,0.09,0.0707106781186548,98,0.1,12,0.08,NA,NA,NA,2.95025880326508,NA,NA,NA
81284,"Chase Daniel","PHI","QB",30,7,4,0.088,0.0304,0.1456,0.101823376490863,55,0.014,6,0.1152,NA,NA,NA,3.44685641383671,NA,NA,NA
2536342,"Brandon Bostick","NYJ","TE",27,4,11,0.085,0.073,0.097,0.0212132034355964,75,0.085,7,0.024,NA,NA,NA,2.91399806018257,NA,0.9,NA
2539308,"Matt Barkley","CHI","QB",26,3,9,0.084,0.0232,0.1448,0.107480230740355,56,0.052,7,0.1216,NA,NA,NA,3.4577739019288,NA,NA,NA
2506895,"Kellen Clemens","SD","QB",33,10,11,0.064,0.0192,0.1088,0.0791959594928933,57,0.064,7,0.0896,NA,NA,NA,3.40318646146834,NA,NA,NA
4487,"Matthew Slater","NE","WR",31,8,9,0.05,0.01,0.09,0.0707106781186548,144,0,10,0.08,NA,NA,NA,2.6148250547079,NA,0,NA
2507029,"Eric Weems","ATL","WR",31,9,11,0.05,0.01,0.09,0.0707106781186548,144,0.025,10,0.08,NA,NA,NA,2.6148250547079,NA,0,NA
2535988,"Brittan Golden","FA","WR",28,4,NA,0.05,0.01,0.09,0.0707106781186548,144,0.05,10,0.08,NA,NA,NA,2.6148250547079,NA,0,NA
184,"Donnie Avery","FA","WR",32,8,NA,0,0,0,NA,147,0,10,0,NA,NA,NA,NA,NA,NA,NA
206,"Andre Caldwell","DET","WR",31,8,10,0,0,0,0,147,0,10,0,NA,NA,NA,2.50261679731133,NA,NA,NA
216,"Fred Davis","FA","TE",30,8,NA,0,0,0,NA,76,0,7,0,NA,NA,NA,NA,NA,NA,NA
252,"Chad Henne","JAC","QB",31,8,5,0,0,0,NA,58,0,8,0,NA,NA,NA,NA,NA,NA,NA
262,"Chris Johnson","ARI","RB",31,8,9,0,0,0,NA,99,0,12,0,NA,NA,NA,NA,NA,NA,NA
264,"Josh Johnson","NYG","QB",30,8,8,0,0,0,0,58,0,8,0,NA,NA,NA,3.25034162817905,NA,NA,NA
284,"Darren McFadden","DAL","RB",29,8,7,0,0,0,NA,99,0,12,0,NA,NA,NA,NA,NA,NA,NA
318,"Jerome Simpson","FA","WR",30,8,NA,0,0,0,NA,147,0,10,0,NA,NA,NA,NA,NA,NA,NA
367,"Matt Flynn","NO","QB",31,8,5,0,0,0,NA,58,0,8,0,NA,NA,NA,NA,NA,NA,NA
768,"Steve Johnson","SD","WR",30,8,11,0,0,0,NA,147,0,10,0,NA,NA,NA,NA,NA,NA,NA
925,"Jamaal Charles","KC","RB",30,8,5,0,0,0,NA,99,0,12,0,NA,NA,NA,NA,NA,NA,NA
927,"Justin Forsett","BAL","RB",31,8,8,0,0,0,0,99,0,12,0,NA,NA,NA,2.84347254652885,NA,NA,NA
941,"Ray Rice","FA","RB",29,8,NA,0,0,0,NA,99,0,12,0,NA,NA,NA,NA,NA,NA,NA
1030,"Mario Manningham","FA","WR",30,8,NA,0,0,0,NA,147,0,10,0,NA,NA,NA,NA,NA,NA,NA
1966,"John Carlson","FA","TE",32,8,NA,0,0,0,NA,76,0,7,0,NA,NA,NA,NA,NA,NA,NA
4231,"Jed Collins","FA","RB",30,8,NA,0,0,0,NA,99,0,12,0,NA,NA,NA,NA,NA,NA,NA
4381,"Garrett Hartley","FA","K",30,8,NA,0,0,0,NA,29,0,7,0,NA,NA,NA,NA,NA,NA,NA
4383,"Tim Hightower","NO","RB",30,8,5,0,0,0,NA,99,0,12,0,NA,NA,NA,NA,NA,NA,NA
4433,"Marcel Reece","FA","RB",31,8,NA,0,0,0,0,99,0,12,0,NA,NA,NA,2.84347254652885,NA,NA,NA
71247,"James Casey","FA","TE",32,7,NA,0,0,0,NA,76,0,7,0,NA,NA,NA,NA,NA,NA,NA
71255,"Chase Coffman","IND","TE",30,7,10,0,0,0,0,76,0,7,0,NA,NA,NA,2.87352219290974,NA,NA,NA
71265,"Jared Cook","GB","TE",29,7,4,0,0,0,NA,76,0,7,0,NA,NA,NA,NA,NA,NA,NA
71431,"Brandon Pettigrew","DET","TE",31,7,10,0,0,0,NA,76,0,7,0,NA,NA,NA,NA,NA,NA,NA
79555,"Arian Foster","MIA","RB",30,7,8,0,0,0,NA,99,0,12,0,NA,NA,NA,NA,NA,NA,NA
79557,"Josh Freeman","FA","QB",28,7,NA,0,0,0,NA,58,0,8,0,NA,NA,NA,NA,NA,NA,NA
79563,"Shonn Greene","FA","RB",31,7,NA,0,0,0,NA,99,0,12,0,NA,NA,NA,NA,NA,NA,NA
79619,"Knowshon Moreno","FA","RB",29,7,NA,0,0,0,NA,99,0,12,0,NA,NA,NA,NA,NA,NA,NA
79625,"Bear Pascoe","NE","TE",30,7,9,0,0,0,NA,76,0,7,0,NA,NA,NA,NA,NA,NA,NA
79629,"Cedric Peerman","CIN","RB",30,7,9,0,0,0,NA,99,0,12,0,NA,NA,NA,NA,NA,NA,NA
80429,"Jeremy Maclin","KC","WR",28,7,5,0,0,0,NA,147,0,10,0,NA,NA,NA,NA,NA,NA,NA
80674,"Chris Ogbonnaya","FA","RB",30,7,NA,0,0,0,NA,99,0,12,0,NA,NA,NA,NA,NA,NA,NA
81288,"Brandon Gibson","NE","WR",29,7,9,0,0,0,NA,147,0,10,0,NA,NA,NA,NA,NA,NA,NA
81831,"Brian Hartline","FA","WR",30,7,NA,0,0,0,NA,147,0,10,0,NA,NA,NA,NA,NA,NA,NA
89798,"Antone Smith","NYJ","RB",31,7,11,0,0,0,NA,99,0,12,0,NA,NA,NA,NA,NA,NA,NA
100015,"Jaguars","JAC","DST",NA,NA,5,0,0,0,NA,29,0,0,0,NA,NA,NA,NA,NA,NA,NA
100016,"Chiefs","KC","DST",NA,NA,5,0,0,0,NA,29,0,0,0,NA,NA,NA,NA,NA,NA,NA
100022,"Saints","NO","DST",NA,NA,5,0,0,0,NA,29,0,6,0,NA,NA,NA,NA,NA,NA,NA
100030,"Seahawks","SEA","DST",NA,NA,5,0,0,0,NA,29,NA,6,0,NA,NA,NA,NA,NA,NA,NA
163982,"Will Johnson","NYG","RB",27,5,8,0,0,0,NA,99,0,12,0,NA,NA,NA,NA,NA,NA,NA
496812,"Erik Lorig","FA","RB",30,6,NA,0,0,0,NA,99,0,12,0,NA,NA,NA,NA,NA,NA,NA
497108,"Jimmy Clausen","FA","QB",28,6,NA,0,0,0,NA,58,0,8,0,NA,NA,NA,NA,NA,NA,NA
497121,"Thad Lewis","SF","QB",29,6,8,0,0,0,NA,58,0,8,0,NA,NA,NA,NA,NA,NA,NA
497172,"Anthony Dixon","FA","RB",29,6,NA,0,0,0,NA,99,0,12,0,NA,NA,NA,NA,NA,NA,NA
497174,"Jonathan Dwyer","FA","RB",27,6,NA,0,0,0,NA,99,0,12,0,NA,NA,NA,NA,NA,NA,NA
497176,"Toby Gerhart","FA","RB",29,6,NA,0,0,0,NA,99,0,12,0,NA,NA,NA,NA,NA,NA,NA
497218,"Trindon Holliday","FA","WR",30,6,NA,0,0,0,NA,147,0,10,0,NA,NA,NA,NA,NA,NA,NA
497226,"Jim Dray","BUF","TE",30,6,10,0,0,0,0,76,0,7,0,NA,NA,NA,2.87352219290974,NA,NA,NA
497234,"Garrett Graham","DEN","TE",30,6,11,0,0,0,NA,76,0,7,0,NA,NA,NA,NA,NA,NA,NA
497236,"Jimmy Graham","SEA","TE",30,6,5,0,0,0,NA,76,0,7,0,NA,NA,NA,NA,NA,NA,NA
497246,"Michael Hoomanawanui","NO","TE",28,6,5,0,0,0,NA,76,0,7,0,NA,NA,NA,NA,NA,NA,NA
497250,"Anthony McCoy","FA","TE",29,6,NA,0,0,0,NA,76,0,7,0,NA,NA,NA,NA,NA,NA,NA
497256,"Tony Moeaki","FA","TE",29,6,NA,0,0,0,0,76,0,7,0,NA,NA,NA,2.87352219290974,NA,NA,NA
497260,"Seyi Ajirotutu","PHI","WR",29,6,4,0,0,0,NA,147,0,10,0,NA,NA,NA,NA,NA,NA,NA
497282,"Riley Cooper","FA","WR",29,6,NA,0,0,0,0,147,0,10,0,NA,NA,NA,2.50261679731133,NA,NA,NA
497284,"Eric Decker","NYJ","WR",29,6,11,0,0,0,NA,147,0,10,0,NA,NA,NA,NA,NA,NA,NA
497286,"Marcus Easley","BUF","WR",29,6,10,0,0,0,NA,147,0,10,0,NA,NA,NA,NA,NA,NA,NA
497288,"Jacoby Ford","FA","WR",29,6,NA,0,0,0,NA,147,0,10,0,NA,NA,NA,NA,NA,NA,NA
1037366,"Michael Palmer","FA","TE",28,6,NA,0,0,0,NA,76,0,7,0,NA,NA,NA,NA,NA,NA,NA
1037847,"Deji Karim","FA","RB",30,6,NA,0,0,0,NA,99,0,12,0,NA,NA,NA,NA,NA,NA,NA
2495150,"Kai Forbath","FA","K",29,5,NA,0,0,0,NA,29,0,7,0,NA,NA,NA,NA,NA,NA,NA
2495158,"Leonard Hankerson","FA","WR",28,5,NA,0,0,0,NA,147,0,10,0,NA,NA,NA,NA,NA,NA,NA
2495161,"Roy Helu","FA","RB",28,5,NA,0,0,0,NA,99,0,12,0,NA,NA,NA,NA,NA,NA,NA
2495162,"Alex Henery","FA","K",29,5,NA,0,0,0,NA,29,0,7,0,NA,NA,NA,NA,NA,NA,NA
2495172,"Kendall Hunter","NO","RB",28,5,5,0,0,0,NA,99,0,12,0,NA,NA,NA,NA,NA,NA,NA
2495179,"Jerrel Jernigan","FA","WR",27,5,NA,0,0,0,NA,147,0,10,0,NA,NA,NA,NA,NA,NA,NA
2495181,"Jerrod Johnson","DAL","QB",28,5,7,0,0,0,NA,58,0,8,0,NA,NA,NA,NA,NA,NA,NA
2495192,"Greg Little","FA","WR",27,5,NA,0,0,0,NA,147,0,10,0,NA,NA,NA,NA,NA,NA,NA
2495215,"Christian Ponder","SF","QB",28,5,8,0,0,0,0,58,0,8,0,NA,NA,NA,3.25034162817905,NA,NA,NA
2495267,"Jordan Cameron","MIA","TE",28,5,8,0,0,0,NA,76,0,7,0,NA,NA,NA,NA,NA,NA,NA
2495306,"Ricardo Lockette","FA","WR",30,5,NA,0,0,0,NA,147,0,10,0,NA,NA,NA,NA,NA,NA,NA
2495314,"Bruce Miller","FA","RB",29,5,NA,0,0,0,0,99,0,12,0,NA,NA,NA,2.84347254652885,NA,NA,NA
2495340,"Anthony Sherman","KC","RB",28,5,5,0,0,0,NA,99,0,12,0,NA,NA,NA,NA,NA,NA,NA
2495449,"Tandon Doss","FA","WR",27,5,NA,0,0,0,NA,147,0,10,0,NA,NA,NA,NA,NA,NA,NA
2495455,"Cam Newton","CAR","QB",27,5,7,0,0,0,NA,58,0,8,0,NA,NA,NA,NA,NA,NA,NA
2495466,"Mark Ingram","NO","RB",27,5,5,0,0,0,NA,99,0,12,0,NA,NA,NA,NA,NA,NA,NA
2495469,"Dion Lewis","NE","RB",26,5,9,0,0,0,NA,99,0,12,0,NA,NA,NA,NA,NA,NA,NA
2495470,"Stevan Ridley","FA","RB",27,5,NA,0,0,0,0,99,0,12,0,NA,NA,NA,2.84347254652885,NA,NA,NA
2495558,"Dwayne Bowe","FA","WR",32,9,NA,0,0,0,0,147,0,10,0,NA,NA,NA,2.50261679731133,NA,NA,NA
2495560,"Ahmad Bradshaw","FA","RB",30,9,NA,0,0,0,NA,99,0,12,0,NA,NA,NA,NA,NA,NA,NA
2495573,"Scott Chandler","FA","TE",31,9,NA,0,0,0,NA,76,0,7,0,NA,NA,NA,NA,NA,NA,NA
2495651,"Jacoby Jones","FA","WR",32,9,NA,0,0,0,NA,147,0,10,0,NA,NA,NA,NA,NA,NA,NA
2495660,"Brian Leonard","FA","RB",32,9,NA,0,0,0,NA,99,0,12,0,NA,NA,NA,NA,NA,NA,NA
2495663,"Marshawn Lynch","FA","RB",30,9,NA,0,0,0,NA,99,0,12,0,NA,NA,NA,NA,NA,NA,NA
2495801,"Miles Austin","FA","WR",32,10,NA,0,0,0,NA,147,0,10,0,NA,NA,NA,NA,NA,NA,NA
2495802,"Jason Avant","KC","WR",33,10,5,0,0,0,NA,147,0,10,0,NA,NA,NA,NA,NA,NA,NA
2495821,"Marques Colston","FA","WR",33,10,NA,0,0,0,NA,147,0,10,0,NA,NA,NA,NA,NA,NA,NA
2495824,"Jay Cutler","CHI","QB",33,10,9,0,0,0,NA,58,0,8,0,NA,NA,NA,NA,NA,NA,NA
2495825,"Owen Daniels","FA","TE",34,10,NA,0,0,0,NA,76,0,7,0,NA,NA,NA,NA,NA,NA,NA
2495838,"Bruce Gradkowski","PIT","QB",33,10,8,0,0,0,NA,58,0,8,0,NA,NA,NA,NA,NA,NA,NA
2495843,"Derek Hagan","FA","WR",32,10,NA,0,0,0,NA,147,0,10,0,NA,NA,NA,NA,NA,NA,NA
2495863,"Tarvaris Jackson","FA","QB",33,10,NA,0,0,0,NA,58,0,8,0,NA,NA,NA,NA,NA,NA,NA
2495867,"Greg Jennings","FA","WR",33,10,NA,0,0,0,NA,147,0,10,0,NA,NA,NA,NA,NA,NA,NA
2495888,"Marcedes Lewis","JAC","TE",32,10,5,0,0,0,NA,76,0,7,0,NA,NA,NA,NA,NA,NA,NA
2499248,"Kris Durham","FA","WR",28,5,NA,0,0,0,NA,147,0,10,0,NA,NA,NA,NA,NA,NA,NA
2499255,"Richard Gordon","BAL","TE",29,5,8,0,0,0,NA,76,0,7,0,NA,NA,NA,NA,NA,NA,NA
2499277,"David Ausberry","FA","TE",29,5,NA,0,0,0,NA,76,0,7,0,NA,NA,NA,NA,NA,NA,NA
2504162,"Shayne Graham","FA","K",NA,NA,NA,0,0,0,0,29,0,8,0,NA,NA,NA,1.98104138447392,NA,NA,NA
2504775,"Drew Brees","NO","QB",37,15,5,0,0,0,NA,58,0,8,0,NA,NA,NA,NA,NA,NA,NA
2504941,"Billy Cundiff","FA","K",36,14,NA,0,0,0,NA,29,0,7,0,NA,NA,NA,NA,NA,NA,NA
2505076,"Josh McCown","CLE","QB",37,14,13,0,0,0,NA,58,0,8,0,NA,NA,NA,NA,NA,NA,NA
2505245,"Carson Palmer","ARI","QB",37,13,9,0,0,0,NA,58,0,8,0,NA,NA,NA,NA,NA,NA,NA
2505354,"Tony Romo","DAL","QB",36,13,7,0,0,0,NA,58,0,8,0,NA,NA,NA,NA,NA,NA,NA
2505936,"Steven Jackson","NE","RB",33,12,9,0,0,0,NA,99,0,12,0,NA,NA,NA,NA,NA,NA,NA
2506004,"Jerricho Cotchery","FA","WR",34,12,NA,0,0,0,NA,147,0,10,0,NA,NA,NA,NA,NA,NA,NA
2506053,"Luke McCown","NO","QB",35,12,5,0,0,0,NA,58,0,8,0,NA,NA,NA,NA,NA,NA,NA
2506063,"Josh Scobee","FA","K",34,12,NA,0,0,0,NA,29,0,7,0,NA,NA,NA,NA,NA,NA,NA
2506147,"John Kuhn","NO","RB",34,10,5,0,0,0,NA,99,0,12,0,NA,NA,NA,NA,NA,NA,NA
2506222,"Josh Cribbs","FA","WR",33,11,NA,0,0,0,NA,147,0,10,0,NA,NA,NA,NA,NA,NA,NA
2506264,"Robbie Gould","FA","K",34,11,NA,0,0,0,0,29,0,7,0,NA,NA,NA,1.98104138447392,NA,NA,NA
2506341,"Ronnie Brown","FA","RB",35,11,NA,0,0,0,NA,99,0,12,0,NA,NA,NA,NA,NA,NA,NA
2506619,"Daniel Fells","NYG","TE",33,10,8,0,0,0,NA,76,0,7,0,NA,NA,NA,NA,NA,NA,NA
2506871,"Fred Jackson","FA","RB",35,10,NA,0,0,0,NA,99,0,12,0,NA,NA,NA,NA,NA,NA,NA
2506885,"Santonio Holmes","FA","WR",32,10,NA,0,0,0,NA,147,0,10,0,NA,NA,NA,NA,NA,NA,NA
2506897,"Devin Hester","BAL","WR",34,10,8,0,0,0,0,147,0,10,0,NA,NA,NA,2.50261679731133,NA,0,NA
2507164,"Adrian Peterson","MIN","RB",31,9,6,0,0,0,NA,99,0,12,0,NA,NA,NA,NA,NA,NA,NA
2507170,"Zach Miller","FA","TE",31,9,NA,0,0,0,NA,76,0,7,0,NA,NA,NA,NA,NA,NA,NA
2507183,"James Jones","FA","WR",32,9,NA,0,0,0,0,147,0,10,0,NA,NA,NA,2.50261679731133,NA,NA,NA
2507237,"Jordan Palmer","FA","QB",32,9,NA,0,0,0,NA,58,0,8,0,NA,NA,NA,NA,NA,NA,NA
2507278,"Jackie Battle","FA","RB",33,9,NA,0,0,0,NA,99,0,12,0,NA,NA,NA,NA,NA,NA,NA
2507374,"Steven Hauschka","SEA","K",NA,NA,5,0,0,0,NA,29,0,7,0,NA,NA,NA,NA,NA,NA,NA
2507405,"Matthew Mulligan","FA","TE",31,8,NA,0,0,0,NA,76,0,7,0,NA,NA,NA,NA,NA,NA,NA
2507779,"Donald Brown","FA","RB",29,7,NA,0,0,0,NA,99,0,12,0,NA,NA,NA,NA,NA,NA,NA
2507883,"Jeff Cumberland","SD","TE",29,6,11,0,0,0,NA,76,0,7,0,NA,NA,NA,NA,NA,NA,NA
2507999,"Chris Ivory","JAC","RB",28,6,5,0,0,0,NA,99,0,12,0,NA,NA,NA,NA,NA,NA,NA
2508051,"John Conner","FA","RB",29,6,NA,0,0,0,NA,99,0,12,0,NA,NA,NA,NA,NA,NA,NA
2508096,"Tyler Clutts","FA","RB",32,6,NA,0,0,0,NA,99,0,12,0,NA,NA,NA,NA,NA,NA,NA
2508112,"Rob Housler","FA","TE",28,5,NA,0,0,0,0,76,0,7,0,NA,NA,NA,2.87352219290974,NA,NA,NA
2508115,"Vincent Brown","FA","WR",27,5,NA,0,0,0,0,147,0,10,0,NA,NA,NA,2.50261679731133,NA,NA,NA
2530516,"Robert Hughes","FA","RB",27,5,NA,0,0,0,NA,99,0,12,0,NA,NA,NA,NA,NA,NA,NA
2530575,"Drew Davis","FA","WR",27,4,NA,0,0,0,NA,147,0,10,0,NA,NA,NA,NA,NA,NA,NA
2530690,"DuJuan Harris","FA","RB",28,5,NA,0,0,0,0,99,0,12,0,NA,NA,NA,2.84347254652885,NA,NA,NA
2530699,"Henry Hynoski","FA","RB",28,5,NA,0,0,0,NA,99,0,12,0,NA,NA,NA,NA,NA,NA,NA
2530713,"Jeff Maehl","FA","WR",27,5,NA,0,0,0,NA,147,0,10,0,NA,NA,NA,NA,NA,NA,NA
2530747,"Doug Baldwin","SEA","WR",28,5,5,0,0,0,NA,147,0,10,0,NA,NA,NA,NA,NA,NA,NA
2531218,"Chase Reynolds","LA","RB",29,4,8,0,0,0,NA,99,0,12,0,NA,NA,NA,NA,NA,NA,NA
2532797,"Brandon Bolden","NE","RB",26,4,9,0,0,0,NA,99,0,12,0,NA,NA,NA,NA,NA,NA,NA
2532799,"Jarrett Boykin","FA","WR",27,4,NA,0,0,0,NA,147,0,10,0,NA,NA,NA,NA,NA,NA,NA
2532802,"LaVon Brazill","FA","WR",27,4,NA,0,0,0,NA,147,0,10,0,NA,NA,NA,NA,NA,NA,NA
2532807,"Ryan Broyles","FA","WR",28,4,NA,0,0,0,NA,147,0,10,0,NA,NA,NA,NA,NA,NA,NA
2532823,"Juron Criner","FA","WR",27,4,NA,0,0,0,NA,147,0,10,0,NA,NA,NA,NA,NA,NA,NA
2532835,"Rhett Ellison","MIN","TE",28,4,6,0,0,0,NA,76,0,7,0,NA,NA,NA,NA,NA,NA,NA
2532838,"Coby Fleener","NO","TE",28,4,5,0,0,0,NA,76,0,7,0,NA,NA,NA,NA,NA,NA,NA
2532842,"Nick Foles","KC","QB",27,4,5,0,0,0,NA,58,0,8,0,NA,NA,NA,NA,NA,NA,NA
2532850,"T.J. Graham","FA","WR",27,4,NA,0,0,0,NA,147,0,10,0,NA,NA,NA,NA,NA,NA,NA
2532851,"Cyrus Gray","ATL","RB",27,4,11,0,0,0,NA,99,0,12,0,NA,NA,NA,NA,NA,NA,NA
2532853,"Ladarius Green","PIT","TE",26,4,8,0,0,0,NA,76,0,7,0,NA,NA,NA,NA,NA,NA,NA
2532862,"Junior Hemingway","FA","WR",28,4,NA,0,0,0,NA,147,0,10,0,NA,NA,NA,NA,NA,NA,NA
2532864,"Dan Herron","FA","RB",27,4,NA,0,0,0,0,99,0,12,0,NA,NA,NA,2.84347254652885,NA,NA,NA
2532876,"A.J. Jenkins","FA","WR",26,4,NA,0,0,0,NA,147,0,10,0,NA,NA,NA,NA,NA,NA,NA
2532887,"Jermaine Kearse","SEA","WR",26,4,5,0,0,0,NA,147,0,10,0,NA,NA,NA,NA,NA,NA,NA
2532894,"Ryan Lindley","FA","QB",27,4,NA,0,0,0,NA,58,0,8,0,NA,NA,NA,NA,NA,NA,NA
2532899,"Doug Martin","TB","RB",27,4,6,0,0,0,NA,99,0,12,0,NA,NA,NA,NA,NA,NA,NA
2532917,"Kellen Moore","DAL","QB",27,4,7,0,0,0,NA,58,0,8,0,NA,NA,NA,NA,NA,NA,NA
2532960,"Nick Toon","FA","WR",28,4,NA,0,0,0,NA,147,0,10,0,NA,NA,NA,NA,NA,NA,NA
2532970,"Brandon Weeden","HOU","QB",33,4,9,0,0,0,NA,58,0,8,0,NA,NA,NA,NA,NA,NA,NA
2533012,"Vick Ballard","FA","RB",26,4,NA,0,0,0,NA,99,0,12,0,NA,NA,NA,NA,NA,NA,NA
2533028,"James Hanna","DAL","TE",27,4,7,0,0,0,NA,76,0,7,0,NA,NA,NA,NA,NA,NA,NA
2533030,"Jonas Gray","FA","RB",26,4,NA,0,0,0,NA,99,0,12,0,NA,NA,NA,NA,NA,NA,NA
2533032,"Trent Richardson","FA","RB",25,4,NA,0,0,0,NA,99,0,12,0,NA,NA,NA,NA,NA,NA,NA
2533033,"Robert Griffin","CLE","QB",26,4,13,0,0,0,NA,58,0,8,0,NA,NA,NA,NA,NA,NA,NA
2533036,"LaMichael James","FA","RB",27,4,NA,0,0,0,NA,99,0,12,0,NA,NA,NA,NA,NA,NA,NA
2533037,"Chris Polk","HOU","RB",27,4,9,0,0,0,NA,99,0,12,0,NA,NA,NA,NA,NA,NA,NA
2533038,"Justin Blackmon","JAC","WR",26,4,5,0,0,0,NA,147,0,10,0,NA,NA,NA,NA,NA,NA,NA
2533047,"Orson Charles","DET","TE",25,4,10,0,0,0,0,76,0,7,0,NA,NA,NA,2.87352219290974,NA,NA,NA
2533444,"Randy Bullock","FA","K",27,4,NA,0,0,0,0,29,0,7,0,NA,NA,NA,1.98104138447392,NA,NA,NA
2533533,"Rueben Randle","FA","WR",25,4,NA,0,0,0,NA,147,0,10,0,NA,NA,NA,NA,NA,NA,NA
2533537,"Stephen Hill","FA","WR",25,4,NA,0,0,0,NA,147,0,10,0,NA,NA,NA,NA,NA,NA,NA
2533540,"Edwin Baker","FA","RB",25,4,NA,0,0,0,NA,99,0,12,0,NA,NA,NA,NA,NA,NA,NA
2533545,"Bernard Pierce","FA","RB",25,4,NA,0,0,0,NA,99,0,12,0,NA,NA,NA,NA,NA,NA,NA
2534241,"Derek Carrier","WAS","TE",26,4,9,0,0,0,NA,76,0,7,0,NA,NA,NA,NA,NA,NA,NA
2534244,"Chase Ford","FA","TE",26,4,NA,0,0,0,NA,76,0,7,0,NA,NA,NA,NA,NA,NA,NA
2534437,"Austin Johnson","FA","RB",27,3,NA,0,0,0,NA,99,0,12,0,NA,NA,NA,NA,NA,NA,NA
2534770,"Jonathan Grimes","HOU","RB",27,4,9,0,0,0,NA,99,0,12,0,NA,NA,NA,NA,NA,NA,NA
2534789,"Daryl Richardson","FA","RB",26,4,NA,0,0,0,0,99,0,12,0,NA,NA,NA,2.84347254652885,NA,NA,NA
2534796,"Bryce Brown","FA","RB",25,4,NA,0,0,0,NA,99,0,12,0,NA,NA,NA,NA,NA,NA,NA
2534870,"Alex Tanney","FA","QB",29,4,NA,0,0,0,NA,58,0,8,0,NA,NA,NA,NA,NA,NA,NA
2534871,"Derrick Coleman","FA","RB",26,4,NA,0,0,0,NA,99,0,12,0,NA,NA,NA,NA,NA,NA,NA
2534889,"Matt Simms","FA","QB",28,4,NA,0,0,0,NA,58,0,8,0,NA,NA,NA,NA,NA,NA,NA
2535634,"Chris Givens","FA","WR",27,4,NA,0,0,0,0,147,0,10,0,NA,NA,NA,2.50261679731133,NA,NA,NA
2535696,"Joe Banyard","JAC","RB",28,4,5,0,0,0,NA,99,0,12,0,NA,NA,NA,NA,NA,NA,NA
2535882,"Mike Brown","FA","WR",27,4,NA,0,0,0,NA,147,0,10,0,NA,NA,NA,NA,NA,NA,NA
2535890,"Travaris Cadet","NO","RB",27,4,5,0,0,0,NA,99,0,12,0,NA,NA,NA,NA,NA,NA,NA
2536031,"Damaris Johnson","FA","WR",27,4,NA,0,0,0,NA,147,0,10,0,NA,NA,NA,NA,NA,NA,NA
2536071,"Cooper Helfet","FA","TE",27,5,NA,0,0,0,NA,76,0,7,0,NA,NA,NA,NA,NA,NA,NA
2536532,"Jorvorskie Lane","FA","RB",29,4,NA,0,0,0,NA,99,0,12,0,NA,NA,NA,NA,NA,NA,NA
2537931,"Josh Gordon","CLE","WR",25,4,13,0,0,0,NA,147,0,10,0,NA,NA,NA,NA,NA,NA,NA
2537933,"Larry Donnell","NYG","TE",28,4,8,0,0,0,NA,76,0,7,0,NA,NA,NA,NA,NA,NA,NA
2539202,"Chris Gragg","BUF","TE",26,3,10,0,0,0,NA,76,0,7,0,NA,NA,NA,NA,NA,NA,NA
2539203,"Cobi Hamilton","FA","WR",26,3,NA,0,0,0,NA,147,0,10,0,NA,NA,NA,NA,NA,NA,NA
2539214,"Kenbrell Thompkins","FA","WR",28,3,NA,0,0,0,NA,147,0,10,0,NA,NA,NA,NA,NA,NA,NA
2539246,"Chris Harper","FA","WR",27,3,NA,0,0,0,NA,147,0,10,0,NA,NA,NA,NA,NA,NA,NA
2539256,"Aaron Dobson","DET","WR",25,3,10,0,0,0,0,147,0,10,0,NA,NA,NA,2.50261679731133,NA,NA,NA
2539258,"Zac Dysert","ARI","QB",26,3,9,0,0,0,NA,58,0,8,0,NA,NA,NA,NA,NA,NA,NA
2539260,"Denard Robinson","JAC","RB",26,3,5,0,0,0,NA,99,0,12,0,NA,NA,NA,NA,NA,NA,NA
2539322,"Christine Michael","SEA","RB",26,3,5,0,0,0,NA,99,0,12,0,NA,NA,NA,NA,NA,NA,NA
2539327,"Joseph Fauria","FA","TE",26,3,NA,0,0,0,NA,76,0,7,0,NA,NA,NA,NA,NA,NA,NA
2539341,"Montee Ball","FA","RB",26,3,NA,0,0,0,NA,99,0,12,0,NA,NA,NA,NA,NA,NA,NA
2539674,"Rodney Smith","FA","WR",26,3,NA,0,0,0,NA,147,0,10,0,NA,NA,NA,NA,NA,NA,NA
2539980,"Kerwynn Williams","ARI","RB",25,3,9,0,0,0,NA,99,0,12,0,NA,NA,NA,NA,NA,NA,NA
2540005,"Marlon Brown","FA","WR",25,3,NA,0,0,0,0,147,0,10,0,NA,NA,NA,2.50261679731133,NA,NA,NA
2540148,"Tyler Eifert","CIN","TE",26,3,9,0,0,0,NA,76,0,7,0,NA,NA,NA,NA,NA,NA,NA
2540154,"Keenan Allen","SD","WR",24,3,11,0,0,0,NA,147,0,10,0,NA,NA,NA,NA,NA,NA,NA
2540157,"Stedman Bailey","LA","WR",26,3,8,0,0,0,NA,147,0,10,0,NA,NA,NA,NA,NA,NA,NA
2540171,"Joseph Randle","FA","RB",25,3,NA,0,0,0,NA,99,0,12,0,NA,NA,NA,NA,NA,NA,NA
2540173,"Tyler Bray","KC","QB",25,3,5,0,0,0,NA,58,0,8,0,NA,NA,NA,NA,NA,NA,NA
2540178,"Knile Davis","KC","RB",25,3,5,0,0,0,NA,99,0,12,0,NA,NA,NA,NA,NA,NA,NA
2540181,"Josh Boyce","FA","WR",25,3,NA,0,0,0,NA,147,0,10,0,NA,NA,NA,NA,NA,NA,NA
2540224,"Mike James","FA","RB",25,3,NA,0,0,0,NA,99,0,12,0,NA,NA,NA,NA,NA,NA,NA
2540225,"Tommy Bohanon","FA","RB",26,3,NA,0,0,0,0,99,0,12,0,NA,NA,NA,2.84347254652885,NA,NA,NA
2540233,"Nick Kasa","FA","TE",26,3,NA,0,0,0,NA,76,0,7,0,NA,NA,NA,NA,NA,NA,NA
2540257,"Justice Cunningham","FA","TE",25,3,NA,0,0,0,NA,76,0,7,0,NA,NA,NA,NA,NA,NA,NA
2540258,"Travis Kelce","KC","TE",27,3,5,0,0,0,NA,76,0,7,0,NA,NA,NA,NA,NA,NA,NA
2540261,"Corey Fuller","DET","WR",26,3,10,0,0,0,NA,147,0,10,0,NA,NA,NA,NA,NA,NA,NA
2540263,"Sean Renfree","FA","QB",26,3,NA,0,0,0,NA,58,0,8,0,NA,NA,NA,NA,NA,NA,NA
2540279,"Nick Williams","FA","WR",26,3,NA,0,0,0,NA,147,0,10,0,NA,NA,NA,NA,NA,NA,NA
2540928,"Darren Fells","ARI","TE",30,4,9,0,0,0,NA,76,0,7,0,NA,NA,NA,NA,NA,NA,NA
2541161,"Latavius Murray","OAK","RB",26,3,10,0,0,0,NA,99,0,12,0,NA,NA,NA,NA,NA,NA,NA
2541185,"Ryan Griffin","TB","QB",27,3,6,0,0,0,NA,58,0,8,0,NA,NA,NA,NA,NA,NA,NA
2541187,"Demetrius Harris","KC","TE",25,3,5,0,0,0,NA,76,0,7,0,NA,NA,NA,NA,NA,NA,NA
2541314,"Justin Brown","FA","WR",25,3,NA,0,0,0,NA,147,0,10,0,NA,NA,NA,NA,NA,NA,NA
2541390,"Kevin Dorsey","NE","WR",26,3,9,0,0,0,NA,147,0,10,0,NA,NA,NA,NA,NA,NA,NA
2541429,"B.J. Daniels","FA","QB",27,3,NA,0,0,0,NA,58,0,8,0,NA,NA,NA,NA,NA,NA,NA
2541432,"Michael Cox","FA","RB",27,3,NA,0,0,0,NA,99,0,12,0,NA,NA,NA,NA,NA,NA,NA
2541512,"Brian Leonhardt","OAK","TE",26,3,10,0,0,0,NA,76,0,7,0,NA,NA,NA,NA,NA,NA,NA
2541778,"Kendall Gaskins","FA","RB",26,3,NA,0,0,0,NA,99,0,12,0,NA,NA,NA,NA,NA,NA,NA
2541828,"Frankie Hammond","FA","WR",NA,NA,NA,0,0,0,NA,147,0,10,0,NA,NA,NA,NA,NA,NA,NA
2541834,"Josh Hill","NO","TE",26,3,5,0,0,0,NA,76,0,7,0,NA,NA,NA,NA,NA,NA,NA
2541910,"George Winn","FA","RB",26,3,NA,0,0,0,NA,99,0,12,0,NA,NA,NA,NA,NA,NA,NA
2542022,"Khiry Robinson","FA","RB",27,3,NA,0,0,0,0,99,0,12,0,NA,NA,NA,2.84347254652885,NA,NA,NA
2542060,"Jordan Gay","BUF","K",NA,NA,10,0,0,0,NA,29,0,7,0,NA,NA,NA,NA,NA,NA,NA
2543462,"Johnny Manziel","FA","QB",24,2,NA,0,0,0,NA,58,0,8,0,NA,NA,NA,NA,NA,NA,NA
2543465,"Teddy Bridgewater","MIN","QB",24,2,6,0,0,0,NA,58,0,8,0,NA,NA,NA,NA,NA,NA,NA
2543466,"Eric Ebron","DET","TE",23,2,10,0,0,0,NA,76,0,7,0,NA,NA,NA,NA,NA,NA,NA
2543475,"Marqise Lee","JAC","WR",25,2,5,0,0,0,NA,147,0,10,0,NA,NA,NA,NA,NA,NA,NA
2543477,"Blake Bortles","JAC","QB",25,2,5,0,0,0,NA,58,0,8,0,NA,NA,NA,NA,NA,NA,NA
2543498,"Brandin Cooks","NO","WR",23,2,5,0,0,0,NA,147,0,10,0,NA,NA,NA,NA,NA,NA,NA
2543502,"Tre Mason","LA","RB",23,2,8,0,0,0,NA,99,0,12,0,NA,NA,NA,NA,NA,NA,NA
2543533,"Patrick Murray","CLE","K",25,2,13,0,0,0,NA,29,0,7,0,NA,NA,NA,NA,NA,NA,NA
2543559,"Lache Seastrunk","FA","RB",25,2,NA,0,0,0,NA,99,0,12,0,NA,NA,NA,NA,NA,NA,NA
2543565,"Andre Williams","FA","RB",24,2,NA,0,0,0,NA,99,0,12,0,NA,NA,NA,NA,NA,NA,NA
2543570,"Storm Johnson","FA","RB",24,2,NA,0,0,0,NA,99,0,12,0,NA,NA,NA,NA,NA,NA,NA
2543572,"Martavis Bryant","PIT","WR",25,2,8,0,0,0,NA,147,0,10,0,NA,NA,NA,NA,NA,NA,NA
2543587,"Aaron Murray","FA","QB",26,2,NA,0,0,0,NA,58,0,8,0,NA,NA,NA,NA,NA,NA,NA
2543596,"Dri Archer","BUF","RB",25,2,10,0,0,0,0,99,0,12,0,NA,NA,NA,2.84347254652885,NA,NA,NA
2543628,"Troy Niklas","ARI","TE",24,2,9,0,0,0,NA,76,0,7,0,NA,NA,NA,NA,NA,NA,NA
2543646,"Bruce Ellington","SF","WR",25,2,8,0,0,0,NA,147,0,10,0,NA,NA,NA,NA,NA,NA,NA
2543655,"Tyler Gaffney","FA","RB",25,2,NA,0,0,0,NA,99,0,12,0,NA,NA,NA,NA,NA,NA,NA
2543682,"Bishop Sankey","FA","RB",24,2,NA,0,0,0,0,99,0,12,0,NA,NA,NA,2.84347254652885,NA,NA,NA
2543690,"Marion Grice","FA","RB",24,2,NA,0,0,0,NA,99,0,12,0,NA,NA,NA,NA,NA,NA,NA
2543751,"David Fales","FA","QB",26,2,NA,0,0,0,0,58,0,8,0,NA,NA,NA,3.25034162817905,NA,NA,NA
2543767,"Logan Thomas","FA","QB",25,2,NA,0,0,0,NA,58,0,8,0,NA,NA,NA,NA,NA,NA,NA
2543777,"Robert Herron","FA","WR",24,2,NA,0,0,0,NA,147,0,10,0,NA,NA,NA,NA,NA,NA,NA
2543781,"Zach Hocker","FA","K",25,2,NA,0,0,0,NA,29,0,7,0,NA,NA,NA,NA,NA,NA,NA
2543784,"Keith Wenning","FA","QB",25,2,NA,0,0,0,NA,58,0,8,0,NA,NA,NA,NA,NA,NA,NA
2543792,"Matt Hazel","FA","WR",24,2,NA,0,0,0,NA,147,0,10,0,NA,NA,NA,NA,NA,NA,NA
2543836,"T.J. Jones","FA","WR",24,2,NA,0,0,0,0,147,0,10,0,NA,NA,NA,2.50261679731133,NA,NA,NA
2550158,"Nate Freese","FA","K",26,2,NA,0,0,0,NA,29,0,7,0,NA,NA,NA,NA,NA,NA,NA
2550163,"Michael Campanaro","FA","WR",25,2,NA,0,0,0,NA,147,0,10,0,NA,NA,NA,NA,NA,NA,NA
2550182,"Isaiah Burse","SD","WR",25,2,11,0,0,0,NA,147,0,10,0,NA,NA,NA,NA,NA,NA,NA
2550216,"Jonathan Krause","FA","WR",NA,NA,NA,0,0,0,0,147,0,10,0,NA,NA,NA,2.50261679731133,NA,NA,NA
2550223,"Freddie Martino","ATL","WR",25,2,11,0,0,0,NA,147,0,10,0,NA,NA,NA,NA,NA,NA,NA
2550233,"Rajion Neal","CLE","RB",24,2,13,0,0,0,NA,99,0,12,0,NA,NA,NA,NA,NA,NA,NA
2550247,"Bryn Renner","FA","QB",26,2,NA,0,0,0,NA,58,0,8,0,NA,NA,NA,NA,NA,NA,NA
2550252,"Connor Shaw","CLE","QB",25,2,13,0,0,0,NA,58,0,8,0,NA,NA,NA,NA,NA,NA,NA
2550263,"Juwan Thompson","FA","RB",24,2,NA,0,0,0,NA,99,0,12,0,NA,NA,NA,NA,NA,NA,NA
2550328,"Brandon Coleman","NO","WR",24,2,5,0,0,0,NA,147,0,10,0,NA,NA,NA,NA,NA,NA,NA
2550330,"Kain Colter","FA","WR",24,2,NA,0,0,0,NA,147,0,10,0,NA,NA,NA,NA,NA,NA,NA
2550353,"Allen Hurns","JAC","WR",25,2,5,0,0,0,NA,147,0,10,0,NA,NA,NA,NA,NA,NA,NA
2550355,"Nic Jacobs","FA","TE",25,2,NA,0,0,0,NA,76,0,7,0,NA,NA,NA,NA,NA,NA,NA
2550356,"Marcel Jensen","WAS","TE",26,2,9,0,0,0,0,76,0,7,0,NA,NA,NA,2.87352219290974,NA,NA,NA
2550359,"Seantavius Jones","FA","WR",24,2,NA,0,0,0,NA,147,0,10,0,NA,NA,NA,NA,NA,NA,NA
2550376,"Stephen Morris","FA","QB",24,2,NA,0,0,0,NA,58,0,8,0,NA,NA,NA,NA,NA,NA,NA
2550413,"Corey Washington","FA","WR",25,2,NA,0,0,0,NA,147,0,10,0,NA,NA,NA,NA,NA,NA,NA
2550459,"Javontee Herndon","SD","WR",25,2,11,0,0,0,NA,147,0,10,0,NA,NA,NA,NA,NA,NA,NA
2550485,"Gator Hoskins","FA","TE",25,2,NA,0,0,0,NA,76,0,7,0,NA,NA,NA,NA,NA,NA,NA
2550529,"Silas Redd","WAS","RB",24,2,9,0,0,0,NA,99,0,12,0,NA,NA,NA,NA,NA,NA,NA
2550551,"Travis Coons","FA","K",24,2,NA,0,0,0,NA,29,0,7,0,NA,NA,NA,NA,NA,NA,NA
2550596,"Darrin Reaves","FA","RB",23,2,NA,0,0,0,NA,99,0,12,0,NA,NA,NA,NA,NA,NA,NA
2550608,"RaShaun Allen","SEA","TE",26,2,5,0,0,0,NA,76,0,7,0,NA,NA,NA,NA,NA,NA,NA
2550636,"Cairo Santos","KC","K",25,2,5,0,0,0,NA,29,0,7,0,NA,NA,NA,NA,NA,NA,NA
2550658,"Branden Oliver","SD","RB",25,2,11,0,0,0,NA,99,0,12,0,NA,NA,NA,NA,NA,NA,NA
2551247,"Josh Harris","PIT","RB",25,2,8,0,0,0,NA,99,0,12,0,NA,NA,NA,NA,NA,NA,NA
2551359,"Jerome Cunningham","FA","TE",25,2,NA,0,0,0,0,76,0,7,0,NA,NA,NA,2.87352219290974,NA,NA,NA
2552369,"Bryce Petty","NYJ","QB",25,1,11,0,0,0,NA,58,0,8,0,NA,NA,NA,NA,NA,NA,NA
2552371,"Garrett Grayson","FA","QB",25,1,NA,0,0,0,NA,58,0,8,0,NA,NA,NA,NA,NA,NA,NA
2552374,"Ameer Abdullah","DET","RB",23,1,10,0,0,0,NA,99,0,12,0,NA,NA,NA,NA,NA,NA,NA
2552376,"David Cobb","FA","RB",23,1,NA,0,0,0,0,99,0,12,0,NA,NA,NA,2.84347254652885,NA,NA,NA
2552379,"Jeremy Langford","CHI","RB",25,1,9,0,0,0,NA,99,0,12,0,NA,NA,NA,NA,NA,NA,NA
2552396,"Ben Koyack","JAC","TE",23,1,5,0,0,0,NA,76,0,7,0,NA,NA,NA,NA,NA,NA,NA
2552402,"Nick Boyle","BAL","TE",23,1,8,0,0,0,NA,76,0,7,0,NA,NA,NA,NA,NA,NA,NA
2552411,"Dezmin Lewis","FA","WR",24,1,NA,0,0,0,NA,147,0,10,0,NA,NA,NA,NA,NA,NA,NA
2552421,"Kenny Bell","FA","WR",24,1,NA,0,0,0,0,147,0,10,0,NA,NA,NA,2.50261679731133,NA,NA,NA
2552425,"Rashad Greene","JAC","WR",24,1,5,0,0,0,NA,147,0,10,0,NA,NA,NA,NA,NA,NA,NA
2552430,"Tyler Lockett","SEA","WR",24,1,5,0,0,0,NA,147,0,10,0,NA,NA,NA,NA,NA,NA,NA
2552431,"Vince Mayle","FA","WR",NA,NA,NA,0,0,0,NA,147,0,10,0,NA,NA,NA,NA,NA,NA,NA
2552476,"Kenny Hilliard","FA","RB",25,1,NA,0,0,0,NA,99,0,12,0,NA,NA,NA,NA,NA,NA,NA
2552479,"DaRon Brown","KC","WR",25,1,5,0,0,0,NA,147,0,10,0,NA,NA,NA,NA,NA,NA,NA
2552576,"Sean Mannion","LA","QB",24,1,8,0,0,0,0,58,0,8,0,NA,NA,NA,3.25034162817905,NA,NA,NA
2552608,"Stefon Diggs","MIN","WR",23,1,6,0,0,0,NA,147,0,10,0,NA,NA,NA,NA,NA,NA,NA
2552616,"Duron Carter","FA","WR",25,1,NA,0,0,0,NA,147,0,10,0,NA,NA,NA,NA,NA,NA,NA
2552622,"Chris Manhertz","NO","TE",NA,NA,5,0,0,0,NA,76,0,7,0,NA,NA,NA,NA,NA,NA,NA
2552634,"Joey Iosefa","FA","RB",NA,NA,NA,0,0,0,0,99,0,12,0,NA,NA,NA,2.84347254652885,NA,NA,NA
2552647,"Marcus Murphy","NO","RB",25,1,5,0,0,0,NA,99,0,12,0,NA,NA,NA,NA,NA,NA,NA
2552650,"Mario Alford","FA","WR",NA,NA,NA,0,0,0,NA,147,0,10,0,NA,NA,NA,NA,NA,NA,NA
2552651,"Kaelin Clay","BAL","WR",24,1,8,0,0,0,NA,147,0,10,0,NA,NA,NA,NA,NA,NA,NA
2552652,"Chris Conley","KC","WR",24,1,5,0,0,0,NA,147,0,10,0,NA,NA,NA,NA,NA,NA,NA
2552654,"Geremy Davis","FA","WR",24,1,NA,0,0,0,0,147,0,10,0,NA,NA,NA,2.50261679731133,NA,NA,NA
2553112,"Jason Myers","JAC","K",NA,NA,5,0,0,0,NA,29,0,7,0,NA,NA,NA,NA,NA,NA,NA
2553117,"Jarryd Hayne","FA","RB",28,1,NA,0,0,0,NA,99,0,12,0,NA,NA,NA,NA,NA,NA,NA
2553289,"Evan Spencer","FA","WR",NA,NA,NA,0,0,0,NA,147,0,10,0,NA,NA,NA,NA,NA,NA,NA
2553292,"Kennard Backman","FA","TE",23,1,NA,0,0,0,NA,76,0,7,0,NA,NA,NA,NA,NA,NA,NA
2553318,"James OShaughnessy","KC","TE",NA,NA,5,0,0,0,NA,76,0,7,0,NA,NA,NA,NA,NA,NA,NA
2553453,"Andre Debose","FA","WR",NA,NA,NA,0,0,0,NA,147,0,10,0,NA,NA,NA,NA,NA,NA,NA
2553462,"Josh Robinson","FA","RB",24,1,NA,0,0,0,NA,99,0,12,0,NA,NA,NA,NA,NA,NA,NA
2553465,"Rory Anderson","SF","TE",24,1,8,0,0,0,NA,76,0,7,0,NA,NA,NA,NA,NA,NA,NA
2553497,"Kyle Brindza","FA","K",23,1,NA,0,0,0,NA,29,0,7,0,NA,NA,NA,NA,NA,NA,NA
2553502,"DeAndre Carter","FA","WR",23,1,NA,0,0,0,NA,147,0,10,0,NA,NA,NA,NA,NA,NA,NA
2553511,"John Crockett","GB","RB",24,1,4,0,0,0,NA,99,0,12,0,NA,NA,NA,NA,NA,NA,NA
2553533,"Alonzo Harris","FA","RB",NA,NA,NA,0,0,0,NA,99,0,12,0,NA,NA,NA,NA,NA,NA,NA
2553548,"Jake Kumerow","FA","WR",NA,NA,NA,0,0,0,NA,147,0,10,0,NA,NA,NA,NA,NA,NA,NA
2553650,"Corey Grant","JAC","RB",NA,NA,5,0,0,0,NA,99,0,12,0,NA,NA,NA,NA,NA,NA,NA
2553652,"Chris Harper","SF","WR",NA,NA,8,0,0,0,NA,147,0,10,0,NA,NA,NA,NA,NA,NA,NA
2553653,"Josh Harper","OAK","WR",25,1,10,0,0,0,NA,147,0,10,0,NA,NA,NA,NA,NA,NA,NA
2553660,"Akeem Hunt","FA","RB",23,1,NA,0,0,0,0,99,0,12,0,NA,NA,NA,2.84347254652885,NA,NA,NA
2553662,"Gus Johnson","FA","RB",23,1,NA,0,0,0,0,99,0,12,0,NA,NA,NA,2.84347254652885,NA,NA,NA
2553703,"Devante Davis","FA","WR",24,1,NA,0,0,0,NA,147,0,10,0,NA,NA,NA,NA,NA,NA,NA
2553728,"Raheem Mostert","CHI","RB",NA,NA,9,0,0,0,NA,99,0,12,0,NA,NA,NA,NA,NA,NA,NA
2553733,"Thomas Rawls","SEA","RB",23,1,5,0,0,0,NA,99,0,12,0,NA,NA,NA,NA,NA,NA,NA
2553773,"Mitchell Henry","FA","TE",NA,NA,NA,0,0,0,NA,76,0,7,0,NA,NA,NA,NA,NA,NA,NA
2553791,"E.J. Bibbs","FA","TE",25,1,NA,0,0,0,NA,76,0,7,0,NA,NA,NA,NA,NA,NA,NA
2553797,"Michael Dyer","FA","RB",26,1,NA,0,0,0,NA,99,0,12,0,NA,NA,NA,NA,NA,NA,NA
2553867,"Mack Brown","FA","RB",NA,NA,NA,0,0,0,NA,99,0,12,0,NA,NA,NA,NA,NA,NA,NA
2553876,"Donteea Dye","TB","WR",NA,NA,6,0,0,0,NA,147,0,10,0,NA,NA,NA,NA,NA,NA,NA
2553879,"Jahwan Edwards","SD","RB",24,1,11,0,0,0,NA,99,0,12,0,NA,NA,NA,NA,NA,NA,NA
2553896,"Darius Jennings","FA","WR",NA,NA,NA,0,0,0,NA,147,0,10,0,NA,NA,NA,NA,NA,NA,NA
2553900,"Daniel Brown","FA","WR",NA,NA,NA,0,0,0,NA,147,0,10,0,NA,NA,NA,NA,NA,NA,NA
2555219,"Daniel Lasco","NO","RB",24,0,5,0,0,0,NA,99,0,12,0,NA,NA,NA,NA,NA,NA,NA
2555261,"Jacoby Brissett","NE","QB",24,0,9,0,0,0,NA,58,0,8,0,NA,NA,NA,NA,NA,NA,NA
2555262,"Jeff Driskel","CIN","QB",23,0,9,0,0,0,0,58,0,8,0,NA,NA,NA,3.25034162817905,NA,NA,NA
2555263,"Kevin Hogan","FA","QB",24,0,NA,0,0,0,NA,58,0,8,0,NA,NA,NA,NA,NA,NA,NA
2555306,"David Morgan","MIN","TE",23,0,6,0,0,0,NA,76,0,7,0,NA,NA,NA,NA,NA,NA,NA
2555332,"Connor Cook","OAK","QB",23,0,10,0,0,0,0,58,0,8,0,NA,NA,NA,3.25034162817905,NA,NA,NA
2555333,"Corey Coleman","CLE","WR",22,0,13,0,0,0,NA,147,0,10,0,NA,NA,NA,NA,NA,NA,NA
2555343,"Josh Doctson","WAS","WR",NA,0,9,0,0,0,NA,147,0,10,0,NA,NA,NA,NA,NA,NA,NA
2555350,"Kolby Listenbee","BUF","WR",22,0,10,0,0,0,NA,147,0,10,0,NA,NA,NA,NA,NA,NA,NA
2555417,"C.J. Prosise","SEA","RB",22,0,5,0,0,0,NA,99,0,12,0,NA,NA,NA,NA,NA,NA,NA
2555426,"Cardale Jones","BUF","QB",24,0,10,0,0,0,0,58,0.69,8,0,NA,NA,NA,3.25034162817905,NA,NA,NA
2555430,"Alex Collins","SEA","RB",22,0,5,0,0,0,NA,99,0,12,0,NA,NA,NA,NA,NA,NA,NA
2555459,"Keith Marshall","WAS","RB",22,0,9,0,0,0,NA,99,0,12,0,NA,NA,NA,NA,NA,NA,NA
2555471,"Kenny Lawler","FA","WR",22,0,NA,0,0,0,NA,147,0,10,0,NA,NA,NA,NA,NA,NA,NA
2555483,"Thomas Duarte","FA","TE",21,0,NA,0,0,0,0,76,0,7,0,NA,NA,NA,2.87352219290974,NA,NA,NA
2555487,"Beau Sandland","FA","TE",23,0,NA,0,0,0,NA,76,0,7,0,NA,NA,NA,NA,NA,NA,NA
2555573,"Anthony Dable","FA","WR",NA,2016,NA,0,0,0,NA,147,0,10,0,NA,NA,NA,NA,NA,NA,NA
2556144,"Daniel Braverman","FA","WR",23,0,NA,0,0,0,0,147,0,10,0,NA,NA,NA,2.50261679731133,NA,NA,NA
2556214,"Tyreek Hill","KC","WR",22,0,5,0,0,0,NA,147,0,10,0,NA,NA,NA,NA,NA,NA,NA
2556261,"Moritz Boehringer","FA","WR",NA,0,NA,0,0,0,0,147,0,10,0,NA,NA,NA,2.50261679731133,NA,NA,NA
2556375,"Rico Gathers","FA","TE",22,0,NA,0,0,0,0,76,0,7,0,NA,NA,NA,2.87352219290974,NA,NA,NA
2556379,"Zac Brooks","FA","RB",23,0,NA,0,0,0,NA,99,0,12,0,NA,NA,NA,NA,NA,NA,NA
2556454,"Brandon Wilds","FA","RB",23,0,NA,0,0,0,NA,99,0,12,0,NA,NA,NA,NA,NA,NA,NA
2556460,"Geronimo Allison","FA","WR",22,0,NA,0,0,0,0,147,0,10,0,NA,NA,NA,2.50261679731133,NA,NA,NA
2556463,"Stephen Anderson","HOU","TE",23,0,9,0,0,0,NA,76,NA,7,0,NA,NA,NA,NA,NA,NA,NA
2556473,"Jace Billingsley","FA","WR",23,0,NA,0,0,0,0,147,0,10,0,NA,NA,NA,2.50261679731133,NA,NA,NA
2556477,"Trevone Boykin","SEA","QB",23,0,5,0,0,0,NA,58,1.384,8,0,NA,NA,NA,NA,NA,NA,NA
2556490,"Devon Cajuste","FA","WR",23,0,NA,0,0,0,0,147,0,10,0,NA,NA,NA,2.50261679731133,NA,NA,NA
2556507,"Marshaun Coprich","FA","RB",22,0,NA,0,0,0,0,99,0,12,0,NA,NA,NA,2.84347254652885,NA,NA,NA
2556521,"Kaimi Fairbairn","HOU","K",22,0,9,0,0,0,NA,29,0,7,0,NA,NA,NA,NA,NA,NA,NA
2556528,"D.J. Foster","NE","RB",NA,0,9,0,0,0,NA,99,0,12,0,NA,NA,NA,NA,NA,1.7,NA
2556528,"D.J. Foster","NE","WR",NA,0,9,0,0,0,NA,147,0,10,0,NA,NA,NA,NA,NA,1.7,NA
2556541,"Aaron Green","FA","RB",24,0,NA,0,0,0,0,99,0,12,0,NA,NA,NA,2.84347254652885,NA,NA,NA
2556544,"Glenn Gronkowski","FA","RB",23,0,NA,0,0,0,0,99,0,12,0,NA,NA,NA,2.84347254652885,NA,NA,NA
2556569,"Andy Jones","FA","WR",NA,0,NA,0,0,0,0,147,0,10,0,NA,NA,NA,2.50261679731133,NA,NA,NA
2556577,"Marshall Koehn","FA","K",24,0,NA,0,0,0,NA,29,0,7,0,NA,NA,NA,NA,NA,NA,NA
2556601,"Wil Lutz","NO","K",22,0,5,0,0,0,NA,29,NA,7,0,NA,NA,NA,NA,NA,NA,NA
2556603,"Tre Madden","SEA","RB",23,0,5,0,0,0,NA,99,0,12,0,NA,NA,NA,NA,NA,NA,NA
2556606,"Jalin Marshall","NYJ","WR",NA,0,11,0,0,0,NA,147,0,10,0,NA,NA,NA,NA,NA,NA,NA
2556752,"Tommylee Lewis","NO","WR",24,0,5,0,0,0,NA,147,0,10,0,NA,NA,NA,NA,NA,NA,NA
2556785,"Paul Turner","PHI","WR",23,0,4,0,0,0,NA,147,0,10,0,NA,NA,NA,NA,NA,NA,NA
2556851,"Keyarris Garrett","FA","WR",24,0,NA,0,0,0,0,147,NA,10,0,NA,NA,NA,2.50261679731133,NA,NA,NA
2556854,"Devon Johnson","CAR","RB",23,0,7,0,0,0,NA,99,NA,12,0,NA,NA,NA,NA,NA,NA,NA
2505982,"Matt Schaub","ATL","QB",35,12,11,-1.38,-2.548,-0.212,2.06475180106472,107,0.00800000000000001,8,2.336,NA,NA,NA,7.23522478179253,NA,NA,NA
2539961,"Ryan Nassib","NYG","QB",26,3,8,-1.388,-2.5176,-0.2584,1.99686955007081,108,NA,8,2.2592,NA,NA,NA,7.10421492468743,NA,NA,NA
