"playerId","player","team","position","age","exp","bye","points","lower","upper","sdPts","positionRank","dropoff","tier","ptSpread","overallECR","positionECR","sdRank","risk","sleeper","actualPoints","salary"
2504211,"Tom Brady","NE","QB",38,15,4,24.3466666666667,22.08,26.832,2.97027495921393,1,1.79333333333333,1,4.752,NA,2.8,1.1,5.9771976864137,NA,18.68,NA
2495455,"Cam Newton","CAR","QB",26,4,5,23.3033333333333,20.14,26.116,3.81138207653514,2,1.75333333333334,1,5.976,NA,2.2,0.9,6.6170763058391,NA,40.6,NA
2506363,"Aaron Rodgers","GB","QB",32,10,7,21.8033333333333,18.636,25.772,4.59017791957276,3,1.98833333333333,1,7.136,NA,5.4,1.2,7.50440214979558,NA,9.06,NA
2532975,"Russell Wilson","SEA","QB",27,3,9,21.2966666666667,19.244,23.348,2.56500162443093,4,3.32666666666666,2,4.104,NA,1.7,1,5.54954890019802,NA,26.56,NA
79860,"Matthew Stafford","DET","QB",27,6,9,18.3333333333333,17.188,19.524,1.55361943001925,5,0.821666666666665,3,2.336,NA,7.4,2.2,5.36323731952156,NA,22.06,NA
2506121,"Philip Rivers","SD","QB",34,11,10,17.6066666666667,15.564,20.172,3.09433891701173,6,0.451666666666668,3,4.608,NA,14.9,3.8,7.73032554339917,NA,18.44,NA
2506340,"Alex Smith","KC","QB",31,10,9,17.4166666666667,16.748,18.244,0.939272768333742,7,1.07,3,1.496,NA,13.7,2.2,4.80709382904466,NA,12.54,NA
2504775,"Drew Brees","NO","QB",36,14,11,16.8933333333333,16.56,17.024,0.290057465570762,8,1.25,4,0.463999999999999,NA,6.9,1.9,4.03707207162542,NA,26.74,NA
2553435,"David Johnson","ARI","RB",24,0,9,16.4566666666667,15.164,16.804,1.07220955663216,1,1.20333333333333,1,1.64,NA,4,2.3,2.69089262811499,NA,40.9,NA
2507164,"Adrian Peterson","MIN","RB",30,8,5,15.99,15.196,16.9,1.09421204526362,2,1.73166666666667,1,1.704,NA,1.1,0.4,1.9223258711161,NA,6.3,NA
2533436,"Brock Osweiler","DEN","QB",25,3,7,15.8,13.304,18.296,4.41234631460406,9,0.463333333333335,4,4.992,NA,22.3,2.3,8.01189959210697,NA,28.74,NA
2505245,"Carson Palmer","ARI","QB",36,12,9,15.4866666666667,14.752,16.432,1.14478527826546,10,0.508333333333333,5,1.68,NA,3.5,1.2,4.38542583055747,NA,14.96,NA
2506581,"Ryan Fitzpatrick","NYJ","QB",33,10,5,15.1866666666667,12.328,17,3.23705627589842,11,0.486666666666666,5,4.672,NA,11,2.2,6.88718544499204,NA,14.26,NA
2540165,"DeAndre Hopkins","HOU","WR",23,2,9,15.01,13.284,16.38,2.08285861258032,1,0.663333333333334,1,3.096,NA,3.5,2.9,3.86636503385029,NA,9.4,NA
2495454,"Julio Jones","ATL","WR",26,4,10,14.9,12.96,16.88,2.45153013442625,2,1.14333333333333,1,3.92,NA,2,1.7,3.97490288585054,NA,17.8,NA
2495240,"Tyrod Taylor","BUF","QB",26,4,8,14.77,10.818,17.522,5.92555482634327,12,0.428333333333331,5,6.704,NA,9.7,1.4,8.83480756968548,NA,25.3,NA
2543477,"Blake Bortles","JAC","QB",24,1,8,14.63,10.306,17.682,5.16128859879003,13,0.636666666666668,5,7.376,NA,7.3,1.4,8.14294788531943,NA,23.28,NA
2552475,"Todd Gurley","STL","RB",21,0,6,14.5166666666667,12.78,16.34,2.23848907375786,3,0.619166666666667,1,3.56,NA,5.3,2.3,3.79626077174596,NA,13.9,NA
2540148,"Tyler Eifert","CIN","TE",25,2,7,14.3,14.3,14.3,NA,1,1.38666666666667,1,0,NA,NA,NA,NA,NA,NA,NA
2506109,"Ben Roethlisberger","PIT","QB",33,11,11,14.0533333333333,10.188,18.14,4.9930485009995,14,0.151666666666667,5,7.952,NA,9.9,1.9,8.29450197764786,NA,20.9,NA
2552471,"T.J. Yeldon","JAC","RB",22,0,8,14,14,14,NA,4,0.292499999999999,2,0,NA,53,13.1,10.572921832936,NA,NA,NA
310,"Matt Ryan","ATL","QB",30,7,10,13.9333333333333,11.188,16.996,3.69444628237214,15,0.115000000000002,5,5.808,NA,16.3,2.6,7.54432645122793,NA,10.84,NA
2543499,"Derek Carr","OAK","QB",24,1,6,13.87,12.07,15.926,2.47291326172189,16,0.415000000000001,5,3.856,NA,12.9,2.8,6.56006345903687,NA,17.24,NA
4383,"Tim Hightower","NO","RB",29,7,11,13.795,11.739,13.571,1.61927452891719,5,0.186666666666667,2,1.832,NA,14.7,3.5,3.70796712275437,NA,8.5,NA
497328,"Demaryius Thomas","DEN","WR",28,5,7,13.7933333333333,11.504,16.32,3.05354438862993,3,0.25,1,4.816,NA,12.1,3.8,5.06306951158386,NA,18.1,NA
497240,"Rob Gronkowski","NE","TE",26,5,4,13.7766666666667,13.304,14.16,0.56888780381841,2,2.38166666666667,1,0.856,NA,1.1,0.3,2.47908841870646,NA,11.4,NA
2532956,"Ryan Tannehill","MIA","QB",27,3,5,13.7666666666667,11.904,15.568,2.29384684173406,17,0.818333333333333,5,3.664,NA,17.1,2.5,6.21564870335998,NA,15.04,NA
2495448,"Randall Cobb","GB","WR",25,4,7,13.72,10.668,16.38,3.66949587818272,4,0.393333333333333,1,5.712,NA,22,4.3,5.80648792207063,NA,4,NA
2543583,"Devonta Freeman","ATL","RB",23,1,10,13.62,10.952,16.952,4.01611752816075,6,0.0283333333333342,2,6,NA,6.3,2.9,5.73033944705558,NA,16.1,NA
2533034,"Lamar Miller","MIA","RB",24,3,5,13.5966666666667,12.492,14.82,1.4775091652282,7,0.131666666666668,2,2.328,NA,5.8,2.3,3.07502462168054,NA,2.4,NA
79607,"LeSean McCoy","BUF","RB",27,6,8,13.5866666666667,11.908,15.38,2.25622102936156,8,0.404999999999999,2,3.472,NA,3.3,1.8,3.60532450227246,NA,3.7,NA
2543496,"Odell Beckham","NYG","WR",23,1,11,13.3666666666667,12.3,14.22,1.28582010146573,5,0.0916666666666686,1,1.92,NA,4.6,2.4,2.93737036398691,NA,13.6,NA
2507999,"Chris Ivory","NYJ","RB",27,5,5,13.3433333333333,12.064,14.84,1.73540581229098,9,0.41,2,2.776,NA,9.9,2.7,3.48564578941076,NA,4.2,NA
2533039,"Alshon Jeffery","CHI","WR",25,3,7,13.2866666666667,10.488,16.04,3.47138781085221,6,0.0599999999999969,1,5.552,NA,7.2,2.3,5.15467995465312,NA,7,NA
2543498,"Brandin Cooks","NO","WR",22,1,11,13.2633333333333,11.292,15.54,2.73606164647899,7,0.18,1,4.248,NA,19.5,3.8,4.73771621350172,NA,18.4,NA
2508061,"Antonio Brown","PIT","WR",27,5,11,13.19,12.576,13.72,0.737766900856903,8,0.254999999999999,2,1.144,NA,6.6,3.8,2.68988274191331,NA,30.9,NA
2495824,"Jay Cutler","CHI","QB",32,9,7,13.1433333333333,12.034,13.922,1.21343864011879,18,0.409166666666666,6,1.888,NA,18.2,2.5,5.23759831933464,NA,11.34,NA
2495979,"DeAngelo Williams","PIT","RB",32,9,11,13.02,7.932,15.132,4.51610451606249,10,0.196666666666665,2,7.2,NA,6.7,2.6,6.07956829251555,NA,11.6,NA
2495450,"A.J. Green","CIN","WR",27,4,7,12.9766666666667,11.204,14.54,2.13369007433913,9,0.17,2,3.336,NA,8,2.7,3.8735777627601,NA,3.7,NA
2543509,"Allen Robinson","JAC","WR",22,1,8,12.8933333333333,11.976,14.056,1.40432664766191,10,0.205000000000002,2,2.08,NA,8.5,2.8,3.14857248712829,NA,11.7,NA
2539260,"Denard Robinson","JAC","RB",25,2,8,12.8466666666667,6.288,14.848,5.7374675017235,11,0.391666666666666,2,8.56,NA,13.4,3.6,7.65262732960213,NA,8.7,NA
2532899,"Doug Martin","TB","RB",26,3,6,12.8,11.38,14.66,2.05182845286832,12,0.998333333333333,2,3.28,NA,6.6,2.6,3.74399417210203,NA,9.7,NA
2543465,"Teddy Bridgewater","MIN","QB",23,1,5,12.7533333333333,11.068,13.724,1.79436153919252,19,0.0691666666666659,6,2.656,NA,25.4,2.2,5.58117153362319,NA,32.94,NA
2495893,"Brandon Marshall","NYJ","WR",31,9,5,12.72,11.508,14.18,1.75419497205983,11,0.191666666666668,2,2.672,NA,4.2,2.2,3.37247761162441,NA,7.4,NA
2543497,"AJ McCarron","CIN","QB",25,1,7,12.715,11.843,12.987,1.01116269709676,20,0.345000000000001,6,1.144,NA,22,2.8,5.2367990679082,NA,11.88,NA
2543468,"Mike Evans","TB","WR",22,1,6,12.6566666666667,10.616,14.48,2.46041324442325,12,0.315,2,3.864,NA,17.7,4.9,4.70206813584449,NA,15.7,NA
2552466,"Marcus Mariota","TEN","QB",22,0,4,12.6533333333333,10.944,14.544,2.3966921649084,21,0.706666666666667,6,3.6,NA,17.4,3,6.6126055977793,NA,-1.72,NA
100017,"Rams","STL","DST",NA,NA,6,12.55,12.27,12.83,0.494974746830584,1,0.550000000000001,1,0.56,NA,11.6,3.5,3.03098792332925,NA,4,NA
2532865,"T.Y. Hilton","IND","WR",26,3,10,12.4,9.54,12.98,2.42693221990232,13,0.158333333333333,3,3.44,NA,24.8,5.1,4.71263597018756,NA,2.9,NA
2543457,"Sammy Watkins","BUF","WR",22,1,8,12.2833333333333,11.06,13.98,2.09304403521124,14,0.19,3,2.92,NA,11.3,3.6,4.03387900391407,NA,23.1,NA
2495647,"Calvin Johnson","DET","WR",30,8,9,12.2,8.48,13.04,2.86181760425084,15,0.23,3,4.56,NA,4.7,2.8,4.64219537333122,NA,1.9,NA
2540168,"Eddie Lacy","GB","RB",24,2,7,12.11,10.264,14.08,2.39066936233349,13,0.65,2,3.816,NA,10.4,3.4,4.39752582922938,NA,2.3,NA
2532820,"Kirk Cousins","WAS","QB",27,3,8,12.0866666666667,10.016,13.952,2.60417613331613,22,0.541666666666666,6,3.936,NA,19.6,3.1,6.86120357204238,NA,35.86,NA
100024,"Jets","NYJ","DST",NA,NA,5,12.05,9.91,12.39,2.1920310216783,2,0.275,1,2.48,NA,5.5,2.8,3.84082371239175,NA,14,NA
2495700,"Greg Olsen","CAR","TE",30,8,5,12.05,9.96,13.68,2.52932797398835,3,1.38333333333333,1,3.72,NA,2.4,1,5.0304714289554,NA,13.9,NA
80429,"Jeremy Maclin","KC","WR",27,6,9,11.9866666666667,10.548,13.38,1.77271919190077,16,0.206666666666665,3,2.832,NA,14.7,3.4,3.66073427735986,NA,11,NA
2530747,"Doug Baldwin","SEA","WR",27,4,9,11.9533333333333,10.568,13.56,1.93042309697468,17,0.395,3,2.992,NA,11.3,3.3,3.7999083059966,NA,16.5,NA
100030,"Seahawks","SEA","DST",NA,NA,9,11.95,9.17,12.13,2.61629509039023,3,0.499999999999998,2,2.96,NA,1.2,0.9,1.71470783616443,NA,9,NA
2506922,"Stephen Gostkowski","NE","K",31,9,4,11.8111111111111,10.7466666666667,12.8,1.29371701067262,1,0.677777777777779,1,2.05333333333333,NA,1.3,0.8,2.15848326218037,NA,17,NA
2495441,"Blaine Gabbert","SF","QB",26,4,10,11.8066666666667,9.892,13.364,2.23269642659573,23,0.797500000000001,6,3.472,NA,27.8,2.2,5.9779785962829,NA,7.8,NA
2552487,"Amari Cooper","OAK","WR",21,0,6,11.6066666666667,8.076,14.7,4.24689690636979,18,0.326666666666666,3,6.624,NA,24.4,4.3,6.39820301046863,NA,24,NA
100006,"Bengals","CIN","DST",NA,NA,7,11.6,11.6,11.6,0,4,0.300000000000001,2,0,NA,6.1,1.9,0.359344034194605,NA,16,NA
2507374,"Steven Hauschka","SEA","K",NA,NA,9,11.5666666666667,10.16,12.8,1.69213868619961,2,0.888888888888889,1,2.64,NA,2.7,2.1,3.523436352258,NA,13,NA
2550353,"Allen Hurns","JAC","WR",24,1,8,11.51,9.864,12.96,1.98098460367566,19,0.558333333333332,3,3.096,NA,23.1,3.9,3.98635986834226,NA,4.4,NA
2543603,"Jeremy Hill","CIN","RB",23,1,7,11.4933333333333,6.996,13.316,3.95930970414457,14,0.441666666666668,2,6.32,NA,13.8,3.6,5.96733752134349,NA,12.1,NA
234,"Matt Forte","CHI","RB",30,7,7,11.4266666666667,8.196,12.676,2.83974177229785,15,1.025,2,4.48,NA,11.5,3.3,4.78159607120682,NA,16.4,NA
100020,"Vikings","MIN","DST",NA,NA,5,11.3,10.26,10.74,0.42426406871193,5,0.199999999999999,2,0.480000000000002,NA,14.6,3,2.28292350317241,NA,13,NA
100032,"Redskins","WAS","DST",NA,NA,8,11.3,7.4,9,1.41421356237309,5,0.550000000000001,3,1.6,NA,19.5,2.5,2.63158702235537,NA,5,NA
2506562,"Matt Cassel","DAL","QB",33,10,6,11.2833333333333,9.296,13.224,2.45707821066675,24,0.615833333333333,6,3.928,NA,29.9,1.4,5.69493425062555,NA,-1.52,NA
2543488,"Jarvis Landry","MIA","WR",23,1,5,11.05,9.02,12.98,2.48445164976097,20,0.27,3,3.96,NA,17.7,3.6,4.43498980894698,NA,5.4,NA
100021,"Patriots","NE","DST",NA,NA,4,10.9,5.26,10.54,4.66690475583121,7,0.725,3,5.28,NA,4.5,2.3,5.72490634665045,NA,21,NA
497284,"Eric Decker","NYJ","WR",28,5,5,10.8533333333333,6.612,12.052,3.40125467046108,21,0.316666666666666,3,5.44,NA,14,3.1,5.26232365945705,NA,11.5,NA
1060,"Gary Barnidge","CLE","TE",30,7,11,10.74,8.516,12.42,2.70939107550018,4,0.448333333333332,0,3.904,NA,5.6,1.9,5.54982897063639,NA,8.9,NA
2508123,"T.J. Yates","HOU","QB",28,4,9,10.735,10.595,10.875,0.247487373415291,25,0.205,7,0.279999999999999,NA,23.3,3.4,4.91010046347458,NA,0.42,NA
497326,"Golden Tate","DET","WR",27,5,9,10.7066666666667,6.904,12.424,3.62548387575139,22,0.379999999999999,3,5.52,NA,25.8,4.5,5.80626371029501,NA,16.5,NA
2550545,"Chris Boswell","PIT","K",26,1,11,10.7,9.66,11.74,1.83847763108502,3,0.355555555555554,1,2.08,NA,10.7,3.5,4.73758741703725,NA,11,NA
2541161,"Latavius Murray","OAK","RB",25,2,6,10.6766666666667,8.786,12.386,2.28399503793974,16,0.590833333333334,2,3.6,NA,13.7,2.5,3.92248694702805,NA,8,NA
2550636,"Cairo Santos","KC","K",24,1,9,10.6555555555556,8.77333333333333,12,2.32864608573149,4,0.699999999999999,1,3.22666666666667,NA,5.9,3.1,4.87199178230427,NA,12,NA
100011,"Packers","GB","DST",NA,NA,7,10.6,9.02,10.78,1.5556349186104,8,1.225,4,1.76,NA,11.5,3.8,4.53268539718957,NA,17,NA
2552033,"Jameis Winston","TB","QB",21,0,6,10.6,6.608,13.952,4.59081692076693,26,0.231666666666667,7,7.344,NA,20.8,2.7,8.41654600770731,NA,17.02,NA
2505299,"Antonio Gates","SD","TE",35,12,10,10.5933333333333,9.244,12.06,1.77823882910405,5,1.06333333333333,0,2.816,NA,6.2,1.6,4.34907320114213,NA,8.8,NA
2543462,"Johnny Manziel","CLE","QB",23,1,11,10.46,9.544,11.512,1.26475294030099,27,0.574166666666665,7,1.968,NA,25.7,2.6,5.34482213172749,NA,9.14,NA
2552430,"Tyler Lockett","SEA","WR",23,0,9,10.3666666666667,7.48,12.84,3.46746785613556,23,0.153333333333332,3,5.36,NA,30,5.4,5.84628531045535,NA,11.5,NA
2543847,"John Brown","ARI","WR",25,1,9,10.2866666666667,9.228,11.5,1.45894939368483,24,0.258333333333333,3,2.272,NA,20.5,4.6,3.60845919017131,NA,9.8,NA
2505996,"Eli Manning","NYG","QB",34,11,11,10.2766666666667,7.148,13.396,3.90505228304735,28,0.952500000000001,7,6.248,NA,16,2.3,7.55266657107287,NA,23.2,NA
2507166,"Ted Ginn","CAR","WR",30,8,5,10.14,6.084,12.164,4.14786692168396,25,0.238333333333333,3,6.08,NA,33.5,4.8,6.40891519845283,NA,20.5,NA
2540156,"Giovani Bernard","CIN","RB",24,2,7,10.1266666666667,7.176,13.976,4.67419868355351,17,0.147499999999999,2,6.8,NA,21.8,3.7,6.68643836428789,NA,5.1,NA
2540204,"Spencer Ware","KC","RB",24,2,9,10.045,9.251,10.539,1.13844191771034,18,0.225000000000001,3,1.288,NA,40.6,8.6,5.37121679025729,NA,NA,NA
2533444,"Randy Bullock","NYJ","K",26,3,5,10.0333333333333,8.68,11.5333333333333,1.81138375589247,5,0.172222222222222,2,2.85333333333333,NA,18,4.5,5.48575440520098,NA,8,NA
2550313,"Richard Rodgers","GB","TE",23,1,7,9.99,7.416,11.92,3.14138504484885,6,1.305,0,4.504,NA,11.1,2,6.09353892615983,NA,0.7,NA
497322,"Emmanuel Sanders","DEN","WR",28,5,7,9.91666666666667,5.85,14.89,5.98129027328831,26,0.136666666666668,3,9.04,NA,27.8,4,8.10827455090935,NA,24.1,NA
497188,"Ryan Mathews","PHI","RB",28,5,8,9.91333333333333,6.828,10.268,2.16853252992279,19,0.200000000000001,3,3.44,NA,27.5,3.9,4.39473269172322,NA,3.1,NA
2649,"Danny Amendola","NE","WR",30,7,4,9.88666666666667,4.292,13.092,5.57140317454529,27,0.289999999999999,3,8.8,NA,23.9,6.7,8.29409089377872,NA,-2.7,NA
71309,"Graham Gano","CAR","K",28,6,5,9.87777777777778,8.30666666666667,11.5333333333333,2.02493712751047,6,0.15,2,3.22666666666667,NA,3.9,1.5,3.36092534390682,NA,9,NA
2550325,"Chandler Catanzaro","ARI","K",24,1,9,9.84444444444444,8.22666666666667,11.5333333333333,2.07239349902831,7,0.333333333333336,2,3.30666666666667,NA,3.5,1.1,3.09478916183606,NA,10,NA
100014,"Colts","IND","DST",NA,NA,10,9.75,5.81,8.29,2.1920310216783,9,0.775,5,2.48,NA,18.9,5.6,7.62053936791653,NA,11,NA
2552635,"Matt Jones","WAS","RB",23,0,8,9.72666666666667,8.216,11.576,2.40211018342901,20,0.115,3,3.36,NA,24.4,5.6,5.32243453163628,NA,3.6,NA
2506404,"Frank Gore","IND","RB",32,10,10,9.7,7.02,12.7,3.55949434611154,21,0.199999999999999,3,5.68,NA,19.8,3.5,5.54685492458564,NA,5.9,NA
2532841,"Michael Floyd","ARI","WR",26,3,9,9.67333333333333,4.684,12.524,5.1049126665726,28,0.161666666666665,3,7.84,NA,20.7,5.6,7.5692020667306,NA,7,NA
2495150,"Kai Forbath","NO","K",28,4,11,9.61111111111111,7.66666666666667,11.5333333333333,2.41714554642301,8,0.305555555555557,2,3.86666666666667,NA,16.5,6.6,7.65644094125435,NA,10,NA
2552469,"Melvin Gordon","SD","RB",22,0,10,9.52333333333333,5.034,12.394,4.6735033254865,22,0.138333333333332,3,7.36,NA,29.6,5.7,7.5167478700045,NA,4.7,NA
71269,"Michael Crabtree","OAK","WR",28,6,6,9.52,5.332,11.732,4.22199005209629,29,0.168333333333335,3,6.4,NA,28,4.9,6.50731531343425,NA,7,NA
2506106,"Larry Fitzgerald","ARI","WR",32,11,9,9.50333333333333,7.382,11.702,2.70518637682015,30,0.443333333333335,3,4.32,NA,13.9,4.8,4.93046988148745,NA,4.3,NA
2532888,"Case Keenum","STL","QB",27,3,6,9.495,9.075,9.915,0.742462120245874,29,1.21333333333333,8,0.839999999999998,NA,30.7,1.5,4.20353182701877,NA,17.06,NA
2552631,"Javorius Allen","BAL","RB",24,0,9,9.47666666666667,7.76,10.744,1.86805603056582,23,0.501666666666665,3,2.984,NA,17.1,3.3,3.86065863831933,NA,-1.2,NA
2506386,"Mike Nugent","CIN","K",33,10,7,9.41111111111111,7.18666666666667,11.5333333333333,2.72566675499028,9,0.249999999999998,2,4.34666666666667,NA,12.7,2.9,5.07665735916762,NA,6,NA
2495461,"Shaun Draughn","CLE","RB",28,4,11,9.29333333333333,6.846,10.886,2.89562313385795,24,0.735000000000001,3,4.04,NA,19.4,4,5.12539790397514,NA,4.2,NA
768,"Steve Johnson","SD","WR",29,7,10,9.2,9.2,9.2,NA,31,0.323333333333332,3,0,NA,61.4,18.5,8.75461627110314,NA,NA,NA
2539227,"Dustin Hopkins","WAS","K",25,2,8,9.2,6.88,12,3.36452076825214,10,0.138888888888889,2,5.12,NA,19,3.6,6.19553187838181,NA,5,NA
497095,"Sam Bradford","PHI","QB",28,5,8,9.15333333333333,7.148,11.02,2.43855148260875,30,1.91333333333333,8,3.872,NA,25.4,2.8,6.52895711311395,NA,13.84,NA
2541556,"Brandon McManus","DEN","K",24,1,7,9.12222222222222,7.09333333333333,11.3333333333333,2.67920662662441,11,0.133333333333335,2,4.24,NA,9.4,5,6.65725084301812,NA,3,NA
2540160,"Jordan Reed","WAS","TE",25,2,8,9.07,7.148,11.22,2.59243129127852,7,0.898333333333335,0,4.072,NA,3.3,1.3,5.20722664873461,NA,20.4,NA
100004,"Panthers","CAR","DST",NA,NA,5,9,8.76,13.24,3.95979797464467,10,0.15,6,4.48,NA,4.8,2.2,4.85876454225041,NA,0,NA
2506677,"Matt Prater","DET","K",31,9,9,9,6.8,11.3333333333333,2.84800124843918,12,0.0611111111111136,2,4.53333333333333,NA,9.3,3.3,5.49641059525262,NA,5,NA
2506264,"Robbie Gould","CHI","K",33,10,7,8.97777777777778,6.74666666666667,11.3333333333333,2.87930032653254,13,0.127777777777778,2,4.58666666666667,NA,20.3,5.4,7.14735615735594,NA,7,NA
100026,"Cardinals","ARI","DST",NA,NA,9,8.95,8.99,12.91,3.46482322781408,11,0.35,6,3.92,NA,6.5,2.8,5.15689723959952,NA,20,NA
2530660,"Kamar Aiken","BAL","WR",26,4,9,8.92,7.336,10.504,2.80014285349873,32,0.118333333333332,3,3.168,NA,32.7,4,4.84826489589013,NA,18.8,NA
2553648,"Andrew Franks","MIA","K",22,0,5,8.9,6.42,11.38,4.38406204335659,14,0.141666666666666,2,4.96,NA,21.3,4.5,7.81336643264479,NA,2,NA
497278,"Dez Bryant","DAL","WR",27,5,6,8.83333333333333,6.14,12.38,4.31547602627257,33,0.264999999999999,3,6.24,NA,32,6.1,6.8723920728787,NA,11,NA
2495259,"Dan Bailey","DAL","K",27,4,6,8.8,6.32,11.3333333333333,3.13546027101463,15,0.154166666666667,2,5.01333333333333,NA,19.9,5.5,7.45638300737494,NA,12,NA
2543572,"Martavis Bryant","PIT","WR",24,1,11,8.77,6.962,10.402,2.18350635446751,34,0.488333333333335,3,3.44,NA,21.4,4,4.21634166970654,NA,8.7,NA
100001,"Falcons","ATL","DST",NA,NA,10,8.75,6.71,9.19,2.1920310216783,12,0.375,6,2.48,NA,21.8,5.8,7.89051905759687,NA,8,NA
2539637,"Caleb Sturgis","PHI","K",26,2,8,8.71666666666667,8.32,9,0.490747728811182,16,0.15138888888889,2,0.68,NA,21.4,5.4,4.9863305127082,NA,5,NA
4327,"Danny Woodhead","SD","RB",30,7,10,8.65666666666667,5.414,11.814,4.00769676164918,25,0.25,3,6.4,NA,35.3,4.7,6.47023016512528,NA,30,NA
2553112,"Jason Myers","JAC","K",NA,NA,8,8.575,8.115,9.035,0.813172798364529,17,0.0250000000000004,2,0.919999999999998,NA,14.7,4.1,4.27355828876077,NA,6,NA
2507401,"Dan Carpenter","BUF","K",30,7,8,8.55555555555556,6.53333333333333,11.0666666666667,3.02459057529249,18,0.0999999999999996,2,4.53333333333333,NA,15,2.6,5.11530252565617,NA,5,NA
2500351,"Phil Dawson","SF","K",40,17,10,8.54444444444444,6.30666666666667,11.1333333333333,3.11097221912189,19,0.199999999999998,2,4.82666666666667,NA,28.1,2.8,5.34799168666302,NA,2,NA
2540020,"Theo Riddick","DET","RB",24,2,9,8.46,4.816,10.176,3.50239917770662,26,0.113333333333332,3,5.36,NA,34.9,4.6,5.94977437109562,NA,3,NA
100003,"Bills","BUF","DST",NA,NA,8,8.45,4.45,11.25,6.01040764008565,13,0.524999999999999,6,6.8,NA,13.8,3,8.0590239836954,NA,-1,NA
2503471,"Adam Vinatieri","IND","K",43,19,10,8.36666666666667,5.82,11.1533333333333,3.37359024054658,20,0.0722222222222229,2,5.33333333333333,NA,12.9,3.7,6.28100541521229,NA,4,NA
2507183,"James Jones","GB","WR",31,8,7,8.36666666666667,4.8,12.08,4.56106712659804,35,0.223333333333333,3,7.28,NA,45.7,5,6.87723771326598,NA,14.2,NA
2507428,"Mike Tolbert","CAR","RB",30,7,5,8.35333333333333,5.268,10.9,3.5327798308603,27,0.105833333333331,3,5.632,NA,44.9,7,6.97573058816524,NA,1,NA
2550268,"Charcandrick West","KC","RB",24,1,9,8.34,4.248,9.432,4.58205194208883,28,0.362500000000001,3,5.184,NA,14.7,4.8,7.05613687904396,NA,14.5,NA
89802,"Ryan Succop","TEN","K",29,6,4,8.32222222222222,5.17333333333333,11.3333333333333,3.86153874530368,21,0.113888888888891,2,6.16,NA,28.6,4.4,7.2633492697434,NA,5,NA
100027,"Steelers","PIT","DST",NA,NA,11,8.3,5.52,11.28,5.09116882454314,14,0.775,6,5.76,NA,12.7,3.5,7.78347566046842,NA,6,NA
2495353,"Julius Thomas","JAC","TE",27,4,8,8.3,6.12,10.36,2.66270539113887,8,0.308333333333334,0,4.24,NA,6.9,2,5.52886081631956,NA,7.9,NA
2532968,"Blair Walsh","MIN","K",25,3,5,8.26666666666667,7,9.24,1.53731367434669,22,0.152777777777777,3,2.24,NA,11.3,3.2,4.23330751816974,NA,10,NA
497302,"Brandon LaFell","NE","WR",29,5,4,8.19666666666667,6.378,10.458,2.72415736207241,36,0.125000000000002,4,4.08,NA,37.4,6.5,5.33138156368126,NA,8.8,NA
2540037,"Fozzy Whittaker","CAR","RB",26,3,5,8.155,5.629,9.781,3.66988419435818,29,0.390000000000001,3,4.152,NA,34,7.9,7.47961023738788,NA,1.6,NA
2504257,"Sebastian Janikowski","OAK","K",37,15,6,8.15,6.96,9,1.47224318643355,23,0.111111111111112,3,2.04,NA,17.2,4,4.79257944626283,NA,8,NA
2552608,"Stefon Diggs","MIN","WR",22,0,5,8.09,4.794,11.434,4.15130100089117,37,0.108333333333333,4,6.64,NA,41.1,5.9,6.65926819632078,NA,17.5,NA
2534797,"Greg Zuerlein","STL","K",28,3,6,8.07777777777778,5.64666666666667,10.98,3.48589751448339,24,0.0888888888888886,3,5.33333333333333,NA,21.8,6.1,8.2370465477473,NA,7,NA
1581,"DeSean Jackson","WAS","WR",29,7,8,8.05333333333333,6.872,9.592,1.86776158364319,38,0.243333333333332,4,2.72,NA,36,13.5,6.02451576280219,NA,21.3,NA
2495966,"Delanie Walker","TEN","TE",31,9,4,8.04333333333333,5.724,10.98,3.54649592320833,9,0.15,0,5.256,NA,4.9,1.8,6.50322112852419,NA,18.4,NA
2505459,"Josh Brown","NYG","K",36,12,11,8,8,8,6.2803698347351e-16,25,0.0611111111111118,3,8.88178419700125e-16,NA,10,3.8,3.30604210273921,NA,5,NA
2536340,"Justin Tucker","BAL","K",26,3,9,7.97777777777778,5.58666666666667,10.92,3.54045404077144,26,0.244444444444444,3,5.33333333333333,NA,17,5.4,7.74553018663518,NA,2,NA
2506122,"Benjamin Watson","NO","TE",35,11,11,7.94,4.664,9.544,3.43319093555835,10,0.149999999999999,0,4.88,NA,8.8,1.9,6.40366500421873,NA,10.9,NA
2532884,"Marvin Jones","CIN","WR",25,3,7,7.91,5.246,11.246,4.02235005935585,39,0.48,4,6,NA,39.7,4.6,6.23540784014082,NA,8.9,NA
2507463,"Connor Barth","TB","K",29,7,6,7.9,5.54,10.8733333333333,3.58809760798734,27,0.416666666666665,3,5.33333333333333,NA,17.2,4.6,7.17049137839469,NA,13,NA
2506369,"Heath Miller","PIT","TE",33,10,11,7.84666666666667,3.828,10.548,4.80983714208011,11,0.401666666666666,0,6.72,NA,13.8,3.2,8.47100082506523,NA,1.2,NA
2532797,"Brandon Bolden","NE","RB",25,3,4,7.8,2.76,11.8,5.8847259919218,30,0.149999999999999,3,9.04,NA,26.7,7.5,9.41258360603243,NA,5.4,NA
2540258,"Travis Kelce","KC","TE",26,2,9,7.73333333333333,5.42,10.14,2.95691280448601,12,0.59,0,4.72,NA,8,2.4,6.01234471811871,NA,7.3,NA
2543773,"James White","NE","RB",23,1,4,7.73,5.9,8.452,1.61204838637058,31,0.218333333333334,4,2.552,NA,25.4,4.5,4.11660265416287,NA,13.7,NA
2532790,"Travis Benjamin","CLE","WR",26,3,11,7.71,5.724,10.34,3.20426278572779,40,0.588333333333334,4,4.616,NA,40.2,5.4,5.57655525473976,NA,2.6,NA
2534796,"Bryce Brown","SEA","RB",24,3,9,7.57,5.8,8.928,2.12783927964496,32,0.125000000000001,4,3.128,NA,24.8,6.8,5.5610691246083,NA,4.3,NA
2507232,"Mason Crosby","GB","K",31,8,7,7.56666666666667,7.14,7.94,0.513160143944688,28,0.372222222222223,3,0.799999999999999,NA,6.6,1.8,2.22496007171697,NA,12,NA
100031,"Buccaneers","TB","DST",NA,NA,6,7.55,8.15,10.95,2.47487373415292,15,0.149999999999999,6,2.8,NA,12.2,2.8,4.1332844962157,NA,2,NA
100013,"Texans","HOU","DST",NA,NA,9,7.5,8.14,10.86,2.40416305603426,16,0.225,6,2.72,NA,8.4,3.1,4.46513883478022,NA,11,NA
2506467,"Darren Sproles","PHI","RB",32,10,8,7.45333333333333,5.04,9.568,2.90422680473363,33,0.109999999999999,4,4.528,NA,31.9,4.6,5.3828427944235,NA,2.5,NA
497206,"James Starks","GB","RB",29,5,7,7.43666666666667,6.04,8.128,1.32477671074537,34,0.29,4,2.088,NA,29.2,4.2,3.71968905719633,NA,2.6,NA
2505982,"Matt Schaub","BAL","QB",34,11,9,7.41,6.309,8.221,1.68998520703585,31,0.787000000000001,9,1.912,NA,31,2.1,5.42591278344275,NA,NA,NA
2553833,"Josh Lambo","SD","K",25,0,10,7.4,6.92,7.88,0.848528137423857,29,2.90555555555556,3,0.959999999999999,NA,20.5,3.8,4.07374178284148,NA,6,NA
100010,"Lions","DET","DST",NA,NA,9,7.3,5.44,7.36,1.69705627484771,17,0.0750000000000011,7,1.92,NA,20.6,5.3,6.7037634617041,NA,1,NA
284,"Darren McFadden","DAL","RB",28,7,6,7.25,5.96,8.24,1.44135353053996,35,0.223333333333333,4,2.28,NA,18.4,3.6,3.58088684593351,NA,11.3,NA
100025,"Eagles","PHI","DST",NA,NA,8,7.25,7.13,7.37,0.212132034355964,18,0.0499999999999998,7,0.239999999999999,NA,22.3,5.2,5.0333545017882,NA,-2,NA
100015,"Jaguars","JAC","DST",NA,NA,8,7.2,5.82,10.78,4.38406204335659,19,0.0249999999999995,7,4.96,NA,17.3,3.4,6.91733385606838,NA,3,NA
100016,"Chiefs","KC","DST",NA,NA,9,7.2,6.36,10.84,3.95979797464467,19,0.175,7,4.48,NA,2.6,1.5,3.91383562836921,NA,24,NA
2543466,"Eric Ebron","DET","TE",22,1,9,7.15666666666667,4.454,10.214,3.68098265865697,13,0.0466666666666677,0,5.76,NA,14.4,2.5,6.90060422216193,NA,7.9,NA
100007,"Browns","CLE","DST",NA,NA,11,7.15,5.45,7.45,1.76776695296637,21,0.25,7,2,NA,28.3,4.5,5.69695989893873,NA,2,NA
2543614,"Donte Moncrief","IND","WR",22,1,10,7.15,4.79,9.67,3.06960909563417,41,0.203333333333333,4,4.88,NA,45.7,9.5,6.35858027151145,NA,11.1,NA
2505629,"Jason Witten","DAL","TE",33,12,6,7.13,4.338,10.818,4.49062356471793,14,0.48,0,6.48,NA,17.9,3.1,8.06033312040914,NA,4.9,NA
2346,"Pierre Garcon","WAS","WR",29,7,8,7.09333333333333,5.176,9.496,2.89726307630725,42,0.505833333333333,4,4.32,NA,48.5,4.2,4.99267164778946,NA,9.4,NA
2543683,"Austin Seferian-Jenkins","TB","TE",23,1,6,7.09,4.254,10.174,3.73875647776102,15,0.879999999999999,0,5.92,NA,13.9,2.8,7.07107245869711,NA,8.9,NA
2501078,"Matt Hasselbeck","IND","QB",40,17,10,7.07,5.478,8.662,2.81428498912246,32,2.715,9,3.184,NA,27.3,2.7,6.80832262012063,NA,6.98,NA
2495207,"DeMarco Murray","PHI","RB",27,4,8,7.04333333333333,3.886,11.166,4.71175480403356,36,0.048333333333332,4,7.28,NA,38.7,4.8,7.1790657392582,NA,0.3,NA
2552379,"Jeremy Langford","CHI","RB",24,0,7,7.01,4.392,7.528,2.77185858225127,37,0.173333333333334,4,3.136,NA,29.1,4.3,5.13274249557997,NA,5.7,NA
2550551,"Travis Coons","CLE","K",23,1,11,6.98888888888889,4.39333333333333,10.5266666666667,4.34234106513133,30,5.01388888888889,3,6.13333333333333,NA,30.9,1.9,5.7666517443105,NA,7,NA
497145,"Joique Bell","DET","RB",29,5,9,6.98,3.428,11.028,4.79303661575832,38,0.286666666666667,4,7.6,NA,47.5,3.9,6.88216659304178,NA,16.1,NA
100002,"Ravens","BAL","DST",NA,NA,9,6.9,4.54,7.26,2.40416305603426,22,0.225,7,2.72,NA,24.3,3.8,5.41006774866142,NA,3,NA
100009,"Broncos","DEN","DST",NA,NA,7,6.9,7.52,8.48,0.848528137423857,22,0.475000000000001,8,0.960000000000001,NA,9.7,3.2,2.99159436858867,NA,7,NA
2532903,"Rishard Matthews","MIA","WR",26,3,5,6.8,3.76,9.84,5.37401153701776,43,0.425833333333333,4,6.08,NA,69.1,10.3,8.89962548251919,NA,NA,NA
2506871,"Fred Jackson","SEA","RB",34,9,9,6.69333333333333,5.44,7.344,1.19001400551982,39,0.171666666666667,4,1.904,NA,42.4,7.1,4.79686900807081,NA,1.7,NA
2533437,"Ronnie Hillman","DEN","RB",24,3,7,6.69333333333333,5.92,6.944,0.692916541391049,39,0.583333333333334,4,1.024,NA,25.7,5.1,3.49476494564325,NA,1.8,NA
100019,"Dolphins","MIA","DST",NA,NA,5,6.45,4.83,6.67,1.62634559672906,24,0.15,9,1.84,NA,16.4,3.4,4.06584121378487,NA,5,NA
100023,"Giants","NYG","DST",NA,NA,11,6.4,3.2,6.4,2.82842712474619,25,0.3,9,3.2,NA,25.6,4.7,7.06366752795888,NA,1,NA
2550256,"Willie Snead","NO","WR",23,1,11,6.375,5.315,6.235,0.813172798364529,44,0.00499999999999901,5,0.919999999999998,NA,35,4.1,2.83447629463139,NA,7.6,NA
2495821,"Marques Colston","NO","WR",32,9,11,6.37333333333333,3.044,10.164,4.56071631800678,45,0.0583333333333336,5,7.12,NA,57.5,5,6.87687820795432,NA,9.9,NA
2505587,"Anquan Boldin","SF","WR",35,12,10,6.36666666666667,5.68,6.72,0.665832811847939,46,0.17,5,1.04,NA,40.2,5.5,2.99763576759902,NA,10.4,NA
2552374,"Ameer Abdullah","DET","RB",22,0,9,6.35,4.88,7.8,2.00187412191676,41,0.487499999999999,4,2.92,NA,31.1,5.6,4.94310163087654,NA,11.9,NA
2495341,"Cecil Shorts","HOU","WR",28,4,9,6.26333333333333,3.792,9.56,4.02355978374043,47,0.199999999999999,5,5.768,NA,48.6,4.7,6.25908698929963,NA,0,NA
238457,"Zach Miller","CHI","TE",31,6,7,6.21,0.621000000000001,5.589,4.39113311116846,16,0.0933333333333337,0,4.968,NA,10.8,2.8,7.84065353740254,NA,5.7,NA
238457,"Zach Miller","CHI","TE",31,6,7,6.21,0.621000000000001,5.589,4.39113311116846,16,0.381666666666668,0,4.968,NA,11.5,0.5,7.05623923100439,NA,5.7,NA
100022,"Saints","NO","DST",NA,NA,11,6.2,3.94,6.66,2.40416305603426,26,0.25,9,2.72,NA,27.6,4.2,5.9500271280221,NA,1,NA
497108,"Jimmy Clausen","BAL","QB",27,5,9,6.176,1.8584,10.348,5.31535586767246,33,4.756,9,8.4896,NA,31.6,4.7,10.2878626994999,NA,16.24,NA
2543495,"Davante Adams","GB","WR",23,1,7,6.13,3.298,9.618,4.19758263766182,48,0.27,5,6.32,NA,52,8.5,7.29012249065686,NA,3.2,NA
2532853,"Ladarius Green","SD","TE",25,3,10,6.02333333333333,3.034,9.354,4.01853621774563,17,0.404999999999999,0,6.32,NA,27.5,4.6,8.01500622321754,NA,1.3,NA
100008,"Cowboys","DAL","DST",NA,NA,6,6,4.74,5.86,0.989949493661167,27,0.25,9,1.12,NA,23.2,3.5,3.54279429502116,NA,8,NA
2543500,"Jordan Matthews","PHI","WR",23,1,8,5.99666666666667,4.48,6.712,1.39500298685463,49,0.336666666666667,5,2.232,NA,42.6,5.7,3.78976130606021,NA,21.9,NA
100005,"Bears","CHI","DST",NA,NA,7,5.9,3.94,6.66,2.40416305603426,28,0.350000000000001,9,2.72,NA,18.3,3.2,4.60012867962039,NA,-3,NA
2552461,"Duke Johnson","CLE","RB",22,0,11,5.87,5.38,6.188,0.508625599041181,42,0.0249999999999995,5,0.808,NA,41.6,5.1,3.3200989810593,NA,8.5,NA
2495161,"Roy Helu","OAK","RB",27,4,6,5.855,1.259,10.451,8.12465691583343,43,0.119166666666667,5,9.192,NA,92,7.5,11.5355294786718,NA,NA,NA
2550474,"Antonio Andrews","TEN","RB",23,1,4,5.835,4.837,5.933,0.96873629022557,44,0.251666666666667,5,1.096,NA,42.5,5.2,3.79772786178806,NA,7,NA
2552458,"Devin Funchess","CAR","WR",21,0,5,5.72333333333333,3.654,8.374,3.20727818146997,50,0.138333333333334,5,4.72,NA,57.3,7.9,6.14063128119571,NA,9,NA
2543770,"Charles Sims","TB","RB",25,1,6,5.63666666666667,4.44,6.768,1.46185954637692,45,0.145,5,2.328,NA,36,4.8,4.09890302080088,NA,7.2,NA
2495438,"Kyle Rudolph","MIN","TE",26,4,5,5.63333333333333,4.24,6,1.10151410945722,18,0.426666666666667,0,1.76,NA,17.5,2.4,3.82360947527144,NA,2.1,NA
2495825,"Owen Daniels","DEN","TE",33,9,7,5.60333333333333,2.962,8.562,3.56679594781273,19,0.81,0,5.6,NA,27.7,4.2,7.3456874838498,NA,1.4,NA
100028,"Chargers","SD","DST",NA,NA,10,5.6,4.28,9.72,4.80832611206852,29,0.35,9,5.44,NA,24.5,4.7,9.11089301472652,NA,9,NA
2507763,"Mike Wallace","MIN","WR",29,6,5,5.59666666666667,3.76,6.312,1.74012451661751,51,0.0250000000000004,5,2.552,NA,75.4,8.2,4.70442444866514,NA,3.7,NA
2539336,"Tavon Austin","STL","WR",24,2,6,5.57333333333333,4.544,5.904,0.876432161284222,52,0.155833333333334,5,1.36,NA,41.8,5.5,3.2134559802154,NA,10.1,NA
2533533,"Rueben Randle","NYG","WR",24,3,11,5.57,4.7,5.748,0.68461668107051,53,0.309166666666667,5,1.048,NA,48.8,4.8,2.85980925261951,NA,10.7,NA
2552380,"Karlos Williams","BUF","RB",22,0,8,5.53,1.956,6.404,3.9315137033972,46,0.158333333333333,5,4.448,NA,55.3,6.2,7.02125233598831,NA,4.1,NA
100029,"49ers","SF","DST",NA,NA,10,5.5,5.98,9.02,2.68700576850888,30,1.95,9,3.04,NA,17.9,3.8,5.70252853248537,NA,6,NA
2550189,"Isaiah Crowell","CLE","RB",22,1,11,5.45333333333333,4.54,6.188,1.13601643180604,47,0.181666666666668,5,1.648,NA,41.7,4.9,3.83162616796376,NA,3,NA
2540269,"C.J. Anderson","DEN","RB",24,2,7,5.29,3.92,6.456,1.58502365912942,48,0.14,5,2.536,NA,35.5,7.4,5.29589374304022,NA,2,NA
2505785,"Malcom Floyd","SD","WR",34,11,10,5.265,0.726,5.526,3.24226772491107,54,0.0966666666666667,5,4.8,NA,46.3,8.1,6.22136710311844,NA,2.7,NA
2540169,"Robert Woods","BUF","WR",23,2,8,5.25666666666667,4.04,6.176,1.48715612271655,55,0.185,5,2.136,NA,51.5,4.5,3.61492574301833,NA,4.4,NA
2495328,"Bilal Powell","NYJ","RB",27,4,5,5.25333333333333,4.7,5.788,0.785196366097891,49,0.23,5,1.088,NA,37.2,6.1,3.99770953820566,NA,13.9,NA
2552415,"Jamison Crowder","WAS","WR",22,0,8,5.08,4.204,5.356,1.01823376490863,56,0.121666666666667,6,1.152,NA,64.2,9.1,4.16659258016531,NA,-0.9,NA
2552491,"Dorial Green-Beckham","TEN","WR",22,0,4,5.06333333333333,3.16,6.272,1.95576924337544,57,0.211666666666666,6,3.112,NA,45.6,4.5,4.09515601726249,NA,11.3,NA
2552376,"David Cobb","TEN","RB",22,0,4,5.04666666666667,1.408,9.248,4.96251280434956,50,0.083333333333333,5,7.84,NA,60.2,6.4,8.08150221927285,NA,0.9,NA
100018,"Raiders","OAK","DST",NA,NA,6,5,3.76,5.04,1.13137084989848,31,2.9,9,1.28,NA,26.1,3.7,3.95900437661348,NA,6,NA
2543638,"DeAnthony Thomas","KC","RB",22,1,9,5,5,5,NA,51,0.138333333333333,6,0,NA,NA,NA,NA,NA,NA,NA
2495473,"Shane Vereen","NYG","RB",26,4,11,4.92666666666667,4.22,5.404,0.827123529669743,52,0.140000000000001,6,1.184,NA,50.1,3.8,3.08183313910515,NA,13.2,NA
2506313,"Nate Washington","HOU","WR",32,10,9,4.85333333333333,3.16,6.008,1.80514080706557,58,0.0133333333333336,6,2.848,NA,49.6,5,4.05299060220574,NA,1.8,NA
2539205,"Terrance Williams","DAL","WR",26,2,6,4.85,3.76,5.56,1.22167917228706,59,0.0216666666666665,6,1.8,NA,63,5.3,3.52238296705382,NA,1.3,NA
2532887,"Jermaine Kearse","SEA","WR",25,3,9,4.83,3.44,5.672,1.39953563727402,60,0.0383333333333331,6,2.232,NA,53.3,6.8,4.04124010927002,NA,11,NA
2533040,"Mohamed Sanu","CIN","WR",26,3,7,4.82666666666667,2.776,7.016,2.74956966329885,61,0.0983333333333327,6,4.24,NA,82.8,8.5,5.80621255059861,NA,0.8,NA
2532838,"Coby Fleener","IND","TE",27,3,10,4.81,3.646,5.726,1.34100708424676,20,0.0683333333333334,0,2.08,NA,23.4,3.5,4.48128386059975,NA,1.2,NA
71345,"Rashad Jennings","NYG","RB",30,6,11,4.79666666666667,2.86,6.292,2.14686593278046,53,0.175000000000001,6,3.432,NA,44.4,5.2,4.91432723340093,NA,13.7,NA
2540158,"Zach Ertz","PHI","TE",25,2,8,4.77666666666667,4.126,5.006,0.551935986626469,21,0.12,0,0.88,NA,15.3,3,3.37992526384317,NA,13.8,NA
2533457,"Alfred Morris","WAS","RB",27,3,8,4.77666666666667,3.9,5.444,0.965211548487342,54,0.323333333333332,6,1.544,NA,46.1,4.7,3.58664507020255,NA,8.4,NA
2552409,"DeVante Parker","MIA","WR",22,0,5,4.75666666666667,2.3,6.196,2.59723571000657,62,0.156666666666668,6,3.896,NA,NA,NA,7.03347507412398,NA,8.7,NA
2495826,"Vernon Davis","DEN","TE",31,9,7,4.70666666666667,3.56,5.496,1.3191411347287,22,0.27,0,1.936,NA,19.4,3.4,4.42138455638675,NA,0.5,NA
2532977,"Kendall Wright","TEN","WR",26,3,4,4.7,4.7,4.7,NA,63,0.2675,6,0,NA,67.5,13.9,6.69018824173567,NA,NA,NA
324,"Jacob Tamme","ATL","TE",30,7,10,4.60666666666667,4.084,4.964,0.555097589017763,23,0.473333333333334,0,0.880000000000001,NA,16.6,2.6,3.24723499288002,NA,0,NA
222,"Harry Douglas","TEN","WR",31,7,4,4.5,3.8,4.92,0.721110255092798,64,0.217499999999999,6,1.12,NA,74.3,7.8,3.57039057364458,NA,1.5,NA
2533037,"Chris Polk","HOU","RB",26,3,9,4.46666666666667,2.06,6.3,2.67644042215278,55,0.0516666666666659,6,4.24,NA,39.6,5.3,5.4577920209814,NA,0.6,NA
2534770,"Jonathan Grimes","HOU","RB",26,3,9,4.44,1.5,6.796,3.33388662074762,56,0.0650000000000013,6,5.296,NA,50.7,5.2,6.03935329708716,NA,0.1,NA
2533030,"Jonas Gray","JAC","RB",25,3,8,4.39,0.439,3.951,3.10419876940894,57,0.16,7,3.512,NA,68.4,8.4,7.15121104712583,NA,NA,NA
2550183,"Jeremy Butler","BAL","WR",24,1,9,4.365,4.037,4.093,0.0494974746830592,65,0.17,6,0.0560000000000009,NA,73.5,11.3,3.66750840514061,NA,6,NA
2543600,"Alfred Blue","HOU","RB",24,1,9,4.36,1.68,6.064,3.01044847157363,58,0.365,7,4.384,NA,54.5,5.9,6.02364636950574,NA,7.7,NA
2495267,"Jordan Cameron","MIA","TE",27,4,5,4.26666666666667,3.66,4.38,0.493288286231625,24,0.341666666666666,0,0.720000000000001,NA,25.1,3.8,3.58358081484564,NA,0.5,NA
71217,"Kenny Britt","STL","WR",27,6,6,4.2,3.62,4.74,0.781024967590665,66,0.0433333333333339,6,1.12,NA,70.3,8.2,3.72154834223216,NA,13.1,NA
2540202,"Kenny Stills","MIA","WR",23,2,5,4.19,3.14,4.956,1.162454300177,67,0.0783333333333323,6,1.816,NA,73.4,8.5,4.17975180400775,NA,2.3,NA
2532933,"Brian Quick","STL","WR",26,3,6,4.12333333333333,1.234,7.794,4.43527150615758,68,0.081666666666667,6,6.56,NA,96.6,16.6,9.35129802830343,NA,NA,NA
497204,"C.J. Spiller","NO","RB",28,5,11,4.1,2.66,5.22,1.60934769394311,59,0.4625,7,2.56,NA,49.8,5.1,4.36333357519321,NA,1.8,NA
2552429,"Ty Montgomery","GB","WR",22,0,7,4.1,4.1,4.1,NA,69,0.138333333333334,6,0,NA,85.9,15.5,7.40825016499392,NA,NA,NA
2495139,"Charles Clay","BUF","TE",26,4,8,4,4,4,NA,25,0.174999999999999,0,0,NA,NA,NA,NA,NA,NA,NA
2506366,"Roddy White","ATL","WR",34,10,10,3.98333333333333,3,4.88,1.35677313259562,70,0.0633333333333339,6,1.88,NA,70.4,7.5,4.15449354643053,NA,4.7,NA
2532900,"Keshawn Martin","NE","WR",25,3,4,3.94,3.06,4.196,0.711898869222307,71,0.124999999999999,7,1.136,NA,60.8,8.7,3.76290574882871,NA,2.6,NA
2532978,"Jarius Wright","MIN","WR",26,3,5,3.9,3.58,3.98,0.264575131106459,72,0.185,7,0.4,NA,80.7,8.2,3.19229545605721,NA,3.2,NA
2552375,"Cameron Artis-Payne","CAR","RB",23,0,5,3.89,3.474,4.194,0.511175116765282,60,0.5625,7,0.72,NA,49.9,8,4.52741973844795,NA,9.3,NA
2540215,"Vance McDonald","SF","TE",25,2,10,3.85,3.13,3.37,0.212132034355964,26,0.0874999999999999,0,0.24,NA,25,4.4,3.45654251380015,NA,1,NA
2495187,"Lance Kendricks","STL","TE",27,4,6,3.8,1.64,3.56,1.69705627484771,27,0.324166666666667,0,1.92,NA,36.4,3.8,5.0036149174645,NA,2.7,NA
2530700,"Dontrelle Inman","SD","WR",26,2,10,3.73,1.826,4.434,2.30516810666815,73,0.0375000000000001,7,2.608,NA,64.6,15.9,7.01131225469629,NA,7.8,NA
2540928,"Darren Fells","ARI","TE",29,3,9,3.725,3.065,3.185,0.106066017177982,28,0.618333333333334,0,0.12,NA,27.4,4.2,3.26321098677587,NA,5.4,NA
2508097,"Andrew Hawkins","CLE","WR",29,4,11,3.7,3.7,3.7,NA,74,0.0175000000000001,7,0,NA,141,3,1.79839138953883,NA,NA,NA
2550328,"Brandon Coleman","NO","WR",23,1,11,3.685,3.237,3.533,0.261629509039023,75,0.0283333333333338,7,0.296,NA,80.1,9,3.36879229136037,NA,0,NA
2531332,"Terrelle Pryor","CLE","WR",26,4,11,3.68,0.368,3.312,2.60215295476649,76,0.0883333333333334,8,2.944,NA,NA,NA,7.04355336555664,NA,0,NA
2539291,"Markus Wheaton","PIT","WR",24,2,11,3.63333333333333,1.82,5.02,2.00083315979452,77,0.143333333333333,8,3.2,NA,54.3,6.6,4.61256522784148,NA,12.2,NA
2495459,"Torrey Smith","SF","WR",26,4,10,3.55,3,3.84,0.606217782649107,80,0.125,9,0.84,NA,69.2,7.3,3.34045268384936,NA,3.3,NA
2543475,"Marqise Lee","JAC","WR",24,1,8,3.43,2.298,4.458,1.36590629253987,82,0.02,10,2.16,NA,88.2,10.1,4.74727843462404,NA,4.6,NA
1990,"Eddie Royal","CHI","WR",29,7,7,3.42,2.82,3.588,0.484974226119286,83,0.0416666666666661,11,0.768,NA,69.5,8.6,3.5079160952505,NA,3.1,NA
2550546,"Philly Brown","CAR","WR",24,1,5,3.4,1.94,4.1,1.55884572681199,84,0.0783333333333331,11,2.16,NA,68.7,9.9,4.90012206374509,NA,11.1,NA
2550407,"Zurlon Tipton","IND","RB",25,1,10,3.385,2.303,4.167,1.64755880016466,61,0.149999999999999,7,1.864,NA,72.9,10.4,6.60161567716325,NA,0.4,NA
2550272,"Albert Wilson","KC","WR",23,1,9,3.35666666666667,1.42,4.756,2.10609433153725,85,0.085833333333333,11,3.336,NA,62.8,5.6,4.49604152564805,NA,2.7,NA
2506004,"Jerricho Cotchery","CAR","WR",33,11,5,3.28666666666667,2.16,4.128,1.25480410157655,86,0.0958333333333332,11,1.968,NA,76.2,8.7,4.319269873366,NA,4.7,NA
2539217,"Andre Ellington","ARI","RB",26,2,9,3.27,1.794,4.146,2.07889393668845,62,0.1,7,2.352,NA,55.6,4.2,4.43442094254675,NA,NA,NA
2528181,"Bryan Walters","JAC","WR",28,5,8,3.255,2.351,3.559,1.06773123959169,87,0.13,11,1.208,NA,100.7,8.3,4.0378016411818,NA,NA,NA
2541316,"Ryan Griffin","HOU","TE",25,2,9,3.22666666666667,2.52,3.544,0.640416531121218,29,0.253333333333333,0,1.024,NA,24.8,4,3.82535171243918,NA,3,NA
2550481,"Orleans Darkwa","NYG","RB",23,1,11,3.2,1.53,3.37,1.62634559672906,63,0.0949999999999998,7,1.84,NA,66.4,5.7,4.62873429133139,NA,NA,NA
2495467,"Taiwan Jones","OAK","RB",27,4,6,3.14,0.314,2.826,2.22031529292576,64,0.111666666666667,7,2.512,NA,70.4,7.5,5.93955437729899,NA,NA,NA
2530515,"Chris Hogan","BUF","WR",27,4,8,3.12666666666667,1.62,4.404,1.7788010943704,88,0.0474999999999994,11,2.784,NA,77.2,7.7,4.63186266261116,NA,1.3,NA
2495189,"Jeremy Kerley","NYJ","WR",27,4,5,3.12333333333333,1.674,3.914,1.50785719925109,89,0.105833333333333,11,2.24,NA,97.6,15.7,6.14935674099535,NA,0,NA
2543565,"Andre Williams","NYG","RB",23,1,11,3.07,2.284,2.956,0.5939696961967,65,0.108333333333333,7,0.672,NA,73.8,6.4,3.94111536095652,NA,2.1,NA
2495867,"Greg Jennings","MIA","WR",32,9,5,3.035,2.283,3.187,0.799030662740799,90,0.0875000000000004,11,0.903999999999999,NA,102.9,21.2,6.65712697080523,NA,NA,NA
497320,"Andre Roberts","WAS","WR",27,5,8,3,3,3,NA,91,0.1175,11,0,NA,152.5,21.5,10.1009823772124,NA,NA,NA
2541199,"Luke Willson","SEA","TE",25,2,9,2.98666666666667,1.8,3.688,1.19437570861657,31,0.0416666666666665,0,1.888,NA,24.3,3.6,4.34241400815354,NA,1.7,NA
2543664,"Terrance West","BAL","RB",24,1,9,2.98666666666667,2.12,3.848,1.08006172663109,66,0.0649999999999999,7,1.728,NA,64.8,5.2,3.90323909573458,NA,4.6,NA
497246,"Michael Hoomanawanui","NO","TE",27,5,11,2.96,-0.244,2.604,2.51730014102411,32,0.04,0,2.848,NA,55.2,11.6,8.63140950732608,NA,0,NA
2539322,"Christine Michael","FA","RB",25,2,NA,2.93666666666667,1.54,4.348,1.97130244593095,67,0.0308333333333333,7,2.808,NA,53.4,10.3,6.86690271032073,NA,8.4,NA
2507486,"Kellen Davis","NYJ","TE",30,7,5,2.93,0.293,2.637,2.07182286887658,33,0.0300000000000002,0,2.344,NA,62.2,9.2,7.2873795642671,NA,0.9,NA
2552468,"Maxx Williams","BAL","TE",21,0,9,2.91,2.586,2.986,0.270739727413618,34,0.04,0,0.4,NA,30.1,5.7,3.96904413454813,NA,3.1,NA
2552582,"Jay Ajayi","MIA","RB",22,0,5,2.90666666666667,2.24,3.456,0.801332224070225,68,0.0475000000000003,7,1.216,NA,54,3.7,3.01584041072008,NA,10.2,NA
2533460,"Robert Turbin","DAL","RB",26,3,6,2.905,0.44,3.328,1.81934970067146,69,0.153333333333333,7,2.888,NA,57.2,4,4.10533508934847,NA,0.1,NA
80427,"Darrius Heyward-Bey","PIT","WR",28,6,11,2.895,1.791,3.399,1.42128463018496,92,0.108333333333333,11,1.608,NA,125.8,21.5,7.36212523055812,NA,NA,NA
71265,"Jared Cook","STL","TE",28,6,6,2.89,2.354,3.154,0.52373657500694,35,0.0825,0,0.8,NA,27.5,3.2,3.41486955221492,NA,6.4,NA
2543836,"T.J. Jones","DET","WR",23,1,9,2.87,0.0170000000000002,2.553,2.24152849636136,93,0.168333333333333,12,2.536,NA,NA,NA,6.30442432744712,NA,2.2,NA
2532835,"Rhett Ellison","MIN","TE",27,3,5,2.85,0.285,2.565,2.01525432638166,36,0.1025,0,2.28,NA,49.3,7.8,6.74317847321287,NA,NA,NA
2532864,"Dan Herron","IND","RB",26,3,10,2.81333333333333,1.84,3.712,1.2010550917145,70,0.253333333333333,7,1.872,NA,60.5,4.2,3.60242905704456,NA,0.6,NA
2495888,"Marcedes Lewis","JAC","TE",31,9,8,2.765,1.877,3.053,1.03944696834422,37,0.0433333333333334,0,1.176,NA,48.4,4.2,4.36428095534571,NA,2.6,NA
2541834,"Josh Hill","NO","TE",25,2,11,2.73,0.986,3.274,2.02232539419353,38,0.0233333333333334,0,2.288,NA,41,5.7,6.03531554565734,NA,NA,NA
2495573,"Scott Chandler","NE","TE",30,8,4,2.71333333333333,1.08,4.152,2.11105029152158,39,0.0600000000000001,0,3.072,NA,26.8,5.4,6.03766563897544,NA,NA,NA
2552600,"Nelson Agholor","PHI","WR",22,0,8,2.70333333333333,1.802,3.562,1.15153520716187,94,0.00333333333333385,12,1.76,NA,65.5,7.6,3.96660710530043,NA,0,NA
2495288,"Virgil Green","DEN","TE",27,4,7,2.7,2.32,2.48,0.141421356237309,40,0.113333333333333,0,0.16,NA,52.8,9,4.94195673503814,NA,NA,NA
2540157,"Stedman Bailey","STL","WR",25,2,6,2.7,2.7,2.7,NA,95,0.0216666666666665,12,0,NA,NA,NA,NA,NA,NA,NA
2543746,"Josh Huff","PHI","WR",24,1,8,2.7,1.94,2.9,0.692820323027551,95,0.0466666666666669,12,0.96,NA,90.6,7.2,3.40676270940649,NA,5.2,NA
2507141,"Pierre Thomas","WAS","RB",31,8,8,2.69,0.269,2.421,1.90211724139181,71,0.275,7,2.152,NA,70,6.1,5.0562968977342,NA,NA,NA
2550617,"Taylor Gabriel","CLE","WR",24,1,11,2.65666666666667,1.634,3.474,1.15005796955342,97,0.00666666666666638,12,1.84,NA,82.3,11.1,4.7504734747967,NA,1.8,NA
2505551,"Andre Johnson","IND","WR",34,12,10,2.65,2.04,3.2,0.785811682275086,98,0.00499999999999989,12,1.16,NA,72.7,10,4.13036355379991,NA,3.2,NA
2541147,"Charles Johnson","MIN","WR",26,2,5,2.65,2.21,3.09,0.777817459305202,98,0.0449999999999999,12,0.88,NA,113,20,6.36611466022722,NA,NA,NA
2539250,"Quinton Patton","SF","WR",25,2,10,2.64,0.264,2.376,1.86676190233249,100,0.115,12,2.112,NA,84.8,6.5,4.45273084176448,NA,3.7,NA
2539995,"Mychal Rivera","OAK","TE",25,2,6,2.60666666666667,2.144,2.784,0.440605643782888,41,0.0408333333333326,0,0.64,NA,31.7,5.6,4.13532279045165,NA,2,NA
2495802,"Jason Avant","KC","WR",32,9,9,2.57,0.257,2.313,1.81726442764943,102,0.115,12,2.056,NA,111.1,6.2,4.33468799462798,NA,1.2,NA
2539202,"Chris Gragg","BUF","TE",25,2,8,2.56666666666667,1.78,3.14,0.850490054811538,42,0.0341666666666671,0,1.36,NA,34.9,7.7,5.33505043348944,NA,1.6,NA
2552586,"Tyler Kroft","CIN","TE",23,0,7,2.565,0.953,2.977,1.78898015640197,43,0.0750000000000002,0,2.024,NA,31.7,6.2,5.93057290273187,NA,9.1,NA
2495974,"Charlie Whitehurst","IND","QB",33,9,10,2.534,0.2534,2.2806,1.79180858352671,34,2.247,10,2.0272,NA,30.4,3.7,6.4904258405041,NA,0.52,NA
2495835,"Anthony Fasano","TEN","TE",31,9,4,2.5,2.12,2.28,0.14142135623731,44,0.0416666666666661,0,0.16,NA,39.4,13.4,6.44257540814766,NA,2.1,NA
2495159,"Dwayne Harris","NYG","WR",28,4,11,2.48,1.34,3.052,1.13013273556693,103,0.0600000000000005,12,1.712,NA,67.4,7.8,3.98955292593626,NA,0.9,NA
2507218,"Brent Celek","PHI","TE",30,8,8,2.48,1.18,3.532,1.50638640461204,45,0.0516666666666667,0,2.352,NA,30.4,5.9,5.49489411534176,NA,3.1,NA
2533046,"Dwayne Allen","IND","TE",25,3,10,2.43666666666667,1.64,2.848,0.755667475370837,46,0.0566666666666671,0,1.208,NA,37,5.8,4.57519782633593,NA,0.6,NA
2539303,"Zach Line","MIN","RB",25,2,5,2.43,0.243,2.187,1.71826947828331,72,0.0399999999999996,7,1.944,NA,95.8,7.2,5.33908366742824,NA,6.7,NA
2543828,"Quincy Enunwa","NYJ","WR",23,1,5,2.43,0.243,2.187,1.71826947828331,104,0.0233333333333334,12,1.944,NA,92.4,12.8,5.71424162768603,NA,4.9,NA
497226,"Jim Dray","CLE","TE",29,5,11,2.42,0.242,2.178,1.71119841047145,47,0.14,0,1.936,NA,63.5,7.8,6.38449658951209,NA,0,NA
2535698,"Cole Beasley","DAL","WR",26,3,6,2.41,1.84,2.744,0.570350769263968,105,0.0083333333333333,12,0.903999999999999,NA,78.8,9.5,3.7973640815076,NA,3.7,NA
2552418,"Justin Hardy","ATL","WR",24,0,10,2.40333333333333,1.14,3.388,1.41528560133046,106,0.0408333333333331,12,2.248,NA,84.8,6.8,4.05738052281099,NA,3.6,NA
4433,"Marcel Reece","OAK","RB",30,7,6,2.4,1.2,3.28,1.3114877048604,73,0.0533333333333337,7,2.08,NA,67.5,5.1,4.08102994355119,NA,3.7,NA
2552425,"Rashad Greene","JAC","WR",23,0,8,2.4,2.4,2.4,NA,107,0.0900000000000003,12,0,NA,94.3,6.7,3.45890958707354,NA,-0.1,NA
2495258,"Matt Asiata","MIN","RB",28,4,5,2.38,1.854,2.606,0.664680374315355,74,0.0733333333333337,7,0.752,NA,72.4,7,4.25742359101992,NA,3.4,NA
1992,"Craig Stevens","TEN","TE",31,7,4,2.34,2.34,2.34,NA,48,0.1225,0,0,NA,48.3,3.5,3.52773704104138,NA,0.5,NA
2507902,"Marlon Moore","CLE","WR",28,5,11,2.325,1.525,2.525,0.883883476483185,108,0.0425000000000004,12,1,NA,90.2,9.2,4.05135111601144,NA,2,NA
2495470,"Stevan Ridley","NYJ","RB",26,4,5,2.31333333333333,0.728,3.448,1.78452608087787,75,0.043333333333333,7,2.72,NA,78,13.6,8.06097923238642,NA,0.1,NA
2541544,"Benny Cunningham","STL","RB",25,2,6,2.3,1.8,2.84,0.6557438524302,76,0.0950000000000002,7,1.04,NA,74.1,7.1,4.29050222494016,NA,0.8,NA
2540145,"Cordarrelle Patterson","MIN","WR",24,2,5,2.295,1.491,3.099,1.42128463018496,109,0.0324999999999998,12,1.608,NA,130.3,22.3,7.54164071137269,NA,NA,NA
497282,"Riley Cooper","PHI","WR",28,5,8,2.27,1.68,2.728,0.671341939699882,110,0.0249999999999999,12,1.048,NA,84.4,6.8,3.29499412580885,NA,2.2,NA
2505790,"Wes Welker","STL","WR",34,11,6,2.255,0.4,2.408,1.32666247905537,111,0.0374999999999996,12,2.008,NA,93.2,9.9,4.66218287717624,NA,NA,NA
2535890,"Travaris Cadet","SF","RB",26,3,10,2.24,1.778,2.402,0.551543289325507,77,0.0999999999999996,7,0.624,NA,67.1,4.3,3.02838778680027,NA,3.6,NA
2552463,"Jaelen Strong","HOU","WR",21,0,9,2.235,0.503,3.967,3.06177236253775,112,0.0550000000000002,12,3.464,NA,105.7,11.8,6.86665626922478,NA,8.3,NA
2495347,"Lee Smith","OAK","TE",28,4,6,2.22,2.22,2.22,NA,49,0.0775000000000001,0,0,NA,60.5,5.7,5.0283557141509,NA,NA,NA
2552478,"Blake Bell","SF","TE",24,0,10,2.215,1.823,2.007,0.162634559672906,50,0.16,0,0.184,NA,32.3,9.8,5.23982081125282,NA,4.3,NA
2535876,"Griff Whalen","IND","WR",25,3,10,2.2,-0.32,1.92,1.97989898732233,113,0.0516666666666667,12,2.24,NA,90.7,14.6,6.38626689491146,NA,-2.1,NA
2507779,"Donald Brown","SD","RB",28,6,10,2.17,0.217,1.953,1.53442171517481,78,0.0649999999999999,7,1.736,NA,77.2,11.5,6.951420112742,NA,10.4,NA
1037885,"Marc Mariani","CHI","WR",28,5,7,2.16,-0.0539999999999998,1.914,1.73948268171891,114,0.0241666666666669,12,1.968,NA,97.6,9.6,5.01791879378394,NA,3.1,NA
2506287,"Lance Moore","DET","WR",32,10,9,2.13666666666667,0.74,3.228,1.56844934037837,115,0.0125000000000002,12,2.488,NA,73.8,9.4,4.79776658018484,NA,1,NA
2552424,"Phillip Dorsett","IND","WR",22,0,10,2.135,1.247,2.423,1.03944696834423,116,0.0366666666666666,12,1.176,NA,83.8,12.7,4.99615133318701,NA,0.1,NA
206,"Andre Caldwell","DEN","WR",30,7,7,2.11333333333333,1.168,2.928,1.11019517803553,117,0.0816666666666666,12,1.76,NA,117.3,16.2,5.85403365493703,NA,0,NA
2530763,"Patrick DiMarco","ATL","RB",26,4,10,2.11,0.211,1.899,1.49199530830362,79,0.0233333333333334,7,1.688,NA,82.9,9.1,5.91404725649639,NA,NA,NA
2536044,"Jamize Olawale","OAK","RB",26,3,6,2.1,0.21,1.89,1.48492424049175,80,0.0633333333333335,7,1.68,NA,71.5,10.3,6.40592661826531,NA,NA,NA
100012,"Titans","TEN","DST",NA,NA,4,2.1,2.9,5.3,2.12132034355964,32,NA,9,2.4,NA,29.2,3.9,5.25259680967764,NA,4,NA
2495453,"Andre Holmes","OAK","WR",27,4,6,2.08333333333333,1.1,2.82,1.12509258878251,118,0.135833333333333,12,1.72,NA,101,13.2,5.19611732689108,NA,1.7,NA
2552453,"Tevin Coleman","ATL","RB",22,0,10,2.07333333333333,1.12,3.056,1.21166552040294,81,0.0783333333333331,7,1.936,NA,62.4,5.9,4.31880859919938,NA,2.3,NA
497224,"Ed Dickson","CAR","TE",28,5,5,2.07,1.282,2.482,0.841249071321924,51,0.0575000000000001,0,1.2,NA,42.3,3.7,3.95995044299377,NA,NA,NA
2552397,"Clive Walford","OAK","TE",24,0,6,2.04,0.88,2.736,1.16824654932082,52,0.1925,0,1.856,NA,24.7,4,4.44801042517922,NA,1,NA
2504162,"Shayne Graham","FA","K",NA,NA,NA,2,0.2,1.8,1.4142135623731,31,1.025,4,1.6,NA,21.1,5.5,5.89909752758757,NA,12,NA
2540011,"Chris Thompson","WAS","RB",25,2,8,2,2,2,NA,82,0.0249999999999999,7,0,NA,NA,NA,NA,NA,NA,NA
2540230,"Kyle Juszczyk","BAL","RB",24,2,9,1.99,0.199,1.791,1.40714249456123,83,0.0316666666666667,7,1.592,NA,75.4,7.2,5.04420593753554,NA,8.6,NA
2540211,"Gavin Escobar","DAL","TE",24,2,6,1.985,1.593,1.777,0.162634559672906,53,0.28,0,0.184,NA,49.1,8.9,4.93287608266224,NA,NA,NA
2539214,"Kenbrell Thompkins","NYJ","WR",27,2,5,1.98,1.98,1.98,NA,119,0.1025,12,0,NA,119.8,12.7,6.15164179929198,NA,5,NA
2539980,"Kerwynn Williams","ARI","RB",24,2,9,1.96,0.568,3.352,2.46073159852919,84,0.0833333333333333,7,2.784,NA,63.4,5.4,5.29489746668154,NA,4.6,NA
2543715,"Jerick McKinnon","MIN","RB",23,1,5,1.95666666666667,1.414,2.374,0.658508415537215,85,0.178333333333333,7,0.960000000000001,NA,68.8,5.5,3.62834756517912,NA,14.6,NA
2506194,"Nick Novak","HOU","K",NA,NA,9,1.95,0.38,1.98,1.12694276695846,32,1.95,4,1.6,NA,20.1,6.4,6.33460333605653,NA,11,NA
2552656,"J.J. Nelson","ARI","WR",23,0,9,1.915,0.563,2.667,1.85969083452062,120,0.085,12,2.104,NA,66.4,11.8,5.63477453904224,NA,0,NA
2535964,"Josh Bellamy","CHI","WR",26,3,7,1.84,0.184,1.656,1.30107647738325,121,0.0300000000000002,12,1.472,NA,106.2,19.6,6.81258779060528,NA,0.7,NA
2543646,"Bruce Ellington","SF","WR",24,1,10,1.82,1.184,1.856,0.5939696961967,122,0.03,12,0.672,NA,119.2,8.9,3.68693192283842,NA,0,NA
2553432,"Kevin White","CHI","WR",22,0,7,1.8,1.8,1.8,NA,123,0.0399999999999998,12,0,NA,NA,NA,NA,NA,NA,NA
2539315,"Stepfan Taylor","ARI","RB",24,2,9,1.79666666666667,0.472,3.04,1.61463102080114,87,0.0616666666666665,7,2.568,NA,66.5,9.7,6.27956862802077,NA,1.1,NA
2543774,"Jared Abbrederis","GB","WR",25,1,7,1.78,0.178,1.602,1.25865007051205,124,0.0900000000000001,12,1.424,NA,100.4,18.8,6.58959413107839,NA,3.3,NA
2534571,"Bobby Rainey","TB","RB",28,3,6,1.76,0.448,3.072,2.31931024229188,88,0.0550000000000002,7,2.624,NA,96,7,5.82563697272199,NA,NA,NA
2541429,"B.J. Daniels","FA","WR",26,2,NA,1.74,0.174,1.566,1.23036579926459,125,0.125,12,1.392,NA,NA,NA,4.23196447549296,NA,NA,NA
497242,"Clay Harbor","JAC","TE",28,5,8,1.71,0.438,2.982,2.24859956417322,54,0.0175000000000001,0,2.544,NA,54.8,6.1,6.43866147801756,NA,NA,NA
2539663,"Mike Gillislee","BUF","RB",25,2,8,1.71,0.438,2.982,2.24859956417322,89,0.0449999999999999,7,2.544,NA,63.9,5.4,5.09384446902743,NA,14.3,NA
163982,"Will Johnson","PIT","RB",26,4,11,1.7,0.17,1.53,1.20208152801713,90,0.0999999999999999,7,1.36,NA,94.8,12.4,7.01037292935193,NA,NA,NA
2552633,"Jesse James","PIT","TE",21,0,11,1.7,0.17,1.53,1.20208152801713,55,0.0375000000000001,0,1.36,NA,53,10.8,6.80706206559412,NA,NA,NA
2540200,"Dion Sims","MIA","TE",24,2,5,1.685,0.677,2.093,1.25157900270019,56,0.0750000000000002,0,1.416,NA,41.3,5.7,5.12609867767164,NA,0.9,NA
2531049,"Chris Matthews","BAL","WR",26,2,9,1.64,0.748,1.932,1.04651803615609,126,0.0600000000000001,12,1.184,NA,112.8,16.1,5.76633848976762,NA,0.6,NA
497234,"Garrett Graham","HOU","TE",29,5,9,1.64,0.392,2.888,2.20617315730203,57,0.0749999999999997,0,2.496,NA,51.3,15.8,9.69679491789219,NA,NA,NA
2552464,"Jalston Fowler","TEN","RB",NA,NA,4,1.63,0.163,1.467,1.15258405333407,91,0.11,7,1.304,NA,99.2,9.8,5.88320145179162,NA,0.8,NA
2541966,"Jaron Brown","ARI","WR",25,2,9,1.59,0.159,1.431,1.12429978208661,127,0.106666666666667,12,1.272,NA,107.3,27.4,8.38170465057925,NA,1.5,NA
497238,"Jermaine Gresham","ARI","TE",27,5,9,1.58,0.816,1.744,0.820243866176395,58,0.095,0,0.928,NA,39.9,5.2,4.44674603994889,NA,NA,NA
2550738,"Fitzgerald Toussaint","BAL","RB",25,1,9,1.57,1.57,1.57,NA,92,0.108333333333333,7,0,NA,91,11.3,9.07717844786387,NA,NA,NA
2543750,"Jeff Janis","GB","WR",24,1,7,1.57,1.054,1.486,0.381837661840736,128,0.196666666666667,12,0.432,NA,97,20.1,5.98275776068068,NA,0,NA
2550206,"Ryan Hewitt","CIN","TE",24,1,7,1.55,0.155,1.395,1.09601551083915,59,0.29,0,1.24,NA,40.3,5.4,4.84027210671314,NA,0.9,NA
2495314,"Bruce Miller","SF","RB",28,4,10,1.47,0.147,1.323,1.03944696834423,93,0.123333333333334,7,1.176,NA,86.1,11,6.27455431473349,NA,7.3,NA
2543682,"Bishop Sankey","TEN","RB",23,1,4,1.45333333333333,0.308,2.66,1.47598554645136,94,0.225833333333333,7,2.352,NA,70.3,6.5,4.81861452631413,NA,2.3,NA
2536071,"Cooper Helfet","SEA","TE",26,4,9,1.42,0.142,1.278,1.0040916292849,60,0.3875,0,1.136,NA,37.9,5.1,4.62951848815713,NA,0.5,NA
2552652,"Chris Conley","KC","WR",23,0,9,1.39666666666667,0.94,1.572,0.432473505932252,129,0.211666666666667,12,0.632,NA,104.6,15.4,4.97999544288149,NA,NA,NA
2543590,"Cody Latimer","DEN","WR",23,1,7,1.35,0.99,1.47,0.31224989991992,130,0.365,12,0.48,NA,102.5,18.1,5.46265618130895,NA,0,NA
2543551,"KaDeem Carey","CHI","RB",23,1,7,1.24,0.312,2.168,1.64048773235279,95,0.0491666666666666,7,1.856,NA,77.3,8.9,5.97168750012804,NA,1.8,NA
2539289,"Kenjon Barner","PHI","RB",26,2,8,1.215,0.347,2.083,1.53442171517481,96,0.0491666666666668,7,1.736,NA,74.2,6,4.66625660777062,NA,NA,NA
2543502,"Tre Mason","STL","RB",22,1,6,1.16666666666667,0.64,2.56,1.33166562369588,97,0.0216666666666667,7,1.92,NA,67.2,5.1,4.10015402860798,NA,1.3,NA
497172,"Anthony Dixon","BUF","RB",28,5,8,1.165,0.603,1.427,0.728319984622144,98,0.0425,7,0.824,NA,88.8,9.8,5.4810954564834,NA,0.9,NA
2506147,"John Kuhn","GB","RB",33,9,7,1.125,0.405,1.245,0.742462120245875,99,0.0133333333333334,7,0.84,NA,88.5,12.6,6.65785495582759,NA,7.2,NA
2495340,"Anthony Sherman","KC","RB",27,4,9,1.12,0.112,1.008,0.791959594928933,100,0.0183333333333333,7,0.896,NA,96.8,9.7,5.49986292841652,NA,NA,NA
2540178,"Knile Davis","KC","RB",24,2,9,1.10333333333333,0.188,2.26,1.39643593957379,101,0.0283333333333333,7,2.072,NA,65.7,8.6,5.61573653773422,NA,1.4,NA
2507737,"Darrel Young","WAS","RB",28,6,8,1.1,1.1,1.1,NA,102,0.1575,7,0,NA,97.2,10.7,8.57859731950648,NA,0.6,NA
2543721,"C.J. Fiedorowicz","HOU","TE",24,1,9,1.1,0.48,1.6,0.721110255092798,61,0.200833333333333,0,1.12,NA,49.8,5.6,4.46622219778666,NA,0,NA
2540225,"Tommy Bohanon","NYJ","RB",25,2,5,1.05,0.105,0.945,0.742462120245875,103,0.2225,7,0.84,NA,103.5,7.5,4.53888516030868,NA,NA,NA
2506897,"Devin Hester","ATL","WR",33,9,10,1.02,0.396,1.644,1.10308657865101,132,0.0799999999999998,12,1.248,NA,108,6,3.55792644943353,NA,0,NA
2541768,"Tim Wright","TB","TE",25,2,6,0.965,0.297,1.633,1.18086832458153,62,0.198333333333333,0,1.336,NA,57.6,8.5,5.99762344172847,NA,0,NA
2550198,"Bennie Fowler","DEN","WR",24,1,7,0.95,0.0950000000000001,0.855,0.67175144212722,133,0.0199999999999999,12,0.76,NA,111.2,9.8,3.96859683306074,NA,0,NA
2535869,"Rod Streater","OAK","WR",27,3,6,0.93,0.314,1.546,1.08894444302728,134,0.0750000000000001,12,1.232,NA,150,11,4.66540547828711,NA,NA,NA
2552420,"Keith Mumphery","HOU","WR",23,0,9,0.93,0.234,1.626,1.23036579926459,134,0.19,12,1.392,NA,104.3,24.8,7.90697478471273,NA,0,NA
2550512,"Damien Williams","MIA","RB",23,1,5,0.835,0.223,1.447,1.08187337521542,105,0.08,7,1.224,NA,74.6,8.6,5.31760265754953,NA,1.2,NA
2507883,"Jeff Cumberland","NYJ","TE",28,5,5,0.833333333333333,0.18,1.62,0.945163125250522,63,0.160833333333333,0,1.44,NA,58.8,11,6.57219624901465,NA,NA,NA
230,"Jerome Felton","BUF","RB",29,7,8,0.82,0.0820000000000001,0.738,0.579827560572969,106,0.195,7,0.656,NA,96.5,8.5,4.80022880240502,NA,NA,NA
80672,"Hakeem Nicks","NYG","WR",27,6,11,0.78,0.0780000000000001,0.702,0.551543289325507,136,0.1925,12,0.624,NA,101.7,12.6,4.47371284289345,NA,1,NA
2540005,"Marlon Brown","BAL","WR",24,2,9,0.7,0.7,0.7,NA,137,0.3125,12,0,NA,100.3,13.8,6.64530937153203,NA,NA,NA
2543794,"Crockett Gillmore","BAL","TE",24,1,9,0.7,0.7,0.7,NA,64,0.0825,0,0,NA,NA,NA,NA,NA,NA,NA
2508096,"Tyler Clutts","DAL","RB",31,5,6,0.69,0.0690000000000001,0.621,0.487903679018718,107,0.205,7,0.552,NA,103.5,9.5,5.12859011038606,NA,NA,NA
89766,"Brandon Myers","TB","TE",30,6,6,0.645,0.201,1.089,0.784888527117068,65,0.185,0,0.888,NA,54,22,10.1346737778606,NA,NA,NA
2533353,"Cory Harkey","STL","TE",25,3,6,0.59,0.0590000000000001,0.531,0.417193000900063,66,0.265,0,0.472,NA,NA,NA,3.25526200041601,NA,NA,NA
2543695,"Jay Prosch","HOU","RB",23,1,9,0.56,0.0560000000000001,0.504,0.395979797464467,108,0.21,7,0.448,NA,99.7,5.6,3.42107847757442,NA,0.2,NA
2495558,"Dwayne Bowe","CLE","WR",31,8,11,0.475,0.295,0.655,0.318198051533946,138,0.195,12,0.36,NA,124,8.8,3.38188432610649,NA,2.2,NA
2534871,"Derrick Coleman","SEA","RB",25,3,9,0.41,0.041,0.369,0.289913780286485,109,0.175,7,0.328,NA,60.4,7.3,4.02687524392034,NA,1,NA
2552401,"MyCole Pruitt","MIN","TE",23,0,5,0.33,0.114,0.546,0.381837661840736,67,0.135,0,0.432,NA,54.2,9.7,5.46430045524022,NA,NA,NA
2540203,"Levine Toilolo","ATL","TE",24,2,10,0.32,0.0960000000000001,0.544,0.395979797464467,69,0.255,0,0.448,NA,57.1,7,4.56014914778013,NA,0,NA
2539335,"Geno Smith","NYJ","QB",25,2,5,0.306,0.0306,0.2754,0.216374675043084,35,0.044,10,0.2448,NA,NA,NA,3.68306536384852,NA,NA,NA
2552470,"Sammie Coates","PIT","WR",22,0,11,0.3,0.0600000000000001,0.54,0.424264068711929,139,0.05,12,0.48,NA,143,23,6.67697955734579,NA,NA,NA
2550263,"Juwan Thompson","DEN","RB",23,1,7,0.29,0.122,0.458,0.29698484809835,110,0.11,7,0.336,NA,63.4,8.8,4.65680342095555,NA,NA,NA
2533033,"Robert Griffin","WAS","QB",25,3,8,0.268,0.0268,0.2412,0.189504617357995,36,0.021,10,0.2144,NA,NA,NA,3.63441658425134,NA,NA,NA
2495158,"Leonard Hankerson","FA","WR",27,4,NA,0.26,0.026,0.234,0.183847763108502,140,0.07,12,0.208,NA,NA,NA,2.0870409923516,NA,NA,NA
2539228,"EJ Manuel","BUF","QB",25,2,8,0.256,0.0256,0.2304,0.181019335983756,37,0.024,10,0.2048,NA,NA,NA,3.61905381174696,NA,0.6,NA
2495315,"Denarius Moore","FA","WR",27,4,NA,0.24,0.024,0.216,0.169705627484771,141,0.1,12,0.192,NA,NA,NA,2.05805553987671,NA,NA,NA
252,"Chad Henne","JAC","QB",30,7,8,0.238,0.0238,0.2142,0.168291413922398,38,0.025,10,0.1904,NA,NA,NA,3.5960096529904,NA,NA,NA
2539275,"Mike Glennon","TB","QB",26,2,6,0.226,0.0226,0.2034,0.15980613254816,39,0.038,10,0.1808,NA,NA,NA,3.58064688048603,NA,NA,NA
79858,"Mark Sanchez","PHI","QB",29,6,8,0.2,0.02,0.18,0.14142135623731,40,0.026,10,0.16,NA,32.4,7.4,7.24492419041001,NA,NA,NA
2540224,"Mike James","FA","RB",24,2,NA,0.18,0.018,0.162,0.127279220613579,111,0.04,7,0.144,NA,NA,NA,1.99216496595645,NA,NA,NA
2553486,"Trey Williams","WAS","RB",23,0,8,0.18,0.18,0.18,NA,112,0.105,7,0,NA,NA,NA,NA,NA,NA,NA
2532842,"Nick Foles","STL","QB",26,3,6,0.176,0.0176,0.1584,0.124450793488832,41,0.011,10,0.1408,NA,35.8,12.3,10.2073417103881,NA,NA,NA
2533349,"Austin Davis","CLE","QB",26,3,11,0.172,0.0172,0.1548,0.121622366364086,42,0.02,10,0.1376,NA,NA,NA,3.51151440421635,NA,NA,NA
2542065,"Matt McGloin","OAK","QB",26,2,6,0.158,0.0158,0.1422,0.111722871427475,43,0.027,10,0.1264,NA,NA,NA,3.49359116962792,NA,NA,NA
2506895,"Kellen Clemens","SD","QB",32,9,10,0.146,0.0146,0.1314,0.103237590053236,44,0.038,10,0.1168,NA,NA,NA,3.47822839712354,NA,-0.1,NA
2495192,"Greg Little","FA","WR",26,4,NA,0.14,0.014,0.126,0.0989949493661166,142,0.00999999999999998,12,0.112,NA,NA,NA,1.9131282775023,NA,NA,NA
2541388,"Brice Butler","DAL","WR",25,2,6,0.14,0.014,0.126,0.0989949493661166,142,0.025,12,0.112,NA,130.5,8.5,3.08992876412068,NA,1.6,NA
318,"Jerome Simpson","SF","WR",29,7,10,0.12,0.12,0.12,NA,144,0.015,12,0,NA,122.9,18.2,8.61997966049222,NA,0,NA
367,"Matt Flynn","NO","QB",30,7,11,0.116,0.0116,0.1044,0.0820243866176395,45,0.018,10,0.0928,NA,NA,NA,3.43982146586261,NA,NA,NA
2543759,"Ryan Grant","WAS","WR",25,1,8,0.11,0.011,0.099,0.0777817459305202,145,0.02,12,0.088,NA,106,17.3,5.04285996372471,NA,1.3,NA
2553511,"John Crockett","GB","RB",23,0,7,0.1,0.01,0.09,0.0707106781186548,113,0.05,7,0.08,NA,79.3,15.6,7.26763995081638,NA,NA,NA
2504833,"Shaun Hill","MIN","QB",NA,NA,5,0.1,0.01,0.09,0.0707106781186548,46,0.015,10,0.08,NA,NA,NA,3.41933776919012,NA,NA,NA
2535966,"Brenton Bersin","CAR","WR",25,2,5,0.1,0.01,0.09,0.0707106781186548,146,0.02,12,0.08,NA,NA,NA,1.85515737255253,NA,NA,NA
2543605,"Zach Mettenberger","TEN","QB",24,1,4,0.096,0.00960000000000001,0.0864,0.0678822509939086,47,0.028,10,0.0768,NA,NA,NA,3.41421684502199,NA,12.18,NA
81306,"Brandon Tate","CIN","WR",28,6,7,0.08,0.00800000000000001,0.072,0.0565685424949238,147,0,12,0.064,NA,98.5,36.5,9.32949241391805,NA,0,NA
2530720,"Joseph Morgan","FA","WR",27,4,NA,0.08,0.00800000000000001,0.072,0.0565685424949238,147,0.005,12,0.064,NA,NA,NA,1.82617192007765,NA,NA,NA
2534436,"Deonte Thompson","CHI","WR",26,3,7,0.08,0.08,0.08,NA,147,0.01,12,0,NA,125.3,8.9,4.44624473155363,NA,0,NA
2495748,"Drew Stanton","ARI","QB",31,8,9,0.074,0.00740000000000001,0.0666,0.0523259018078045,48,0.018,10,0.0592,NA,NA,NA,3.38605176209731,NA,-0.2,NA
2539327,"Joseph Fauria","FA","TE",25,2,NA,0.07,0.00700000000000001,0.063,0.0494974746830583,70,0.01,0,0.056,NA,NA,NA,2.38775232820948,NA,NA,NA
2540261,"Corey Fuller","DET","WR",25,2,9,0.07,0.00700000000000001,0.063,0.0494974746830583,150,0,12,0.056,NA,122.6,17,4.94655620594437,NA,NA,NA
2541785,"Adam Thielen","MIN","WR",25,1,5,0.07,0.07,0.07,NA,150,0.00499999999999999,12,0,NA,137.3,9.8,4.8501545633864,NA,0,NA
2552650,"Mario Alford","CIN","WR",NA,NA,7,0.07,0.00700000000000001,0.063,0.0494974746830583,150,0.02,12,0.056,NA,125,11,3.60019009983515,NA,NA,NA
81284,"Chase Daniel","KC","QB",29,6,9,0.062,0.00620000000000001,0.0558,0.0438406204335659,49,0.014,10,0.0496,NA,NA,NA,3.37068898959293,NA,-0.2,NA
2495234,"Luke Stocker","TB","TE",27,4,6,0.06,0.06,0.06,NA,71,0.005,0,0,NA,71.5,1.5,2.16353824730546,NA,8.5,NA
2543641,"Devin Street","DAL","WR",24,1,6,0.06,0.06,0.06,NA,153,0.025,12,0,NA,119.2,21.8,10.2356189878233,NA,NA,NA
2550454,"Asante Cleveland","SF","TE",23,1,10,0.06,0.00600000000000001,0.054,0.0424264068711929,71,0.01,0,0.048,NA,NA,NA,2.37106944989781,NA,NA,NA
2539265,"Rex Burkhead","CIN","RB",25,2,7,0.05,0.00500000000000001,0.045,0.0353553390593274,114,0.005,7,0.04,NA,89,9.4,4.65812862136084,NA,NA,NA
2495425,"Scott Tolzien","GB","QB",28,4,7,0.05,0.005,0.045,0.0353553390593274,50,0.007,10,0.04,NA,NA,NA,3.35532621708856,NA,NA,NA
2532926,"Isaiah Pead","FA","RB",26,3,NA,0.05,0.005,0.045,0.0353553390593274,115,0.01,7,0.04,NA,NA,NA,1.81791903465622,NA,NA,NA
2541187,"Demetrius Harris","KC","TE",24,2,9,0.05,0.005,0.045,0.0353553390593274,73,0,0,0.04,NA,56.5,7.5,4.30526060004969,NA,NA,NA
2552559,"C.J. Uzomah","CIN","TE",22,0,7,0.05,0.05,0.05,NA,73,0.005,0,0,NA,61.5,8.1,6.66539426663401,NA,NA,NA
2552660,"Randall Telfer","CLE","TE",23,0,11,0.05,0.05,0.05,NA,73,0.01,0,0,NA,NA,NA,NA,NA,NA,NA
2506546,"Derek Anderson","CAR","QB",32,10,5,0.046,0.00460000000000001,0.0414,0.0325269119345812,51,0.012,10,0.0368,NA,NA,NA,3.35020529292044,NA,NA,NA
71435,"John Phillips","SD","TE",28,6,10,0.04,0.004,0.036,0.0282842712474619,76,0,0,0.032,NA,62,27,10.9473882803565,NA,NA,NA
79589,"David Johnson","SD","TE",28,6,10,0.04,0.004,0.036,0.0282842712474619,76,0.005,0,0.032,NA,NA,NA,2.33770369327448,NA,NA,NA
2495472,"Jordan Todman","PIT","RB",25,4,11,0.04,0.004,0.036,0.0282842712474619,116,0.005,7,0.032,NA,99.5,13.5,6.35491237666012,NA,NA,NA
2536532,"Jorvorskie Lane","TB","RB",28,3,6,0.04,0.004,0.036,0.0282842712474619,116,0.015,7,0.032,NA,NA,NA,1.80451550147928,NA,NA,NA
2540232,"Jack Doyle","IND","TE",25,2,10,0.04,0.004,0.036,0.0282842712474619,76,0.01,0,0.032,NA,68,5.1,3.4783998846523,NA,NA,NA
2552654,"Geremy Davis","NYG","WR",23,0,11,0.04,0.004,0.036,0.0282842712474619,156,0.02,12,0.032,NA,145.5,13.5,4.13943688802449,NA,NA,NA
2539287,"Landry Jones","PIT","QB",26,2,11,0.04,0.004,0.036,0.0282842712474619,52,0.02,10,0.032,NA,NA,NA,3.34252390666825,NA,NA,NA
2534437,"Austin Johnson","NO","RB",26,2,11,0.03,0.003,0.027,0.0212132034355964,118,0.01,7,0.024,NA,98.3,8.2,4.14614395982651,NA,0.6,NA
497286,"Marcus Easley","BUF","WR",28,5,8,0.03,0.003,0.027,0.0212132034355964,157,0.02,12,0.024,NA,119.5,10.5,3.45900747185116,NA,0,NA
2507182,"Matt Spaeth","PIT","TE",31,8,11,0.03,0.003,0.027,0.0212132034355964,79,0,0,0.024,NA,69.5,11.4,5.61867154563055,NA,NA,NA
2543628,"Troy Niklas","ARI","TE",23,1,9,0.03,0.003,0.027,0.0212132034355964,79,0.005,0,0.024,NA,49.8,9.5,4.97067711860599,NA,NA,NA
2551359,"Jerome Cunningham","NYG","TE",24,1,11,0.03,0.003,0.027,0.0212132034355964,79,0.01,0,0.024,NA,58.8,9,4.800152269389,NA,0.7,NA
2506481,"Dan Orlovsky","DET","QB",32,10,9,0.028,0.0028,0.0252,0.0197989898732233,53,0.016,10,0.0224,NA,NA,NA,3.32716113416388,NA,NA,NA
2533028,"James Hanna","DAL","TE",26,3,6,0.02,0.002,0.018,0.014142135623731,82,0,0,0.016,NA,72,3,2.74551263962928,NA,1.7,NA
2541910,"George Winn","DET","RB",25,2,9,0.02,0.002,0.018,0.014142135623731,119,0.005,7,0.016,NA,101.3,9.1,4.51337803950608,NA,NA,NA
2550284,"Trey Burton","PHI","TE",24,1,8,0.02,0.002,0.018,0.014142135623731,82,0.01,0,0.016,NA,70.5,16.5,7.34968356848803,NA,NA,NA
2550355,"Nic Jacobs","JAC","TE",24,1,8,0.02,0.002,0.018,0.014142135623731,82,0.02,0,0.016,NA,72.5,1.5,2.23393809197831,NA,NA,NA
2552477,"Aaron Ripkowski","GB","RB",NA,NA,7,0.02,0.002,0.018,0.014142135623731,119,0.01,7,0.016,NA,101.5,1.5,1.35569755990927,NA,NA,NA
2507282,"Matt Moore","MIA","QB",31,8,5,0.012,0.0012,0.0108,0.00848528137423857,54,0.002,10,0.0096,NA,NA,NA,3.30667743749138,NA,NA,NA
2539961,"Ryan Nassib","NYG","QB",25,2,11,0.012,0.0012,0.0108,0.00848528137423857,54,0.004,10,0.0096,NA,NA,NA,3.30667743749138,NA,NA,NA
79629,"Cedric Peerman","CIN","RB",29,6,7,0.01,0.001,0.009,0.00707106781186548,121,0,7,0.008,NA,87,5,2.80319075102986,NA,NA,NA
2527672,"Will Tukuafu","SEA","RB",31,5,9,0.01,0.01,0.01,NA,121,0.005,7,0,NA,108.5,8.5,6.75046651552938,NA,NA,NA
2541828,"Frankie Hammond","KC","WR",NA,NA,9,0.01,0.001,0.009,0.00707106781186548,158,0.005,12,0.008,NA,131,19,5.35186672926845,NA,0,NA
2541944,"Russell Shepard","TB","WR",25,2,6,0.01,0.01,0.01,NA,158,0.01,12,0,NA,120.4,10.9,5.34382213562645,NA,0,NA
2552636,"Michael Burton","DET","RB",23,0,9,0.01,0.001,0.009,0.00707106781186548,121,0.01,7,0.008,NA,94,2.9,1.93067377640442,NA,7,NA
2543751,"David Fales","CHI","QB",25,1,7,0.008,0.000800000000000001,0.0072,0.00565685424949238,56,0.004,10,0.0064,NA,NA,NA,3.30155651332326,NA,NA,NA
2543801,"Jimmy Garoppolo","NE","QB",24,1,4,0.008,0.000800000000000001,0.0072,0.00565685424949238,56,0.008,10,0.0064,NA,NA,NA,3.30155651332326,NA,NA,NA
184,"Donnie Avery","FA","WR",31,7,NA,0,0,0,NA,160,0,12,0,NA,NA,NA,NA,NA,NA,NA
216,"Fred Davis","FA","TE",29,7,NA,0,0,0,NA,85,0,0,0,NA,NA,NA,NA,NA,NA,NA
262,"Chris Johnson","ARI","RB",30,7,9,0,0,0,NA,125,0,7,0,NA,NA,NA,NA,NA,NA,NA
382,"Joe Flacco","BAL","QB",30,7,9,0,0,0,NA,59,0,11,0,NA,NA,NA,NA,NA,NA,NA
832,"Josh Morgan","FA","WR",30,7,NA,0,0,0,NA,160,0,12,0,NA,NA,NA,NA,NA,NA,NA
925,"Jamaal Charles","KC","RB",29,7,9,0,0,0,NA,125,0,7,0,NA,NA,NA,NA,NA,NA,NA
927,"Justin Forsett","BAL","RB",30,7,9,0,0,0,NA,125,0,7,0,NA,NA,NA,NA,NA,NA,NA
929,"BenJarvus Green-Ellis","FA","RB",30,7,NA,0,0,0,NA,125,0,7,0,NA,NA,NA,NA,NA,NA,NA
941,"Ray Rice","FA","RB",28,7,NA,0,0,0,NA,125,0,7,0,NA,NA,NA,NA,NA,NA,NA
949,"Jonathan Stewart","CAR","RB",28,7,5,0,0,0,NA,125,0,7,0,NA,NA,NA,NA,NA,NA,NA
1030,"Mario Manningham","FA","WR",29,7,NA,0,0,0,NA,160,0,12,0,NA,NA,NA,NA,NA,NA,NA
1032,"Jordy Nelson","GB","WR",30,7,7,0,0,0,NA,160,0,12,0,NA,NA,NA,NA,NA,NA,NA
1062,"Martellus Bennett","CHI","TE",28,7,7,0,0,0,NA,85,0,0,0,NA,NA,NA,NA,NA,NA,NA
1072,"Jermichael Finley","FA","TE",28,7,NA,0,0,0,NA,85,0,0,0,NA,NA,NA,NA,NA,NA,NA
1966,"John Carlson","FA","TE",31,7,NA,0,0,0,NA,85,0,0,0,NA,NA,NA,NA,NA,NA,NA
1980,"Peyton Hillis","FA","RB",29,7,NA,0,0,0,NA,125,0,7,0,NA,NA,NA,NA,NA,NA,NA
4231,"Jed Collins","FA","RB",29,7,NA,0,0,0,NA,125,0,7,0,NA,NA,NA,NA,NA,NA,NA
4381,"Garrett Hartley","FA","K",29,7,NA,0,0,0,NA,33,0,4,0,NA,NA,NA,NA,NA,NA,NA
4487,"Matthew Slater","NE","WR",30,7,4,0,0,0,NA,160,0,12,0,NA,NA,NA,NA,NA,NA,NA
71247,"James Casey","FA","TE",31,6,NA,0,0,0,0,85,0,0,0,NA,NA,NA,2.27097218002783,NA,NA,NA
71255,"Chase Coffman","FA","TE",29,6,NA,0,0,0,0,85,0,0,0,NA,NA,NA,2.27097218002783,NA,NA,NA
71431,"Brandon Pettigrew","DET","TE",30,6,9,0,0,0,NA,85,0,0,0,NA,NA,NA,NA,NA,NA,NA
79555,"Arian Foster","HOU","RB",29,6,9,0,0,0,NA,125,0,7,0,NA,NA,NA,NA,NA,NA,NA
79557,"Josh Freeman","FA","QB",27,6,NA,0,0,0,NA,59,0,11,0,NA,NA,NA,NA,NA,NA,NA
79563,"Shonn Greene","FA","RB",30,6,NA,0,0,0,NA,125,0,7,0,NA,NA,NA,NA,NA,NA,NA
79619,"Knowshon Moreno","FA","RB",28,6,NA,0,0,0,NA,125,0,7,0,NA,NA,NA,NA,NA,NA,NA
79625,"Bear Pascoe","DET","TE",29,6,9,0,0,0,0,85,0,0,0,NA,NA,NA,2.27097218002783,NA,NA,NA
80425,"Percy Harvin","BUF","WR",27,6,8,0,0,0,NA,160,0,12,0,NA,NA,NA,NA,NA,NA,NA
80670,"Louis Murphy","TB","WR",28,6,6,0,0,0,NA,160,0,12,0,NA,NA,NA,NA,NA,NA,NA
80674,"Chris Ogbonnaya","FA","RB",29,6,NA,0,0,0,NA,125,0,7,0,NA,NA,NA,NA,NA,NA,NA
81288,"Brandon Gibson","NE","WR",28,6,4,0,0,0,NA,160,0,12,0,NA,NA,NA,NA,NA,NA,NA
81294,"Brian Hoyer","HOU","QB",30,6,9,0,0,0,NA,59,0,11,0,NA,NA,NA,NA,NA,NA,NA
81831,"Brian Hartline","CLE","WR",29,6,11,0,0,0,NA,160,0,12,0,NA,NA,NA,NA,NA,NA,NA
81857,"Kevin Ogletree","FA","WR",28,6,NA,0,0,0,NA,160,0,12,0,NA,NA,NA,NA,NA,NA,NA
89798,"Antone Smith","CHI","RB",30,6,7,0,0,0,0,125,0,7,0,NA,91.5,0.5,0.926809753101173,NA,NA,NA
238498,"Julian Edelman","NE","WR",29,6,4,0,0,0,NA,160,0,12,0,NA,48.8,20.5,9.65219367517595,NA,NA,NA
496812,"Erik Lorig","FA","RB",29,5,NA,0,0,0,NA,125,0,7,0,NA,NA,NA,NA,NA,NA,NA
497121,"Thad Lewis","PHI","QB",28,5,8,0,0,0,0,59,0,10,0,NA,NA,NA,3.29131466498701,NA,NA,NA
497123,"Colt McCoy","WAS","QB",29,5,8,0,0,0,0,59,0,10,0,NA,NA,NA,3.29131466498701,NA,NA,NA
497135,"Tim Tebow","FA","QB",28,5,NA,0,0,0,NA,59,0,11,0,NA,NA,NA,NA,NA,NA,NA
497149,"LeGarrette Blount","NE","RB",29,5,4,0,0,0,NA,125,0,7,0,NA,NA,NA,NA,NA,NA,NA
497174,"Jonathan Dwyer","FA","RB",26,5,NA,0,0,0,NA,125,0,7,0,NA,NA,NA,NA,NA,NA,NA
497176,"Toby Gerhart","JAC","RB",28,5,8,0,0,0,NA,125,0,7,0,NA,NA,NA,NA,NA,NA,NA
497190,"Dexter McCluster","TEN","RB",27,5,4,0,0,0,NA,125,0,7,0,NA,NA,NA,NA,NA,NA,NA
497192,"Joe McKnight","FA","RB",27,5,NA,0,0,0,NA,125,0,7,0,NA,NA,NA,NA,NA,NA,NA
497218,"Trindon Holliday","FA","WR",29,5,NA,0,0,0,NA,160,0,12,0,NA,NA,NA,NA,NA,NA,NA
497236,"Jimmy Graham","SEA","TE",29,5,9,0,0,0,NA,85,0,0,0,NA,NA,NA,NA,NA,NA,NA
497250,"Anthony McCoy","SEA","TE",28,5,9,0,0,0,NA,85,0,0,0,NA,83,7,5.91508493007925,NA,NA,NA
497254,"Dennis Pitta","BAL","TE",30,5,9,0,0,0,NA,85,0,0,0,NA,NA,NA,NA,NA,NA,NA
497256,"Tony Moeaki","ATL","TE",28,5,10,0,0,0,NA,85,0,0,0,NA,50.5,6.5,5.57403523164527,NA,0,NA
497258,"Andrew Quarless","GB","TE",27,5,7,0,0,0,NA,85,0,0,0,NA,NA,NA,NA,NA,NA,NA
497260,"Seyi Ajirotutu","PHI","WR",28,5,8,0,0,0,0,160,0,12,0,NA,145.7,12.1,3.79629934412412,NA,NA,NA
497288,"Jacoby Ford","FA","WR",28,5,NA,0,0,0,NA,160,0,12,0,NA,NA,NA,NA,NA,NA,NA
497312,"Preston Parker","FA","WR",28,5,NA,0,0,0,0,160,0,12,0,NA,NA,NA,1.71023011017811,NA,NA,NA
1037347,"Joe Webb","CAR","QB",29,5,5,0,0,0,NA,59,0,11,0,NA,NA,NA,NA,NA,NA,NA
1037366,"Michael Palmer","FA","TE",27,5,NA,0,0,0,NA,85,0,0,0,NA,NA,NA,NA,NA,NA,NA
1037847,"Deji Karim","FA","RB",29,5,NA,0,0,0,NA,125,0,7,0,NA,NA,NA,NA,NA,NA,NA
2495143,"Andy Dalton","CIN","QB",28,4,7,0,0,0,NA,59,0,11,0,NA,NA,NA,NA,NA,NA,NA
2495162,"Alex Henery","FA","K",28,4,NA,0,0,0,NA,33,0,4,0,NA,NA,NA,NA,NA,NA,NA
2495172,"Kendall Hunter","FA","RB",27,4,NA,0,0,0,NA,125,0,7,0,NA,NA,NA,NA,NA,0.2,NA
2495179,"Jerrel Jernigan","FA","WR",26,4,NA,0,0,0,NA,160,0,12,0,NA,NA,NA,NA,NA,NA,NA
2495186,"Colin Kaepernick","SF","QB",28,4,10,0,0,0,NA,59,0,11,0,NA,NA,NA,NA,NA,NA,NA
2495194,"Jake Locker","FA","QB",27,4,NA,0,0,0,NA,59,0,11,0,NA,NA,NA,NA,NA,NA,NA
2495211,"Niles Paul","WAS","TE",26,4,8,0,0,0,NA,85,0,0,0,NA,NA,NA,NA,NA,NA,NA
2495212,"Austin Pettis","FA","WR",27,4,NA,0,0,0,NA,160,0,12,0,NA,NA,NA,NA,NA,NA,NA
2495215,"Christian Ponder","FA","QB",27,4,NA,0,0,0,0,59,0,10,0,NA,NA,NA,3.29131466498701,NA,NA,NA
2495223,"Greg Salas","FA","WR",27,4,NA,0,0,0,NA,160,0,12,0,NA,NA,NA,NA,NA,NA,NA
2495306,"Ricardo Lockette","SEA","WR",29,4,9,0,0,0,NA,160,0,12,0,NA,NA,NA,NA,NA,NA,NA
2495331,"Aldrick Robinson","FA","WR",27,4,NA,0,0,0,NA,160,0,12,0,NA,NA,NA,NA,NA,NA,NA
2495443,"Ryan Mallett","BAL","QB",27,4,9,0,0,0,0,59,0,10,0,NA,NA,NA,3.29131466498701,NA,NA,NA
2495449,"Tandon Doss","FA","WR",26,4,NA,0,0,0,NA,160,0,12,0,NA,NA,NA,NA,NA,NA,NA
2495466,"Mark Ingram","NO","RB",26,4,11,0,0,0,NA,125,0,7,0,NA,NA,NA,NA,NA,NA,NA
2495468,"Mikel Leshoure","FA","RB",25,4,NA,0,0,0,NA,125,0,7,0,NA,NA,NA,NA,NA,NA,NA
2495469,"Dion Lewis","NE","RB",25,4,4,0,0,0,NA,125,0,7,0,NA,NA,NA,NA,NA,NA,NA
2495471,"Jacquizz Rodgers","CHI","RB",25,4,7,0,0,0,NA,125,0,7,0,NA,NA,NA,NA,NA,NA,NA
2495560,"Ahmad Bradshaw","IND","RB",29,8,10,0,0,0,NA,125,0,7,0,NA,NA,NA,NA,NA,NA,NA
2495651,"Jacoby Jones","PIT","WR",31,8,11,0,0,0,NA,160,0,12,0,NA,141.5,23.5,10.9985597812852,NA,NA,NA
2495660,"Brian Leonard","FA","RB",31,8,NA,0,0,0,NA,125,0,7,0,NA,NA,NA,NA,NA,NA,NA
2495663,"Marshawn Lynch","SEA","RB",29,8,9,0,0,0,NA,125,0,7,0,NA,NA,NA,NA,NA,NA,NA
2495676,"Robert Meachem","FA","WR",31,8,NA,0,0,0,NA,160,0,12,0,NA,NA,NA,NA,NA,NA,NA
2495724,"Dante Rosario","FA","TE",31,8,NA,0,0,0,NA,85,0,0,0,NA,NA,NA,NA,NA,NA,NA
2495801,"Miles Austin","FA","WR",31,9,NA,0,0,0,0,160,0,12,0,NA,NA,NA,1.71023011017811,NA,NA,NA
2495838,"Bruce Gradkowski","PIT","QB",32,9,11,0,0,0,NA,59,0,11,0,NA,NA,NA,NA,NA,NA,NA
2495843,"Derek Hagan","FA","WR",31,9,NA,0,0,0,NA,160,0,12,0,NA,NA,NA,NA,NA,NA,NA
2499248,"Kris Durham","FA","WR",27,4,NA,0,0,0,NA,160,0,12,0,NA,NA,NA,NA,NA,NA,NA
2499255,"Richard Gordon","BAL","TE",28,4,9,0,0,0,NA,85,0,0,0,NA,60,1,1.82248854887147,NA,NA,NA
2499277,"David Ausberry","FA","TE",28,4,NA,0,0,0,NA,85,0,0,0,NA,NA,NA,NA,NA,NA,NA
2501863,"Peyton Manning","DEN","QB",39,17,7,0,0,0,NA,59,0,11,0,NA,NA,NA,NA,NA,NA,NA
2504343,"Jay Feely","FA","K",39,16,NA,0,0,0,NA,33,0,4,0,NA,NA,NA,NA,NA,NA,NA
2504531,"Michael Vick","PIT","QB",35,14,11,0,0,0,0,59,0,10,0,NA,NA,NA,3.29131466498701,NA,NA,NA
2504743,"Santana Moss","FA","WR",36,14,NA,0,0,0,NA,160,0,12,0,NA,NA,NA,NA,NA,NA,NA
2504797,"Matt Bryant","ATL","K",40,13,10,0,0,0,NA,33,0,4,0,NA,NA,NA,NA,NA,NA,NA
2504941,"Billy Cundiff","FA","K",35,13,NA,0,0,0,0,33,0,4,0,NA,NA,NA,1.43360919080744,NA,NA,NA
2505076,"Josh McCown","CLE","QB",36,13,11,0,0,0,NA,59,0,11,0,NA,NA,NA,NA,NA,NA,NA
2505310,"Kassim Osgood","FA","WR",35,12,NA,0,0,0,NA,160,0,12,0,NA,NA,NA,NA,NA,NA,NA
2505354,"Tony Romo","DAL","QB",35,12,6,0,0,0,NA,59,0,11,0,NA,NA,NA,NA,NA,NA,NA
2505936,"Steven Jackson","FA","RB",32,11,NA,0,0,0,NA,125,0,7,0,NA,NA,NA,NA,NA,NA,NA
2506053,"Luke McCown","NO","QB",34,11,11,0,0,0,NA,59,0,11,0,NA,NA,NA,NA,NA,NA,NA
2506149,"Shaun Suisham","PIT","K",NA,NA,11,0,0,0,NA,33,0,4,0,NA,NA,NA,NA,NA,NA,NA
2506222,"Josh Cribbs","FA","WR",32,10,NA,0,0,0,NA,160,0,12,0,NA,NA,NA,NA,NA,NA,NA
2506341,"Ronnie Brown","FA","RB",34,10,NA,0,0,0,NA,125,0,7,0,NA,NA,NA,NA,NA,NA,NA
2506364,"Jason Campbell","FA","QB",34,10,NA,0,0,0,NA,59,0,11,0,NA,NA,NA,NA,NA,NA,NA
2506400,"Vincent Jackson","TB","WR",32,10,6,0,0,0,NA,160,0,12,0,NA,NA,NA,NA,NA,NA,NA
2506410,"Alex Smith","WAS","TE",33,10,8,0,0,0,NA,85,0,0,0,NA,NA,NA,NA,NA,NA,NA
2506444,"Kyle Orton","FA","QB",33,10,NA,0,0,0,NA,59,0,11,0,NA,NA,NA,NA,NA,NA,NA
2506619,"Daniel Fells","NYG","TE",32,9,11,0,0,0,NA,85,0,0,0,NA,NA,NA,NA,NA,NA,NA
2506874,"Reggie Bush","SF","RB",30,9,10,0,0,0,NA,125,0,7,0,NA,NA,NA,NA,NA,NA,NA
2506885,"Santonio Holmes","FA","WR",31,9,NA,0,0,0,NA,160,0,12,0,NA,NA,NA,NA,NA,NA,NA
2507029,"Eric Weems","ATL","WR",30,8,10,0,0,0,NA,160,0,12,0,NA,121,5,2.69596879361165,NA,0,NA
2507170,"Zach Miller","FA","TE",30,8,NA,0,0,0,NA,85,0,0,0,NA,10.8,2.8,3.05026746323381,NA,NA,NA
2507170,"Zach Miller","FA","TE",30,8,NA,0,0,0,NA,85,0,0,0,NA,11.5,0.5,1.48143885043749,NA,NA,NA
2507192,"Michael Bush","FA","RB",31,8,NA,0,0,0,NA,125,0,7,0,NA,NA,NA,NA,NA,NA,NA
2507225,"Nick Folk","NYJ","K",31,8,5,0,0,0,NA,33,0,4,0,NA,NA,NA,NA,NA,NA,NA
2507237,"Jordan Palmer","FA","QB",31,8,NA,0,0,0,NA,59,0,11,0,NA,NA,NA,NA,NA,NA,NA
2507278,"Jackie Battle","FA","RB",32,8,NA,0,0,0,NA,125,0,7,0,NA,NA,NA,NA,NA,NA,NA
2507405,"Matthew Mulligan","FA","TE",30,7,NA,0,0,0,0,85,0,0,0,NA,NA,NA,2.27097218002783,NA,NA,NA
2507596,"Marcus Thigpen","BUF","RB",29,6,8,0,0,0,NA,125,0,7,0,NA,NA,NA,NA,NA,0,NA
2507828,"Logan Paulsen","WAS","TE",28,5,8,0,0,0,NA,85,0,0,0,NA,NA,NA,NA,NA,NA,NA
2507855,"Victor Cruz","NYG","WR",29,5,11,0,0,0,NA,160,0,12,0,NA,NA,NA,NA,NA,NA,NA
2507884,"David Nelson","PIT","WR",29,5,11,0,0,0,NA,160,0,12,0,NA,NA,NA,NA,NA,NA,NA
2507897,"Alfonso Smith","FA","RB",28,5,NA,0,0,0,NA,125,0,7,0,NA,NA,NA,NA,NA,NA,NA
2508051,"John Conner","FA","RB",28,5,NA,0,0,0,NA,125,0,7,0,NA,NA,NA,NA,NA,NA,NA
2508101,"James Develin","NE","RB",27,5,4,0,0,0,NA,125,0,7,0,NA,NA,NA,NA,NA,NA,NA
2508112,"Rob Housler","CHI","TE",27,4,7,0,0,0,NA,85,0,0,0,NA,NA,NA,NA,NA,0.9,NA
2508115,"Vincent Brown","SD","WR",26,4,10,0,0,0,0,160,0,12,0,NA,107.1,27.2,7.184654044499,NA,NA,NA
2530516,"Robert Hughes","FA","RB",26,4,NA,0,0,0,NA,125,0,7,0,NA,NA,NA,NA,NA,NA,NA
2530575,"Drew Davis","FA","WR",26,3,NA,0,0,0,NA,160,0,12,0,NA,NA,NA,NA,NA,NA,NA
2530598,"Jeremy Ross","OAK","WR",27,4,6,0,0,0,0,160,0,12,0,NA,141.5,18.5,5.23242319064063,NA,0,NA
2530690,"DuJuan Harris","FA","RB",27,4,NA,0,0,0,0,125,0,7,0,NA,NA,NA,1.75090136877151,NA,NA,NA
2530699,"Henry Hynoski","FA","RB",27,4,NA,0,0,0,NA,125,0,7,0,NA,NA,NA,NA,NA,NA,NA
2530713,"Jeff Maehl","FA","WR",26,4,NA,0,0,0,NA,160,0,12,0,NA,NA,NA,NA,NA,NA,NA
2531218,"Chase Reynolds","STL","RB",28,3,6,0,0,0,NA,125,0,7,0,NA,NA,NA,NA,NA,NA,NA
2532799,"Jarrett Boykin","FA","WR",26,3,NA,0,0,0,NA,160,0,12,0,NA,NA,NA,NA,NA,NA,NA
2532807,"Ryan Broyles","FA","WR",27,3,NA,0,0,0,NA,160,0,12,0,NA,NA,NA,NA,NA,NA,NA
2532823,"Juron Criner","FA","WR",26,3,NA,0,0,0,NA,160,0,12,0,NA,NA,NA,NA,NA,NA,NA
2532850,"T.J. Graham","NO","WR",26,3,11,0,0,0,0,160,0,12,0,NA,147,11,3.5494655580041,NA,NA,NA
2532851,"Cyrus Gray","FA","RB",26,3,NA,0,0,0,NA,125,0,7,0,NA,NA,NA,NA,NA,NA,NA
2532862,"Junior Hemingway","FA","WR",27,3,NA,0,0,0,NA,160,0,12,0,NA,NA,NA,NA,NA,NA,NA
2532876,"A.J. Jenkins","FA","WR",25,3,NA,0,0,0,NA,160,0,12,0,NA,NA,NA,NA,NA,NA,NA
2532894,"Ryan Lindley","FA","QB",26,3,NA,0,0,0,NA,59,0,11,0,NA,NA,NA,NA,NA,NA,NA
2532917,"Kellen Moore","DAL","QB",26,3,6,0,0,0,0,59,0,10,0,NA,39.8,11.7,9.73005522042624,NA,1.32,NA
2532923,"Chris Owusu","NYJ","WR",25,3,5,0,0,0,NA,160,0,12,0,NA,NA,NA,NA,NA,NA,NA
2532930,"DeVier Posey","FA","WR",25,3,NA,0,0,0,NA,160,0,12,0,NA,NA,NA,NA,NA,NA,NA
2532970,"Brandon Weeden","HOU","QB",32,3,9,0,0,0,0,59,0,10,0,NA,NA,NA,3.29131466498701,NA,8.8,NA
2533012,"Vick Ballard","FA","RB",25,3,NA,0,0,0,NA,125,0,7,0,NA,NA,NA,NA,NA,NA,NA
2533031,"Andrew Luck","IND","QB",26,3,10,0,0,0,NA,59,0,11,0,NA,NA,NA,NA,NA,NA,NA
2533032,"Trent Richardson","FA","RB",24,3,NA,0,0,0,NA,125,0,7,0,NA,NA,NA,NA,NA,NA,NA
2533036,"LaMichael James","FA","RB",26,3,NA,0,0,0,0,125,0,7,0,NA,NA,NA,1.75090136877151,NA,NA,NA
2533038,"Justin Blackmon","JAC","WR",25,3,8,0,0,0,NA,160,0,12,0,NA,NA,NA,NA,NA,NA,NA
2533047,"Orson Charles","FA","TE",24,3,NA,0,0,0,NA,85,0,0,0,NA,NA,NA,NA,NA,NA,NA
2533537,"Stephen Hill","CAR","WR",24,3,5,0,0,0,NA,160,0,12,0,NA,NA,NA,NA,NA,NA,NA
2533540,"Edwin Baker","FA","RB",24,3,NA,0,0,0,NA,125,0,7,0,NA,NA,NA,NA,NA,NA,NA
2533545,"Bernard Pierce","JAC","RB",24,3,8,0,0,0,NA,125,0,7,0,NA,NA,NA,NA,NA,NA,NA
2534241,"Derek Carrier","WAS","TE",25,3,8,0,0,0,NA,85,0,0,0,NA,NA,NA,NA,NA,NA,NA
2534244,"Chase Ford","BAL","TE",25,3,9,0,0,0,NA,85,0,0,0,NA,NA,NA,NA,NA,NA,NA
2534752,"Adrien Robinson","FA","TE",27,3,NA,0,0,0,NA,85,0,0,0,NA,NA,NA,NA,NA,NA,NA
2534789,"Daryl Richardson","CLE","RB",25,3,11,0,0,0,0,125,0,7,0,NA,NA,NA,1.75090136877151,NA,NA,NA
2534820,"Garrett Celek","SF","TE",27,3,10,0,0,0,NA,85,0,0,0,NA,NA,NA,NA,NA,NA,NA
2534889,"Matt Simms","FA","QB",27,3,NA,0,0,0,NA,59,0,11,0,NA,NA,NA,NA,NA,NA,NA
2535535,"Phillip Supernaw","TEN","TE",25,3,4,0,0,0,NA,85,0,0,0,NA,78,12.1,9.39379185410586,NA,NA,NA
2535696,"Joe Banyard","JAC","RB",27,3,8,0,0,0,0,125,0,7,0,NA,75,18.2,8.28088139637269,NA,NA,NA
2535708,"Lance Dunbar","DAL","RB",25,3,6,0,0,0,NA,125,0,7,0,NA,NA,NA,NA,NA,NA,NA
2535716,"Saalim Hakim","FA","WR",25,3,NA,0,0,0,NA,160,0,12,0,NA,NA,NA,NA,NA,NA,NA
2535882,"Mike Brown","FA","WR",26,3,NA,0,0,0,NA,160,0,12,0,NA,NA,NA,NA,NA,NA,NA
2536031,"Damaris Johnson","NE","WR",26,3,4,0,0,0,0,160,0,12,0,NA,150,7,2.65188815393129,NA,NA,NA
2536056,"Jeremy Stewart","FA","RB",26,3,NA,0,0,0,NA,125,0,7,0,NA,NA,NA,NA,NA,NA,NA
2536342,"Brandon Bostick","FA","TE",26,3,NA,0,0,0,NA,85,0,0,0,NA,NA,NA,NA,NA,NA,NA
2537931,"Josh Gordon","CLE","WR",24,3,11,0,0,0,NA,160,0,12,0,NA,NA,NA,NA,NA,NA,NA
2537933,"Larry Donnell","NYG","TE",27,3,11,0,0,0,NA,85,0,0,0,NA,NA,NA,NA,NA,NA,NA
2539235,"Tavarres King","FA","WR",25,2,NA,0,0,0,NA,160,0,12,0,NA,NA,NA,NA,NA,NA,NA
2539246,"Chris Harper","FA","WR",26,2,NA,0,0,0,NA,160,0,12,0,NA,NA,NA,NA,NA,NA,NA
2539256,"Aaron Dobson","NE","WR",24,2,4,0,0,0,NA,160,0,12,0,NA,NA,NA,NA,NA,NA,NA
2539308,"Matt Barkley","ARI","QB",25,2,9,0,0,0,0,59,0,10,0,NA,NA,NA,3.29131466498701,NA,NA,NA
2539341,"Montee Ball","FA","RB",25,2,NA,0,0,0,NA,125,0,7,0,NA,74.5,0.5,0.102718137430832,NA,NA,NA
2539964,"Marquise Goodwin","BUF","WR",25,2,8,0,0,0,NA,160,0,12,0,NA,NA,NA,NA,NA,NA,NA
2540151,"Justin Hunter","TEN","WR",24,2,4,0,0,0,NA,160,0,12,0,NA,NA,NA,NA,NA,NA,NA
2540154,"Keenan Allen","SD","WR",23,2,10,0,0,0,NA,160,0,12,0,NA,NA,NA,NA,NA,NA,NA
2540171,"Joseph Randle","FA","RB",24,2,NA,0,0,0,NA,125,0,7,0,NA,NA,NA,NA,NA,NA,NA
2540175,"LeVeon Bell","PIT","RB",23,2,11,0,0,0,NA,125,0,7,0,NA,NA,NA,NA,NA,NA,NA
2540179,"DaRick Rogers","FA","WR",24,2,NA,0,0,0,NA,160,0,12,0,NA,NA,NA,NA,NA,NA,NA
2540181,"Josh Boyce","NE","WR",24,2,4,0,0,0,NA,160,0,12,0,NA,NA,NA,NA,NA,NA,NA
2540233,"Nick Kasa","FA","TE",25,2,NA,0,0,0,NA,85,0,0,0,NA,NA,NA,NA,NA,NA,NA
2540259,"MarQueis Gray","BUF","TE",25,2,8,0,0,0,NA,85,0,0,0,NA,NA,NA,NA,NA,NA,NA
2540267,"Ace Sanders","FA","WR",24,2,NA,0,0,0,NA,160,0,12,0,NA,NA,NA,NA,NA,NA,NA
2540273,"Zac Stacy","NYJ","RB",24,2,5,0,0,0,NA,125,0,7,0,NA,NA,NA,NA,NA,NA,NA
2541096,"Ifeanyi Momah","ARI","TE",26,2,9,0,0,0,NA,85,0,0,0,NA,NA,NA,NA,NA,NA,NA
2541185,"Ryan Griffin","TB","QB",26,2,6,0,0,0,NA,59,0,11,0,NA,NA,NA,NA,NA,NA,NA
2541314,"Justin Brown","FA","WR",24,2,NA,0,0,0,NA,160,0,12,0,NA,NA,NA,NA,NA,NA,NA
2541390,"Kevin Dorsey","NE","WR",25,2,4,0,0,0,NA,160,0,12,0,NA,NA,NA,NA,NA,NA,NA
2541432,"Michael Cox","FA","RB",26,2,NA,0,0,0,NA,125,0,7,0,NA,NA,NA,NA,NA,NA,NA
2541512,"Brian Leonhardt","OAK","TE",25,2,6,0,0,0,0,85,0,0,0,NA,68.4,14.1,6.5144814139348,NA,NA,NA
2542022,"Khiry Robinson","NO","RB",26,2,11,0,0,0,NA,125,0,7,0,NA,NA,NA,NA,NA,NA,NA
2543471,"Kelvin Benjamin","CAR","WR",24,1,5,0,0,0,NA,160,0,12,0,NA,NA,NA,NA,NA,NA,NA
2543481,"Jace Amaro","NYJ","TE",23,1,5,0,0,0,NA,85,0,0,0,NA,NA,NA,NA,NA,NA,NA
2543491,"Paul Richardson","SEA","WR",23,1,9,0,0,0,NA,160,0,12,0,NA,NA,NA,NA,NA,NA,NA
2543533,"Patrick Murray","TB","K",24,1,6,0,0,0,NA,33,0,4,0,NA,NA,NA,NA,NA,NA,NA
2543559,"Lache Seastrunk","FA","RB",24,1,NA,0,0,0,NA,125,0,7,0,NA,NA,NA,NA,NA,NA,NA
2543570,"Storm Johnson","FA","RB",23,1,NA,0,0,0,NA,125,0,7,0,NA,NA,NA,NA,NA,NA,NA
2543587,"Aaron Murray","KC","QB",25,1,9,0,0,0,0,59,0,10,0,NA,NA,NA,3.29131466498701,NA,NA,NA
2543596,"Dri Archer","FA","RB",24,1,NA,0,0,0,0,125,0,7,0,NA,NA,NA,1.75090136877151,NA,NA,NA
2543619,"Walt Powell","FA","WR",24,1,NA,0,0,0,0,160,0,12,0,NA,NA,NA,1.71023011017811,NA,NA,NA
2543640,"Tom Savage","HOU","QB",25,1,9,0,0,0,NA,59,0,11,0,NA,NA,NA,NA,NA,NA,NA
2543655,"Tyler Gaffney","NE","RB",24,1,4,0,0,0,NA,125,0,7,0,NA,NA,NA,NA,NA,NA,NA
2543689,"Kevin Norwood","CAR","WR",26,1,5,0,0,0,0,160,0,12,0,NA,137.5,5.5,2.31529662740398,NA,NA,NA
2543690,"Marion Grice","FA","RB",23,1,NA,0,0,0,NA,125,0,7,0,NA,NA,NA,NA,NA,NA,NA
2543743,"Carlos Hyde","SF","RB",24,1,10,0,0,0,NA,125,0,7,0,NA,NA,NA,NA,NA,NA,NA
2543767,"Logan Thomas","FA","QB",24,1,NA,0,0,0,0,59,0,10,0,NA,NA,NA,3.29131466498701,NA,NA,NA
2543777,"Robert Herron","FA","WR",23,1,NA,0,0,0,NA,160,0,12,0,NA,NA,NA,NA,NA,NA,NA
2543781,"Zach Hocker","FA","K",24,1,NA,0,0,0,0,33,0,4,0,NA,26,2,1.9152181471979,NA,NA,NA
2543792,"Matt Hazel","MIA","WR",23,1,5,0,0,0,0,160,0,12,0,NA,NA,NA,1.71023011017811,NA,NA,NA
2550158,"Nate Freese","FA","K",25,1,NA,0,0,0,NA,33,0,4,0,NA,NA,NA,NA,NA,NA,NA
2550163,"Michael Campanaro","BAL","WR",24,1,9,0,0,0,NA,160,0,12,0,NA,NA,NA,NA,NA,NA,NA
2550182,"Isaiah Burse","DEN","WR",24,1,7,0,0,0,NA,160,0,12,0,NA,NA,NA,NA,NA,NA,NA
2550233,"Rajion Neal","FA","RB",23,1,NA,0,0,0,NA,125,0,7,0,NA,NA,NA,NA,NA,NA,NA
2550252,"Connor Shaw","CLE","QB",24,1,11,0,0,0,NA,59,0,11,0,NA,NA,NA,NA,NA,NA,NA
2550310,"Carey Spear","FA","K",23,1,NA,0,0,0,NA,33,0,4,0,NA,NA,NA,NA,NA,NA,NA
2550356,"Marcel Jensen","FA","TE",25,1,NA,0,0,0,NA,85,0,0,0,NA,NA,NA,NA,NA,NA,NA
2550359,"Seantavius Jones","NO","WR",23,1,11,0,0,0,NA,160,0,12,0,NA,NA,NA,NA,NA,NA,NA
2550376,"Stephen Morris","FA","QB",23,1,NA,0,0,0,NA,59,0,11,0,NA,NA,NA,NA,NA,NA,NA
2550380,"Cody Parkey","PHI","K",23,1,8,0,0,0,NA,33,0,4,0,NA,NA,NA,NA,NA,NA,NA
2550485,"Gator Hoskins","FA","TE",24,1,NA,0,0,0,NA,85,0,0,0,NA,NA,NA,NA,NA,NA,NA
2550500,"Solomon Patton","DEN","WR",25,1,7,0,0,0,NA,160,0,12,0,NA,NA,NA,NA,NA,NA,NA
2550529,"Silas Redd","WAS","RB",23,1,8,0,0,0,NA,125,0,7,0,NA,NA,NA,NA,NA,NA,NA
2550542,"Kapri Bibbs","FA","RB",22,1,NA,0,0,0,NA,125,0,7,0,NA,NA,NA,NA,NA,NA,NA
2550596,"Darrin Reaves","CAR","RB",22,1,5,0,0,0,NA,125,0,7,0,NA,NA,NA,NA,NA,NA,NA
2550608,"RaShaun Allen","SEA","TE",25,1,9,0,0,0,NA,85,0,0,0,NA,NA,NA,NA,NA,NA,NA
2550658,"Branden Oliver","SD","RB",24,1,10,0,0,0,NA,125,0,7,0,NA,NA,NA,NA,NA,NA,NA
2551247,"Josh Harris","PIT","RB",24,1,11,0,0,0,NA,125,0,7,0,NA,NA,NA,NA,NA,NA,NA
2552369,"Bryce Petty","NYJ","QB",24,0,5,0,0,0,0,59,0,10,0,NA,NA,NA,3.29131466498701,NA,NA,NA
2552371,"Garrett Grayson","NO","QB",24,0,11,0,0,0,0,59,0,10,0,NA,NA,NA,3.29131466498701,NA,NA,NA
2552382,"Malcolm Brown","STL","RB",22,0,6,0,0,0,NA,125,0,7,0,NA,NA,NA,NA,NA,NA,NA
2552383,"Terrence Magee","BAL","RB",22,0,9,0,0,0,NA,125,0,7,0,NA,NA,NA,NA,NA,0.7,NA
2552396,"Ben Koyack","JAC","TE",22,0,8,0,0,0,NA,85,0,0,0,NA,NA,NA,NA,NA,NA,NA
2552399,"Jeff Heuerman","DEN","TE",23,0,7,0,0,0,NA,85,0,0,0,NA,NA,NA,NA,NA,NA,NA
2552402,"Nick Boyle","BAL","TE",22,0,9,0,0,0,NA,85,0,0,0,NA,NA,NA,NA,NA,NA,NA
2552403,"Nick OLeary","BUF","TE",23,0,8,0,0,0,0,85,0,0,0,NA,57.3,2.6,2.59240988194402,NA,3.7,NA
2552411,"Dezmin Lewis","BUF","WR",23,0,8,0,0,0,NA,160,0,12,0,NA,NA,NA,NA,NA,NA,NA
2552421,"Kenny Bell","TB","WR",23,0,6,0,0,0,NA,160,0,12,0,NA,NA,NA,NA,NA,NA,NA
2552427,"Tony Lippett","MIA","WR",23,0,5,0,0,0,0,160,0,12,0,NA,NA,NA,1.71023011017811,NA,2.5,NA
2552428,"Tre McBride","TEN","WR",23,0,4,0,0,0,NA,160,0,12,0,NA,111.5,21.6,10.145861247416,NA,0,NA
2552431,"Vince Mayle","CLE","WR",NA,NA,11,0,0,0,0,160,0,12,0,NA,NA,NA,1.71023011017811,NA,NA,NA
2552462,"Gerald Christian","ARI","TE",24,0,9,0,0,0,NA,85,0,0,0,NA,NA,NA,NA,NA,NA,NA
2552476,"Kenny Hilliard","HOU","RB",24,0,9,0,0,0,NA,125,0,7,0,NA,NA,NA,NA,NA,NA,NA
2552479,"DaRon Brown","KC","WR",24,0,9,0,0,0,NA,160,0,12,0,NA,NA,NA,NA,NA,NA,NA
2552576,"Sean Mannion","STL","QB",23,0,6,0,0,0,0,59,0,10,0,NA,NA,NA,3.29131466498701,NA,NA,NA
2552580,"A.J. Derby","NE","TE",24,0,4,0,0,0,NA,85,0,0,0,NA,NA,NA,NA,NA,NA,NA
2552588,"Brett Hundley","GB","QB",22,0,7,0,0,0,0,59,0.001,10,0,NA,NA,NA,3.29131466498701,NA,NA,NA
2552597,"Breshad Perriman","BAL","WR",22,0,9,0,0,0,NA,160,0,12,0,NA,NA,NA,NA,NA,NA,NA
2552616,"Duron Carter","FA","WR",24,0,NA,0,0,0,NA,160,0,12,0,NA,NA,NA,NA,NA,NA,NA
2552634,"Joey Iosefa","TB","RB",NA,NA,6,0,0,0,NA,125,0,7,0,NA,NA,NA,NA,NA,5.1,NA
2552647,"Marcus Murphy","NO","RB",24,0,11,0,0,0,NA,125,0,7,0,NA,NA,NA,NA,NA,NA,NA
2552651,"Kaelin Clay","TB","WR",23,0,6,0,0,0,0,160,0,12,0,NA,124,4,1.97870510087668,NA,0,NA
2553292,"Kennard Backman","GB","TE",22,0,7,0,0,0,0,85,0,0,0,NA,NA,NA,2.27097218002783,NA,NA,NA
2553318,"James OShaughnessy","KC","TE",NA,NA,9,0,0,0,NA,85,0,0,0,NA,NA,NA,NA,NA,NA,NA
2553439,"Mike Davis","SF","RB",22,0,10,0,0,0,NA,125,0,7,0,NA,NA,NA,NA,NA,NA,NA
2553446,"Malcolm Johnson","CLE","TE",23,0,11,0,0,0,NA,85,0,0,0,NA,NA,NA,NA,NA,NA,NA
2553453,"Andre Debose","FA","WR",NA,NA,NA,0,0,0,NA,160,0,12,0,NA,NA,NA,NA,NA,NA,NA
2553454,"Geoff Swaim","DAL","TE",NA,NA,6,0,0,0,NA,85,0,0,0,NA,70.7,2.5,2.84563764417342,NA,NA,NA
2553457,"Trevor Siemian","DEN","QB",NA,NA,7,0,0,0,0,59,0.002,10,0,NA,NA,NA,3.29131466498701,NA,-0.1,NA
2553462,"Josh Robinson","IND","RB",23,0,10,0,0,0,0,125,0,7,0,NA,NA,NA,1.75090136877151,NA,NA,NA
2553465,"Rory Anderson","SF","TE",23,0,10,0,0,0,NA,85,0,0,0,NA,NA,NA,NA,NA,NA,NA
2553497,"Kyle Brindza","DET","K",22,0,9,0,0,0,0,33,NA,4,0,NA,NA,NA,1.43360919080744,NA,NA,NA
2553502,"DeAndre Carter","BAL","WR",22,0,9,0,0,0,NA,160,0,12,0,NA,NA,NA,NA,NA,NA,NA
2553650,"Corey Grant","JAC","RB",NA,NA,8,0,0,0,NA,125,0,7,0,NA,NA,NA,NA,NA,NA,NA
2553653,"Josh Harper","OAK","WR",24,0,6,0,0,0,NA,160,0,12,0,NA,NA,NA,NA,NA,NA,NA
2553660,"Akeem Hunt","NYG","RB",22,0,11,0,0,0,NA,125,0,7,0,NA,87.6,9.4,7.49833820806546,NA,3.4,NA
2553682,"Wes Saxton","NYJ","TE",22,0,5,0,0,0,NA,85,0,0,0,NA,NA,NA,NA,NA,NA,NA
2553703,"Devante Davis","PHI","WR",23,0,8,0,0,0,NA,160,0,12,0,NA,NA,NA,NA,NA,NA,NA
2553716,"Rannell Hall","TB","WR",22,0,6,0,0,0,NA,160,0,12,0,NA,NA,NA,NA,NA,NA,NA
2553733,"Thomas Rawls","SEA","RB",22,0,9,0,0,0,NA,125,0,7,0,NA,NA,NA,NA,NA,NA,NA
2553791,"E.J. Bibbs","CLE","TE",24,0,11,0,0,0,0,85,NA,0,0,NA,65.7,3.3,2.83114467084781,NA,NA,NA
2553797,"Michael Dyer","OAK","RB",25,0,6,0,0,0,NA,125,NA,7,0,NA,NA,NA,NA,NA,NA,NA
2553913,"Tyrell Williams","SD","WR",NA,NA,10,0,0,0,NA,160,NA,12,0,NA,127.5,15.5,7.40825016499392,NA,NA,NA
2495863,"Tarvaris Jackson","SEA","QB",32,9,9,-0.002,-0.0018,-2e-04,0.0014142135623731,103,NA,11,0.0016,NA,NA,NA,3.29387512707107,NA,-0.1,NA
