"playerId","player","team","position","age","exp","bye","points","lower","upper","sdPts","positionRank","dropoff","tier","ptSpread","overallECR","positionECR","sdRank","risk","sleeper","actualPoints","salary"
2540175,"LeVeon Bell","PIT","RB",24,3,8,20.86,20.188,21.532,1.1879393923934,1,7.315,1,1.344,NA,1,0,1.17512730788435,NA,NA,NA
2532975,"Russell Wilson","SEA","QB",28,4,5,19.825,18.805,20.845,1.8031222920257,1,2.02500000000001,1,2.04,NA,3,0.8,6.52619276553215,NA,NA,NA
2506363,"Aaron Rodgers","GB","QB",33,11,4,17.845,17.641,18.049,0.36062445840514,2,1.9475,2,0.408000000000001,NA,1.5,0.6,1.41839783946022,NA,NA,NA
2506109,"Ben Roethlisberger","PIT","QB",34,12,8,17.755,16.519,18.991,2.18495995386643,3,4.1725,2,2.472,NA,1.8,0.6,4.62940959163056,NA,NA,NA
2508061,"Antonio Brown","PIT","WR",28,6,8,15.15,13.91,16.39,2.1920310216783,1,2.295,1,2.48,NA,1.2,0.4,3.4593095106824,NA,NA,NA
2533034,"Lamar Miller","HOU","RB",25,4,9,14.63,12.014,17.246,4.62447834896002,2,2.3175,2,5.232,NA,2.5,0.7,4.71058519141749,NA,NA,NA
79860,"Matthew Stafford","DET","QB",28,7,10,14.04,12.472,15.608,2.77185858225127,4,2,3,3.136,NA,4.8,0.4,3.09355409529851,NA,NA,NA
2543496,"Odell Beckham","NYG","WR",24,2,8,13.16,11.928,14.392,2.17788888605457,2,1.18,1,2.464,NA,1.9,0.6,3.67687091159637,NA,NA,NA
2505996,"Eli Manning","NYG","QB",35,12,8,13.125,12.585,13.665,0.95459415460184,5,2.2025,3,1.08,NA,4.1,0.9,6.3171266278634,NA,NA,NA
2530747,"Doug Baldwin","SEA","WR",28,5,5,12.55,10.99,14.11,2.75771644662754,3,1.5875,2,3.12,NA,3.8,0.6,4.12018546361295,NA,NA,NA
2541161,"Latavius Murray","OAK","RB",26,3,10,12.46,10.268,14.652,3.87494516090228,3,1.565,2,4.384,NA,4.9,1.3,5.13861013175951,NA,NA,NA
2552582,"Jay Ajayi","MIA","RB",23,1,8,12.165,10.137,14.193,3.58503138061579,4,2.985,2,4.056,NA,3,0.9,4.29716833074422,NA,NA,NA
1032,"Jordy Nelson","GB","WR",31,8,4,11.41,10.378,12.442,1.82433549546129,4,1.06,2,2.064,NA,3.1,0.5,3.29237018488516,NA,NA,NA
2533436,"Brock Osweiler","HOU","QB",26,4,9,10.955,9.711,12.199,2.19910208949016,6,2.01,4,2.488,NA,7,0.7,5.93872885615089,NA,NA,NA
2507282,"Matt Moore","MIA","QB",32,9,8,10.89,10.498,11.282,0.692964645562816,7,7.36,4,0.783999999999997,NA,6.2,0.8,4.5722049938626,NA,NA,NA
2543495,"Davante Adams","GB","WR",24,2,4,10.515,7.567,13.463,5.21137697734485,5,1.0125,2,5.896,NA,6.1,1.4,6.90965870099916,NA,NA,NA
100011,"Packers","GB","DST",NA,NA,4,10.4,10.4,10.4,NA,1,0.35,1,0,NA,3.8,1.2,6.75978937340338,NA,NA,NA
497326,"Golden Tate","DET","WR",28,6,10,10.185,7.373,12.997,4.97096067174143,6,1.5425,2,5.624,NA,8.1,2.6,8.09608905594193,NA,NA,NA
100027,"Steelers","PIT","DST",NA,NA,8,10.1,10.1,10.1,NA,2,0.65,1,0,NA,3.1,1.2,6.75978937340338,NA,NA,NA
100030,"Seahawks","SEA","DST",NA,NA,5,10,10,10,NA,3,2.35,1,0,NA,2.3,1.2,6.75978937340338,NA,NA,NA
497236,"Jimmy Graham","SEA","TE",30,6,5,9.95,8.15,11.75,3.18198051533946,1,1.38,1,3.6,NA,1.1,0.2,4.02217134675419,NA,NA,NA
2553631,"Zach Zenner","DET","RB",NA,NA,10,9.625,6.365,12.885,5.76292026667036,5,1.175,2,6.52,NA,4.9,1.4,6.62756682191303,NA,NA,NA
100013,"Texans","HOU","DST",NA,NA,9,8.9,8.9,8.9,NA,4,2.8,0,0,NA,1.6,1.2,6.75978937340338,NA,NA,NA
2552409,"DeVante Parker","MIA","WR",23,1,8,8.82,5.876,11.764,5.20430590953299,7,0.68,2,5.888,NA,13.2,2.8,8.50287008271664,NA,NA,NA
2555460,"Paul Perkins","NYG","RB",22,0,8,8.735,6.363,11.107,4.19314321243623,6,0.652500000000002,3,4.744,NA,6.8,0.8,4.56612584773614,NA,NA,NA
2543721,"C.J. Fiedorowicz","HOU","TE",25,2,9,8.625,6.325,10.925,4.06586399182265,2,2.3825,1,4.6,NA,3.7,1.2,7.15187980865214,NA,NA,NA
2543466,"Eric Ebron","DET","TE",23,2,10,8.515,6.527,10.503,3.51432070249714,3,4.685,1,3.976,NA,2.7,0.8,5.73469949111168,NA,NA,NA
2555295,"Sterling Shepard","NYG","WR",NA,0,8,8.465,6.837,10.093,2.87792459942925,8,0.8125,3,3.256,NA,11.4,1.3,5.01140096740206,NA,NA,NA
2555430,"Alex Collins","SEA","RB",22,0,5,8.165,6.377,9.953,3.16076731190387,7,0.384999999999999,3,3.576,NA,10.7,2.4,6.38811570274607,NA,NA,NA
2553733,"Thomas Rawls","SEA","RB",23,1,5,8,4.4,11.6,6.36396103067893,8,1.9425,3,7.2,NA,5.7,1.7,7.52880920875846,NA,NA,NA
2543488,"Jarvis Landry","MIA","WR",24,2,8,7.815,7.747,7.883,0.120208152801713,9,1.18,3,0.135999999999999,NA,6.6,1,2.56039278136625,NA,NA,NA
71345,"Rashad Jennings","NYG","RB",31,7,8,7.56,6.072,9.048,2.63043722601396,9,3.445,3,2.976,NA,8.1,0.9,3.62487819486707,NA,NA,NA
2540165,"DeAndre Hopkins","HOU","WR",24,3,9,7.49,6.298,8.682,2.10717820793591,10,2.135,3,2.384,NA,7.9,1.9,5.10723884261093,NA,NA,NA
2555332,"Connor Cook","OAK","QB",23,0,10,7,4.84,9.16,3.81837661840736,8,6.958,5,4.32,NA,7.7,0.6,7.50438523020168,NA,NA,NA
100018,"Raiders","OAK","DST",NA,NA,10,6.4,6.4,6.4,NA,5,0.85,0,0,NA,4.3,0.8,2.42800014656429,NA,NA,NA
100010,"Lions","DET","DST",NA,NA,10,5.8,5.8,5.8,NA,6,0.75,0,0,NA,6.5,0.9,3.51094745327406,NA,NA,NA
71269,"Michael Crabtree","OAK","WR",29,7,10,5.78,5.556,6.004,0.395979797464467,11,0.879999999999999,4,0.448,NA,10.1,2.5,4.484042139549,NA,NA,NA
100019,"Dolphins","MIA","DST",NA,NA,8,5.3,5.3,5.3,NA,7,0.500000000000001,0,0,NA,7.3,0.8,2.42800014656429,NA,NA,NA
2552487,"Amari Cooper","OAK","WR",22,1,10,4.93,4.186,5.674,1.31521861300698,12,0.0774999999999988,4,1.488,NA,10.3,2.5,5.18685789274603,NA,NA,NA
2505587,"Anquan Boldin","DET","WR",36,13,10,4.87,4.766,4.974,0.183847763108502,13,0.0475000000000003,5,0.208,NA,15.7,1.2,2.83742320755074,NA,NA,NA
2532884,"Marvin Jones","DET","WR",26,4,10,4.835,4.167,5.503,1.18086832458154,14,0.0675000000000008,5,1.336,NA,15.1,1.5,3.94226891246301,NA,NA,NA
2556612,"Tanner McEvoy","SEA","WR",23,0,5,4.81,4.81,4.81,NA,15,0.1675,5,0,NA,NA,NA,NA,NA,NA,NA
100023,"Giants","NYG","DST",NA,NA,8,4.8,4.8,4.8,NA,8,NA,0,0,NA,7,1,4.59389475998384,NA,NA,NA
2532887,"Jermaine Kearse","SEA","WR",26,4,5,4.725,4.505,4.945,0.388908729652601,16,0.19,5,0.44,NA,19.9,1.7,3.5651400606718,NA,NA,NA
2540202,"Kenny Stills","MIA","WR",24,3,8,4.56,4.112,5.008,0.791959594928934,17,0.0550000000000006,5,0.896000000000001,NA,13.1,1.4,3.53073681062885,NA,NA,NA
2555464,"DeAndre Washington","OAK","RB",23,0,10,4.555,3.239,5.871,2.32638131010374,10,1.01,4,2.632,NA,9.6,1.4,4.20732233275528,NA,NA,NA
2495448,"Randall Cobb","GB","WR",26,5,4,4.51,2.502,6.518,3.54967604155647,18,0.185,5,4.016,NA,20.4,2.5,6.89524080051726,NA,NA,NA
2553737,"Eli Rogers","PIT","WR",NA,NA,8,4.5,4.5,4.5,NA,19,0.6175,6,0,NA,15.5,2.4,6.13282801063477,NA,NA,NA
2555346,"Will Fuller","HOU","WR",22,0,9,4.15,3.63,4.67,0.919238815542512,20,0.585,6,1.04,NA,17.7,1.1,3.28548883462678,NA,NA,NA
2535724,"Dominique Jones","MIA","TE",29,4,8,3.97,3.97,3.97,NA,4,0.2975,2,0,NA,NA,NA,NA,NA,NA,NA
2532853,"Ladarius Green","PIT","TE",26,4,8,3.69,1.138,6.242,4.51134126397017,5,0.1125,2,5.104,NA,5.4,2.7,11.1114614968109,NA,NA,NA
2556885,"Jalen Richard","OAK","RB",23,0,10,3.675,3.295,4.055,0.67175144212722,11,0.285,4,0.759999999999999,NA,11.5,1,2.40475463378228,NA,NA,NA
71265,"Jared Cook","GB","TE",29,7,4,3.655,3.619,3.691,0.0636396103067892,6,0.605,2,0.0719999999999992,NA,3.3,1.1,3.57134280908951,NA,NA,NA
2507855,"Victor Cruz","NYG","WR",30,6,8,3.615,2.883,4.347,1.29400540957138,21,0.2275,6,1.464,NA,20.8,1.1,3.57202141093018,NA,NA,NA
2552470,"Sammie Coates","PIT","WR",23,1,8,3.515,2.303,4.727,2.14253354699524,22,0.405,6,2.424,NA,23.1,2,5.24845719321547,NA,NA,NA
2553830,"Will Tye","NYG","TE",NA,NA,8,3.5,3.5,3.5,NA,7,1.0675,2,0,NA,6,1,4.18945378165389,NA,NA,NA
2495979,"DeAngelo Williams","PIT","RB",33,10,8,3.415,2.043,4.787,2.42537625946986,12,0.1275,4,2.744,NA,14.9,2.6,6.18883570016701,NA,NA,NA
2543600,"Alfred Blue","HOU","RB",25,2,9,3.365,2.833,3.897,0.940452018978108,13,0.2875,4,1.064,NA,13.3,2,4.1871538491792,NA,NA,NA
2543491,"Paul Richardson","SEA","WR",24,2,5,3.26,3.068,3.452,0.339411254969543,23,0.567500000000001,7,0.384,NA,22.6,4.5,6.72453144898379,NA,NA,NA
4433,"Marcel Reece","SEA","RB",31,8,5,3.21,3.21,3.21,NA,14,0.3075,4,0,NA,19.5,1.9,5.61652540990828,NA,NA,NA
2552429,"Ty Montgomery","GB","WR",23,1,4,2.96,2.96,2.96,NA,24,0.5525,8,0,NA,11.2,5.1,12.2989246866399,NA,NA,NA
2550512,"Damien Williams","MIA","RB",24,2,8,2.945,2.749,3.141,0.346482322781408,15,0.0975000000000001,4,0.392,NA,14.1,2.7,4.88405338123103,NA,NA,NA
2550545,"Chris Boswell","PIT","K",27,2,8,2.9,2.82,2.98,0.14142135623731,1,0.175,1,0.16,NA,3.4,1.6,5.02816764923396,NA,NA,NA
497206,"James Starks","GB","RB",30,6,4,2.86,2.86,2.86,NA,16,0.0475000000000003,4,0,NA,20.3,3.8,11.6705409793747,NA,NA,NA
2539322,"Christine Michael","GB","RB",26,3,4,2.835,1.927,3.743,1.60513239329346,17,0.135,4,1.816,NA,12.8,2.1,4.81458318002348,NA,NA,NA
2536044,"Jamize Olawale","OAK","RB",27,4,10,2.79,2.79,2.79,NA,18,0.405,5,0,NA,22.1,2,5.93515780830125,NA,NA,NA
2507232,"Mason Crosby","GB","K",32,9,4,2.75,2.55,2.95,0.353553390593274,2,0.2,1,0.4,NA,2.5,1,3.4256737450604,NA,NA,NA
2507374,"Steven Hauschka","SEA","K",NA,NA,5,2.7,2.46,2.94,0.424264068711929,3,0.375,1,0.48,NA,NA,NA,4.8338822975386,NA,NA,NA
2556118,"Dwayne Washington","DET","RB",NA,0,10,2.61,1.882,3.338,1.28693434175952,19,0.5075,5,1.456,NA,18.2,1.4,3.47527307368905,NA,NA,NA
2540259,"MarQueis Gray","MIA","TE",26,3,8,2.6,2.6,2.6,NA,8,0.35,2,0,NA,16.3,0.8,3.232743491147,NA,NA,NA
2550597,"Seth Roberts","OAK","WR",NA,NA,10,2.425,2.085,2.765,0.601040764008566,25,0.0425000000000004,8,0.680000000000001,NA,22.8,1.3,3.27058040948327,NA,NA,NA
2506264,"Robbie Gould","NYG","K",34,11,8,2.4,1.92,2.88,0.848528137423857,4,0.3,1,0.96,NA,6.7,0.8,5.01781570184185,NA,NA,NA
497320,"Andre Roberts","DET","WR",28,6,10,2.39,2.39,2.39,NA,26,0.1525,8,0,NA,30.6,2,5.21933220678216,NA,NA,NA
2556460,"Geronimo Allison","GB","WR",22,0,4,2.375,1.475,3.275,1.59099025766973,27,0.335,8,1.8,NA,22.8,2.8,5.74026354514987,NA,NA,NA
2541316,"Ryan Griffin","HOU","TE",26,3,9,2.265,1.813,2.717,0.799030662740799,9,0.0474999999999999,2,0.903999999999999,NA,9.2,1.5,5.14201313564116,NA,NA,NA
2506677,"Matt Prater","DET","K",32,10,10,2.25,1.65,2.85,1.06066017177982,5,0.325,1,1.2,NA,5.5,1.3,8.3023416642003,NA,NA,NA
2552633,"Jesse James","PIT","TE",22,1,8,2.235,2.023,2.447,0.37476659402887,10,0.0500000000000003,2,0.424,NA,7.1,2.1,6.22287085829874,NA,NA,NA
2540200,"Dion Sims","MIA","TE",25,3,8,2.2,2.04,2.36,0.282842712474619,11,0.15,2,0.32,NA,8.1,1.6,4.95023799065954,NA,NA,NA
2541199,"Luke Willson","SEA","TE",26,3,5,2.17,1.234,3.106,1.65462986797652,12,0.315,2,1.872,NA,10.7,1.5,5.85633202373169,NA,NA,NA
2555230,"Kenyan Drake","MIA","RB",NA,0,8,2.16,2.16,2.16,NA,20,0.1325,5,0,NA,17.8,1.7,4.97926061312235,NA,NA,NA
80427,"Darrius Heyward-Bey","PIT","WR",29,7,8,2.1,1.22,2.98,1.5556349186104,28,0.215,8,1.76,NA,28.3,2.9,5.82741914550848,NA,NA,NA
2552477,"Aaron Ripkowski","GB","RB",NA,NA,4,2.045,0.809,3.281,2.18495995386643,21,0.715,5,2.472,NA,14.6,2.6,6.01951818446461,NA,NA,NA
2534770,"Jonathan Grimes","HOU","RB",27,4,9,2.01,2.01,2.01,NA,22,1.41,6,0,NA,20.3,2.1,6.25379020669422,NA,NA,NA
2495453,"Andre Holmes","OAK","WR",28,5,10,1.98,1.98,1.98,NA,29,0.335,8,0,NA,29.3,2,5.21933220678216,NA,NA,NA
2506194,"Nick Novak","HOU","K",NA,NA,9,1.95,1.91,1.99,0.0707106781186548,6,0.325,2,0.0800000000000001,NA,4.3,1.8,5.56233228395848,NA,NA,NA
2555311,"Jerell Adams","NYG","TE",24,0,8,1.93,1.93,1.93,NA,13,0.235,2,0,NA,14.5,1.1,4.66780892690733,NA,NA,NA
2553648,"Andrew Franks","MIA","K",23,1,8,1.9,1.82,1.98,0.141421356237309,7,0.55,2,0.16,NA,7.6,0.8,1.47397138266523,NA,NA,NA
2556592,"Roger Lewis","NYG","WR",23,0,8,1.79,1.79,1.79,NA,30,0.785,8,0,NA,30.2,1.5,4.0774624519664,NA,NA,NA
2556463,"Stephen Anderson","HOU","TE",23,0,9,1.78,1.78,1.78,NA,14,0.2175,2,0,NA,NA,NA,NA,NA,NA,NA
2550313,"Richard Rodgers","GB","TE",24,2,4,1.61,1.122,2.098,0.862670273047588,15,0.1775,2,0.976,NA,11.1,1.1,4.23843400209968,NA,NA,NA
2552397,"Clive Walford","OAK","TE",25,1,10,1.515,1.103,1.927,0.728319984622144,16,0.245,2,0.824,NA,8.4,1.4,4.84380094416398,NA,NA,NA
2543750,"Jeff Janis","GB","WR",25,2,4,1.5,1.5,1.5,NA,31,1.02,0,0,NA,29.3,2.7,6.81794986352423,NA,NA,NA
2504257,"Sebastian Janikowski","OAK","K",38,16,10,1.35,1.07,1.63,0.494974746830583,8,NA,3,0.56,NA,4.4,1.5,6.35581527550118,NA,NA,NA
2539995,"Mychal Rivera","OAK","TE",26,3,10,1.35,1.07,1.63,0.494974746830583,17,0.515,2,0.56,NA,12.5,1.1,3.9314539840773,NA,NA,NA
2537933,"Larry Donnell","NYG","TE",28,4,8,1.19,1.19,1.19,NA,18,0.795,2,0,NA,15.8,0.4,1.31932291013322,NA,NA,NA
2553660,"Akeem Hunt","HOU","RB",23,1,9,0.65,0.37,0.93,0.494974746830583,23,0.155,6,0.56,NA,20.4,1.4,2.91752125725763,NA,NA,NA
497145,"Joique Bell","DET","RB",30,6,10,0.55,0.55,0.55,NA,24,0.21,6,0,NA,NA,NA,NA,NA,NA,NA
2543836,"T.J. Jones","DET","WR",24,2,10,0.51,0.51,0.51,NA,32,0.09,0,0,NA,NA,NA,NA,NA,NA,NA
497258,"Andrew Quarless","FA","TE",28,6,NA,0.48,0.48,0.48,NA,19,0.175,0,0,NA,NA,NA,NA,NA,NA,NA
2539203,"Cobi Hamilton","PIT","WR",26,3,8,0.45,0.45,0.45,NA,33,0.085,0,0,NA,25.5,2.4,6.13282801063477,NA,NA,NA
2534571,"Bobby Rainey","NYG","RB",29,4,8,0.44,0.44,0.44,NA,25,0.28,6,0,NA,22.2,2,5.93515780830125,NA,NA,NA
2556805,"Johnny Holton","OAK","WR",25,0,10,0.39,0.39,0.39,NA,34,0.055,0,0,NA,35.4,1.6,4.30583640292955,NA,NA,NA
2555215,"Leonte Carroo","MIA","WR",22,0,8,0.34,0.34,0.34,NA,35,0.03,0,0,NA,NA,NA,NA,NA,NA,NA
2555413,"Trevor Davis","GB","WR",23,0,4,0.33,0.33,0.33,NA,36,0.07,0,0,NA,NA,NA,NA,NA,NA,NA
497242,"Clay Harbor","DET","TE",29,6,10,0.31,0.31,0.31,NA,20,0.03,0,0,NA,NA,NA,NA,NA,NA,NA
2555289,"Nick Vannett","SEA","TE",NA,0,5,0.3,0.3,0.3,NA,21,0.06,0,0,NA,NA,NA,NA,NA,NA,NA
2552420,"Keith Mumphery","HOU","WR",24,1,9,0.29,0.29,0.29,NA,37,0.07,0,0,NA,29,1.6,4.30583640292955,NA,NA,NA
2550521,"Xavier Grimble","PIT","TE",24,2,8,0.26,0.26,0.26,NA,22,0.055,0,0,NA,13.3,1,4.18945378165389,NA,NA,NA
2550738,"Fitzgerald Toussaint","PIT","RB",26,2,8,0.24,0.24,0.24,NA,26,0.16,6,0,NA,25,1.1,3.06746622276455,NA,NA,NA
2495159,"Dwayne Harris","NYG","WR",29,5,8,0.23,0.23,0.23,NA,38,0.125,0,0,NA,34.6,0.9,2.70721874618748,NA,NA,NA
79589,"David Johnson","PIT","TE",29,7,8,0.22,0.22,0.22,NA,23,0.125,0,0,NA,NA,NA,NA,NA,NA,NA
2556190,"Jakeem Grant","MIA","WR",24,0,8,0.21,0.21,0.21,NA,39,0.21,0,0,NA,36.4,1,2.93559269715064,NA,NA,NA
2539645,"Brandon Williams","SEA","TE",29,4,5,0.19,0.19,0.19,NA,24,0.19,0,0,NA,17.3,1.3,5.62451921741422,NA,NA,NA
2543695,"Jay Prosch","HOU","RB",24,2,9,0.08,0.08,0.08,NA,27,0.02,0,0,NA,NA,NA,NA,NA,NA,NA
2495467,"Taiwan Jones","OAK","RB",28,5,10,0.08,0.08,0.08,NA,28,0.045,0,0,NA,NA,NA,NA,NA,NA,NA
2539287,"Landry Jones","PIT","QB",27,3,8,0.06,0.06,0.06,NA,9,0.038,5,0,NA,NA,NA,NA,NA,NA,NA
2552636,"Michael Burton","DET","RB",24,1,10,0.04,0.04,0.04,NA,29,0.025,0,0,NA,NA,NA,NA,NA,NA,NA
2550235,"Roosevelt Nix","PIT","RB",NA,NA,8,0.03,0.03,0.03,NA,30,0.03,0,0,NA,NA,NA,NA,NA,NA,NA
2506481,"Dan Orlovsky","DET","QB",33,11,10,0.024,0.024,0.024,NA,10,0.008,0,0,NA,NA,NA,NA,NA,NA,NA
2556477,"Trevone Boykin","SEA","QB",23,0,5,0.02,0.02,0.02,NA,11,0.01,0,0,NA,NA,NA,NA,NA,NA,NA
264,"Josh Johnson","NYG","QB",30,8,8,0.012,0.012,0.012,NA,12,0.008,0,0,NA,NA,NA,NA,NA,NA,NA
2552588,"Brett Hundley","GB","QB",23,1,4,0.008,0.008,0.008,NA,13,0.008,0,0,NA,NA,NA,NA,NA,NA,NA
2508123,"T.J. Yates","MIA","QB",29,5,8,0,0,0,NA,14,0,0,0,NA,NA,NA,NA,NA,NA,NA
2532926,"Isaiah Pead","FA","RB",27,4,NA,0,0,0,NA,31,0,0,0,NA,NA,NA,NA,NA,NA,NA
2532970,"Brandon Weeden","HOU","QB",33,4,9,0,0,0,NA,14,0,0,0,NA,NA,NA,NA,NA,NA,NA
2533047,"Orson Charles","DET","TE",25,4,10,0,0,0,NA,25,0,0,0,NA,NA,NA,NA,NA,NA,NA
2539256,"Aaron Dobson","ARI","WR",25,3,9,0,0,0,NA,40,0,0,0,NA,NA,NA,NA,NA,NA,NA
2541910,"George Winn","NYG","RB",26,3,8,0,0,0,NA,31,0,0,0,NA,NA,NA,NA,NA,NA,NA
2543605,"Zach Mettenberger","PIT","QB",25,2,8,0,0,0,NA,14,0,0,0,NA,NA,NA,NA,NA,NA,NA
2550243,"Justin Perillo","FA","TE",25,2,NA,0,0,0,NA,25,0,0,0,NA,NA,NA,NA,NA,NA,NA
2550247,"Bryn Renner","FA","QB",26,2,NA,0,0,0,NA,14,0,0,0,NA,NA,NA,NA,NA,NA,NA
2552383,"Terrence Magee","BAL","RB",23,1,8,0,0,0,NA,31,0,0,0,NA,NA,NA,NA,NA,NA,NA
2555462,"Kelvin Taylor","SEA","RB",23,0,5,0,0,0,NA,31,0.145,0,0,NA,NA,NA,NA,NA,NA,NA
2555471,"Kenny Lawler","FA","WR",22,0,NA,0,0,0,NA,40,0,0,0,NA,NA,NA,NA,NA,NA,NA
2555483,"Thomas Duarte","MIA","TE",21,0,8,0,0,0,NA,25,NA,0,0,NA,NA,NA,NA,NA,NA,NA
2555573,"Anthony Dable","FA","WR",NA,2016,NA,0,0,0,NA,40,0,0,0,NA,NA,NA,NA,NA,NA,NA
2556232,"Jake Rudock","DET","QB",23,0,10,0,0,0,NA,14,0,0,0,NA,NA,NA,NA,NA,NA,NA
2556473,"Jace Billingsley","FA","WR",23,0,NA,0,0,0,NA,40,NA,0,0,NA,NA,NA,NA,NA,NA,NA
2556492,"Joe Callahan","GB","QB",23,0,4,0,0,0,NA,14,NA,0,0,NA,NA,NA,NA,NA,NA,NA
2556507,"Marshaun Coprich","FA","RB",22,0,NA,0,0,0,NA,31,0.29,0,0,NA,NA,NA,NA,NA,NA,NA
2555234,"Tyler Ervin","HOU","RB",23,0,9,-0.29,-0.29,-0.29,NA,36,NA,0,0,NA,25.3,1.2,3.38609862115752,NA,NA,NA
