________________________________
CURRENT RANKINGS
________________________________

1. 2.7
2. 1.8
3. 1.9
4. 1.6

>>> df_by_std = pd.read_csv('DST.csv')
>>> df_by_std = df_by_std.groupby('sdPts')
>>> df_by_std.describe()
      Unnamed: 0                                                        ... Actual_Points
           count        mean         std    min     25%    50%     75%  ...          mean       std   min     25%    50%     75%   max
sdPts                                                                   ...
0.4         42.0  216.928571   92.263248   43.0  168.00  216.0  274.75  ...      8.666667  4.995933   4.0   5.000   8.00  10.000  30.0
0.5         38.0  207.815789   85.097037   28.0  179.25  215.5  258.00  ...      9.965789  4.677276   4.0   6.250   9.00  13.000  24.0
0.6         53.0  198.622642   89.372863   20.0  164.00  209.0  259.00  ...      9.622642  6.143246   4.0   6.000   8.00  13.000  37.0
0.7         52.0  186.115385   86.621479   32.0  119.50  206.5  247.75  ...      9.201923  5.722556   4.0   5.000   7.00  11.250  27.0
0.8         73.0  203.575342   93.024626   36.0  167.00  212.0  265.00  ...      8.479452  3.992492   4.0   5.000   8.00  11.000  21.0
0.9         63.0  180.682540   95.622211   34.0   72.50  198.0  250.00  ...     10.249206  5.913022   4.0   6.000   9.00  13.000  33.0
1.0         68.0  204.014706   99.758139   27.0  144.00  212.0  269.00  ...      9.201471  5.013400   4.0   5.000   8.00  12.000  23.0
1.1         54.0  208.851852   87.367670   43.0  172.25  218.5  269.00  ...      9.275926  4.254407   4.0   6.000   8.50  11.750  22.0
1.2         61.0  201.688525   93.323727   33.0  155.00  215.0  273.00  ...      9.344262  4.952727   4.0   6.000   8.00  12.000  25.0
1.3         63.0  173.079365  103.209043   35.0   60.00  195.0  249.00  ...     10.365079  5.221857   4.0   5.500  10.00  13.500  27.0
1.4         57.0  195.543860   91.806682   26.0  153.00  215.0  263.00  ...      9.315789  5.206994   4.0   5.000   8.00  13.000  25.0
1.5         59.0  176.271186  103.473773   32.0   61.50  186.0  246.50  ...      8.864407  4.049085   4.0   6.000   9.00  11.000  21.0
1.6         51.0  131.764706   90.604324   22.0   47.00   81.0  215.00  ...     10.705882  5.643737   4.0   6.000   9.00  14.000  28.0
1.7         55.0  160.363636   98.909492   30.0   56.00  168.0  246.00  ...      8.514545  4.647437   4.0   5.500   7.00  10.000  24.0
1.8         64.0  162.156250  101.818578   29.0   60.50  180.5  242.50  ...     10.957812  5.768519   4.0   6.000  10.00  15.250  25.0
1.9         56.0  144.803571   95.388473   25.0   55.75  144.0  228.75  ...     10.410714  5.473164   4.0   6.000   8.50  14.000  25.0
2.0         49.0  181.346939  118.505898   40.0   73.00  173.0  235.00  ...     10.510204  5.037867   4.0   7.000  10.00  13.000  25.0
2.1         48.0  164.604167   92.299867   37.0   63.25  169.5  235.25  ...     10.314583  5.264291   4.0   6.000   9.00  12.000  24.0
2.2         53.0  161.169811   85.374905   28.0   63.00  175.0  226.00  ...     10.001887  5.937835   4.0   7.000   8.00  11.000  33.0
2.3         46.0  155.434783   86.880928   25.0   60.25  172.0  216.75  ...     10.086957  4.934352   4.0   7.000   9.00  13.000  23.0
2.4         45.0  145.377778   83.848155   39.0   61.00  154.0  213.00  ...      9.968889  5.404368   4.0   6.000   8.00  13.000  26.0
2.5         50.0  149.220000   89.572976   30.0   60.00  161.0  221.50  ...     10.132000  6.467357   4.0   6.000   8.00  11.825  35.0
2.6         47.0  176.744681   87.763384   34.0   76.50  190.0  239.50  ...      9.387234  4.771729   4.0   5.600   8.00  11.000  23.0
2.7         32.0  145.906250   86.162023   37.0   61.25  147.0  206.00  ...     11.659375  6.736270   5.0   7.000   8.00  16.000  28.0
2.8         41.0  161.268293   84.060997   22.0   76.00  170.0  237.00  ...     10.002439  5.561946   4.0   6.000   8.00  13.000  28.0
2.9         29.0  136.310345   83.376985   35.0   62.00  144.0  185.00  ...     10.206897  6.731479   4.0   5.000   8.00  13.000  29.0
3.0         28.0  141.250000   67.391957   43.0   73.00  161.0  185.50  ...     10.389286  6.726308   4.0   5.975   8.00  13.000  35.0
3.1         25.0  147.280000   72.454883   40.0   88.00  146.0  188.00  ...      8.600000  5.545268   4.0   5.000   6.00   9.000  23.0
3.2         21.0  165.952381  101.250420   21.0   55.00  160.0  259.00  ...      8.033333  4.389001   4.0   5.000   8.00   9.000  24.0
3.3         22.0  154.318182   99.060052   28.0   59.75  154.5  214.25  ...      9.650000  4.512390   4.0   6.000   8.15  12.750  19.0



[54 rows x 16 columns]

