________________________________
CURRENT RANKINGS
________________________________

1. 1.9
2. 2.6
3. 2.5
4. 2.2

>>> df = pd.read_csv('FLX.csv')
>>> df_by_std = df[df.isin(s.index[s > 4]).values]
>>> df_by_std = df_by_std.groupby('sdPts')
>>> df_by_std.describe()
      Unnamed: 0                                                       ... Actual_Points
           count        mean        std    min     25%    50%     75%  ...          mean        std   min     25%    50%     75%   max
sdPts                                                                  ...
0.4        300.0  113.366667  42.559565    1.0   87.75  126.0  145.00  ...      7.119667   4.997924   3.1   3.500   5.30   8.900  33.4
0.5        391.0  103.255754  42.808711    0.0   57.50  112.0  136.00  ...      7.084655   4.757237   3.0   3.700   5.40   8.750  43.1
0.6        514.0  104.091440  43.457104    1.0   79.25  113.0  138.00  ...      7.934436   5.531078   3.0   3.900   6.30   9.900  43.5
0.7        679.0  101.681885  42.509712    1.0   76.00  110.0  134.00  ...      7.718262   5.326958   3.1   3.800   5.70   9.900  34.6
0.8        705.0   95.059574  44.516843    1.0   50.00  104.0  130.00  ...      7.893901   5.271132   3.1   4.100   6.10  10.200  32.6
0.9        766.0   92.540470  46.296857    0.0   47.00  101.5  129.00  ...      8.680287   6.133789   3.1   4.400   6.70  10.875  44.7
1.0        742.0   84.579515  45.643647    0.0   41.00   95.0  121.00  ...      8.585175   5.824987   3.1   4.325   6.80  11.275  38.3
1.1        704.0   77.201705  45.449444    0.0   36.00   87.0  114.00  ...      9.674432   6.904370   3.1   4.500   7.15  13.125  44.8
1.2        668.0   72.696108  46.246606    0.0   33.00   81.0  109.00  ...      9.807036   6.862662   3.1   4.900   7.20  13.025  38.9
1.3        707.0   67.666195  46.269399    0.0   29.00   60.0  105.00  ...     10.954173   7.445828   3.1   4.950   8.80  14.850  41.2
1.4        691.0   64.969609  45.554401    0.0   26.00   58.0  104.00  ...     10.846889   7.364594   3.1   5.000   8.90  13.850  47.8
1.5        601.0   64.382696  44.185593    0.0   27.00   61.0   99.00  ...     11.084027   6.987917   3.1   5.500   9.40  14.600  45.7

1.6        646.0   60.266254  42.107655    0.0   23.00   55.5   89.00  ...     11.355882   7.325713   3.1   5.400   9.60  15.075  49.8
1.7        583.0   64.114923  44.956514    0.0   24.00   59.0   98.00  ...     11.144082   7.066926   3.1   5.400   9.50  14.550  42.9
1.8        536.0   64.783582  43.287280    0.0   24.00   64.5   93.25  ...     11.297201   7.021687   3.1   5.500  10.00  15.300  38.8
1.9        561.0   68.622103  42.966430    0.0   28.00   66.0   97.00  ...     11.639216   6.997530   3.1   6.400  10.10  15.100  37.5
2.0        499.0   67.042084  41.139739    0.0   33.00   65.0   90.00  ...     11.311022   6.643959   3.1   6.300   9.70  15.350  35.7
2.1        475.0   70.962105  42.441653    0.0   36.00   69.0  102.00  ...     10.746526   6.513757   3.1   5.650   9.30  13.550  39.7
2.2        441.0   67.995465  41.483293    0.0   31.00   68.0   92.00  ...     11.596825   6.888504   3.1   6.200  10.20  15.400  42.0
2.3        391.0   70.209719  41.826528    0.0   33.50   70.0  103.00  ...     11.016880   7.068259   3.1   5.200   8.90  15.000  37.1
2.4        292.0   70.811644  39.087295    1.0   40.75   71.0   95.25  ...     10.176712   5.964293   3.1   5.300   8.90  13.400  39.8
2.5        296.0   64.016892  41.145831    0.0   26.00   67.0   89.00  ...     11.649324   6.850367   3.2   5.900  10.20  15.400  35.5
2.6        207.0   63.357488  41.129298    1.0   26.50   67.0   84.00  ...     11.429469   6.860726   3.1   5.600   9.70  15.950  37.5

[50 rows x 16 columns]
