________________________________
CURRENT RANKINGS
________________________________

1. 1.8
2. 2.1
3. 1.9
4. 2.0


>>> df = pd.read_csv('fullDST.csv')
>>> df_by_std = df.groupby('sdPts')
>>> df_by_std.describe()
      Unnamed: 0                                                               Actual_Points
           count        mean         std    min     25%    50%     75%     max         count       mean       std   min    25%    50%    75%   max
sdPts
0.6         79.0  210.151899   90.791970   20.0  169.00  220.0  266.00   393.0          79.0   7.092405  6.473195  -4.0   3.00   6.00   8.50  37.0
0.7         97.0  212.783505   80.218221   32.0  184.00  217.0  267.00   383.0          97.0   5.049485  5.780807  -4.0   2.00   4.00   7.00  27.0
0.8        109.0  213.697248   85.396624   36.0  184.00  213.0  269.00   410.0         109.0   6.036697  5.028910  -4.0   2.00   5.00   9.00  21.0
0.9        100.0  195.350000   88.630703   34.0  150.50  206.5  255.25   413.0         100.0   6.860000  6.527951  -4.0   2.00   5.15  10.00  33.0
1.0        100.0  216.750000   96.146287   27.0  167.25  219.0  280.00   408.0         100.0   6.437000  5.685222  -4.0   3.00   5.00  10.00  22.0
1.1         79.0  210.316456   87.616961   42.0  173.00  215.0  269.00   393.0          79.0   6.765823  5.526901  -4.0   3.00   6.00  10.50  22.0
1.2         97.0  210.247423   94.201693   33.0  167.00  215.0  280.00   405.0          97.0   6.354639  5.945114  -4.0   2.00   6.00   9.00  25.0
1.3         93.0  191.720430  104.219289   35.0   67.00  200.0  261.00   482.0          93.0   7.204301  6.385376  -4.0   3.00   6.00  12.00  27.0
1.4         74.0  193.581081   91.192707   26.0  152.25  215.0  250.00   398.0          74.0   7.121622  5.745642  -4.0   3.00   5.00  10.00  25.0
1.5         78.0  190.487179  103.331737   32.0   78.50  193.0  247.75   478.0          78.0   6.638462  5.161099  -4.0   3.00   6.00  10.00  21.0
1.6         69.0  151.057971   98.746986   22.0   54.00  162.0  234.00   342.0          69.0   7.826087  6.714682  -3.0   3.00   6.00  12.00  28.0
1.7         78.0  166.384615   99.942221   24.0   58.25  185.0  245.75   442.0          78.0   6.850000  5.457314  -1.0   3.00   6.00   9.00  24.0
1.8         82.0  169.219512   98.359008   29.0   63.00  182.5  243.50   443.0          82.0   8.980488  6.590368  -1.0   4.00   7.00  14.75  25.0
1.9         74.0  158.743243  105.413350   25.0   57.50  169.0  230.25   468.0          74.0   7.970270  6.387461  -4.0   4.00   7.00  12.00  25.0
2.0         64.0  192.140625  113.621045   40.0  132.75  184.0  238.25   730.0          64.0   7.828125  6.398300  -3.0   3.00   7.00  12.00  25.0
2.1         67.0  171.970149   95.290778   37.0   68.00  184.0  235.50   409.0          67.0   8.008955  6.379293  -4.0   3.00   8.00  12.00  24.0
2.2         79.0  173.088608  136.824255   28.0   63.50  175.0  226.50  1128.0          79.0   7.126582  5.615266  -2.0   3.00   7.00  10.00  32.0
