________________________________
CURRENT RANKINGS
________________________________

1. 1.7
2. 1.6
3. 1.5
4. 1.3

>>> df = pd.read_csv('fullRB.csv')
>>> df_by_std = df.groupby('sdPts')
>>> df_by_std.describe()
      Unnamed: 0                                                                Actual_Points
           count        mean         std    min     25%    50%      75%     max         count       mean        std   min     25%    50%     75%   max
sdPts
0.1        386.0  917.240933  270.374135  201.0  783.25  986.5  1112.50  1319.0         386.0   0.630052   2.009750  -0.9   0.000   0.00   0.200  18.5
0.2        360.0  918.033333  266.253987  237.0  785.00  984.5  1108.25  1302.0         360.0   0.735556   1.899615  -0.1   0.000   0.00   0.525  15.6
0.3        358.0  856.430168  257.549156   27.0  731.50  911.5  1051.75  1255.0         358.0   1.008939   2.465806  -2.6   0.000   0.00   0.675  17.6
0.4        335.0  814.274627  257.967869    2.0  705.50  871.0  1002.50  1232.0         335.0   1.467463   3.057403  -0.7   0.000   0.00   1.450  18.6
0.5        288.0  700.048611  289.224780    4.0  488.50  773.5   909.25  1275.0         288.0   2.932292   5.192332  -2.0   0.000   0.70   3.425  43.1
0.6        328.0  661.926829  289.664502    4.0  422.25  721.5   885.25  1311.0         328.0   3.219512   5.394389  -2.2   0.000   1.10   3.825  43.5
0.7        350.0  596.702857  282.359264    8.0  381.25  664.0   816.00  1164.0         350.0   3.671143   5.152716  -0.4   0.100   1.50   5.075  34.6
0.8        364.0  509.021978  273.481482    8.0  270.75  541.5   710.00  1149.0         364.0   4.814835   6.033419  -2.5   0.400   2.50   7.100  32.6
0.9        383.0  453.190601  288.263392    2.0  182.00  468.0   696.00  1105.0         383.0   5.992689   7.331600  -2.0   0.700   3.50   8.450  44.7
1.0        377.0  438.129973  272.570275    1.0  204.00  458.0   651.00  1084.0         377.0   5.958355   6.681523  -2.1   1.100   3.80   8.700  37.9
1.1        343.0  357.448980  265.122960    1.0  102.50  317.0   568.50  1005.0         343.0   7.561516   7.688609  -2.0   1.900   4.80  11.800  44.6
1.2        350.0  300.957143  242.047524    1.0   74.00  255.5   493.75   912.0         350.0   7.960000   7.793778  -2.0   2.100   5.60  11.575  38.6
1.3        398.0  277.829146  223.791816    2.0   76.00  232.5   444.50   888.0         398.0   8.508291   8.059383  -0.4   2.325   6.30  12.600  41.2
1.4        360.0  268.238889  241.018495    3.0   60.50  202.0   447.00   952.0         360.0   8.884722   8.312923  -0.6   2.800   6.55  12.125  47.8
1.5        298.0  255.409396  229.524395    1.0   68.50  163.5   421.00   982.0         298.0   9.206711   7.891398  -2.1   3.000   7.50  13.200  45.7
1.6        302.0  239.566225  229.952950    2.0   54.50  135.0   401.00  1115.0         302.0   9.353642   7.814730  -1.8   3.525   7.70  13.375  49.8
1.7        240.0  195.512500  207.134706    1.0   50.00  110.5   270.25   936.0         240.0  10.136667   7.309184   0.0   4.600   9.00  13.925  38.6

