________________________________
CURRENT RANKINGS
________________________________

1. 1.6
2. 1.5
3. 1.4
4. 1.3

>>> df = pd.read_csv('fullFLX.csv')
>>> df_by_std = df.groupby('sdPts')
>>> df_by_std.describe()
      Unnamed: 0                                                              Actual_Points
           count        mean         std    min     25%    50%     75%    max         count       mean        std   min     25%    50%     75%   max
sdPts
0.1        962.0  203.270270   96.706190   33.0   98.00  225.0  297.00  349.0         962.0   0.856237   3.010676  -2.0   0.000   0.00   0.200  34.0
0.2       1175.0  209.160851   88.998022   51.0   99.00  226.0  286.50  348.0        1175.0   0.910128   2.797573  -2.0   0.000   0.00   0.500  46.7
0.3       1041.0  189.797310   86.398775    8.0   90.00  213.0  258.00  340.0        1041.0   1.284054   2.675023  -2.6   0.000   0.00   1.400  19.1
0.4       1083.0  193.308403   88.351544    1.0   88.00  218.0  269.00  340.0        1083.0   2.191228   3.981571  -2.0   0.000   0.40   2.600  33.4
0.5       1129.0  191.253322   86.211339    0.0   95.00  206.0  264.00  338.0        1129.0   2.679894   4.183634  -2.0   0.000   1.10   3.400  43.1
0.6       1350.0  190.373333   86.100842    1.0  120.25  204.0  264.00  334.0        1350.0   3.282519   4.819159  -2.2   0.000   1.40   4.500  43.5
0.7       1400.0  179.945714   83.952103    1.0   99.50  189.5  250.25  331.0        1400.0   3.804714   5.079565  -2.0   0.000   1.90   5.400  34.6
0.8       1372.0  171.814140   85.399091    1.0   80.00  181.0  245.00  326.0        1372.0   4.097157   5.120900  -2.5   0.000   2.30   6.100  32.6
0.9       1330.0  163.316541   86.738546    0.0   76.00  172.0  235.00  323.0        1330.0   4.954586   5.793499  -2.0   0.625   3.00   7.400  44.7
1.0       1213.0  152.093157   83.119315    0.0   67.00  161.0  212.00  324.0        1213.0   5.086810   5.731890  -2.1   0.800   3.20   7.700  38.3
1.1       1029.0  141.798834   83.955747    0.0   59.00  150.0  198.00  323.0        1029.0   6.248882   6.767957  -2.0   1.300   4.00   9.200  44.8
1.2        997.0  135.664995   85.085193    0.0   51.00  147.0  197.00  312.0         997.0   6.450953   6.882716  -2.0   1.400   4.40   9.100  38.6
1.3        945.0  120.831746   83.527730    0.0   42.00  127.0  181.00  316.0         945.0   7.578095   7.535855  -1.0   1.800   5.20  11.800  41.2
1.4        855.0  116.054971   81.719922    0.0   39.00  116.0  177.50  300.0         855.0   8.152398   7.707801  -0.6   2.300   6.10  11.900  47.8
1.5        717.0  112.721060   79.470509    0.0   39.00  113.0  172.00  300.0         717.0   8.597490   7.450458  -2.1   2.600   7.00  12.200  45.7
1.6        754.0  110.347480   77.822908    0.0   39.25  110.0  165.00  293.0         754.0   9.048541   7.716463  -1.8   2.900   7.30  13.700  49.8

