>>> import pandas as pd
>>> df = pd.read_csv('fullQB.csv')
>>> df_by_std = df.groupby('sdPts')
>>> pd.set_option('display.max_rows', None)
>>> df_by_std.describe()



TOP QB STDS:
1. 2.0
2. 1.8
3. 1.1
4. 1.7


      Unnamed: 0                                                                  Actual_Points
           count         mean         std    min     25%     50%      75%     max         count       mean        std   min     25%    50%     75%   max
sdPts

0.8         75.0    92.213333  233.006223    2.0   10.00    19.0    32.00  1070.0          75.0  16.602667   8.567096   0.7  10.400  16.20  20.250  41.7
0.9         89.0    81.573034  223.090987    1.0    9.00    16.0    27.00  1082.0          89.0  16.502247   7.253353   0.0  12.900  17.40  21.000  37.2
1.0         96.0    47.739583  131.439980    1.0    9.00    17.0    28.25   712.0          96.0  17.780208   7.717057   0.0  13.675  18.05  22.050  42.9
1.1        113.0    41.256637  109.279032    1.0   11.00    22.0    35.00   751.0         113.0  17.792920   7.573930   0.1  12.600  17.60  23.000  36.5
1.2        120.0    30.491667   76.627660    1.0    8.00    17.0    32.00   816.0         120.0  17.145000   7.135600   2.4  12.275  17.25  22.100  40.5
1.3        116.0    52.810345  140.230736    1.0   11.00    21.5    39.00   930.0         116.0  15.243103   6.519459   0.0  10.450  14.85  19.575  28.8
1.4        138.0    47.521739  134.348996    1.0   10.00    19.5    34.00   934.0         138.0  17.015217   7.856309   0.0  11.675  16.20  21.825  38.9
1.5        134.0    41.992537  124.960836    1.0   10.00    20.5    33.50   981.0         134.0  16.700000   7.628961   0.4  11.225  16.85  21.650  41.3
1.6        149.0    42.416107  108.526065    1.0   11.00    22.0    40.00   856.0         149.0  15.744966   7.478080   1.3   9.800  15.30  19.600  43.8
1.7        123.0    41.975610  117.593873    1.0    7.50    19.0    35.50   849.0         123.0  17.576423   8.382692   0.2  11.550  16.80  22.100  42.3
1.8        115.0    34.573913   82.045137    1.0   10.50    21.0    34.00   668.0         115.0  18.136522   8.440247   1.6  12.500  17.40  22.350  43.5
1.9        129.0    55.589147  142.260249    1.0    9.00    20.0    42.00   797.0         129.0  16.353488   7.794450   0.0  11.800  16.30  21.000  39.3
2.0        102.0    31.215686   74.833231    1.0    7.00    15.5    33.00   689.0         102.0  18.450000   8.018416   1.9  13.850  18.10  24.150  39.0
2.1        109.0    37.055046   89.881180    1.0   10.00    21.0    40.00   795.0         109.0  16.211009   7.786578   1.0  10.900  15.60  21.500  41.5
2.2         72.0    60.027778  146.603516    1.0   11.00    23.5    51.00   810.0          72.0  16.280556   7.250034   0.4  12.775  16.30  22.225  30.3
2.3         74.0    39.013514   74.830858    1.0   12.00    25.5    38.00   602.0          74.0  16.654054   7.872010   2.4  11.225  15.70  21.350  35.8
