________________________________
CURRENT RANKINGS
________________________________

1. 2.0
2. 2.2
3. 1.9
4. 2.3

>>> df = pd.read_csv('fullWR.csv')
>>> df_by_std = df.groupby('sdPts')
>>> df_by_std.describe()
      Unnamed: 0                                                                Actual_Points
           count        mean         std    min     25%    50%      75%     max         count       mean        std   min     25%    50%     75%   max
sdPts
0.1        221.0  831.180995  268.559768  253.0  527.00  916.0  1009.00  1302.0         221.0   0.564706   1.668103  -2.0   0.000   0.00   0.000  11.2
0.2        386.0  882.836788  262.966773  185.0  768.25  919.0  1059.50  1324.0         386.0   0.947150   3.333249  -2.0   0.000   0.00   0.000  46.7
0.3        374.0  843.516043  276.862125  142.0  702.50  912.5  1039.50  1273.0         374.0   1.376738   2.706515  -2.0   0.000   0.00   1.600  19.1
0.4        348.0  740.183908  294.689013   95.0  488.50  806.0   963.00  1256.0         348.0   2.595977   4.434160  -2.0   0.000   0.60   3.300  28.2
0.5        443.0  647.900677  289.327476   20.0  387.00  689.0   888.00  1221.0         443.0   3.133409   4.430771  -1.7   0.000   1.30   4.850  23.3
0.6        523.0  572.045889  274.208435   53.0  325.00  581.0   804.50  1175.0         523.0   3.802677   5.195086  -2.0   0.000   1.90   5.800  33.5
0.7        617.0  540.551053  243.857010   32.0  330.00  532.0   741.00  1159.0         617.0   4.108428   5.285863  -2.0   0.000   2.50   5.600  32.2
0.8        624.0  514.993590  243.182616   16.0  317.00  478.0   713.00  1150.0         624.0   4.291346   4.993021  -2.0   0.000   2.50   6.600  30.0
0.9        592.0  481.096284  231.026385   27.0  275.75  470.5   666.25  1053.0         592.0   4.929392   5.272312  -2.0   0.875   3.30   7.500  29.1
1.0        587.0  457.233390  221.209401   27.0  275.00  438.0   639.50  1072.0         587.0   5.062351   5.344465  -2.0   1.100   3.60   7.750  38.3
1.1        505.0  415.572277  217.122924   12.0  238.00  393.0   584.00  1053.0         505.0   6.118416   6.392822  -2.0   1.500   4.20   9.000  44.8
1.2        487.0  406.940452  216.447160   15.0  239.00  386.0   585.00   955.0         487.0   5.852977   6.307271  -1.0   1.250   3.90   8.150  38.5
1.3        420.0  369.997619  222.198373   17.0  192.75  343.0   539.25   909.0         420.0   7.212857   7.401614  -1.0   1.400   4.85  11.100  38.6
1.4        393.0  340.201018  228.313633   17.0  131.00  325.0   519.00   951.0         393.0   7.933842   7.393288  -0.2   2.300   6.00  12.100  41.0
1.5        324.0  276.216049  218.262268   22.0   84.75  218.0   430.75   896.0         324.0   8.129630   7.203485  -0.2   2.500   6.25  11.825  37.3
1.6        358.0  239.681564  208.876317   18.0   68.00  140.0   406.00   796.0         358.0   8.851955   7.719939  -0.8   2.700   6.95  14.100  44.7
1.7        287.0  213.484321  198.889396   17.0   62.00  123.0   326.50  1154.0         287.0   9.225436   7.454201  -2.0   3.250   7.90  13.950  34.4
1.8        292.0  208.534247  192.582081   12.0   70.75  121.0   295.25   798.0         292.0   9.686301   7.193952  -1.3   3.775   8.85  14.225  38.8
1.9        306.0  171.052288  161.418905   19.0   66.25  100.0   213.50   924.0         306.0  10.275163   7.644300  -0.6   4.525   9.40  14.075  37.5
2.0        287.0  158.679443  154.625472   16.0   62.50   97.0   190.00   768.0         287.0  10.386411   7.800905   0.0   4.050   9.00  15.350  35.7
2.1        269.0  161.739777  148.496040   22.0   69.00  102.0   187.00   827.0         269.0   9.506691   6.998520   0.0   4.400   8.80  12.800  39.7
2.2        245.0  151.979592  140.931371   15.0   71.00   96.0   167.00   741.0         245.0  10.765714   7.753199  -2.0   5.000   9.90  14.700  42.0
2.3        213.0  186.704225  165.259521   16.0   74.00  111.0   270.00   818.0         213.0  10.000939   7.529677   0.0   4.300   8.30  13.800  37.1
