The following can be used in the console to give us the data representation below.
 This looks to me like 2.0 std is the best, the 75% percentile is the highest and this stands out
 to me the most.
________________________________
CURRENT RANKINGS
________________________________

1. 2.0  MEAN = 113.615599
2. 1.7  MEAN = 106.070651
3. 1.8
4. 1.1


>>> df = pd.read_csv(QB.csv)
>>> df_by_std = df[df.isin(s.index[s > 4]).values]
>>> df_by_std = df_by_std.groupby('sdPts')
>>> df_by_std.describe()
      Unnamed: 0                                                            ... Actual_Points
           count         mean         std    min      25%     50%      75%  ...          mean        std   min     25%    50%     75%   max
sdPts                                                                       ...
0.0         13.0  1082.076923  265.602605  551.0  1050.00  1145.0  1286.00  ...      6.069231   3.549034   3.1   3.200   4.90   7.300  15.2
0.1         12.0   972.000000  259.458877  444.0   936.25  1039.5  1155.00  ...      9.508333   4.392030   3.3   7.050   8.60  14.275  15.3
0.2          8.0   986.500000  334.374042  478.0   829.00  1097.0  1243.00  ...      5.575000   1.906942   3.7   4.000   4.90   7.250   8.3
0.3         16.0   890.875000  221.542133  429.0   755.00   943.0   997.50  ...     10.100000   5.932846   4.5   6.225   9.05  10.450  22.6
0.4         19.0   712.736842  452.517384    3.0   358.00   883.0  1016.00  ...     11.073684   5.165252   4.7   7.150  10.00  16.250  20.0
0.5         16.0   362.687500  450.025291   10.0    11.00    42.0   887.00  ...     14.212500   7.788528   5.2   8.500  11.65  18.275  34.5
0.6         25.0   175.560000  341.187031    2.0     8.00    11.0    24.00  ...     17.008000   8.201571   3.2  12.400  16.80  23.000  33.5
0.7         59.0    77.898305  218.370825    2.0     9.00    18.0    26.00  ...     17.276271   9.068310   3.1  11.450  15.50  21.650  46.3
0.8         79.0    66.012658  197.592789    2.0     7.00    19.0    27.00  ...     17.292405   8.729933   3.6  10.950  16.30  21.700  41.7
0.9         87.0    41.896552  136.553851    1.0     7.50    14.0    24.00  ...     17.157471   6.177559   3.9  13.100  17.40  21.000  37.2
1.0        109.0    33.091743   95.674946    1.0     8.00    16.0    27.00  ...     18.153211   7.756438   3.3  13.600  18.00  22.700  42.9
1.1        117.0    32.239316   90.684433    1.0     7.00    16.0    32.00  ...     18.542735   7.568131   3.6  12.800  18.10  23.600  36.5
1.2        133.0    33.293233  100.140340    1.0     6.00    15.0    28.00  ...     17.657895   7.000186   3.7  12.300  17.80  22.200  40.5
1.3        120.0    43.050000  118.243294    1.0    10.00    19.0    36.50  ...     15.700000   6.246747   4.6  10.500  14.85  20.475  28.8
1.4        146.0    33.150685   96.221751    1.0     8.00    18.0    30.00  ...     17.771233   7.432101   4.0  11.925  16.40  22.050  38.9
1.5        140.0    27.728571   67.085454    1.0     7.00    19.0    31.00  ...     17.408571   7.314551   4.7  12.100  17.45  21.800  41.3
1.6        157.0    41.242038  113.252181    1.0    10.00    19.0    38.00  ...     16.345860   7.522543   3.9  10.200  15.50  19.800  43.8
1.7        140.0    21.228571   20.976980    1.0     3.00    14.5    31.25  ...     18.565714   8.245154   3.9  12.750  17.35  23.675  42.3
1.8        124.0    24.282258   26.184946    1.0     8.00    19.0    32.25  ...     18.777419   8.028626   4.4  12.750  17.40  22.525  43.5
1.9        143.0    42.580420  107.545956    1.0     7.50    20.0    40.50  ...     16.636364   7.320601   3.0  11.800  16.70  21.500  39.3
2.0        125.0    18.768000   21.326621    1.0     3.00    13.0    30.00  ...     18.886400   7.568465   3.8  14.900  18.10  24.300  39.0
2.1        121.0    23.165289   21.047703    1.0     6.00    17.0    36.00  ...     17.181818   7.570403   3.5  11.800  16.10  22.200  41.5
2.2         85.0    53.423529  134.646130    1.0     8.00    22.0    49.00  ...     16.870588   7.417512   3.2  12.800  16.70  22.900  30.3
2.3         81.0    33.716049   67.999124    1.0     9.00    23.0    38.00  ...     17.480247   7.873475   5.0  11.700  17.00  22.600  35.8
2.4         64.0    25.515625   20.717290    1.0     9.75    22.5    35.25  ...     17.460938   6.932592   5.0  13.075  17.70  21.450  35.8
2.5         62.0    21.000000   21.224020    1.0     5.25    16.0    27.00  ...     16.883871   7.600349   3.0  12.150  16.30  22.750  31.1
2.6         62.0    23.032258   24.713418    1.0     6.00    16.0    29.25  ...     16.650000   6.847442   3.8  11.100  16.95  20.700  34.1
2.7         37.0    14.459459   17.407844    1.0     3.00     7.0    20.00  ...     17.189189   6.697047   4.4  11.100  18.10  23.500  27.8
2.8         29.0    21.586207   24.752370    1.0     7.00    16.0    25.00  ...     19.555172   7.120623   5.5  14.900  20.50  24.000  33.3
2.9         32.0    46.906250   97.436947    1.0     3.75    25.5    54.25  ...     15.475000   6.227255   3.1  11.175  15.80  20.675  26.2
3.0         27.0    16.111111   20.302204    1.0     3.00     7.0    22.50  ...     15.966667   6.499822   4.0  11.400  15.90  19.150  30.1
3.1         30.0    18.333333   21.608321    1.0     1.00     9.0    27.50  ...     22.713333   9.385636   5.0  16.350  23.55  25.600  41.6
3.2         14.0    23.785714   26.338561    1.0     3.00    13.5    32.75  ...     15.764286   6.534124   4.1  11.200  14.60  18.925  26.7
3.3         10.0   207.700000  307.550917    7.0    22.75    54.5   218.75  ...     14.630000   7.719391   5.6   9.025  12.70  18.375  31.2
3.4         14.0    17.000000   22.525200    1.0     1.50     3.0    25.25  ...     16.614286   8.962731   4.2   9.250  16.50  23.900  29.6
3.5          8.0    44.875000   39.883536    6.0     9.75    36.0    71.75  ...     15.837500   7.143816   4.2  13.500  15.40  19.350  27.1
3.6         10.0    48.700000   95.416106    2.0     3.00    12.0    37.75  ...     16.440000   5.493066   6.7  12.600  17.45  19.800  23.1
3.7         16.0    29.125000   56.510618    1.0     3.00     5.5    27.00  ...     21.637500   8.992358   7.2  14.700  24.90  28.100  34.0
3.8          1.0     1.000000         NaN    1.0     1.00     1.0     1.00  ...     18.200000        NaN  18.2  18.200  18.20  18.200  18.2
4.0          1.0     1.000000         NaN    1.0     1.00     1.0     1.00  ...     24.200000        NaN  24.2  24.200  24.20  24.200  24.2
4.1          1.0     2.000000         NaN    2.0     2.00     2.0     2.00  ...     20.500000        NaN  20.5  20.500  20.50  20.500  20.5
4.5          5.0   277.600000  296.906214   57.0    62.00   102.0   443.00  ...     11.200000   4.781736   5.3   9.100  11.40  11.800  18.4
4.8          6.0    81.000000   98.167204    2.0    15.00    66.5    80.50  ...     19.466667  12.500027   6.3   9.225  17.35  30.575  34.3
4.9          5.0   184.600000  151.465508   40.0    52.00   147.0   308.00  ...     13.500000   3.751000   9.5   9.800  15.00  15.000  18.2
5.1          5.0    55.800000   23.636836   28.0    39.00    59.0    64.00  ...     12.560000   4.793016   6.6   9.500  12.80  14.900  19.0
5.7          1.0   156.000000         NaN  156.0   156.00   156.0   156.00  ...      3.300000        NaN   3.3   3.300   3.30   3.300   3.3
5.9          1.0    19.000000         NaN   19.0    19.00    19.0    19.00  ...      3.400000        NaN   3.4   3.400   3.40   3.400   3.4
7.7          1.0     3.000000         NaN    3.0     3.00     3.0     3.00  ...     14.800000        NaN  14.8  14.800  14.80  14.800  14.8
9.3          1.0     1.000000         NaN    1.0     1.00     1.0     1.00  ...     18.300000        NaN  18.3  18.300  18.30  18.300  18.3

[49 rows x 16 columns]
