________________________________
CURRENT RANKINGS
________________________________

1. 1.5
2. 1.3
3. 1.7
4. 1.2

>>> df_by_std = df[df.isin(s.index[s > 4]).values]
>>> df_by_std = df_by_std.groupby('sdPts')
>>> df_by_std.describe()
      Unnamed: 0                                                         ... Actual_Points
           count        mean         std    min     25%    50%      75%  ...          mean        std  min    25%    50%     75%   max
sdPts                                                                    ...

0.9        221.0  329.588235  263.929480    2.0  115.00  247.0   508.00  ...      9.931674   7.452363  3.1  4.600   7.10  12.300  44.7
1.0        235.0  289.114894  230.300750    1.0   86.00  233.0   458.00  ...      9.554894   6.518672  3.1  4.750   7.70  12.300  37.9
1.1        255.0  274.647059  233.390756    1.0   79.50  211.0   452.50  ...     10.190196   7.249308  3.1  4.400   7.60  13.800  44.6
1.2        257.0  227.151751  207.230370    1.0   47.00  159.0   360.00  ...     10.357198   7.276667  3.1  4.900   7.60  14.500  38.6
1.3        299.0  215.244147  190.016876    2.0   51.50  161.0   316.50  ...     11.286957   7.599876  3.1  5.550   9.50  14.950  41.2
1.4        294.0  205.479592  195.011257    5.0   49.25  141.0   302.00  ...     10.709524   7.545252  3.1  5.100   8.30  12.575  47.8
1.5        248.0  196.080645  191.947197    1.0   50.50  122.5   276.50  ...     11.414113   7.418082  3.1  5.700   9.25  15.925  45.7
1.6        274.0  192.843066  192.532479    2.0   48.00  113.0   295.00  ...     11.072993   7.635664  3.1  5.100   9.20  14.400  49.8
1.7        224.0  153.870536  155.676323    1.0   47.00   97.0   220.00  ...     11.429464   7.192568  3.1  5.575  10.10  14.625  42.9



[45 rows x 16 columns]




RAAAAWWWWWWWWW DATA!!!!!!!!!
>>> df_by_std = df[df.isin(s.index[s > 4]).values]
>>> df_by_std = df_by_std.groupby('sdPts')
>>> df_by_std.describe()
      Unnamed: 0                                                         ... Actual_Points
           count        mean         std    min     25%    50%      75%  ...          mean        std  min    25%    50%     75%   max
sdPts                                                                    ...
0.1         29.0  792.379310  317.224055  395.0  480.00  877.0  1071.00  ...      6.234483   4.340530  3.1  3.300   3.80   6.600  18.5
0.2         34.0  853.352941  329.113215  237.0  510.50  915.0  1159.00  ...      5.611765   3.273934  3.1  3.500   3.90   7.350  15.6
0.3         46.0  738.130435  289.470828   27.0  630.00  732.5   901.50  ...      6.589130   3.363941  3.1  4.250   5.90   7.275  17.6
0.4         64.0  598.046875  329.641625    2.0  351.75  652.5   873.75  ...      6.837500   4.120737  3.1  3.650   4.90   8.775  18.6
0.5         97.0  478.979381  291.056802    4.0  269.00  402.0   728.00  ...      8.215464   6.247238  3.1  4.200   5.80  10.800  43.1
0.6        113.0  425.734513  260.176726    4.0  237.00  383.0   635.00  ...      8.411504   6.378742  3.0  3.800   6.60  10.600  43.5
0.7        154.0  428.941558  262.997633    8.0  203.75  401.0   686.75  ...      8.151299   5.697818  3.1  3.900   6.30  10.375  34.6
0.8        196.0  376.005102  259.654178    8.0  165.25  332.5   580.25  ...      8.703571   5.987743  3.1  4.275   6.65  11.150  32.6
0.9        221.0  329.588235  263.929480    2.0  115.00  247.0   508.00  ...      9.931674   7.452363  3.1  4.600   7.10  12.300  44.7
1.0        235.0  289.114894  230.300750    1.0   86.00  233.0   458.00  ...      9.554894   6.518672  3.1  4.750   7.70  12.300  37.9
1.1        255.0  274.647059  233.390756    1.0   79.50  211.0   452.50  ...     10.190196   7.249308  3.1  4.400   7.60  13.800  44.6
1.2        257.0  227.151751  207.230370    1.0   47.00  159.0   360.00  ...     10.357198   7.276667  3.1  4.900   7.60  14.500  38.6
1.3        299.0  215.244147  190.016876    2.0   51.50  161.0   316.50  ...     11.286957   7.599876  3.1  5.550   9.50  14.950  41.2
1.4        294.0  205.479592  195.011257    5.0   49.25  141.0   302.00  ...     10.709524   7.545252  3.1  5.100   8.30  12.575  47.8
1.5        248.0  196.080645  191.947197    1.0   50.50  122.5   276.50  ...     11.414113   7.418082  3.1  5.700   9.25  15.925  45.7
1.6        274.0  192.843066  192.532479    2.0   48.00  113.0   295.00  ...     11.072993   7.635664  3.1  5.100   9.20  14.400  49.8
1.7        224.0  153.870536  155.676323    1.0   47.00   97.0   220.00  ...     11.429464   7.192568  3.1  5.575  10.10  14.625  42.9
1.8        184.0  145.375000  157.039467    5.0   45.00   78.5   174.50  ...     11.234783   7.367799  3.1  5.000   9.35  15.400  35.3
1.9        178.0  147.011236  150.913452    1.0   55.50   92.5   162.00  ...     11.199438   7.128946  3.1  5.100   9.95  15.475  32.0
2.0        144.0  141.736111  147.686305    2.0   53.00   84.0   161.50  ...     10.656944   6.060957  3.4  6.375   9.20  14.075  31.6
2.1        125.0  140.032000  140.835636    7.0   42.00   93.0   186.00  ...     10.590400   6.759109  3.1  5.200   9.10  13.500  31.6
2.2        124.0  140.274194  139.466016    3.0   49.00   87.0   168.00  ...     11.654032   6.758414  3.1  6.600  10.15  16.225  30.1
2.3        113.0  140.415929  136.526536   13.0   53.00   80.0   171.00  ...     11.785841   7.848213  3.1  5.500   9.30  16.800  37.1
2.4         74.0  156.121622  141.472002   12.0   58.25   93.0   231.75  ...     10.836486   7.499581  3.1  5.125   8.55  14.325  39.8
2.5         88.0  122.011364  118.484442    4.0   40.00   73.0   161.50  ...     11.790909   6.735062  3.3  5.875  10.40  15.875  30.3
2.6         78.0  150.538462  126.059839   13.0   61.25   97.5   198.00  ...     12.069231   7.515444  3.1  5.975  10.15  16.800  37.5
2.7         59.0  160.593220  160.238413    9.0   43.00   96.0   206.50  ...      9.737288   6.345183  3.5  4.700   8.20  12.350  27.0
2.8         47.0  147.361702  151.568671   16.0   65.50   96.0   156.00  ...     11.097872   7.270353  3.1  5.800   9.60  13.400  34.0
2.9         42.0  116.023810   88.254479   13.0   60.50   94.0   129.00  ...     11.178571   7.781326  3.3  5.225   8.00  14.650  31.3
3.0         27.0  144.592593  117.183702   15.0   52.00  109.0   198.00  ...      8.637037   4.936376  3.1  4.250   7.70  12.250  18.9
3.1         27.0   94.962963   53.334562    9.0   54.00   92.0   131.50  ...     11.433333   6.546931  4.0  6.050  11.00  13.900  31.6
3.2         23.0  145.304348  127.680153    8.0   42.00   88.0   201.00  ...     13.230435   9.311842  3.1  5.500  10.90  18.250  39.9
3.3         25.0  158.080000  124.272188   25.0   74.00  117.0   204.00  ...     10.080000   6.803798  3.4  5.400   7.10  12.800  33.1
3.4         11.0  111.454545   74.824279    8.0   63.50   99.0   183.00  ...      9.709091   5.001491  3.5  6.700  10.00  11.400  20.7
3.5         15.0  126.600000   98.966661   23.0   52.50   80.0   183.00  ...     14.473333   7.119136  7.3  9.400  11.10  17.600  32.2
3.6         15.0   96.266667   85.467176    2.0   36.00   60.0   176.50  ...     12.366667   9.609271  3.6  5.750  11.70  13.650  34.0
3.7         14.0  174.714286  149.817545   21.0   50.25  120.0   283.75  ...     12.000000   9.474419  3.1  4.850  10.00  14.225  35.4
3.9          1.0   60.000000         NaN   60.0   60.00   60.0    60.00  ...      3.600000        NaN  3.6  3.600   3.60   3.600   3.6
4.1          1.0   57.000000         NaN   57.0   57.00   57.0    57.00  ...      5.100000        NaN  5.1  5.100   5.10   5.100   5.1
4.5          1.0   25.000000         NaN   25.0   25.00   25.0    25.00  ...      7.400000        NaN  7.4  7.400   7.40   7.400   7.4
4.8          1.0   90.000000         NaN   90.0   90.00   90.0    90.00  ...      7.400000        NaN  7.4  7.400   7.40   7.400   7.4
4.9          3.0  150.333333   63.311400   82.0  122.00  162.0   184.50  ...     12.433333  13.135575  4.7  4.850   5.00  16.300  27.6
5.0          1.0  401.000000         NaN  401.0  401.00  401.0   401.00  ...      4.800000        NaN  4.8  4.800   4.80   4.800   4.8
5.1          3.0   37.000000   26.907248   15.0   22.00   29.0    48.00  ...     12.900000   7.975588  4.0  9.650  15.30  17.350  19.4
5.9          1.0   36.000000         NaN   36.0   36.00   36.0    36.00  ...      4.500000        NaN  4.5  4.500   4.50   4.500   4.5

[45 rows x 16 columns]

