________________________________
CURRENT RANKINGS
________________________________

1. 1.6
2. 0.7
3. 1.9
4. 1.5

>>> df = pd.read_csv('TE.csv')
>>> df_by_std = df[df.isin(s.index[s > 4]).values]
>>> df_by_std = df_by_std.groupby('sdPts')
>>> df_by_std.describe()
      Unnamed: 0                                                         ... Actual_Points
           count        mean         std    min     25%    50%      75%  ...          mean        std   min     25%    50%     75%   max
sdPts                                                                    ...
0.4        122.0  629.983607  211.652568  189.0  478.75  621.0   784.75  ...      6.989344   5.243064   3.1   3.500   5.25   8.075  33.4
0.5        117.0  607.846154  206.765218  190.0  460.00  618.0   759.00  ...      5.535043   2.898077   3.1   3.400   4.70   6.600  19.0
0.6        155.0  627.587097  208.174870  165.0  481.00  641.0   761.50  ...      7.224516   4.032664   3.1   4.050   6.00   9.100  24.5
0.7        183.0  531.650273  205.559724  177.0  383.50  505.0   669.00  ...      7.650273   4.712572   3.1   3.750   6.20   9.850  28.7
0.8        166.0  486.855422  191.947065  161.0  321.75  491.0   607.00  ...      6.692169   4.222034   3.1   3.625   5.00   7.900  27.2
0.9        183.0  498.142077  194.319357   27.0  329.00  493.0   640.00  ...      7.265574   4.040069   3.1   4.000   5.90   9.450  23.1
1.0        128.0  452.085938  177.774830   51.0  321.00  440.5   556.75  ...      7.314844   4.707660   3.1   3.600   5.35   9.275  27.7
1.1         90.0  414.822222  195.247614   32.0  280.00  413.5   541.00  ...      7.985556   5.076926   3.1   4.425   5.60  10.900  26.2
1.2         83.0  383.156627  214.192385   40.0  233.00  365.0   530.00  ...      9.025301   5.867352   3.1   4.700   7.20  11.850  29.9
1.3         86.0  387.011628  207.803951   50.0  228.50  355.0   555.00  ...      8.545349   5.233302   3.1   4.325   7.05  11.175  23.8
1.4         71.0  385.352113  259.991214   44.0  126.00  378.0   652.00  ...      9.360563   5.773028   3.1   4.500   7.90  12.550  23.3
1.5         77.0  261.961039  197.818128   40.0   94.00  211.0   388.00  ...     10.341558   6.006649   3.1   5.400   9.70  13.300  32.8
1.6         70.0  223.714286  158.674413   39.0  105.25  196.5   279.00  ...     11.671429   6.468074   3.2   6.050  10.95  15.475  30.5
1.7         94.0  257.297872  185.074227   40.0  132.50  188.0   340.00  ...      9.509574   6.274373   3.3   4.875   7.10  12.500  29.4
1.8         77.0  191.337662  134.543342   42.0  102.00  148.0   214.00  ...     10.019481   5.741608   3.3   5.300   8.20  12.700  27.0
1.9        108.0  199.675926  133.630949   40.0  102.75  151.0   289.25  ...     10.942593   6.315642   3.1   6.675   9.40  13.925  32.4
2.0         83.0  216.204819  141.693482   58.0  121.50  149.0   282.50  ...      9.374699   4.910860   3.2   5.400   8.50  12.500  25.5
2.1         95.0  205.357895  120.765635   48.0  125.00  171.0   246.50  ...      9.266316   5.100722   3.2   5.400   8.20  11.450  25.6
2.2         77.0  212.532468  123.441824   47.0  125.00  178.0   269.00  ...     10.107792   5.500449   3.1   5.400   9.60  12.700  25.7
2.3         74.0  205.932432  115.927626   51.0  123.00  178.0   255.50  ...      9.452703   5.259596   3.4   5.100   7.40  14.100  25.8



[41 rows x 16 columns]
