________________________________
CURRENT RANKINGS
________________________________

1. 2.0
2. 1.9
3. 2.2
4. 1.6

>>> df = pd.read_csv('WR.csv')
>>> df_by_std = df[df.isin(s.index[s > 4]).values]
>>> df_by_std = df_by_std.groupby('sdPts')
>>> df_by_std.describe()
      Unnamed: 0                                                        ... Actual_Points
           count        mean         std    min     25%    50%     75%  ...          mean       std   min     25%    50%     75%   max
sdPts                                                                   ...

0.6        242.0  476.557851  260.979385   53.0  234.75  428.0  686.25  ...      7.880992  5.230263   3.1   4.000   6.20  10.175  33.5
0.7        336.0  432.636905  213.593754   32.0  266.75  389.0  579.00  ...      7.441964  5.293347   3.1   3.775   5.10   9.125  32.2
0.8        334.0  427.688623  207.239381   16.0  265.25  389.0  546.00  ...      7.664371  4.689861   3.1   4.200   6.20  10.000  30.0
0.9        351.0  394.245014  202.830337   27.0  227.00  350.0  530.50  ...      8.059544  4.847169   3.1   4.400   6.60  10.650  29.1
1.0        362.0  398.801105  207.182803   27.0  236.75  365.5  546.50  ...      8.001657  5.005476   3.1   4.300   6.20  10.300  38.3
1.1        339.0  357.300885  197.489310   12.0  202.50  313.0  504.50  ...      9.047198  6.188911   3.1   4.500   7.00  12.100  44.8
1.2        310.0  322.135484  177.644096   15.0  196.50  297.0  451.75  ...      9.110000  6.302123   3.1   4.800   6.85  11.700  38.9
1.3        295.0  298.972881  195.445504   17.0  133.50  277.0  434.00  ...     10.413220  6.972399   3.1   4.900   8.30  14.350  38.6
1.4        302.0  285.897351  215.406313   15.0   85.25  255.0  412.00  ...     10.530132  6.807387   3.1   5.100   9.25  13.650  41.0
1.5        261.0  214.931034  183.445808   23.0   65.00  144.0  318.00  ...     10.652490  6.677313   3.1   5.200   9.20  13.400  37.3
1.6        283.0  200.498233  189.392129   15.0   60.00  108.0  311.50  ...     11.273498  7.191122   3.1   5.500   9.50  15.250  44.7
1.7        250.0  173.152000  170.363187   17.0   55.00   91.0  238.75  ...     11.019200  6.604759   3.1   5.525   9.50  14.675  34.4
1.8        260.0  178.153846  166.676019   12.0   69.75  108.0  233.25  ...     11.296154  6.653839   3.1   5.775  10.25  15.300  38.8
1.9        268.0  136.742537  116.022135   19.0   63.00   92.5  164.25  ...     11.991418  7.018731   3.1   6.900  10.20  15.100  37.5
2.0        263.0  128.387833  114.104319   16.0   57.00   88.0  139.50  ...     12.109886  7.183939   3.1   6.400  10.20  16.550  35.7
2.1        245.0  144.853061  133.082938   22.0   66.00   93.0  158.00  ...     11.254286  6.626681   3.1   5.900  10.30  14.000  39.7
2.2        232.0  125.099138   99.693355   15.0   66.75   91.5  143.00  ...     11.958190  7.234048   3.1   6.300  10.30  15.525  42.0
2.3        199.0  169.306533  145.921321   16.0   73.00  103.0  220.00  ...     11.089950  7.161147   3.1   5.150   9.60  14.650  37.1


[42 rows x 16 columns]
