"playerId","player","team","position","age","exp","bye","points","lower","upper","sdPts","positionRank","dropoff","tier","ptSpread","overallECR","positionECR","sdRank","risk","sleeper","actualPoints","salary"
2495455,"Cam Newton","CAR","QB",26,4,5,25.9766666666667,22.98,28.524,3.59897670641716,1,3.575,1,5.544,NA,1.2,0.6,4.8927566574452,NA,35.14,NA
2504211,"Tom Brady","NE","QB",38,15,4,24.9366666666667,20.344,30.744,6.68162654847855,2,5.82666666666667,1,10.4,NA,2.5,1.3,8.02943756766066,NA,26.18,NA
2506363,"Aaron Rodgers","GB","QB",32,10,7,19.8666666666667,17.056,23.304,3.91461790387431,3,1.60166666666667,2,6.248,NA,4.7,1.6,5.92654833772327,NA,24.62,NA
2543583,"Devonta Freeman","ATL","RB",23,1,10,18.7133333333333,12.622,25.75,8.45641965215382,1,2.72666666666667,1,13.128,NA,4.1,2.6,8.28345998264887,NA,10.3,NA
2506109,"Ben Roethlisberger","PIT","QB",33,11,11,18.3533333333333,16.312,20.072,2.45163890761534,4,0.68333333333333,2,3.76000000000001,NA,3.3,1.6,4.69294377017931,NA,31.86,NA
2552466,"Marcus Mariota","TEN","QB",22,0,4,18.1766666666667,13.4,24.144,7.19281817741373,5,1.085,2,10.744,NA,16.2,3,9.7654671285848,NA,33.92,NA
310,"Matt Ryan","ATL","QB",30,7,10,17.1633333333333,15.708,18.404,1.74792257646994,6,0.225000000000001,2,2.696,NA,16.2,3.8,5.78836504816535,NA,12.16,NA
2533436,"Brock Osweiler","DEN","QB",25,3,7,17.02,14.54,19.5,4.3840620433566,7,0.274999999999999,2,4.96,NA,20.4,2.9,7.32032040096675,NA,7.74,NA
2532975,"Russell Wilson","SEA","QB",27,3,9,16.8566666666667,13.366,20.998,4.97367402765132,8,0.303333333333335,2,7.632,NA,10.8,3.6,8.35483655265513,NA,34.06,NA
2543477,"Blake Bortles","JAC","QB",24,1,8,16.6333333333333,14.312,18.648,2.79014933889448,9,0.213333333333331,3,4.336,NA,13.6,3,6.05307453616281,NA,32.78,NA
2553733,"Thomas Rawls","SEA","RB",22,0,9,16.57,13.476,19.364,5.20430590953299,2,1.39333333333333,1,5.888,NA,7.6,3.2,6.27952560877976,NA,15.3,NA
2505245,"Carson Palmer","ARI","QB",36,12,9,16.4733333333333,15.98,16.796,0.513939036592215,10,0.194999999999997,3,0.815999999999999,NA,5.2,2,3.36610327579023,NA,22.24,NA
2506581,"Ryan Fitzpatrick","NYJ","QB",33,10,5,16.3666666666667,15.072,16.976,1.34079578360514,11,0.274999999999999,3,1.904,NA,10.5,2.7,4.60066756464492,NA,25.8,NA
2532956,"Ryan Tannehill","MIA","QB",27,3,5,16.19,15.604,16.972,0.954515583948215,12,0.210000000000001,3,1.368,NA,13.3,4.1,5.34964462635642,NA,8.54,NA
2506340,"Alex Smith","KC","QB",31,10,9,15.9933333333333,14.904,16.92,1.26258993079041,13,0.0616666666666674,3,2.016,NA,17.7,3.7,5.30236184545827,NA,22.78,NA
2505996,"Eli Manning","NYG","QB",34,11,11,15.9666666666667,14.844,17.276,1.57281064764114,14,0.251666666666667,3,2.432,NA,11.3,3.1,5.10336120183304,NA,13.08,NA
2495143,"Andy Dalton","CIN","QB",28,4,7,15.8966666666667,12.802,18.53,3.58246190954396,15,0.441666666666665,3,5.728,NA,5.7,1.9,5.87676127695922,NA,23.9,NA
2495454,"Julio Jones","ATL","WR",26,4,10,15.7666666666667,14.46,16.86,1.56950098226581,1,0.87166666666667,1,2.4,NA,2.4,1.2,3.43352472156248,NA,9.3,NA
2506562,"Matt Cassel","DAL","QB",33,10,6,15.5333333333333,12.092,20.108,5.57861392581825,16,0.399999999999999,3,8.016,NA,29.1,1.6,7.32965330252048,NA,8.62,NA
2532899,"Doug Martin","TB","RB",26,3,6,15.4033333333333,12.008,18.64,4.217111965947,3,0.468333333333332,1,6.632,NA,6.2,2.5,5.2286546209678,NA,13,NA
2504775,"Drew Brees","NO","QB",36,14,11,15.3766666666667,13.892,16.572,1.6861296905438,17,0.546666666666669,3,2.68,NA,13.2,3.5,5.50596884498237,NA,21.48,NA
2508061,"Antonio Brown","PIT","WR",27,5,11,15.2333333333333,14.04,16.52,1.56311654502578,2,0.709999999999997,1,2.48,NA,1.6,0.9,3.36644944903395,NA,23.8,NA
497240,"Rob Gronkowski","NE","TE",26,5,4,15.2,15.2,15.2,NA,1,2.67833333333333,1,0,NA,NA,NA,NA,NA,NA,NA
2552475,"Todd Gurley","STL","RB",21,0,6,14.95,13.44,16.2,1.99185842870421,4,0.176666666666668,1,2.76,NA,8.1,3.3,4.05285404096893,NA,4.1,NA
2495979,"DeAngelo Williams","PIT","RB",32,9,11,14.92,13.728,16,1.44055544842953,5,0.574999999999999,1,2.272,NA,2.9,2.7,3.36109361207825,NA,13.5,NA
79860,"Matthew Stafford","DET","QB",27,6,9,14.89,12.842,16.458,2.3398931599541,18,0.198333333333334,3,3.616,NA,8.1,2.9,5.59664830598463,NA,16,NA
2552033,"Jameis Winston","TB","QB",21,0,6,14.77,14.098,15.33,0.807279381626956,19,0.173333333333332,3,1.232,NA,20.4,2.8,4.22756284984785,NA,17.58,NA
2553435,"David Johnson","ARI","RB",24,0,9,14.6266666666667,13.8,15.144,0.862631632467379,6,0.656666666666666,1,1.344,NA,14.6,5.4,4.30608143655686,NA,18,NA
2543499,"Derek Carr","OAK","QB",24,1,6,14.6133333333333,14.052,15.38,0.941558990894004,20,0.0666666666666664,3,1.328,NA,14.2,4.2,5.41548330009091,NA,10.32,NA
2495824,"Jay Cutler","CHI","QB",32,9,7,14.58,12.252,16.3,2.67977611005099,21,0.418333333333337,3,4.048,NA,9.6,3.1,6.03677012570284,NA,6.08,NA
2543496,"Odell Beckham","NYG","WR",23,1,11,14.5566666666667,12.576,16.68,2.58353117521994,3,0.216666666666667,1,4.104,NA,3.3,1.4,4.37934979167998,NA,20.9,NA
2506121,"Philip Rivers","SD","QB",34,11,10,14.5133333333333,12.752,15.84,2.14721525081519,22,0.835000000000001,3,3.088,NA,18.7,4.1,6.35534584320068,NA,5.08,NA
497278,"Dez Bryant","DAL","WR",27,5,6,14.49,9.036,20.74,7.51527111952723,4,0.538333333333334,1,11.704,NA,17.8,4,9.31230781063311,NA,6.2,NA
2495450,"A.J. Green","CIN","WR",27,4,7,14.19,12.316,15.78,2.25062213621034,5,0.561666666666667,1,3.464,NA,8,2.3,4.26640005139313,NA,18.8,NA
79607,"LeSean McCoy","BUF","RB",27,6,8,14.0633333333333,13.172,15.42,1.51790425697187,7,0.228333333333333,1,2.248,NA,5.3,3.2,3.66676595089803,NA,11.2,NA
2507999,"Chris Ivory","NYJ","RB",27,5,5,13.8766666666667,11.644,16.18,2.83912545220061,8,0.18,1,4.536,NA,9.8,3.1,4.55301935252549,NA,3.9,NA
2495240,"Tyrod Taylor","BUF","QB",26,4,8,13.81,11.074,15.346,3.77595021153616,23,0.456666666666665,4,4.272,NA,21.4,3,6.88431576538707,NA,29.24,NA
2552471,"T.J. Yeldon","JAC","RB",22,0,8,13.7933333333333,8.796,19.836,7.26168942694008,9,0.376666666666665,1,11.04,NA,21.8,3,7.63736836696791,NA,19.6,NA
2540165,"DeAndre Hopkins","HOU","WR",23,2,9,13.7133333333333,12.132,15.46,2.11057654050578,6,0.341666666666667,2,3.328,NA,3.7,1.3,3.9368323402011,NA,14.8,NA
949,"Jonathan Stewart","CAR","RB",28,7,5,13.6,11.86,15.06,2.25388553391693,10,0.390000000000001,1,3.2,NA,5.2,2.1,3.63652519265229,NA,14.3,NA
2532820,"Kirk Cousins","WAS","QB",27,3,8,13.5466666666667,11.772,14.7,1.87043666915866,24,0.944166666666666,4,2.928,NA,22.6,3,5.27755981372634,NA,13.36,NA
2533039,"Alshon Jeffery","CHI","WR",25,3,7,13.5433333333333,11.724,15.3,2.23911440827246,7,0.491666666666667,2,3.576,NA,6.6,2,4.19475282531772,NA,8.5,NA
2507164,"Adrian Peterson","MIN","RB",30,8,5,13.2333333333333,12.16,14.56,1.59713284774102,11,0.1325,1,2.4,NA,1.7,1.3,2.76968628189435,NA,2.4,NA
2543468,"Mike Evans","TB","WR",22,1,6,13.2,10.72,15.68,3.1,8,0.343333333333335,2,4.96,NA,16.5,4.2,5.41309970645317,NA,12.1,NA
2495466,"Mark Ingram","NO","RB",26,4,11,13.1866666666667,11.888,14.96,2.17773582726035,12,0.319166666666668,1,3.072,NA,12.9,3.9,4.48561685976229,NA,13.9,NA
2495441,"Blaine Gabbert","SF","QB",26,4,10,13.16,11.472,15.088,2.31896528650172,25,1.1275,4,3.616,NA,27.2,2.3,5.11841849052696,NA,25.34,NA
2550268,"Charcandrick West","KC","RB",24,1,9,13.015,11.817,13.313,1.32228968081884,13,0.34,1,1.496,NA,18.8,6.4,5.13356868008053,NA,4.4,NA
2532865,"T.Y. Hilton","IND","WR",26,3,10,12.9033333333333,10.022,13.222,2.06495359108464,9,0.155000000000001,3,3.2,NA,15.4,3.6,4.36668287101879,NA,3.6,NA
2540148,"Tyler Eifert","CIN","TE",25,2,7,12.9,12.9,12.9,NA,2,1.26666666666667,1,0,NA,5.9,9.9,7.92549846982912,NA,NA,NA
2543509,"Allen Robinson","JAC","WR",22,1,8,12.81,10.924,15.14,2.80487076351122,10,0.223333333333333,3,4.216,NA,8.8,2.5,4.80192243055492,NA,33.3,NA
2540156,"Giovani Bernard","CIN","RB",24,2,7,12.72,7.372,19.132,7.7025450339482,14,0.573333333333332,1,11.76,NA,22.4,3.5,8.20067836655025,NA,3.5,NA
2495448,"Randall Cobb","GB","WR",25,4,7,12.6866666666667,10.568,14.68,2.58428584590276,11,0.313333333333334,3,4.112,NA,19.8,4,4.91196495661608,NA,2.9,NA
2543603,"Jeremy Hill","CIN","RB",23,1,7,12.63,9.792,12.52,1.86405472022685,15,1.09,2,2.728,NA,22.3,4.5,4.56431454046916,NA,15.8,NA
497328,"Demaryius Thomas","DEN","WR",28,5,7,12.4866666666667,11.328,13.52,1.39661495528772,12,0.246666666666666,3,2.192,NA,15.1,3.9,3.83164463313804,NA,12.1,NA
2506106,"Larry Fitzgerald","ARI","WR",32,11,9,12.26,10.824,13.88,1.95110225257417,13,0.0733333333333324,3,3.056,NA,11,2.5,4.04003125513773,NA,5.5,NA
2495893,"Brandon Marshall","NYJ","WR",31,9,5,12.22,10.488,13.96,2.17006912332303,14,0.111666666666666,3,3.472,NA,6.7,2,4.13313777084657,NA,19.1,NA
497322,"Emmanuel Sanders","DEN","WR",28,5,7,12.1533333333333,11.468,12.78,0.829779087066753,15,0.121666666666668,3,1.312,NA,21,4.4,3.42810464983231,NA,1.9,NA
2495700,"Greg Olsen","CAR","TE",30,8,5,12.1433333333333,10.784,13.32,1.63359521710041,3,1.29833333333333,0,2.536,NA,1,0.2,3.26701396895661,NA,9.9,NA
2552487,"Amari Cooper","OAK","WR",21,0,6,12.0633333333333,9.912,13.76,2.59865991105672,16,0.105,3,3.848,NA,16.6,3.4,4.80203639435309,NA,6.9,NA
2533349,"Austin Davis","CLE","QB",26,3,11,12.045,1.338,13.818,7.87595708469771,26,0.466666666666669,4,12.48,NA,28.5,2.2,9.72738866174237,NA,3.6,NA
2501078,"Matt Hasselbeck","IND","QB",40,17,10,12.02,10.244,13.796,3.13955410846827,27,1.01,4,3.552,NA,19.8,4.2,7.26886384992277,NA,1.86,NA
2504797,"Matt Bryant","ATL","K",40,13,10,12,12,12,NA,1,0.0388888888888879,1,0,NA,NA,NA,NA,NA,NA,NA
2534797,"Greg Zuerlein","STL","K",28,3,6,12,12,12,NA,1,0.361111111111111,1,0,NA,27.2,4.2,5.14703841983037,NA,NA,NA
2550353,"Allen Hurns","JAC","WR",24,1,8,12,12,12,NA,17,0.181666666666665,3,0,NA,NA,NA,NA,NA,NA,NA
2506922,"Stephen Gostkowski","NE","K",31,9,4,11.9222222222222,11.0133333333333,12.8,1.11869633121839,3,1.01111111111111,1,1.78666666666667,NA,1.4,1.9,1.98932475887421,NA,4,NA
2495647,"Calvin Johnson","DET","WR",30,8,9,11.9166666666667,7.25,13.49,3.9052315338957,18,0.256666666666668,3,6.24,NA,6.2,2,5.68157263532755,NA,10.4,NA
100006,"Bengals","CIN","DST",NA,NA,7,11.75,11.63,11.87,0.212132034355965,1,0.85,1,0.24,NA,2.2,2.3,1.26049671062307,NA,14,NA
497302,"Brandon LaFell","NE","WR",29,5,4,11.72,10.368,12.96,1.63804761835546,19,0.173333333333334,3,2.592,NA,22,5,4.2721480532061,NA,2.7,NA
284,"Darren McFadden","DAL","RB",28,7,6,11.6633333333333,10.792,12.96,1.44015045510298,16,0.266666666666666,2,2.168,NA,11.3,3.6,3.81233818869134,NA,5.9,NA
2550256,"Willie Snead","NO","WR",23,1,11,11.6,11.6,11.6,NA,20,0.143333333333334,3,0,NA,47.2,12.3,6.5037273234174,NA,NA,NA
2543572,"Martavis Bryant","PIT","WR",24,1,11,11.4933333333333,9.704,13.16,2.17626591512465,21,0.0799999999999983,3,3.456,NA,12.5,3.6,4.46601644483283,NA,17.4,NA
2543488,"Jarvis Landry","MIA","WR",23,1,5,11.42,9.988,12.9,1.82296461841693,22,0.0750000000000028,3,2.912,NA,13.1,2.8,3.98706089728347,NA,0.5,NA
497149,"LeGarrette Blount","NE","RB",29,5,4,11.4166666666667,10.06,12.82,1.72795640377104,17,0.0916666666666668,2,2.76,NA,16.2,4.5,4.46785402849691,NA,5.4,NA
1581,"DeSean Jackson","WAS","WR",29,7,8,11.4066666666667,9.196,13.1,2.68479670242149,23,0.175000000000001,3,3.904,NA,28.3,3.8,4.96074085778716,NA,11,NA
2552631,"Javorius Allen","BAL","RB",24,0,9,11.3766666666667,10.084,12.78,1.81428590176227,18,0.140000000000002,2,2.696,NA,14.4,3.2,3.8768282495374,NA,23,NA
71309,"Graham Gano","CAR","K",28,6,5,11.3555555555556,9.65333333333333,12.8,2.04432366793012,4,1.16111111111111,0,3.14666666666667,NA,3.8,2.9,4.01477812293085,NA,5,NA
497284,"Eric Decker","NYJ","WR",28,5,5,11.2833333333333,9.48,12.64,2.19905282640807,24,0.130000000000001,3,3.16,NA,14.1,3.7,4.50681046478916,NA,10.1,NA
2540168,"Eddie Lacy","GB","RB",24,2,7,11.2733333333333,9.596,12.78,2.14572443089352,19,0.151666666666667,2,3.184,NA,13.7,4.9,4.96463038521442,NA,0.1,NA
2543638,"DeAnthony Thomas","KC","RB",22,1,9,11.2,11.2,11.2,NA,20,0.378333333333332,2,0,NA,107.3,1.2,0.845688386467165,NA,NA,NA
2543457,"Sammy Watkins","BUF","WR",22,1,8,11.18,9.212,13.18,2.48096755319371,25,0.0899999999999999,3,3.968,NA,22.7,3.2,4.65609077399294,NA,16.9,NA
2543465,"Teddy Bridgewater","MIN","QB",23,1,5,11.1366666666667,10.208,11.88,1.04548234482144,28,0.345000000000001,4,1.672,NA,28.6,2.6,4.27489124294378,NA,1.92,NA
2505587,"Anquan Boldin","SF","WR",35,12,10,11.1266666666667,9.044,12.82,2.50601941998328,26,0.133333333333333,3,3.776,NA,38.4,7.8,5.61957434835932,NA,3.7,NA
1060,"Gary Barnidge","CLE","TE",30,7,11,11.1233333333333,9.196,12.5,2.38445661175315,4,0.668333333333335,0,3.304,NA,5.2,2,4.5769863975645,NA,5.9,NA
100021,"Patriots","NE","DST",NA,NA,4,11.1,9.04,10.96,1.69705627484771,2,1.25,2,1.92,NA,3.6,1.9,1.65292484753317,NA,1,NA
2543614,"Donte Moncrief","IND","WR",22,1,10,11.0533333333333,9.288,12.84,2.2204804284959,27,0.236666666666668,3,3.552,NA,31,4.9,4.7714437168517,NA,3.3,NA
4327,"Danny Woodhead","SD","RB",30,7,10,11.0433333333333,8.364,13.22,3.10493692904274,21,0.646666666666667,2,4.856,NA,30.2,4.1,5.24311665604997,NA,3.4,NA
2506400,"Vincent Jackson","TB","WR",32,10,6,10.9333333333333,9.04,12.4,2.29419557434263,28,0.313333333333333,3,3.36,NA,32.1,3.7,4.5917145331961,NA,8.7,NA
2505982,"Matt Schaub","BAL","QB",34,11,9,10.8833333333333,8.504,12.896,2.8574872411497,29,0.335000000000001,4,4.392,NA,27.2,2.7,5.87956323872244,NA,10.32,NA
100003,"Bills","BUF","DST",NA,NA,8,10.7,7.86,9.94,1.83847763108502,3,1.85,2,2.08,NA,12.7,3,3.14328990362886,NA,4,NA
497095,"Sam Bradford","PHI","QB",28,5,8,10.7,10.02,11.3,0.818535277187245,30,0.473333333333333,5,1.28,NA,26.6,2.4,3.92999855556571,NA,12.7,NA
2532903,"Rishard Matthews","MIA","WR",26,3,5,10.7,10.7,10.7,NA,29,0.168333333333333,3,0,NA,NA,NA,NA,NA,NA,NA
2533034,"Lamar Miller","MIA","RB",24,3,5,10.6,8.86,11.74,1.99749843554382,22,0.428333333333333,2,2.88,NA,18.8,4,4.40804268874499,NA,8.8,NA
2540258,"Travis Kelce","KC","TE",26,2,9,10.5666666666667,9.12,11.92,1.76162803489651,5,0.363333333333333,0,2.8,NA,3.1,1.3,3.76635594774782,NA,1.2,NA
2530747,"Doug Baldwin","SEA","WR",27,4,9,10.54,9.196,11.82,1.64584324891528,30,0.131666666666666,3,2.624,NA,36.2,6.1,4.50415702654986,NA,21.4,NA
2532790,"Travis Benjamin","CLE","WR",26,3,11,10.5233333333333,7.756,12.98,3.33356165884679,31,0.234999999999999,3,5.224,NA,32.8,4.9,5.76474196580689,NA,0,NA
2553648,"Andrew Franks","MIA","K",22,0,5,10.4666666666667,9.24,11.6933333333333,2.16846079563875,5,0.6,0,2.45333333333333,NA,20.4,6,7.24551056832548,NA,1,NA
81294,"Brian Hoyer","HOU","QB",30,6,9,10.3966666666667,6.366,14.462,5.06055662287592,31,4.77133333333333,5,8.096,NA,23.9,2.9,7.8907501920627,NA,22.22,NA
2495353,"Julius Thomas","JAC","TE",27,4,8,10.3433333333333,8.464,12.12,2.29578599467227,6,0.391666666666666,0,3.656,NA,7.4,2,4.49625747917909,NA,7.5,NA
2543498,"Brandin Cooks","NO","WR",22,1,11,10.2933333333333,8.096,12.096,2.64199419630955,32,0.0400000000000009,3,4,NA,27.3,4.4,5.04530027370744,NA,16.4,NA
2543847,"John Brown","ARI","WR",25,1,9,10.2833333333333,9.4,11.44,1.40564338768172,33,0.126666666666669,3,2.04,NA,29.6,4,3.86016077739536,NA,11.3,NA
2532977,"Kendall Wright","TEN","WR",26,3,4,10.2233333333333,7.616,12.52,3.13793456485844,34,0.188333333333333,3,4.904,NA,42.8,4.6,5.52878917162931,NA,2.8,NA
2540269,"C.J. Anderson","DEN","RB",24,2,7,10.1933333333333,5.276,12.556,4.55105848493879,23,0.126666666666669,2,7.28,NA,17.1,4.9,6.669425568282,NA,5.4,NA
2495461,"Shaun Draughn","CLE","RB",28,4,11,10.15,8.04,11.76,2.41402154091466,24,0.173333333333334,2,3.72,NA,23.8,3.5,4.45240508147346,NA,14.6,NA
2530660,"Kamar Aiken","BAL","WR",26,4,9,10.09,9.842,10.338,0.43840620433566,35,0.123333333333333,3,0.496000000000002,NA,29.7,4.8,3.16068610426634,NA,4.8,NA
2495966,"Delanie Walker","TEN","TE",31,9,4,10.0633333333333,6.712,12.48,4.13413029951081,7,0.476666666666668,0,5.768,NA,3.6,1.3,5.92636732462293,NA,15.2,NA
2532842,"Nick Foles","STL","QB",26,3,6,10.0566666666667,8.65,11.386,1.73050089087909,32,9.31166666666667,5,2.736,NA,32.5,4.1,6.00396640501815,NA,2.64,NA
234,"Matt Forte","CHI","RB",30,7,7,9.98333333333333,7.99,12.31,2.79478681357511,25,0.0166666666666675,2,4.32,NA,15.1,4.8,5.3744871283571,NA,18.3,NA
2649,"Danny Amendola","NE","WR",30,7,4,9.98,4.848,12.448,4.75911756526354,36,0.0316666666666663,3,7.6,NA,23.3,7.1,7.48699280248831,NA,12.2,NA
2506404,"Frank Gore","IND","RB",32,10,10,9.97,7.482,12.522,3.23290890685154,26,0.0933333333333337,2,5.04,NA,27.5,3.6,5.08296667698992,NA,15.4,NA
2495207,"DeMarco Murray","PHI","RB",27,4,8,9.96333333333333,7.838,12.718,3.0901510211207,27,0.211666666666666,2,4.88,NA,16.1,4.6,5.48348795256437,NA,2.4,NA
80429,"Jeremy Maclin","KC","WR",27,6,9,9.95333333333333,8.052,11.732,2.3152825601497,37,0.0316666666666663,3,3.68,NA,20.8,3.3,4.5286950810685,NA,18.5,NA
71269,"Michael Crabtree","OAK","WR",28,6,6,9.94333333333333,7.684,12.06,2.75238684296618,38,0.0583333333333336,3,4.376,NA,23.1,4,5.06197595444602,NA,10.5,NA
2507463,"Connor Barth","TB","K",29,7,6,9.92222222222222,8.41333333333333,11.5333333333333,1.96251916716283,6,0.116666666666667,0,3.12,NA,18.6,4.7,5.7198264950906,NA,5,NA
2495158,"Leonard Hankerson","ATL","WR",27,4,10,9.9,9.9,9.9,NA,39,0.0666666666666682,3,0,NA,NA,NA,NA,NA,NA,NA
2539336,"Tavon Austin","STL","WR",24,2,6,9.87,5.502,11.982,4.21778377824184,40,0.271666666666667,3,6.48,NA,40.6,5.3,6.63564670468664,NA,2.4,NA
1062,"Martellus Bennett","CHI","TE",28,7,7,9.84,7.116,11.9,3.31764977054541,8,0.551666666666666,0,4.784,NA,12.8,3.7,6.01816237567528,NA,1.4,NA
2503471,"Adam Vinatieri","IND","K",43,19,10,9.81111111111111,8.14666666666667,11.5333333333333,2.12035985764821,7,0.0833333333333339,0,3.38666666666667,NA,13.5,3.3,4.49828662810314,NA,4,NA
2550636,"Cairo Santos","KC","K",24,1,9,9.8,8.68,11.3466666666667,1.90554745706086,8,0.177777777777777,0,2.66666666666667,NA,4.1,3.5,4.45931784585525,NA,2,NA
497326,"Golden Tate","DET","WR",27,5,9,9.79666666666667,5.778,11.538,3.66715602795045,41,0.414999999999999,4,5.76,NA,33,5.8,6.24657062097719,NA,6.3,NA
2550474,"Antonio Andrews","TEN","RB",23,1,4,9.79,7.912,11.368,3.05470129472589,28,0.333333333333334,2,3.456,NA,30.9,3.8,5.05700130442838,NA,12.8,NA
2533437,"Ronnie Hillman","DEN","RB",24,3,7,9.71333333333333,6.968,12.808,3.72753716726384,29,0.525,2,5.84,NA,25.5,3.7,5.48370765352233,NA,5.6,NA
2506386,"Mike Nugent","CIN","K",33,10,7,9.65555555555556,7.77333333333333,11.5333333333333,2.35001970046904,9,0.122222222222222,0,3.76,NA,10.2,3.7,5.15236671739209,NA,15,NA
2536340,"Justin Tucker","BAL","K",26,3,9,9.58888888888889,8.21333333333333,11.3333333333333,2.10721863373746,10,0.161111111111111,0,3.12,NA,9.6,4,5.18209250821563,NA,7,NA
2507401,"Dan Carpenter","BUF","K",30,7,8,9.47777777777778,7.94666666666667,11.3333333333333,2.2301801953438,11,0.166666666666668,0,3.38666666666667,NA,16,3.9,5.21884834528569,NA,6,NA
1990,"Eddie Royal","CHI","WR",29,7,7,9.4,9.4,9.4,NA,42,0.360000000000001,4,0,NA,76.7,13.6,7.03566903070517,NA,NA,NA
2507374,"Steven Hauschka","SEA","K",NA,NA,9,9.37777777777778,7.70666666666667,11.3333333333333,2.34883737986201,12,0.15,0,3.62666666666667,NA,6.2,4.2,5.64990886069415,NA,8,NA
2543500,"Jordan Matthews","PHI","WR",23,1,8,9.36333333333333,5.918,10.718,3.19625301459902,43,0.861666666666666,4,4.8,NA,36.5,5.8,5.82634330437583,NA,9.6,NA
2495573,"Scott Chandler","NE","TE",30,8,4,9.33333333333333,8.12,10.36,1.45716619962629,9,0.168333333333335,0,2.24,NA,8.2,2.2,3.80234355144356,NA,12.1,NA
2550325,"Chandler Catanzaro","ARI","K",24,1,9,9.24444444444444,6.94666666666667,11.48,2.83653413974271,13,0.0833333333333321,0,4.53333333333333,NA,5.3,2.4,4.39553122978649,NA,9,NA
2540160,"Jordan Reed","WAS","TE",25,2,8,9.24333333333333,7.964,10.82,1.89753348674887,10,0.705,0,2.856,NA,5.1,1.8,4.06407838436912,NA,3.3,NA
2495150,"Kai Forbath","NO","K",28,4,11,9.21111111111111,7.30666666666667,11.3333333333333,2.56045424210743,14,0.111111111111111,0,4.02666666666667,NA,21.3,6.7,8.37914602293056,NA,4,NA
497176,"Toby Gerhart","JAC","RB",28,5,8,9.2,9.2,9.2,NA,30,0.0316666666666663,3,0,NA,NA,NA,NA,NA,NA,NA
2541161,"Latavius Murray","OAK","RB",25,2,6,9.17666666666667,7.4,10.384,1.93070798758728,31,0.126666666666667,3,2.984,NA,22.3,3.2,3.95934311302731,NA,15.7,NA
2552379,"Jeremy Langford","CHI","RB",24,0,7,9.16,4.322,10.098,5.10531096016687,32,0.338333333333335,3,5.776,NA,26.5,4.2,6.71106413245162,NA,6.8,NA
89802,"Ryan Succop","TEN","K",29,6,4,9.11111111111111,7.06666666666667,11.3333333333333,2.69430125621825,15,0.166666666666668,0,4.26666666666667,NA,20.3,4.7,6.5323395921129,NA,6,NA
2500351,"Phil Dawson","SF","K",40,17,10,9.08888888888889,7.01333333333333,11.3333333333333,2.72464744576316,16,0.322222222222223,0,4.32,NA,26.5,4.8,6.66580458655595,NA,2,NA
2505299,"Antonio Gates","SD","TE",35,12,10,9.08666666666667,7.268,10.82,2.22767442265097,11,1.59,0,3.552,NA,6.6,1.6,4.29505487384269,NA,5,NA
100017,"Rams","STL","DST",NA,NA,6,9,8.52,9.48,0.848528137423857,4,0.324999999999999,2,0.960000000000001,NA,18,3.5,3.17956468729176,NA,2,NA
2540204,"Spencer Ware","KC","RB",24,2,9,8.94,8.94,8.94,NA,33,0.361666666666666,3,0,NA,33,6.9,6.56508888244714,NA,8.5,NA
2539227,"Dustin Hopkins","WAS","K",25,2,8,8.8,6.28,11.88,3.70405183549043,17,0.0833333333333339,0,5.6,NA,19.9,6.2,9.15005166654677,NA,12,NA
2506264,"Robbie Gould","CHI","K",33,10,7,8.73333333333333,6.64,11.1733333333333,2.93105972493075,18,0.0916666666666668,0,4.53333333333333,NA,11.8,3,5.09911086047914,NA,11,NA
2507183,"James Jones","GB","WR",31,8,7,8.71666666666667,6.13,11.33,3.25051278005999,44,0.611666666666666,4,5.2,NA,40.6,6,5.9156825592331,NA,1.9,NA
2495473,"Shane Vereen","NYG","RB",26,4,11,8.70333333333333,4.182,14.502,6.85879241071877,34,0.375,3,10.32,NA,41.8,2.9,7.30164246930597,NA,2,NA
100012,"Titans","TEN","DST",NA,NA,4,8.7,4.3,13.1,7.77817459305202,5,0.0999999999999979,2,8.8,NA,13.9,4.1,8.16005628981782,NA,6,NA
2541556,"Brandon McManus","DEN","K",24,1,7,8.7,6.62,11.1533333333333,2.94637253433966,19,0.183333333333334,0,4.53333333333333,NA,6.9,3.2,5.3156549554572,NA,5,NA
100027,"Steelers","PIT","DST",NA,NA,11,8.65,5.15,7.95,2.47487373415292,6,0.199999999999999,3,2.8,NA,15.9,3.9,4.67935189823659,NA,15,NA
2532968,"Blair Walsh","MIN","K",25,3,5,8.58333333333333,8,9,0.721687836487032,20,0.136111111111109,0,1,NA,12.9,3.8,3.44416646422892,NA,1,NA
100024,"Jets","NYJ","DST",NA,NA,5,8.55,6.95,8.15,1.06066017177982,7,0.449999999999999,3,1.2,NA,11.5,3.3,3.05324204872608,NA,9,NA
2552461,"Duke Johnson","CLE","RB",22,0,11,8.45333333333333,6.312,11.272,3.42936340059395,35,0.491666666666665,3,4.96,NA,36.1,4.1,5.47305589672632,NA,3.2,NA
2504257,"Sebastian Janikowski","OAK","K",37,15,6,8.45,7.68,9,0.952627944162883,21,0.0777777777777775,0,1.32,NA,14.9,3.8,3.70058413954613,NA,2,NA
2533444,"Randy Bullock","NYJ","K",26,3,5,8.44444444444444,6.46666666666667,11,3.09719108105919,22,0.200000000000001,0,4.53333333333333,NA,19.6,5.6,7.87761548511158,NA,11,NA
100004,"Panthers","CAR","DST",NA,NA,5,8.35,4.95,7.75,2.47487373415292,8,0.525000000000001,3,2.8,NA,5.2,2.4,2.76432198793182,NA,2,NA
2505459,"Josh Brown","NYG","K",36,12,11,8.3,7.92,8.8,0.608276253029822,23,0.16111111111111,0,0.880000000000001,NA,7.5,3,2.52007535155801,NA,8,NA
2532884,"Marvin Jones","CIN","WR",25,3,7,8.28666666666667,6.568,10.52,2.70971093169241,45,0.470000000000001,4,3.952,NA,40.6,5,5.22848552758031,NA,11.5,NA
2552635,"Matt Jones","WAS","RB",23,0,8,8.20333333333333,3.692,12.772,5.70228316846273,36,0.613333333333335,3,9.08,NA,37.5,4.1,7.0840016467543,NA,5.4,NA
2506677,"Matt Prater","DET","K",31,9,9,8.18888888888889,6.25333333333333,10.8666666666667,3.30089774545137,24,0.16111111111111,0,4.61333333333333,NA,16.3,4,6.50745961737979,NA,14,NA
2495259,"Dan Bailey","DAL","K",27,4,6,8.08888888888889,6.01333333333333,10.8666666666667,3.39302116005671,25,0.380555555555555,0,4.85333333333333,NA,19,4.3,6.90905912808476,NA,15,NA
2506122,"Benjamin Watson","NO","TE",35,11,11,7.99,4.574,9.614,3.41398594021709,12,1.035,0,5.04,NA,11.1,2.6,5.72309399138248,NA,9.8,NA
2507232,"Mason Crosby","GB","K",31,8,7,7.96666666666667,7.12,8.8,1.05039675043925,26,0.616666666666667,0,1.68,NA,7.4,2.7,2.7116581310574,NA,3,NA
2552608,"Stefon Diggs","MIN","WR",22,0,5,7.92333333333333,5.474,10.594,3.23568127808246,46,0.36,4,5.12,NA,38.2,4.3,5.5546390932351,NA,2.2,NA
100009,"Broncos","DEN","DST",NA,NA,7,7.85,5.55,8.35,2.47487373415292,9,0.0999999999999996,3,2.8,NA,4.4,1.9,2.1259786844969,NA,23,NA
100008,"Cowboys","DAL","DST",NA,NA,6,7.8,1.58,7.82,5.51543289325507,10,0.175000000000001,3,6.24,NA,20.5,4.3,7.03923699457002,NA,9,NA
2533457,"Alfred Morris","WAS","RB",27,3,8,7.72,5.992,9.912,2.51579013433156,37,0.294999999999999,3,3.92,NA,33.3,4.5,5.02623599072746,NA,1.2,NA
2506313,"Nate Washington","HOU","WR",32,10,9,7.71,2.806,10.406,4.76815477936696,47,0.355,4,7.6,NA,51,4.9,7.04495296543596,NA,4.4,NA
100026,"Cardinals","ARI","DST",NA,NA,9,7.7,8.18,11.22,2.68700576850888,11,0.25,4,3.04,NA,2.6,2.8,3.40401131348805,NA,9,NA
100020,"Vikings","MIN","DST",NA,NA,5,7.55,6.75,11.15,3.88908729652601,12,0.325,4,4.4,NA,13.9,3.8,5.41178112293821,NA,0,NA
2506467,"Darren Sproles","PHI","RB",32,10,8,7.46,4.416,11.376,4.74202488394989,38,0.165000000000001,3,6.96,NA,41.2,3.5,6.10239165140418,NA,10,NA
2553833,"Josh Lambo","SD","K",25,0,10,7.45,7.01,7.89,0.777817459305202,27,0.219444444444445,0,0.879999999999999,NA,21.3,4.6,4.30465620712264,NA,5,NA
2346,"Pierre Garcon","WAS","WR",29,7,8,7.41666666666667,4.51,10.67,3.92247795829796,48,0.24,4,6.16,NA,53.9,4.6,6.22890481250413,NA,5.4,NA
2552374,"Ameer Abdullah","DET","RB",22,0,9,7.39,5.214,9.614,2.75196293579692,39,0.253333333333334,3,4.4,NA,35.5,3.8,4.84243364586806,NA,6.7,NA
100030,"Seahawks","SEA","DST",NA,NA,9,7.35,5.49,7.81,2.05060966544099,13,0.275,5,2.32,NA,6.6,3,3.27230458643715,NA,10,NA
2543495,"Davante Adams","GB","WR",23,1,7,7.29333333333333,5.656,9.336,2.4617338063514,49,0.234999999999999,4,3.68,NA,43.3,6.4,5.29362433102004,NA,8.1,NA
2553112,"Jason Myers","JAC","K",NA,NA,8,7.25,6.65,7.85,1.06066017177982,28,2.29444444444444,0,1.2,NA,17.3,4.7,4.7184734196663,NA,3,NA
2550551,"Travis Coons","CLE","K",23,1,11,7.21111111111111,4.50666666666667,10.6666666666667,4.17935844802011,29,4.81111111111111,0,6.16,NA,29.6,3.3,6.7844362161411,NA,4,NA
497188,"Ryan Mathews","PHI","RB",28,5,8,7.2,7.2,7.2,NA,40,0.43,3,0,NA,NA,NA,NA,NA,NA,NA
100031,"Buccaneers","TB","DST",NA,NA,6,7.1,3.58,6.62,2.68700576850888,14,0.0749999999999993,5,3.04,NA,16.9,3.6,4.42536059898393,NA,9,NA
497204,"C.J. Spiller","NO","RB",28,5,11,7.07333333333333,3.304,11.384,5.18421964555258,41,0.611666666666667,3,8.08,NA,53.2,4.3,6.81716132434201,NA,0,NA
2533533,"Rueben Randle","NYG","WR",24,3,11,7.06,4.496,9.856,3.38744741656605,50,0.121666666666666,4,5.36,NA,48.8,3.6,5.54685801483164,NA,2.2,NA
2495821,"Marques Colston","NO","WR",32,9,11,7.05666666666667,4.394,10.154,3.72097209521025,51,0.306666666666668,4,5.76,NA,67.5,7.9,6.72424055796362,NA,1.4,NA
100011,"Packers","GB","DST",NA,NA,7,7.05,5.53,11.37,5.1618795026618,15,0.124999999999999,5,5.84,NA,11.7,4.1,6.5688752018489,NA,5,NA
2505629,"Jason Witten","DAL","TE",33,12,6,7.00333333333333,4.422,10.262,3.93357767602641,13,0.175,0,5.84,NA,13.8,3.6,6.54412744437067,NA,4.6,NA
100001,"Falcons","ATL","DST",NA,NA,10,7,1.8,6.6,4.24264068711928,16,0.15,5,4.8,NA,22.5,4.6,6.64815487978123,NA,5,NA
2543466,"Eric Ebron","DET","TE",22,1,9,6.90666666666667,4.504,9.464,3.11803356834613,14,0.156666666666668,0,4.96,NA,19.5,3.4,5.73203107133807,NA,6.9,NA
100002,"Ravens","BAL","DST",NA,NA,9,6.85,4.77,7.73,2.61629509039023,17,0.0250000000000004,5,2.96,NA,18.8,3.6,4.38235570471449,NA,7,NA
100019,"Dolphins","MIA","DST",NA,NA,5,6.85,5.41,7.09,1.48492424049175,18,0.0749999999999993,5,1.68,NA,14,4.4,4.71562668189949,NA,17,NA
768,"Steve Johnson","SD","WR",29,7,10,6.82,5.508,8.26,1.7421825392306,52,0.195000000000001,4,2.752,NA,30.2,4.7,4.30369872270054,NA,NA,NA
100032,"Redskins","WAS","DST",NA,NA,8,6.8,1.66,10.14,7.4953318805774,19,0.175000000000001,5,8.48,NA,16.5,5.2,9.39239198029693,NA,11,NA
100016,"Chiefs","KC","DST",NA,NA,9,6.75,5.67,6.23,0.494974746830584,20,0.275,5,0.56,NA,8.1,3.2,2.58153423388365,NA,20,NA
238457,"Zach Miller","CHI","TE",31,6,7,6.75,0.675000000000001,6.075,4.7729707730092,15,0.0783333333333331,0,5.4,NA,20.4,6.4,8.28268077057044,NA,0.6,NA
238457,"Zach Miller","CHI","TE",31,6,7,6.75,0.675000000000001,6.075,4.7729707730092,15,0.248333333333333,0,5.4,NA,26,2,6.75157558092999,NA,0.6,NA
2539205,"Terrance Williams","DAL","WR",26,2,6,6.68,4.468,9.028,2.86517015201541,53,0.191666666666666,4,4.56,NA,56.1,5.2,5.40813377208606,NA,6.3,NA
2543683,"Austin Seferian-Jenkins","TB","TE",23,1,6,6.59333333333333,1.976,11.016,5.66569795641573,16,0.191666666666666,0,9.04,NA,24.3,7.2,9.37383446256186,NA,3.1,NA
2495159,"Dwayne Harris","NYG","WR",28,4,11,6.57,1.622,9.382,4.95294861673327,54,0.191666666666666,4,7.76,NA,63.8,6.4,7.51674986889609,NA,0.8,NA
100015,"Jaguars","JAC","DST",NA,NA,8,6.5,1.6,9.6,7.07106781186548,21,0.0750000000000002,5,8,NA,19.5,4.1,7.73000734712352,NA,4,NA
71345,"Rashad Jennings","NYG","RB",30,6,11,6.46666666666667,4.68,8.2,2.20302821891444,42,0.119999999999999,4,3.52,NA,42.7,3.1,4.10218155831344,NA,3.3,NA
2543600,"Alfred Blue","HOU","RB",24,1,9,6.45666666666667,5.08,7.456,1.48581066537205,43,0.326666666666666,4,2.376,NA,29.3,3.1,3.59384924229511,NA,1.4,NA
100028,"Chargers","SD","DST",NA,NA,10,6.45,5.05,7.05,1.76776695296637,22,0.249999999999999,5,2,NA,25.1,5.7,6.54733884790801,NA,7,NA
2495139,"Charles Clay","BUF","TE",26,4,8,6.41,4.246,9.046,3.16927436489806,17,0.373333333333334,0,4.8,NA,20.8,3.8,5.91787391601415,NA,12.6,NA
2495459,"Torrey Smith","SF","WR",26,4,10,6.40666666666667,4.104,8.664,2.85168955767162,55,0.14,4,4.56,NA,66.4,8.9,6.15309784476404,NA,13.6,NA
100013,"Texans","HOU","DST",NA,NA,9,6.4,6.64,10.16,3.11126983722081,23,0.45,5,3.52,NA,9,3.5,4.55572130391352,NA,1,NA
2550313,"Richard Rodgers","GB","TE",23,1,7,6.39333333333333,4.096,9.456,3.73739659834668,18,0.830000000000001,0,5.36,NA,16.8,3.5,6.33071929136131,NA,20.6,NA
2550328,"Brandon Coleman","NO","WR",23,1,11,6.35,4.15,8.55,3.88908729652601,56,0.18,4,4.4,NA,84.5,16.4,8.61330442837365,NA,13.3,NA
497145,"Joique Bell","DET","RB",29,5,9,6.23666666666667,3.342,9.502,3.86769095628559,44,0.305000000000001,4,6.16,NA,47.3,4.2,5.83389340536009,NA,3,NA
2552458,"Devin Funchess","CAR","WR",21,0,5,6.18333333333333,4.88,7.96,2.18078731960119,57,0.0399999999999991,4,3.08,NA,45,6.2,5.00199299075314,NA,7.3,NA
2540169,"Robert Woods","BUF","WR",23,2,8,6.15666666666667,3.914,8.954,3.37114718357614,58,0.0483333333333338,4,5.04,NA,66.7,6.3,6.08471291675528,NA,7.9,NA
222,"Harry Douglas","TEN","WR",31,7,4,6.13,3.618,9.458,4.05508322972538,59,0.123333333333334,4,5.84,NA,72.6,6.4,6.71550725299889,NA,0.8,NA
2507763,"Mike Wallace","MIN","WR",29,6,5,6.08666666666667,3.312,9.632,4.28795211416048,60,0.165,4,6.32,NA,74.3,8.3,7.31204284728775,NA,4.3,NA
2543770,"Charles Sims","TB","RB",25,1,6,6.02333333333333,4.34,7.196,1.80100897647217,45,0.255,4,2.856,NA,38.4,3.3,3.91758832753962,NA,7.7,NA
100007,"Browns","CLE","DST",NA,NA,11,6,1.1,5.1,3.53553390593274,24,0.149999999999999,6,4,NA,25.9,4.9,6.60111191914789,NA,-3,NA
2532841,"Michael Floyd","ARI","WR",26,3,9,5.92666666666667,4.12,6.904,1.7788010943704,61,0.0508333333333333,5,2.784,NA,39.3,4.8,4.35683590975742,NA,10.4,NA
2540202,"Kenny Stills","MIA","WR",23,2,5,5.91666666666667,3.39,8.83,3.50154727703816,62,0.162500000000001,5,5.44,NA,63.8,7.3,6.40567311555148,NA,0,NA
100010,"Lions","DET","DST",NA,NA,9,5.9,1.12,5.28,3.67695526217005,25,0.2,6,4.16,NA,22.7,4.7,6.43178438631278,NA,5,NA
2550189,"Isaiah Crowell","CLE","RB",22,1,11,5.84,4.6,6.456,1.25729869164014,46,0.303333333333334,4,1.856,NA,47.3,3.8,3.78308124554077,NA,6.4,NA
2552415,"Jamison Crowder","WAS","WR",22,0,8,5.835,5.103,5.367,0.233345237791561,63,0.236666666666666,5,0.264,NA,58.4,7.1,3.4482563603774,NA,2.9,NA
100029,"49ers","SF","DST",NA,NA,10,5.8,5.64,5.96,0.282842712474619,26,0.200000000000001,7,0.32,NA,25.7,4.4,3.98454347931917,NA,13,NA
497206,"James Starks","GB","RB",29,5,7,5.69666666666667,4.86,6.372,0.948700866097071,47,0.336666666666666,4,1.512,NA,39.2,3.9,3.61453083406493,NA,6,NA
2532838,"Coby Fleener","IND","TE",27,3,10,5.68,4.288,6.688,1.50039994668088,19,0.246666666666666,0,2.4,NA,21.6,4.1,4.50286416861032,NA,2,NA
2552491,"Dorial Green-Beckham","TEN","WR",22,0,4,5.67333333333333,3.744,7.984,2.77563206015014,64,0.16,5,4.24,NA,59.7,7.1,5.71695785325459,NA,17.9,NA
100005,"Bears","CHI","DST",NA,NA,7,5.6,4.6,9.4,4.24264068711928,27,0.0999999999999996,7,4.8,NA,10.3,4,5.88214291565933,NA,4,NA
100014,"Colts","IND","DST",NA,NA,10,5.6,4.68,5.32,0.565685424949239,27,0.274999999999999,8,0.64,NA,27.1,5.2,5.17791234189277,NA,0,NA
2507166,"Ted Ginn","CAR","WR",30,8,5,5.52333333333333,4.76,5.776,0.663802179367719,65,0.295,5,1.016,NA,45.9,5.7,3.545960013529,NA,20,NA
2532887,"Jermaine Kearse","SEA","WR",25,3,9,5.50333333333333,4.28,6.368,1.40571452768097,66,0.581666666666666,5,2.088,NA,59.7,5.2,4.10573581895356,NA,0,NA
2543794,"Crockett Gillmore","BAL","TE",24,1,9,5.44666666666667,2.04,7.832,3.62029464730888,20,0.0833333333333339,0,5.792,NA,14.3,3.6,6.25890330936999,NA,0.7,NA
2495826,"Vernon Davis","DEN","TE",31,9,7,5.42,3.272,7.992,3.08953070869995,21,0.361666666666666,0,4.72,NA,23.7,3.8,5.84527242382989,NA,2.5,NA
100023,"Giants","NYG","DST",NA,NA,11,5.4,-1.58,4.98,5.79827560572969,29,1,8,6.56,NA,22,3.8,6.57291326821282,NA,5,NA
2507428,"Mike Tolbert","CAR","RB",30,7,5,5.37666666666667,2.506,8.106,3.54452159442333,48,0.0499999999999998,4,5.6,NA,57.8,4.5,5.75535568821191,NA,11.1,NA
2552376,"David Cobb","TEN","RB",22,0,4,5.34333333333333,2.164,9.82,5.34234343086752,49,0.0458333333333334,4,7.656,NA,56.7,4.4,6.9794027015103,NA,4,NA
2540020,"Theo Riddick","DET","RB",24,2,9,5.31,4.06,6.324,1.45886942527424,50,0.160833333333334,4,2.264,NA,36.2,4.2,4.12662645171958,NA,3.1,NA
2532853,"Ladarius Green","SD","TE",25,3,10,5.30666666666667,2.724,8.564,3.93142891749722,22,0.529999999999999,0,5.84,NA,30.7,5.2,7.09893666084196,NA,2.1,NA
2495161,"Roy Helu","OAK","RB",27,4,6,5.285,4.303,5.367,0.940452018978108,51,0.328333333333333,4,1.064,NA,80.7,9.1,6.21753376239583,NA,1.5,NA
100018,"Raiders","OAK","DST",NA,NA,6,5.25,0.210000000000001,5.09,4.31335136523794,30,2.55,8,4.88,NA,25.2,4.3,6.30815379198971,NA,8,NA
2543773,"James White","NE","RB",23,1,4,5.01333333333333,4.04,5.592,1.06702077455565,52,0.258333333333333,5,1.552,NA,46.3,5.3,4.40077330797304,NA,17.9,NA
2505551,"Andre Johnson","IND","WR",34,12,10,4.95333333333333,2.652,7.452,3.03026951496617,67,0.0750000000000002,5,4.8,NA,72.6,7.6,6.04648926769296,NA,4.4,NA
2534571,"Bobby Rainey","TB","RB",28,3,6,4.9,1.06,8.74,6.78822509939086,53,0.390000000000001,5,7.68,NA,90.8,9.6,10.6130295028327,NA,NA,NA
2550183,"Jeremy Butler","BAL","WR",24,1,9,4.89,0.489,4.401,3.45775216000222,68,0.136666666666667,6,3.912,NA,88.7,13.7,7.67598593243342,NA,4.3,NA
2533040,"Mohamed Sanu","CIN","WR",26,3,7,4.86666666666667,2.98,6.26,2.05993527406405,69,0.234999999999999,6,3.28,NA,79.4,9.6,5.589762380574,NA,0,NA
2552633,"Jesse James","PIT","TE",21,0,11,4.81,0.481,4.329,3.40118361750729,23,0.156666666666666,0,3.848,NA,30.4,9,7.93850039043849,NA,3,NA
2495825,"Owen Daniels","DEN","TE",33,9,7,4.74333333333333,2.626,7.506,3.35479259170121,24,0.203333333333333,0,4.88,NA,26.3,5,6.50435052355952,NA,1.3,NA
80427,"Darrius Heyward-Bey","PIT","WR",28,6,11,4.64,3.832,4.248,0.367695526217004,70,0.086666666666666,6,0.416,NA,120.6,4.4,3.01574769029725,NA,2.1,NA
2535698,"Cole Beasley","DAL","WR",26,3,6,4.62333333333333,2.674,6.914,2.75111492550445,71,0.145,6,4.24,NA,76.3,8.5,5.98150925248414,NA,0,NA
2540178,"Knile Davis","KC","RB",24,2,9,4.61,1.018,8.202,6.3498188950552,54,0.255,5,7.184,NA,69.7,6.9,8.94771157697103,NA,NA,NA
2533046,"Dwayne Allen","IND","TE",25,3,10,4.56333333333333,1.918,7.598,3.64870296589532,25,0.0483333333333338,0,5.68,NA,34.1,6.7,7.36350046596623,NA,0.6,NA
2540158,"Zach Ertz","PHI","TE",25,2,8,4.51666666666667,3.74,5.06,0.828150549920323,26,0.00499999999999989,0,1.32,NA,21.5,4.1,3.89082414371437,NA,6.9,NA
2539995,"Mychal Rivera","OAK","TE",25,2,6,4.51333333333333,2.528,7.248,3.36667986796092,27,0.0133333333333336,0,4.72,NA,34.9,2.8,5.74962053251252,NA,1.3,NA
2495267,"Jordan Cameron","MIA","TE",27,4,5,4.51,3.626,5.066,0.9134002408583,28,0.289999999999999,0,1.44,NA,26.6,4.7,4.17722559923739,NA,0.4,NA
2495438,"Kyle Rudolph","MIN","TE",26,4,5,4.49,4.034,4.354,0.200748598998848,29,0.575,0,0.32,NA,14.2,4,3.28481700100516,NA,1.3,NA
2552409,"DeVante Parker","MIA","WR",22,0,5,4.48333333333333,2.07,6.47,2.75060599383724,72,0.0250000000000004,6,4.4,NA,NA,NA,7.0132893834264,NA,12.3,NA
81831,"Brian Hartline","CLE","WR",29,6,11,4.47333333333333,3.06,5.396,1.47313724185268,73,0.0666666666666664,6,2.336,NA,60,8.3,4.80014110322998,NA,8.3,NA
71217,"Kenny Britt","STL","WR",27,6,6,4.44333333333333,3.26,5.364,1.34819632596048,74,0.119999999999999,6,2.104,NA,75,7.6,4.54543048806811,NA,4.1,NA
2552469,"Melvin Gordon","SD","RB",22,0,10,4.41,3.06,5.884,1.78530109505372,55,0.18,5,2.824,NA,35.1,3.7,4.1071359899252,NA,3.3,NA
2532900,"Keshawn Martin","NE","WR",25,3,4,4.37,0.7,4.892,2.66880747401032,76,0.106666666666667,6,4.192,NA,62.2,9,6.01035570673614,NA,4.5,NA
2495328,"Bilal Powell","NYJ","RB",27,4,5,4.3,3.1,5.34,1.4422205101856,56,0.148333333333333,5,2.24,NA,48.1,4.2,4.11482643159402,NA,16.8,NA
2552430,"Tyler Lockett","SEA","WR",23,0,9,4.27666666666667,2.1,5.484,2.26111329511224,77,0.0549999999999988,6,3.384,NA,56.5,6.9,5.21688985203124,NA,9,NA
2532933,"Brian Quick","STL","WR",26,3,6,4.25,1.27,7.99,4.51082032450861,78,0.114999999999999,6,6.72,NA,86.1,12.1,8.28838061100263,NA,1.4,NA
2543475,"Marqise Lee","JAC","WR",24,1,8,4.19333333333333,3.544,4.6,0.666433292485702,79,0.155,6,1.056,NA,73.9,9.2,4.26438335757095,NA,1.7,NA
2552453,"Tevin Coleman","ATL","RB",22,0,10,4.16,1.696,7.376,3.56522089077241,57,0.103333333333333,5,5.68,NA,46.6,6.1,6.57274931739143,NA,1.7,NA
2495470,"Stevan Ridley","NYJ","RB",26,4,5,4.14333333333333,0.626,8.626,5.26741239446214,58,0.243333333333333,5,8,NA,71,7.6,8.53174062564475,NA,0.4,NA
2539291,"Markus Wheaton","PIT","WR",24,2,11,4.07666666666667,2.06,6.004,2.55511904484573,80,0.140000000000001,6,3.944,NA,59,7.7,5.64293087602711,NA,11,NA
2508097,"Andrew Hawkins","CLE","WR",29,4,11,4,4,4,NA,81,0.13,6,0,NA,NA,NA,NA,NA,NA,NA
2543664,"Terrance West","BAL","RB",24,1,9,3.97,0.38,5.212,3.08845160773701,59,0.1625,5,4.832,NA,53.5,5.9,6.13449582022333,NA,3.6,NA
324,"Jacob Tamme","ATL","TE",30,7,10,3.95,1.64,5.36,2.56466372064643,31,0.257499999999999,0,3.72,NA,12.4,3.3,5.19342541759605,NA,2.6,NA
2495187,"Lance Kendricks","STL","TE",27,4,6,3.88,1.656,3.704,1.81019335983756,32,0.382500000000001,0,2.048,NA,36.6,2.9,4.36733708948863,NA,NA,NA
2495341,"Cecil Shorts","HOU","WR",28,4,9,3.87333333333333,3.536,4.08,0.371662929727103,82,0.0249999999999999,6,0.544,NA,50.3,4.4,3.0192881461526,NA,9.1,NA
2506366,"Roddy White","ATL","WR",34,10,10,3.86666666666667,2.36,5.24,1.89032625050104,83,0.136666666666667,6,2.88,NA,66.5,8,5.11105689786931,NA,3.3,NA
318,"Jerome Simpson","SF","WR",29,7,10,3.83,3.83,3.83,NA,84,0.3025,6,0,NA,137,8.6,4.98973938729065,NA,NA,NA
2540037,"Fozzy Whittaker","CAR","RB",26,3,5,3.83,2.544,4.816,2.0081832585698,60,0.0599999999999996,5,2.272,NA,74.1,6.8,5.8203806563412,NA,1.1,NA
2540011,"Chris Thompson","WAS","RB",25,2,8,3.785,2.187,4.483,2.02939646200539,61,0.1975,5,2.296,NA,54.3,5,4.93235240746693,NA,2.4,NA
2532864,"Dan Herron","IND","RB",26,3,10,3.755,0.54,4.388,2.41102329589188,62,0.368333333333334,6,3.848,NA,51.9,4.8,5.10249239428548,NA,2.4,NA
2550546,"Philly Brown","CAR","WR",24,1,5,3.63,1.9,4.692,1.75119958885331,85,0.212499999999999,6,2.792,NA,78.2,9.9,5.37562882727207,NA,0.7,NA
100022,"Saints","NO","DST",NA,NA,11,3.55,2.07,7.43,4.73761543394987,31,1.7,8,5.36,NA,30.4,3.6,5.6725025327974,NA,9,NA
2540215,"Vance McDonald","SF","TE",25,2,10,3.505,0.602,3.802,2.08327466584062,33,0.0833333333333335,0,3.2,NA,17.3,4,4.9987364278864,NA,1.8,NA
2552586,"Tyler Kroft","CIN","TE",23,0,7,3.49,0.998,4.182,2.81428498912246,34,0.149999999999999,0,3.184,NA,31.5,14,9.14405903524008,NA,1.7,NA
2528181,"Bryan Walters","JAC","WR",28,5,8,3.425,2.305,3.945,1.44956890143242,86,0.0649999999999999,6,1.64,NA,80.5,10.2,5.16783567543507,NA,1.8,NA
2539260,"Denard Robinson","JAC","RB",25,2,8,3.42,1.952,5.072,1.99027636271951,63,0.108333333333333,6,3.12,NA,65.4,5.4,5.10530651762712,NA,2.3,NA
2532978,"Jarius Wright","MIN","WR",26,3,5,3.41,3.146,3.466,0.200748598998847,88,0.155,6,0.32,NA,85.5,10.1,4.03294646513388,NA,2.4,NA
2541199,"Luke Willson","SEA","TE",25,2,9,3.35333333333333,1.74,4.428,1.70661458253858,35,0.137500000000001,0,2.688,NA,25.4,4.2,4.7254072337916,NA,3.6,NA
2532797,"Brandon Bolden","NE","RB",25,3,4,3.35333333333333,1.82,4.588,1.84892761711575,64,0.0933333333333328,6,2.768,NA,46.5,5.3,4.95495455217995,NA,2.4,NA
2540211,"Gavin Escobar","DAL","TE",24,2,6,3.32666666666667,0.676,6.596,3.93498835237582,36,0.249166666666667,0,5.92,NA,46.9,6,7.38056006010551,NA,NA,NA
2506004,"Jerricho Cotchery","CAR","WR",33,11,5,3.31,2.06,4.484,1.66952088935718,89,0.151666666666666,6,2.424,NA,67,8.3,4.9753911459678,NA,8.6,NA
2552582,"Jay Ajayi","MIA","RB",22,0,5,3.27,2,4.328,1.45523194027619,66,0.0274999999999999,6,2.328,NA,43.7,4.3,4.17421854182827,NA,1.2,NA
2543565,"Andre Williams","NYG","RB",23,1,11,3.25,2.56,3.04,0.424264068711929,67,0.0325000000000002,6,0.48,NA,67.5,7.3,4.94861916774977,NA,2.2,NA
2550481,"Orleans Darkwa","NYG","RB",23,1,11,3.235,1.617,3.353,1.53442171517481,68,0.0700000000000003,6,1.736,NA,64.6,3.7,3.92932369910046,NA,3.3,NA
2539217,"Andre Ellington","ARI","RB",26,2,9,3.2,3.2,3.2,NA,69,0.14,6,0,NA,NA,NA,NA,NA,NA,NA
2540005,"Marlon Brown","BAL","WR",24,2,9,3.2,3.2,3.2,NA,90,0.0899999999999999,6,0,NA,116,28.6,13.1734579609487,NA,NA,NA
2533037,"Chris Polk","HOU","RB",26,3,9,3.13,1.496,3.864,2.09303607231218,70,0.235,6,2.368,NA,65.9,5.5,5.22830826841271,NA,13.2,NA
2530700,"Dontrelle Inman","SD","WR",26,2,10,3.11666666666667,1.41,4.21,1.80992633367586,91,0.0283333333333333,6,2.8,NA,54,7.1,4.85517545951993,NA,1.5,NA
2495835,"Anthony Fasano","TEN","TE",31,9,4,3.105,2.261,2.749,0.431335136523794,38,0.0800000000000001,0,0.488,NA,35,3.9,3.45995343143957,NA,NA,NA
2530515,"Chris Hogan","BUF","WR",27,4,8,3.10333333333333,1.72,4.048,1.4574063720642,92,0.0366666666666666,6,2.328,NA,80.8,6.9,4.49967294317624,NA,1.2,NA
2495189,"Jeremy Kerley","NYJ","WR",27,4,5,3.07333333333333,1.284,4.164,1.91262472360192,93,0.0433333333333334,6,2.88,NA,101.9,24.1,8.42490247183055,NA,0,NA
2535876,"Griff Whalen","IND","WR",25,3,10,3.06,-0.234,2.694,2.58801081914276,94,0.0600000000000005,6,2.928,NA,87.6,8.8,5.89733529990044,NA,0.9,NA
2532835,"Rhett Ellison","MIN","TE",27,3,5,3.05,0.305,2.745,2.15667568261897,39,0.0499999999999998,0,2.44,NA,49.7,7.1,6.14429655485376,NA,0,NA
2505785,"Malcom Floyd","SD","WR",34,11,10,3,0.4,3.6,2,95,0.0216666666666669,6,3.2,NA,74.1,9.1,5.43398049126932,NA,-1.5,NA
2507218,"Brent Celek","PHI","TE",30,8,8,3,2.1,3.62,0.984885780179611,40,0.00750000000000028,0,1.52,NA,23.9,5.9,4.65988274748438,NA,1.6,NA
2506369,"Heath Miller","PIT","TE",33,10,11,3,1.4,4.6,2.82842712474619,41,0.0174999999999996,0,3.2,NA,16.7,7.8,6.99946814047878,NA,NA,NA
2506897,"Devin Hester","ATL","WR",33,9,10,3,-0.24,2.64,2.54558441227157,96,0.0641666666666669,6,2.88,NA,115.3,9.7,6.04360823086824,NA,0,NA
2533460,"Robert Turbin","DAL","RB",26,3,6,2.99,0.34,3.764,2.15502513519758,71,0.326666666666667,6,3.424,NA,58.1,4.6,4.82071177675526,NA,2.4,NA
2540203,"Levine Toilolo","ATL","TE",24,2,10,2.985,2.457,2.913,0.403050865276332,42,0.0449999999999999,0,0.456,NA,55,10.5,5.73086019825429,NA,NA,NA
71265,"Jared Cook","STL","TE",28,6,6,2.98,1.948,3.628,1.12303161130932,43,0.0874999999999999,0,1.68,NA,27.8,3.5,3.95050739460988,NA,2.2,NA
2541147,"Charles Johnson","MIN","WR",26,2,5,2.95666666666667,2.714,3.034,0.213619599600162,97,0.0641666666666665,6,0.32,NA,100.5,14.7,4.98556000349063,NA,NA,NA
2552463,"Jaelen Strong","HOU","WR",21,0,9,2.915,2.147,3.083,0.827314933988261,98,0.0749999999999997,6,0.936,NA,123,19.9,6.59709662110107,NA,0,NA
2552468,"Maxx Williams","BAL","TE",21,0,9,2.9,2.9,2.9,NA,44,0.0474999999999999,0,0,NA,41.1,11.6,9.10862520727856,NA,NA,NA
2541834,"Josh Hill","NO","TE",25,2,11,2.885,1.017,3.553,2.24152849636136,45,0.0800000000000005,0,2.536,NA,43.8,5.5,5.66478408428599,NA,1.1,NA
2535964,"Josh Bellamy","CHI","WR",26,3,7,2.87,0.287,2.583,2.02939646200539,99,0.12,6,2.296,NA,97.6,23.1,8.32451498694638,NA,1.6,NA
2507486,"Kellen Davis","NYJ","TE",30,7,5,2.82,0.282,2.538,1.99404112294606,46,0.0950000000000002,0,2.256,NA,59.5,8.4,6.44860019123786,NA,0.8,NA
2507902,"Marlon Moore","CLE","WR",28,5,11,2.81,0.281,2.529,1.9869700551342,100,0.138333333333334,6,2.248,NA,103.6,16.5,6.93634068535329,NA,1.4,NA
2539289,"Kenjon Barner","PHI","RB",26,2,8,2.8,0.28,2.52,1.97989898732233,72,0.306666666666667,6,2.24,NA,64.6,4.8,4.79693041077777,NA,1.6,NA
2495888,"Marcedes Lewis","JAC","TE",31,9,8,2.79,2.082,2.898,0.721248916810278,47,0.1525,0,0.816,NA,46.1,7.9,5.1158151710746,NA,0.7,NA
2550545,"Chris Boswell","PIT","K",26,1,11,2.7,0.27,2.43,1.90918830920368,30,0.75,0,2.16,NA,13.4,4.4,5.36129917870879,NA,16,NA
2543828,"Quincy Enunwa","NYJ","WR",23,1,5,2.69,0.269,2.421,1.90211724139181,101,0.0483333333333333,6,2.152,NA,82.7,8.8,5.28525338604509,NA,3.7,NA
2540928,"Darren Fells","ARI","TE",29,3,9,2.66,1.212,2.908,1.49906637611548,48,0.0724999999999998,0,1.696,NA,34.6,6.8,5.44119185892812,NA,2.2,NA
2543746,"Josh Huff","PHI","WR",24,1,8,2.65333333333333,1.912,2.872,0.656150389265551,102,0.0383333333333331,6,0.96,NA,86,8.9,4.19382914808249,NA,0,NA
2540261,"Corey Fuller","DET","WR",25,2,9,2.63,-0.00699999999999978,2.337,2.07182286887658,103,0.12,6,2.344,NA,92.3,15.1,6.72563200915426,NA,1.5,NA
2495288,"Virgil Green","DEN","TE",27,4,7,2.615,2.167,2.463,0.261629509039022,49,0.0566666666666666,0,0.296,NA,55.5,12.6,6.33285985962566,NA,2.2,NA
2495802,"Jason Avant","KC","WR",32,9,9,2.6,0.26,2.34,1.83847763108502,104,0.188333333333333,6,2.08,NA,104.6,3.8,4.20549745892857,NA,NA,NA
497226,"Jim Dray","CLE","TE",29,5,11,2.56,0.256,2.304,1.81019335983756,50,0.019166666666667,0,2.048,NA,63.6,4.8,5.02849614865155,NA,NA,NA
2541316,"Ryan Griffin","HOU","TE",25,2,9,2.55666666666667,1.894,2.934,0.675746500792519,51,0.0591666666666661,0,1.04,NA,28.1,4,3.71727217172042,NA,8.9,NA
2534770,"Jonathan Grimes","HOU","RB",26,3,9,2.52666666666667,0.94,4.044,1.94579889334261,73,0.0683333333333334,6,3.104,NA,51.5,4.2,4.47174068242718,NA,4.3,NA
2540200,"Dion Sims","MIA","TE",24,2,5,2.525,1.025,2.825,1.59099025766973,52,0.175,0,1.8,NA,45.7,4.8,4.82892576189543,NA,0.4,NA
71431,"Brandon Pettigrew","DET","TE",30,6,9,2.47,0.247,2.223,1.74655374953077,53,0.2575,0,1.976,NA,47,9,6.43206585815041,NA,NA,NA
2540230,"Kyle Juszczyk","BAL","RB",24,2,9,2.46,0.246,2.214,1.73948268171891,74,0.0766666666666662,6,1.968,NA,61.5,3.8,4.12483208977636,NA,-0.2,NA
2541544,"Benny Cunningham","STL","RB",25,2,6,2.45666666666667,1.834,3.114,0.803513119577604,75,0.146666666666667,6,1.28,NA,69.3,5.3,4.21401065014076,NA,0,NA
2505790,"Wes Welker","STL","WR",34,11,6,2.42,0.4,2.672,1.45894939368483,105,0.0183333333333326,6,2.272,NA,92,8.9,4.91023584294811,NA,1.5,NA
2495453,"Andre Holmes","OAK","WR",27,4,6,2.40333333333333,1.44,3.048,1.02031041028372,106,0.0116666666666667,6,1.608,NA,93.4,10,4.74385275987333,NA,0.1,NA
2539250,"Quinton Patton","SF","WR",25,2,10,2.4,0.24,2.16,1.69705627484771,107,0.0700000000000003,6,1.92,NA,86.1,6.8,4.69307389548791,NA,0,NA
2550272,"Albert Wilson","KC","WR",23,1,9,2.38333333333333,1.04,3.64,1.64342122821063,108,0.128333333333334,6,2.6,NA,79.1,8.3,4.95210017042325,NA,1.7,NA
2534437,"Austin Johnson","NO","RB",26,2,11,2.31,0.231,2.079,1.63341666454093,76,0.0316666666666672,6,1.848,NA,NA,NA,4.64477657071109,NA,NA,NA
2495472,"Jordan Todman","PIT","RB",25,4,11,2.31,0.231,2.079,1.63341666454092,77,0.0866666666666664,6,1.848,NA,72.3,5.6,4.95272038931824,NA,NA,NA
2495867,"Greg Jennings","MIA","WR",32,9,5,2.27666666666667,1.226,3.146,1.20068036268331,109,0.0466666666666664,6,1.92,NA,100.8,9.7,4.84343451394406,NA,NA,NA
4433,"Marcel Reece","OAK","RB",30,7,6,2.24666666666667,1.02,3.292,1.49684111826651,78,0.0766666666666667,6,2.272,NA,65.7,4.5,4.30404966011874,NA,2.3,NA
497282,"Riley Cooper","PHI","WR",28,5,8,2.23333333333333,1.68,2.64,0.611010092660779,110,0.1,6,0.96,NA,89.3,9.1,4.19446516646095,NA,1.4,NA
2495347,"Lee Smith","OAK","TE",28,4,6,2.23,2.23,2.23,NA,54,0.0449999999999999,0,0,NA,65.6,4.2,3.9585441148516,NA,6.5,NA
2552600,"Nelson Agholor","PHI","WR",22,0,8,2.22666666666667,1.876,2.356,0.303534731675525,111,0.256666666666666,6,0.48,NA,80.1,8,3.69502615893621,NA,0,NA
2539303,"Zach Line","MIN","RB",25,2,5,2.2,0.22,1.98,1.5556349186104,79,0.0899999999999999,6,1.76,NA,89,5.4,4.79725174285162,NA,NA,NA
2534241,"Derek Carrier","WAS","TE",25,3,8,2.195,1.419,2.371,0.841457069611992,55,0.1025,0,0.952,NA,46.8,7,4.91207638909798,NA,NA,NA
2552402,"Nick Boyle","BAL","TE",22,0,9,2.175,1.335,2.415,0.954594154601839,56,0.2,0,1.08,NA,50.3,9.4,5.85022874494021,NA,1.5,NA
2506871,"Fred Jackson","SEA","RB",34,9,9,2.14,1.7,2.756,0.762102355330306,80,0.085,6,1.056,NA,63.6,4,3.53244818111868,NA,7.8,NA
2504162,"Shayne Graham","FA","K",NA,NA,NA,2.1,0.21,1.89,1.48492424049175,31,0.525,0,1.68,NA,22.4,6.2,6.68610746530593,NA,16,NA
2536044,"Jamize Olawale","OAK","RB",26,3,6,2.08,0.208,1.872,1.47078210486802,81,0.13,6,1.664,NA,70.2,5.7,4.88762233288713,NA,1.7,NA
2543590,"Cody Latimer","DEN","WR",23,1,7,2.04,0.86,2.956,1.34268387939976,113,0.161666666666667,6,2.096,NA,94.2,17,6.46368512203735,NA,NA,NA
2530763,"Patrick DiMarco","ATL","RB",26,4,10,2.03,0.203,1.827,1.43542676580869,82,0.173333333333334,6,1.624,NA,80.1,3.5,3.75882006530074,NA,1.8,NA
2552397,"Clive Walford","OAK","TE",24,0,6,2.01,0.88,2.664,1.12707586257536,57,0.0700000000000003,0,1.784,NA,31.2,5.6,4.68494417599487,NA,5.3,NA
2552478,"Blake Bell","SF","TE",24,0,10,1.94,0.194,1.746,1.3717871555019,58,0.0816666666666668,0,1.552,NA,47.1,11.1,6.82161962394269,NA,0.5,NA
497224,"Ed Dickson","CAR","TE",28,5,5,1.94,1.2,2.416,0.772528316633119,59,0.201666666666667,0,1.216,NA,44.2,4.7,4.04897073366906,NA,2.7,NA
2540177,"Marquess Wilson","CHI","WR",23,2,7,1.9,1.9,1.9,NA,115,0.0516666666666667,6,0,NA,NA,NA,NA,NA,NA,NA
2495258,"Matt Asiata","MIN","RB",28,4,5,1.87,1.576,1.864,0.254558441227157,84,0.0300000000000002,6,0.288,NA,71.2,6.1,4.22629711161342,NA,-0.1,NA
2553434,"Devin Smith","NYJ","WR",NA,NA,5,1.85666666666667,1.38,2.156,0.487476495159852,116,0.0191666666666666,6,0.776,NA,91.5,6,3.44998730828921,NA,NA,NA
100025,"Eagles","PHI","DST",NA,NA,8,1.85,2.85,4.85,1.76776695296637,32,NA,8,2,NA,25.8,5.8,6.67500750859499,NA,14,NA
2539315,"Stepfan Taylor","ARI","RB",24,2,9,1.84333333333333,1.26,2.564,0.86754442729657,85,0.0149999999999997,6,1.304,NA,56.5,5.7,4.46007394922743,NA,2,NA
206,"Andre Caldwell","DEN","WR",30,7,7,1.84,1.144,2.344,0.750199973340442,117,0.0225,6,1.2,NA,99.5,10.4,4.58464713873794,NA,0,NA
497172,"Anthony Dixon","BUF","RB",28,5,8,1.83666666666667,0.64,3.048,1.57512962429552,86,0.0316666666666665,6,2.408,NA,69.9,7.2,5.71413197062879,NA,0.6,NA
2543646,"Bruce Ellington","SF","WR",24,1,10,1.835,1.267,1.803,0.473761543394987,118,0.0650000000000002,6,0.536,NA,122.2,6.4,3.51958546132892,NA,0,NA
2507737,"Darrel Young","WAS","RB",28,6,8,1.82,1.82,1.82,NA,87,0.0550000000000002,6,0,NA,90,1.6,1.24704982478155,NA,NA,NA
2506194,"Nick Novak","HOU","K",NA,NA,9,1.8,0.32,1.92,1.05830052442584,32,1.125,0,1.6,NA,23.3,5.6,5.61379227129388,NA,1,NA
2550617,"Taylor Gabriel","CLE","WR",24,1,11,1.8,1.8,1.8,NA,119,0.0624999999999998,6,0,NA,109.5,25.5,11.9049815820317,NA,NA,NA
163982,"Will Johnson","PIT","RB",26,4,11,1.79,0.179,1.611,1.26572113832392,88,0.0550000000000002,6,1.432,NA,79.5,11.3,7.55181419020121,NA,NA,NA
497238,"Jermaine Gresham","ARI","TE",27,5,9,1.77666666666667,1.62,1.724,0.0680685928555405,60,0.106666666666666,0,0.104,NA,36.9,4.3,3.2684138878972,NA,1.3,NA
2495801,"Miles Austin","PHI","WR",31,9,8,1.74,1.1,2.236,0.720277724214764,120,0.00750000000000006,6,1.136,NA,97.1,6,3.65773589560657,NA,NA,NA
2495314,"Bruce Miller","SF","RB",28,4,10,1.74,0.174,1.566,1.23036579926459,89,0.0174999999999998,6,1.392,NA,77.8,7.3,5.51994868640746,NA,0.8,NA
2540145,"Cordarrelle Patterson","MIN","WR",24,2,5,1.735,1.043,2.427,1.22329473145273,121,0.0199999999999998,6,1.384,NA,122.8,16.1,6.1730102347056,NA,0,NA
1037885,"Marc Mariani","CHI","WR",28,5,7,1.73,-0.0969999999999998,1.527,1.43542676580869,122,0.03,6,1.624,NA,97.5,14.8,6.09634306575924,NA,3.3,NA
2507779,"Donald Brown","SD","RB",28,6,10,1.73,0.173,1.557,1.22329473145273,90,0.0225,6,1.384,NA,81,5.7,4.71221414733433,NA,5.7,NA
2506147,"John Kuhn","GB","RB",33,9,7,1.715,0.463,1.767,1.15258405333407,91,0.181666666666667,6,1.304,NA,77.6,10.6,7.12043633256627,NA,NA,NA
2550454,"Asante Cleveland","SF","TE",23,1,10,1.7,0.17,1.53,1.20208152801713,61,0.0649999999999999,0,1.36,NA,40.5,6.7,5.13600832842654,NA,NA,NA
2552424,"Phillip Dorsett","IND","WR",22,0,10,1.7,1.7,1.7,NA,123,0.02,6,0,NA,NA,NA,NA,NA,NA,NA
2552464,"Jalston Fowler","TEN","RB",NA,NA,4,1.7,0.17,1.53,1.20208152801713,92,0.416666666666667,6,1.36,NA,80.7,4,3.84428610358316,NA,NA,NA
2553432,"Kevin White","CHI","WR",22,0,7,1.7,1.7,1.7,NA,123,0.0625,6,0,NA,NA,NA,NA,NA,NA,NA
2541966,"Jaron Brown","ARI","WR",25,2,9,1.66,0.166,1.494,1.17379725676967,125,0.0525,6,1.328,NA,89.6,15.9,6.08792078207456,NA,NA,NA
2550206,"Ryan Hewitt","CIN","TE",24,1,7,1.64,0.164,1.476,1.15965512114594,62,0.0275000000000001,0,1.312,NA,32.7,4.1,4.19263782626099,NA,0.7,NA
497242,"Clay Harbor","JAC","TE",28,5,8,1.63,0.454,2.806,2.07889393668845,63,0.1325,0,2.352,NA,64.2,1.2,4.02040838840043,NA,NA,NA
497320,"Andre Roberts","WAS","WR",27,5,8,1.615,0.507,2.723,1.95868578388674,126,0.0850000000000002,6,2.216,NA,124.5,5.8,4.72195547560675,NA,NA,NA
2552652,"Chris Conley","KC","WR",23,0,9,1.6,0.92,1.96,0.7,127,0.195,6,1.04,NA,87.3,22,6.91312776527946,NA,NA,NA
2543721,"C.J. Fiedorowicz","HOU","TE",24,1,9,1.595,0.899,1.691,0.700035713374682,64,0.27,0,0.792,NA,52.3,9.8,5.75766096700306,NA,0.8,NA
2552656,"J.J. Nelson","ARI","WR",23,0,9,1.46,0.392,1.928,1.35764501987817,128,0.138333333333333,6,1.536,NA,79.1,10.6,5.16764126446938,NA,9.4,NA
2534820,"Garrett Celek","SF","TE",27,3,10,1.4,1.4,1.4,NA,65,0.1825,0,0,NA,48.3,17.2,13.0059838718179,NA,NA,NA
2543715,"Jerick McKinnon","MIN","RB",23,1,5,1.36666666666667,1.2,1.6,0.288675134594813,93,0.166666666666667,6,0.4,NA,68.9,6.5,4.45115824530287,NA,2.4,NA
2506287,"Lance Moore","DET","WR",32,10,9,1.35,0.83,1.87,0.919238815542512,129,0.0933333333333333,6,1.04,NA,83.2,13.9,5.45157043175462,NA,NA,NA
2539637,"Caleb Sturgis","PHI","K",26,2,8,1.35,0.2,1.56,0.854400374531753,33,1.35,0,1.36,NA,23.8,6.5,6.28533644963634,NA,5,NA
2552418,"Justin Hardy","ATL","WR",24,0,10,1.29333333333333,0.224,2.56,1.52122757447179,130,0.128333333333333,6,2.336,NA,94.3,9.5,5.08856780614492,NA,3.4,NA
89766,"Brandon Myers","TB","TE",30,6,6,1.25,1.13,1.37,0.212132034355964,66,0.225,0,0.24,NA,53.2,10.7,5.62663651958233,NA,NA,NA
2539214,"Kenbrell Thompkins","NYJ","WR",27,2,5,1.22,1.22,1.22,NA,131,0.235,6,0,NA,119.5,20.5,9.85905193861721,NA,NA,NA
2552380,"Karlos Williams","BUF","RB",22,0,8,1.2,1.2,1.2,NA,94,0.0175000000000001,6,0,NA,53.9,9.8,9.47495931022642,NA,NA,NA
2543502,"Tre Mason","STL","RB",22,1,6,1.2,0.4,2.88,1.66433169770932,95,0.0374999999999999,6,2.48,NA,66.6,6,5.17531232681171,NA,2.3,NA
2543462,"Johnny Manziel","CLE","QB",23,1,11,1.194,0.1194,1.0746,0.844285496736738,33,0.9,6,0.9552,NA,30.6,3.7,4.94964163430552,NA,NA,NA
497234,"Garrett Graham","HOU","TE",29,5,9,1.185,0.293,2.077,1.576848122046,67,0.320833333333333,0,1.784,NA,43,15.1,8.40022831063987,NA,NA,NA
2543551,"KaDeem Carey","CHI","RB",23,1,7,1.165,0.337,1.993,1.46371103705615,96,0.02,6,1.656,NA,75.5,7.5,5.78567390665012,NA,7.7,NA
2540225,"Tommy Bohanon","NYJ","RB",25,2,5,1.16,0.116,1.044,0.820243866176395,97,0.115,6,0.928,NA,NA,NA,3.49209420850698,NA,NA,NA
2495340,"Anthony Sherman","KC","RB",27,4,9,1.13,0.113,1.017,0.799030662740799,98,0.2375,6,0.904,NA,NA,NA,3.46202423384079,NA,0,NA
80672,"Hakeem Nicks","NYG","WR",27,6,11,1.11,0.111,0.999,0.784888527117068,132,0.265,6,0.888,NA,103.5,9.1,4.34963186927388,NA,0.7,NA
2552375,"Cameron Artis-Payne","CAR","RB",23,0,5,0.96,0.288,1.632,1.1879393923934,99,0.1675,6,1.344,NA,82.5,9.5,6.59362266710582,NA,NA,NA
2539202,"Chris Gragg","BUF","TE",25,2,8,0.865,0.277,1.453,1.03944696834422,68,0.0508333333333334,0,1.176,NA,50,8.8,5.71869472656345,NA,NA,NA
2507883,"Jeff Cumberland","NYJ","TE",28,5,5,0.863333333333333,0.172,1.7,1.00550153323271,69,0.330833333333333,0,1.528,NA,43.5,16.2,8.26283012797373,NA,NA,NA
2550198,"Bennie Fowler","DEN","WR",24,1,7,0.86,0.0860000000000001,0.774,0.608111831820431,133,0.0824999999999999,6,0.688,NA,102.6,12.5,4.88749487745354,NA,0,NA
2535869,"Rod Streater","OAK","WR",27,3,6,0.83,0.294,1.366,0.947523086789974,134,0.1675,6,1.072,NA,NA,NA,3.7951970367852,NA,NA,NA
2543682,"Bishop Sankey","TEN","RB",23,1,4,0.825,0.205,1.445,1.09601551083915,100,0.0899999999999999,6,1.24,NA,70.1,5.4,4.47149368396785,NA,0,NA
2541768,"Tim Wright","TB","TE",25,2,6,0.765,0.257,1.273,0.898025612106915,70,0.4825,0,1.016,NA,NA,NA,4.0199334016585,NA,NA,NA
2508096,"Tyler Clutts","DAL","RB",31,5,6,0.76,0.0760000000000001,0.684,0.537401153701776,101,0.0925000000000001,7,0.608,NA,NA,NA,3.09116121295773,NA,NA,NA
2552420,"Keith Mumphery","HOU","WR",23,0,9,0.725,0.185,1.265,0.954594154601839,135,0.1775,6,1.08,NA,104,21.7,7.0789461677342,NA,0,NA
230,"Jerome Felton","BUF","RB",29,7,8,0.71,0.0710000000000001,0.639,0.502045814642449,102,0.0875,7,0.568,NA,94.3,4.5,3.59898242053745,NA,NA,NA
2550512,"Damien Williams","MIA","RB",23,1,5,0.625,0.165,1.085,0.81317279836453,103,0.1175,7,0.92,NA,81.4,9.2,6.17749401818655,NA,0.6,NA
2543695,"Jay Prosch","HOU","RB",23,1,9,0.62,0.062,0.558,0.438406204335659,104,0.26,7,0.496,NA,93.5,9.5,6.06238644800306,NA,NA,NA
2543491,"Paul Richardson","SEA","WR",23,1,9,0.6,0.6,0.6,NA,136,0.1125,6,0,NA,114,4,3.10748411534929,NA,NA,NA
2495558,"Dwayne Bowe","CLE","WR",31,8,11,0.495,0.331,0.659,0.289913780286485,137,0.055,6,0.328,NA,110,19.2,5.97431221149498,NA,NA,NA
2543750,"Jeff Janis","GB","WR",24,1,7,0.48,0.144,0.816,0.5939696961967,138,0.185,6,0.672,NA,96.6,20,6.40932186436793,NA,0,NA
2552470,"Sammie Coates","PIT","WR",22,0,11,0.4,0.0800000000000001,0.72,0.565685424949238,139,0.225,6,0.64,NA,126.5,12.5,4.84963414051404,NA,NA,NA
2533545,"Bernard Pierce","JAC","RB",24,3,8,0.395,0.151,0.639,0.431335136523794,105,0.1125,7,0.488,NA,NA,NA,2.94081133962676,NA,NA,NA
2550263,"Juwan Thompson","DEN","RB",23,1,7,0.325,0.105,0.545,0.388908729652601,106,0.12,7,0.44,NA,73.3,9.6,6.0774749906818,NA,4.1,NA
2553292,"Kennard Backman","GB","TE",22,0,7,0.3,0.0600000000000001,0.54,0.424264068711929,71,0.1225,0,0.48,NA,NA,NA,3.15727431051917,NA,NA,NA
2539335,"Geno Smith","NYJ","QB",25,2,5,0.296,0.0296,0.2664,0.209303607231218,34,0.026,6,0.2368,NA,37.5,5.1,5.48890991596095,NA,NA,NA
2533033,"Robert Griffin","WAS","QB",25,3,8,0.292,0.0292,0.2628,0.206475180106472,35,0.057,6,0.2336,NA,NA,NA,3.40829613014645,NA,NA,NA
2552401,"MyCole Pruitt","MIN","TE",23,0,5,0.265,0.077,0.453,0.332340187157677,72,0.18,0,0.376,NA,69,2.9,3.02184641748773,NA,0.4,NA
2539228,"EJ Manuel","BUF","QB",25,2,8,0.248,0.0248,0.2232,0.175362481734264,36,0.0260000000000001,6,0.1984,NA,NA,NA,3.35582679611128,NA,NA,NA
2534871,"Derrick Coleman","SEA","RB",25,3,9,0.24,0.024,0.216,0.169705627484771,107,0.095,7,0.192,NA,NA,NA,2.5699483187437,NA,NA,NA
2539275,"Mike Glennon","TB","QB",26,2,6,0.222,0.0222,0.1998,0.156977705423414,37,0.00500000000000003,6,0.1776,NA,43,3.6,4.29333013406216,NA,NA,NA
2495974,"Charlie Whitehurst","IND","QB",33,9,10,0.222,0.0222,0.1998,0.156977705423414,38,0.013,6,0.1776,NA,50.5,4.5,4.98420483921096,NA,2.04,NA
79858,"Mark Sanchez","PHI","QB",29,6,8,0.212,0.0212,0.1908,0.149906637611548,39,0.026,6,0.1696,NA,33.6,8.3,7.89526894773928,NA,NA,NA
252,"Chad Henne","JAC","QB",30,7,8,0.206,0.0206,0.1854,0.145663996924429,40,0.062,6,0.1648,NA,37,4,4.59084567965725,NA,NA,NA
2495315,"Denarius Moore","FA","WR",27,4,NA,0.19,0.019,0.171,0.134350288425444,140,0.04,6,0.152,NA,NA,NA,2.34386878743747,NA,NA,NA
2540224,"Mike James","FA","RB",24,2,NA,0.17,0.017,0.153,0.120208152801713,108,0.065,7,0.136,NA,NA,NA,2.49978504452258,NA,NA,NA
2542065,"Matt McGloin","OAK","QB",26,2,6,0.166,0.0166,0.1494,0.117379725676967,41,0.047,6,0.1328,NA,51.5,0.5,1.88026101790098,NA,NA,NA
2541388,"Brice Butler","DAL","WR",25,2,6,0.16,0.016,0.144,0.113137084989848,141,0.025,6,0.128,NA,NA,NA,2.30600805049797,NA,NA,NA
2495192,"Greg Little","FA","WR",26,4,NA,0.14,0.014,0.126,0.0989949493661166,142,0.015,6,0.112,NA,NA,NA,2.28076755920497,NA,NA,NA
2530720,"Joseph Morgan","FA","WR",27,4,NA,0.13,0.013,0.117,0.0919238815542512,143,0.02,6,0.104,NA,NA,NA,2.26814731355846,NA,NA,NA
2506895,"Kellen Clemens","SD","QB",32,9,10,0.122,0.0122,0.1098,0.0862670273047588,42,0.00999999999999998,6,0.0976,NA,42.5,4.5,4.92458059598918,NA,NA,NA
2543759,"Ryan Grant","WAS","WR",25,1,8,0.12,0.012,0.108,0.0848528137423857,144,0.02,6,0.096,NA,110,18.6,5.66856287101583,NA,NA,NA
2553486,"Trey Williams","WAS","RB",23,0,8,0.12,0.12,0.12,NA,109,0.035,7,0,NA,NA,NA,NA,NA,NA,NA
2495748,"Drew Stanton","ARI","QB",31,8,9,0.116,0.0116,0.1044,0.0820243866176395,43,0.00799999999999999,6,0.0928,NA,44,8.5,7.99155738650165,NA,-0.0600000000000001,NA
367,"Matt Flynn","NO","QB",30,7,11,0.108,0.0108,0.0972,0.0763675323681471,44,0.004,6,0.0864,NA,39,0,1.46185967619413,NA,NA,NA
497108,"Jimmy Clausen","BAL","QB",27,5,9,0.108,0.0108,0.0972,0.0763675323681471,44,0.011,6,0.0864,NA,47,5.7,5.83739947546986,NA,NA,NA
2535966,"Brenton Bersin","CAR","WR",25,2,5,0.1,0.01,0.09,0.0707106781186548,145,0.01,6,0.08,NA,127.5,12.5,4.40792554288647,NA,NA,NA
2543605,"Zach Mettenberger","TEN","QB",24,1,4,0.1,0.01,0.09,0.0707106781186548,46,0.00900000000000001,6,0.08,NA,41.7,4,4.52764398184217,NA,NA,NA
2543774,"Jared Abbrederis","GB","WR",25,1,7,0.1,0.01,0.09,0.0707106781186548,145,0.025,6,0.08,NA,94.6,18.5,5.63548332893518,NA,1.6,NA
2495425,"Scott Tolzien","GB","QB",28,4,7,0.094,0.00940000000000001,0.0846,0.0664680374315355,47,0.017,6,0.0752,NA,38,3,3.75642796597241,NA,NA,NA
2533030,"Jonas Gray","FA","RB",25,3,NA,0.09,0.00900000000000001,0.081,0.0636396103067893,110,0.015,7,0.072,NA,NA,NA,2.41959844541272,NA,NA,NA
2536071,"Cooper Helfet","SEA","TE",26,4,9,0.09,0.00900000000000001,0.081,0.0636396103067893,73,0.015,0,0.072,NA,56,10.2,5.31745445084559,NA,1.3,NA
2504833,"Shaun Hill","MIN","QB",NA,NA,5,0.088,0.00880000000000001,0.0792,0.0622253967444162,48,0.023,6,0.0704,NA,59.5,3.5,4.13666979201733,NA,NA,NA
81306,"Brandon Tate","CIN","WR",28,6,7,0.08,0.00800000000000001,0.072,0.0565685424949238,147,0.015,6,0.064,NA,NA,NA,2.20504608532595,NA,0,NA
497246,"Michael Hoomanawanui","NO","TE",27,5,11,0.08,0.00800000000000001,0.072,0.0565685424949238,74,0.015,0,0.064,NA,57,7.2,4.26708133986107,NA,1.9,NA
2551357,"Glenn Winston","CLE","RB",26,1,11,0.08,0.08,0.08,NA,111,0.015,7,0,NA,NA,NA,NA,NA,NA,NA
2532926,"Isaiah Pead","FA","RB",26,3,NA,0.07,0.00700000000000001,0.063,0.0494974746830583,112,0.015,7,0.056,NA,NA,NA,2.39955179563526,NA,NA,NA
2534436,"Deonte Thompson","CHI","WR",26,3,7,0.07,0.07,0.07,NA,149,0.01,6,0,NA,NA,NA,NA,NA,0,NA
2539327,"Joseph Fauria","FA","TE",25,2,NA,0.07,0.00700000000000001,0.063,0.0494974746830583,75,0.015,0,0.056,NA,NA,NA,2.4748723429015,NA,NA,NA
81284,"Chase Daniel","KC","QB",29,6,9,0.066,0.00660000000000001,0.0594,0.0466690475583121,49,0.003,6,0.0528,NA,53.5,2.5,3.35591389723209,NA,NA,NA
2506546,"Derek Anderson","CAR","QB",32,10,5,0.064,0.00640000000000001,0.0576,0.045254833995939,50,0.00899999999999999,6,0.0512,NA,44.5,8.5,7.96055278002633,NA,NA,NA
2508123,"T.J. Yates","HOU","QB",28,4,9,0.062,0.00620000000000001,0.0558,0.043840620433566,51,0.024,6,0.0496,NA,53,4,4.50498676941789,NA,NA,NA
2550407,"Zurlon Tipton","IND","RB",25,1,10,0.06,0.00600000000000001,0.054,0.0424264068711929,113,0.02,7,0.048,NA,77,15.3,8.69160377889787,NA,0.7,NA
1992,"Craig Stevens","TEN","TE",31,7,4,0.06,0.06,0.06,NA,76,0.01,0,0,NA,53.9,4.7,4.30652256704261,NA,7.1,NA
2541785,"Adam Thielen","MIN","WR",25,1,5,0.06,0.06,0.06,NA,151,0.01,6,0,NA,132.7,6,3.9258559727151,NA,NA,NA
2543641,"Devin Street","DAL","WR",24,1,6,0.06,0.06,0.06,NA,151,0.025,6,0,NA,100.3,29.1,13.3780509252902,NA,-1.2,NA
2539265,"Rex Burkhead","CIN","RB",25,2,7,0.05,0.00500000000000001,0.045,0.0353553390593274,114,0.02,7,0.04,NA,84.5,5.7,3.87025485668089,NA,0.6,NA
497250,"Anthony McCoy","FA","TE",28,5,NA,0.05,0.005,0.045,0.0353553390593274,77,0,0,0.04,NA,NA,NA,2.44912132525555,NA,NA,NA
2495234,"Luke Stocker","TB","TE",27,4,6,0.05,0.05,0.05,NA,77,0,0,0,NA,64,6,5.21126654273924,NA,0.4,NA
2540232,"Jack Doyle","IND","TE",25,2,10,0.05,0.005,0.045,0.0353553390593274,77,0,0,0.04,NA,64,6,3.83019393399739,NA,NA,NA
2541187,"Demetrius Harris","KC","TE",24,2,9,0.05,0.005,0.045,0.0353553390593274,77,0.005,0,0.04,NA,60.8,9.3,4.97852282622773,NA,NA,NA
2552660,"Randall Telfer","CLE","TE",23,0,11,0.05,0.05,0.05,NA,77,0.01,0,0,NA,NA,NA,NA,NA,NA,NA
2539287,"Landry Jones","PIT","QB",26,2,11,0.048,0.0048,0.0432,0.0339411254969543,52,0.024,6,0.0384,NA,52.5,2.5,3.34518153345217,NA,-0.1,NA
2507182,"Matt Spaeth","PIT","TE",31,8,11,0.04,0.004,0.036,0.0282842712474619,82,0.005,0,0.032,NA,58,4.7,3.37138419173759,NA,NA,NA
2551359,"Jerome Cunningham","NYG","TE",24,1,11,0.04,0.004,0.036,0.0282842712474619,82,0.01,0,0.032,NA,48,4.8,3.40618203695669,NA,NA,NA
2552654,"Geremy Davis","NYG","WR",23,0,11,0.04,0.004,0.036,0.0282842712474619,154,0.01,6,0.032,NA,NA,NA,2.15456510273995,NA,NA,NA
2535890,"Travaris Cadet","SF","RB",26,3,10,0.03,0.003,0.027,0.0212132034355964,115,0.005,7,0.024,NA,92.4,6.9,4.46227368926374,NA,1.2,NA
2552477,"Aaron Ripkowski","GB","RB",NA,NA,7,0.03,0.003,0.027,0.0212132034355964,115,0.01,7,0.024,NA,NA,NA,2.35945849608034,NA,NA,NA
71435,"John Phillips","SD","TE",28,6,10,0.03,0.003,0.027,0.0212132034355964,84,0,0,0.024,NA,NA,NA,2.4233703076096,NA,0.8,NA
79589,"David Johnson","SD","TE",28,6,10,0.03,0.003,0.027,0.0212132034355964,84,0,0,0.024,NA,NA,NA,2.4233703076096,NA,0.2,NA
497286,"Marcus Easley","BUF","WR",28,5,8,0.03,0.003,0.027,0.0212132034355964,155,0.01,6,0.024,NA,NA,NA,2.14194485709344,NA,NA,NA
2507405,"Matthew Mulligan","BUF","TE",30,7,8,0.03,0.003,0.027,0.0212132034355964,84,0,0,0.024,NA,NA,NA,2.4233703076096,NA,NA,NA
2533028,"James Hanna","DAL","TE",26,3,6,0.03,0.003,0.027,0.0212132034355964,84,0,0,0.024,NA,75,0,1.72944771202835,NA,1.1,NA
2541828,"Frankie Hammond","KC","WR",NA,NA,9,0.03,0.003,0.027,0.0212132034355964,155,0.025,6,0.024,NA,NA,NA,2.14194485709344,NA,0,NA
2543628,"Troy Niklas","ARI","TE",23,1,9,0.03,0.003,0.027,0.0212132034355964,84,0.005,0,0.024,NA,51,15.8,7.22750725664632,NA,NA,NA
2550355,"Nic Jacobs","JAC","TE",24,1,8,0.03,0.003,0.027,0.0212132034355964,84,0.01,0,0.024,NA,NA,NA,2.4233703076096,NA,NA,NA
2506481,"Dan Orlovsky","DET","QB",32,10,9,0.028,0.0028,0.0252,0.0197989898732233,53,0.01,6,0.0224,NA,39.5,6.5,6.4038109299136,NA,NA,NA
2533353,"Cory Harkey","STL","TE",25,3,6,0.02,0.002,0.018,0.014142135623731,90,0,0,0.016,NA,NA,NA,2.41049479878662,NA,0.4,NA
2536532,"Jorvorskie Lane","TB","RB",28,3,6,0.02,0.002,0.018,0.014142135623731,117,0.005,7,0.016,NA,NA,NA,2.34943517119161,NA,NA,NA
2539645,"Brandon Williams","MIA","TE",28,3,5,0.02,0.02,0.02,NA,90,0,0,0,NA,NA,NA,NA,NA,NA,NA
2541910,"George Winn","DET","RB",25,2,9,0.02,0.002,0.018,0.014142135623731,117,0.01,7,0.016,NA,87.3,11.1,6.56440957796989,NA,NA,NA
2550284,"Trey Burton","PHI","TE",24,1,8,0.02,0.002,0.018,0.014142135623731,90,0.01,0,0.016,NA,NA,NA,2.41049479878662,NA,NA,NA
2553446,"Malcolm Johnson","CLE","TE",23,0,11,0.02,0.002,0.018,0.014142135623731,90,0.02,0,0.016,NA,NA,NA,2.41049479878662,NA,0,NA
2495863,"Tarvaris Jackson","SEA","QB",32,9,9,0.02,0.002,0.018,0.014142135623731,54,0.006,6,0.016,NA,46,8,7.55049883237052,NA,-0.2,NA
2539961,"Ryan Nassib","NYG","QB",25,2,11,0.016,0.0016,0.0144,0.0113137084989848,55,0.004,6,0.0128,NA,39,3,3.70992105625942,NA,NA,NA
2507282,"Matt Moore","MIA","QB",31,8,5,0.012,0.0012,0.0108,0.00848528137423857,56,0.002,6,0.0096,NA,44,4,4.475174647807,NA,NA,NA
2543751,"David Fales","CHI","QB",25,1,7,0.012,0.0012,0.0108,0.00848528137423857,56,0.004,6,0.0096,NA,NA,NA,3.07440036810447,NA,NA,NA
79629,"Cedric Peerman","CIN","RB",29,6,7,0.01,0.001,0.009,0.00707106781186548,119,0,7,0.008,NA,NA,NA,2.33941184630287,NA,NA,NA
2527672,"Will Tukuafu","SEA","RB",31,5,9,0.01,0.01,0.01,NA,119,0.005,7,0,NA,NA,NA,NA,NA,0.4,NA
2541944,"Russell Shepard","TB","WR",25,2,6,0.01,0.01,0.01,NA,157,0.01,6,0,NA,128.7,4.8,3.43483285829562,NA,NA,NA
2552636,"Michael Burton","DET","RB",23,0,9,0.01,0.001,0.009,0.00707106781186548,119,0.01,7,0.008,NA,93,5,3.49901694837834,NA,NA,NA
2543497,"AJ McCarron","CIN","QB",25,1,7,0.008,0.000800000000000001,0.0072,0.00565685424949238,59,0.004,6,0.0064,NA,54.5,2.5,3.32133183616346,NA,0.76,NA
2543801,"Jimmy Garoppolo","NE","QB",24,1,4,0.008,0.000800000000000001,0.0072,0.00565685424949238,59,0.008,6,0.0064,NA,35.3,1.2,2.32340170650408,NA,NA,NA
184,"Donnie Avery","FA","WR",31,7,NA,0,0,0,NA,158,0,0,0,NA,NA,NA,NA,NA,NA,NA
216,"Fred Davis","FA","TE",29,7,NA,0,0,0,NA,94,0,0,0,NA,NA,NA,NA,NA,NA,NA
262,"Chris Johnson","ARI","RB",30,7,9,0,0,0,NA,124,0,7,0,NA,NA,NA,NA,NA,NA,NA
382,"Joe Flacco","BAL","QB",30,7,9,0,0,0,NA,61,0,6,0,NA,NA,NA,NA,NA,NA,NA
832,"Josh Morgan","FA","WR",30,7,NA,0,0,0,NA,158,0,0,0,NA,NA,NA,NA,NA,NA,NA
925,"Jamaal Charles","KC","RB",29,7,9,0,0,0,NA,124,0,7,0,NA,NA,NA,NA,NA,NA,NA
927,"Justin Forsett","BAL","RB",30,7,9,0,0,0,NA,124,0,7,0,NA,NA,NA,NA,NA,NA,NA
929,"BenJarvus Green-Ellis","FA","RB",30,7,NA,0,0,0,NA,124,0,7,0,NA,NA,NA,NA,NA,NA,NA
941,"Ray Rice","FA","RB",28,7,NA,0,0,0,NA,124,0,7,0,NA,NA,NA,NA,NA,NA,NA
1030,"Mario Manningham","FA","WR",29,7,NA,0,0,0,NA,158,0,0,0,NA,NA,NA,NA,NA,NA,NA
1032,"Jordy Nelson","GB","WR",30,7,7,0,0,0,NA,158,0,0,0,NA,NA,NA,NA,NA,NA,NA
1072,"Jermichael Finley","FA","TE",28,7,NA,0,0,0,NA,94,0,0,0,NA,NA,NA,NA,NA,NA,NA
1966,"John Carlson","FA","TE",31,7,NA,0,0,0,NA,94,0,0,0,NA,NA,NA,NA,NA,NA,NA
1980,"Peyton Hillis","FA","RB",29,7,NA,0,0,0,NA,124,0,7,0,NA,NA,NA,NA,NA,NA,NA
4231,"Jed Collins","FA","RB",29,7,NA,0,0,0,NA,124,0,7,0,NA,NA,NA,NA,NA,NA,NA
4381,"Garrett Hartley","FA","K",29,7,NA,0,0,0,NA,34,0,0,0,NA,NA,NA,NA,NA,NA,NA
4383,"Tim Hightower","NO","RB",29,7,11,0,0,0,0,124,0,7,0,NA,76.3,7.1,4.54757906150924,NA,0.2,NA
4487,"Matthew Slater","NE","WR",30,7,4,0,0,0,NA,158,0,0,0,NA,NA,NA,NA,NA,NA,NA
71247,"James Casey","FA","TE",31,6,NA,0,0,0,0,94,0,0,0,NA,NA,NA,2.38474378114067,NA,NA,NA
71255,"Chase Coffman","FA","TE",29,6,NA,0,0,0,0,94,0,0,0,NA,NA,NA,2.38474378114067,NA,NA,NA
79555,"Arian Foster","HOU","RB",29,6,9,0,0,0,NA,124,0,7,0,NA,NA,NA,NA,NA,NA,NA
79557,"Josh Freeman","FA","QB",27,6,NA,0,0,0,NA,61,0,6,0,NA,NA,NA,NA,NA,NA,NA
79563,"Shonn Greene","FA","RB",30,6,NA,0,0,0,NA,124,0,7,0,NA,NA,NA,NA,NA,NA,NA
79619,"Knowshon Moreno","FA","RB",28,6,NA,0,0,0,NA,124,0,7,0,NA,NA,NA,NA,NA,NA,NA
79625,"Bear Pascoe","FA","TE",29,6,NA,0,0,0,NA,94,0,0,0,NA,NA,NA,NA,NA,NA,NA
80425,"Percy Harvin","BUF","WR",27,6,8,0,0,0,NA,158,0,0,0,NA,NA,NA,NA,NA,NA,NA
80670,"Louis Murphy","TB","WR",28,6,6,0,0,0,NA,158,0,0,0,NA,NA,NA,NA,NA,NA,NA
80674,"Chris Ogbonnaya","FA","RB",29,6,NA,0,0,0,NA,124,0,7,0,NA,NA,NA,NA,NA,NA,NA
81288,"Brandon Gibson","NE","WR",28,6,4,0,0,0,NA,158,0,0,0,NA,NA,NA,NA,NA,NA,NA
81857,"Kevin Ogletree","FA","WR",28,6,NA,0,0,0,NA,158,0,0,0,NA,NA,NA,NA,NA,NA,NA
89798,"Antone Smith","CHI","RB",30,6,7,0,0,0,0,124,0,7,0,NA,69.3,2.6,2.28992097099083,NA,NA,NA
238445,"Frank Summers","FA","RB",30,6,NA,0,0,0,NA,124,0,7,0,NA,NA,NA,NA,NA,NA,NA
238498,"Julian Edelman","NE","WR",29,6,4,0,0,0,NA,158,0,0,0,NA,NA,NA,NA,NA,NA,NA
496812,"Erik Lorig","FA","RB",29,5,NA,0,0,0,NA,124,0,7,0,NA,NA,NA,NA,NA,NA,NA
497121,"Thad Lewis","PHI","QB",28,5,8,0,0,0,0,61,0,6,0,NA,NA,NA,3.06009054973125,NA,NA,NA
497123,"Colt McCoy","WAS","QB",29,5,8,0,0,0,0,61,0,6,0,NA,45.3,11.1,9.91825352368314,NA,NA,NA
497135,"Tim Tebow","FA","QB",28,5,NA,0,0,0,NA,61,0,6,0,NA,NA,NA,NA,NA,NA,NA
497174,"Jonathan Dwyer","FA","RB",26,5,NA,0,0,0,NA,124,0,7,0,NA,NA,NA,NA,NA,NA,NA
497190,"Dexter McCluster","TEN","RB",27,5,4,0,0,0,NA,124,0,7,0,NA,71.4,11.6,11.2810857826412,NA,NA,NA
497192,"Joe McKnight","FA","RB",27,5,NA,0,0,0,NA,124,0,7,0,NA,NA,NA,NA,NA,NA,NA
497218,"Trindon Holliday","FA","WR",29,5,NA,0,0,0,NA,158,0,0,0,NA,NA,NA,NA,NA,NA,NA
497236,"Jimmy Graham","SEA","TE",29,5,9,0,0,0,NA,94,0,0,0,NA,NA,NA,NA,NA,NA,NA
497254,"Dennis Pitta","BAL","TE",30,5,9,0,0,0,NA,94,0,0,0,NA,NA,NA,NA,NA,NA,NA
497256,"Tony Moeaki","ATL","TE",28,5,10,0,0,0,NA,94,0,0,0,NA,NA,NA,NA,NA,NA,NA
497258,"Andrew Quarless","GB","TE",27,5,7,0,0,0,NA,94,0,0,0,NA,NA,NA,NA,NA,NA,NA
497260,"Seyi Ajirotutu","PHI","WR",28,5,8,0,0,0,0,158,0,6,0,NA,129,10,3.83334190380033,NA,0,NA
497288,"Jacoby Ford","FA","WR",28,5,NA,0,0,0,NA,158,0,0,0,NA,NA,NA,NA,NA,NA,NA
497312,"Preston Parker","FA","WR",28,5,NA,0,0,0,0,158,0,6,0,NA,NA,NA,2.10408412015394,NA,NA,NA
1037347,"Joe Webb","CAR","QB",29,5,5,0,0,0,NA,61,0,6,0,NA,NA,NA,NA,NA,NA,NA
1037366,"Michael Palmer","FA","TE",27,5,NA,0,0,0,NA,94,0,0,0,NA,NA,NA,NA,NA,NA,NA
1037847,"Deji Karim","FA","RB",29,5,NA,0,0,0,NA,124,0,7,0,NA,NA,NA,NA,NA,NA,NA
2495162,"Alex Henery","FA","K",28,4,NA,0,0,0,NA,34,0,0,0,NA,NA,NA,NA,NA,NA,NA
2495172,"Kendall Hunter","FA","RB",27,4,NA,0,0,0,NA,124,0,7,0,NA,NA,NA,NA,NA,NA,NA
2495179,"Jerrel Jernigan","FA","WR",26,4,NA,0,0,0,NA,158,0,0,0,NA,NA,NA,NA,NA,NA,NA
2495186,"Colin Kaepernick","SF","QB",28,4,10,0,0,0,NA,61,0,6,0,NA,NA,NA,NA,NA,NA,NA
2495194,"Jake Locker","FA","QB",27,4,NA,0,0,0,NA,61,0,6,0,NA,NA,NA,NA,NA,NA,NA
2495211,"Niles Paul","WAS","TE",26,4,8,0,0,0,NA,94,0,0,0,NA,NA,NA,NA,NA,NA,NA
2495212,"Austin Pettis","FA","WR",27,4,NA,0,0,0,NA,158,0,0,0,NA,NA,NA,NA,NA,NA,NA
2495215,"Christian Ponder","DEN","QB",27,4,7,0,0,0,0,61,0,6,0,NA,52,3,3.70038117734394,NA,NA,NA
2495223,"Greg Salas","FA","WR",27,4,NA,0,0,0,NA,158,0,0,0,NA,NA,NA,NA,NA,NA,NA
2495306,"Ricardo Lockette","SEA","WR",29,4,9,0,0,0,NA,158,0,0,0,NA,NA,NA,NA,NA,NA,NA
2495331,"Aldrick Robinson","FA","WR",27,4,NA,0,0,0,NA,158,0,0,0,NA,NA,NA,NA,NA,NA,NA
2495338,"Dane Sanzenbacher","FA","WR",27,4,NA,0,0,0,NA,158,0,0,0,NA,NA,NA,NA,NA,NA,NA
2495443,"Ryan Mallett","FA","QB",27,4,NA,0,0,0,0,61,0,6,0,NA,NA,NA,3.06009054973125,NA,NA,NA
2495449,"Tandon Doss","FA","WR",26,4,NA,0,0,0,NA,158,0,0,0,NA,NA,NA,NA,NA,NA,NA
2495467,"Taiwan Jones","OAK","RB",27,4,6,0,0,0,NA,124,0,7,0,NA,68.9,5.4,5.0599834887682,NA,NA,NA
2495468,"Mikel Leshoure","FA","RB",25,4,NA,0,0,0,NA,124,0,7,0,NA,NA,NA,NA,NA,NA,NA
2495469,"Dion Lewis","NE","RB",25,4,4,0,0,0,NA,124,0,7,0,NA,NA,NA,NA,NA,NA,NA
2495471,"Jacquizz Rodgers","CHI","RB",25,4,7,0,0,0,NA,124,0,7,0,NA,NA,NA,NA,NA,NA,NA
2495560,"Ahmad Bradshaw","IND","RB",29,8,10,0,0,0,NA,124,0,7,0,NA,NA,NA,NA,NA,NA,NA
2495651,"Jacoby Jones","PIT","WR",31,8,11,0,0,0,NA,158,0,0,0,NA,NA,NA,NA,NA,-3,NA
2495660,"Brian Leonard","FA","RB",31,8,NA,0,0,0,NA,124,0,7,0,NA,NA,NA,NA,NA,NA,NA
2495663,"Marshawn Lynch","SEA","RB",29,8,9,0,0,0,NA,124,0,7,0,NA,NA,NA,NA,NA,NA,NA
2495676,"Robert Meachem","FA","WR",31,8,NA,0,0,0,NA,158,0,0,0,NA,NA,NA,NA,NA,NA,NA
2495724,"Dante Rosario","FA","TE",31,8,NA,0,0,0,NA,94,0,0,0,NA,NA,NA,NA,NA,NA,NA
2495838,"Bruce Gradkowski","PIT","QB",32,9,11,0,0,0,NA,61,0,6,0,NA,NA,NA,NA,NA,NA,NA
2495843,"Derek Hagan","FA","WR",31,9,NA,0,0,0,NA,158,0,0,0,NA,NA,NA,NA,NA,NA,NA
2499248,"Kris Durham","FA","WR",27,4,NA,0,0,0,NA,158,0,0,0,NA,NA,NA,NA,NA,NA,NA
2499255,"Richard Gordon","DEN","TE",28,4,7,0,0,0,NA,94,0,0,0,NA,NA,NA,NA,NA,NA,NA
2499277,"David Ausberry","FA","TE",28,4,NA,0,0,0,NA,94,0,0,0,NA,NA,NA,NA,NA,NA,NA
2501863,"Peyton Manning","DEN","QB",39,17,7,0,0,0,NA,61,0,6,0,NA,NA,NA,NA,NA,NA,NA
2504343,"Jay Feely","FA","K",39,16,NA,0,0,0,NA,34,0,0,0,NA,NA,NA,NA,NA,NA,NA
2504531,"Michael Vick","PIT","QB",35,14,11,0,0,0,0,61,0,6,0,NA,NA,NA,3.06009054973125,NA,NA,NA
2504743,"Santana Moss","FA","WR",36,14,NA,0,0,0,NA,158,0,0,0,NA,NA,NA,NA,NA,NA,NA
2504941,"Billy Cundiff","FA","K",35,13,NA,0,0,0,0,34,0,0,0,NA,NA,NA,0.936851876012867,NA,NA,NA
2505076,"Josh McCown","CLE","QB",36,13,11,0,0,0,NA,61,0,6,0,NA,NA,NA,NA,NA,NA,NA
2505310,"Kassim Osgood","FA","WR",35,12,NA,0,0,0,NA,158,0,0,0,NA,NA,NA,NA,NA,NA,NA
2505354,"Tony Romo","DAL","QB",35,12,6,0,0,0,NA,61,0,6,0,NA,NA,NA,NA,NA,NA,NA
2505936,"Steven Jackson","FA","RB",32,11,NA,0,0,0,NA,124,0,7,0,NA,NA,NA,NA,NA,NA,NA
2506053,"Luke McCown","NO","QB",34,11,11,0,0,0,NA,61,0,6,0,NA,NA,NA,NA,NA,NA,NA
2506149,"Shaun Suisham","PIT","K",NA,NA,11,0,0,0,NA,34,0,0,0,NA,NA,NA,NA,NA,NA,NA
2506222,"Josh Cribbs","FA","WR",32,10,NA,0,0,0,NA,158,0,0,0,NA,NA,NA,NA,NA,NA,NA
2506341,"Ronnie Brown","FA","RB",34,10,NA,0,0,0,NA,124,0,7,0,NA,NA,NA,NA,NA,NA,NA
2506364,"Jason Campbell","FA","QB",34,10,NA,0,0,0,NA,61,0,6,0,NA,NA,NA,NA,NA,NA,NA
2506444,"Kyle Orton","FA","QB",33,10,NA,0,0,0,NA,61,0,6,0,NA,NA,NA,NA,NA,NA,NA
2506619,"Daniel Fells","NYG","TE",32,9,11,0,0,0,NA,94,0,0,0,NA,NA,NA,NA,NA,NA,NA
2506874,"Reggie Bush","SF","RB",30,9,10,0,0,0,NA,124,0,7,0,NA,NA,NA,NA,NA,NA,NA
2506885,"Santonio Holmes","FA","WR",31,9,NA,0,0,0,NA,158,0,0,0,NA,NA,NA,NA,NA,NA,NA
2507029,"Eric Weems","ATL","WR",30,8,10,0,0,0,NA,158,0,0,0,NA,NA,NA,NA,NA,NA,NA
2507141,"Pierre Thomas","FA","RB",31,8,NA,0,0,0,NA,124,0,7,0,NA,NA,NA,NA,NA,NA,NA
2507170,"Zach Miller","FA","TE",30,8,NA,0,0,0,NA,94,0,0,0,NA,20.4,6.4,5.48964930449204,NA,NA,NA
2507170,"Zach Miller","FA","TE",30,8,NA,0,0,0,NA,94,0,0,0,NA,26,2,2.42743892521115,NA,NA,NA
2507192,"Michael Bush","FA","RB",31,8,NA,0,0,0,NA,124,0,7,0,NA,NA,NA,NA,NA,NA,NA
2507225,"Nick Folk","NYJ","K",31,8,5,0,0,0,NA,34,0,0,0,NA,NA,NA,NA,NA,NA,NA
2507237,"Jordan Palmer","FA","QB",31,8,NA,0,0,0,NA,61,0,6,0,NA,NA,NA,NA,NA,NA,NA
2507278,"Jackie Battle","FA","RB",32,8,NA,0,0,0,NA,124,0,7,0,NA,NA,NA,NA,NA,NA,NA
2507585,"Will Taufoou","FA","RB",29,3,NA,0,0,0,NA,124,0,7,0,NA,NA,NA,NA,NA,NA,NA
2507596,"Marcus Thigpen","BUF","RB",29,6,8,0,0,0,NA,124,0,7,0,NA,NA,NA,NA,NA,0,NA
2507828,"Logan Paulsen","WAS","TE",28,5,8,0,0,0,NA,94,0,0,0,NA,NA,NA,NA,NA,NA,NA
2507855,"Victor Cruz","NYG","WR",29,5,11,0,0,0,NA,158,0,0,0,NA,NA,NA,NA,NA,NA,NA
2507884,"David Nelson","PIT","WR",29,5,11,0,0,0,NA,158,0,0,0,NA,NA,NA,NA,NA,NA,NA
2507897,"Alfonso Smith","FA","RB",28,5,NA,0,0,0,NA,124,0,7,0,NA,NA,NA,NA,NA,NA,NA
2508051,"John Conner","FA","RB",28,5,NA,0,0,0,NA,124,0,7,0,NA,NA,NA,NA,NA,NA,NA
2508101,"James Develin","NE","RB",27,5,4,0,0,0,NA,124,0,7,0,NA,NA,NA,NA,NA,NA,NA
2508112,"Rob Housler","FA","TE",27,4,NA,0,0,0,NA,94,0,0,0,NA,NA,NA,NA,NA,NA,NA
2508115,"Vincent Brown","FA","WR",26,4,NA,0,0,0,NA,158,0,0,0,NA,NA,NA,NA,NA,NA,NA
2530516,"Robert Hughes","FA","RB",26,4,NA,0,0,0,NA,124,0,7,0,NA,NA,NA,NA,NA,NA,NA
2530575,"Drew Davis","FA","WR",26,3,NA,0,0,0,NA,158,0,0,0,NA,NA,NA,NA,NA,NA,NA
2530598,"Jeremy Ross","OAK","WR",27,4,6,0,0,0,0,158,0,6,0,NA,NA,NA,2.10408412015394,NA,0,NA
2530690,"DuJuan Harris","FA","RB",27,4,NA,0,0,0,NA,124,0,7,0,NA,NA,NA,NA,NA,0.7,NA
2530699,"Henry Hynoski","FA","RB",27,4,NA,0,0,0,NA,124,0,7,0,NA,NA,NA,NA,NA,NA,NA
2530713,"Jeff Maehl","FA","WR",26,4,NA,0,0,0,NA,158,0,0,0,NA,NA,NA,NA,NA,NA,NA
2531049,"Chris Matthews","FA","WR",26,2,NA,0,0,0,0,158,0,6,0,NA,NA,NA,2.10408412015394,NA,NA,NA
2531218,"Chase Reynolds","STL","RB",28,3,6,0,0,0,NA,124,0,7,0,NA,NA,NA,NA,NA,NA,NA
2531332,"Terrelle Pryor","FA","WR",26,4,NA,0,0,0,0,158,0,6,0,NA,NA,NA,2.10408412015394,NA,NA,NA
2532799,"Jarrett Boykin","FA","WR",26,3,NA,0,0,0,NA,158,0,0,0,NA,NA,NA,NA,NA,NA,NA
2532807,"Ryan Broyles","FA","WR",27,3,NA,0,0,0,NA,158,0,0,0,NA,NA,NA,NA,NA,NA,NA
2532823,"Juron Criner","FA","WR",26,3,NA,0,0,0,NA,158,0,0,0,NA,NA,NA,NA,NA,NA,NA
2532850,"T.J. Graham","NO","WR",26,3,11,0,0,0,0,158,0,6,0,NA,117.5,12.8,4.4062022039564,NA,0,NA
2532851,"Cyrus Gray","FA","RB",26,3,NA,0,0,0,NA,124,0,7,0,NA,NA,NA,NA,NA,NA,NA
2532862,"Junior Hemingway","FA","WR",27,3,NA,0,0,0,NA,158,0,0,0,NA,NA,NA,NA,NA,NA,NA
2532876,"A.J. Jenkins","FA","WR",25,3,NA,0,0,0,NA,158,0,0,0,NA,NA,NA,NA,NA,NA,NA
2532888,"Case Keenum","STL","QB",27,3,6,0,0,0,NA,61,0,6,0,NA,34.5,6.5,9.71414173389175,NA,NA,NA
2532894,"Ryan Lindley","FA","QB",26,3,NA,0,0,0,NA,61,0,6,0,NA,NA,NA,NA,NA,NA,NA
2532917,"Kellen Moore","FA","QB",26,3,NA,0,0,0,0,61,0,6,0,NA,NA,NA,3.06009054973125,NA,NA,NA
2532923,"Chris Owusu","NYJ","WR",25,3,5,0,0,0,NA,158,0,0,0,NA,NA,NA,NA,NA,NA,NA
2532930,"DeVier Posey","FA","WR",25,3,NA,0,0,0,NA,158,0,0,0,NA,NA,NA,NA,NA,NA,NA
2532970,"Brandon Weeden","HOU","QB",32,3,9,0,0,0,0,61,0,6,0,NA,NA,NA,3.06009054973125,NA,NA,NA
2533012,"Vick Ballard","FA","RB",25,3,NA,0,0,0,NA,124,0,7,0,NA,NA,NA,NA,NA,NA,NA
2533031,"Andrew Luck","IND","QB",26,3,10,0,0,0,NA,61,0,6,0,NA,NA,NA,NA,NA,NA,NA
2533032,"Trent Richardson","FA","RB",24,3,NA,0,0,0,NA,124,0,7,0,NA,NA,NA,NA,NA,NA,NA
2533036,"LaMichael James","FA","RB",26,3,NA,0,0,0,0,124,0,7,0,NA,NA,NA,2.32938852141414,NA,NA,NA
2533038,"Justin Blackmon","JAC","WR",25,3,8,0,0,0,NA,158,0,0,0,NA,NA,NA,NA,NA,NA,NA
2533047,"Orson Charles","FA","TE",24,3,NA,0,0,0,NA,94,0,0,0,NA,NA,NA,NA,NA,NA,NA
2533537,"Stephen Hill","CAR","WR",24,3,5,0,0,0,NA,158,0,0,0,NA,NA,NA,NA,NA,NA,NA
2533540,"Edwin Baker","FA","RB",24,3,NA,0,0,0,NA,124,0,7,0,NA,NA,NA,NA,NA,NA,NA
2534244,"Chase Ford","BAL","TE",25,3,9,0,0,0,NA,94,0,0,0,NA,NA,NA,NA,NA,NA,NA
2534752,"Adrien Robinson","FA","TE",27,3,NA,0,0,0,NA,94,0,0,0,NA,NA,NA,NA,NA,NA,NA
2534789,"Daryl Richardson","FA","RB",25,3,NA,0,0,0,NA,124,0,7,0,NA,NA,NA,NA,NA,NA,NA
2534796,"Bryce Brown","FA","RB",24,3,NA,0,0,0,0,124,0,7,0,NA,NA,NA,2.32938852141414,NA,NA,NA
2534889,"Matt Simms","FA","QB",27,3,NA,0,0,0,NA,61,0,6,0,NA,NA,NA,NA,NA,NA,NA
2535535,"Phillip Supernaw","TEN","TE",25,3,4,0,0,0,NA,94,0,0,0,NA,NA,NA,NA,NA,NA,NA
2535696,"Joe Banyard","JAC","RB",27,3,8,0,0,0,0,124,0,7,0,NA,NA,NA,2.32938852141414,NA,NA,NA
2535708,"Lance Dunbar","DAL","RB",25,3,6,0,0,0,NA,124,0,7,0,NA,NA,NA,NA,NA,NA,NA
2535716,"Saalim Hakim","FA","WR",25,3,NA,0,0,0,NA,158,0,0,0,NA,NA,NA,NA,NA,NA,NA
2535882,"Mike Brown","FA","WR",26,3,NA,0,0,0,NA,158,0,0,0,NA,NA,NA,NA,NA,NA,NA
2536031,"Damaris Johnson","FA","WR",26,3,NA,0,0,0,0,158,0,6,0,NA,NA,NA,2.10408412015394,NA,0,NA
2536056,"Jeremy Stewart","FA","RB",26,3,NA,0,0,0,NA,124,0,7,0,NA,NA,NA,NA,NA,NA,NA
2536342,"Brandon Bostick","FA","TE",26,3,NA,0,0,0,NA,94,0,0,0,NA,NA,NA,NA,NA,NA,NA
2537931,"Josh Gordon","CLE","WR",24,3,11,0,0,0,NA,158,0,0,0,NA,NA,NA,NA,NA,NA,NA
2537933,"Larry Donnell","NYG","TE",27,3,11,0,0,0,NA,94,0,0,0,NA,NA,NA,NA,NA,NA,NA
2539235,"Tavarres King","FA","WR",25,2,NA,0,0,0,NA,158,0,0,0,NA,NA,NA,NA,NA,NA,NA
2539246,"Chris Harper","FA","WR",26,2,NA,0,0,0,NA,158,0,0,0,NA,79.7,7.4,4.49871627287117,NA,NA,NA
2539256,"Aaron Dobson","NE","WR",24,2,4,0,0,0,NA,158,0,0,0,NA,NA,NA,NA,NA,NA,NA
2539308,"Matt Barkley","ARI","QB",25,2,9,0,0,0,0,61,0,6,0,NA,NA,NA,3.06009054973125,NA,NA,NA
2539322,"Christine Michael","FA","RB",25,2,NA,0,0,0,0,124,0,7,0,NA,NA,NA,2.32938852141414,NA,NA,NA
2539341,"Montee Ball","FA","RB",25,2,NA,0,0,0,NA,124,0,7,0,NA,NA,NA,NA,NA,NA,NA
2539663,"Mike Gillislee","FA","RB",25,2,NA,0,0,0,NA,124,0,7,0,NA,NA,NA,NA,NA,4.6,NA
2539964,"Marquise Goodwin","BUF","WR",25,2,8,0,0,0,NA,158,0,0,0,NA,NA,NA,NA,NA,NA,NA
2539980,"Kerwynn Williams","FA","RB",24,2,NA,0,0,0,NA,124,0,7,0,NA,65.4,8,7.66883283781169,NA,11.9,NA
2540151,"Justin Hunter","TEN","WR",24,2,4,0,0,0,NA,158,0,0,0,NA,NA,NA,NA,NA,NA,NA
2540154,"Keenan Allen","SD","WR",23,2,10,0,0,0,NA,158,0,0,0,NA,NA,NA,NA,NA,NA,NA
2540157,"Stedman Bailey","STL","WR",25,2,6,0,0,0,NA,158,0,0,0,NA,NA,NA,NA,NA,NA,NA
2540171,"Joseph Randle","FA","RB",24,2,NA,0,0,0,NA,124,0,7,0,NA,NA,NA,NA,NA,NA,NA
2540175,"LeVeon Bell","PIT","RB",23,2,11,0,0,0,NA,124,0,7,0,NA,NA,NA,NA,NA,NA,NA
2540179,"DaRick Rogers","FA","WR",24,2,NA,0,0,0,NA,158,0,0,0,NA,NA,NA,NA,NA,NA,NA
2540181,"Josh Boyce","NE","WR",24,2,4,0,0,0,NA,158,0,0,0,NA,NA,NA,NA,NA,NA,NA
2540233,"Nick Kasa","FA","TE",25,2,NA,0,0,0,NA,94,0,0,0,NA,NA,NA,NA,NA,NA,NA
2540259,"MarQueis Gray","BUF","TE",25,2,8,0,0,0,NA,94,0,0,0,NA,NA,NA,NA,NA,NA,NA
2540267,"Ace Sanders","FA","WR",24,2,NA,0,0,0,NA,158,0,0,0,NA,NA,NA,NA,NA,NA,NA
2540273,"Zac Stacy","NYJ","RB",24,2,5,0,0,0,NA,124,0,7,0,NA,NA,NA,NA,NA,NA,NA
2541096,"Ifeanyi Momah","ARI","TE",26,2,9,0,0,0,NA,94,0,0,0,NA,NA,NA,NA,NA,NA,NA
2541185,"Ryan Griffin","TB","QB",26,2,6,0,0,0,NA,61,0,6,0,NA,NA,NA,NA,NA,NA,NA
2541314,"Justin Brown","FA","WR",24,2,NA,0,0,0,NA,158,0,0,0,NA,NA,NA,NA,NA,NA,NA
2541390,"Kevin Dorsey","NE","WR",25,2,4,0,0,0,NA,158,0,0,0,NA,NA,NA,NA,NA,NA,NA
2541429,"B.J. Daniels","SEA","WR",26,2,9,0,0,0,0,158,0,6,0,NA,NA,NA,2.10408412015394,NA,0,NA
2541432,"Michael Cox","FA","RB",26,2,NA,0,0,0,NA,124,0,7,0,NA,NA,NA,NA,NA,NA,NA
2541512,"Brian Leonhardt","OAK","TE",25,2,6,0,0,0,NA,94,0,0,0,NA,NA,NA,NA,NA,NA,NA
2542022,"Khiry Robinson","NO","RB",26,2,11,0,0,0,NA,124,0,7,0,NA,NA,NA,NA,NA,NA,NA
2543471,"Kelvin Benjamin","CAR","WR",24,1,5,0,0,0,NA,158,0,6,0,NA,NA,NA,NA,NA,NA,NA
2543481,"Jace Amaro","NYJ","TE",23,1,5,0,0,0,NA,94,0,0,0,NA,NA,NA,NA,NA,NA,NA
2543533,"Patrick Murray","TB","K",24,1,6,0,0,0,NA,34,0,0,0,NA,NA,NA,NA,NA,NA,NA
2543559,"Lache Seastrunk","FA","RB",24,1,NA,0,0,0,NA,124,0,7,0,NA,NA,NA,NA,NA,NA,NA
2543570,"Storm Johnson","FA","RB",23,1,NA,0,0,0,NA,124,0,7,0,NA,NA,NA,NA,NA,NA,NA
2543587,"Aaron Murray","KC","QB",25,1,9,0,0,0,0,61,0,6,0,NA,NA,NA,3.06009054973125,NA,NA,NA
2543596,"Dri Archer","FA","RB",24,1,NA,0,0,0,0,124,0,7,0,NA,NA,NA,2.32938852141414,NA,NA,NA
2543619,"Walt Powell","FA","WR",24,1,NA,0,0,0,0,158,0,6,0,NA,NA,NA,2.10408412015394,NA,NA,NA
2543640,"Tom Savage","HOU","QB",25,1,9,0,0,0,NA,61,0,6,0,NA,NA,NA,NA,NA,NA,NA
2543655,"Tyler Gaffney","NE","RB",24,1,4,0,0,0,NA,124,0,7,0,NA,NA,NA,NA,NA,NA,NA
2543689,"Kevin Norwood","CAR","WR",26,1,5,0,0,0,0,158,0,6,0,NA,NA,NA,2.10408412015394,NA,NA,NA
2543690,"Marion Grice","FA","RB",23,1,NA,0,0,0,NA,124,0,7,0,NA,NA,NA,NA,NA,NA,NA
2543743,"Carlos Hyde","SF","RB",24,1,10,0,0,0,NA,124,0,7,0,NA,NA,NA,NA,NA,NA,NA
2543767,"Logan Thomas","FA","QB",24,1,NA,0,0,0,0,61,0,6,0,NA,NA,NA,3.06009054973125,NA,NA,NA
2543777,"Robert Herron","FA","WR",23,1,NA,0,0,0,NA,158,0,6,0,NA,NA,NA,NA,NA,NA,NA
2543781,"Zach Hocker","STL","K",24,1,6,0,0,0,NA,34,0,0,0,NA,28.3,3.6,3.94978666265336,NA,3,NA
2543792,"Matt Hazel","MIA","WR",23,1,5,0,0,0,0,158,0,6,0,NA,NA,NA,2.10408412015394,NA,NA,NA
2543836,"T.J. Jones","DET","WR",23,1,9,0,0,0,0,158,0,6,0,NA,NA,NA,2.10408412015394,NA,3.7,NA
2550158,"Nate Freese","FA","K",25,1,NA,0,0,0,NA,34,0,0,0,NA,NA,NA,NA,NA,NA,NA
2550163,"Michael Campanaro","BAL","WR",24,1,9,0,0,0,NA,158,0,6,0,NA,NA,NA,NA,NA,NA,NA
2550182,"Isaiah Burse","DEN","WR",24,1,7,0,0,0,NA,158,0,6,0,NA,NA,NA,NA,NA,NA,NA
2550233,"Rajion Neal","FA","RB",23,1,NA,0,0,0,NA,124,0,7,0,NA,NA,NA,NA,NA,NA,NA
2550252,"Connor Shaw","CLE","QB",24,1,11,0,0,0,NA,61,0,6,0,NA,NA,NA,NA,NA,NA,NA
2550310,"Carey Spear","FA","K",23,1,NA,0,0,0,NA,34,0,0,0,NA,NA,NA,NA,NA,NA,NA
2550356,"Marcel Jensen","FA","TE",25,1,NA,0,0,0,NA,94,0,0,0,NA,NA,NA,NA,NA,NA,NA
2550359,"Seantavius Jones","NO","WR",23,1,11,0,0,0,NA,158,0,6,0,NA,NA,NA,NA,NA,NA,NA
2550376,"Stephen Morris","FA","QB",23,1,NA,0,0,0,NA,61,0,6,0,NA,NA,NA,NA,NA,NA,NA
2550380,"Cody Parkey","PHI","K",23,1,8,0,0,0,NA,34,0,0,0,NA,NA,NA,NA,NA,NA,NA
2550485,"Gator Hoskins","FA","TE",24,1,NA,0,0,0,NA,94,0,0,0,NA,NA,NA,NA,NA,NA,NA
2550500,"Solomon Patton","DEN","WR",25,1,7,0,0,0,NA,158,0,6,0,NA,NA,NA,NA,NA,NA,NA
2550529,"Silas Redd","WAS","RB",23,1,8,0,0,0,NA,124,0,7,0,NA,NA,NA,NA,NA,NA,NA
2550542,"Kapri Bibbs","FA","RB",22,1,NA,0,0,0,NA,124,0,7,0,NA,NA,NA,NA,NA,NA,NA
2550596,"Darrin Reaves","CAR","RB",22,1,5,0,0,0,NA,124,0,7,0,NA,NA,NA,NA,NA,NA,NA
2550608,"RaShaun Allen","SEA","TE",25,1,9,0,0,0,NA,94,0,0,0,NA,NA,NA,NA,NA,NA,NA
2550658,"Branden Oliver","SD","RB",24,1,10,0,0,0,NA,124,0,7,0,NA,NA,NA,NA,NA,NA,NA
2550738,"Fitzgerald Toussaint","BAL","RB",25,1,9,0,0,0,NA,124,0,7,0,NA,NA,NA,NA,NA,1.2,NA
2551247,"Josh Harris","PIT","RB",24,1,11,0,0,0,NA,124,0,7,0,NA,NA,NA,NA,NA,NA,NA
2552369,"Bryce Petty","NYJ","QB",24,0,5,0,0,0,0,61,0,6,0,NA,NA,NA,3.06009054973125,NA,NA,NA
2552371,"Garrett Grayson","NO","QB",24,0,11,0,0,0,0,61,0,6,0,NA,NA,NA,3.06009054973125,NA,NA,NA
2552382,"Malcolm Brown","STL","RB",22,0,6,0,0,0,NA,124,0,7,0,NA,NA,NA,NA,NA,NA,NA
2552383,"Terrence Magee","BAL","RB",22,0,9,0,0,0,NA,124,0,7,0,NA,NA,NA,NA,NA,NA,NA
2552396,"Ben Koyack","JAC","TE",22,0,8,0,0,0,NA,94,0,0,0,NA,NA,NA,NA,NA,NA,NA
2552399,"Jeff Heuerman","DEN","TE",23,0,7,0,0,0,NA,94,0,0,0,NA,NA,NA,NA,NA,NA,NA
2552403,"Nick OLeary","BUF","TE",23,0,8,0,0,0,0,94,0,0,0,NA,NA,NA,2.38474378114067,NA,NA,NA
2552411,"Dezmin Lewis","BUF","WR",23,0,8,0,0,0,NA,158,0,6,0,NA,NA,NA,NA,NA,NA,NA
2552421,"Kenny Bell","TB","WR",23,0,6,0,0,0,NA,158,0,6,0,NA,NA,NA,NA,NA,NA,NA
2552425,"Rashad Greene","JAC","WR",23,0,8,0,0,0,NA,158,0,6,0,NA,80.5,7.3,4.45779768000288,NA,7.5,NA
2552427,"Tony Lippett","MIA","WR",23,0,5,0,0,0,0,158,0,6,0,NA,NA,NA,2.10408412015394,NA,2,NA
2552428,"Tre McBride","TEN","WR",23,0,4,0,0,0,NA,158,0,6,0,NA,118.7,16.5,8.2223082238856,NA,0,NA
2552429,"Ty Montgomery","GB","WR",22,0,7,0,0,0,NA,158,0,6,0,NA,NA,NA,NA,NA,NA,NA
2552431,"Vince Mayle","CLE","WR",NA,NA,11,0,0,0,0,158,0,6,0,NA,NA,NA,2.10408412015394,NA,NA,NA
2552462,"Gerald Christian","ARI","TE",24,0,9,0,0,0,NA,94,0,0,0,NA,NA,NA,NA,NA,NA,NA
2552476,"Kenny Hilliard","HOU","RB",24,0,9,0,0,0,NA,124,0,7,0,NA,NA,NA,NA,NA,NA,NA
2552479,"DaRon Brown","KC","WR",24,0,9,0,0,0,NA,158,0,6,0,NA,NA,NA,NA,NA,NA,NA
2552559,"C.J. Uzomah","CIN","TE",22,0,7,0,0,0,NA,94,0,0,0,NA,NA,NA,NA,NA,0.4,NA
2552576,"Sean Mannion","STL","QB",23,0,6,0,0,0,0,61,0,6,0,NA,NA,NA,3.06009054973125,NA,NA,NA
2552580,"A.J. Derby","NE","TE",24,0,4,0,0,0,NA,94,0,0,0,NA,NA,NA,NA,NA,NA,NA
2552588,"Brett Hundley","GB","QB",22,0,7,0,0,0,0,61,0,6,0,NA,NA,NA,3.06009054973125,NA,NA,NA
2552597,"Breshad Perriman","BAL","WR",22,0,9,0,0,0,NA,158,0,6,0,NA,NA,NA,NA,NA,NA,NA
2552616,"Duron Carter","FA","WR",24,0,NA,0,0,0,NA,158,0,6,0,NA,NA,NA,NA,NA,NA,NA
2552634,"Joey Iosefa","TB","RB",NA,NA,6,0,0,0,NA,124,0,7,0,NA,NA,NA,NA,NA,NA,NA
2552647,"Marcus Murphy","NO","RB",24,0,11,0,0,0,0,124,0,7,0,NA,NA,NA,2.32938852141414,NA,NA,NA
2552650,"Mario Alford","CIN","WR",NA,NA,7,0,0,0,0,158,0,6,0,NA,NA,NA,2.10408412015394,NA,1.5,NA
2552651,"Kaelin Clay","TB","WR",23,0,6,0,0,0,0,158,0,6,0,NA,NA,NA,2.10408412015394,NA,0,NA
2553318,"James OShaughnessy","KC","TE",NA,NA,9,0,0,0,NA,94,0,0,0,NA,NA,NA,NA,NA,NA,NA
2553439,"Mike Davis","SF","RB",22,0,10,0,0,0,NA,124,0,7,0,NA,NA,NA,NA,NA,NA,NA
2553453,"Andre Debose","FA","WR",NA,NA,NA,0,0,0,NA,158,0,6,0,NA,NA,NA,NA,NA,NA,NA
2553454,"Geoff Swaim","DAL","TE",NA,NA,6,0,0,0,NA,94,0,0,0,NA,NA,NA,NA,NA,NA,NA
2553457,"Trevor Siemian","DEN","QB",NA,NA,7,0,0,0,0,61,NA,6,0,NA,NA,NA,3.06009054973125,NA,NA,NA
2553462,"Josh Robinson","IND","RB",23,0,10,0,0,0,0,124,0,7,0,NA,NA,NA,2.32938852141414,NA,NA,NA
2553465,"Rory Anderson","SF","TE",23,0,10,0,0,0,NA,94,0,0,0,NA,NA,NA,NA,NA,NA,NA
2553497,"Kyle Brindza","DET","K",22,0,9,0,0,0,0,34,NA,0,0,NA,NA,NA,0.936851876012867,NA,NA,NA
2553502,"DeAndre Carter","BAL","WR",22,0,9,0,0,0,NA,158,0,6,0,NA,NA,NA,NA,NA,NA,NA
2553511,"John Crockett","GB","RB",23,0,7,0,0,0,NA,124,0,7,0,NA,NA,NA,NA,NA,2.2,NA
2553650,"Corey Grant","JAC","RB",NA,NA,8,0,0,0,NA,124,0,7,0,NA,NA,NA,NA,NA,NA,NA
2553653,"Josh Harper","OAK","WR",24,0,6,0,0,0,NA,158,0,6,0,NA,NA,NA,NA,NA,NA,NA
2553660,"Akeem Hunt","NYG","RB",22,0,11,0,0,0,NA,124,0,7,0,NA,80,7.5,7.16713103991871,NA,0.7,NA
2553682,"Wes Saxton","NYJ","TE",22,0,5,0,0,0,NA,94,0,0,0,NA,NA,NA,NA,NA,NA,NA
2553703,"Devante Davis","PHI","WR",23,0,8,0,0,0,NA,158,0,6,0,NA,NA,NA,NA,NA,NA,NA
2553791,"E.J. Bibbs","CLE","TE",24,0,11,0,0,0,0,94,NA,0,0,NA,NA,NA,2.38474378114067,NA,0.7,NA
2553797,"Michael Dyer","OAK","RB",25,0,6,0,0,0,NA,124,NA,7,0,NA,NA,NA,NA,NA,NA,NA
2553913,"Tyrell Williams","SD","WR",NA,NA,10,0,0,0,NA,158,NA,6,0,NA,NA,NA,NA,NA,NA,NA
