"playerId","player","team","position","age","exp","bye","points","lower","upper","sdPts","positionRank","dropoff","tier","ptSpread","overallECR","positionECR","sdRank","risk","sleeper","actualPoints","salary"
2560757,"Lamar Jackson","BAL","QB",23,2,NA,24.2341333333333,21.6948,27.458,3.18950328086783,1,1.48153095238095,1,5.7632,NA,1.4,0.8,7.26964872102439,NA,NA,NA
2562382,"Kyler Murray","ARI","QB",50,1,NA,22.8990952380952,21.6838666666667,24.012,1.43770633577811,2,0.46104047619048,1,2.32813333333333,NA,2.4,0.8,4.6742275271586,NA,NA,NA
2532975,"Russell Wilson","SEA","QB",32,8,NA,22.6061095238095,21.4932,24.168,1.95713064503779,3,1.12364047619047,1,2.6748,NA,2.7,0.9,5.52817695610335,NA,NA,NA
2495455,"Cam Newton","NE","QB",31,9,NA,22.27,20.6037,24.26,1.80744933649605,4,1.97473095238095,1,3.6563,NA,6.2,1.3,5.64394295292907,NA,NA,NA
2555260,"Dak Prescott","DAL","QB",27,4,NA,20.6949380952381,19.84526,21.362,0.667984925098411,5,1.11320476190476,2,1.51674,NA,4,1.3,3.95573925370082,NA,NA,NA
2558125,"Patrick Mahomes","KC","QB",NA,3,NA,19.8956,18.3872,21.3004,1.53954202714097,6,1.03845476190477,2,2.9132,NA,5.2,0.7,4.74072231809703,NA,NA,NA
2560955,"Josh Allen","BUF","QB",24,2,NA,19.2678666666667,18.0412,20.841,1.36990241209608,7,1.19865476190476,3,2.7998,NA,6.3,0.9,4.6581534036104,NA,NA,NA
2506363,"Aaron Rodgers","GB","QB",37,15,NA,18.4464238095238,17.49712,19.7683,1.01653471360709,8,0.958185714285712,3,2.27118,NA,10,1.8,4.89405531421483,NA,NA,NA
2562796,"Gardner Minshew","JAC","QB",50,1,NA,17.692,17.051,18.49,0.670999254843103,9,0.540445238095241,4,1.439,NA,11.8,2.1,4.63526582716589,NA,NA,NA
310,"Matt Ryan","ATL","QB",35,12,NA,17.2844761904762,16.29,18.192,0.934784484117077,10,0.323078571428571,4,1.902,NA,8.6,1.4,4.43540578832472,NA,NA,NA
2504775,"Drew Brees","NO","QB",41,19,NA,17.0186333333333,16.0144,18.28475,1.0888605726477,11,0.165685714285715,4,2.27035,NA,15.6,2.4,5.5075070676157,NA,NA,NA
2555224,"Ezekiel Elliott","DAL","RB",25,4,NA,16.9155714285714,16.0956,17.946,0.882124680745842,1,0.447957142857142,1,1.8504,NA,1.5,0.8,3.7979827108127,NA,NA,NA
2506109,"Ben Roethlisberger","PIT","QB",38,16,NA,16.9041619047619,16.269,17.468,0.656068479778391,12,0.141261904761905,5,1.199,NA,10.3,1.7,4.27561443497164,NA,NA,NA
2558063,"Deshaun Watson","HOU","QB",25,3,NA,16.8017333333333,15.081,18.5221,1.79139322614178,13,0.123000000000001,5,3.4411,NA,12.5,1.9,6.12645005708506,NA,NA,NA
2532956,"Ryan Tannehill","TEN","QB",32,8,NA,16.7240666666667,15.8123,17.921,1.02090308779368,14,0.151390476190482,5,2.1087,NA,14.8,2.7,5.65997058477803,NA,NA,NA
2555259,"Carson Wentz","PHI","QB",28,4,NA,16.6334,15.0479,17.811,1.46864867412189,15,0.185523809523808,5,2.7631,NA,13.8,2.2,5.90142704197618,NA,NA,NA
2556075,"Derrick Henry","TEN","RB",26,4,NA,16.5540952380952,15.936,17.2228,0.739085062870797,2,0.567628571428571,1,1.2868,NA,2.3,1.2,3.66452317478221,NA,NA,NA
2506581,"Ryan Fitzpatrick","MIA","QB",38,15,NA,16.5119523809524,14.7618666666667,17.8392,1.40599127320103,16,0.454519047619044,5,3.07733333333334,NA,20.5,3.6,6.9899513823058,NA,NA,NA
79860,"Matthew Stafford","DET","QB",32,11,NA,16.3838,14.5857,18.1132,1.67296864764406,17,0.683936666666666,5,3.5275,NA,13.3,2.2,6.20414271407274,NA,NA,NA
2558019,"Alvin Kamara","NO","RB",24,3,NA,16.3811333333333,15.92475,17.09125,0.618622960022231,3,0.881816666666666,1,1.1665,NA,3.5,1.3,3.45457499600462,NA,NA,NA
2504211,"Tom Brady","TB","QB",43,20,NA,15.7310666666667,14.0032,17.385,1.80648245899778,18,0.315376666666667,5,3.3818,NA,16.6,2,6.23318848661742,NA,NA,NA
2563722,"Joe Burrow","CIN","QB",50,0,NA,15.66866,14.96862,16.232,0.67009035062445,19,0.538270000000001,6,1.26338,NA,17.7,1.7,4.29638890936122,NA,NA,NA
2564148,"Jonathan Taylor","IND","RB",50,0,NA,15.5918,14.674,16.9508,1.40998375877171,4,0.518895238095238,2,2.2768,NA,4,1.9,5.35148247460678,NA,NA,NA
2562722,"Miles Sanders","PHI","RB",50,1,NA,15.4068333333333,14.855,15.93,0.501011144253965,5,0.687630952380953,2,1.075,NA,8,3.3,4.03309802796232,NA,NA,NA
2560800,"Baker Mayfield","CLE","QB",25,2,NA,15.16272,14.7076,15.52136,0.411592264261611,20,0.0838900000000002,6,0.813760000000002,NA,23.7,2.3,4.41969967824609,NA,NA,NA
2565045,"Justin Herbert","LAC","QB",50,0,NA,15.09806,13.89248,16.2088,1.15093875510385,21,0.118860000000002,6,2.31632,NA,23.9,2.8,5.93701095083215,NA,NA,NA
2555334,"Jared Goff","LAR","QB",26,4,NA,15.0596,13.6344,16.5584,1.32057009911124,22,0.349229999999999,6,2.924,NA,20.9,2,5.51327215113924,NA,NA,NA
2558008,"Mitchell Trubisky","CHI","QB",26,3,NA,14.8988,12.762,16.9824,2.02507699409183,23,1.10969666666667,6,4.2204,NA,20,2,6.55705301374575,NA,NA,NA
2557991,"Dalvin Cook","MIN","RB",25,3,NA,14.7389761904762,14.022,15.3448,0.582734839234057,6,0.0770952380952377,2,1.3228,NA,5.5,0.9,3.21501411198396,NA,NA,NA
2558116,"Aaron Jones","GB","RB",26,3,NA,14.6994285714286,13.55,16.542,1.54978050673236,7,0.124011904761906,2,2.992,NA,7.3,1.9,5.64292438314293,NA,NA,NA
2559169,"Austin Ekeler","LAC","RB",NA,NA,NA,14.6243333333333,13.00875,16.98425,1.91910921176119,8,0.394523809523811,2,3.9755,NA,13.9,1,6.04221242625701,NA,NA,NA
2562377,"Josh Jacobs","LVR","RB",50,1,NA,14.5265,13.342,15.7483,1.40797309988508,9,0.608464285714284,2,2.4063,NA,7.1,1.9,5.34729074431346,NA,NA,NA
2506121,"Philip Rivers","IND","QB",39,16,NA,14.52194,13.0967,15.4872,1.42522237492961,24,1.53010666666667,7,2.3905,NA,20.6,1.7,5.41517477409396,NA,NA,NA
2540165,"DeAndre Hopkins","ARI","WR",28,7,NA,13.9675714285714,12.9356,15.5516,1.27247106805916,1,1.64325714285714,1,2.616,NA,1.1,0.5,3.96612270335943,NA,NA,NA
2561021,"Nick Chubb","CLE","RB",25,2,NA,13.933119047619,13.5156,14.3815,0.435729642586515,10,0.307817857142858,3,0.865900000000002,NA,7.8,0.9,2.90854435713851,NA,NA,NA
2558865,"Chris Carson","SEA","RB",26,3,NA,13.9029523809524,13.43,14.3986,0.517423117515716,11,0.576627380952379,3,0.968600000000002,NA,9.9,1.3,3.2435981623235,NA,NA,NA
2564271,"Clyde Edwards-Helaire","KC","RB",50,0,NA,13.34765,12.5712,14.274,0.865495010095379,12,0.0643999999999991,3,1.7028,NA,12.3,1.3,3.96924262945917,NA,NA,NA
2564223,"James Robinson","JAC","RB",50,0,NA,13.305,12.65,13.982,0.8338614992911,13,0.119383333333333,4,1.332,NA,16.7,2.2,4.27396618421139,NA,NA,NA
2555230,"Kenyan Drake","ARI","RB",NA,4,NA,13.2615,12.03,14.5785,1.27004385751044,14,0.259700000000002,4,2.5485,NA,11.3,2.1,5.14211360675593,NA,NA,NA
2557978,"James Conner","PIT","RB",25,3,NA,13.1097333333333,12.01375,14.38045,1.08708450760126,15,0.650516666666666,4,2.3667,NA,14.5,2.4,4.88424548702739,NA,NA,NA
2543499,"Derek Carr","LVR","QB",29,6,NA,13.0562666666667,11.62,14.3038,1.3404523097323,25,0.233611666666667,8,2.6838,NA,28,1.4,5.03643370724102,NA,NA,NA
2562299,"Daniel Jones","NYG","QB",50,1,NA,12.9274,11.32,14.339,1.5610207557877,26,0.706811666666669,8,3.019,NA,24.9,1.5,5.44760531113839,NA,NA,NA
2557976,"Joe Mixon","CIN","RB",24,3,NA,12.8938666666667,12.09175,14.09125,1.20658846615848,16,1.3672,4,1.9995,NA,12.9,2.3,5.0921961701193,NA,NA,NA
2532820,"Kirk Cousins","MIN","QB",32,8,NA,12.71791,10.38,14.82348,2.21671701294956,27,1.15235666666667,8,4.44348,NA,24.8,1.7,6.58783463293558,NA,NA,NA
100027,"Steelers","PIT","DST",NA,NA,NA,12.6533333333333,9.385,14.75,2.80322433398875,1,0.8735,1,5.365,NA,NA,NA,9.41429645046143,NA,NA,NA
2543495,"Davante Adams","GB","WR",28,6,NA,12.4025714285714,10.794,14.682,1.75910193537715,2,0.212400000000001,2,3.888,NA,11,11.2,7.73846270646549,NA,NA,NA
2556214,"Tyreek Hill","KC","WR",26,4,NA,12.2460571428571,10.69812,14.68008,1.85840591444849,3,0.250128571428572,2,3.98196,NA,3.1,1.7,5.28212616674611,NA,NA,NA
2560854,"Calvin Ridley","ATL","WR",26,2,NA,12.1342857142857,10.2988,14.292,1.84647860483008,4,0.297750000000001,2,3.9932,NA,3.9,1.5,5.20685702669614,NA,NA,NA
2552469,"Melvin Gordon","DEN","RB",27,5,NA,12.0245666666667,11.4,12.894,0.842966100544184,17,1.2299,5,1.494,NA,20.9,2,4.2105755630574,NA,NA,NA
100031,"Buccaneers","TB","DST",NA,NA,NA,11.9916666666667,10.75,11.75,0.625899352931444,2,0.429333333333332,1,1,NA,NA,NA,3.37057979769199,NA,NA,NA
2552430,"Tyler Lockett","SEA","WR",28,5,NA,11.8575714285714,10.3764,14.3684,1.91755798322961,5,0.185613095238097,2,3.992,NA,11,2.4,5.57481935505217,NA,NA,NA
2562685,"DK Metcalf","SEA","WR",50,1,NA,11.8155,10.1625,13.7625,1.84132981836498,6,0.362648809523808,2,3.6,NA,NA,NA,7.9240779189942,NA,NA,NA
2543465,"Teddy Bridgewater","CAR","QB",28,6,NA,11.7232666666667,9.6677,13.4521,2.08378591862664,28,0.598631666666664,8,3.7844,NA,27.6,2,6.64403477691974,NA,NA,NA
100029,"49ers","SF","DST",NA,NA,NA,11.568,11.18,12.156,0.555985611324609,3,0.421333333333335,1,0.975999999999997,NA,NA,NA,3.17651650990412,NA,NA,NA
100014,"Colts","IND","DST",NA,NA,NA,11.5566666666667,9.27,12,1.69180377112714,4,1.01916666666667,1,2.73,NA,NA,NA,6.32926733334025,NA,NA,NA
2552487,"Amari Cooper","DAL","WR",26,5,NA,11.5284166666667,10.266875,13.553375,2.0277297074972,7,0.198523809523808,2,3.2865,NA,7.6,2.6,5.81518597566319,NA,NA,NA
2555262,"Jeff Driskel","DEN","QB",27,4,NA,11.40784,10.7952,12.238,0.741461076523913,29,0.65808,9,1.4428,NA,30.3,1.7,4.40213009993714,NA,NA,NA
2543468,"Mike Evans","TB","WR",27,6,NA,11.3772857142857,10.3164,12.588,1.11538554086105,8,0.131607142857144,2,2.2716,NA,8.2,2.5,4.25439978967481,NA,NA,NA
2552409,"DeVante Parker","MIA","WR",27,5,NA,11.2825,9.3575,13.385,1.88556556502287,9,0.175863095238094,2,4.0275,NA,27.7,4.7,6.15615089122162,NA,NA,NA
2540258,"Travis Kelce","KC","TE",31,7,NA,11.2519047619048,9.79433333333333,13.2117333333333,1.56317151157612,1,1.67083333333333,1,3.4174,NA,1.1,0.3,5.19485702538408,NA,NA,NA
2562489,"Terry McLaurin","WAS","WR",50,1,NA,11.2088571428571,9.4592,13.8992,1.97634405140497,10,0.205815476190475,2,4.44,NA,10.8,2.2,5.61838242095919,NA,NA,NA
2562502,"David Montgomery","CHI","RB",50,1,NA,11.0287666666667,9.69775,12.99855,1.68953109076651,18,0.619333333333334,5,3.3008,NA,17.6,2.5,6.18138449176949,NA,NA,NA
2558105,"Chris Godwin","TB","WR",24,3,NA,11.0044166666667,10.1805,12.420125,1.47588391029466,11,0.0603976190476203,2,2.239625,NA,18.6,19.5,9.55438249693958,NA,NA,NA
2495454,"Julio Jones","ATL","WR",31,9,NA,11.0016666666667,9.44375,13.03375,2.17763728996972,12,0.133780952380951,2,3.59,NA,6.1,3.7,6.37084285940881,NA,NA,NA
2541785,"Adam Thielen","MIN","WR",30,6,NA,10.8863714285714,9.484,13.39312,1.78763207037903,13,0.102754761904762,2,3.90912,NA,8.1,2.8,5.46693298579537,NA,NA,NA
2552608,"Stefon Diggs","BUF","WR",27,5,NA,10.8494,9.627,12.1224,1.51210575027013,14,0.200983333333335,2,2.4954,NA,18.1,2.8,5.00391733813056,NA,NA,NA
2562660,"Dwayne Haskins","WAS","QB",50,1,NA,10.84143,10.1343,11.88684,0.953461299424365,30,0.824770000000003,9,1.75254,NA,29.6,1.3,4.37869434238867,NA,NA,NA
100007,"Browns","CLE","DST",NA,NA,NA,10.7366666666667,7.89,11.62,2.44231857053907,5,0.414166666666667,1,3.73,NA,NA,NA,8.41251114435517,NA,NA,NA
2562736,"Darius Slayton","NYG","WR",NA,1,NA,10.7178333333333,8.778,12.8475,2.04543118926059,15,0.179874999999999,2,4.0695,NA,30.1,3,5.9553840496757,NA,NA,NA
2561036,"Sam Darnold","NYJ","QB",23,2,NA,10.65809,7.848,13.02863,2.87581762556321,31,3.33108,9,5.18063,NA,31.7,0.8,6.80489942443991,NA,NA,NA
2558149,"JuJu Smith-Schuster","PIT","WR",24,3,NA,10.579,8.1245,13.6775,2.66849620573086,16,0.218808333333333,2,5.553,NA,14.9,2.4,6.83675377681724,NA,NA,NA
2557973,"Leonard Fournette","TB","RB",24,3,NA,10.5605666666667,8.86225,12.43125,2.01734129652537,19,0.359016666666667,5,3.569,NA,23.3,3.8,7.40020293598826,NA,NA,NA
2543509,"Allen Robinson","CHI","WR",27,6,NA,10.4969166666667,8.780125,12.598875,2.20068445413391,17,0.309641666666668,2,3.81875,NA,7.4,3.6,6.38196030382275,NA,NA,NA
100028,"Chargers","LAC","DST",NA,NA,NA,10.3383333333333,9.385,11.15,0.948017229098009,6,1.53875,1,1.765,NA,NA,NA,4.26469950388175,NA,NA,NA
2560957,"Mark Andrews","BAL","TE",24,2,NA,10.3278571428571,9.194,12.1548,1.35760087759884,2,1.533,1,2.9608,NA,2,0.4,4.74485890410716,NA,NA,NA
100021,"Patriots","NE","DST",NA,NA,NA,10.3066666666667,7.7075,11.1,2.05617363080067,7,3.29141666666667,1,3.3925,NA,NA,NA,7.34066811541681,NA,NA,NA
2552475,"Todd Gurley","ATL","RB",26,5,NA,10.2583,8.548,11.8026,1.83300557827847,20,0.254783333333334,6,3.2546,NA,18.1,2.1,6.31575062426089,NA,NA,NA
2543496,"Odell Beckham","CLE","WR",28,6,NA,10.2234666666667,9.15866666666667,11.9636,1.81504945754471,18,0.0761333333333347,3,2.80493333333333,NA,15.9,3.5,5.70629677110356,NA,NA,NA
2560813,"D.J. Moore","CAR","WR",23,2,NA,10.1510833333333,8.839625,11.888375,1.75776103798744,19,0.00782500000000219,3,3.04875,NA,15.5,2.7,5.38912261728079,NA,NA,NA
2495466,"Mark Ingram","BAL","RB",31,9,NA,10.1448,9.0916,11.8752,1.59540001253604,21,0.367383333333333,6,2.7836,NA,22.2,2.1,5.82040133631982,NA,NA,NA
2558052,"Kenny Golladay","DET","WR",27,3,NA,10.1435833333333,9.41933333333333,10.8787,0.819068729309899,20,0.0283166666666652,3,1.45936666666666,NA,28.9,21,8.86481146091041,NA,NA,NA
2562379,"Marquise Brown","BAL","WR",50,1,NA,10.1429333333333,8.43413333333333,12.64,2.59596176140302,21,0.0553666666666661,3,4.20586666666667,NA,18.3,2.6,6.77008688080766,NA,NA,NA
2532865,"T.Y. Hilton","IND","WR",31,8,NA,10.0876,8.576,12.1392,2.10481799688239,22,0.0685000000000002,3,3.5632,NA,22.2,3.3,6.13802057041047,NA,NA,NA
2540154,"Keenan Allen","LAC","WR",28,7,NA,10.0875333333333,8.6376,12.2306,2.14368732950183,23,0.192100000000002,3,3.593,NA,22.4,2.8,6.06527566442602,NA,NA,NA
238498,"Julian Edelman","NE","WR",34,11,NA,9.95066666666667,8.401,11.821,1.91738756297903,24,0.145666666666665,3,3.42,NA,26.3,2.5,5.6021457529377,NA,NA,NA
2543715,"Jerick McKinnon","SF","RB",28,6,NA,9.86223333333333,8.7722,10.7345,1.03332090207576,22,0.267833333333334,6,1.9623,NA,28.3,5.7,6.13129098796505,NA,NA,NA
2560735,"Michael Gallup","DAL","WR",24,2,NA,9.8402,8.6334,11.757,1.88369257045835,25,0.199383333333333,3,3.1236,NA,25.5,5.4,6.34629286330415,NA,NA,NA
2557898,"Cooper Kupp","LAR","WR",27,3,NA,9.7698,7.9712,12.2978,2.47505084796252,26,0.344783333333334,3,4.3266,NA,19.3,2.9,6.64973722564041,NA,NA,NA
2557917,"Kareem Hunt","CLE","RB",25,3,NA,9.6926,8.465,10.9128,1.35583603728474,23,0.426550000000001,6,2.4478,NA,19.9,1.9,5.23859776503194,NA,NA,NA
2559153,"Keelan Cole","JAC","WR",27,3,NA,9.51183333333333,8.59,10.952,1.43120573876248,27,0.195500000000001,3,2.362,NA,46.2,12,7.40834296670712,NA,NA,NA
2565276,"Antonio Gibson","WAS","RB",50,0,NA,9.4962,8.5892,10.876,1.44049477610993,24,0.51675,6,2.2868,NA,26.7,2.7,5.74457637802626,NA,NA,NA
2558979,"Nick Mullens","SF","QB",50,3,NA,9.37523,4.08861,15.636,5.87523933465693,32,5.82100166666666,9,11.54739,NA,28.9,2.1,12.3457456513117,NA,NA,NA
2532884,"Marvin Jones","DET","WR",30,8,NA,9.3382,7.672,11.716,2.37124148917819,28,0.122800000000002,3,4.044,NA,32.7,4.1,6.80664140676863,NA,NA,NA
2562674,"Diontae Johnson","PIT","WR",NA,1,NA,9.29446666666667,7.5248,11.6964,2.24031222526385,29,0.172000000000001,3,4.1716,NA,22.5,4,6.55900500311566,NA,NA,NA
2555466,"Tyler Boyd","CIN","WR",26,4,NA,9.13633333333333,8.1582,10.7662,1.54847026663952,30,0.0337666666666667,3,2.608,NA,31.7,1.7,4.76128643481789,NA,NA,NA
2495450,"A.J. Green","CIN","WR",32,9,NA,9.1086,8.106,10.8052,1.82759809586244,31,0.0690666666666644,3,2.6992,NA,28.5,3.4,5.69977168415279,NA,NA,NA
2543488,"Jarvis Landry","CLE","WR",28,6,NA,9.09653333333333,8.1444,10.894,1.97275725825556,32,0.352725,3,2.7496,NA,33.1,3.5,5.97132110510936,NA,NA,NA
2553439,"Mike Davis","CAR","RB",27,5,NA,9.0359,7.5196,10.5041,1.51278503099416,25,0.222475000000003,6,2.9845,NA,30.9,7.7,7.95457082148645,NA,NA,NA
2557848,"Corey Davis","TEN","WR",25,3,NA,8.98253333333333,7.87893333333333,10.826,1.89920330665256,33,0.500525000000001,3,2.94706666666667,NA,37.5,3.9,5.95816652095703,NA,NA,NA
2553435,"David Johnson","HOU","RB",29,5,NA,8.923,7.958,9.8812,0.949477224582033,26,0.352325,6,1.9232,NA,21.3,2.4,4.59736807552362,NA,NA,NA
2552408,"Darren Waller","LVR","TE",28,5,NA,8.83428571428571,7.2128,10.6076,1.99692110629386,3,0.278642857142858,2,3.3948,NA,5.1,1.7,6.90842112100749,NA,NA,NA
2540158,"Zach Ertz","PHI","TE",30,7,NA,8.75542857142857,7.636,10.0128,1.49293300331293,4,0.400642857142858,2,2.3768,NA,3.6,1.1,5.40432909083774,NA,NA,NA
2562734,"Devin Singletary","BUF","RB",50,1,NA,8.70385,7.626,9.3148,1.10285197896182,27,0.2677,7,1.6888,NA,25.5,1.6,4.58763087420156,NA,NA,NA
2543847,"John Brown","BUF","WR",30,6,NA,8.50508333333333,6.875625,10.609625,2.10118395593215,34,0.0468666666666646,3,3.734,NA,32.8,3.9,6.29759035932204,NA,NA,NA
2540169,"Robert Woods","LAR","WR",28,7,NA,8.45893333333333,7.90633333333333,8.9348,0.510822506682442,35,0.417950000000001,4,1.02846666666666,NA,18.4,3.4,3.48696057408381,NA,NA,NA
2564232,"Laviska Shenault","JAC","WR",50,0,NA,8.4575,7.3175,9.6261,1.28383780128177,36,0.876700000000001,4,2.3086,NA,NA,NA,6.05037287872273,NA,NA,NA
2552382,"Malcolm Brown","LAR","RB",27,5,NA,8.4375,5.33175,11.12625,2.93230223544573,28,0.11275,7,5.7945,NA,32.5,3.3,9.10174323009045,NA,NA,NA
2565054,"Joshua Kelley","LAC","RB",50,0,NA,8.4348,6.214,10.4244,2.13015145001476,29,0.581124999999998,7,4.2104,NA,23.9,3.2,7.38826997794947,NA,NA,NA
2555341,"Hunter Henry","LAC","TE",26,4,NA,8.35585714285714,6.5552,10.0032,1.87443115180503,5,0.0493571428571435,2,3.448,NA,6,1.4,6.46974102687668,NA,NA,NA
71265,"Jared Cook","NO","TE",33,11,NA,8.35371428571429,7.5316,9.646,1.54979888096119,6,0.269500000000001,2,2.1144,NA,7.7,2,5.96878925861269,NA,NA,NA
2560994,"Mike Gesicki","MIA","TE",25,2,NA,8.25928571428572,7.21,9.6708,1.44254690441197,7,0.369452380952382,2,2.4608,NA,8.8,2.2,5.80412533275076,NA,NA,NA
2543773,"James White","NE","RB",28,6,NA,8.2147,6.6128,10.976,2.65246068773884,30,0.819041666666667,7,4.3632,NA,46.3,10.5,11.483715572489,NA,NA,NA
2555364,"Tyler Higbee","LAR","TE",27,4,NA,7.90914285714286,6.9656,9.104,1.57071485090615,8,0.0995476190476179,2,2.1384,NA,5.6,1.9,5.97197156330416,NA,NA,NA
2558207,"Jonnu Smith","TEN","TE",25,3,NA,7.87052380952381,6.59286666666667,9.42566666666667,1.88700036170621,9,0.241380952380952,2,2.8328,NA,8.8,2.1,6.83215718162377,NA,NA,NA
2562378,"T.J. Hockenson","DET","TE",50,1,NA,7.74866666666667,6.506,9.545,2.04173129149422,10,0.522857142857144,2,3.039,NA,NA,NA,11.3752105656136,NA,NA,NA
2543498,"Brandin Cooks","HOU","WR",27,6,NA,7.62446666666667,5.28706666666667,10.8136,3.15522147136034,37,0.101966666666667,4,5.52653333333333,NA,44.5,2.7,7.73752275338529,NA,NA,NA
2563848,"CeeDee Lamb","DAL","WR",50,0,NA,7.53713333333333,6.944,8.0834,0.567983743898831,38,0.0750333333333328,5,1.1394,NA,25.3,2.4,3.30689086731816,NA,NA,NA
2562383,"Noah Fant","DEN","TE",50,1,NA,7.50961904761905,5.7372,9.70973333333334,2.18422132432837,11,0.729769047619048,2,3.97253333333334,NA,12.4,1,7.02963651773814,NA,NA,NA
1581,"DeSean Jackson","PHI","WR",34,12,NA,7.50786666666667,6.8086,8.07906666666667,0.644354483184528,39,0.122616666666666,5,1.27046666666667,NA,34.2,3.5,3.73897077641426,NA,NA,NA
2562574,"Darrell Henderson","LAR","RB",50,1,NA,7.49265,5.364,9.0276,1.90442241572084,31,0.444066666666667,7,3.6636,NA,33.7,6.6,8.31799550626589,NA,NA,NA
2556462,"Robby Anderson","CAR","WR",27,4,NA,7.41633333333333,6.176,8.27,1.20642590599948,40,0.155816666666666,5,2.094,NA,37.6,3.7,4.73874445301813,NA,NA,NA
2560907,"Marquez Valdes-Scantling","GB","WR",26,2,NA,7.35416666666667,5.58875,9.97375,2.41477880284441,41,0.187633333333333,5,4.385,NA,49.7,5.2,7.18354549882391,NA,NA,NA
2562270,"Myles Gaskin","MIA","RB",50,1,NA,7.29866666666667,6.68625,7.766,0.522052838960451,32,0.568583333333334,8,1.07975,NA,35.8,3.7,4.24170775742961,NA,NA,NA
100017,"Rams","LAR","DST",NA,NA,NA,7.2925,6.663,10.632,2.39245167140321,8,0.6125,2,3.969,NA,NA,NA,8.27409294250134,NA,NA,NA
497322,"Emmanuel Sanders","NO","WR",33,10,NA,7.16686666666667,6.41666666666667,7.99,0.798108305098166,42,0.240233333333333,5,1.57333333333333,NA,44.6,5.9,4.66005738472192,NA,NA,NA
2563896,"Jerry Jeudy","DEN","WR",50,0,NA,7.1662,6.678,7.89,0.691648176459679,43,0.529500000000001,5,1.212,NA,38.9,3.3,3.76322117046647,NA,NA,NA
2560995,"Dallas Goedert","PHI","TE",26,2,NA,6.942,5.7732,7.8196,0.975605111371058,12,0.371566666666666,3,2.0464,NA,9.9,2.2,4.6742487620786,NA,NA,NA
2506404,"Frank Gore","NYJ","RB",37,15,NA,6.7985,5.856,7.578,0.866497259083951,33,0.454841666666668,8,1.722,NA,40.8,4.6,5.33046149562193,NA,NA,NA
100032,"Redskins","WAS","DST",NA,NA,NA,6.738,6.17,7.644,0.803567047607105,9,0.137,2,1.474,NA,NA,NA,3.86374145904813,NA,NA,NA
2560878,"Tre'Quan Smith","NO","WR",NA,2,NA,6.68706666666667,6.30666666666667,7.17,0.49208481653742,44,0.137633333333333,6,0.863333333333333,NA,47.9,6.9,4.42191979847836,NA,NA,NA
2560938,"Jeffery Wilson","SF","RB",50,2,NA,6.66166666666667,5.686,7.602,1.19994097077037,34,0.652041666666666,8,1.916,NA,46.7,14.8,10.2265552851553,NA,NA,NA
100015,"Jaguars","JAC","DST",NA,NA,NA,6.622,5.82,7.226,0.787667442516193,10,0.0545,2,1.406,NA,NA,NA,3.81960808029374,NA,NA,NA
2558266,"George Kittle","SF","TE",27,3,NA,6.6177,5.459,7.4955,1.098813712601,13,0.14895,3,2.0365,NA,25.6,11,9.14612023822452,NA,NA,NA
2558066,"Curtis Samuel","CAR","WR",24,3,NA,6.58633333333333,5.85833333333333,7.407,0.775853830735318,45,0.0784666666666665,6,1.54866666666667,NA,53.2,5,4.37414418530494,NA,NA,NA
100026,"Cardinals","ARI","DST",NA,NA,NA,6.58,6.16,9.34,1.84445113787273,11,0.0941666666666663,2,3.18,NA,NA,NA,6.75297874088298,NA,NA,NA
100025,"Eagles","PHI","DST",NA,NA,NA,6.555,5.675,7.45,0.863568179126582,12,0.178333333333333,3,1.775,NA,NA,NA,4.03028978826134,NA,NA,NA
2540160,"Jordan Reed","SF","TE",30,7,NA,6.52316666666667,4.8395,8.815,2.51757346797798,14,0.228499999999999,3,3.9755,NA,20.4,4.5,9.49627103361479,NA,NA,NA
2562805,"Preston Williams","MIA","WR",50,1,NA,6.51253333333333,5.05333333333333,7.5056,1.36162275734997,46,0.0106333333333355,6,2.45226666666667,NA,43.9,3.6,4.97193640914146,NA,NA,NA
497326,"Golden Tate","NYG","WR",32,10,NA,6.5032,5.7934,7.2014,0.759498979591152,47,0.1593,6,1.408,NA,50.9,6.9,4.87130315267889,NA,NA,NA
2560787,"Allen Lazard","GB","WR",25,2,NA,6.5006,5.8024,7.5404,0.948932979719854,48,0.332466666666666,6,1.738,NA,46.8,4.6,4.55454857595983,NA,NA,NA
100023,"Giants","NYG","DST",NA,NA,NA,6.41666666666667,5.47,7.45,1.04247142247002,13,0.114166666666667,3,1.98,NA,NA,NA,4.52688102771157,NA,NA,NA
2558832,"Mo Alie-Cox","IND","TE",27,4,NA,6.41433333333333,4.58925,8.78375,2.59193386618306,15,0.24454761904762,3,4.1945,NA,20.4,4.7,9.77106138286212,NA,NA,NA
100020,"Vikings","MIN","DST",NA,NA,NA,6.33666666666667,5.472,7.11066666666667,0.901430961182152,14,0.0735000000000001,3,1.63866666666667,NA,NA,NA,4.13538752443773,NA,NA,NA
100004,"Panthers","CAR","DST",NA,NA,NA,6.26833333333333,5.16,7.362,1.20702112657567,15,0.0484999999999998,3,2.202,NA,NA,NA,4.98363038555372,NA,NA,NA
100012,"Titans","TEN","DST",NA,NA,NA,6.258,5.634,10.82,2.70449995378074,16,0.113833333333333,3,5.186,NA,NA,NA,9.14026194211359,NA,NA,NA
2555346,"Will Fuller","HOU","WR",26,4,NA,6.1872,4.7072,7.228,1.54783629625358,49,0.0397916666666678,6,2.5208,NA,35.9,7.9,6.47221374451548,NA,NA,NA
100001,"Falcons","ATL","DST",NA,NA,NA,6.18166666666667,5.8,6.6,0.407451428598142,17,0.0946666666666669,3,0.8,NA,NA,NA,2.76422228581749,NA,NA,NA
2557858,"Evan Engram","NYG","TE",26,3,NA,6.175,5.5225,6.82,0.587720171510218,16,0.542314285714286,3,1.2975,NA,13.5,2,3.64081131970948,NA,NA,NA
2560747,"Hayden Hurst","ATL","TE",27,2,NA,6.16457142857143,5.754,6.588,0.446026477966969,17,1.1128380952381,4,0.834000000000001,NA,11.6,1.7,3.15566321789491,NA,NA,NA
2560810,"Anthony Miller","CHI","WR",26,2,NA,6.14906666666667,5.53,6.8308,0.676632938404075,50,0.0592749999999995,6,1.3008,NA,51.2,6.9,4.73204867523192,NA,NA,NA
2558846,"Mike Williams","LAC","WR",26,3,NA,6.14575,4.955,6.9259,1.28593244379322,51,0.124099999999999,6,1.9709,NA,NA,NA,6.05741287590836,NA,NA,NA
100013,"Texans","HOU","DST",NA,NA,NA,6.10666666666667,5.328,6.92,0.855154307063286,18,0.112166666666667,3,1.592,NA,NA,NA,4.00693495646286,NA,NA,NA
100005,"Bears","CHI","DST",NA,NA,NA,6.06733333333333,5.072,7.14533333333333,1.16689616790298,19,0.189833333333334,3,2.07333333333333,NA,NA,NA,4.87225340552934,NA,NA,NA
2561061,"Russell Gage","ATL","WR",24,2,NA,6.03383333333333,4.89425,7.20725,1.1401099362196,52,0.0576999999999996,6,2.313,NA,48.2,4.2,4.76536591614586,NA,NA,NA
2560770,"Ronald Jones","TB","RB",23,2,NA,6.02565,5.112,6.9381,1.03323574875243,35,0.0447249999999997,9,1.8261,NA,33.3,4.5,5.6368845830916,NA,NA,NA
2562659,"N'Keal Harry","NE","WR",50,1,NA,6.00946666666667,3.99066666666667,7.646,1.86606284281461,53,0.1947,6,3.65533333333333,NA,49.8,5.2,6.26144094083902,NA,NA,NA
2560809,"Sony Michel","NE","RB",25,2,NA,5.9936,4.486,7.386,1.56461330685892,36,0.045799999999999,9,2.9,NA,33.3,3.8,6.45637619265612,NA,NA,NA
2563617,"Zack Moss","BUF","RB",50,0,NA,5.96825,4.5641,7.256,1.50571334838342,37,0.0509750000000002,9,2.6919,NA,30.3,3.9,6.37476997541482,NA,NA,NA
2552652,"Chris Conley","JAC","WR",28,5,NA,5.9428,5.006,6.9196,0.939153448590804,54,0.2685,6,1.9136,NA,66.8,10.6,6.19488141065082,NA,NA,NA
2541161,"Latavius Murray","NO","RB",30,7,NA,5.92735,4.416,7.2244,1.51342132682872,38,0.0470500000000005,9,2.8084,NA,37,3.3,6.14372477812157,NA,NA,NA
100003,"Bills","BUF","DST",NA,NA,NA,5.92166666666667,5.115,8.35,1.94484360982231,20,0.102333333333334,3,3.235,NA,NA,NA,7.03164346012013,NA,NA,NA
2495469,"Dion Lewis","NYG","RB",30,9,NA,5.9072,5.344,6.564,0.621978054275229,39,0.0770749999999998,9,1.22,NA,45.9,7.1,5.85034246935296,NA,NA,NA
2563965,"D'Andre Swift","DET","RB",50,0,NA,5.8534,4.9448,7.174,1.28511197955665,40,0.223825000000001,9,2.2292,NA,33.5,2.8,5.46182712362155,NA,NA,NA
100022,"Saints","NO","DST",NA,NA,NA,5.83333333333333,5.25,6.39,0.569584643987763,21,0.036083333333333,3,1.14,NA,NA,NA,3.21426406751857,NA,NA,NA
2507164,"Adrian Peterson","DET","RB",35,13,NA,5.80685,4.832,6.56235,1.01342019296045,41,0.486724999999999,9,1.73035,NA,38.2,3.4,5.14253087168601,NA,NA,NA
100024,"Jets","NYJ","DST",NA,NA,NA,5.80533333333333,5.46,6.2,0.385469410805406,22,0.0467500000000003,4,0.74,NA,NA,NA,2.70320563090779,NA,NA,NA
100006,"Bengals","CIN","DST",NA,NA,NA,5.78916666666667,4.808,6.555,1.0205785396311,23,0.0776666666666666,4,1.747,NA,NA,NA,4.46611178942981,NA,NA,NA
100016,"Chiefs","KC","DST",NA,NA,NA,5.728,5.184,6.28,0.581308867986719,24,0.093,4,1.096,NA,NA,NA,3.24680761909666,NA,NA,NA
100002,"Ravens","BAL","DST",NA,NA,NA,5.695,5.31,8.11,1.8762133851635,25,0.138833333333333,4,2.8,NA,NA,NA,6.84114289853086,NA,NA,NA
2565093,"Brandon Aiyuk","SF","WR",50,0,NA,5.68673333333333,4.0752,7.3124,1.65010801666638,55,0.0601999999999991,6,3.2372,NA,58.3,7.5,6.53362787904289,NA,NA,NA
2553895,"Adam Humphries","TEN","WR",NA,NA,NA,5.66186666666667,4.73666666666667,6.5556,0.916908864973322,56,0.0969333333333342,7,1.81893333333333,NA,68.2,7.2,5.21866520242076,NA,NA,NA
2506106,"Larry Fitzgerald","ARI","WR",37,16,NA,5.5912,4.446,6.8596,1.2562512487556,57,0.0616000000000012,7,2.4136,NA,60.5,5.6,5.34711771501632,NA,NA,NA
100008,"Cowboys","DAL","DST",NA,NA,NA,5.575,4.544,6.194,1.10699292379551,26,0.0953333333333335,4,1.65,NA,NA,NA,4.70597678760736,NA,NA,NA
2560781,"Christian Kirk","ARI","WR",24,2,NA,5.53866666666667,4.28066666666667,6.876,1.31512008323702,58,0.0193999999999992,7,2.59533333333333,NA,53.6,5.8,5.50127100859553,NA,NA,NA
100019,"Dolphins","MIA","DST",NA,NA,NA,5.53733333333333,4.844,6.25333333333333,0.717040212726362,27,0.117583333333333,4,1.40933333333333,NA,NA,NA,3.62356432544163,NA,NA,NA
2562712,"Hunter Renfrow","LVR","WR",50,1,NA,5.52053333333333,4.604,6.35733333333333,0.922967605065313,59,0.0259083333333319,7,1.75333333333333,NA,78.5,6.8,5.11839563508115,NA,NA,NA
2562238,"A.J. Brown","TEN","WR",NA,1,NA,5.518,3.4668,7.8028,2.7567901624897,60,0.108625,7,4.336,NA,NA,NA,11.0008980498538,NA,NA,NA
2564433,"Henry Ruggs","LVR","WR",50,0,NA,5.47125,4.781,6.2243,0.811253197220202,61,0.1916,7,1.4433,NA,NA,NA,4.46203775023482,NA,NA,NA
2563548,"J.K. Dobbins","BAL","RB",50,0,NA,5.4523,3.9564,6.658,1.39257502490889,42,0.395375,9,2.7016,NA,29.2,2.9,5.72704693812037,NA,NA,NA
100030,"Seahawks","SEA","DST",NA,NA,NA,5.422,5.04,5.84,0.402144252725312,28,0.0194999999999999,4,0.799999999999999,NA,NA,NA,2.74949087572444,NA,NA,NA
100010,"Lions","DET","DST",NA,NA,NA,5.4175,4.45,6.251,1.04110117984117,29,0.311416666666667,4,1.801,NA,NA,NA,4.52307757243209,NA,NA,NA
100009,"Broncos","DEN","DST",NA,NA,NA,5.3875,5.041,8.284,1.95044225754058,30,1.36016666666667,4,3.243,NA,NA,NA,7.04718392410336,NA,NA,NA
2560975,"Braxton Berrios","NYJ","WR",25,2,NA,5.3475,3.996,6.553,1.40609091692773,62,0.158233333333333,7,2.557,NA,83.4,12.3,7.44897644150386,NA,NA,NA
2543801,"Jimmy Garoppolo","SF","QB",29,6,NA,5.27879,2.1744,9.14113,3.67858038453695,33,3.51912333333333,10,6.96673,NA,33.3,6.5,12.8040607365772,NA,NA,NA
2535698,"Cole Beasley","BUF","WR",31,8,NA,5.2118,4.1276,5.986,1.02943732203568,63,0.0463666666666676,7,1.8584,NA,64.6,4.1,4.55177034674329,NA,NA,NA
2558250,"Tarik Cohen","CHI","RB",25,3,NA,5.18795,3.708,6.5819,1.45518203758155,43,0.350525000000001,9,2.8739,NA,42.1,2.6,5.73400997334099,NA,NA,NA
2530515,"Chris Hogan","NYJ","WR",32,9,NA,5.16673333333333,3.66333333333333,6.2842,1.36241249260274,64,0.0617666666666672,7,2.62086666666667,NA,79.6,9.3,6.54719229744277,NA,NA,NA
2649,"Danny Amendola","DET","WR",35,12,NA,5.16413333333333,4.41133333333333,5.93,0.751167890687562,65,0.135566666666667,7,1.51866666666667,NA,69.7,4,4.05653217849508,NA,NA,NA
2555415,"Austin Hooper","CLE","TE",NA,4,NA,5.1008,4.168,5.9056,0.949606866024041,18,0.143883333333334,5,1.7376,NA,18.4,3.1,5.03819950337464,NA,NA,NA
2558914,"Kendrick Bourne","SF","WR",25,3,NA,5.0458,4.12,5.806,0.855156827722261,66,0.0705333333333327,7,1.686,NA,62.4,6,4.78353890086745,NA,NA,NA
2552597,"Breshad Perriman","NYJ","WR",27,5,NA,5.01133333333333,4.7892,5.3076,0.361576179156389,67,0.1635,7,0.5184,NA,81.2,13.4,5.99743407120202,NA,NA,NA
2543767,"Logan Thomas","WAS","TE",29,6,NA,5.00266666666667,4.75,5.16,0.219696760710454,19,0.212166666666667,5,0.41,NA,16.3,1.1,2.32343159807226,NA,NA,NA
2560920,"James Washington","PIT","WR",24,2,NA,4.9392,3.728,5.7744,1.25078103599311,68,0.211633333333334,7,2.0464,NA,71.9,5.8,5.39315071860654,NA,NA,NA
2561146,"Boston Scott","PHI","RB",25,2,NA,4.9259,4.26,5.5062,0.638213561435355,44,0.251375,10,1.2462,NA,47.9,4.6,4.85454601474735,NA,NA,NA
2540148,"Tyler Eifert","JAC","TE",30,7,NA,4.91116666666667,4.55,5.2335,0.356078877029608,20,0.33095,5,0.6835,NA,22.1,2.2,3.17515789565489,NA,NA,NA
100011,"Packers","GB","DST",NA,NA,NA,4.82466666666667,4.34,5.18266666666667,0.452938553595665,31,1.59466666666667,5,0.842666666666666,NA,NA,NA,2.89048331585474,NA,NA,NA
2543457,"Sammy Watkins","KC","WR",27,6,NA,4.75646666666667,3.44606666666667,5.824,1.19990355167961,69,0.0623333333333331,7,2.37793333333333,NA,59.1,9.5,6.32932532806844,NA,NA,NA
2560765,"Kerryon Johnson","DET","RB",23,2,NA,4.74895,3.6003,5.67,1.14076767463844,45,0.234424999999999,10,2.0697,NA,47.5,3.1,5.28446189523029,NA,NA,NA
2558877,"Zach Pascal","IND","WR",26,3,NA,4.69866666666667,3.40666666666667,5.924,1.41142481202507,70,0.0283000000000007,7,2.51733333333333,NA,75.8,9.2,6.60194358843012,NA,NA,NA
2563890,"KJ Hamler","DEN","WR",50,0,NA,4.6896,3.8976,5.3594,0.786059984988423,71,0.200766666666667,8,1.4618,NA,65.9,8.9,5.46819401570149,NA,NA,NA
2560866,"Dalton Schultz","DAL","TE",24,2,NA,4.66983333333333,3.3095,5.82,1.28663132507594,21,0.279283333333333,5,2.5105,NA,20.2,3,5.8062813757542,NA,NA,NA
2564136,"Michael Pittman","IND","WR",50,0,NA,4.65113333333333,2.694,6.0616,1.81696795055205,72,0.348633333333333,8,3.3676,NA,57,6.5,6.5379043104837,NA,NA,NA
2560711,"Chase Edmonds","ARI","RB",24,2,NA,4.6001,3.7774,5.604,0.972486658006165,46,0.203724999999999,10,1.8266,NA,43.2,3.5,5.0983802379041,NA,NA,NA
2543466,"Eric Ebron","PIT","TE",27,6,NA,4.4906,3.836,4.9018,0.600763514205049,22,0.331750000000001,5,1.0658,NA,20.7,2.9,4.09923245596212,NA,NA,NA
2560742,"Nyheim Hines","IND","RB",24,2,NA,4.42895,3.074,5.4043,1.34673689431158,47,0.108174999999999,10,2.3303,NA,41.7,4.1,6.12571456718305,NA,NA,NA
2562682,"Alexander Mattison","MIN","RB",NA,1,NA,4.3638,3.3428,5.348,1.1497087457265,48,0.0895749999999991,10,2.0052,NA,45.9,3.5,5.46784479436513,NA,NA,NA
2562580,"Mecole Hardman","KC","WR",50,1,NA,4.32653333333333,3.92833333333333,4.7504,0.404135332118669,73,0.0522666666666662,8,0.822066666666666,NA,59.6,8.2,4.63308891912046,NA,NA,NA
2558954,"Taysom Hill","NO","TE",30,3,NA,4.2905,3.8189,4.7621,0.833678895018939,23,0.3227,6,0.9432,NA,33.6,0.8,3.66682064079669,NA,NA,NA
2495448,"Randall Cobb","HOU","WR",30,9,NA,4.27846666666667,3.54,5.2294,0.900115474073558,74,0.0339333333333336,8,1.6894,NA,67.7,5.3,4.6658013762411,NA,NA,NA
2555418,"Jordan Howard","MIA","RB",26,4,NA,4.27775,3.2,5.2114,1.18523950638679,49,0.0274000000000001,10,2.0114,NA,46.2,5.1,6.20088955132158,NA,NA,NA
2539265,"Rex Burkhead","NE","RB",30,7,NA,4.2707,3.2204,5.237,1.01449553966491,50,0.047275,10,2.0166,NA,55,6,6.21560194800758,NA,NA,NA
2558856,"David Moore","SEA","WR",25,3,NA,4.27006666666667,3.02366666666667,5.689,1.41698469763556,75,0.061066666666667,8,2.66533333333333,NA,85.7,5.6,5.61722658122242,NA,NA,NA
2540145,"Cordarrelle Patterson","CHI","RB",29,7,NA,4.23,4.23,4.23,NA,51,0.0325249999999997,11,0,NA,85.3,4.4,5.10923581459433,NA,NA,NA
2562631,"Miles Boykin","BAL","WR",50,1,NA,4.219,3.666,4.676,0.569741169304097,76,0.0430666666666673,8,1.01,NA,73.3,5.8,4.24867887709266,NA,NA,NA
2558204,"Jamaal Williams","GB","RB",NA,3,NA,4.21685,3.87,4.5757,0.352738731216179,52,0.0388833333333345,12,0.7057,NA,56.6,3.8,3.92991513841777,NA,NA,NA
2558071,"Isaiah Ford","MIA","WR",24,3,NA,4.199,3.1822,5.215,1.10081969459126,77,0.1134,8,2.0328,NA,79.1,7,5.47249755380055,NA,NA,NA
2561324,"Gus Edwards","BAL","RB",25,2,NA,4.1781,3.0464,5.4398,1.33355616679613,53,0.231516666666667,12,2.3934,NA,55.6,6,6.88076504705219,NA,NA,NA
2556440,"J.D. McKissic","WAS","RB",27,4,NA,4.17783333333333,3.7119,4.7983,0.756955139577857,54,0.492416666666666,12,1.0864,NA,NA,NA,4.93020734880159,NA,NA,NA
2564556,"Justin Jefferson","MIN","WR",50,0,NA,4.15286666666667,3.20066666666667,5.0504,1.03648550399897,78,0.137200000000001,8,1.84973333333333,NA,72.5,4.8,4.75690415091764,NA,NA,NA
2560738,"Chris Herndon","NYJ","TE",NA,2,NA,4.0272,2.74,5.3476,1.34761611744591,24,0.1465,6,2.6076,NA,18.5,3.5,6.19099282677159,NA,NA,NA
2562865,"Scott Miller","TB","WR",50,1,NA,4.01833333333333,3.594,4.358,0.511476620514891,79,0.0286,8,0.763999999999999,NA,67,6.8,4.42689449412103,NA,NA,NA
2540202,"Kenny Stills","HOU","WR",28,7,NA,4.013,3.74,4.2352,0.328461565483696,80,0.113366666666666,9,0.495200000000001,NA,90.9,4.4,3.45663505616123,NA,NA,NA
2553499,"Damiere Byrd","NE","WR",NA,NA,NA,3.96646666666667,3.16066666666667,4.852,0.846573603809301,81,0.305066666666667,9,1.69133333333333,NA,82.4,8.1,5.34898347956264,NA,NA,NA
2495700,"Greg Olsen","SEA","TE",35,13,NA,3.9084,3.192,4.656,0.780917921423244,25,0.1294,7,1.464,NA,24.1,2.4,4.29801457083643,NA,NA,NA
2495438,"Kyle Rudolph","MIN","TE",31,9,NA,3.853,2.988,4.468,0.819127584689955,26,0.1685,7,1.48,NA,32.1,1.7,4.05846996010746,NA,NA,NA
2564970,"Chase Claypool","PIT","WR",50,0,NA,3.8328,2.6516,5.268,1.47958751008516,82,0.376433333333333,9,2.6164,NA,74.8,5.4,5.6672035981502,NA,NA,NA
2552461,"Duke Johnson","HOU","RB",27,5,NA,3.71533333333333,2.5724,4.742,1.20143543776231,55,0.0605833333333332,12,2.1696,NA,70,3.4,5.53449651164759,NA,NA,NA
2562720,"Drew Sample","CIN","TE",NA,1,NA,3.705,2.886,4.52,0.87641314458422,27,0.044,7,1.634,NA,26.2,5.6,6.04681121776882,NA,NA,NA
497236,"Jimmy Graham","CHI","TE",34,10,NA,3.664,2.94,4.296,0.730841980184499,28,0.1265,7,1.356,NA,27.2,1.9,3.93969967607043,NA,NA,NA
2557856,"O.J. Howard","TB","TE",26,3,NA,3.658,2.938,4.334,0.691136744790783,29,0.254999999999999,7,1.396,NA,22.7,3.3,4.50762736093113,NA,NA,NA
2558918,"Matt Breida","MIA","RB",25,3,NA,3.6555,3.3746,3.8784,0.258919388999742,56,0.0207250000000001,13,0.5038,NA,54.5,3.1,3.44602465577307,NA,NA,NA
2562699,"Tony Pollard","DAL","RB",NA,1,NA,3.654,2.2104,4.968,1.5082334036879,57,0.0619000000000001,13,2.7576,NA,55.6,4.3,6.54476663258048,NA,NA,NA
2543743,"Carlos Hyde","SEA","RB",29,6,NA,3.61555,3.166,3.9663,0.483286418700133,58,0.0645500000000001,13,0.8003,NA,47.3,4.9,4.65511816690239,NA,NA,NA
2543583,"Devonta Freeman","FA","RB",28,6,NA,3.56865,2.554,4.2214,1.08045475958043,59,0.0367999999999999,13,1.6674,NA,66.9,12.8,9.153741059054,NA,NA,NA
2556885,"Jalen Richard","LVR","RB",27,4,NA,3.53335,2.554,4.2795,0.885278480197051,60,0.00442500000000035,13,1.7255,NA,69.1,4,5.12250129153392,NA,NA,NA
2562743,"Benny Snell","PIT","RB",50,1,NA,3.53035,2.398,4.7517,1.24075984279795,61,0.0184249999999992,13,2.3537,NA,51.1,4.2,5.94596416530573,NA,NA,NA
2560933,"Jordan Wilkins","IND","RB",26,2,NA,3.5275,3.3739,3.6883,0.197117350834471,62,0.0871249999999999,13,0.314399999999999,NA,67.5,4.1,3.72903997546984,NA,NA,NA
2540011,"Chris Thompson","JAC","RB",30,7,NA,3.49635,2.516,4.2801,0.98262721186623,63,0.245150000000001,13,1.7641,NA,55.4,4.7,5.61374968495323,NA,NA,NA
2562465,"Olabisi Johnson","MIN","WR",50,1,NA,3.49,3.042,3.842,0.541479454827235,83,0.0797583333333334,10,0.799999999999999,NA,83.1,4.8,3.92505786354783,NA,NA,NA
2550256,"Willie Snead","BAL","WR",28,6,NA,3.42273333333333,2.67,4.0108,0.769437110273911,84,0.0283583333333333,10,1.3408,NA,84.3,4.3,4.17007153766965,NA,NA,NA
2560951,"Jordan Akins","HOU","TE",28,2,NA,3.417,3.025,3.695,0.331587092631785,30,0.0647500000000001,7,0.67,NA,26.2,3.1,3.54275387701402,NA,NA,NA
2564418,"Bryan Edwards","LVR","WR",50,0,NA,3.39775,2.285,4.4347,1.16958550350113,85,0.0263166666666663,10,2.1497,NA,70.4,9.2,6.1955381894005,NA,NA,NA
2555478,"Demarcus Robinson","KC","WR",NA,4,NA,3.391,2.8,4.1068,0.728425699711371,86,0.043566666666667,10,1.3068,NA,75.3,6.4,4.68102129409808,NA,NA,NA
2540928,"Darren Fells","HOU","TE",34,8,NA,3.389,2.694,4.104,0.715754846298647,31,0.11545,7,1.41,NA,34.2,2.5,4.18776588612154,NA,NA,NA
2556466,"Peyton Barber","WAS","RB",26,4,NA,3.3844,2.748,4.0858,0.661210480860671,64,0.286799999999999,13,1.3378,NA,57.6,4.7,4.94367468760009,NA,NA,NA
2558010,"John Ross","CIN","WR",NA,3,NA,3.35186666666667,1.8248,4.51786666666667,1.42705402840958,87,0.0487000000000002,10,2.69306666666667,NA,80.3,9.1,6.60059534211007,NA,NA,NA
2533040,"Mohamed Sanu","FA","WR",31,8,NA,3.343,2.568,3.9352,0.941704306032419,88,0.1132,10,1.3672,NA,112.7,7,5.20510780077118,NA,NA,NA
2540232,"Jack Doyle","IND","TE",30,7,NA,3.3155,2.3506,4.692,1.42628690428445,32,0.097,7,2.3414,NA,38,6,7.56707678798033,NA,NA,NA
2563926,"Quintez Cephus","DET","WR",50,0,NA,3.26333333333333,2.37,4.018,1.07286221544676,89,0.095075,10,1.648,NA,NA,NA,5.34129363374716,NA,NA,NA
2559385,"Dan Arnold","ARI","TE",50,3,NA,3.2316,1.7,4.2908,1.37896076811489,33,0.0289000000000001,7,2.5908,NA,31.4,3.5,6.26683865367034,NA,NA,NA
100018,"Raiders","LVR","DST",NA,NA,NA,3.23,2.854,3.606,0.664680374315355,32,NA,6,0.752,NA,NA,NA,3.47822633956721,NA,NA,NA
2560894,"Ian Thomas","CAR","TE",24,2,NA,3.2054,2.766,3.82,0.635712828248731,34,0.2133,7,1.054,NA,29.8,2.5,3.99408521283044,NA,NA,NA
2562681,"Dawson Knox","BUF","TE",50,1,NA,3.2,2.745,3.895,0.740495329717436,35,0.419566666666667,7,1.15,NA,32.7,3.1,4.53220447561881,NA,NA,NA
2564358,"Van Jefferson","LAR","WR",50,0,NA,3.19626666666667,1.84066666666667,4.376,1.29025558191649,90,0.0899416666666668,10,2.53533333333333,NA,76,4.9,5.21097171887054,NA,NA,NA
2540145,"Cordarrelle Patterson","CHI","WR",29,7,NA,3.14025,2.811,3.4293,0.34073584587869,91,0.0682166666666668,10,0.618299999999999,NA,85.3,4.4,3.47726170222706,NA,NA,NA
2540156,"Giovani Bernard","CIN","RB",29,7,NA,3.118,2.7634,3.668,0.580202981722776,65,0.0851249999999997,14,0.904599999999999,NA,62.6,3,4.07463635239273,NA,NA,NA
2560733,"Royce Freeman","DEN","RB",24,2,NA,3.0772,2.186,4.098,1.01809488752277,66,0.102925,14,1.912,NA,67.3,2.5,4.78160480169614,NA,NA,NA
2562669,"Andy Isabella","ARI","WR",NA,1,NA,3.0724,1.789,4.2916,1.28619450317594,93,0.0250666666666666,10,2.5026,NA,91.7,6.3,5.59072616218611,NA,NA,NA
2563707,"Darnell Mooney","CHI","WR",50,0,NA,3.07166666666667,2.469,3.885,0.995619572594539,94,0.102466666666667,10,1.416,NA,NA,NA,5.08168466213654,NA,NA,NA
2558127,"Josh Malone","FA","WR",24,3,NA,3.023,2.9646,3.0814,0.103237590053236,95,0.1163,11,0.116800000000001,NA,92.2,11.2,4.95582073602797,NA,NA,NA
2557952,"Wayne Gallman","NYG","RB",26,3,NA,2.98855,1.9476,4.1555,1.10811800477205,67,0.0805083333333338,14,2.2079,NA,57.9,11.4,8.63481177448426,NA,NA,NA
2565108,"JaMycal Hasty","FA","RB",50,0,NA,2.96,2.896,3.024,0.113137084989847,68,0.176958333333334,14,0.128,NA,80.9,6.6,4.58360523512742,NA,NA,NA
2563731,"Tee Higgins","CIN","WR",50,0,NA,2.9154,1.434,3.9488,1.37103457286824,96,0.0197666666666669,11,2.5148,NA,85.3,5.7,5.56762123796488,NA,NA,NA
2530700,"Dontrelle Inman","WAS","WR",31,7,NA,2.898,1.866,3.6924,1.0373826037999,97,0.0307416666666662,11,1.8264,NA,96.7,5.1,4.84125006211027,NA,NA,NA
2558194,"Josh Reynolds","LAR","WR",25,3,NA,2.89326666666667,1.7216,3.9868,1.22350649092407,98,0.0994750000000004,11,2.2652,NA,94,4.5,4.98835026496237,NA,NA,NA
2564043,"Darrynton Evans","TEN","RB",50,0,NA,2.85608333333333,1.9979,4.057,1.29484208603898,69,0.158158333333333,14,2.0591,NA,79,9.3,8.15918511345744,NA,NA,NA
2558985,"Tim Patrick","DEN","WR",27,3,NA,2.84125,2.52,3.2955,0.463453971105366,100,0.109541666666666,11,0.775500000000001,NA,95.4,4.7,3.76632504645622,NA,NA,NA
2562738,"Irv Smith Jr.","MIN","TE",50,1,NA,2.7842,2.132,3.4306,0.651047770904716,36,0.0681166666666662,8,1.2986,NA,30.9,1.3,3.46204552115237,NA,NA,NA
2562744,"Jace Sternberger","GB","TE",NA,1,NA,2.77666666666667,1.802,4.074,1.58254015220257,37,0.157249999999999,8,2.272,NA,45.4,8.4,9.08346108792551,NA,NA,NA
2557895,"Dede Westbrook","JAC","WR",27,3,NA,2.74633333333333,1.5772,4.082,1.60648384160356,101,0.102791666666667,11,2.5048,NA,107.9,9.4,6.98496137438721,NA,NA,NA
2558129,"Isaiah McKenzie","BUF","WR",25,3,NA,2.71708333333333,2.16,3.5365,0.852108903446815,102,0.162083333333333,11,1.3765,NA,121.4,7.3,5.13738314177381,NA,NA,NA
2560949,"Josh Adams","FA","RB",24,2,NA,2.71,2.15,3.27,0.989949493661166,70,0.0707833333333334,14,1.12,NA,73.9,6,6.16442946653926,NA,NA,NA
2560935,"Darrel Williams","KC","RB",NA,2,NA,2.68585,1.8868,3.5405,0.840226822054616,71,0.132733333333333,14,1.6537,NA,59.6,7.2,6.3465233244606,NA,NA,NA
2541316,"Ryan Griffin","NYJ","TE",30,7,NA,2.6555,2.203,3.1156,0.520577563865367,38,0.0946333333333338,8,0.9126,NA,48.1,3.8,4.33206317501516,NA,NA,NA
2559924,"Ito Smith","ATL","RB",25,2,NA,2.59258333333333,2.43043333333333,2.846,0.267457213608291,72,0.0797166666666671,15,0.415566666666667,NA,71.1,2.5,3.21670948405721,NA,NA,NA
2560751,"Ryan Izzo","NE","TE",25,2,NA,2.58333333333333,1.408,3.448,1.44153852995102,39,0.0796333333333332,8,2.04,NA,39.2,2.5,5.9439718881469,NA,NA,NA
2559278,"Greg Ward","PHI","WR",50,3,NA,2.57,1.594,3.546,1.72534054609518,103,0.0798999999999999,11,1.952,NA,91.9,6.8,6.46676491904948,NA,NA,NA
2565195,"Freddie Swain","SEA","WR",50,0,NA,2.54,2.54,2.54,NA,104,0.15815,11,0,NA,NA,NA,NA,NA,NA,NA
2559270,"Robert Tonyan","GB","TE",26,3,NA,2.5384,1.8,3.146,0.677408886862285,40,0.0831999999999997,8,1.346,NA,35.4,3.1,4.37955184359614,NA,NA,NA
2558112,"Brian Hill","ATL","RB",25,3,NA,2.51365,2.27,2.7961,0.302045091832329,73,0.0505666666666666,15,0.5261,NA,62.7,2.5,3.28881672109155,NA,NA,NA
2540230,"Kyle Juszczyk","SF","RB",29,7,NA,2.51208333333333,1.9245,3.136,0.651788671443607,74,0.215116666666666,15,1.2115,NA,77.2,4.4,4.80047530713026,NA,NA,NA
2558942,"Anthony Firkser","TEN","TE",50,2,NA,2.469,2.1272,2.794,0.373171988945223,41,0.0996000000000001,8,0.6668,NA,39.8,4,4.07023808109408,NA,NA,NA
497240,"Rob Gronkowski","TB","TE",31,10,NA,2.4414,1.7,3.1008,0.703555115111816,42,0.2109,8,1.4008,NA,25.3,2.6,4.20567459128177,NA,NA,NA
2556190,"Jakeem Grant","MIA","WR",28,4,NA,2.4402,1.651,3.3116,0.860543839673494,105,0.13595,11,1.6606,NA,105.2,5.1,4.54407658383105,NA,NA,NA
2561137,"Trenton Cannon","CAR","RB",NA,2,NA,2.41408333333333,1.9177,2.8796,0.522892409795956,75,0.285433333333333,15,0.9619,NA,94,5.8,5.10835859847619,NA,NA,NA
2552600,"Nelson Agholor","LVR","WR",27,5,NA,2.3235,2.0998,2.6012,0.28781185984366,106,0.0443333333333333,12,0.5014,NA,99.2,6.6,3.99580543459706,NA,NA,NA
2557889,"Gerald Everett","LAR","TE",26,3,NA,2.2974,1.1428,3.402,1.19161814353425,43,0.16985,8,2.2592,NA,39.2,4.7,6.38266490573183,NA,NA,NA
2563602,"Gabriel Davis","BUF","WR",50,0,NA,2.285,1.801,2.769,0.855599205235723,107,0.0402916666666666,12,0.968,NA,NA,NA,4.61108264449058,NA,NA,NA
2552415,"Jamison Crowder","NYJ","WR",27,5,NA,2.27333333333333,0.562,3.77,2.05816261100364,108,0.0612916666666665,12,3.208,NA,97.6,26.3,12.4105578627136,NA,NA,NA
2557034,"Marvin Hall","DET","WR",27,4,NA,2.21608333333333,1.3937,2.754,0.87829331028358,109,0.0685833333333337,12,1.3603,NA,116.8,3.3,4.07687402761203,NA,NA,NA
2562466,"JJ Arcega-Whiteside","PHI","WR",NA,1,NA,2.208,1.9988,2.4708,0.317004731825883,110,0.1215,12,0.472,NA,99.7,5.9,3.8515738885373,NA,NA,NA
79607,"LeSean McCoy","TB","RB",32,11,NA,2.17985,1.466,3.0463,0.888220545529093,76,0.136583333333333,15,1.5803,NA,64.1,2.4,4.46966293420803,NA,NA,NA
2552402,"Nick Boyle","BAL","TE",27,5,NA,2.1636,1.448,2.8008,0.668793540638664,44,0.149725,8,1.3528,NA,39.2,1.9,3.78955873958873,NA,NA,NA
2553318,"James OShaughnessy","JAC","TE",NA,NA,NA,2.0915,1.6142,2.55,0.508286992423244,45,0.159275,9,0.9358,NA,46.2,6.5,5.58290223041485,NA,NA,NA
2561054,"Damion Ratley","NYG","WR",25,2,NA,2.087,1.4768,2.556,0.740545069526494,111,0.028458333333333,12,1.0792,NA,110.4,5.2,4.37003419410323,NA,NA,NA
2560939,"Javon Wims","CHI","WR",26,2,NA,2.086,1.668,2.4024,0.508987229702278,112,0.0576250000000003,12,0.7344,NA,110.3,5.5,4.06374492249052,NA,NA,NA
2562832,"Darwin Thompson","KC","RB",NA,1,NA,2.07745,1.818,2.2905,0.242702261011306,77,0.127433333333334,16,0.4725,NA,68.7,4.8,4.11237350571151,NA,NA,NA
2563551,"Devin Duvernay","BAL","WR",50,0,NA,2.03108333333333,0.906633333333333,3.228,1.29614052093128,113,0.0129166666666665,12,2.32136666666667,NA,100.3,9.4,6.46343655758302,NA,NA,NA
2560051,"Justin Watson","TB","WR",NA,2,NA,2.02566666666667,1.828,2.2976,0.334658532437667,114,0.0250000000000004,12,0.4696,NA,106.3,6.8,4.12975576146721,NA,NA,NA
2562492,"Jakobi Meyers","NE","WR",50,1,NA,2.01066666666667,1.512,2.5936,0.700186641784413,115,0.0471666666666668,12,1.0816,NA,103.2,8.7,5.26866026594256,NA,NA,NA
2560967,"Kalen Ballage","FA","RB",NA,2,NA,2.00908333333333,1.2816,2.7257,0.79363987425028,78,0.119441666666666,16,1.4441,NA,84.8,6.6,6.00228653179148,NA,NA,NA
2561653,"KhaDarel Hodge","CLE","WR",50,2,NA,1.99066666666667,1.5364,2.4244,0.556777633650395,116,0.0552083333333333,12,0.888,NA,104.8,3.7,3.64702546422187,NA,NA,NA
2561002,"DaeSean Hamilton","DEN","WR",25,2,NA,1.93633333333333,1.5838,2.2318,0.423426892548564,117,0.00187499999999985,13,0.648,NA,117.9,4.4,3.61622210541033,NA,NA,NA
2541834,"Josh Hill","NO","TE",30,7,NA,1.93625,1.602,2.1775,0.343204870789057,46,0.0371499999999998,9,0.5755,NA,46.8,3.4,3.71315240748218,NA,NA,NA
2565069,"Joe Reed","LAC","WR",50,0,NA,1.93458333333333,0.8277,3.335,1.45038769721141,118,0.0824166666666668,13,2.5073,NA,125.6,14.7,8.18612300734394,NA,NA,NA
2562677,"KeeSean Johnson","ARI","WR",50,1,NA,1.93433333333333,0.9688,2.79,0.997917609602895,119,0.224958333333333,13,1.8212,NA,130.5,33.5,12.6169610431194,NA,NA,NA
2561046,"Will Dissly","SEA","TE",NA,2,NA,1.9282,1.5186,2.398,0.459968694586925,47,0.0656999999999999,9,0.8794,NA,36.8,3.2,3.900832506902,NA,NA,NA
2564319,"Cam Akers","LAR","RB",50,0,NA,1.89095,1.2068,2.568,0.680016461197816,79,0.00540833333333346,16,1.3612,NA,58.6,10.5,7.37165346625151,NA,NA,NA
2564640,"J.J. Taylor","NE","RB",50,0,NA,1.88833333333333,1.618,2.118,0.324666495550947,80,0.130375,16,0.5,NA,82.3,2.6,3.37716253586039,NA,NA,NA
2555223,"Devontae Booker","LVR","RB",28,4,NA,1.88275,1.7479,2.0266,0.150446834463208,81,0.263166666666667,16,0.2787,NA,74.8,3.6,3.42581470294046,NA,NA,NA
2562317,"Foster Moreau","LVR","TE",50,1,NA,1.87,1.672,2.112,0.291032644217105,48,0.0278749999999999,9,0.44,NA,58.9,7.9,5.72120766749186,NA,NA,NA
2563767,"Harrison Bryant","CLE","TE",50,0,NA,1.855,1.507,2.203,0.615182899632296,49,0.05,9,0.696,NA,NA,NA,4.47146526409337,NA,NA,NA
2560860,"Mason Rudolph","PIT","QB",25,2,NA,1.82966666666667,0.93,3.0604,1.51217271941182,34,0.261833333333333,11,2.1304,NA,43.3,2.1,5.88152866817532,NA,NA,NA
2552478,"Blake Bell","DAL","TE",29,5,NA,1.82925,1.759,1.9281,0.1031612814965,50,0.108875,9,0.1691,NA,52.4,4.4,3.6065984539217,NA,NA,NA
2552401,"MyCole Pruitt","TEN","TE",28,5,NA,1.78075,1.0911,2.659,0.911059227858796,51,0.131125,9,1.5679,NA,60.8,8.3,7.41122465708638,NA,NA,NA
2556661,"Kalif Raymond","TEN","WR",26,4,NA,1.77,1.2715,2.2645,0.54016972641322,122,0.196125,13,0.993,NA,108.6,5.1,4.00569525065164,NA,NA,NA
2564832,"Jalen Hurts","PHI","QB",50,0,NA,1.68966666666667,1.316,2.0192,0.449766976703863,35,0.419166666666666,11,0.7032,NA,35.3,1.9,4.13872812858295,NA,NA,NA
2562740,"Kaden Smith","NYG","TE",NA,1,NA,1.66,0.808,2.408,1.02503658471296,52,0.105,9,1.6,NA,47.9,3.6,5.4578638844062,NA,NA,NA
2555468,"Rashard Higgins","CLE","WR",26,4,NA,1.64875,0.501,2.8535,1.26524289499421,124,0.18925,13,2.3525,NA,126.3,5.9,5.44506632543534,NA,NA,NA
2495888,"Marcedes Lewis","GB","TE",36,14,NA,1.63925,1.459,1.7669,0.190531493459743,53,0.179375,10,0.3079,NA,66.8,2.7,3.01172094378262,NA,NA,NA
2565144,"DeeJay Dallas","SEA","RB",50,0,NA,1.63316666666667,0.2396,2.997,1.49321550874465,82,0.0601666666666667,16,2.7574,NA,NA,NA,8.0000516806583,NA,NA,NA
2560862,"Jaylen Samuels","PIT","RB",24,2,NA,1.606,1.2865,1.9799,0.37990612875639,83,0.067375,17,0.6934,NA,76.3,3.9,4.02773823456036,NA,NA,NA
2564889,"Eno Benjamin","ARI","RB",50,0,NA,1.54,1.414,1.646,0.151327459504216,85,0.0413749999999999,19,0.232,NA,89.7,2.7,3.05697892919467,NA,NA,NA
2564808,"Lamical Perine","NYJ","RB",50,0,NA,1.53725,1.2384,1.77115,0.290362166096067,86,0.129666666666667,19,0.53275,NA,78.4,5.8,4.62359011133408,NA,NA,NA
2555317,"Tajae Sharpe","MIN","WR",26,4,NA,1.499,1.274,1.7276,0.283607122618597,125,0.0852500000000003,14,0.4536,NA,127.8,12.4,5.59028101190221,NA,NA,NA
2563704,"Cole Kmet","CHI","TE",50,0,NA,1.47075,0.6049,2.592,1.12740805242231,54,0.0225,10,1.9871,NA,58.5,2.8,5.32614514616734,NA,NA,NA
2563986,"AJ Dillon","GB","RB",50,0,NA,1.46,1.148,1.82,0.378241545400114,87,0.132416666666667,19,0.672,NA,71.7,4.2,4.14782520708238,NA,NA,NA
2558929,"Cethan Carter","CIN","TE",27,3,NA,1.449,1.1636,1.742,0.361874287564066,55,0.00625000000000009,10,0.5784,NA,71.3,8.3,6.0823412582285,NA,NA,NA
2505629,"Jason Witten","LVR","TE",38,17,NA,1.4475,0.711,2.43,1.03387217133777,56,0.026,10,1.719,NA,49.5,5.5,6.38039187847649,NA,NA,NA
2558954,"Taysom Hill","NO","QB",30,3,NA,1.446,0.9084,2.0732,0.753402946636128,36,0.404666666666667,11,1.1648,NA,33.6,0.8,3.6603797041038,NA,NA,NA
2558956,"Jacob Hollister","SEA","TE",27,3,NA,1.438,0.8296,2.344,0.931902713091161,57,0.0364,10,1.5144,NA,58.7,2.5,4.71078698667278,NA,NA,NA
2564829,"John Hightower","PHI","WR",50,0,NA,1.42,1.42,1.42,NA,128,0.03125,14,0,NA,NA,NA,NA,NA,NA,NA
2565273,"Antonio Gandy-Golden","WAS","WR",50,0,NA,1.4075,1.4015,1.4135,0.0106066017177981,129,0.149333333333333,14,0.0119999999999998,NA,NA,NA,1.77110135025202,NA,NA,NA
2541187,"Demetrius Harris","CHI","TE",29,7,NA,1.405,0.892,2.07,0.681591275374521,58,0.0967749999999998,10,1.178,NA,67.2,3.8,4.72167409205556,NA,NA,NA
2540215,"Vance McDonald","PIT","TE",30,7,NA,1.3982,0.7694,1.855,0.639832165493421,59,0.22295,10,1.0856,NA,43.2,3.5,4.47834145067428,NA,NA,NA
2561029,"Keke Coutee","HOU","WR",23,2,NA,1.37,0.986,1.874,0.612800946474465,130,0.259833333333333,14,0.888,NA,133,11.1,5.78451745841535,NA,NA,NA
2560756,"Justin Jackson","LAC","RB",25,2,NA,1.35516666666667,1.1045,1.5533,0.302682314206386,88,0.05975,19,0.4488,NA,91,8,5.55536087835868,NA,NA,NA
2562600,"Trayveon Williams","CIN","RB",50,1,NA,1.3,1.3,1.3,0,89,0.0429166666666667,20,0,NA,NA,NA,1.77407598275702,NA,NA,NA
2561344,"Buddy Howell","HOU","RB",50,2,NA,1.29083333333333,0.8409,1.8073,0.620939677692877,90,0.0699999999999998,20,0.9664,NA,93.6,3.6,4.40667680584181,NA,NA,NA
2552429,"Ty Montgomery","NO","RB",27,5,NA,1.22333333333333,1.0122,1.4994,0.335386841324065,91,0.0233333333333332,20,0.4872,NA,93.3,3.3,3.68781200629144,NA,NA,NA
2555432,"Andy Janovich","CLE","RB",27,4,NA,1.21833333333333,0.666,1.814,0.723607858811203,92,0.0744583333333335,20,1.148,NA,106,4,4.78545772551206,NA,NA,NA
2558144,"Adam Shaheen","MIA","TE",26,3,NA,1.21825,0.543,1.8121,0.69832102216674,60,0.0914583333333334,10,1.2691,NA,64.9,3.2,4.4775825740651,NA,NA,NA
2562665,"Travis Homer","SEA","RB",50,1,NA,1.18166666666667,1.005,1.373,0.232181681735087,93,0.0799583333333334,20,0.368,NA,79.3,3.1,3.3902830984853,NA,NA,NA
2558091,"Noah Brown","DAL","WR",NA,3,NA,1.14633333333333,0.824,1.5592,0.499560139856388,131,0.0989999999999998,14,0.7352,NA,125,6.5,4.32403076668995,NA,NA,NA
2552633,"Jesse James","DET","TE",26,5,NA,1.13225,0.3233,1.871,0.836002541862164,61,0.0152083333333333,10,1.5477,NA,58.2,3.3,4.85816456373053,NA,NA,NA
2558886,"Darrell Daniels","ARI","TE",26,4,NA,1.12133333333333,0.5328,1.8928,0.937744812480098,62,0.0129583333333334,10,1.36,NA,65.8,10.6,8.56666037002834,NA,NA,NA
2550656,"Cameron Brate","TB","TE",29,6,NA,1.11275,0.4497,1.906,0.808527622698611,63,0.022,10,1.4563,NA,54.7,13,9.39228114444767,NA,NA,NA
2562407,"Justice Hill","BAL","RB",50,1,NA,1.10608333333333,0.8522,1.4511,0.367590389488687,94,0.0150833333333333,20,0.5989,NA,97.9,4.9,4.41392034180757,NA,NA,NA
2495288,"Virgil Green","LAC","TE",32,9,NA,1.104,0.6882,1.531,0.455423612328859,64,0.033625,11,0.8428,NA,65.9,7.2,5.78698869290434,NA,NA,NA
2556803,"C.J. Ham","MIN","RB",27,4,NA,1.09733333333333,0.8319,1.4609,0.375200983178053,95,0.0433333333333332,20,0.629,NA,98.2,2.1,3.27658583919432,NA,NA,NA
2561177,"Kyle Allen","WAS","QB",50,2,NA,1.095,0.1984,2.1356,1.10730724432442,37,0.107666666666667,11,1.9372,NA,50.7,6.1,8.65699255964721,NA,NA,NA
2555234,"Tyler Ervin","GB","RB",27,4,NA,1.08466666666667,0.759866666666667,1.502,0.433178433853251,96,0.0713333333333332,20,0.742133333333334,NA,90,3.8,4.09761217572816,NA,NA,NA
2561060,"Ross Dwelley","SF","TE",50,2,NA,1.0775,0.691,1.494,0.445074900063648,65,0.0353750000000002,11,0.803,NA,52.8,9.2,6.71052457168631,NA,NA,NA
2558821,"Jamal Agnew","DET","WR",NA,3,NA,1.074,0.7412,1.4068,0.588312841947208,132,0.0816666666666668,15,0.6656,NA,NA,NA,3.71274546522516,NA,NA,NA
2555289,"Nick Vannett","DEN","TE",NA,4,NA,1.06325,0.5929,1.555,0.536975092532233,66,0.090875,11,0.9621,NA,60.8,3.2,4.08716777636595,NA,NA,NA
2562406,"Bryce Love","WAS","RB",50,1,NA,1.02333333333333,0.694,1.334,0.402036482589993,97,0.032,20,0.64,NA,90,2.6,3.53845996956338,NA,NA,NA
2564586,"Devin Asiasi","NE","TE",50,0,NA,1.021,0.1818,1.977,0.978919812854965,67,0.101625,11,1.7952,NA,59,7.3,7.1011409369114,NA,NA,NA
2557863,"Zay Jones","LVR","WR",25,3,NA,1.02066666666667,0.6216,1.516,0.596591429148403,133,0.069,15,0.8944,NA,127.8,2.5,3.38257821000001,NA,NA,NA
2560817,"Ryan Nall","CHI","RB",25,2,NA,1.00333333333333,0.7,1.348,0.414769012021551,98,0.0772916666666668,20,0.648,NA,86.6,5.7,4.84176211125052,NA,NA,NA
2552033,"Jameis Winston","NO","QB",26,5,NA,0.987666666666667,0.2476,1.76426666666667,0.886108345519892,38,0.0351666666666665,11,1.51666666666667,NA,42,1.6,4.53205351840187,NA,NA,NA
2495143,"Andy Dalton","DAL","QB",33,9,NA,0.987,0.269,1.6794,0.813598590624804,39,0.0986666666666667,11,1.4104,NA,NA,NA,4.67590826552246,NA,NA,NA
2557977,"Jeremy McNichols","FA","RB",25,3,NA,0.979333333333333,0.5,1.4504,0.594269579680244,99,0.109291666666667,20,0.9504,NA,84.4,9,6.57510616217335,NA,NA,NA
2555419,"Pharoh Cooper","CAR","WR",25,4,NA,0.964,0.544,1.4976,0.64475421673689,134,0.0805000000000001,15,0.9536,NA,NA,NA,3.90244233115803,NA,NA,NA
2560890,"Auden Tate","CIN","WR",23,2,NA,0.939333333333333,0.2964,1.666,0.874986476085964,135,0.125,15,1.3696,NA,119,5.3,4.62357267274085,NA,NA,NA
2540203,"Levine Toilolo","NYG","TE",29,7,NA,0.92375,0.3195,1.849,0.965206152418574,68,0.017375,11,1.5295,NA,75.3,7.5,7.16281518298249,NA,NA,NA
2563043,"David Blough","FA","QB",50,1,NA,0.918,0.918,0.918,0,40,0.0726666666666667,11,0,NA,NA,NA,2.26509115418334,NA,NA,NA
2563980,"Josiah Deguara","GB","TE",50,0,NA,0.915,0.263,1.567,1.15258405333407,69,0.0261250000000002,11,1.304,NA,NA,NA,7.07220472099873,NA,NA,NA
2559248,"Ricky Seals-Jones","KC","TE",25,3,NA,0.89775,0.3377,1.4,0.586100318489364,70,0.0286249999999999,11,1.0623,NA,NA,NA,4.33072083925157,NA,NA,NA
2565129,"Charlie Woerner","SF","TE",50,0,NA,0.88,0.6,1.16,0.494974746830583,71,0.0655,11,0.56,NA,70,8.1,6.30955172724628,NA,NA,NA
2559150,"Corey Clement","PHI","RB",NA,3,NA,0.87275,0.3687,1.381,0.544447962006777,100,0.0454166666666667,20,1.0123,NA,75.6,6.1,5.27685385463045,NA,NA,NA
2558990,"Patrick Ricard","BAL","RB",26,3,NA,0.867333333333333,0.375133333333333,1.243,0.507487930890972,101,0.0805416666666668,20,0.867866666666667,NA,99.7,5.2,4.8291296002048,NA,NA,NA
2562651,"Ryan Finley","CIN","QB",50,1,NA,0.858666666666667,0.8036,0.898,0.0681273317643759,41,0.0318333333333334,11,0.0944,NA,NA,NA,2.46696286224678,NA,NA,NA
2552622,"Chris Manhertz","CAR","TE",NA,NA,NA,0.85825,0.7001,1.099,0.257045229483062,72,0.087875,11,0.3989,NA,60.6,3.7,3.64695524863999,NA,NA,NA
2562745,"Easton Stick","LAC","QB",NA,1,NA,0.832,0.5984,1.0656,0.412950360212944,42,0.0143333333333334,11,0.4672,NA,NA,NA,3.48872625631704,NA,NA,NA
2560836,"Dante Pettis","SF","WR",25,2,NA,0.827666666666667,0.5384,1.168,0.408737487066373,136,0.0271666666666667,15,0.6296,NA,113.9,8.6,4.75127387552177,NA,NA,NA
2555261,"Jacoby Brissett","IND","QB",28,4,NA,0.821666666666667,0.0352,1.99346666666667,1.24009479924363,43,0.0798333333333333,11,1.95826666666667,NA,38.7,1.2,4.71898122435232,NA,NA,NA
2532842,"Nick Foles","CHI","QB",31,8,NA,0.813666666666667,0.1862,1.46486666666667,0.7465199260569,44,0.163,11,1.27866666666667,NA,35.3,1.9,4.57839032587809,NA,NA,NA
2556519,"Alex Erickson","CIN","WR",28,4,NA,0.801,0.0284,1.754,1.14704533476232,137,0.0395,15,1.7256,NA,134.5,2.5,4.3076033455904,NA,NA,NA
2558911,"C.J. Board","NYG","WR",50,3,NA,0.8,0.8,0.8,NA,138,0.100666666666667,15,0,NA,NA,NA,NA,NA,NA,NA
2561099,"Mike Boone","MIN","RB",50,2,NA,0.787333333333333,0.7296,0.848,0.074272022547749,102,0.00937500000000002,21,0.1184,NA,82.7,6.6,4.50258111876751,NA,NA,NA
2565258,"Ke'Shawn Vaughn","TB","RB",50,0,NA,0.78625,0.4925,1.185,0.429755259808805,103,0.0214166666666666,21,0.6925,NA,89.6,6.9,5.36723364083679,NA,NA,NA
2552586,"Tyler Kroft","BUF","TE",28,5,NA,0.77075,0.3481,1.194,0.460255997607129,73,0.00649999999999995,11,0.8459,NA,54.6,11.8,7.98040900263725,NA,NA,NA
2562654,"Zach Gentry","PIT","TE",50,1,NA,0.77,0.214,1.206,0.672235077930332,74,0.0317499999999999,11,0.992,NA,NA,NA,4.74756785557468,NA,NA,NA
2558833,"Alexander Armah","CAR","RB",26,3,NA,0.769666666666667,0.6446,0.8702,0.150672934972852,104,0.0163333333333334,21,0.2256,NA,89.3,2.9,3.13798588637207,NA,NA,NA
2553728,"Raheem Mostert","SF","RB",NA,NA,NA,0.76,0.0179999999999999,1.29,0.917986928011505,105,0.0249999999999998,21,1.272,NA,65.5,22,12.6041235938499,NA,NA,NA
2557886,"Jeremy Sprinkle","WAS","TE",26,3,NA,0.7585,0.0938,1.73,1.00895110552164,75,0.0569999999999999,11,1.6362,NA,81.5,9.5,8.21724353280107,NA,NA,NA
2562293,"Ty Johnson","DET","RB",NA,1,NA,0.746666666666667,0.704,0.8,0.0642910050732864,106,0.0863333333333333,21,0.0960000000000001,NA,NA,NA,2.04213791543574,NA,NA,NA
2562797,"Qadree Ollison","ATL","RB",50,1,NA,0.723333333333333,0.408,1.056,0.406734966942029,107,0.161333333333333,21,0.648,NA,91.3,9.5,6.3900712225565,NA,NA,NA
2507166,"Ted Ginn","CHI","WR",35,13,NA,0.723,0.4692,1.054,0.401904217444903,139,0.0599999999999999,15,0.5848,NA,125.6,15.4,6.61746011654782,NA,NA,NA
2564616,"Dalton Keene","NE","TE",50,0,NA,0.718,0.0592,1.584,1.05330527388787,76,0.0355000000000001,11,1.5248,NA,NA,NA,6.59174754825059,NA,NA,NA
2564178,"Tyler Davis","JAC","TE",50,0,NA,0.685,0.137,1.233,0.96873629022557,77,0.00849999999999995,11,1.096,NA,NA,NA,6.182478064689,NA,NA,NA
2564349,"Brycen Hopkins","LAR","TE",50,0,NA,0.68,0.68,0.68,NA,78,0.01425,11,0,NA,NA,NA,NA,NA,NA,NA
2550597,"Seth Roberts","CAR","WR",NA,NA,NA,0.675666666666667,0.4096,0.884,0.321770622234742,140,0.0616666666666666,15,0.4744,NA,130.4,7.7,4.35661299140811,NA,NA,NA
2563923,"Hunter Bryant","DET","TE",NA,0,NA,0.673,0.1394,1.2066,0.943280446102855,79,0.043875,11,1.0672,NA,NA,NA,6.05928514304612,NA,NA,NA
2495441,"Blaine Gabbert","TB","QB",31,9,NA,0.67,0.1962,1.0918,0.504007936445449,45,0.0506666666666666,12,0.8956,NA,51,0.8,3.29088191675601,NA,NA,NA
2541199,"Luke Willson","SEA","TE",30,7,NA,0.6585,0.353,1.0652,0.430545003454924,80,0.0619583333333333,12,0.7122,NA,87,8.8,6.48565062667296,NA,NA,NA
2561272,"Trent Sherfield","ARI","WR",50,2,NA,0.650333333333333,0.3902,0.8702,0.31241052052281,141,0.0963333333333333,15,0.48,NA,146,8,4.42372191123153,NA,NA,NA
2505982,"Matt Schaub","ATL","QB",39,16,NA,0.631333333333333,0.1848,1.09013333333333,0.528297895762104,46,0.0649999999999999,12,0.905333333333334,NA,53.3,4.9,6.78655499313157,NA,NA,NA
2539308,"Matt Barkley","BUF","QB",30,7,NA,0.607333333333333,0.0724000000000001,1.06173333333333,0.58858323304544,47,0.0824166666666667,12,0.989333333333333,NA,55.3,1.2,3.75371699569887,NA,NA,NA
2495347,"Lee Smith","BUF","TE",33,9,NA,0.59975,0.2493,0.834,0.378470936797002,81,0.00708333333333333,12,0.5847,NA,NA,NA,3.32590363396539,NA,NA,NA
2559362,"Dare Ogunbowale","FA","RB",NA,3,NA,0.597333333333333,0.5,0.7176,0.144780293318301,109,0.09075,22,0.2176,NA,96.2,3.5,3.37281561532755,NA,NA,NA
2562626,"Andrew Beck","DEN","TE",50,1,NA,0.593333333333333,0.324,0.916,0.387599449604012,82,0.0246666666666666,12,0.592,NA,91,5,4.57943727180008,NA,NA,NA
2550313,"Richard Rodgers","FA","TE",28,6,NA,0.592,0.1008,1.192,0.721534475960782,83,0.0668333333333333,12,1.0912,NA,NA,NA,4.98615106064651,NA,NA,NA
2555209,"Chris Moore","BAL","WR",27,4,NA,0.577666666666667,0.4156,0.7636,0.223553871210796,142,0.0916666666666667,16,0.348,NA,NA,NA,2.48680733335943,NA,NA,NA
2560896,"Jordan Thomas","FA","TE",24,2,NA,0.545333333333333,0.0908,1.11,0.680165666094176,84,0.0569583333333334,12,1.0192,NA,79.8,4.9,5.23994186711341,NA,NA,NA
2561261,"Brandon Powell","ATL","WR",50,2,NA,0.530333333333333,0.128,0.9048,0.489234435964327,144,0.102,16,0.7768,NA,NA,NA,3.3797474975709,NA,NA,NA
2555220,"Derek Watt","PIT","RB",28,4,NA,0.526666666666667,0.2582,0.7898,0.285947936209063,110,0.0461666666666667,22,0.5316,NA,108.5,2.5,3.25525810241633,NA,NA,NA
2543477,"Blake Bortles","FA","QB",29,6,NA,0.525333333333333,0.1576,0.788,0.454952012121425,48,0.01025,12,0.6304,NA,NA,NA,3.61318357752222,NA,NA,NA
2552588,"Brett Hundley","ARI","QB",27,5,NA,0.5245,0.051,0.944,0.496779964706039,49,0.0203333333333333,12,0.893,NA,49.7,4.1,6.06479815368025,NA,NA,NA
81284,"Chase Daniel","DET","QB",34,11,NA,0.505666666666667,0.017,1.001,0.552884556967667,50,0.0053333333333333,12,0.984,NA,NA,NA,3.90337269239151,NA,NA,NA
2559018,"Pharaoh Brown","FA","TE",50,3,NA,0.505,0.381,0.629,0.21920310216783,85,0.0375,12,0.248,NA,NA,NA,2.55513092742627,NA,NA,NA
2532888,"Case Keenum","CLE","QB",32,8,NA,0.502666666666667,0.17,0.702,0.356444167359272,51,0.00508333333333333,12,0.532,NA,45.7,3.9,5.68811478030689,NA,NA,NA
2558191,"Nathan Peterman","LVR","QB",26,3,NA,0.498,0.048,0.916,0.48706467743001,52,0.0154166666666667,12,0.868,NA,58,1.4,3.77207464229992,NA,NA,NA
2506340,"Alex Smith","WAS","QB",36,15,NA,0.497166666666667,0.095,0.836,0.412056225936866,53,0.02925,12,0.741,NA,50.5,7.5,8.80828105967048,NA,NA,NA
2552471,"T.J. Yeldon","BUF","RB",27,5,NA,0.4865,0.0184,1.1172,0.771723558018025,111,0.0341666666666667,22,1.0988,NA,102,3.5,4.67983844864412,NA,NA,NA
2564994,"Anthony McFarland","PIT","RB",50,0,NA,0.4745,0.2236,0.6944,0.301807471743163,112,0.0546666666666668,22,0.4708,NA,83.4,5.1,4.35915058389593,NA,NA,NA
2534241,"Derek Carrier","LVR","TE",30,8,NA,0.47175,0.0959,0.957,0.495518835834388,86,0.048875,12,0.8611,NA,NA,NA,3.89235401703125,NA,NA,NA
2539335,"Geno Smith","SEA","QB",30,7,NA,0.468,0.1404,0.702,0.405299888971117,54,0.0100833333333333,12,0.5616,NA,50,2.4,4.49475961952793,NA,NA,NA
497123,"Colt McCoy","NYG","QB",34,10,NA,0.467833333333333,0.037,0.8908,0.47294079967793,55,0.0367833333333333,12,0.8538,NA,48.3,1.2,3.58238388354022,NA,NA,NA
2560880,"Durham Smythe","MIA","TE",NA,2,NA,0.46325,0.1301,0.767,0.344773718062538,87,0.0953333333333334,12,0.6369,NA,73.2,6.6,5.23467187968944,NA,NA,NA
2533033,"Robert Griffin","BAL","QB",30,8,NA,0.448,0.1698,0.6318,0.301935975553317,56,0.03745,12,0.462,NA,38,2.2,4.17285292069745,NA,NA,NA
2560936,"Cedrick Wilson","DAL","WR",NA,2,NA,0.441666666666667,0.136,0.788,0.41690326615815,147,0.0373333333333334,16,0.652,NA,134,1,2.6664246044367,NA,NA,NA
2495340,"Anthony Sherman","KC","RB",32,9,NA,0.430166666666667,0.2309,0.7077,0.34280910625789,113,0.0576666666666666,22,0.4768,NA,109,9,6.05087279219365,NA,NA,NA
2562562,"Ashton Dulin","IND","WR",NA,1,NA,0.415,0.411,0.419,0.00707106781186544,149,0.0506666666666667,16,0.00799999999999995,NA,139.5,4.3,2.88893292714159,NA,NA,NA
81294,"Brian Hoyer","NE","QB",35,11,NA,0.4141,0.00612,0.818,0.466457900922831,58,0.00878333333333337,12,0.81188,NA,40.3,1.7,3.99469185640322,NA,NA,NA
2550400,"Keith Smith","ATL","RB",28,6,NA,0.4095,0.3248,0.47,0.104789073857917,114,0.0742499999999999,23,0.1452,NA,NA,NA,2.21099498301135,NA,NA,NA
2558904,"Phillip Walker","CAR","QB",25,3,NA,0.407,0.3342,0.4798,0.128693434175952,59,0.01285,12,0.1456,NA,49.3,5,6.27889298856424,NA,NA,NA
2555427,"Nate Sudfeld","PHI","QB",27,4,NA,0.403633333333333,0.00436,0.8,0.457723259428907,60,0.0313000000000001,12,0.79564,NA,NA,NA,3.62139520731807,NA,NA,NA
2553502,"DeAndre Carter","HOU","WR",27,5,NA,0.393666666666667,0.0918,0.631,0.364815478472794,150,0.0601666666666666,16,0.5392,NA,132.2,6.9,4.20804660128771,NA,NA,NA
382,"Joe Flacco","NYJ","QB",35,12,NA,0.384666666666667,0.069,0.667,0.330925973595304,61,0.0339999999999999,12,0.598,NA,NA,NA,3.24567544835898,NA,NA,NA
2557859,"Jake Butt","DEN","TE",25,3,NA,0.3825,0.099,0.648,0.301371863318393,88,0.0375,12,0.549,NA,79,5.5,4.60793340854316,NA,NA,NA
2564499,"Tua Tagovailoa","MIA","QB",50,0,NA,0.36,-0.107,0.8438,0.521845443274794,62,0.0419999999999999,12,0.9508,NA,35.5,1.1,3.57045727776913,NA,NA,NA
2563911,"Albert Okwuegbunam","DEN","TE",50,0,NA,0.353333333333333,0.106,0.53,0.305995642670502,90,0.0295,12,0.424,NA,NA,NA,2.97516125876348,NA,NA,NA
2539275,"Mike Glennon","FA","QB",31,7,NA,0.341333333333333,-0.2632,0.8888,0.730524012838273,63,0.0551666666666668,12,1.152,NA,52.3,0.5,3.37333508334681,NA,NA,NA
2561293,"Deon Yelder","KC","TE",NA,2,NA,0.336666666666667,0.216,0.464,0.155670592384475,91,0.0264166666666666,12,0.248,NA,NA,NA,2.24766693362642,NA,NA,NA
2556762,"Elijhaa Penny","NYG","RB",27,4,NA,0.3355,0.2256,0.4556,0.145436412221974,115,0.00462499999999999,23,0.23,NA,96.3,8.2,5.3099132464918,NA,NA,NA
2563938,"Jason Huntley","PHI","RB",50,0,NA,0.335,0.219,0.451,0.205060966544099,116,0.00904166666666673,23,0.232,NA,95.4,3.4,3.45730028394801,NA,NA,NA
2562804,"Penny Hart","FA","WR",50,1,NA,0.335,0.171,0.499,0.289913780286485,152,0.00900000000000001,16,0.328,NA,NA,NA,2.70983993705054,NA,NA,NA
2561671,"Malik Turner","DAL","WR",50,2,NA,0.332,0.0968,0.66,0.405304823558763,153,0.019,16,0.5632,NA,NA,NA,3.09766392870633,NA,NA,NA
2495262,"Nick Bellore","SEA","RB",31,9,NA,0.32675,0.0775,0.721,0.413511285617858,117,0.00916666666666666,23,0.6435,NA,NA,NA,3.49821506381243,NA,NA,NA
2552374,"Ameer Abdullah","MIN","RB",27,5,NA,0.325166666666667,0.098,0.5024,0.274900133381803,118,0.0701666666666667,23,0.4044,NA,98.3,2.2,3.10866892476132,NA,NA,NA
2560844,"Byron Pringle","KC","WR",50,2,NA,0.32,0.272,0.368,0.0848528137423857,154,0.0389999999999999,17,0.096,NA,134.4,13.3,5.50479403121806,NA,NA,NA
2561027,"Tyler Conklin","MIN","TE",NA,2,NA,0.311,0.1278,0.467,0.189852574383388,92,0.01625,13,0.3392,NA,72.3,9,5.99809583275878,NA,NA,NA
2563878,"LaVante Bellamy","DEN","RB",50,0,NA,0.31,0.31,0.31,NA,119,0.119833333333333,23,0,NA,NA,NA,NA,NA,NA,NA
2495234,"Luke Stocker","ATL","TE",32,9,NA,0.3095,0.1496,0.485,0.181220859726467,93,0.0345,13,0.3354,NA,68.8,7.4,5.21834771223746,NA,NA,NA
2560729,"Robert Foster","FA","WR",NA,2,NA,0.306,0.2612,0.3508,0.0791959594928933,155,0.0605000000000001,17,0.0896,NA,NA,NA,2.00162702852912,NA,NA,NA
252,"Chad Henne","KC","QB",35,12,NA,0.294666666666667,0.116,0.396,0.196493709257517,64,0.0518333333333334,12,0.28,NA,48,3.6,5.19798820975485,NA,NA,NA
2562777,"Trevon Wesco","NYJ","TE",NA,1,NA,0.28,0.064,0.48,0.26229754097208,94,0.01525,13,0.416,NA,69.6,5.6,4.56081265746273,NA,NA,NA
2560942,"Logan Woodside","TEN","QB",25,2,NA,0.277666666666667,-0.2528,0.6808,0.64534822641217,65,0.0846666666666666,12,0.9336,NA,NA,NA,4.17735669266224,NA,NA,NA
2558864,"Mason Schreck","CIN","TE",NA,3,NA,0.27,0.0540000000000001,0.486,0.381837661840736,95,0.0299166666666667,13,0.432,NA,78,2,3.14262968882182,NA,NA,NA
2553454,"Geoff Swaim","TEN","TE",NA,NA,NA,0.2595,0.1084,0.451,0.19280646600499,96,0.0716666666666667,13,0.3426,NA,NA,NA,2.42738506620996,NA,NA,NA
2558262,"Mack Hollins","MIA","WR",27,3,NA,0.256,0.0844,0.454,0.237966384180623,156,0.036,17,0.3696,NA,150,6,3.7463645473029,NA,NA,NA
2560801,"Ray-Ray McCloud","PIT","WR",NA,2,NA,0.235,0.151,0.319,0.148492424049175,157,0.0456666666666666,17,0.168,NA,NA,NA,2.23452926019053,NA,NA,NA
2564703,"Adam Trautman","NO","TE",50,0,NA,0.220666666666667,0.1536,0.296,0.0907817896570305,97,0.107,13,0.1424,NA,NA,NA,1.93363919400928,NA,NA,NA
2543497,"AJ McCarron","HOU","QB",30,6,NA,0.208,0.006,0.406,0.228776455665059,66,0.0383333333333333,13,0.4,NA,47,8.3,9.21179867169156,NA,NA,NA
2561067,"Cam Sims","FA","WR",50,2,NA,0.205,0.041,0.369,0.289913780286484,158,0.0431666666666666,17,0.328,NA,NA,NA,2.70983993705054,NA,NA,NA
2563327,"D'Ernest Johnson","CLE","RB",NA,1,NA,0.2,0.2,0.2,NA,121,0.0238333333333333,24,0,NA,NA,NA,NA,NA,NA,NA
2558138,"Samaje Perine","CIN","RB",25,3,NA,0.180333333333333,0.082,0.3036,0.148648354627064,122,0.04025,24,0.2216,NA,100.5,0.5,2.14530737106544,NA,NA,NA
2564115,"Jacob Eason","IND","QB",50,0,NA,0.178,0.178,0.178,0,67,0.0563333333333333,13,0,NA,NA,NA,2.26509115418334,NA,NA,NA
2560243,"Brandon Zylstra","CAR","WR",27,3,NA,0.173666666666667,0.0608,0.316,0.171785719235719,159,0.0251666666666667,17,0.2552,NA,140.5,1.5,2.39257412712902,NA,NA,NA
2552636,"Michael Burton","NO","RB",28,5,NA,0.172,0.0936,0.2504,0.138592929112563,123,0.0729166666666667,24,0.1568,NA,NA,NA,2.35194046615044,NA,NA,NA
2561187,"Tim Boyle","GB","QB",50,2,NA,0.161333333333333,0.0624,0.232,0.122398257068201,68,0.100333333333333,13,0.1696,NA,NA,NA,2.62777591782273,NA,NA,NA
2553900,"Daniel Brown","NYJ","TE",NA,NA,NA,0.155,0.071,0.239,0.148492424049175,98,0.0826666666666667,13,0.168,NA,75,2,2.57799546462527,NA,NA,NA
2564202,"Collin Johnson","JAC","WR",50,0,NA,0.15,0.15,0.15,NA,160,0.00475000000000003,18,0,NA,NA,NA,NA,NA,NA,NA
497320,"Andre Roberts","BUF","WR",32,10,NA,0.147,0.0908,0.194,0.0675055553269507,161,0.00891666666666666,18,0.1032,NA,NA,NA,1.96233611756121,NA,NA,NA
2556861,"Jaydon Mickens","TB","WR",26,4,NA,0.1435,0.0663,0.2207,0.136471608769004,162,0.0121666666666667,18,0.1544,NA,NA,NA,2.19412785265743,NA,NA,NA
4487,"Matthew Slater","NE","WR",35,12,NA,0.132666666666667,0.0444,0.23,0.117649196059018,163,0.0176666666666666,18,0.1856,NA,NA,NA,2.13086658884725,NA,NA,NA
2540011,"Chris Thompson","JAC","WR",30,7,NA,0.13,0.13,0.13,NA,164,0.03,19,0,NA,55.4,4.7,4.23954955254732,NA,NA,NA
2495467,"Taiwan Jones","BUF","RB",32,9,NA,0.108166666666667,0.0288,0.1996,0.109900333636133,126,0.0211666666666667,24,0.1708,NA,NA,NA,2.2323064273263,NA,NA,NA
2562860,"Jason Moore","LAC","WR",NA,1,NA,0.1,0.1,0.1,NA,166,0.023,20,0,NA,NA,NA,NA,NA,NA,NA
2565048,"K.J. Hill","LAC","WR",50,0,NA,0.1,0.1,0.1,NA,166,0.073,20,0,NA,NA,NA,NA,NA,NA,NA
2557934,"Elijah McGuire","FA","RB",26,3,NA,0.09,0.09,0.09,0,128,0.00600000000000001,24,0,NA,NA,NA,1.77407598275702,NA,NA,NA
2555227,"Jonathan Williams","FA","RB",26,4,NA,0.084,0.0552,0.1128,0.0509116882454314,129,0.004,24,0.0576,NA,NA,NA,1.98635273175868,NA,NA,NA
2555229,"Kenneth Dixon","FA","RB",26,4,NA,0.084,0.084,0.084,NA,130,0.00849999999999998,24,0,NA,NA,NA,NA,NA,NA,NA
2563608,"Jake Fromm","BUF","QB",50,0,NA,0.082,0.082,0.082,0,69,0.0496666666666667,13,0,NA,NA,NA,2.26509115418334,NA,NA,NA
2558975,"Taquan Mizzell","FA","RB",27,3,NA,0.076,0.076,0.076,NA,131,0.0055,24,0,NA,NA,NA,NA,NA,NA,NA
2556493,"Tra Carson","FA","RB",28,4,NA,0.075,0.075,0.075,NA,132,0.01,0,0,NA,NA,NA,NA,NA,NA,NA
2558875,"Johnny Mundt","LAR","TE",50,3,NA,0.0723333333333333,0.0516,0.094,0.0265769323537035,104,NA,14,0.0424,NA,87,1.9,2.23556312426344,NA,NA,NA
2550289,"David Fluellen","FA","RB",28,6,NA,0.066,0.066,0.066,NA,133,0.0025,0,0,NA,NA,NA,NA,NA,NA,NA
2556411,"Josh Ferguson","FA","RB",27,4,NA,0.064,0.064,0.064,NA,134,0.00174999999999999,24,0,NA,NA,NA,NA,NA,NA,NA
2553743,"Rod Smith","FA","RB",NA,NA,NA,0.063,0.0606,0.0654,0.00424264068711928,135,0.00625000000000001,24,0.00479999999999998,NA,NA,NA,1.79176571184049,NA,NA,NA
2557531,"Troymaine Pope","FA","RB",27,4,NA,0.0615,0.0603,0.0627,0.00212132034355964,136,0.0155,24,0.00240000000000001,NA,NA,NA,1.78292084729875,NA,NA,NA
2561482,"Chad Beebe","MIN","WR",50,2,NA,0.054,0.0304,0.0864,0.0398497176903426,185,0.054,20,0.056,NA,NA,NA,1.8693861186648,NA,NA,NA
2559033,"Ricky Ortiz","NO","RB",50,3,NA,0.052,0.052,0.052,NA,137,0.0150833333333333,24,0,NA,NA,NA,NA,NA,NA,NA
2562626,"Andrew Beck","DEN","RB",50,1,NA,0.04,0.04,0.04,NA,138,0.00616666666666667,24,0,NA,91,5,5.60346469568821,NA,NA,NA
2541185,"Ryan Griffin","TB","QB",31,7,NA,0.04,0.04,0.04,NA,70,0.0185,13,0,NA,NA,NA,NA,NA,NA,NA
2556118,"Dwayne Washington","NO","RB",NA,4,NA,0.0338333333333333,0.0244,0.0408,0.0115578256317239,139,NA,25,0.0164,NA,NA,NA,1.82226644226021,NA,NA,NA
2562746,"Jarrett Stidham","NE","QB",50,1,NA,0.0246666666666667,-0.1396,0.142,0.203227294754748,71,0.0305,13,0.2816,NA,NA,NA,2.86728472399969,NA,NA,NA
2552576,"Sean Mannion","MIN","QB",28,5,NA,0.0183333333333333,-0.00100000000000001,0.0363333333333333,0.02185812841434,72,0.133333333333333,14,0.0373333333333333,NA,NA,NA,2.32986013314958,NA,NA,NA
2563881,"Tyrie Cleveland","DEN","WR",50,0,NA,0,0,0,NA,199,0,22,0,NA,NA,NA,NA,NA,NA,NA
2564130,"Dezmon Patmon","IND","WR",50,0,NA,0,0,0,NA,199,NA,22,0,NA,NA,NA,NA,NA,NA,NA
2558167,"Joshua Dobbs","PIT","QB",25,3,NA,-0.03,-0.03,-0.03,NA,81,0.17,14,0,NA,NA,NA,NA,NA,NA,NA
2562404,"Will Grier","CAR","QB",50,1,NA,-0.2,-0.2,-0.2,NA,82,NA,14,0,NA,NA,NA,NA,NA,NA,NA
