"playerId","player","team","position","age","exp","bye","points","lower","upper","sdPts","positionRank","dropoff","tier","ptSpread","overallECR","positionECR","sdRank","risk","sleeper","actualPoints","salary"
2506363,"Aaron Rodgers","GB","QB",32,10,7,22.1733333333333,18.98,24.932,3.75453503557143,1,1.76833333333333,1,5.952,NA,5,1.1,4.4684438474104,NA,16.26,NA
2532975,"Russell Wilson","SEA","QB",27,3,9,20.9733333333333,17.456,22.24,3.08417465999144,2,1.36166666666667,1,4.784,NA,12,5,4.59250614845798,NA,13.48,NA
2495455,"Cam Newton","CAR","QB",26,4,5,19.8366666666667,18.266,21.61,2.13556393801107,3,1.51666666666667,1,3.344,NA,11,4,3.82442676331025,NA,15.06,NA
2533031,"Andrew Luck","IND","QB",26,3,10,19.3866666666667,18.084,20.228,1.45455606056739,4,2.595,1,2.144,NA,30,3.5,3.30456482023446,NA,NA,NA
2505245,"Carson Palmer","ARI","QB",36,12,9,17.2533333333333,15.94,18.708,1.75685324752335,5,1.02,2,2.768,NA,18,6.1,3.87956788621921,NA,14.98,NA
234,"Matt Forte","CHI","RB",30,7,7,16.7766666666667,14.024,19.12,3.21708460151942,1,0.271666666666665,1,5.096,NA,10,4,3.72102372207489,NA,12.5,NA
2540168,"Eddie Lacy","GB","RB",24,2,7,16.54,13.136,20.48,4.73442710367368,2,0.55833333333333,1,7.344,NA,10,4.9,5.11296526516446,NA,9.3,NA
2533039,"Alshon Jeffery","CHI","WR",25,3,7,16.5,16.5,16.5,NA,1,1.17,1,0,NA,NA,NA,NA,NA,NA,NA
2540175,"LeVeon Bell","PIT","RB",23,2,11,16.47,14.508,17.94,2.39493214935204,3,1.52833333333334,1,3.432,NA,10,1.9,2.88010980477779,NA,21,NA
2501863,"Peyton Manning","DEN","QB",39,17,7,16.33,14.672,18.12,2.17386752126251,6,0.218333333333334,2,3.448,NA,13,6.9,4.26938905261013,NA,6.32,NA
2495454,"Julio Jones","ATL","WR",26,4,10,16.2333333333333,15.06,17.46,1.50443787951957,2,1.95833333333334,1,2.4,NA,3,1.1,2.2845820848124,NA,3.8,NA
310,"Matt Ryan","ATL","QB",30,7,10,16.1366666666667,15.244,17.204,1.28204264099652,7,0.270833333333334,2,1.96,NA,11,4.9,3.39386676739908,NA,14.14,NA
382,"Joe Flacco","BAL","QB",30,7,9,16.0866666666667,15.784,16.168,0.244404037064311,8,0.485833333333332,3,0.384,NA,23,13,3.88457065577809,NA,5.56,NA
2504775,"Drew Brees","NO","QB",36,14,11,15.645,2.34,15.852,9.55848837421483,9,0.168333333333333,3,13.512,NA,33,14.7,10.2508523358303,NA,22.36,NA
2506121,"Philip Rivers","SD","QB",34,11,10,15.5566666666667,13.688,17.696,2.57263159689321,10,0.234999999999999,3,4.008,NA,18,11.3,5.16834099262513,NA,26.22,NA
925,"Jamaal Charles","KC","RB",29,7,9,15.4933333333333,14.524,16.62,1.35356319886932,4,1.39166666666667,1,2.096,NA,5,2.2,1.97415567410239,NA,14.5,NA
2495186,"Colin Kaepernick","SF","QB",28,4,10,15.3966666666667,14.004,16.236,1.43395722855786,11,0.363333333333332,3,2.232,NA,25,17.4,5.30314257542257,NA,9.1,NA
497095,"Sam Bradford","PHI","QB",28,5,8,15.2466666666667,14.712,15.88,0.760613787235897,12,0.466666666666667,4,1.168,NA,26,15.8,4.62908489209133,NA,24.2,NA
2495143,"Andy Dalton","CIN","QB",28,4,7,14.82,11.888,16.4,3.25625551822949,13,0.202500000000001,4,4.512,NA,15,7.8,5.11089657473203,NA,18.44,NA
2504531,"Michael Vick","PIT","QB",35,14,11,14.74,14.016,15.728,1.21309521472966,14,0.4275,4,1.712,NA,26,17.2,5.12906498743191,NA,12.26,NA
2495240,"Tyrod Taylor","BUF","QB",26,4,8,14.495,10.683,17.107,5.67806745292798,15,0.540000000000001,4,6.424,NA,25,8.8,6.8470024144516,NA,13.46,NA
2508061,"Antonio Brown","PIT","WR",27,5,11,14.4266666666667,12.964,15.7,1.75844628389193,3,0.356666666666666,1,2.736,NA,43,6.1,2.71894371238805,NA,4.2,NA
2541161,"Latavius Murray","OAK","RB",25,2,6,14.39,12.774,15.894,1.96501908387679,5,0.699999999999999,1,3.12,NA,16,5.3,2.68228457550013,NA,6.1,NA
2532956,"Ryan Tannehill","MIA","QB",27,3,5,14.13,12.222,15.406,2.1988406035909,16,0.370000000000001,4,3.184,NA,22,15.8,5.57413000465783,NA,10.32,NA
497328,"Demaryius Thomas","DEN","WR",28,5,7,14.1233333333333,13.456,14.92,0.956887314856527,4,0.264999999999999,0,1.464,NA,19,5,1.96922492346594,NA,9.3,NA
100026,"Cardinals","ARI","DST",NA,NA,9,14.1,11.54,12.66,0.989949493661167,1,2,1,1.12,NA,24,2.9,0.953185871168389,NA,1,NA
2495448,"Randall Cobb","GB","WR",25,4,7,14.0166666666667,12.5,15.74,2.07384506010775,5,0.369999999999999,0,3.24,NA,8,3.7,2.89409976385434,NA,4.4,NA
2507164,"Adrian Peterson","MIN","RB",30,8,5,13.8133333333333,12.392,14.84,1.58698876282516,6,0.551666666666669,2,2.448,NA,12,4.2,2.28839945862202,NA,15.4,NA
2532970,"Brandon Weeden","DAL","QB",32,3,6,13.78,12.62,14.892,1.42379773844461,17,0.0683333333333334,5,2.272,NA,30,24.4,6.3097612137148,NA,14.34,NA
2506340,"Alex Smith","KC","QB",31,10,9,13.74,12.712,14.488,1.26475294030099,18,0.316666666666666,5,1.776,NA,27,20.4,5.62622905656243,NA,17.94,NA
2495450,"A.J. Green","CIN","WR",27,4,7,13.7,12.62,15.18,1.81934053986603,6,0.141666666666667,0,2.56,NA,17,4.1,2.68775314242585,NA,8.2,NA
2505996,"Eli Manning","NYG","QB",34,11,11,13.6833333333333,11.848,15.424,2.24437816183756,19,0.868333333333332,5,3.576,NA,26,12.8,5.16978329567753,NA,17.28,NA
2540165,"DeAndre Hopkins","HOU","WR",23,2,9,13.5933333333333,11.964,14.78,2.00402927456994,7,0.211666666666666,0,2.816,NA,17,8.3,3.02745831145243,NA,15.7,NA
2495466,"Mark Ingram","NO","RB",26,4,11,13.5666666666667,11.66,15.26,2.4214320831552,7,0.688333333333334,2,3.6,NA,17,9.5,3.31228517813207,NA,12.8,NA
2543496,"Odell Beckham","NYG","WR",23,1,11,13.5233333333333,11.476,16.06,3.05460854011334,8,0.316666666666666,0,4.584,NA,9,3.2,3.7333401111528,NA,3.8,NA
2543500,"Jordan Matthews","PHI","WR",23,1,8,13.24,11.376,14.8,2.23892831506504,9,0.108333333333333,0,3.424,NA,25,13.6,3.45774757098944,NA,5,NA
497322,"Emmanuel Sanders","DEN","WR",28,5,7,13.1733333333333,12.236,14.3,1.35356319886932,10,0.119999999999999,0,2.064,NA,16,9.7,2.51605259215633,NA,6.8,NA
2543499,"Derek Carr","OAK","QB",24,1,6,13.1633333333333,9.454,15.966,4.51865392936141,20,0.75,5,6.512,NA,17,9.9,6.24439482326089,NA,9.84,NA
2532865,"T.Y. Hilton","IND","WR",26,3,10,13.09,9.834,14.314,3.05815303737403,11,0.133333333333335,0,4.48,NA,38,14.6,4.21873341323268,NA,6.7,NA
2543468,"Mike Evans","TB","WR",22,1,6,13.0166666666667,11.94,13.9,1.29453981527543,12,0.126666666666667,0,1.96,NA,29,15.8,2.72233737473821,NA,3.2,NA
2543603,"Jeremy Hill","CIN","RB",23,1,7,12.9566666666667,11.254,15.574,2.92089598125872,8,0.229999999999999,2,4.32,NA,40,17.1,4.16324981612433,NA,22,NA
2552487,"Amari Cooper","OAK","WR",21,0,6,12.8966666666667,11.192,14.16,2.08663205509101,13,0.101666666666667,0,2.968,NA,23,9.4,3.14645930759719,NA,10.9,NA
2506106,"Larry Fitzgerald","ARI","WR",32,11,9,12.8833333333333,12.5,13.18,0.464578662158878,14,0.183333333333334,0,0.68,NA,18,10.3,1.76155760307695,NA,6.9,NA
2540171,"Joseph Randle","DAL","RB",24,2,6,12.8,12.02,13.54,0.953939201416945,9,0.504999999999999,2,1.52,NA,25,9.8,2.02901661911723,NA,8.6,NA
2543498,"Brandin Cooks","NO","WR",22,1,11,12.7066666666667,10.896,14.16,2.18177297932973,15,0.0716666666666654,0,3.264,NA,37,23,3.80527960934973,NA,2.5,NA
2495893,"Brandon Marshall","NYJ","WR",31,9,5,12.6933333333333,11.204,14.26,1.91732452478273,16,0.521666666666667,0,3.056,NA,19,10.9,3.06138950114738,NA,12.8,NA
2552469,"Melvin Gordon","SD","RB",22,0,10,12.6533333333333,10.988,14.3,2.0703944873703,10,1.07,2,3.312,NA,25,13.5,3.2165674313197,NA,4.6,NA
2540154,"Keenan Allen","SD","WR",23,2,10,12.5766666666667,10.744,14.16,2.20218830560271,17,1.07666666666667,0,3.416,NA,24,14.4,3.45936118799587,NA,13.2,NA
100030,"Seahawks","SEA","DST",NA,NA,9,12.55,6.19,12.51,5.58614357137373,2,1.075,1,6.32,NA,13,1.7,4.81031222190569,NA,6,NA
2506581,"Ryan Fitzpatrick","NYJ","QB",33,10,5,12.4666666666667,10.988,13.516,1.65618034444723,21,0.135,5,2.528,NA,27,18.3,5.57944396481228,NA,13.12,NA
2543462,"Johnny Manziel","CLE","QB",23,1,11,12.36,0.426000000000001,11.034,9.37623591853362,22,0.134999999999998,6,10.608,NA,58,33.7,12.8814663444638,NA,NA,NA
79860,"Matthew Stafford","DET","QB",27,6,9,12.3033333333333,10.574,14.446,2.58016149365371,23,0.276666666666667,7,3.872,NA,29,22.5,6.79455976354119,NA,8.12,NA
2543477,"Blake Bortles","JAC","QB",24,1,8,12.1466666666667,10.58,14.084,2.3324093408605,24,0.246666666666666,7,3.504,NA,30,19.3,6.1685439180843,NA,19.02,NA
497236,"Jimmy Graham","SEA","TE",29,5,9,12.14,9.756,14.3,2.88111089685906,1,0.484999999999999,1,4.544,NA,11,2.9,4.33483607872403,NA,2.9,NA
2507999,"Chris Ivory","NYJ","RB",27,5,5,11.9366666666667,10.288,13.16,2.01743236152624,11,1.07833333333333,2,2.872,NA,32,18,3.41167157305904,NA,22.6,NA
2552033,"Jameis Winston","TB","QB",21,0,6,11.9066666666667,10.788,12.612,1.23001355006087,25,0.203333333333333,7,1.824,NA,30,25,6.26928127404272,NA,8.68,NA
2532842,"Nick Foles","STL","QB",26,3,6,11.8933333333333,9.368,14.856,3.69715205710197,26,0.485000000000001,7,5.488,NA,31,27.7,8.28125654062484,NA,18.74,NA
2540148,"Tyler Eifert","CIN","TE",25,2,7,11.81,10.424,13.12,1.69301506195308,2,0.503333333333334,1,2.696,NA,8,5.4,3.1804125491986,NA,6.9,NA
2504595,"Steve Smith","BAL","WR",36,14,9,11.7666666666667,10.22,13.58,2.17791949652262,18,0.671666666666669,0,3.36,NA,26,12.1,3.34076804326796,NA,2.4,NA
100014,"Colts","IND","DST",NA,NA,10,11.65,5.97,12.13,5.44472221513642,3,0.525,1,6.16,NA,24,10.7,6.50801498585729,NA,5,NA
497108,"Jimmy Clausen","CHI","QB",27,5,7,11.5133333333333,10.564,12.26,1.14722854450773,27,0.231666666666664,7,1.696,NA,32,28.4,6.70705557478392,NA,NA,NA
2543683,"Austin Seferian-Jenkins","TB","TE",23,1,6,11.5,11.5,11.5,NA,3,0.805,1,0,NA,NA,NA,NA,NA,NA,NA
2532820,"Kirk Cousins","WAS","QB",27,3,8,11.3033333333333,8.208,14.2,3.76961978630914,28,0.0533333333333346,7,5.992,NA,30,22.1,7.51823891993756,NA,21.7,NA
100011,"Packers","GB","DST",NA,NA,7,11.3,5.36,11.44,5.37401153701776,4,0.65,1,6.08,NA,16,7.8,5.85724312812895,NA,15,NA
2495443,"Ryan Mallett","HOU","QB",27,4,9,11.26,8.884,13.06,2.61051719013685,29,0.685000000000002,7,4.176,NA,30,25.9,7.30667773961638,NA,3,NA
2543465,"Teddy Bridgewater","MIN","QB",23,1,5,11.24,9.204,13.684,3.09399418228283,30,2.665,7,4.48,NA,30,24.3,7.39275572079501,NA,14.06,NA
2346,"Pierre Garcon","WAS","WR",29,7,8,11.2333333333333,8.82,13.14,2.91433239925259,19,0.549999999999999,0,4.32,NA,48,26.7,4.60446180713202,NA,11.5,NA
2506404,"Frank Gore","IND","RB",32,10,10,11.23,9.432,12.8,2.29993478168404,12,0.933333333333334,3,3.368,NA,19,8.9,3.17243789530924,NA,5.7,NA
2495700,"Greg Olsen","CAR","TE",30,8,5,11.1133333333333,9.732,12.58,1.7895623301057,4,0.878333333333334,1,2.848,NA,5,1.5,2.87801251225083,NA,2.8,NA
2507183,"James Jones","GB","WR",31,8,7,10.9566666666667,9.736,11.92,1.4743247041725,20,0.59,0,2.184,NA,28,18.7,3.0027432747739,NA,9.8,NA
100004,"Panthers","CAR","DST",NA,NA,5,10.95,9.87,12.03,1.90918830920368,5,0.824999999999999,1,2.16,NA,12,4.1,2.01642971769071,NA,18,NA
2507401,"Dan Carpenter","BUF","K",30,7,8,10.5333333333333,9.72,11.5866666666667,1.27714960404453,1,0.205555555555556,1,1.86666666666667,NA,26,9.5,3.36375942031309,NA,6,NA
2543600,"Alfred Blue","HOU","RB",24,1,9,10.4866666666667,7.128,13.4,4.16155419685162,13,0.416666666666668,3,6.272,NA,64,38.3,6.40188742753115,NA,1.7,NA
497326,"Golden Tate","DET","WR",27,5,9,10.41,8.204,12.1,2.67904833849634,21,0.141666666666666,0,3.896,NA,48,31.5,4.60112132843521,NA,2.9,NA
2503471,"Adam Vinatieri","IND","K",43,19,10,10.3777777777778,9.50666666666667,11.5333333333333,1.40844016688807,2,0.355555555555556,1,2.02666666666667,NA,14,5.4,2.75206476012428,NA,12,NA
100028,"Chargers","SD","DST",NA,NA,10,10.35,7.93,10.57,2.33345237791561,6,0.575000000000001,2,2.64,NA,29,16.2,4.84700638156994,NA,6,NA
2543488,"Jarvis Landry","MIA","WR",23,1,5,10.3233333333333,8.036,12.3,2.74856932481852,22,0.111666666666668,0,4.264,NA,29,20.2,4.18405665126922,NA,4,NA
2507374,"Steven Hauschka","SEA","K",NA,NA,9,10.2777777777778,9.26666666666667,11.5333333333333,1.51229528764624,3,0.561111111111114,1,2.26666666666667,NA,13,2.1,2.25784168476263,NA,11,NA
2540258,"Travis Kelce","KC","TE",26,2,9,10.2766666666667,8.364,11.94,2.29926799945838,5,0.405000000000001,1,3.576,NA,6,2.7,3.616831475579,NA,1.9,NA
2543847,"John Brown","ARI","WR",25,1,9,10.2133333333333,8.332,12.06,2.33120855637872,23,0.0416666666666661,0,3.728,NA,42,25.8,4.05483044681491,NA,7.5,NA
80425,"Percy Harvin","BUF","WR",27,6,8,10.21,8.844,11.78,1.88740562677979,24,0.206666666666667,0,2.936,NA,47,29.7,3.83048784301572,NA,2.6,NA
1062,"Martellus Bennett","CHI","TE",28,7,7,10.1933333333333,7.724,11.98,3.04304671888772,6,0.694999999999999,1,4.256,NA,10,4.3,4.67874772741756,NA,14.3,NA
2543614,"Donte Moncrief","IND","WR",22,1,10,10.1333333333333,8.18,12.42,2.74651294068194,25,0.386666666666667,0,4.24,NA,33,18.9,4.12725537140252,NA,7.5,NA
2540269,"C.J. Anderson","DEN","RB",24,2,7,10.1066666666667,6.784,13.024,3.99751589531966,14,0.0833333333333339,3,6.24,NA,37,21.4,5.34779476219999,NA,7,NA
2543583,"Devonta Freeman","ATL","RB",23,1,10,10.0333333333333,6.42,12.1,3.56417358350198,15,0.159999999999998,3,5.68,NA,28,12.3,4.47471133790037,NA,32.9,NA
2543743,"Carlos Hyde","SF","RB",24,1,10,10.0133333333333,8.388,11.428,2.0977448208334,16,0.344166666666668,3,3.04,NA,21,12.9,3.20851833246513,NA,2.2,NA
2505076,"Josh McCown","CLE","QB",36,13,11,9.91,7.692,11.828,2.59405088616241,31,6.151,7,4.136,NA,32,27.5,7.52746802382816,NA,19.24,NA
100001,"Falcons","ATL","DST",NA,NA,10,9.9,8.7,9.5,0.707106781186548,7,0.575000000000001,2,0.800000000000001,NA,27,14.8,3.11241548526142,NA,21,NA
2495459,"Torrey Smith","SF","WR",26,4,10,9.87333333333333,6.556,12.38,4.04105596760715,26,0.324999999999999,0,5.824,NA,60,41.8,6.23171571791537,NA,5.4,NA
2504797,"Matt Bryant","ATL","K",40,13,10,9.76666666666667,8.64,11.3333333333333,1.9341952101872,4,0.0999999999999996,1,2.69333333333333,NA,11,3.7,2.98678754254773,NA,6,NA
927,"Justin Forsett","BAL","RB",30,7,9,9.73333333333333,7.68,11.84,2.60256283945908,17,0.1325,3,4.16,NA,35,18.1,3.93515723909141,NA,15,NA
71309,"Graham Gano","CAR","K",28,6,5,9.66666666666667,7.8,11.5333333333333,2.33333333333333,5,0.0333333333333332,1,3.73333333333333,NA,23,13.4,5.16937248591885,NA,13,NA
2541556,"Brandon McManus","DEN","K",24,1,7,9.66666666666667,7.8,11.5333333333333,2.33333333333333,5,0.200000000000001,1,3.73333333333333,NA,23,5.2,3.67391159547914,NA,12,NA
100017,"Rams","STL","DST",NA,NA,6,9.65,9.05,10.25,1.06066017177982,8,1.025,2,1.2,NA,29,14.5,3.36702829449484,NA,10,NA
2539205,"Terrance Williams","DAL","WR",26,2,6,9.62,6.972,12.572,3.56134805937302,27,0.183333333333334,0,5.6,NA,50,33.6,5.46397705406804,NA,10.9,NA
2552380,"Karlos Williams","BUF","RB",22,0,8,9.605,2.591,12.119,8.42164176393178,18,0.0999999999999979,3,9.528,NA,38,10.2,8.66285740758679,NA,13,NA
2550325,"Chandler Catanzaro","ARI","K",24,1,9,9.6,7.16,11.6933333333333,2.93105972493075,7,0.300000000000001,1,4.53333333333333,NA,22,10.3,5.22334527911044,NA,17,NA
262,"Chris Johnson","ARI","RB",30,7,9,9.59666666666667,3.758,12.158,5.45096627519684,19,0.243333333333334,3,8.4,NA,58,26,6.88214021324237,NA,9.4,NA
2505629,"Jason Witten","DAL","TE",33,12,6,9.55,7.44,11.08,2.59855729203726,7,0.276666666666667,1,3.64,NA,11,6.7,4.4038358771059,NA,5.7,NA
80429,"Jeremy Maclin","KC","WR",27,6,9,9.47666666666667,8.046,11.406,2.36127790260556,28,0.114999999999998,0,3.36,NA,35,22.9,3.95852310813364,NA,14.8,NA
2540158,"Zach Ertz","PHI","TE",25,2,8,9.44666666666667,5.632,13.04,4.6547323589368,8,0.51,1,7.408,NA,22,14.5,7.70141201491771,NA,1.1,NA
2495207,"DeMarco Murray","PHI","RB",27,4,8,9.41333333333333,5.118,12.678,5.05569316052046,20,0.166666666666668,3,7.56,NA,49,27.6,6.61818724049095,NA,4.8,NA
2495647,"Calvin Johnson","DET","WR",30,8,9,9.39666666666667,7.438,11.438,2.50639847856109,29,0.143333333333334,0,4,NA,36,15.6,3.7770019829262,NA,2.6,NA
2506063,"Josh Scobee","PIT","K",33,11,11,9.33333333333333,7.6,11.3333333333333,2.40370085030933,8,0.0833333333333321,1,3.73333333333333,NA,26,17.6,6.00825106244618,NA,9,NA
768,"Steve Johnson","SD","WR",29,7,10,9.32666666666667,3.936,11.616,4.80501127296631,30,0.358333333333334,0,7.68,NA,41,27.5,6.29693976771722,NA,3.2,NA
2552471,"T.J. Yeldon","JAC","RB",22,0,8,9.29333333333333,6.426,11.346,3.35061685862967,21,0.148333333333333,3,4.92,NA,34,21.1,4.75886014399199,NA,10.9,NA
2500351,"Phil Dawson","SF","K",40,17,10,9.26666666666667,7.44,11.3333333333333,2.4881943475362,9,0.0777777777777775,1,3.89333333333333,NA,28,20.8,6.67939289384828,NA,3,NA
2504257,"Sebastian Janikowski","OAK","K",37,15,6,9.23333333333333,8.76,9.8,0.680685928555405,10,0.111111111111114,2,1.04,NA,24,11.1,3.03753506247379,NA,9,NA
2533457,"Alfred Morris","WAS","RB",27,3,8,9.2,5.4,10.84,3.43947670438397,22,0.203333333333335,4,5.44,NA,46,28.9,5.25700808736163,NA,6.5,NA
2543509,"Allen Robinson","JAC","WR",22,1,8,9.18,6.988,11.468,2.80770368806967,31,0.476666666666667,0,4.48,NA,36,21,4.26977785884625,NA,8,NA
2495259,"Dan Bailey","DAL","K",27,4,6,9.14444444444444,7.14666666666667,11.3333333333333,2.64917876862777,11,0.0888888888888868,2,4.18666666666667,NA,20,7.9,4.49358045613783,NA,8,NA
2495139,"Charles Clay","BUF","TE",26,4,8,9.1,7.68,10.32,1.7058722109232,9,0.656666666666668,2,2.64,NA,12,7.8,3.45302595354251,NA,11.1,NA
2506264,"Robbie Gould","CHI","K",33,10,7,9.1,7.04,11.3333333333333,2.70944848836643,12,0.188888888888888,2,4.29333333333333,NA,30,17.5,6.30681198005166,NA,13,NA
949,"Jonathan Stewart","CAR","RB",28,7,5,9.09,4.536,12,4.72824491751432,23,0.231666666666666,4,7.464,NA,36,18.6,5.84424623725673,NA,5,NA
2506386,"Mike Nugent","CIN","K",33,10,7,9.01111111111111,6.80666666666667,11.34,2.84611496084933,13,0.216666666666667,2,4.53333333333333,NA,26,15.3,6.04719676119899,NA,4,NA
100003,"Bills","BUF","DST",NA,NA,8,9,5.6,12,5.65685424949238,9,0.800000000000001,2,6.4,NA,24,6.1,5.76506176335784,NA,3,NA
2550189,"Isaiah Crowell","CLE","RB",22,1,11,8.90333333333333,7.042,11.202,2.65028929238552,24,0.178333333333333,4,4.16,NA,51,26.9,4.45066107041096,NA,12.5,NA
2533034,"Lamar Miller","MIA","RB",24,3,5,8.81333333333333,6.228,12.388,4.05592570609144,25,0.318333333333333,4,6.16,NA,37,25.5,5.62000287174231,NA,3.6,NA
2536340,"Justin Tucker","BAL","K",26,3,9,8.81111111111111,6.68666666666667,11.22,2.89948909931337,14,0.0888888888888886,2,4.53333333333333,NA,17,4.7,4.16934323520458,NA,15,NA
2550636,"Cairo Santos","KC","K",24,1,9,8.77777777777778,6.26666666666667,11.3333333333333,3.16812831764072,15,0.194444444444446,2,5.06666666666667,NA,28,19.3,7.11034173306667,NA,27,NA
2540160,"Jordan Reed","WAS","TE",25,2,8,8.77333333333333,3.684,11.604,4.95944889411448,10,0.696666666666667,2,7.92,NA,18,5.9,7.14450297181577,NA,0.7,NA
2507763,"Mike Wallace","MIN","WR",29,6,5,8.75666666666667,5.954,12.274,4.24224390309342,32,0.150000000000002,0,6.32,NA,66,39.5,6.31090872840995,NA,14.3,NA
2507225,"Nick Folk","NYJ","K",31,8,5,8.66666666666667,6.6,11.1333333333333,2.96273147243853,16,0.261111111111111,2,4.53333333333333,NA,24,14,5.93094286903383,NA,10,NA
2533533,"Rueben Randle","NYG","WR",24,3,11,8.65,5.05,10.41,3.56265350546471,33,0.143333333333333,0,5.36,NA,58,39.7,5.72318643331937,NA,9.1,NA
71345,"Rashad Jennings","NYG","RB",30,6,11,8.63666666666667,6.042,11.962,3.87427842744082,26,0.371666666666666,4,5.92,NA,55,37.8,6.12062820967883,NA,15.2,NA
2505587,"Anquan Boldin","SF","WR",35,12,10,8.56333333333333,6.738,10.738,2.61190224421461,34,0.176666666666666,0,4,NA,54,32.2,4.57183007771788,NA,1.2,NA
2543781,"Zach Hocker","NO","K",24,1,11,8.5,8.1,8.9,0.707106781186548,17,0.194444444444443,3,0.800000000000001,NA,29,17.9,4.3050491408299,NA,10,NA
2506400,"Vincent Jackson","TB","WR",32,10,6,8.45,6.73,10.49,2.45,35,0.148333333333333,0,3.76,NA,41,29.6,4.31980374254563,NA,20.7,NA
2533437,"Ronnie Hillman","DEN","RB",24,3,7,8.35333333333334,4.852,12.212,4.66460430619076,27,0.178333333333335,4,7.36,NA,49,36.8,6.76665007126999,NA,16.8,NA
2550353,"Allen Hurns","JAC","WR",24,1,8,8.32333333333333,3.114,11.194,5.08159751784154,36,0.0950000000000006,0,8.08,NA,53,34.8,6.84841110614022,NA,17.6,NA
2506677,"Matt Prater","DET","K",31,9,9,8.31111111111111,5.74666666666667,11.1333333333333,3.41261277116609,18,0.266666666666667,3,5.38666666666667,NA,30,18.5,7.21776394122782,NA,5,NA
2532968,"Blair Walsh","MIN","K",25,3,5,8.3,7.32,9,1.21243556529821,19,0.555555555555555,3,1.68,NA,29,16,4.48213274387995,NA,8,NA
2495821,"Marques Colston","NO","WR",32,9,11,8.28,5.028,11.988,4.46062775851113,37,0.123333333333335,0,6.96,NA,62,48.4,6.87900988766587,NA,1.9,NA
100025,"Eagles","PHI","DST",NA,NA,8,8.25,6.03,12.67,5.86898628384834,10,0.25,2,6.64,NA,25,11.1,6.96756571669079,NA,3,NA
2540156,"Giovani Bernard","CIN","RB",24,2,7,8.17666666666667,6.14,10.084,2.66732700157542,28,0.00833333333333464,4,3.944,NA,31,20.1,4.10005860054999,NA,12.2,NA
2532790,"Travis Benjamin","CLE","WR",26,3,11,8.17666666666667,1.746,11.106,5.94984313518712,38,0.153333333333332,0,9.36,NA,60,42.8,7.94854063846805,NA,7.9,NA
2495663,"Marshawn Lynch","SEA","RB",29,8,9,8.17333333333333,2.384,13.584,7.04784600664156,29,0.0916666666666668,4,11.2,NA,97,14.9,7.69917567976726,NA,NA,NA
497188,"Ryan Mathews","PHI","RB",28,5,8,8.16333333333333,4.38,11.012,4.14741284819022,30,0.165000000000001,4,6.632,NA,60,26.6,5.76016631792568,NA,-1,NA
100024,"Jets","NYJ","DST",NA,NA,5,8.15,6.45,11.65,4.59619407771256,11,0.375,2,5.2,NA,18,6.6,4.9201626199979,NA,11,NA
71269,"Michael Crabtree","OAK","WR",28,6,6,8.13666666666667,6.062,10.942,3.43584535934511,39,0.391666666666666,0,4.88,NA,50,27.3,5.08735218605383,NA,8,NA
2552468,"Maxx Williams","BAL","TE",21,0,9,8.11333333333333,6.292,9.46,2.23081449998276,11,0.318333333333333,2,3.168,NA,30,15.8,4.93887900359715,NA,1.7,NA
2495438,"Kyle Rudolph","MIN","TE",26,4,5,8.04,1.116,9.516,5.25345600533592,12,0.761666666666665,2,8.4,NA,18,10.8,8.02164157779467,NA,0.7,NA
2553733,"Thomas Rawls","SEA","RB",22,0,9,8,0.800000000000001,7.2,5.65685424949238,31,0.115,4,6.4,NA,80,39.6,7.79582242468881,NA,4.7,NA
2539217,"Andre Ellington","ARI","RB",26,2,9,7.99666666666667,3.998,13.198,5.89618803408892,32,0.256666666666666,4,9.2,NA,108,39.5,8.00236443155902,NA,NA,NA
2507166,"Ted Ginn","CAR","WR",30,8,5,7.91,2.406,10.726,5.2034892139794,40,0.418333333333334,0,8.32,NA,80,43.8,7.33609326985226,NA,13.8,NA
100032,"Redskins","WAS","DST",NA,NA,8,7.85,3.69,7.61,3.46482322781408,12,0.150000000000001,3,3.92,NA,26,15.8,5.77525237304044,NA,13,NA
2534797,"Greg Zuerlein","STL","K",28,3,6,7.78888888888889,5.47333333333333,10.8066666666667,3.66368565690243,20,0.255555555555555,3,5.33333333333333,NA,30,20.3,7.80618323290876,NA,6,NA
2552475,"Todd Gurley","STL","RB",21,0,6,7.77333333333333,5.544,10.584,3.25639882897248,33,0.166666666666666,4,5.04,NA,48,34.4,5.39067806419805,NA,16.1,NA
4327,"Danny Woodhead","SD","RB",30,7,10,7.70666666666667,5.824,10.144,2.9550183304564,34,0.320833333333333,4,4.32,NA,34,23.4,4.53226344928028,NA,13.8,NA
2553833,"Josh Lambo","SD","K",25,0,10,7.7,7.46,7.94,0.424264068711929,21,0.516666666666667,4,0.48,NA,29,12.4,3.00893063512688,NA,14,NA
100005,"Bears","CHI","DST",NA,NA,7,7.7,7.82,9.58,1.55563491861041,13,0.0249999999999995,4,1.76,NA,30,26.8,6.30121698539954,NA,10,NA
100019,"Dolphins","MIA","DST",NA,NA,5,7.7,8.54,9.66,0.989949493661167,13,0.0499999999999989,4,1.12,NA,20,11.4,2.67572607893666,NA,2,NA
100006,"Bengals","CIN","DST",NA,NA,7,7.65,8.01,11.29,2.89913780286484,15,0.0500000000000007,4,3.28,NA,21,9.4,3.97362756892042,NA,7,NA
100013,"Texans","HOU","DST",NA,NA,9,7.65,7.53,7.77,0.212132034355964,16,0.124999999999999,4,0.240000000000001,NA,28,12.7,2.24527504367863,NA,-2,NA
2505551,"Andre Johnson","IND","WR",34,12,10,7.58,2.928,12.128,5.75440700680791,41,0.178333333333333,0,9.2,NA,85,49.5,8.06053814294436,NA,0,NA
71265,"Jared Cook","STL","TE",28,6,6,7.55,3.93,9.37,3.63971152703068,13,0.628333333333332,2,5.44,NA,23,15.7,6.61486196923131,NA,2.2,NA
100020,"Vikings","MIN","DST",NA,NA,5,7.55,6.55,8.55,1.76776695296637,17,0.0999999999999996,4,2,NA,29,17.9,4.6868610695585,NA,6,NA
2532899,"Doug Martin","TB","RB",26,3,6,7.50666666666667,5.404,10.124,2.96042789699958,35,0.465833333333333,4,4.72,NA,49,30.4,4.91349756504149,NA,20.3,NA
100007,"Browns","CLE","DST",NA,NA,11,7.5,5.5,7.9,2.12132034355964,18,0.125,5,2.4,NA,27,17.5,4.921208699877,NA,2,NA
2506366,"Roddy White","ATL","WR",34,10,10,7.40333333333333,3.482,10.842,4.71720609400663,42,0.13,0,7.36,NA,83,48.8,7.1210202813749,NA,0.8,NA
2539291,"Markus Wheaton","PIT","WR",24,2,11,7.4,4.28,11.64,5.2,43,0.295000000000001,0,7.36,NA,94,64,8.18760538564813,NA,1.8,NA
100016,"Chiefs","KC","DST",NA,NA,9,7.4,7.16,10.04,2.54558441227157,19,0.125,5,2.88,NA,27,19.1,5.62394157768955,NA,-4,NA
2507232,"Mason Crosby","GB","K",31,8,7,7.36666666666667,7.02,7.82,0.55075705472861,22,0.5,4,0.8,NA,11,2.8,1.38921196348277,NA,5,NA
100008,"Cowboys","DAL","DST",NA,NA,6,7.35,4.57,7.53,2.61629509039023,20,0.175,5,2.96,NA,28,19.7,5.80861432037471,NA,3,NA
79555,"Arian Foster","HOU","RB",29,6,9,7.265,0.54,10.004,6.19940588551301,36,0.521666666666667,4,9.464,NA,55,21,7.27596262588605,NA,0.5,NA
2506053,"Luke McCown","NO","QB",34,11,11,7.24,1.512,12.968,10.1257691065914,32,6.972,7,11.456,NA,34,26.1,12.2738293047021,NA,NA,NA
100009,"Broncos","DEN","DST",NA,NA,7,7.2,5.9,11.5,4.94974746830583,21,0.125,5,5.6,NA,9,2.9,4.48575934612401,NA,13,NA
100015,"Jaguars","JAC","DST",NA,NA,8,7.15,5.39,6.91,1.34350288425444,22,0.2,5,1.52,NA,30,25.5,5.84852465191866,NA,11,NA
2505785,"Malcom Floyd","SD","WR",34,11,10,7.14666666666667,4.608,9.728,3.20133305567124,44,0.16,0,5.12,NA,68,55.7,6.0831008755373,NA,2,NA
2552458,"Devin Funchess","CAR","WR",21,0,5,7.06333333333333,3.378,11.618,5.48315906511322,45,0.298333333333333,0,8.24,NA,101,72.5,8.79560957229359,NA,0,NA
2495267,"Jordan Cameron","MIA","TE",27,4,5,7.00666666666667,4.204,10.604,4.3543235218956,14,0.676666666666667,2,6.4,NA,17,10.4,6.90234977321038,NA,1.9,NA
100027,"Steelers","PIT","DST",NA,NA,11,7,4.1,6.5,2.12132034355964,23,0.0999999999999996,5,2.4,NA,31,19.7,5.36704263600526,NA,9,NA
2539227,"Dustin Hopkins","WAS","K",25,2,8,7,1.6,12,6.557438524302,23,2.23333333333333,4,10.4,NA,30,23.7,11.4245938816162,NA,11,NA
2532841,"Michael Floyd","ARI","WR",26,3,9,6.91,3.706,9.786,3.86578581920934,46,0.389999999999999,0,6.08,NA,76,54.4,6.611007238783,NA,5.9,NA
100010,"Lions","DET","DST",NA,NA,9,6.9,6.82,6.98,0.14142135623731,24,0.2,5,0.159999999999999,NA,30,22,4.06685501357062,NA,22,NA
100031,"Buccaneers","TB","DST",NA,NA,6,6.9,6.66,7.14,0.424264068711928,24,0.800000000000001,5,0.48,NA,30,22.9,4.50156830058745,NA,0,NA
2532853,"Ladarius Green","SD","TE",25,3,10,6.83666666666667,4.182,9.462,3.30061105453723,15,1.055,2,5.28,NA,32,15.7,6.20889834695498,NA,11.3,NA
2552374,"Ameer Abdullah","DET","RB",22,0,9,6.81666666666667,4,9.08,3.31901089683859,37,0.218333333333335,4,5.08,NA,43,30.7,5.247140723075,NA,4.4,NA
2505459,"Josh Brown","NYG","K",36,12,11,6.73333333333333,6.04,7.64,1.10151410945722,24,4.28333333333333,5,1.6,NA,23,9,3.09058930927366,NA,5,NA
497204,"C.J. Spiller","NO","RB",28,5,11,6.67,3.982,9.982,3.98593778175224,38,0.154166666666667,4,6,NA,52,41.1,6.3969643099479,NA,16.9,NA
2552600,"Nelson Agholor","PHI","WR",22,0,8,6.62,3.392,10.512,4.67645164628054,47,0.255000000000001,0,7.12,NA,80,50.5,7.15718719601503,NA,3.4,NA
2552635,"Matt Jones","WAS","RB",23,0,8,6.52666666666667,4.966,8.046,1.92707896395901,39,0.0391666666666657,4,3.08,NA,37,26,3.76188943911958,NA,1.1,NA
2540037,"Fozzy Whittaker","CAR","RB",26,3,5,6.505,3.651,7.259,3.18905158315133,40,0.245000000000001,4,3.608,NA,89,69.1,7.19713253573851,NA,1,NA
100018,"Raiders","OAK","DST",NA,NA,6,6.5,5.34,6.46,0.989949493661166,26,0.975,5,1.12,NA,29,15.7,3.54712877227825,NA,9,NA
2506467,"Darren Sproles","PHI","RB",32,10,8,6.47,4.42,7.468,2.14165823604048,41,0.419999999999999,4,3.048,NA,52,33,4.32833434001217,NA,1.7,NA
2530747,"Doug Baldwin","SEA","WR",27,4,9,6.42,0.8,7.152,4.06708740992863,48,0.118333333333333,0,6.352,NA,72,38.1,6.0980215733683,NA,9.6,NA
2535698,"Cole Beasley","DAL","WR",26,3,6,6.31,4.106,9.066,3.32239371538052,49,0.0258333333333329,0,4.96,NA,82,54,6.11738409065127,NA,6.2,NA
1990,"Eddie Royal","CHI","WR",29,7,7,6.29333333333333,4.684,8.54,2.77707279942988,50,0.0208333333333339,0,3.856,NA,71,52.6,5.57976325721033,NA,11.4,NA
2543495,"Davante Adams","GB","WR",23,1,7,6.275,2.975,9.575,5.83363094478902,51,0.16,0,6.6,NA,88,49,8.10888602818309,NA,NA,NA
2535964,"Josh Bellamy","CHI","WR",26,3,7,6.27,0.627000000000001,5.643,4.43355951803965,52,0.314999999999999,0,5.016,NA,131,101.3,9.09322993867085,NA,0,NA
2543638,"DeAnthony Thomas","KC","RB",22,1,9,6.05,2.81,9.29,5.72756492761104,42,0.191666666666666,4,6.48,NA,108,92,10.6763872453806,NA,1.1,NA
2543770,"Charles Sims","TB","RB",25,1,6,6.05,4.88,6.68,1.13247516529061,42,0.600000000000001,4,1.8,NA,71,47.2,4.19839000281508,NA,11.3,NA
2540169,"Robert Woods","BUF","WR",23,2,8,5.96,3.64,7.784,2.81048038598386,53,0.0666666666666664,0,4.144,NA,73,56.1,5.75714028424322,NA,0.3,NA
2550328,"Brandon Coleman","NO","WR",23,1,11,5.95,3.59,5.91,2.05060966544099,54,0.143333333333334,0,2.32,NA,93,65.1,5.4712798398137,NA,3,NA
2532903,"Rishard Matthews","MIA","WR",26,3,5,5.83666666666667,3.68,6.728,1.98973197525027,55,0.223333333333333,0,3.048,NA,57,35,4.14447522347843,NA,1.6,NA
2532838,"Coby Fleener","IND","TE",27,3,10,5.82333333333333,3.514,8.234,2.958146942485,16,0.121666666666667,3,4.72,NA,29,13.3,5.54168674085568,NA,14.3,NA
2540202,"Kenny Stills","MIA","WR",23,2,5,5.77666666666667,1.966,10.366,5.514039656489,56,0.365,0,8.4,NA,115,81.6,9.20768109827653,NA,14.1,NA
2506369,"Heath Miller","PIT","TE",33,10,11,5.74,3.844,8.164,2.93203001348895,17,0.353333333333333,3,4.32,NA,29,14.1,5.5961604978041,NA,0.1,NA
100022,"Saints","NO","DST",NA,NA,11,5.7,3.84,5.76,1.69705627484771,27,0.425,5,1.92,NA,30,24,5.85995531417303,NA,7,NA
2553435,"David Johnson","ARI","RB",24,0,9,5.66666666666667,3.8,6.6,1.89296944860009,44,0.438333333333333,4,2.8,NA,64,41.8,4.58137521450934,NA,11.1,NA
2537933,"Larry Donnell","NYG","TE",27,3,11,5.66333333333333,2.978,9.298,4.45275570106124,18,0.860833333333333,3,6.32,NA,26,17.3,7.75970129882839,NA,3.8,NA
2495158,"Leonard Hankerson","ATL","WR",27,4,10,5.45,2.13,6.37,3.7476659402887,57,0.148333333333334,0,4.24,NA,59,41.1,5.94471989792528,NA,16.3,NA
2539336,"Tavon Austin","STL","WR",24,2,6,5.37333333333333,4.816,5.76,0.593408234972631,58,0.171666666666668,0,0.943999999999999,NA,77,62.5,4.08292801389289,NA,21.6,NA
100023,"Giants","NYG","DST",NA,NA,11,5.35,5.65,6.05,0.353553390593274,28,0.225,5,0.4,NA,28,22.6,4.37769109464706,NA,10,NA
2543502,"Tre Mason","STL","RB",22,1,6,5.23333333333333,3.66,6.22,1.65025250593154,45,0.196666666666666,5,2.56,NA,67,46.2,4.60308184675539,NA,-0.1,NA
2552429,"Ty Montgomery","GB","WR",22,0,7,5.23,3.186,5.474,2.02232539419353,59,0.144999999999999,0,2.288,NA,70,49.7,4.79496071238801,NA,1.5,NA
2495473,"Shane Vereen","NYG","RB",26,4,11,5.22333333333333,4.74,5.596,0.56888780381841,46,0.458333333333333,5,0.856000000000001,NA,62,39.1,3.26375792394211,NA,2.1,NA
100002,"Ravens","BAL","DST",NA,NA,9,5.2,3.8,5.4,1.41421356237309,29,2.675,6,1.6,NA,32,14.5,3.68243664047302,NA,8,NA
71217,"Kenny Britt","STL","WR",27,6,6,5.17333333333333,3.984,5.904,1.20670349851707,60,0.185,0,1.92,NA,82,45.3,3.89329648168986,NA,0,NA
2495825,"Owen Daniels","DEN","TE",33,9,7,5.11,3.066,7.866,3.37287711012423,19,0.745833333333334,3,4.8,NA,23,18.8,6.62765761008146,NA,6.9,NA
100029,"49ers","SF","DST",NA,NA,10,5.05,3.79,5.31,1.34350288425444,30,5.05,6,1.52,NA,30,27.8,6.31462376696184,NA,7,NA
2532884,"Marvin Jones","CIN","WR",25,3,7,4.99666666666667,2.8,6.392,2.28583318143152,61,0.126666666666666,0,3.592,NA,55,32.3,4.29001044029422,NA,0.4,NA
2532887,"Jermaine Kearse","SEA","WR",25,3,9,4.98,0.8,5.568,3.03763065562619,62,0.234999999999999,0,4.768,NA,72,58.3,6.04948443326873,NA,8.4,NA
2552379,"Jeremy Langford","CHI","RB",24,0,7,4.85,3.94,4.26,0.282842712474619,47,0.176666666666667,5,0.32,NA,88,73.2,4.84429820812094,NA,0.4,NA
2532978,"Jarius Wright","MIN","WR",26,3,5,4.76,4.02,5.284,0.884759854423787,63,0.0616666666666665,0,1.264,NA,103,76.6,4.93503062523296,NA,NA,NA
2495189,"Jeremy Kerley","NYJ","WR",27,4,5,4.73,3.994,4.266,0.240416305603426,64,0.0950000000000006,0,0.272,NA,112,82.3,4.61091008190563,NA,0,NA
2495328,"Bilal Powell","NYJ","RB",27,4,5,4.68,2.16,6.512,2.79055550025439,48,0.041666666666667,5,4.352,NA,54,38.5,5.19868254863778,NA,1.2,NA
2495341,"Cecil Shorts","HOU","WR",28,4,9,4.66666666666667,4.1,5.06,0.602771377334171,65,0.0650000000000004,0,0.96,NA,58,46.6,3.41848298637346,NA,11.7,NA
2543704,"Lorenzo Taliaferro","BAL","RB",24,1,9,4.66666666666667,3.18,5.5,1.5502687938978,49,0.0650000000000004,5,2.32,NA,64,50.1,4.72428375094032,NA,2.4,NA
497145,"Joique Bell","DET","RB",29,5,9,4.61,3.74,5.284,1.06127282072048,50,0.0883333333333338,5,1.544,NA,65,51.8,4.38272098870872,NA,NA,NA
497284,"Eric Decker","NYJ","WR",28,5,5,4.60333333333333,4.048,4.84,0.525388744962559,66,0.111666666666666,0,0.792,NA,73,39.8,3.06291955033213,NA,10.6,NA
2535634,"Chris Givens","STL","WR",26,3,6,4.6,4.6,4.6,NA,67,0.256666666666667,0,0,NA,128,111.2,9.2878519035131,NA,NA,NA
2535708,"Lance Dunbar","DAL","RB",25,3,6,4.59333333333333,3.5,5.644,1.34318030559316,51,0.218333333333334,5,2.144,NA,60,36,3.78264966614089,NA,5.4,NA
2540928,"Darren Fells","ARI","TE",29,3,9,4.495,1.459,5.131,3.24562012564625,20,0.386666666666668,3,3.672,NA,35,27.4,7.39701732150552,NA,1.7,NA
2552461,"Duke Johnson","CLE","RB",22,0,11,4.45,2.44,6.32,2.42847688891618,52,0.27,5,3.88,NA,53,41.2,5.0232773955886,NA,17.6,NA
81831,"Brian Hartline","CLE","WR",29,6,11,4.38333333333333,3.06,5.42,1.48688712864606,68,0.156666666666667,0,2.36,NA,82,64.4,4.94712975866438,NA,0.7,NA
2495558,"Dwayne Bowe","CLE","WR",31,8,11,4.30333333333333,0.368,9.56,6.41786828575761,69,0.168333333333334,0,9.192,NA,119,85.5,10.1655735400403,NA,0,NA
2540020,"Theo Riddick","DET","RB",24,2,9,4.3,3.58,4.94,0.888819441731559,53,0.38,5,1.36,NA,68,53.9,4.3429541859625,NA,3.6,NA
2533046,"Dwayne Allen","IND","TE",25,3,10,4.23333333333333,1.18,6.3,3.46458270695525,21,0.37,3,5.12,NA,39,23.8,7.27332284175466,NA,NA,NA
2508097,"Andrew Hawkins","CLE","WR",29,4,11,4.15,3.28,4.84,0.975961064797157,70,0.115,0,1.56,NA,85,73.5,4.88389124051022,NA,2.7,NA
2533040,"Mohamed Sanu","CIN","WR",26,3,7,4.12,3.32,4.568,0.78689262291624,71,0.17,0,1.248,NA,89,74.8,4.77302468423268,NA,8.4,NA
2533030,"Jonas Gray","MIA","RB",25,3,5,4.06,0.406,3.654,2.87085353161738,54,0.378333333333334,6,3.248,NA,77,64,6.64111536388817,NA,0,NA
2543466,"Eric Ebron","DET","TE",22,1,9,3.98333333333333,2.7,4.74,1.28484759148054,22,0.274166666666667,3,2.04,NA,20,11.4,3.33481620850091,NA,2.2,NA
2543646,"Bruce Ellington","SF","WR",24,1,10,3.95,1.67,3.83,1.90918830920368,72,0.0216666666666669,0,2.16,NA,111,109,7.20443108804417,NA,0,NA
2552463,"Jaelen Strong","HOU","WR",21,0,9,3.95,3.37,3.93,0.494974746830583,73,0.0466666666666664,0,0.56,NA,79,70.3,4.32655906136666,NA,NA,NA
2506313,"Nate Washington","HOU","WR",32,10,9,3.90666666666667,2.884,4.484,1.13231326642998,74,0.059166666666667,0,1.6,NA,66,52.9,4.14955880647009,NA,NA,NA
80670,"Louis Murphy","TB","WR",28,6,6,3.9,0.6,4.44,2.42487113059643,75,0.1275,0,3.84,NA,88,76.9,6.29881379033514,NA,2.6,NA
2535869,"Rod Streater","OAK","WR",27,3,6,3.795,2.159,4.231,1.83140656327316,76,0.0750000000000002,0,2.072,NA,NA,NA,5.1706839177677,NA,NA,NA
2495467,"Taiwan Jones","OAK","RB",27,4,6,3.78,0.378,3.402,2.67286363288515,55,0.211666666666667,6,3.024,NA,82,74.6,7.03584785678364,NA,NA,NA
2550546,"Philly Brown","CAR","WR",24,1,5,3.75,3,4.16,0.736545993132812,77,0.0624999999999996,0,1.16,NA,92,68.1,4.4454096481076,NA,0.3,NA
2539995,"Mychal Rivera","OAK","TE",25,2,6,3.74333333333333,2.62,4.404,1.15396418199758,23,0.0708333333333333,4,1.784,NA,32,25.8,4.72145212278023,NA,1.2,NA
2540177,"Marquess Wilson","CHI","WR",23,2,7,3.69,2.38,4.596,1.38502707554762,78,0.0108333333333333,0,2.216,NA,105,76.1,5.35274662281282,NA,8,NA
2543759,"Ryan Grant","WAS","WR",25,1,8,3.685,0.7,3.796,2.13556393801107,79,0.0249999999999999,0,3.096,NA,96,79.1,6.1380859499356,NA,4.5,NA
2495187,"Lance Kendricks","STL","TE",27,4,6,3.675,2.235,3.315,0.954594154601839,24,0.0625,4,1.08,NA,33,27.5,4.66496899923423,NA,0,NA
2540145,"Cordarrelle Patterson","MIN","WR",24,2,5,3.67333333333333,2.956,4.38,0.979863936132631,80,0.0300000000000002,0,1.424,NA,106,79.3,5.13268758012758,NA,0.9,NA
2534820,"Garrett Celek","SF","TE",27,3,10,3.67,0.367,3.303,2.59508188695463,25,0.2125,4,2.936,NA,42,27.6,6.63964235247165,NA,2.6,NA
2552424,"Phillip Dorsett","IND","WR",22,0,10,3.64666666666667,3.04,3.952,0.608714492462052,81,0.078333333333334,0,0.912,NA,79,59.8,3.98213059863564,NA,0.7,NA
2541966,"Jaron Brown","ARI","WR",25,2,9,3.64,0.364,3.276,2.57386868351903,82,0.181666666666666,0,2.912,NA,109,93.3,7.12333650552943,NA,2,NA
497206,"James Starks","GB","RB",29,5,7,3.58333333333333,2.26,4.62,1.48688712864606,56,0.0583333333333331,6,2.36,NA,70,48.9,4.60362872270672,NA,3.9,NA
1060,"Gary Barnidge","CLE","TE",30,7,11,3.555,0.7,3.588,2.05321698804583,26,0.23,4,2.888,NA,27,20.5,5.2299878420773,NA,13.5,NA
2553462,"Josh Robinson","IND","RB",23,0,10,3.55333333333333,1.74,5.308,2.51923268741364,57,0.0833333333333339,6,3.568,NA,72,57.8,5.99634823194323,NA,-2.8,NA
80427,"Darrius Heyward-Bey","PIT","WR",28,6,11,3.49666666666667,3.192,3.44,0.176162803489651,83,0.151666666666666,0,0.248,NA,81,63.4,3.75496667695756,NA,9.1,NA
2540178,"Knile Davis","KC","RB",24,2,9,3.49666666666667,1.54,4.972,2.1603317646448,58,0.0783333333333331,6,3.432,NA,74,57.8,5.6785568886924,NA,NA,NA
2543565,"Andre Williams","NYG","RB",23,1,11,3.44333333333333,2.32,4.344,1.32198083697659,59,0.103333333333333,6,2.024,NA,69,52.6,4.65658892477291,NA,3.5,NA
497320,"Andre Roberts","WAS","WR",27,5,8,3.42,2.72,4.128,0.988534268500592,84,0.201666666666667,0,1.408,NA,105,78.3,5.09798819299664,NA,NA,NA
497172,"Anthony Dixon","BUF","RB",28,5,8,3.39333333333333,0.84,5.464,2.9705442823384,60,0.111666666666666,6,4.624,NA,74,62.1,6.62720953421227,NA,2,NA
497234,"Garrett Graham","HOU","TE",29,5,9,3.36,1.36,4.144,1.95928558408416,27,0.115,4,2.784,NA,38,29.9,6.12498457454489,NA,0.6,NA
2507486,"Kellen Davis","NYJ","TE",30,7,5,3.29,0.329,2.961,2.32638131010374,28,0.0924999999999998,5,2.632,NA,46,38.1,7.44330228581506,NA,NA,NA
284,"Darren McFadden","DAL","RB",28,7,6,3.28666666666667,1.98,4.428,1.53183985237796,61,0.081666666666667,6,2.448,NA,58,46.1,4.49285475689036,NA,3.1,NA
2495471,"Jacquizz Rodgers","CHI","RB",25,4,7,3.27666666666667,2.006,4.326,1.45073544567345,62,0.171666666666666,6,2.32,NA,76,68,5.59877278705348,NA,0.3,NA
2540005,"Marlon Brown","BAL","WR",24,2,9,3.27,2.682,3.562,0.587962583843564,85,0.135,0,0.88,NA,86,75,4.60697069837592,NA,0.9,NA
2495826,"Vernon Davis","SF","TE",31,9,10,3.2,3.2,3.2,NA,29,0.0674999999999999,5,0,NA,33,19.6,3.3570216448723,NA,NA,NA
2541199,"Luke Willson","SEA","TE",25,2,9,3.195,1.719,3.471,1.54856385079854,30,0.205,5,1.752,NA,46,40.4,6.75861990520295,NA,1.5,NA
2532933,"Brian Quick","STL","WR",26,3,6,3.16666666666667,1.84,4,1.36503968196288,86,0.0774999999999997,0,2.16,NA,106,69.8,5.06868703519711,NA,NA,NA
2507428,"Mike Tolbert","CAR","RB",30,7,5,3.13333333333333,2.16,3.76,1.00664459136943,63,0.0650000000000004,6,1.6,NA,72,61.5,4.8559941132134,NA,0.7,NA
2495453,"Andre Holmes","OAK","WR",27,4,6,3.10333333333333,1.96,3.808,1.15802993628547,88,0.059166666666667,0,1.848,NA,110,82.3,5.41590383953937,NA,0,NA
2506871,"Fred Jackson","SEA","RB",34,9,9,3.07666666666667,1.82,4.004,1.37354771789455,64,0.0366666666666671,6,2.184,NA,65,52.3,4.68611585985137,NA,5.4,NA
2543641,"Devin Street","DAL","WR",24,1,6,3.075,2.215,3.935,1.52027957955108,89,0.0649999999999999,0,1.72,NA,116,99,6.44019762788605,NA,NA,NA
2495888,"Marcedes Lewis","JAC","TE",31,9,8,3.07,1.902,3.902,1.25765655089138,31,0.225,5,2,NA,37,28.5,5.13496409176131,NA,4,NA
2540273,"Zac Stacy","NYJ","RB",24,2,5,3.06,2.518,3.302,0.692964645562817,65,0.0874999999999999,6,0.784,NA,98,79.7,5.55699886204768,NA,8.5,NA
2533037,"Chris Polk","HOU","RB",26,3,9,3.02,2.668,3.5,0.589236794506249,66,0.0991666666666666,6,0.832,NA,79,57,4.24439761918717,NA,11,NA
2495867,"Greg Jennings","MIA","WR",32,9,5,3.01333333333333,2.208,3.328,0.727002980278165,90,0.0150000000000001,0,1.12,NA,105,83,5.06739128214447,NA,1.5,NA
2540157,"Stedman Bailey","STL","WR",25,2,6,3.00666666666667,2.32,3.536,0.765593451730965,91,0.15,0,1.216,NA,99,80,4.97432870041896,NA,9,NA
2531049,"Chris Matthews","SEA","WR",26,2,9,2.99,1.518,3.262,1.54149278298667,92,0.268333333333334,0,1.744,NA,118,101.6,6.5688018649031,NA,2.1,NA
2550263,"Juwan Thompson","DEN","RB",23,1,7,2.925,0.915,3.435,2.22738636073762,67,0.126666666666666,6,2.52,NA,91,76.1,6.72206348617024,NA,NA,NA
2542022,"Khiry Robinson","NO","RB",26,2,11,2.91666666666667,1.22,4.62,2.30018115228634,68,0.25,6,3.4,NA,61,53.7,5.5818987791042,NA,8.1,NA
2534241,"Derek Carrier","WAS","TE",25,3,8,2.91,0.291,2.619,2.05768073325285,32,0.165,5,2.328,NA,58,49.2,8.31126749630219,NA,1.8,NA
2539637,"Caleb Sturgis","PHI","K",26,2,8,2.8,0.52,2.92,1.62890556304942,25,0.75,6,2.4,NA,30,18.1,5.29663906328673,NA,2,NA
497242,"Clay Harbor","JAC","TE",28,5,8,2.78,1.06,4.372,2.30850601038854,33,0.1025,5,3.312,NA,40,29.4,6.48947585183662,NA,3.1,NA
2530515,"Chris Hogan","BUF","WR",27,4,8,2.72333333333333,1.2,3.656,1.53513300183839,93,0.0500000000000003,0,2.456,NA,102,75.4,5.45481594119244,NA,4.3,NA
497282,"Riley Cooper","PHI","WR",28,5,8,2.72,1.144,3.096,1.72534054609518,94,0.101666666666667,0,1.952,NA,114,88.9,6.19280465745059,NA,13.2,NA
497226,"Jim Dray","CLE","TE",29,5,11,2.71,0.271,2.439,1.91625937701554,34,0.0700000000000003,5,2.168,NA,52,49.3,8.15267850740257,NA,NA,NA
497176,"Toby Gerhart","JAC","RB",28,5,8,2.68,1.92,3.152,0.793221280602078,69,0.0666666666666669,6,1.232,NA,77,68,5.0165722507259,NA,-0.2,NA
2506874,"Reggie Bush","SF","RB",30,9,10,2.65333333333333,1.09,4.298,2.09547926101246,70,0.0899999999999999,6,3.208,NA,73,58.5,5.65877720148573,NA,0.6,NA
2508112,"Rob Housler","CLE","TE",27,4,11,2.645,2.069,2.621,0.487903679018718,35,0.0208333333333335,5,0.552,NA,50,43.8,5.85321746250715,NA,NA,NA
497224,"Ed Dickson","CAR","TE",28,5,5,2.635,2.067,2.603,0.473761543394987,36,0.0500000000000003,5,0.536,NA,43,38.1,5.22538667613291,NA,1.1,NA
2552430,"Tyler Lockett","SEA","WR",23,0,9,2.62666666666667,1.976,3.016,0.663425454239836,95,0.0766666666666662,0,1.04,NA,100,56.4,3.88628777972829,NA,2.8,NA
2506122,"Benjamin Watson","NO","TE",35,11,11,2.61333333333333,1.3,3.332,1.33810811720628,37,0.115,5,2.032,NA,34,24,4.74898935768621,NA,3,NA
2552409,"DeVante Parker","MIA","WR",22,0,5,2.61,1.8,3.024,0.874814266001647,96,0.1375,0,1.224,NA,NA,NA,3.49230687070548,NA,NA,NA
4433,"Marcel Reece","OAK","RB",30,7,6,2.57333333333333,1.12,4.096,2.11946534138526,71,0.0766666666666667,6,2.976,NA,77,65.7,6.06721556982866,NA,1.6,NA
2550313,"Richard Rodgers","GB","TE",23,1,7,2.55666666666667,1.24,3.216,1.3548554658462,38,0.131666666666667,5,1.976,NA,34,17.7,4.09383350487016,NA,10.5,NA
2550512,"Damien Williams","MIA","RB",23,1,5,2.55333333333333,1.46,3.508,1.39947609244793,72,0.148333333333333,6,2.048,NA,75,65.8,5.4350738055789,NA,0.1,NA
2550617,"Taylor Gabriel","CLE","WR",24,1,11,2.49,1.12,3.816,1.71851680236185,97,0.0575000000000001,0,2.696,NA,97,81.6,5.87798752969084,NA,2.2,NA
2530660,"Kamar Aiken","BAL","WR",26,4,9,2.455,0.291,3.419,2.7647875144394,98,0.171666666666667,0,3.128,NA,82,66.6,6.16126414276497,NA,13.7,NA
2540211,"Gavin Escobar","DAL","TE",24,2,6,2.44,1.5,2.876,0.884759854423786,39,0.0374999999999996,5,1.376,NA,44,26.8,4.50634208873674,NA,0,NA
2550658,"Branden Oliver","SD","RB",24,1,10,2.44,2.282,2.298,0.0141421356237306,73,0.0749999999999997,6,0.016,NA,77,68.8,4.36975334064201,NA,NA,NA
2495347,"Lee Smith","OAK","TE",28,4,6,2.41,0.241,2.169,1.70412734265958,40,0.0274999999999999,5,1.928,NA,53,51,8.08091699000771,NA,1.4,NA
2553434,"Devin Smith","NYJ","WR",NA,NA,5,2.41,1.702,2.518,0.721248916810278,99,0.261666666666667,0,0.816,NA,93,73.5,4.66044023426207,NA,1.4,NA
497238,"Jermaine Gresham","ARI","TE",27,5,9,2.395,1.779,2.411,0.558614357137373,41,0.0250000000000004,5,0.632,NA,38,30.1,4.46956690193762,NA,0.8,NA
2534437,"Austin Johnson","NO","RB",26,2,11,2.37,0.237,2.133,1.67584307141212,74,0.0149999999999997,6,1.896,NA,90,85.3,6.72845081033178,NA,NA,NA
2552402,"Nick Boyle","BAL","TE",22,0,9,2.37,0.237,2.133,1.67584307141212,42,0.0925000000000002,5,1.896,NA,48,29.2,5.71063061343497,NA,1.2,NA
2553318,"James OShaughnessy","KC","TE",NA,NA,9,2.37,0.237,2.133,1.67584307141212,42,0.220833333333333,5,1.896,NA,49,41.3,7.00745370249973,NA,0.8,NA
2507737,"Darrel Young","WAS","RB",28,6,8,2.36,2.36,2.36,NA,75,0.0525000000000002,6,0,NA,99,94.7,9.77688411744009,NA,0,NA
2495161,"Roy Helu","OAK","RB",27,4,6,2.35,0.470000000000001,4.23,3.32340187157677,76,0.0875000000000004,6,3.76,NA,88,71.4,7.43978274343605,NA,9.5,NA
2552375,"Cameron Artis-Payne","CAR","RB",23,0,5,2.265,1.703,2.527,0.728319984622144,77,0.0733333333333337,6,0.824,NA,95,64.9,4.79239394958572,NA,2.5,NA
163982,"Will Johnson","PIT","RB",26,4,11,2.26,0.226,2.034,1.5980613254816,78,0.136666666666666,6,1.808,NA,NA,NA,4.55329422067904,NA,NA,NA
2495288,"Virgil Green","DEN","TE",27,4,7,2.185,0.2,2.896,1.73078980044757,44,0.0783333333333336,5,2.696,NA,46,29.2,5.7764116280925,NA,NA,NA
206,"Andre Caldwell","DEN","WR",30,7,7,2.15666666666667,1.574,2.614,0.669800965461631,100,0.0316666666666667,0,1.04,NA,119,106,5.99023851301026,NA,0,NA
2550198,"Bennie Fowler","DEN","WR",24,1,7,2.14,0.214,1.926,1.51320851173921,101,0.0866666666666664,0,1.712,NA,123,103.3,6.6159084756051,NA,1.1,NA
2541544,"Benny Cunningham","STL","RB",25,2,6,2.12333333333333,0.736,3.16,1.69458942913419,79,0.0100000000000002,6,2.424,NA,74,59,5.33069535349317,NA,0.4,NA
2543715,"Jerick McKinnon","MIN","RB",23,1,5,2.12333333333333,1.64,2.336,0.461121820491433,79,0.141666666666667,6,0.696,NA,78,66.4,4.63646806752994,NA,0.6,NA
2541834,"Josh Hill","NO","TE",25,2,11,2.11333333333333,0.76,3.432,1.84784559239492,45,0.0350000000000001,5,2.672,NA,47,29.3,5.9272657920765,NA,7.1,NA
2543638,"DeAnthony Thomas","KC","WR",22,1,9,2.11,2.11,2.11,NA,102,0.176666666666667,0,0,NA,108,92,7.66331691262987,NA,1.1,NA
2495979,"DeAngelo Williams","PIT","RB",32,9,11,2.10333333333333,1.082,2.682,1.12961645408224,81,0.268333333333333,6,1.6,NA,93,54.2,4.57230291395869,NA,0.5,NA
2532835,"Rhett Ellison","MIN","TE",27,3,5,2.1,0.21,1.89,1.48492424049175,46,0.0516666666666667,5,1.68,NA,55,53.5,8.08643051538328,NA,NA,NA
2553648,"Andrew Franks","MIA","K",22,0,5,2.1,0.21,1.89,1.48492424049175,26,0.2,6,1.68,NA,26,19.6,5.42101375661647,NA,2,NA
89766,"Brandon Myers","TB","TE",30,6,6,2.05666666666667,1.394,2.434,0.675746500792519,47,0.131666666666667,5,1.04,NA,34,27.5,4.33113872535906,NA,0.8,NA
71431,"Brandon Pettigrew","DET","TE",30,6,9,2.04,0.204,1.836,1.44249783362056,48,0.27,5,1.632,NA,NA,NA,5.44775914760121,NA,NA,NA
2506194,"Nick Novak","HOU","K",NA,NA,9,2,0.4,2,1.15470053837925,27,0.25,6,1.6,NA,27,20,5.15180412272271,NA,3,NA
2495802,"Jason Avant","KC","WR",32,9,9,1.99666666666667,1.238,2.438,0.791854363714271,103,0.136666666666667,0,1.2,NA,117,105.2,6.0634676654685,NA,4.3,NA
2543746,"Josh Huff","PHI","WR",24,1,8,1.87,0.742,2.662,1.23559702168628,104,0.0883333333333332,0,1.92,NA,104,91.3,5.86470140764404,NA,NA,NA
2539303,"Zach Line","MIN","RB",25,2,5,1.86,0.186,1.674,1.31521861300698,82,0.0650000000000004,6,1.488,NA,97,95.5,6.95766629406733,NA,0,NA
2540261,"Corey Fuller","DET","WR",25,2,9,1.85,-0.355,1.605,1.73241161390704,105,0.165,0,1.96,NA,NA,NA,4.99699356790278,NA,NA,NA
71247,"James Casey","DEN","TE",31,6,7,1.81,0.181,1.629,1.27986327394765,49,0.085,5,1.448,NA,NA,NA,5.05835411689365,NA,NA,NA
2495461,"Shaun Draughn","CLE","RB",28,4,11,1.81,0.181,1.629,1.27986327394765,83,0.0649999999999999,6,1.448,NA,103,95.3,6.9156051128191,NA,0.5,NA
2553497,"Kyle Brindza","DET","K",22,0,9,1.8,0.18,1.62,1.27279220613579,28,0.1,6,1.44,NA,30,27.1,6.56901424945649,NA,6,NA
2534571,"Bobby Rainey","TB","RB",28,3,6,1.78,0.484,3.076,2.29102597104441,84,0.125,6,2.592,NA,89,83.8,7.19250222093925,NA,NA,NA
2540215,"Vance McDonald","SF","TE",25,2,10,1.73,-0.0969999999999998,1.527,1.43542676580869,50,0.0466666666666669,5,1.624,NA,60,42.6,6.85896069332435,NA,0.7,NA
2507218,"Brent Celek","PHI","TE",30,8,8,1.72,0.9,2.308,0.882723059628556,51,0.0816666666666666,5,1.408,NA,56,34.5,5.32915473951406,NA,7,NA
2495801,"Miles Austin","PHI","WR",31,9,8,1.71333333333333,0.84,2.632,1.23956981785349,106,0.085,0,1.792,NA,117,99.6,6.21932308693303,NA,11.1,NA
2508096,"Tyler Clutts","DAL","RB",31,5,6,1.71,0.171,1.539,1.209152595829,85,0.15,6,1.368,NA,NA,NA,3.86457028737291,NA,0.4,NA
2495150,"Kai Forbath","FA","K",28,4,NA,1.7,0.17,1.53,1.20208152801713,29,0,6,1.36,NA,NA,NA,3.42720094745806,NA,NA,NA
2550551,"Travis Coons","CLE","K",23,1,11,1.7,0.28,1.88,1.02632028788938,29,0.85,6,1.6,NA,30,26.5,6.20421015277732,NA,14,NA
2553112,"Jason Myers","JAC","K",NA,NA,8,1.7,0.17,1.53,1.20208152801713,29,1.7,6,1.36,NA,30,26.6,6.40456124243741,NA,7,NA
2550272,"Albert Wilson","KC","WR",23,1,9,1.65666666666667,0.92,2.416,1.05196641264507,107,0.218333333333333,0,1.496,NA,102,85.9,5.4751577807239,NA,NA,NA
2543721,"C.J. Fiedorowicz","HOU","TE",24,1,9,1.64666666666667,1.06,2.132,0.703230640212252,52,0.0566666666666664,5,1.072,NA,55,47.3,6.4861162779057,NA,5.8,NA
2540259,"MarQueis Gray","BUF","TE",25,2,8,1.63,0.163,1.467,1.15258405333407,53,0.1675,5,1.304,NA,NA,NA,4.75360235373122,NA,0.2,NA
2495314,"Bruce Miller","SF","RB",28,4,10,1.6,0.16,1.44,1.13137084989848,86,0.0825000000000002,6,1.28,NA,97,91,6.55287717262737,NA,NA,NA
2539250,"Quinton Patton","SF","WR",25,2,10,1.6,-0.38,1.38,1.5556349186104,108,0.395,0,1.76,NA,103,88.7,6.03546609496505,NA,5.3,NA
2550206,"Ryan Hewitt","CIN","TE",24,1,7,1.55,0.155,1.395,1.09601551083915,54,0.3175,5,1.24,NA,NA,NA,4.61815712565903,NA,NA,NA
2543596,"Dri Archer","PIT","RB",24,1,11,1.52,0.336,2.704,2.09303607231218,87,0.0974999999999999,6,2.368,NA,73,67,6.11372464932408,NA,0,NA
2552631,"Javorius Allen","BAL","RB",24,0,9,1.515,0.753,1.977,1.08187337521542,88,0.2025,6,1.224,NA,81,67.1,5.22376130998418,NA,1.9,NA
2506619,"Daniel Fells","NYG","TE",32,9,11,1.375,0.295,1.855,1.37885822331377,55,0.4225,5,1.56,NA,41,28.2,5.24791142783928,NA,NA,NA
2495340,"Anthony Sherman","KC","RB",27,4,9,1.33,0.133,1.197,0.940452018978108,89,0.04,6,1.064,NA,100,95.3,6.61507103283097,NA,NA,NA
2495258,"Matt Asiata","MIN","RB",28,4,5,1.295,0.411,2.179,1.56270598642227,90,0.0625,6,1.768,NA,84,72.3,5.92916216912023,NA,0.3,NA
2543551,"KaDeem Carey","CHI","RB",23,1,7,1.285,0.313,2.257,1.71826947828331,91,0.16,6,1.944,NA,NA,NA,4.7661725273373,NA,NA,NA
2495159,"Dwayne Harris","NYG","WR",28,4,11,1.27666666666667,0.284,2.26,1.2351653060758,109,0.245,0,1.976,NA,103,85.3,5.610489084707,NA,11.1,NA
2506147,"John Kuhn","GB","RB",33,9,7,1.18,0.416,1.344,0.820243866176395,92,0.13,6,0.928,NA,98,84,5.90094342224016,NA,6.9,NA
2506287,"Lance Moore","DET","WR",32,10,9,1.13333333333333,0.28,1.88,1.02632028788938,110,0.268333333333334,0,1.6,NA,101,90.7,5.65572611092113,NA,2.1,NA
2540203,"Levine Toilolo","ATL","TE",24,2,10,1.09,0.296,1.84,0.969690672328037,56,0.390833333333333,5,1.544,NA,40,30.4,4.99385105751889,NA,NA,NA
2543695,"Jay Prosch","HOU","RB",23,1,9,1.07,0.107,0.963,0.756604255869606,93,0.0600000000000001,6,0.856,NA,100,96,6.48992615721054,NA,NA,NA
2534871,"Derrick Coleman","SEA","RB",25,3,9,1.03,0.103,0.927,0.728319984622144,94,0.1375,6,0.824,NA,100,96,6.46488165054487,NA,NA,NA
2540225,"Tommy Bohanon","NYJ","RB",25,2,5,0.99,0.0990000000000001,0.891,0.700035713374682,95,0.1975,6,0.792,NA,99,98.5,6.57428149283089,NA,NA,NA
2495306,"Ricardo Lockette","SEA","WR",29,4,9,0.93,0.314,1.546,1.08894444302728,111,0.13,0,1.232,NA,122,98.7,6.04910911463548,NA,NA,NA
2541768,"Tim Wright","TB","TE",25,2,6,0.815,0.267,1.363,0.96873629022557,57,0.295833333333333,5,1.096,NA,NA,NA,4.31340536249659,NA,2.6,NA
2552415,"Jamison Crowder","WAS","WR",22,0,8,0.8,0.32,1.28,0.848528137423857,112,0.05,0,0.96,NA,106,82.5,5.15284870480635,NA,6.5,NA
2552656,"J.J. Nelson","ARI","WR",23,0,9,0.8,0.8,0.8,NA,112,0.158333333333333,0,0,NA,NA,NA,NA,NA,NA,NA
2539315,"Stepfan Taylor","ARI","RB",24,2,9,0.795,0.231,1.359,0.997020561473032,96,0.0399999999999999,6,1.128,NA,97,90,6.38013802638472,NA,NA,NA
2530763,"Patrick DiMarco","ATL","RB",26,4,10,0.79,0.0790000000000001,0.711,0.558614357137373,97,0.0850000000000001,6,0.632,NA,95,76.6,5.27132646268561,NA,0,NA
230,"Jerome Felton","BUF","RB",29,7,8,0.72,0.0720000000000001,0.648,0.509116882454314,98,0.1275,6,0.576,NA,96,89,5.89434254682111,NA,NA,NA
2543491,"Paul Richardson","SEA","WR",23,1,9,0.7,0.7,0.7,NA,114,0.158333333333333,0,0,NA,NA,NA,NA,NA,NA,NA
2540230,"Kyle Juszczyk","BAL","RB",24,2,9,0.69,0.0690000000000001,0.621,0.487903679018718,99,0.195,6,0.552,NA,87,76.2,5.18720410018914,NA,0.3,NA
2552397,"Clive Walford","OAK","TE",24,0,6,0.583333333333333,0.18,0.94,0.485626742811116,58,0.170833333333333,5,0.76,NA,47,37.6,5.18600370077507,NA,0,NA
2552652,"Chris Conley","KC","WR",23,0,9,0.583333333333333,0.18,0.94,0.485626742811116,115,0.0958333333333333,0,0.76,NA,126,97.6,5.47330119469889,NA,5.3,NA
2550256,"Willie Snead","NO","WR",23,1,11,0.5,0.1,0.9,0.707106781186548,116,0.0549999999999999,0,0.8,NA,94,64,4.24613059285158,NA,8.9,NA
2539322,"Christine Michael","DAL","RB",25,2,6,0.495,0.171,0.819,0.572756492761104,100,0.0725000000000001,6,0.648,NA,86,67.7,4.8052268337504,NA,-0.1,NA
2507779,"Donald Brown","SD","RB",28,6,10,0.495,0.251,0.739,0.431335136523794,101,0.245,6,0.488,NA,NA,NA,2.48712242076065,NA,NA,NA
2543750,"Jeff Janis","GB","WR",24,1,7,0.475,0.135,0.815,0.601040764008565,117,0.0675,0,0.68,NA,115,82.9,4.95265800696357,NA,NA,NA
2534244,"Chase Ford","MIN","TE",25,3,5,0.455,0.179,0.731,0.487903679018718,59,0.11,5,0.552,NA,NA,NA,3.16212092388295,NA,NA,NA
2543590,"Cody Latimer","DEN","WR",23,1,7,0.415,0.107,0.723,0.544472221513642,118,0.015,0,0.616,NA,132,90,5.20340194363496,NA,NA,NA
2552418,"Justin Hardy","ATL","WR",24,0,10,0.4,0.0800000000000001,0.72,0.565685424949238,119,0.0225,0,0.64,NA,NA,NA,2.94992873020907,NA,NA,NA
2552470,"Sammie Coates","PIT","WR",22,0,11,0.4,0.0800000000000001,0.72,0.565685424949238,119,0.1525,0,0.64,NA,130,110.5,6.08927639775644,NA,1.1,NA
2552586,"Tyler Kroft","CIN","TE",23,0,7,0.37,0.106,0.634,0.466690475583121,60,0.155,5,0.528,NA,NA,NA,3.11132896335588,NA,NA,NA
2550163,"Michael Campanaro","BAL","WR",24,1,9,0.355,0.159,0.551,0.346482322781408,121,0.22,0,0.392,NA,108,100,5.45276758097922,NA,1.6,NA
2533545,"Bernard Pierce","JAC","RB",24,3,8,0.35,0.15,0.55,0.353553390593274,102,0.205,6,0.4,NA,87,74.4,4.97144276228195,NA,NA,NA
2552401,"MyCole Pruitt","MIN","TE",23,0,5,0.32,0.0960000000000001,0.544,0.395979797464467,61,0.225,5,0.448,NA,67,46,5.97895423089209,NA,0,NA
2533033,"Robert Griffin","WAS","QB",25,3,8,0.278,0.0278,0.2502,0.19657568516986,33,0.041,8,0.2224,NA,NA,NA,3.87497207480275,NA,NA,NA
79858,"Mark Sanchez","PHI","QB",29,6,8,0.258,0.0258,0.2322,0.182433549546129,34,0.05,8,0.2064,NA,47,36.5,7.24562430329562,NA,NA,NA
81294,"Brian Hoyer","HOU","QB",30,6,9,0.216,0.0216,0.1944,0.152735064736294,35,0.017,8,0.1728,NA,39,35.5,7.08135337780133,NA,17.28,NA
2506562,"Matt Cassel","DAL","QB",33,10,6,0.2,0.02,0.18,0.14142135623731,36,0.003,8,0.16,NA,NA,NA,3.80248930866063,NA,NA,NA
2539275,"Mike Glennon","TB","QB",26,2,6,0.198,0.0198,0.1782,0.140007142674936,37,0.004,8,0.1584,NA,NA,NA,3.80063077619545,NA,NA,NA
252,"Chad Henne","JAC","QB",30,7,8,0.196,0.0196,0.1764,0.138592929112563,38,0.00700000000000001,8,0.1568,NA,NA,NA,3.79877224373027,NA,NA,NA
2532888,"Case Keenum","STL","QB",27,3,6,0.192,0.0192,0.1728,0.135764501987817,39,0.00700000000000001,8,0.1536,NA,NA,NA,3.7950551787999,NA,NA,NA
2542065,"Matt McGloin","OAK","QB",26,2,6,0.186,0.0186,0.1674,0.131521861300698,40,0.00800000000000003,8,0.1488,NA,NA,NA,3.78947958140435,NA,NA,NA
2539228,"EJ Manuel","BUF","QB",25,2,8,0.184,0.0184,0.1656,0.130107647738325,41,0.027,8,0.1472,NA,NA,NA,3.78762104893917,NA,NA,NA
2495748,"Drew Stanton","ARI","QB",31,8,9,0.172,0.0172,0.1548,0.121622366364086,42,0.034,8,0.1376,NA,NA,NA,3.77646985414808,NA,NA,NA
2553439,"Mike Davis","SF","RB",22,0,10,0.15,0.015,0.135,0.106066017177982,103,0.025,6,0.12,NA,91,66.3,4.31670363835376,NA,NA,NA
2504833,"Shaun Hill","MIN","QB",NA,NA,5,0.142,0.0142,0.1278,0.10040916292849,43,0.018,8,0.1136,NA,NA,NA,3.74859186717034,NA,NA,NA
2540011,"Chris Thompson","WAS","RB",25,2,8,0.14,0.014,0.126,0.0989949493661167,104,0.05,6,0.112,NA,70,60.5,3.9985316221194,NA,7.7,NA
2530700,"Dontrelle Inman","SD","WR",26,2,10,0.14,0.014,0.126,0.0989949493661166,122,0.02,0,0.112,NA,NA,NA,2.13110279513158,NA,8.8,NA
2505982,"Matt Schaub","BAL","QB",34,11,9,0.134,0.0134,0.1206,0.0947523086789974,44,0.023,8,0.1072,NA,NA,NA,3.74115773730961,NA,NA,NA
2541388,"Brice Butler","DAL","WR",25,2,6,0.13,0.013,0.117,0.0919238815542512,123,0.035,0,0.104,NA,117,101,5.27175701558809,NA,6.7,NA
2506895,"Kellen Clemens","SD","QB",32,9,10,0.114,0.0114,0.1026,0.0806101730552664,45,0.00600000000000001,8,0.0912,NA,NA,NA,3.72257241265778,NA,NA,NA
497246,"Michael Hoomanawanui","NO","TE",27,5,11,0.11,0.011,0.099,0.0777817459305202,62,0.035,5,0.088,NA,61,46,5.59801452693905,NA,NA,NA
2495192,"Greg Little","CIN","WR",26,4,7,0.11,0.011,0.099,0.0777817459305202,124,0.035,0,0.088,NA,NA,NA,2.09388343444624,NA,NA,NA
2540224,"Mike James","FA","RB",24,2,NA,0.11,0.011,0.099,0.0777817459305202,105,0.045,6,0.088,NA,NA,NA,1.86100975411872,NA,NA,NA
2495425,"Scott Tolzien","GB","QB",28,4,7,0.108,0.0108,0.0972,0.0763675323681471,46,0.011,8,0.0864,NA,NA,NA,3.71699681526223,NA,NA,NA
2506546,"Derek Anderson","CAR","QB",32,10,5,0.108,0.0108,0.0972,0.0763675323681471,46,0.023,8,0.0864,NA,NA,NA,3.71699681526223,NA,NA,NA
2495441,"Blaine Gabbert","SF","QB",26,4,10,0.086,0.00860000000000001,0.0774,0.0608111831820431,48,0.00699999999999999,8,0.0688,NA,NA,NA,3.69655295814523,NA,NA,NA
81284,"Chase Daniel","KC","QB",29,6,9,0.084,0.00840000000000001,0.0756,0.05939696961967,49,0.037,8,0.0672,NA,NA,NA,3.69469442568004,NA,NA,NA
2539327,"Joseph Fauria","FA","TE",25,2,NA,0.08,0.00800000000000001,0.072,0.0565685424949238,63,0.015,5,0.064,NA,NA,NA,2.12935105983248,NA,NA,NA
2543828,"Quincy Enunwa","NYJ","WR",23,1,5,0.08,0.00800000000000001,0.072,0.0565685424949238,125,0.01,0,0.064,NA,97,79.3,4.32270938943973,NA,0,NA
2501078,"Matt Hasselbeck","IND","QB",40,17,10,0.074,0.00740000000000001,0.0666,0.0523259018078045,50,0.056,8,0.0592,NA,33,31.3,6.40739886992585,NA,15.38,NA
2539265,"Rex Burkhead","CIN","RB",25,2,7,0.07,0.00700000000000001,0.063,0.0494974746830583,106,0.01,6,0.056,NA,96,85.4,5.2937694510134,NA,2.7,NA
81306,"Brandon Tate","CIN","WR",28,6,7,0.07,0.00700000000000001,0.063,0.0494974746830583,126,0,0,0.056,NA,NA,NA,2.04425762019912,NA,11.5,NA
238457,"Zach Miller","CHI","TE",31,6,7,0.07,0.07,0.07,NA,64,0.01,5,0,NA,48,42.5,8.26565780017528,NA,NA,NA
1037885,"Marc Mariani","CHI","WR",28,5,7,0.07,0.00700000000000001,0.063,0.0494974746830583,126,0,0,0.056,NA,NA,NA,2.04425762019912,NA,0,NA
2535876,"Griff Whalen","IND","WR",25,3,10,0.07,0.00700000000000001,0.063,0.0494974746830583,126,0.00499999999999999,0,0.056,NA,NA,NA,2.04425762019912,NA,1.6,NA
2541785,"Adam Thielen","MIN","WR",25,1,5,0.07,0.07,0.07,NA,126,0.01,0,0,NA,111,85.8,7.13872748849049,NA,7,NA
2539289,"Kenjon Barner","PHI","RB",26,2,8,0.06,0.00600000000000001,0.054,0.0424264068711929,107,0.005,6,0.048,NA,NA,NA,1.79839848745452,NA,NA,NA
2553631,"Zach Zenner","DET","RB",NA,NA,9,0.06,0.06,0.06,NA,107,0.015,6,0,NA,105,70.3,7.1525304259029,NA,1.3,NA
497250,"Anthony McCoy","WAS","TE",28,5,8,0.06,0.00600000000000001,0.054,0.0424264068711929,65,0,5,0.048,NA,NA,NA,2.09548975281444,NA,NA,NA
2507182,"Matt Spaeth","PIT","TE",31,8,11,0.06,0.00600000000000001,0.054,0.0424264068711929,65,0,5,0.048,NA,NA,NA,2.09548975281444,NA,NA,NA
2539202,"Chris Gragg","BUF","TE",25,2,8,0.06,0.00600000000000001,0.054,0.0424264068711929,65,0.005,5,0.048,NA,NA,NA,2.09548975281444,NA,1.5,NA
2540232,"Jack Doyle","IND","TE",25,2,10,0.06,0.00600000000000001,0.054,0.0424264068711929,65,0.01,5,0.048,NA,50,42.1,5.13770359173239,NA,NA,NA
2552608,"Stefon Diggs","MIN","WR",22,0,5,0.06,0.00600000000000001,0.054,0.0424264068711929,130,0.01,0,0.048,NA,NA,NA,2.03185116663734,NA,8.7,NA
2552654,"Geremy Davis","NYG","WR",23,0,11,0.06,0.00600000000000001,0.054,0.0424264068711929,130,0.035,0,0.048,NA,120,103,5.3129456255637,NA,NA,NA
2550268,"Charcandrick West","KC","RB",24,1,9,0.05,0.05,0.05,NA,109,0.015,6,0,NA,104,92.3,9.51875096745282,NA,2.1,NA
2543628,"Troy Niklas","ARI","TE",23,1,9,0.05,0.005,0.045,0.0353553390593274,69,0.005,5,0.04,NA,NA,NA,2.07855909930541,NA,NA,NA
2550355,"Nic Jacobs","JAC","TE",24,1,8,0.05,0.005,0.045,0.0353553390593274,69,0.01,5,0.04,NA,NA,NA,2.07855909930541,NA,NA,NA
71435,"John Phillips","SD","TE",28,6,10,0.04,0.004,0.036,0.0282842712474619,71,0,5,0.032,NA,70,29.8,3.80251475677737,NA,6.1,NA
79589,"David Johnson","SD","TE",28,6,10,0.04,0.004,0.036,0.0282842712474619,71,0,5,0.032,NA,NA,NA,2.06162844579639,NA,0,NA
2539645,"Brandon Williams","FA","TE",28,3,NA,0.04,0.04,0.04,NA,71,0.005,5,0,NA,NA,NA,NA,NA,NA,NA
2541828,"Frankie Hammond","KC","WR",NA,NA,9,0.04,0.004,0.036,0.0282842712474619,133,0.035,0,0.032,NA,NA,NA,2.00703825951378,NA,NA,NA
2552633,"Jesse James","PIT","TE",21,0,11,0.04,0.004,0.036,0.0282842712474619,71,0.01,5,0.032,NA,76,61.5,7.19997689920323,NA,NA,NA
2536044,"Jamize Olawale","OAK","RB",26,3,6,0.04,0.004,0.036,0.0282842712474619,110,0.015,6,0.032,NA,NA,NA,1.77335398078884,NA,-0.1,NA
2507405,"Matthew Mulligan","BUF","TE",30,7,8,0.03,0.003,0.027,0.0212132034355964,76,0,5,0.024,NA,57,52,6.17334468434002,NA,NA,NA
2533028,"James Hanna","DAL","TE",26,3,6,0.03,0.003,0.027,0.0212132034355964,76,0,5,0.024,NA,NA,NA,2.04469779228736,NA,0.7,NA
2533353,"Cory Harkey","STL","TE",25,3,6,0.03,0.003,0.027,0.0212132034355964,76,0.005,5,0.024,NA,NA,NA,2.04469779228736,NA,0.4,NA
2536532,"Jorvorskie Lane","TB","RB",28,3,6,0.03,0.003,0.027,0.0212132034355964,111,0.01,6,0.024,NA,NA,NA,1.76083172745601,NA,NA,NA
2541187,"Demetrius Harris","KC","TE",24,2,9,0.03,0.003,0.027,0.0212132034355964,76,0.015,5,0.024,NA,NA,NA,2.04469779228736,NA,NA,NA
79629,"Cedric Peerman","CIN","RB",29,6,7,0.02,0.002,0.018,0.014142135623731,112,0,6,0.016,NA,NA,NA,1.74830947412317,NA,NA,NA
2550481,"Orleans Darkwa","NYG","RB",23,1,11,0.02,0.002,0.018,0.014142135623731,112,0,6,0.016,NA,NA,NA,1.74830947412317,NA,NA,NA
2552477,"Aaron Ripkowski","GB","RB",NA,NA,7,0.02,0.002,0.018,0.014142135623731,112,0.005,6,0.016,NA,NA,NA,1.74830947412317,NA,NA,NA
2552636,"Michael Burton","DET","RB",23,0,9,0.02,0.002,0.018,0.014142135623731,112,0.015,6,0.016,NA,NA,NA,1.74830947412317,NA,0.3,NA
2553446,"Malcolm Johnson","CLE","TE",23,0,11,0.02,0.002,0.018,0.014142135623731,80,0.015,5,0.016,NA,NA,NA,2.02776713877834,NA,NA,NA
2495863,"Tarvaris Jackson","SEA","QB",32,9,9,0.02,0.002,0.018,0.014142135623731,51,0.006,8,0.016,NA,NA,NA,3.6352213867942,NA,NA,NA
2533436,"Brock Osweiler","DEN","QB",25,3,7,0.016,0.0016,0.0144,0.0113137084989848,52,0.004,8,0.0128,NA,33,32,6.48177958340762,NA,NA,NA
2507282,"Matt Moore","MIA","QB",31,8,5,0.012,0.0012,0.0108,0.00848528137423857,53,0.002,8,0.0096,NA,NA,NA,3.62778725693347,NA,NA,NA
2539961,"Ryan Nassib","NYG","QB",25,2,11,0.012,0.0012,0.0108,0.00848528137423857,53,0.004,8,0.0096,NA,NA,NA,3.62778725693347,NA,NA,NA
2508020,"Richie Brockel","CAR","TE",29,5,5,0.01,0.01,0.01,NA,81,0.01,5,0,NA,NA,NA,NA,NA,NA,NA
2527672,"Will Tukuafu","SEA","RB",31,5,9,0.01,0.01,0.01,NA,117,0.01,6,0,NA,NA,NA,NA,NA,NA,NA
2541944,"Russell Shepard","TB","WR",25,2,6,0.01,0.001,0.009,0.00707106781186548,134,0.01,0,0.008,NA,125,120.7,6.03073858901949,NA,NA,NA
2506481,"Dan Orlovsky","DET","QB",32,10,9,0.008,0.000800000000000001,0.0072,0.00565685424949238,56,0.004,8,0.0064,NA,NA,NA,3.62407019200311,NA,NA,NA
2543497,"AJ McCarron","CIN","QB",25,1,7,0.008,0.000800000000000001,0.0072,0.00565685424949238,56,0.008,8,0.0064,NA,NA,NA,3.62407019200311,NA,NA,NA
184,"Donnie Avery","FA","WR",31,7,NA,0,0,0,NA,135,0,0,0,NA,NA,NA,NA,NA,NA,NA
216,"Fred Davis","FA","TE",29,7,NA,0,0,0,NA,82,0,0,0,NA,NA,NA,NA,NA,NA,NA
222,"Harry Douglas","TEN","WR",31,7,4,0,0,0,NA,135,0,0,0,NA,NA,NA,NA,NA,NA,NA
318,"Jerome Simpson","SF","WR",29,7,10,0,0,0,NA,135,0,0,0,NA,NA,NA,NA,NA,NA,NA
367,"Matt Flynn","FA","QB",30,7,NA,0,0,0,NA,58,0,8,0,NA,NA,NA,NA,NA,NA,NA
832,"Josh Morgan","FA","WR",30,7,NA,0,0,0,NA,135,0,0,0,NA,NA,NA,NA,NA,NA,NA
929,"BenJarvus Green-Ellis","FA","RB",30,7,NA,0,0,0,NA,119,0,0,0,NA,NA,NA,NA,NA,NA,NA
941,"Ray Rice","FA","RB",28,7,NA,0,0,0,NA,119,0,0,0,NA,NA,NA,NA,NA,NA,NA
1030,"Mario Manningham","FA","WR",29,7,NA,0,0,0,NA,135,0,0,0,NA,NA,NA,NA,NA,NA,NA
1032,"Jordy Nelson","GB","WR",30,7,7,0,0,0,NA,135,0,0,0,NA,NA,NA,NA,NA,NA,NA
1072,"Jermichael Finley","FA","TE",28,7,NA,0,0,0,NA,82,0,0,0,NA,NA,NA,NA,NA,NA,NA
1581,"DeSean Jackson","WAS","WR",29,7,8,0,0,0,NA,135,0,0,0,NA,NA,NA,NA,NA,NA,NA
1966,"John Carlson","FA","TE",31,7,NA,0,0,0,NA,82,0,0,0,NA,NA,NA,NA,NA,NA,NA
1980,"Peyton Hillis","FA","RB",29,7,NA,0,0,0,NA,119,0,0,0,NA,NA,NA,NA,NA,NA,NA
1992,"Craig Stevens","TEN","TE",31,7,4,0,0,0,NA,82,0,0,0,NA,NA,NA,NA,NA,NA,NA
2649,"Danny Amendola","NE","WR",30,7,4,0,0,0,NA,135,0,0,0,NA,NA,NA,NA,NA,NA,NA
4231,"Jed Collins","FA","RB",29,7,NA,0,0,0,NA,119,0,0,0,NA,NA,NA,NA,NA,NA,NA
4381,"Garrett Hartley","PIT","K",29,7,11,0,0,0,NA,32,0,6,0,NA,NA,NA,NA,NA,NA,NA
4383,"Tim Hightower","NO","RB",29,7,11,0,0,0,0,119,0,6,0,NA,NA,NA,1.72326496745749,NA,NA,NA
71255,"Chase Coffman","FA","TE",29,6,NA,0,0,0,NA,82,0,0,0,NA,NA,NA,NA,NA,NA,NA
79557,"Josh Freeman","FA","QB",27,6,NA,0,0,0,NA,58,0,8,0,NA,NA,NA,NA,NA,NA,NA
79563,"Shonn Greene","FA","RB",30,6,NA,0,0,0,NA,119,0,0,0,NA,NA,NA,NA,NA,NA,NA
79607,"LeSean McCoy","BUF","RB",27,6,8,0,0,0,NA,119,0,0,0,NA,NA,NA,NA,NA,NA,NA
79619,"Knowshon Moreno","FA","RB",28,6,NA,0,0,0,NA,119,0,0,0,NA,NA,NA,NA,NA,NA,NA
79625,"Bear Pascoe","FA","TE",29,6,NA,0,0,0,NA,82,0,0,0,NA,NA,NA,NA,NA,NA,NA
80672,"Hakeem Nicks","FA","WR",27,6,NA,0,0,0,NA,135,0,0,0,NA,NA,NA,NA,NA,NA,NA
80674,"Chris Ogbonnaya","FA","RB",29,6,NA,0,0,0,NA,119,0,0,0,NA,NA,NA,NA,NA,NA,NA
81288,"Brandon Gibson","NE","WR",28,6,4,0,0,0,NA,135,0,0,0,NA,NA,NA,NA,NA,NA,NA
81857,"Kevin Ogletree","FA","WR",28,6,NA,0,0,0,NA,135,0,0,0,NA,NA,NA,NA,NA,NA,NA
89798,"Antone Smith","FA","RB",30,6,NA,0,0,0,NA,119,0,0,0,NA,NA,NA,NA,NA,NA,NA
89802,"Ryan Succop","TEN","K",29,6,4,0,0,0,NA,32,0,6,0,NA,NA,NA,NA,NA,NA,NA
100012,"Titans","TEN","DST",NA,NA,4,0,0,0,NA,31,0,6,0,NA,30,30,10.60878406898,NA,NA,NA
100021,"Patriots","NE","DST",NA,NA,4,0,0,0,NA,31,NA,6,0,NA,29,29,10.2034804906816,NA,NA,NA
238445,"Frank Summers","FA","RB",30,6,NA,0,0,0,NA,119,0,0,0,NA,NA,NA,NA,NA,NA,NA
238498,"Julian Edelman","NE","WR",29,6,4,0,0,0,NA,135,0,0,0,NA,NA,NA,NA,NA,NA,NA
496812,"Erik Lorig","FA","RB",29,5,NA,0,0,0,NA,119,0,0,0,NA,NA,NA,NA,NA,NA,NA
497121,"Thad Lewis","PHI","QB",28,5,8,0,0,0,0,58,0,8,0,NA,NA,NA,3.61663606214238,NA,NA,NA
497123,"Colt McCoy","WAS","QB",29,5,8,0,0,0,0,58,0,8,0,NA,NA,NA,3.61663606214238,NA,NA,NA
497135,"Tim Tebow","FA","QB",28,5,NA,0,0,0,NA,58,0,8,0,NA,NA,NA,NA,NA,NA,NA
497149,"LeGarrette Blount","NE","RB",29,5,4,0,0,0,NA,119,0,0,0,NA,NA,NA,NA,NA,NA,NA
497174,"Jonathan Dwyer","FA","RB",26,5,NA,0,0,0,NA,119,0,0,0,NA,NA,NA,NA,NA,NA,NA
497190,"Dexter McCluster","TEN","RB",27,5,4,0,0,0,NA,119,0,0,0,NA,NA,NA,NA,NA,NA,NA
497192,"Joe McKnight","FA","RB",27,5,NA,0,0,0,NA,119,0,0,0,NA,NA,NA,NA,NA,NA,NA
497208,"Ben Tate","FA","RB",27,5,NA,0,0,0,NA,119,0,0,0,NA,NA,NA,NA,NA,NA,NA
497218,"Trindon Holliday","FA","WR",29,5,NA,0,0,0,NA,135,0,0,0,NA,NA,NA,NA,NA,NA,NA
497240,"Rob Gronkowski","NE","TE",26,5,4,0,0,0,NA,82,0,0,0,NA,NA,NA,NA,NA,NA,NA
497254,"Dennis Pitta","BAL","TE",30,5,9,0,0,0,NA,82,0,0,0,NA,NA,NA,NA,NA,NA,NA
497256,"Tony Moeaki","FA","TE",28,5,NA,0,0,0,NA,82,0,0,0,NA,NA,NA,NA,NA,NA,NA
497258,"Andrew Quarless","GB","TE",27,5,7,0,0,0,NA,82,0,0,0,NA,NA,NA,NA,NA,NA,NA
497260,"Seyi Ajirotutu","PHI","WR",28,5,8,0,0,0,0,135,0,0,0,NA,NA,NA,1.95741244526666,NA,NA,NA
497278,"Dez Bryant","DAL","WR",27,5,6,0,0,0,NA,135,0,0,0,NA,NA,NA,NA,NA,NA,NA
497286,"Marcus Easley","BUF","WR",28,5,8,0,0,0,0,135,0,0,0,NA,NA,NA,1.95741244526666,NA,0,NA
497288,"Jacoby Ford","FA","WR",28,5,NA,0,0,0,NA,135,0,0,0,NA,NA,NA,NA,NA,NA,NA
497302,"Brandon LaFell","NE","WR",29,5,4,0,0,0,NA,135,0,0,0,NA,NA,NA,NA,NA,NA,NA
497312,"Preston Parker","FA","WR",28,5,NA,0,0,0,0,135,0,0,0,NA,NA,NA,1.95741244526666,NA,NA,NA
1037347,"Joe Webb","CAR","QB",29,5,5,0,0,0,0,58,0,8,0,NA,NA,NA,3.61663606214238,NA,NA,NA
1037366,"Michael Palmer","FA","TE",27,5,NA,0,0,0,NA,82,0,0,0,NA,NA,NA,NA,NA,NA,NA
1037847,"Deji Karim","FA","RB",29,5,NA,0,0,0,NA,119,0,0,0,NA,NA,NA,NA,NA,NA,NA
2495162,"Alex Henery","FA","K",28,4,NA,0,0,0,NA,32,0,6,0,NA,NA,NA,NA,NA,NA,NA
2495172,"Kendall Hunter","FA","RB",27,4,NA,0,0,0,NA,119,0,0,0,NA,NA,NA,NA,NA,NA,NA
2495179,"Jerrel Jernigan","FA","WR",26,4,NA,0,0,0,NA,135,0,0,0,NA,NA,NA,NA,NA,NA,NA
2495194,"Jake Locker","FA","QB",27,4,NA,0,0,0,NA,58,0,8,0,NA,NA,NA,NA,NA,NA,NA
2495211,"Niles Paul","WAS","TE",26,4,8,0,0,0,NA,82,0,0,0,NA,NA,NA,NA,NA,NA,NA
2495212,"Austin Pettis","FA","WR",27,4,NA,0,0,0,NA,135,0,0,0,NA,NA,NA,NA,NA,NA,NA
2495215,"Christian Ponder","FA","QB",27,4,NA,0,0,0,NA,58,0,8,0,NA,NA,NA,NA,NA,NA,NA
2495223,"Greg Salas","FA","WR",27,4,NA,0,0,0,NA,135,0,0,0,NA,NA,NA,NA,NA,NA,NA
2495234,"Luke Stocker","TB","TE",27,4,6,0,0,0,NA,82,0,0,0,NA,57,51,10.0876406525803,NA,NA,NA
2495241,"Daniel Thomas","FA","RB",28,4,NA,0,0,0,NA,119,0,0,0,NA,NA,NA,NA,NA,NA,NA
2495315,"Denarius Moore","FA","WR",27,4,NA,0,0,0,NA,135,0,0,0,NA,NA,NA,NA,NA,NA,NA
2495331,"Aldrick Robinson","FA","WR",27,4,NA,0,0,0,NA,135,0,0,0,NA,NA,NA,NA,NA,NA,NA
2495338,"Dane Sanzenbacher","FA","WR",27,4,NA,0,0,0,NA,135,0,0,0,NA,NA,NA,NA,NA,NA,NA
2495449,"Tandon Doss","FA","WR",26,4,NA,0,0,0,NA,135,0,0,0,NA,NA,NA,NA,NA,NA,NA
2495468,"Mikel Leshoure","FA","RB",25,4,NA,0,0,0,NA,119,0,0,0,NA,NA,NA,NA,NA,NA,NA
2495469,"Dion Lewis","NE","RB",25,4,4,0,0,0,NA,119,0,0,0,NA,NA,NA,NA,NA,NA,NA
2495470,"Stevan Ridley","NYJ","RB",26,4,5,0,0,0,NA,119,0,0,0,NA,NA,NA,NA,NA,NA,NA
2495472,"Jordan Todman","PIT","RB",25,4,11,0,0,0,0,119,0,6,0,NA,NA,NA,1.72326496745749,NA,NA,NA
2495560,"Ahmad Bradshaw","FA","RB",29,8,NA,0,0,0,NA,119,0,0,0,NA,NA,NA,NA,NA,NA,NA
2495573,"Scott Chandler","NE","TE",30,8,4,0,0,0,NA,82,0,0,0,NA,NA,NA,NA,NA,NA,NA
2495651,"Jacoby Jones","SD","WR",31,8,10,0,0,0,NA,135,0,0,0,NA,NA,NA,NA,NA,NA,NA
2495660,"Brian Leonard","FA","RB",31,8,NA,0,0,0,NA,119,0,0,0,NA,NA,NA,NA,NA,NA,NA
2495676,"Robert Meachem","FA","WR",31,8,NA,0,0,0,NA,135,0,0,0,NA,NA,NA,NA,NA,NA,NA
2495724,"Dante Rosario","FA","TE",31,8,NA,0,0,0,NA,82,0,0,0,NA,NA,NA,NA,NA,NA,NA
2495824,"Jay Cutler","CHI","QB",32,9,7,0,0,0,NA,58,0,8,0,NA,34,26.1,7.6239300965548,NA,16.24,NA
2495835,"Anthony Fasano","TEN","TE",31,9,4,0,0,0,NA,82,0,0,0,NA,NA,NA,NA,NA,NA,NA
2495838,"Bruce Gradkowski","PIT","QB",32,9,11,0,0,0,NA,58,0,8,0,NA,NA,NA,NA,NA,NA,NA
2495843,"Derek Hagan","FA","WR",31,9,NA,0,0,0,NA,135,0,0,0,NA,NA,NA,NA,NA,NA,NA
2495967,"Leon Washington","FA","RB",33,9,NA,0,0,0,NA,119,0,0,0,NA,NA,NA,NA,NA,NA,NA
2499248,"Kris Durham","FA","WR",27,4,NA,0,0,0,NA,135,0,0,0,NA,NA,NA,NA,NA,NA,NA
2499255,"Richard Gordon","FA","TE",28,4,NA,0,0,0,NA,82,0,0,0,NA,NA,NA,NA,NA,NA,NA
2499277,"David Ausberry","FA","TE",28,4,NA,0,0,0,NA,82,0,0,0,NA,NA,NA,NA,NA,NA,NA
2504162,"Shayne Graham","FA","K",NA,NA,NA,0,0,0,NA,32,0,6,0,NA,NA,NA,NA,NA,NA,NA
2504211,"Tom Brady","NE","QB",38,15,4,0,0,0,NA,58,0,8,0,NA,NA,NA,NA,NA,NA,NA
2504343,"Jay Feely","FA","K",39,16,NA,0,0,0,NA,32,0,6,0,NA,NA,NA,NA,NA,NA,NA
2504743,"Santana Moss","FA","WR",36,14,NA,0,0,0,NA,135,0,0,0,NA,NA,NA,NA,NA,NA,NA
2504941,"Billy Cundiff","FA","K",35,13,NA,0,0,0,NA,32,0,6,0,NA,NA,NA,NA,NA,NA,NA
2505299,"Antonio Gates","SD","TE",35,12,10,0,0,0,NA,82,0,0,0,NA,NA,NA,NA,NA,NA,NA
2505310,"Kassim Osgood","FA","WR",35,12,NA,0,0,0,NA,135,0,0,0,NA,NA,NA,NA,NA,NA,NA
2505354,"Tony Romo","DAL","QB",35,12,6,0,0,0,NA,58,0,8,0,NA,NA,NA,NA,NA,NA,NA
2505936,"Steven Jackson","FA","RB",32,11,NA,0,0,0,NA,119,0,0,0,NA,NA,NA,NA,NA,NA,NA
2506004,"Jerricho Cotchery","CAR","WR",33,11,5,0,0,0,NA,135,0,0,0,NA,NA,NA,NA,NA,NA,NA
2506109,"Ben Roethlisberger","PIT","QB",33,11,11,0,0,0,NA,58,0,8,0,NA,NA,NA,NA,NA,NA,NA
2506149,"Shaun Suisham","PIT","K",NA,NA,11,0,0,0,NA,32,0,6,0,NA,NA,NA,NA,NA,NA,NA
2506222,"Josh Cribbs","FA","WR",32,10,NA,0,0,0,NA,135,0,0,0,NA,NA,NA,NA,NA,NA,NA
2506341,"Ronnie Brown","FA","RB",34,10,NA,0,0,0,NA,119,0,0,0,NA,NA,NA,NA,NA,NA,NA
2506364,"Jason Campbell","FA","QB",34,10,NA,0,0,0,NA,58,0,8,0,NA,NA,NA,NA,NA,NA,NA
2506410,"Alex Smith","NO","TE",33,10,11,0,0,0,NA,82,0,0,0,NA,NA,NA,NA,NA,NA,NA
2506444,"Kyle Orton","FA","QB",33,10,NA,0,0,0,NA,58,0,8,0,NA,NA,NA,NA,NA,NA,NA
2506885,"Santonio Holmes","FA","WR",31,9,NA,0,0,0,NA,135,0,0,0,NA,NA,NA,NA,NA,NA,NA
2506897,"Devin Hester","ATL","WR",33,9,10,0,0,0,NA,135,0,0,0,NA,107,106.5,8.89017927553648,NA,NA,NA
2506922,"Stephen Gostkowski","NE","K",31,9,4,0,0,0,NA,32,0,6,0,NA,NA,NA,NA,NA,NA,NA
2507029,"Eric Weems","ATL","WR",30,8,10,0,0,0,NA,135,0,0,0,NA,NA,NA,NA,NA,0,NA
2507141,"Pierre Thomas","FA","RB",31,8,NA,0,0,0,NA,119,0,0,0,NA,NA,NA,NA,NA,NA,NA
2507170,"Zach Miller","FA","TE",30,8,NA,0,0,0,NA,82,0,0,0,NA,48,42.5,8.26565780017528,NA,NA,NA
2507192,"Michael Bush","FA","RB",31,8,NA,0,0,0,NA,119,0,0,0,NA,NA,NA,NA,NA,NA,NA
2507237,"Jordan Palmer","FA","QB",31,8,NA,0,0,0,NA,58,0,8,0,NA,NA,NA,NA,NA,NA,NA
2507278,"Jackie Battle","FA","RB",32,8,NA,0,0,0,NA,119,0,0,0,NA,NA,NA,NA,NA,NA,NA
2507463,"Connor Barth","FA","K",29,7,NA,0,0,0,NA,32,0,6,0,NA,NA,NA,NA,NA,NA,NA
2507585,"Will Taufoou","FA","RB",29,3,NA,0,0,0,NA,119,0,0,0,NA,NA,NA,NA,NA,NA,NA
2507596,"Marcus Thigpen","BUF","RB",29,6,8,0,0,0,0,119,0,6,0,NA,NA,NA,1.72326496745749,NA,0,NA
2507828,"Logan Paulsen","WAS","TE",28,5,8,0,0,0,NA,82,0,0,0,NA,NA,NA,NA,NA,NA,NA
2507855,"Victor Cruz","NYG","WR",29,5,11,0,0,0,NA,135,0,0,0,NA,NA,NA,NA,NA,NA,NA
2507883,"Jeff Cumberland","NYJ","TE",28,5,5,0,0,0,NA,82,0,0,0,NA,36,30,5.58627125252081,NA,NA,NA
2507884,"David Nelson","PIT","WR",29,5,11,0,0,0,NA,135,0,0,0,NA,NA,NA,NA,NA,NA,NA
2507897,"Alfonso Smith","FA","RB",28,5,NA,0,0,0,NA,119,0,0,0,NA,NA,NA,NA,NA,NA,NA
2507902,"Marlon Moore","CLE","WR",28,5,11,0,0,0,0,135,0,0,0,NA,NA,NA,1.95741244526666,NA,NA,NA
2508051,"John Conner","FA","RB",28,5,NA,0,0,0,NA,119,0,0,0,NA,NA,NA,NA,NA,NA,NA
2508101,"James Develin","NE","RB",27,5,4,0,0,0,NA,119,0,0,0,NA,NA,NA,NA,NA,NA,NA
2508115,"Vincent Brown","FA","WR",26,4,NA,0,0,0,NA,135,0,0,0,NA,NA,NA,NA,NA,NA,NA
2528181,"Bryan Walters","JAC","WR",28,5,8,0,0,0,NA,135,0,0,0,NA,104,82.3,6.84258829744407,NA,2.7,NA
2530516,"Robert Hughes","FA","RB",26,4,NA,0,0,0,NA,119,0,6,0,NA,NA,NA,NA,NA,NA,NA
2530575,"Drew Davis","FA","WR",26,3,NA,0,0,0,NA,135,0,0,0,NA,NA,NA,NA,NA,NA,NA
2530598,"Jeremy Ross","FA","WR",27,4,NA,0,0,0,NA,135,0,0,0,NA,NA,NA,NA,NA,NA,NA
2530690,"DuJuan Harris","FA","RB",27,4,NA,0,0,0,NA,119,0,6,0,NA,NA,NA,NA,NA,NA,NA
2530699,"Henry Hynoski","FA","RB",27,4,NA,0,0,0,NA,119,0,6,0,NA,NA,NA,NA,NA,NA,NA
2530713,"Jeff Maehl","FA","WR",26,4,NA,0,0,0,NA,135,0,0,0,NA,NA,NA,NA,NA,NA,NA
2530720,"Joseph Morgan","NO","WR",27,4,11,0,0,0,NA,135,0,0,0,NA,NA,NA,NA,NA,NA,NA
2530990,"Phillip Tanner","FA","RB",27,4,NA,0,0,0,NA,119,0,6,0,NA,NA,NA,NA,NA,NA,NA
2531332,"Terrelle Pryor","FA","WR",26,4,NA,0,0,0,0,135,0,0,0,NA,NA,NA,1.95741244526666,NA,NA,NA
2532797,"Brandon Bolden","NE","RB",25,3,4,0,0,0,NA,119,0,6,0,NA,NA,NA,NA,NA,NA,NA
2532799,"Jarrett Boykin","FA","WR",26,3,NA,0,0,0,NA,135,0,0,0,NA,NA,NA,NA,NA,NA,NA
2532807,"Ryan Broyles","FA","WR",27,3,NA,0,0,0,NA,135,0,0,0,NA,NA,NA,NA,NA,NA,NA
2532823,"Juron Criner","FA","WR",26,3,NA,0,0,0,NA,135,0,0,0,NA,NA,NA,NA,NA,NA,NA
2532850,"T.J. Graham","FA","WR",26,3,NA,0,0,0,NA,135,0,0,0,NA,NA,NA,NA,NA,NA,NA
2532851,"Cyrus Gray","FA","RB",26,3,NA,0,0,0,NA,119,0,6,0,NA,NA,NA,NA,NA,NA,NA
2532862,"Junior Hemingway","FA","WR",27,3,NA,0,0,0,NA,135,0,0,0,NA,NA,NA,NA,NA,NA,NA
2532864,"Dan Herron","FA","RB",26,3,NA,0,0,0,NA,119,0,6,0,NA,NA,NA,NA,NA,NA,NA
2532876,"A.J. Jenkins","FA","WR",25,3,NA,0,0,0,NA,135,0,0,0,NA,NA,NA,NA,NA,NA,NA
2532894,"Ryan Lindley","FA","QB",26,3,NA,0,0,0,NA,58,0,8,0,NA,NA,NA,NA,NA,NA,NA
2532900,"Keshawn Martin","NE","WR",25,3,4,0,0,0,NA,135,0,0,0,NA,NA,NA,NA,NA,NA,NA
2532917,"Kellen Moore","DAL","QB",26,3,6,0,0,0,0,58,0,8,0,NA,NA,NA,3.61663606214238,NA,NA,NA
2532923,"Chris Owusu","NYJ","WR",25,3,5,0,0,0,NA,135,0,0,0,NA,NA,NA,NA,NA,NA,NA
2532926,"Isaiah Pead","FA","RB",26,3,NA,0,0,0,0,119,0,6,0,NA,NA,NA,1.72326496745749,NA,NA,NA
2532930,"DeVier Posey","FA","WR",25,3,NA,0,0,0,NA,135,0,0,0,NA,NA,NA,NA,NA,NA,NA
2533012,"Vick Ballard","FA","RB",25,3,NA,0,0,0,NA,119,0,6,0,NA,NA,NA,NA,NA,NA,NA
2533032,"Trent Richardson","FA","RB",24,3,NA,0,0,0,NA,119,0,6,0,NA,NA,NA,NA,NA,NA,NA
2533036,"LaMichael James","FA","RB",26,3,NA,0,0,0,0,119,0,6,0,NA,NA,NA,1.72326496745749,NA,NA,NA
2533038,"Justin Blackmon","JAC","WR",25,3,8,0,0,0,NA,135,0,0,0,NA,NA,NA,NA,NA,NA,NA
2533047,"Orson Charles","FA","TE",24,3,NA,0,0,0,NA,82,0,5,0,NA,NA,NA,NA,NA,NA,NA
2533349,"Austin Davis","CLE","QB",26,3,11,0,0,0,0,58,0,8,0,NA,NA,NA,3.61663606214238,NA,NA,NA
2533444,"Randy Bullock","FA","K",26,3,NA,0,0,0,0,32,0,7,0,NA,23,18,3.5906227951809,NA,NA,NA
2533460,"Robert Turbin","CLE","RB",26,3,11,0,0,0,NA,119,0,6,0,NA,NA,NA,NA,NA,NA,NA
2533537,"Stephen Hill","FA","WR",24,3,NA,0,0,0,NA,135,0,0,0,NA,NA,NA,NA,NA,NA,NA
2533540,"Edwin Baker","FA","RB",24,3,NA,0,0,0,NA,119,0,6,0,NA,NA,NA,NA,NA,NA,NA
2534752,"Adrien Robinson","FA","TE",27,3,NA,0,0,0,NA,82,0,5,0,NA,NA,NA,NA,NA,NA,NA
2534770,"Jonathan Grimes","HOU","RB",26,3,9,0,0,0,NA,119,0,6,0,NA,NA,NA,NA,NA,NA,NA
2534789,"Daryl Richardson","FA","RB",25,3,NA,0,0,0,NA,119,0,6,0,NA,NA,NA,NA,NA,NA,NA
2534796,"Bryce Brown","FA","RB",24,3,NA,0,0,0,0,119,0,6,0,NA,NA,NA,1.72326496745749,NA,NA,NA
2534889,"Matt Simms","FA","QB",27,3,NA,0,0,0,NA,58,0,8,0,NA,NA,NA,NA,NA,NA,NA
2535696,"Joe Banyard","FA","RB",27,3,NA,0,0,0,NA,119,0,6,0,NA,NA,NA,NA,NA,NA,NA
2535882,"Mike Brown","FA","WR",26,3,NA,0,0,0,NA,135,0,0,0,NA,NA,NA,NA,NA,NA,NA
2535890,"Travaris Cadet","FA","RB",26,3,NA,0,0,0,NA,119,0,6,0,NA,NA,NA,NA,NA,NA,NA
2535966,"Brenton Bersin","CAR","WR",25,2,5,0,0,0,NA,135,0,0,0,NA,114,106.8,8.91556263476903,NA,5.4,NA
2536031,"Damaris Johnson","FA","WR",26,3,NA,0,0,0,NA,135,0,0,0,NA,NA,NA,NA,NA,NA,NA
2536056,"Jeremy Stewart","FA","RB",26,3,NA,0,0,0,NA,119,0,6,0,NA,NA,NA,NA,NA,NA,NA
2536071,"Cooper Helfet","SEA","TE",26,4,9,0,0,0,0,82,0,5,0,NA,NA,NA,1.99390583176029,NA,NA,NA
2536342,"Brandon Bostick","FA","TE",26,3,NA,0,0,0,NA,82,0,5,0,NA,NA,NA,NA,NA,NA,NA
2537931,"Josh Gordon","CLE","WR",24,3,11,0,0,0,NA,135,0,0,0,NA,NA,NA,NA,NA,NA,NA
2539235,"Tavarres King","FA","WR",25,2,NA,0,0,0,NA,135,0,0,0,NA,NA,NA,NA,NA,NA,NA
2539246,"Chris Harper","FA","WR",26,2,NA,0,0,0,NA,135,0,0,0,NA,NA,NA,NA,NA,NA,NA
2539256,"Aaron Dobson","NE","WR",24,2,4,0,0,0,NA,135,0,0,0,NA,NA,NA,NA,NA,NA,NA
2539260,"Denard Robinson","JAC","RB",25,2,8,0,0,0,NA,119,0,6,0,NA,NA,NA,NA,NA,NA,NA
2539287,"Landry Jones","PIT","QB",26,2,11,0,0,0,0,58,0,8,0,NA,NA,NA,3.61663606214238,NA,NA,NA
2539308,"Matt Barkley","ARI","QB",25,2,9,0,0,0,0,58,0,8,0,NA,NA,NA,3.61663606214238,NA,NA,NA
2539335,"Geno Smith","NYJ","QB",25,2,5,0,0,0,NA,58,0,8,0,NA,NA,NA,NA,NA,NA,NA
2539341,"Montee Ball","FA","RB",25,2,NA,0,0,0,NA,119,0,6,0,NA,NA,NA,NA,NA,NA,NA
2539663,"Mike Gillislee","FA","RB",25,2,NA,0,0,0,NA,119,0,6,0,NA,NA,NA,NA,NA,NA,NA
2539964,"Marquise Goodwin","BUF","WR",25,2,8,0,0,0,NA,135,0,0,0,NA,110,107,8.9324848742574,NA,NA,NA
2540151,"Justin Hunter","TEN","WR",24,2,4,0,0,0,NA,135,0,0,0,NA,NA,NA,NA,NA,NA,NA
2540179,"DaRick Rogers","FA","WR",24,2,NA,0,0,0,NA,135,0,0,0,NA,NA,NA,NA,NA,NA,NA
2540181,"Josh Boyce","NE","WR",24,2,4,0,0,0,NA,135,0,0,0,NA,NA,NA,NA,NA,NA,NA
2540200,"Dion Sims","MIA","TE",24,2,5,0,0,0,NA,82,0,5,0,NA,NA,NA,NA,NA,NA,NA
2540204,"Spencer Ware","FA","RB",24,2,NA,0,0,0,NA,119,0,6,0,NA,NA,NA,NA,NA,NA,NA
2540233,"Nick Kasa","FA","TE",25,2,NA,0,0,0,NA,82,0,5,0,NA,NA,NA,NA,NA,NA,NA
2540267,"Ace Sanders","FA","WR",24,2,NA,0,0,0,NA,135,0,0,0,NA,NA,NA,NA,NA,NA,NA
2541096,"Ifeanyi Momah","ARI","TE",26,2,9,0,0,0,NA,82,0,5,0,NA,NA,NA,NA,NA,NA,NA
2541147,"Charles Johnson","MIN","WR",26,2,5,0,0,0,NA,135,0,0,0,NA,NA,NA,NA,NA,NA,NA
2541151,"Zach Sudfeld","NYJ","TE",26,2,5,0,0,0,NA,82,0,5,0,NA,NA,NA,NA,NA,NA,NA
2541185,"Ryan Griffin","TB","QB",26,2,6,0,0,0,NA,58,0,8,0,NA,NA,NA,NA,NA,NA,NA
2541314,"Justin Brown","FA","WR",24,2,NA,0,0,0,NA,135,0,0,0,NA,NA,NA,NA,NA,NA,NA
2541316,"Ryan Griffin","HOU","TE",25,2,9,0,0,0,NA,82,0,5,0,NA,NA,NA,NA,NA,NA,NA
2541390,"Kevin Dorsey","NE","WR",25,2,4,0,0,0,NA,135,0,0,0,NA,NA,NA,NA,NA,NA,NA
2541429,"B.J. Daniels","SEA","QB",26,2,9,0,0,0,NA,58,0,8,0,NA,NA,NA,NA,NA,0,NA
2541429,"B.J. Daniels","SEA","WR",26,2,9,0,0,0,NA,135,0,0,0,NA,NA,NA,NA,NA,0,NA
2541432,"Michael Cox","FA","RB",26,2,NA,0,0,0,NA,119,0,6,0,NA,NA,NA,NA,NA,NA,NA
2541512,"Brian Leonhardt","OAK","TE",25,2,6,0,0,0,NA,82,0,5,0,NA,NA,NA,NA,NA,NA,NA
2543471,"Kelvin Benjamin","CAR","WR",24,1,5,0,0,0,NA,135,0,0,0,NA,NA,NA,NA,NA,NA,NA
2543475,"Marqise Lee","JAC","WR",24,1,8,0,0,0,NA,135,0,0,0,NA,NA,NA,NA,NA,NA,NA
2543481,"Jace Amaro","NYJ","TE",23,1,5,0,0,0,NA,82,0,5,0,NA,NA,NA,NA,NA,NA,NA
2543533,"Patrick Murray","TB","K",24,1,6,0,0,0,NA,32,0,6,0,NA,NA,NA,NA,NA,NA,NA
2543559,"Lache Seastrunk","FA","RB",24,1,NA,0,0,0,NA,119,0,6,0,NA,NA,NA,NA,NA,NA,NA
2543570,"Storm Johnson","FA","RB",23,1,NA,0,0,0,NA,119,0,6,0,NA,NA,NA,NA,NA,NA,NA
2543572,"Martavis Bryant","PIT","WR",24,1,11,0,0,0,NA,135,0,0,0,NA,NA,NA,NA,NA,NA,NA
2543587,"Aaron Murray","KC","QB",25,1,9,0,0,0,0,58,0,8,0,NA,NA,NA,3.61663606214238,NA,NA,NA
2543605,"Zach Mettenberger","TEN","QB",24,1,4,0,0,0,NA,58,0,8,0,NA,NA,NA,NA,NA,NA,NA
2543619,"Walt Powell","FA","WR",24,1,NA,0,0,0,NA,135,0,0,0,NA,NA,NA,NA,NA,NA,NA
2543640,"Tom Savage","HOU","QB",25,1,9,0,0,0,NA,58,0,8,0,NA,NA,NA,NA,NA,NA,NA
2543655,"Tyler Gaffney","NE","RB",24,1,4,0,0,0,NA,119,0,6,0,NA,NA,NA,NA,NA,NA,NA
2543682,"Bishop Sankey","TEN","RB",23,1,4,0,0,0,NA,119,0,6,0,NA,NA,NA,NA,NA,NA,NA
2543689,"Kevin Norwood","CAR","WR",26,1,5,0,0,0,0,135,0,0,0,NA,129,110.6,5.59724881515733,NA,NA,NA
2543690,"Marion Grice","FA","RB",23,1,NA,0,0,0,NA,119,0,6,0,NA,NA,NA,NA,NA,NA,NA
2543745,"Jalen Saunders","FA","WR",23,1,NA,0,0,0,NA,135,0,0,0,NA,NA,NA,NA,NA,NA,NA
2543751,"David Fales","CHI","QB",25,1,7,0,0,0,0,58,0,8,0,NA,NA,NA,3.61663606214238,NA,NA,NA
2543767,"Logan Thomas","FA","QB",24,1,NA,0,0,0,0,58,0,8,0,NA,NA,NA,3.61663606214238,NA,NA,NA
2543774,"Jared Abbrederis","FA","WR",25,1,NA,0,0,0,NA,135,0,0,0,NA,NA,NA,NA,NA,NA,NA
2543777,"Robert Herron","FA","WR",23,1,NA,0,0,0,NA,135,0,0,0,NA,NA,NA,NA,NA,NA,NA
2543792,"Matt Hazel","MIA","WR",23,1,5,0,0,0,0,135,0,0,0,NA,NA,NA,1.95741244526666,NA,NA,NA
2543794,"Crockett Gillmore","BAL","TE",24,1,9,0,0,0,NA,82,0,5,0,NA,NA,NA,NA,NA,NA,NA
2543801,"Jimmy Garoppolo","NE","QB",24,1,4,0,0,0,NA,58,0,8,0,NA,NA,NA,NA,NA,NA,NA
2543836,"T.J. Jones","DET","WR",23,1,9,0,0,0,0,135,0,0,0,NA,NA,NA,1.95741244526666,NA,0,NA
2550158,"Nate Freese","FA","K",25,1,NA,0,0,0,NA,32,0,6,0,NA,NA,NA,NA,NA,NA,NA
2550182,"Isaiah Burse","DEN","WR",24,1,7,0,0,0,NA,135,0,0,0,NA,NA,NA,NA,NA,NA,NA
2550183,"Jeremy Butler","BAL","WR",24,1,9,0,0,0,NA,135,0,0,0,NA,NA,NA,NA,NA,NA,NA
2550233,"Rajion Neal","FA","RB",23,1,NA,0,0,0,NA,119,0,6,0,NA,NA,NA,NA,NA,NA,NA
2550252,"Connor Shaw","CLE","QB",24,1,11,0,0,0,NA,58,0,8,0,NA,NA,NA,NA,NA,NA,NA
2550284,"Trey Burton","PHI","TE",24,1,8,0,0,0,0,82,0,5,0,NA,NA,NA,1.99390583176029,NA,NA,NA
2550310,"Carey Spear","FA","K",23,1,NA,0,0,0,NA,32,0,6,0,NA,NA,NA,NA,NA,NA,NA
2550356,"Marcel Jensen","FA","TE",25,1,NA,0,0,0,NA,82,0,5,0,NA,NA,NA,NA,NA,NA,NA
2550359,"Seantavius Jones","NO","WR",23,1,11,0,0,0,NA,135,0,0,0,NA,NA,NA,NA,NA,NA,NA
2550376,"Stephen Morris","FA","QB",23,1,NA,0,0,0,NA,58,0,8,0,NA,NA,NA,NA,NA,NA,NA
2550380,"Cody Parkey","PHI","K",23,1,8,0,0,0,NA,32,0,6,0,NA,NA,NA,NA,NA,NA,NA
2550407,"Zurlon Tipton","IND","RB",25,1,10,0,0,0,NA,119,0,6,0,NA,97,94.5,9.75537302160781,NA,NA,NA
2550410,"Dustin Vaughan","DAL","QB",24,1,6,0,0,0,NA,58,0,8,0,NA,NA,NA,NA,NA,NA,NA
2550474,"Antonio Andrews","TEN","RB",23,1,4,0,0,0,NA,119,0,6,0,NA,NA,NA,NA,NA,NA,NA
2550485,"Gator Hoskins","FA","TE",24,1,NA,0,0,0,NA,82,0,5,0,NA,NA,NA,NA,NA,NA,NA
2550500,"Solomon Patton","DEN","WR",25,1,7,0,0,0,NA,135,0,0,0,NA,NA,NA,NA,NA,NA,NA
2550529,"Silas Redd","WAS","RB",23,1,8,0,0,0,NA,119,0,6,0,NA,NA,NA,NA,NA,NA,NA
2550545,"Chris Boswell","FA","K",26,1,NA,0,0,0,NA,32,NA,6,0,NA,NA,NA,NA,NA,NA,NA
2550596,"Darrin Reaves","CAR","RB",22,1,5,0,0,0,NA,119,0,6,0,NA,NA,NA,NA,NA,NA,NA
2550608,"RaShaun Allen","SEA","TE",25,1,9,0,0,0,NA,82,0,5,0,NA,NA,NA,NA,NA,NA,NA
2550738,"Fitzgerald Toussaint","BAL","RB",25,1,9,0,0,0,0,119,0,6,0,NA,NA,NA,1.72326496745749,NA,NA,NA
2551247,"Josh Harris","PIT","RB",24,1,11,0,0,0,NA,119,0,6,0,NA,NA,NA,NA,NA,NA,NA
2551359,"Jerome Cunningham","NYG","TE",24,1,11,0,0,0,0,82,0,5,0,NA,NA,NA,1.99390583176029,NA,NA,NA
2552369,"Bryce Petty","NYJ","QB",24,0,5,0,0,0,0,58,0,8,0,NA,NA,NA,3.61663606214238,NA,NA,NA
2552371,"Garrett Grayson","NO","QB",24,0,11,0,0,0,0,58,0,8,0,NA,NA,NA,3.61663606214238,NA,NA,NA
2552376,"David Cobb","TEN","RB",22,0,4,0,0,0,NA,119,0,6,0,NA,NA,NA,NA,NA,NA,NA
2552382,"Malcolm Brown","STL","RB",22,0,6,0,0,0,NA,119,0,6,0,NA,NA,NA,NA,NA,NA,NA
2552383,"Terrence Magee","BAL","RB",22,0,9,0,0,0,NA,119,0,6,0,NA,NA,NA,NA,NA,NA,NA
2552396,"Ben Koyack","JAC","TE",22,0,8,0,0,0,NA,82,0,5,0,NA,NA,NA,NA,NA,NA,NA
2552399,"Jeff Heuerman","DEN","TE",23,0,7,0,0,0,NA,82,0,5,0,NA,NA,NA,NA,NA,NA,NA
2552403,"Nick OLeary","BUF","TE",23,0,8,0,0,0,0,82,0,5,0,NA,NA,NA,1.99390583176029,NA,NA,NA
2552408,"Darren Waller","BAL","WR",23,0,9,0,0,0,NA,135,0,0,0,NA,127,126,10.5400976256523,NA,1.7,NA
2552411,"Dezmin Lewis","BUF","WR",23,0,8,0,0,0,NA,135,0,0,0,NA,NA,NA,NA,NA,NA,NA
2552420,"Keith Mumphery","HOU","WR",23,0,9,0,0,0,0,135,0,0,0,NA,124,114,5.74108785080845,NA,5.6,NA
2552421,"Kenny Bell","TB","WR",23,0,6,0,0,0,NA,135,0,0,0,NA,NA,NA,NA,NA,NA,NA
2552425,"Rashad Greene","JAC","WR",23,0,8,0,0,0,NA,135,0,0,0,NA,NA,NA,NA,NA,NA,NA
2552427,"Tony Lippett","MIA","WR",23,0,5,0,0,0,0,135,0,0,0,NA,NA,NA,1.95741244526666,NA,NA,NA
2552428,"Tre McBride","TEN","WR",23,0,4,0,0,0,NA,135,0,0,0,NA,NA,NA,NA,NA,NA,NA
2552431,"Vince Mayle","CLE","WR",NA,NA,11,0,0,0,NA,135,0,0,0,NA,NA,NA,NA,NA,NA,NA
2552453,"Tevin Coleman","ATL","RB",22,0,10,0,0,0,NA,119,0,6,0,NA,75,70.1,7.13101933007063,NA,NA,NA
2552462,"Gerald Christian","ARI","TE",24,0,9,0,0,0,NA,82,0,5,0,NA,NA,NA,NA,NA,NA,NA
2552464,"Jalston Fowler","TEN","RB",NA,NA,4,0,0,0,NA,119,0,6,0,NA,NA,NA,NA,NA,NA,NA
2552466,"Marcus Mariota","TEN","QB",22,0,4,0,0,0,NA,58,0,8,0,NA,NA,NA,NA,NA,NA,NA
2552476,"Kenny Hilliard","HOU","RB",24,0,9,0,0,0,NA,119,0,6,0,NA,NA,NA,NA,NA,NA,NA
2552478,"Blake Bell","SF","TE",24,0,10,0,0,0,0,82,0,5,0,NA,47,40,4.86184316120234,NA,NA,NA
2552479,"DaRon Brown","KC","WR",24,0,9,0,0,0,NA,135,0,0,0,NA,NA,NA,NA,NA,NA,NA
2552491,"Dorial Green-Beckham","TEN","WR",22,0,4,0,0,0,NA,135,0,0,0,NA,NA,NA,NA,NA,NA,NA
2552559,"C.J. Uzomah","CIN","TE",22,0,7,0,0,0,NA,82,0,5,0,NA,NA,NA,NA,NA,NA,NA
2552576,"Sean Mannion","STL","QB",23,0,6,0,0,0,0,58,0,8,0,NA,NA,NA,3.61663606214238,NA,NA,NA
2552578,"Tyler Varga","IND","RB",22,0,10,0,0,0,NA,119,0,6,0,NA,NA,NA,NA,NA,NA,NA
2552580,"A.J. Derby","NE","TE",24,0,4,0,0,0,NA,82,0,5,0,NA,NA,NA,NA,NA,NA,NA
2552582,"Jay Ajayi","MIA","RB",22,0,5,0,0,0,NA,119,0,6,0,NA,NA,NA,NA,NA,NA,NA
2552588,"Brett Hundley","GB","QB",22,0,7,0,0,0,0,58,0,8,0,NA,NA,NA,3.61663606214238,NA,NA,NA
2552597,"Breshad Perriman","BAL","WR",22,0,9,0,0,0,NA,135,0,0,0,NA,NA,NA,NA,NA,NA,NA
2552616,"Duron Carter","FA","WR",24,0,NA,0,0,0,NA,135,0,0,0,NA,NA,NA,NA,NA,NA,NA
2552634,"Joey Iosefa","TB","RB",NA,NA,6,0,0,0,NA,119,0,6,0,NA,NA,NA,NA,NA,NA,NA
2552647,"Marcus Murphy","NO","RB",24,0,11,0,0,0,0,119,0,6,0,NA,NA,NA,1.72326496745749,NA,NA,NA
2552650,"Mario Alford","CIN","WR",NA,NA,7,0,0,0,0,135,0,0,0,NA,NA,NA,1.95741244526666,NA,NA,NA
2552651,"Kaelin Clay","TB","WR",23,0,6,0,0,0,NA,135,0,0,0,NA,NA,NA,NA,NA,NA,NA
2553292,"Kennard Backman","GB","TE",22,0,7,0,0,0,0,82,0,5,0,NA,48,44.7,5.36556783216138,NA,NA,NA
2553352,"Bud Sasser","FA","WR",NA,NA,NA,0,0,0,NA,135,0,0,0,NA,NA,NA,NA,NA,NA,NA
2553432,"Kevin White","CHI","WR",22,0,7,0,0,0,NA,135,0,0,0,NA,NA,NA,NA,NA,NA,NA
2553453,"Andre Debose","FA","WR",NA,NA,NA,0,0,0,NA,135,0,0,0,NA,NA,NA,NA,NA,NA,NA
2553454,"Geoff Swaim","DAL","TE",NA,NA,6,0,0,0,NA,82,0,5,0,NA,NA,NA,NA,NA,NA,NA
2553457,"Trevor Siemian","DEN","QB",NA,NA,7,0,0,0,0,58,NA,8,0,NA,NA,NA,3.61663606214238,NA,NA,NA
2553465,"Rory Anderson","SF","TE",23,0,10,0,0,0,NA,82,0,5,0,NA,NA,NA,NA,NA,NA,NA
2553502,"DeAndre Carter","BAL","WR",22,0,9,0,0,0,NA,135,0,0,0,NA,NA,NA,NA,NA,NA,NA
2553511,"John Crockett","GB","RB",23,0,7,0,0,0,NA,119,0,6,0,NA,NA,NA,NA,NA,NA,NA
2553599,"Jaxon Shipley","FA","WR",23,0,NA,0,0,0,NA,135,0,0,0,NA,NA,NA,NA,NA,NA,NA
2553650,"Corey Grant","JAC","RB",NA,NA,8,0,0,0,0,119,0,6,0,NA,90,79.8,4.94878622269666,NA,NA,NA
2553653,"Josh Harper","OAK","WR",24,0,6,0,0,0,NA,135,0,0,0,NA,NA,NA,NA,NA,NA,NA
2553682,"Wes Saxton","NYJ","TE",22,0,5,0,0,0,NA,82,0,5,0,NA,NA,NA,NA,NA,NA,NA
2553703,"Devante Davis","PHI","WR",23,0,8,0,0,0,NA,135,NA,0,0,NA,NA,NA,NA,NA,NA,NA
2553791,"E.J. Bibbs","CLE","TE",24,0,11,0,0,0,0,82,NA,5,0,NA,NA,NA,1.99390583176029,NA,NA,NA
2553797,"Michael Dyer","OAK","RB",25,0,6,0,0,0,NA,119,NA,6,0,NA,NA,NA,NA,NA,NA,NA
