"playerId","player","team","position","age","exp","bye","points","lower","upper","sdPts","positionRank","dropoff","tier","ptSpread","overallECR","positionECR","sdRank","risk","sleeper","actualPoints","salary"
2504211,"Tom Brady","NE","QB",40,17,9,21.0325333333333,19.31808,22.96,2.32245134574082,1,2.2291,1,3.64192,NA,1.2,0.6,5.42530244519329,NA,25.6,NA
2532975,"Russell Wilson","SEA","QB",29,5,6,19.0398,17.32588,21.02988,2.39096510221291,2,0.555300000000003,1,3.704,NA,2.6,1,6.10096665140578,NA,26.92,NA
2555259,"Carson Wentz","PHI","QB",25,1,10,18.5670666666667,16.83296,20.88,2.82282939855269,3,0.179966666666669,1,4.04704,NA,3,1.1,6.82311204587905,NA,16.02,NA
2506340,"Alex Smith","KC","QB",33,12,10,18.4019333333333,16.87064,20.306,2.2937770626923,4,0.269300000000001,2,3.43536,NA,3.7,1.2,6.26346020055183,NA,5.9,NA
2504775,"Drew Brees","NO","QB",38,16,5,18.3722666666667,17.56336,19.49936,1.39236324762374,5,1.10366666666667,2,1.936,NA,5.9,2,6.22957871719864,NA,20.6,NA
2555260,"Dak Prescott","DAL","QB",24,1,6,17.893,16.0608,19.9768,2.50738648795913,6,1.3416,2,3.916,NA,6.5,1.9,7.57087577792785,NA,-5.2,NA
79860,"Matthew Stafford","DET","QB",29,8,7,16.6442,15.58208,18.012,1.6566384397327,7,0.245233333333335,2,2.42992,NA,8.6,1.9,6.43603591415585,NA,17.26,NA
2540175,"LeVeon Bell","PIT","RB",25,4,9,16.639,15.3356,18.322,2.03942957711219,1,0.404499999999999,1,2.9864,NA,1.4,1,5.10221909963616,NA,10.3,NA
2532820,"Kirk Cousins","WAS","QB",29,5,5,16.4586,15.55364,17.305,1.10191827283152,8,0.741500000000002,3,1.75136,NA,8.9,1.6,5.25787340446792,NA,25.98,NA
2552475,"Todd Gurley","LAR","RB",23,2,8,16.3983333333333,14.887,18.279,2.26579088473172,2,0.842166666666666,1,3.392,NA,4,1.5,5.62018194533497,NA,11.6,NA
310,"Matt Ryan","ATL","QB",32,9,5,16.3393333333333,15.0766,17.4886,1.52738545669826,9,1.3948,3,2.412,NA,12.2,1.9,6.26362125159538,NA,17,NA
2557917,"Kareem Hunt","KC","RB",22,0,10,16.0706666666667,14.2756,17.898,2.26507755569944,3,1.1935,1,3.6224,NA,2.4,1.4,5.57979711777597,NA,7.7,NA
2543499,"Derek Carr","OAK","QB",26,3,10,15.0948666666667,13.81692,16.04092,1.56475015684081,10,0.524433333333333,4,2.224,NA,6.8,1.8,6.16739533064426,NA,10.48,NA
2552469,"Melvin Gordon","LAC","RB",24,2,9,15.0416666666667,14.179,15.659,1.06665755204439,4,0.612833333333334,1,1.48,NA,6.3,1.8,4.03730607272792,NA,14,NA
2506109,"Ben Roethlisberger","PIT","QB",35,13,9,14.7942,13.682,15.67608,1.34235722518263,11,0.552266666666663,4,1.99408,NA,9.3,1.9,6.01680621218986,NA,28.96,NA
2495466,"Mark Ingram","NO","RB",28,6,5,14.7126666666667,14.2004,15.426,0.88105694102784,5,0.817833333333333,2,1.2256,NA,3.8,1.5,3.65590900661062,NA,21.5,NA
2555334,"Jared Goff","LAR","QB",23,1,8,14.3466666666667,12.953,16.021,2.01148162639715,12,0.373333333333335,4,3.068,NA,11.7,2.3,7.49364404869214,NA,9.8,NA
79607,"LeSean McCoy","BUF","RB",29,8,6,14.145,11.315,16.867,3.47786931899403,6,0.964166666666667,2,5.552,NA,6.1,1.8,7.4576584406957,NA,24.6,NA
2506581,"Ryan Fitzpatrick","TB","QB",35,12,1,14.1372,12.92332,15.51132,1.65428731482775,13,0.370033333333335,4,2.588,NA,17.2,2.2,6.87110332039627,NA,19.9,NA
2508061,"Antonio Brown","PIT","WR",29,7,9,13.8233333333333,11.578,16.778,3.59458388876005,1,1.851,1,5.2,NA,1.1,0.6,5.04161001736672,NA,32.4,NA
2543477,"Blake Bortles","JAC","QB",26,3,8,13.8094666666667,12.30872,15.614,2.16797644206143,14,0.132699999999998,4,3.30528,NA,14.7,2.1,7.41026169339479,NA,7.56,NA
2495441,"Blaine Gabbert","ARI","QB",28,6,8,13.7248666666667,12.37768,15.502,2.16322468859186,15,0.267433333333333,4,3.12432,NA,21.6,2.5,7.98819470704713,NA,17.58,NA
2558019,"Alvin Kamara","NO","RB",21,0,5,13.6446666666667,12.5438,14.7638,1.3880635191998,7,1.05,2,2.22,NA,7.7,1.5,4.37510803093336,NA,17.6,NA
2495824,"Jay Cutler","MIA","QB",34,11,1,13.6286666666667,13.0512,14.4032,0.946607275132267,16,0.6332,5,1.352,NA,16.4,1.8,5.34283489217816,NA,-1.58,NA
2506121,"Philip Rivers","LAC","QB",36,13,9,13.2862,12.118,14.47688,1.47510315571488,17,0.611000000000001,5,2.35888,NA,13.2,3.2,8.0927626965477,NA,18.04,NA
2555418,"Jordan Howard","CHI","RB",23,1,9,12.717,10.9892,14.3372,2.10542798499498,8,0.496833333333331,3,3.348,NA,8.7,1.8,5.51082281597615,NA,18.5,NA
2532888,"Case Keenum","MIN","QB",29,5,9,12.7047333333333,12.64,12.76336,0.0782254008192572,18,0.225366666666666,6,0.12336,NA,17.9,1.9,4.33054058943457,NA,17.2,NA
100015,"Jaguars","JAC","DST",NA,NA,8,12.695,11.651,13.739,1.84554869889689,1,0.682500000000001,1,2.088,NA,1.1,0.3,2.12520290788622,NA,25,NA
2552466,"Marcus Mariota","TEN","QB",24,2,8,12.6456666666667,11.359,13.7446,1.54540814457972,19,0.769766666666666,6,2.3856,NA,15,2.2,6.72586593432237,NA,10.74,NA
2557973,"Leonard Fournette","JAC","RB",21,0,8,12.4723333333333,10.8776,14.176,2.07494730856794,9,0.727666666666668,3,3.2984,NA,5.5,1.9,5.50695831964679,NA,11.8,NA
2505996,"Eli Manning","NYG","QB",36,13,8,12.3130666666667,9.44684,14.81084,3.4461023219477,20,1.2172,6,5.364,NA,16.9,3,10.4298053710882,NA,8.7,NA
100002,"Ravens","BAL","DST",NA,NA,10,12.22,7.836,12.604,4.21435641587182,2,0.545,1,4.768,NA,3.3,2.1,6.48540875703322,NA,26,NA
2495454,"Julio Jones","ATL","WR",28,6,5,12.1986666666667,10.9472,13.8112,1.95325506100287,2,0.675999999999998,1,2.864,NA,5,2.6,4.03861671752989,NA,7.1,NA
2552453,"Tevin Coleman","ATL","RB",24,2,5,11.968,10.6358,13.0958,1.5999209355465,10,0.519333333333332,3,2.46,NA,10.6,2.2,4.95124272723711,NA,11.8,NA
497240,"Rob Gronkowski","NE","TE",28,7,9,11.936,10.7224,13.428,1.79521391483021,1,1.21683333333333,1,2.7056,NA,1.9,0.6,4.83458043496274,NA,3.7,NA
100013,"Texans","HOU","DST",NA,NA,7,11.805,11.089,12.521,1.26572113832392,3,0.282499999999999,1,1.432,NA,10.5,3.2,5.29214182224407,NA,6,NA
2543498,"Brandin Cooks","NE","WR",24,3,9,11.746,9.466,14.778,3.69772903279837,3,0.449666666666666,1,5.312,NA,7.7,3.6,6.44773560466636,NA,20.9,NA
100027,"Steelers","PIT","DST",NA,NA,9,11.545,6.941,12.149,4.60326514552442,4,0.0499999999999989,1,5.208,NA,8.9,2.6,7.4604392175707,NA,17,NA
2540011,"Chris Thompson","WAS","RB",27,4,5,11.5213333333333,9.6012,13.518,2.45360150255361,11,0.281833333333335,3,3.9168,NA,15.5,3.5,6.67405420229032,NA,9.3,NA
100006,"Bengals","CIN","DST",NA,NA,6,11.5,10.38,12.62,1.97989898732233,5,0.0249999999999986,1,2.24,NA,8.4,2.7,5.28510410498461,NA,11,NA
100009,"Broncos","DEN","DST",NA,NA,5,11.49,7.802,11.178,2.98399061660723,6,0.0749999999999993,2,3.376,NA,6.3,3,6.54647628526416,NA,6,NA
100028,"Chargers","LAC","DST",NA,NA,9,11.46,11.012,11.908,0.791959594928933,7,0.2575,2,0.895999999999999,NA,10.8,4.6,6.65090405877182,NA,25,NA
2495143,"Andy Dalton","CIN","QB",30,6,6,11.4387333333333,10.186,12.84696,1.69683140392124,21,0.849333333333334,7,2.66096,NA,21.1,1.7,6.19751482235442,NA,18.56,NA
2543715,"Jerick McKinnon","MIN","RB",25,3,9,11.376,8.6686,15.0566,4.51438511870664,12,0.528,3,6.388,NA,14,2.5,9.20358763326567,NA,6,NA
100026,"Cardinals","ARI","DST",NA,NA,8,11.37,11.314,11.426,0.0989949493661158,8,0.3475,2,0.112,NA,4.2,2.9,3.88805276314789,NA,5,NA
2540165,"DeAndre Hopkins","HOU","WR",25,4,7,11.2993333333333,9.0456,13.4696,2.77089901175292,4,0.0841666666666665,1,4.424,NA,8.9,3.8,5.48201780326099,NA,13.6,NA
2543468,"Mike Evans","TB","WR",24,3,1,11.2933333333333,8.9,14.58,4.04268887416943,5,0.331166666666666,1,5.68,NA,4.2,3.6,6.83915521756602,NA,9.2,NA
2556370,"Michael Thomas","NO","WR",23,1,5,11.137,9.3726,13.2526,2.54141456673247,6,0.384166666666669,1,3.88,NA,5.7,3,4.8778690254624,NA,9.1,NA
2540258,"Travis Kelce","KC","TE",28,4,10,11.1336666666667,8.6254,14.0014,3.44895655718267,2,1.09683333333333,1,5.376,NA,1.3,0.5,7.81754836717208,NA,10.9,NA
2507164,"Adrian Peterson","ARI","RB",32,10,8,11.103,9.3668,13.3308,2.69644896113388,13,0.688333333333331,3,3.964,NA,13.7,3.5,7.01853820464768,NA,3.9,NA
100016,"Chiefs","KC","DST",NA,NA,10,11.035,10.263,11.807,1.36471608769004,9,0.0725000000000016,2,1.544,NA,5.9,3.4,5.63251335295762,NA,6,NA
100010,"Lions","DET","DST",NA,NA,7,11.01,7.098,10.922,3.3799704140717,10,0.1525,2,3.824,NA,6.5,2.8,6.64046047268817,NA,9,NA
100031,"Buccaneers","TB","DST",NA,NA,1,10.915,7.567,10.263,2.38294985259867,11,0.354999999999999,2,2.696,NA,18.8,3.4,6.52604511598348,NA,21,NA
2506922,"Stephen Gostkowski","NE","K",33,11,9,10.8339583333333,9.139625,12.390625,2.05361973998555,1,1.05657641700405,1,3.251,NA,1.6,0.9,4.03838819012097,NA,20,NA
100019,"Dolphins","MIA","DST",NA,NA,1,10.8,6.4,11.2,4.24264068711929,12,1.8725,2,4.8,NA,14.9,3.3,8.03123140630018,NA,1,NA
2530747,"Doug Baldwin","SEA","WR",29,6,6,10.7873333333333,8.4334,13.8054,3.65244251608883,7,0.0851666666666659,1,5.372,NA,4.7,2.5,5.92368397373416,NA,10,NA
382,"Joe Flacco","BAL","QB",32,9,10,10.753,10.292,11.3472,0.719796499018993,22,0.423166666666667,7,1.0552,NA,21.1,1.9,5.18635267057762,NA,8.22,NA
2556214,"Tyreek Hill","KC","WR",23,1,10,10.7183333333333,8.7768,13.4288,3.35038510224322,8,0.120833333333334,1,4.652,NA,5.9,3.4,5.9676715639881,NA,6.8,NA
71269,"Michael Crabtree","OAK","WR",30,8,10,10.686,8.2786,14.0426,4.14745138609243,9,0.2255,1,5.764,NA,9.5,3.5,6.91505769803892,NA,5.1,NA
2552582,"Jay Ajayi","PHI","RB",24,2,10,10.593,9.2528,12.3528,2.13990817560007,14,0.437333333333335,4,3.1,NA,13.1,4.8,6.74092233912595,NA,10.1,NA
2533039,"Alshon Jeffery","PHI","WR",27,5,10,10.509,8.1896,13.408,3.49457908767279,10,0.147500000000001,1,5.2184,NA,16.8,4.4,6.56098206512568,NA,12.7,NA
2533436,"Brock Osweiler","DEN","QB",27,5,5,10.4258,7.80848,13.00448,3.24857736863385,23,0.280166666666666,7,5.196,NA,25.4,2,8.70564173563313,NA,13.56,NA
2552608,"Stefon Diggs","MIN","WR",24,2,9,10.412,8.3494,13.1054,3.27123111381633,11,0.127500000000001,1,4.756,NA,15.1,4.2,6.22161396510886,NA,3.2,NA
100017,"Rams","LAR","DST",NA,NA,8,10.32,7.024,9.616,2.29102597104441,13,2.86,2,2.592,NA,13.5,3.9,7.07913002175874,NA,NA,NA
2541785,"Adam Thielen","MIN","WR",27,3,9,10.311,7.467,13.075,3.5092769910624,12,0.0541666666666671,1,5.608,NA,11.5,2.9,5.93311516595471,NA,18.3,NA
2540158,"Zach Ertz","PHI","TE",27,4,10,10.3046666666667,8.9012,12.106,2.18037389759952,3,0.967333333333332,1,3.2048,NA,2.9,0.6,5.53968797466125,NA,0.8,NA
2556601,"Wil Lutz","NO","K",23,1,5,10.3023076923077,8.43646153846154,12.1681538461538,3.29838117008863,2,1.1750883367292,1,3.73169230769231,NA,5.3,2.4,8.44295298907771,NA,17,NA
497278,"Dez Bryant","DAL","WR",29,7,6,10.258,8.1178,12.9538,3.25307500682047,13,0.0121666666666655,2,4.836,NA,14.6,4.5,6.32992143127215,NA,6.3,NA
2552409,"DeVante Parker","MIA","WR",24,2,1,10.2556666666667,8.8834,12.1554,2.34226094475687,14,0.120166666666666,2,3.272,NA,20.7,3,4.65189305877761,NA,2.6,NA
2533034,"Lamar Miller","HOU","RB",26,5,7,10.2363333333333,9.102,11.1892,1.36238039230361,15,0.186833333333334,4,2.0872,NA,14,2.9,4.88989738287785,NA,14.3,NA
497326,"Golden Tate","DET","WR",29,7,7,10.236,8.0284,12.8924,3.19151421742094,15,0.201666666666666,2,4.864,NA,12.7,3.2,5.70146443578281,NA,3.2,NA
2558008,"Mitchell Trubisky","CHI","QB",23,0,9,10.2338666666667,9.584,10.84928,0.794310300407425,24,0.291966666666667,7,1.26528,NA,NA,NA,5.29739906730071,NA,13.46,NA
2558204,"Jamaal Williams","GB","RB",NA,0,8,10.075,6.953,12.777,3.7518628706284,16,0.0736666666666643,4,5.824,NA,25.9,4.8,9.02751248179595,NA,9.5,NA
2557983,"DeShone Kizer","CLE","QB",21,0,9,10.0574,7.41044,12.89844,3.45564238311779,25,0.691800000000001,7,5.488,NA,27.9,1.6,8.39758081166405,NA,1.36,NA
2506106,"Larry Fitzgerald","ARI","WR",34,13,8,10.035,8.06,12.448,2.90182270306096,16,0.0086666666666666,2,4.388,NA,17.7,3.2,5.37275678111662,NA,15.1,NA
2540154,"Keenan Allen","LAC","WR",25,4,9,10.0336666666667,8.6976,11.852,2.23092723622563,17,0.0158333333333331,2,3.1544,NA,22.2,3.2,4.61150398461402,NA,27.9,NA
2495207,"DeMarco Murray","TEN","RB",29,6,8,10.024,8.6854,11.8254,2.20349563194484,17,0.0498333333333356,4,3.14,NA,15.3,3.1,6.16178217260081,NA,4.7,NA
2552487,"Amari Cooper","OAK","WR",23,2,10,10.019,7.306,13.606,4.36858958932972,18,0.0396666666666672,2,6.3,NA,15.4,4,7.38082727999466,NA,8.8,NA
2543488,"Jarvis Landry","MIA","WR",25,3,1,10.0166666666667,8.1126,12.675,3.2860091803483,19,0.0909999999999993,2,4.5624,NA,20.2,3.2,5.80868613922222,NA,12.5,NA
2550481,"Orleans Darkwa","NYG","RB",25,3,8,9.97866666666667,9.246,10.9868,1.24074184798182,18,0.00983333333333469,4,1.7408,NA,17.9,3.2,4.83546953021444,NA,15,NA
2555230,"Kenyan Drake","MIA","RB",NA,1,1,9.96966666666667,7.6098,12.3298,2.95000005649717,19,0.0159999999999982,4,4.72,NA,21.3,3.9,7.5356973549165,NA,1.4,NA
2533457,"Alfred Morris","DAL","RB",29,5,6,9.968,8.4918,11.9358,2.40126779014753,20,0.3325,4,3.444,NA,27.2,4.7,7.07229325091757,NA,9.1,NA
497322,"Emmanuel Sanders","DEN","WR",30,7,5,9.942,8.3302,12.0862,2.61522981781716,20,0.0521666666666665,2,3.756,NA,24.8,3.4,5.13350432960079,NA,1.5,NA
2557976,"Joe Mixon","CIN","RB",21,0,6,9.93933333333333,8.5026,11.6426,2.04558215022847,21,0.8415,4,3.14,NA,19.1,4,6.29213532786147,NA,4.9,NA
2558149,"JuJu Smith-Schuster","PIT","WR",21,0,9,9.90933333333333,8.554,11.786,2.313959449371,21,0.216666666666667,2,3.232,NA,18.5,3.9,5.00650647494397,NA,4.7,NA
2543475,"Marqise Lee","JAC","WR",26,3,8,9.87033333333333,7.4834,12.8994,3.65937786151326,22,0.359833333333333,2,5.416,NA,26.2,3.2,6.23234074223219,NA,4.5,NA
2558191,"Nathan Peterman","BUF","QB",23,0,6,9.8264,8.893,10.58436,1.12327106256682,26,1.50266666666667,8,1.69136,NA,24.5,2.6,6.74703539104149,NA,NA,NA
2557858,"Evan Engram","NYG","TE",23,0,8,9.769,7.751,12.407,3.20468017124954,4,1.24966666666667,1,4.656,NA,4.2,0.7,7.45939053479568,NA,0.9,NA
2540169,"Robert Woods","LAR","WR",25,4,8,9.515,6.5786,12.3386,3.60827424124054,23,0.0368333333333339,2,5.76,NA,23.8,3,6.08841515499002,NA,8.1,NA
2552415,"Jamison Crowder","WAS","WR",24,2,5,9.506,6.2454,12.8494,4.13139117005398,24,0.196,2,6.604,NA,31.9,3.3,6.81089521964311,NA,7.2,NA
497328,"Demaryius Thomas","DEN","WR",30,7,5,9.45033333333333,7.6328,11.856,2.93059214721758,25,0.295499999999999,2,4.2232,NA,22.7,3,5.31946169693759,NA,12.4,NA
2555430,"Alex Collins","BAL","RB",23,1,10,9.33166666666667,7.741,11.429,2.55271587399251,22,0.506500000000001,4,3.688,NA,28.1,3.6,6.85402288682085,NA,13.1,NA
2506677,"Matt Prater","DET","K",33,11,7,9.25245614035088,7.488,11.2778947368421,2.43514663839939,3,0.308938975030644,1,3.7898947368421,NA,7.1,2.3,6.84088838467752,NA,11,NA
80429,"Jeremy Maclin","BAL","WR",29,8,10,9.16966666666667,6.9012,12.222,3.73351983165127,26,0.0786666666666669,2,5.3208,NA,28.3,4.2,6.74616450485761,NA,3.4,NA
2555295,"Sterling Shepard","NYG","WR",NA,1,8,9.14,4.0652,14.3052,6.40299203497865,27,0.241666666666667,2,10.24,NA,12.8,3.7,9.56031759994243,NA,0,NA
2532884,"Marvin Jones","DET","WR",27,5,7,9.042,7.2122,11.2162,2.61122519136133,28,0.443666666666667,2,4.004,NA,25.6,3.2,5.04302110786555,NA,14.5,NA
2536340,"Justin Tucker","BAL","K",28,5,10,9.0019825708061,7.42711111111111,11.1154248366013,2.58332697128388,4,0.141880933313159,1,3.68831372549019,NA,5.3,2.2,6.93489776618954,NA,11,NA
2495826,"Vernon Davis","WAS","TE",33,11,5,8.90566666666667,7.6396,10.618,2.09731169198413,5,1.24533333333333,2,2.9784,NA,8.9,2.9,6.41153962708158,NA,6.7,NA
2552588,"Brett Hundley","GB","QB",24,2,8,8.9048,6.397,10.88452,3.02878492468514,27,4.65341666666667,8,4.48752,NA,24.2,2,8.41245360823296,NA,-0.539999999999999,NA
2558245,"Harrison Butker","KC","K",22,0,10,8.88505175983437,8.01331677018634,9.89217391304348,1.21031703813225,5,0.194142668925277,2,1.87885714285714,NA,2.6,2.1,4.4779744610101,NA,9,NA
2550189,"Isaiah Crowell","CLE","RB",24,3,9,8.864,8.024,9.5296,1.01392948472761,23,0.200666666666665,5,1.5056,NA,20.8,3.2,4.51373163295695,NA,1.8,NA
2558172,"Jake Elliott","PHI","K",22,0,10,8.83515151515152,7.63709090909091,9.74909090909091,1.45629591640684,6,0.369662004662004,2,2.112,NA,3.6,2.3,5.19942225261444,NA,1,NA
2495469,"Dion Lewis","NE","RB",27,6,9,8.78633333333333,7.7808,10.1608,1.68839578693307,24,0.313833333333333,5,2.38,NA,22.3,3.8,5.70671337845195,NA,14.8,NA
2495450,"A.J. Green","CIN","WR",29,6,6,8.75466666666667,7.886,9.8172,1.27789879620154,29,0.336166666666665,2,1.9312,NA,8.8,3.7,3.74496818528715,NA,11,NA
2550545,"Chris Boswell","PIT","K",28,3,9,8.54666666666667,8.027,9.055,0.642968376619981,7,0.361440314071892,2,1.028,NA,8.6,2.5,4.14448517811232,NA,19,NA
2532899,"Doug Martin","TB","RB",28,5,1,8.54033333333333,6.888,9.7928,2.01135286146746,25,0.691833333333334,5,2.9048,NA,18.9,3.7,6.12546152562992,NA,4.4,NA
2543495,"Davante Adams","GB","WR",25,3,8,8.442,6.483,10.455,2.48525149632789,30,0.308,2,3.972,NA,29.6,3.2,4.90008106374462,NA,12.6,NA
2552374,"Ameer Abdullah","DET","RB",24,2,7,8.40466666666667,5.9888,10.5088,2.90450431800907,26,1.30416666666667,5,4.52,NA,24,3.3,7.23492299928266,NA,9.5,NA
2532903,"Rishard Matthews","TEN","WR",28,5,8,8.395,5.858,11.15,3.34100658484835,31,0.581166666666668,2,5.292,NA,33.9,4,6.21484766846152,NA,17.3,NA
2534797,"Greg Zuerlein","LAR","K",30,5,8,8.38431235431235,7.25829370629371,9.37146853146853,1.35452097037584,8,0.515968206271019,2,2.11317482517483,NA,6.1,3.2,6.41906327476422,NA,1,NA
497236,"Jimmy Graham","SEA","TE",31,7,6,8.133,6.5278,10.1118,2.38156818084219,6,1.05733333333333,2,3.584,NA,4.9,0.6,5.90801182034906,NA,11.8,NA
2553833,"Josh Lambo","JAC","K",27,2,8,7.98614035087719,7.54232748538012,8.42840935672515,0.553811256754933,9,0.252171739579814,2,0.88608187134503,NA,13,3.4,5.38528543715731,NA,7,NA
2557898,"Cooper Kupp","LAR","WR",24,0,8,7.873,5.4176,10.6616,3.3559533667797,32,0.300333333333334,2,5.244,NA,36.9,2.7,5.67320241266687,NA,3.4,NA
2533040,"Mohamed Sanu","ATL","WR",28,5,5,7.75466666666667,5.7342,10.1382,2.86254263432588,33,0.3925,2,4.404,NA,36.5,2.9,5.19927753848891,NA,9.4,NA
2504797,"Matt Bryant","ATL","K",42,15,5,7.75054794520548,7.33991780821918,8.30539726027397,0.67942433935961,10,0.0868533065108421,3,0.965479452054796,NA,12.2,3.2,5.28697210827126,NA,11,NA
2543640,"Tom Savage","HOU","QB",27,3,7,7.74266666666667,5.6396,9.3916,2.54278613598024,28,6.98891666666667,9,3.752,NA,25.9,1.6,7.17989284716662,NA,11.5,NA
2532968,"Blair Walsh","SEA","K",27,5,6,7.71738927738928,7.24774825174825,8.33048951048951,0.744588593368453,11,0.175826777389278,3,1.08274125874126,NA,10.6,1.8,3.23354261644811,NA,12,NA
2535686,"Giorgio Tavecchio","OAK","K",27,5,10,7.61,6.60247058823529,8.96952941176471,1.66416921301596,12,0.160887164429529,3,2.36705882352941,NA,13.1,3.4,7.24728026304777,NA,0,NA
100005,"Bears","CHI","DST",NA,NA,9,7.535,7.083,7.987,0.799030662740799,14,0.285,2,0.904000000000001,NA,16.4,3.9,5.76985778565836,NA,5,NA
2543533,"Patrick Murray","TB","K",26,3,1,7.473125,6.3555,8.44,1.34307352158212,13,0.0546069224940462,3,2.0845,NA,21.8,3.1,6.2453877156882,NA,12,NA
2500351,"Phil Dawson","ARI","K",42,19,8,7.42510067114094,6.65680536912752,8.33143624161074,1.08847835798636,14,0.080799595872123,3,1.67463087248322,NA,20,2.8,5.35501203372803,NA,3,NA
2495150,"Kai Forbath","MIN","K",30,6,9,7.41193548387097,6.52677419354839,8.24187096774194,1.07858334844468,15,0.203602150537635,3,1.71509677419355,NA,8.8,2.7,5.18393980976434,NA,6,NA
2649,"Danny Amendola","NE","WR",32,9,9,7.39066666666667,4.9216,10.576,3.85927730713061,34,0.2245,2,5.6544,NA,43.8,4.5,7.01776807679239,NA,12.6,NA
100011,"Packers","GB","DST",NA,NA,8,7.385,7.053,11.717,4.12243253431757,15,0.335,2,4.664,NA,16.4,2.2,6.53149288863641,NA,5,NA
2557848,"Corey Davis","TEN","WR",22,0,8,7.33366666666667,4.1922,10.7842,4.17398614436288,35,0.383333333333334,2,6.592,NA,35.8,4.2,7.24595356126393,NA,2.7,NA
2539265,"Rex Burkhead","NE","RB",27,4,9,7.29233333333333,6.062,8.5076,1.5288480412825,27,0.484666666666666,6,2.4456,NA,26.9,3.5,5.36227282563983,NA,3.7,NA
89802,"Ryan Succop","TEN","K",31,8,8,7.27666666666667,6.498,8.242,1.16251164868716,16,0.182214611872146,3,1.744,NA,13.7,3.9,7.17842945084348,NA,6,NA
2555341,"Hunter Henry","LAC","TE",23,1,9,7.18766666666667,5.4244,9.542,2.87411313857568,7,0.257666666666667,2,4.1176,NA,12.8,2.1,7.47747676340778,NA,2.5,NA
2541556,"Brandon McManus","DEN","K",26,3,5,7.14,6.496,7.728,0.779487010796203,17,0.106166393842796,3,1.232,NA,14.5,3.4,5.76372833837158,NA,6,NA
100020,"Vikings","MIN","DST",NA,NA,9,7.115,6.887,7.343,0.403050865276332,16,0.275,3,0.456,NA,15.8,3.2,4.53512185634717,NA,8,NA
2556450,"Nick Rose","WAS","K",23,1,5,7.04890410958904,6.44413698630137,7.64523287671233,0.750907213865746,18,0.145189224893024,3,1.20109589041096,NA,18.8,2.7,4.63444920296192,NA,7,NA
2556521,"Kaimi Fairbairn","HOU","K",23,1,7,7.01876310272537,5.83188679245283,8.27314465408805,1.53277009216201,19,0.241461732862353,3,2.44125786163522,NA,22.3,3.7,7.49036976453257,NA,7,NA
2543491,"Paul Richardson","SEA","WR",25,3,6,6.99866666666667,5.864,7.9744,1.36314574911612,36,0.217666666666666,3,2.1104,NA,37.9,3.8,3.88466596390062,NA,5.6,NA
100001,"Falcons","ATL","DST",NA,NA,5,6.985,6.653,7.317,0.586898628384835,17,0.29,3,0.664000000000001,NA,21.7,1.9,3.04870146416758,NA,13,NA
2505629,"Jason Witten","DAL","TE",35,14,6,6.96366666666667,4.9902,9.3422,2.85788738989718,8,0.196166666666667,2,4.352,NA,12,1.9,7.35873661198658,NA,0.7,NA
2540269,"C.J. Anderson","DEN","RB",26,4,5,6.90866666666667,5.916,8.0088,1.32853315101029,28,0.232500000000001,6,2.0928,NA,30.1,2.9,4.84188439061661,NA,8.6,NA
2507166,"Ted Ginn","NO","WR",32,10,5,6.902,6.001,7.621,1.08647365361522,37,0.494333333333333,3,1.62,NA,33.1,3.6,3.48479195986517,NA,8.7,NA
2552586,"Tyler Kroft","CIN","TE",25,2,6,6.89633333333333,4.8332,9.49,3.12895834637237,9,0.669666666666667,2,4.6568,NA,11.6,2.3,8.03305455962604,NA,7.2,NA
2506194,"Nick Novak","LAC","K",NA,NA,9,6.78866666666667,6.4112,7.14986666666667,0.463008039287057,20,0.044514419610671,4,0.738666666666667,NA,17.2,4.2,6.46884633691326,NA,18,NA
2507374,"Steven Hauschka","BUF","K",NA,NA,6,6.76593607305936,6.29605479452055,7.39808219178082,0.773189145637814,21,0.112599084755266,4,1.10202739726027,NA,16.4,3,5.13525138459055,NA,8,NA
2507463,"Connor Barth","CHI","K",31,9,9,6.72236842105263,5.19789473684211,8.25578947368421,1.9112823826584,22,0.143797203558541,4,3.0578947368421,NA,24.2,2.2,5.80792466735028,NA,6,NA
2558138,"Samaje Perine","WAS","RB",22,0,5,6.70666666666667,4.382,8.638,2.79299271988549,29,0.0715000000000003,6,4.256,NA,32.7,4.1,7.39172520332747,NA,18.6,NA
100008,"Cowboys","DAL","DST",NA,NA,6,6.695,6.531,6.859,0.289913780286485,18,0.1625,4,0.328000000000001,NA,24.2,2.2,3.1683386139141,NA,0,NA
100022,"Saints","NO","DST",NA,NA,5,6.695,6.131,7.259,0.997020561473032,18,0.427499999999999,4,1.128,NA,9.9,2.3,3.91559697622507,NA,2,NA
2530700,"Dontrelle Inman","CHI","WR",28,4,9,6.66,3.469,10.025,4.11478128215826,38,0.538333333333333,3,6.556,NA,45.1,6.8,8.29598507956005,NA,4.3,NA
2495663,"Marshawn Lynch","OAK","RB",31,10,10,6.64566666666667,4.066,8.9516,3.11048168831346,30,0.0613333333333337,6,4.8856,NA,23.1,5.3,8.31456515987048,NA,7.7,NA
2495888,"Marcedes Lewis","JAC","TE",33,11,8,6.63866666666667,5.3268,8.33,2.04892784971393,10,0.844499999999999,3,3.0032,NA,18.9,2.8,6.27844599651226,NA,8.6,NA
2550512,"Damien Williams","MIA","RB",25,3,1,6.62466666666667,5.5308,7.7548,1.39221597941316,31,0.1315,6,2.224,NA,32.6,3.6,5.20783045492495,NA,10.2,NA
2506386,"Mike Nugent","DAL","K",35,12,6,6.58430555555556,6.28708333333333,6.97441666666667,0.474328167673129,23,0.0861245259111865,4,0.687333333333332,NA,15.8,2.5,3.86168700953477,NA,11,NA
2556771,"Aldrick Rosas","NYG","K",23,1,8,6.57283687943262,5.09760283687943,8.11320567375886,1.89002014089567,24,0.343502545575206,4,3.01560283687943,NA,23.5,3.7,8.08945381534727,NA,6,NA
2541161,"Latavius Murray","MIN","RB",27,4,9,6.544,4.622,8.5916,2.49585816904727,32,0.224833333333333,6,3.9696,NA,24.1,4.3,7.04897978115062,NA,21.6,NA
2552461,"Duke Johnson","CLE","RB",24,2,9,6.44233333333333,5.402,7.6796,1.4859832883762,33,0.498000000000001,6,2.2776,NA,31.2,3.1,5.14397648791978,NA,12.6,NA
2550380,"Cody Parkey","MIA","K",25,3,1,6.42352517985612,6.11884892086331,6.77387050359712,0.421159687809118,25,0.45567174578591,4,0.655021582733812,NA,21.7,3.7,5.62627466831613,NA,8,NA
100003,"Bills","BUF","DST",NA,NA,6,6.37,6.186,6.554,0.325269119345812,20,0.295,5,0.368,NA,18.5,2.6,3.70636479652457,NA,NA,NA
2559169,"Austin Ekeler","LAC","RB",NA,NA,9,6.196,5.4712,6.9208,1.28127748751002,34,0.568166666666666,6,1.4496,NA,37.1,4.2,5.28669970969459,NA,11.8,NA
100030,"Seahawks","SEA","DST",NA,NA,6,6.165,6.297,10.033,3.30218866814118,21,0.1925,5,3.736,NA,9.4,3,6.82570496120974,NA,3,NA
1581,"DeSean Jackson","TB","WR",31,9,1,6.15533333333333,5.198,7.142,1.21665867577285,39,0.0853333333333337,3,1.944,NA,29.6,2.6,3.20281429245894,NA,8.8,NA
2543457,"Sammy Watkins","LAR","WR",24,3,8,6.088,5.258,6.8436,1.00400597607783,40,0.171499999999999,3,1.5856,NA,41.8,4.4,3.73497437865366,NA,3.6,NA
1032,"Jordy Nelson","GB","WR",32,9,8,6.052,4.924,6.9368,1.36374924381281,41,0.286666666666666,3,2.0128,NA,40,3.9,3.92832036100494,NA,2.4,NA
2533444,"Randy Bullock","CIN","K",28,5,6,6.03514348785872,5.4558940397351,6.59348344370861,0.712433147751463,26,0.71963791712086,5,1.13758940397351,NA,24.1,3.2,5.34232563646266,NA,2,NA
100025,"Eagles","PHI","DST",NA,NA,10,5.985,6.293,9.677,2.9910616844191,22,0.13,5,3.384,NA,11.6,3.8,7.566682915296,NA,22,NA
100021,"Patriots","NE","DST",NA,NA,9,5.96,6.008,9.912,3.45068109219035,23,0.2875,5,3.904,NA,19.4,2.4,6.19551051539289,NA,9,NA
2507232,"Mason Crosby","GB","K",33,10,8,5.90056338028169,5.40225352112676,6.4503661971831,0.664489488630107,27,3.53533949968467,5,1.04811267605634,NA,19.2,3.3,5.41640634415026,NA,0,NA
2495966,"Delanie Walker","TEN","TE",33,11,8,5.81466666666667,5.295,6.3294,0.646588225483061,11,0.356000000000001,3,1.0344,NA,9.7,1.5,3.13246726919701,NA,9.2,NA
2540202,"Kenny Stills","MIA","WR",25,4,1,5.781,4.0996,7.1036,2.03186195397227,42,0.0453333333333337,3,3.004,NA,46.8,4.2,4.81532448266412,NA,24,NA
71265,"Jared Cook","OAK","TE",30,8,10,5.77366666666667,3.886,7.5188,2.29137520570799,12,0.813500000000001,3,3.6328,NA,6.6,1.9,6.32162987641454,NA,3.6,NA
100007,"Browns","CLE","DST",NA,NA,9,5.75,5.39,6.11,0.636396103067892,24,0.1675,6,0.719999999999999,NA,23,1.7,2.83863664889529,NA,8,NA
2495448,"Randall Cobb","GB","WR",27,6,8,5.74966666666667,5.422,6.0596,0.400345267654475,43,0.0621666666666671,4,0.6376,NA,48.7,3.9,2.83516351725438,NA,3.4,NA
2543471,"Kelvin Benjamin","BUF","WR",26,3,6,5.72166666666667,4.831,6.919,1.4641920411385,44,0.144166666666666,4,2.088,NA,37.8,3.9,4.04229096318147,NA,2,NA
2540020,"Theo Riddick","DET","RB",26,4,7,5.69266666666667,4.968,6.3984,0.894939290305959,35,0.243833333333333,7,1.4304,NA,38.3,3.1,4.30556869392908,NA,3.9,NA
2552600,"Nelson Agholor","PHI","WR",24,2,10,5.65333333333333,4.7598,6.4918,1.08904560663607,45,0.328499999999999,4,1.732,NA,33,3.7,3.53067993057096,NA,NA,NA
100012,"Titans","TEN","DST",NA,NA,8,5.595,5.271,5.919,0.572756492761103,25,0.162500000000001,6,0.647999999999999,NA,22.6,2,3.16304149433524,NA,NA,NA
100032,"Redskins","WAS","DST",NA,NA,5,5.57,5.306,5.834,0.466690475583121,26,0.42,6,0.528,NA,25.8,1.3,2.18271391421891,NA,4,NA
2556075,"Derrick Henry","TEN","RB",23,1,8,5.563,4.936,6.1352,0.758832656123865,36,0.278333333333334,7,1.1992,NA,34.3,3.2,4.15187165295209,NA,3.2,NA
2555343,"Josh Doctson","WAS","WR",NA,1,5,5.50166666666667,4.6204,6.4724,1.17359547261113,46,0.427833333333333,4,1.852,NA,43.7,3.3,3.4547386237685,NA,8.1,NA
2553733,"Thomas Rawls","SEA","RB",24,2,6,5.33466666666667,4.982,5.7692,0.522953471480335,37,0.157833333333333,7,0.787199999999999,NA,37.8,3.8,4.05351002318156,NA,0,NA
100018,"Raiders","OAK","DST",NA,NA,10,5.295,5.211,5.379,0.148492424049175,27,0.29,6,0.167999999999999,NA,27.7,0.6,1.01623388347219,NA,NA,NA
4327,"Danny Woodhead","BAL","RB",32,9,10,5.23466666666667,3.9398,6.8318,1.92232420089155,38,0.205333333333333,7,2.892,NA,42.5,8.2,7.77095560006051,NA,2.3,NA
2539205,"Terrance Williams","DAL","WR",28,4,6,5.148,4.3088,5.8128,1.01300148074916,47,0.1835,4,1.504,NA,54.1,4,3.57330292211307,NA,3.5,NA
2495438,"Kyle Rudolph","MIN","TE",28,6,9,5.14366666666667,4.274,5.8828,1.04446174335556,13,0.385666666666666,3,1.6088,NA,8.8,1.6,3.90536725644475,NA,5.8,NA
2556440,"J.D. McKissic","SEA","RB",24,1,6,5.119,5.119,5.119,NA,39,0.195333333333334,7,0,NA,NA,NA,NA,NA,5.3,NA
100023,"Giants","NYG","DST",NA,NA,8,5.005,4.601,5.409,0.714177848998413,28,NA,7,0.808,NA,26.6,0.9,1.89289099911561,NA,11,NA
2552430,"Tyler Lockett","SEA","WR",25,2,6,4.99966666666667,4.588,5.3792,0.499369936353135,48,0.0761666666666665,5,0.791200000000001,NA,43.6,3.7,2.86158574940157,NA,3.7,NA
2555223,"Devontae Booker","DEN","RB",25,1,5,4.93966666666667,4.32,5.6632,0.869097424534979,40,0.0928333333333331,7,1.3432,NA,43,3.5,4.42640331173342,NA,9.8,NA
2507763,"Mike Wallace","BAL","WR",31,8,10,4.92933333333333,4.1916,5.6076,0.894316126061324,49,0.0576666666666661,5,1.416,NA,46.8,6.1,4.34099490153935,NA,11.6,NA
497302,"Brandon LaFell","CIN","WR",31,7,6,4.91766666666667,4.374,5.6404,0.881349155178204,50,0.148333333333333,5,1.2664,NA,57.9,5.2,3.93955491266886,NA,3.7,NA
2543773,"James White","NE","RB",25,3,9,4.90766666666667,3.6216,6.2016,1.61258994581181,41,0.150666666666666,7,2.58,NA,34.7,4.1,5.7173001367286,NA,1.3,NA
2543646,"Bruce Ellington","HOU","WR",26,3,7,4.82566666666667,3.531,6.0062,1.5666110983053,51,0.143666666666666,5,2.4752,NA,50.1,5.8,4.9749268230114,NA,6.3,NA
2540156,"Giovani Bernard","CIN","RB",26,4,6,4.786,4.607,4.9614,0.221637090758744,42,0.1165,8,0.354399999999999,NA,52,4.9,4.05918919511033,NA,0.4,NA
2550656,"Cameron Brate","TB","TE",26,3,1,4.77666666666667,4.556,4.948,0.267270150472015,14,0.294166666666666,4,0.392,NA,8.3,1.9,2.61612619109646,NA,1.2,NA
2555415,"Austin Hooper","ATL","TE",NA,1,5,4.73933333333333,3.4216,5.8936,1.58501777066799,15,0.553,4,2.472,NA,13.5,1.9,5.02851019770923,NA,NA,NA
2558178,"Zane Gonzalez","CLE","K",NA,0,9,4.73044776119403,4.28149253731343,5.34919402985075,0.761868197211323,28,4.73044776119403,6,1.06770149253731,NA,27.9,0.3,0.945334855344097,NA,1,NA
2553743,"Rod Smith","DAL","RB",NA,NA,6,4.728,4.2064,5.2496,0.922067242667257,43,0.154000000000001,8,1.0432,NA,40.4,3.6,4.54091501967878,NA,1.1,NA
2541966,"Jaron Brown","ARI","WR",27,4,8,4.713,4.5746,4.8514,0.244658946290545,52,0.109999999999999,5,0.2768,NA,78,9.2,4.93589910485588,NA,2.2,NA
2535698,"Cole Beasley","DAL","WR",28,5,6,4.651,4.1706,5.0026,0.590053387415071,53,0.103333333333333,5,0.832,NA,63.2,4.8,3.43714845014532,NA,0.7,NA
2558250,"Tarik Cohen","CHI","RB",22,0,9,4.611,3.4676,5.6476,1.38198154835729,44,0.105999999999999,8,2.18,NA,49.7,4,5.35080453265457,NA,11.9,NA
2543847,"John Brown","ARI","WR",27,3,8,4.555,3.997,5.333,0.961301201497221,54,0.0731666666666664,5,1.336,NA,48.7,6,4.37403201685164,NA,1.8,NA
2532790,"Travis Benjamin","LAC","WR",28,5,9,4.54033333333333,4.037,4.9986,0.608868896670977,55,0.2155,5,0.9616,NA,62.8,5.9,3.93116391382575,NA,2.1,NA
2552471,"T.J. Yeldon","JAC","RB",24,2,8,4.537,3.653,5.3378,1.06829630721069,45,0.160666666666666,8,1.6848,NA,48.3,3.5,4.70897093163117,NA,2,NA
2557994,"DOnta Foreman","HOU","RB",21,0,7,4.473,4.0306,4.9154,0.782060099992322,46,0.314166666666667,8,0.8848,NA,48.9,4.7,4.77541458884123,NA,20,NA
2553913,"Tyrell Williams","LAC","WR",NA,NA,9,4.42333333333333,3.582,5.182,1.01589041403752,56,0.240666666666667,5,1.6,NA,53.8,3.9,3.53361131906777,NA,1.1,NA
2552631,"Javorius Allen","BAL","RB",26,2,10,4.27966666666667,3.592,5.1752,1.08703741119307,47,0.249833333333334,8,1.5832,NA,38.2,5.7,5.60176059609406,NA,1.7,NA
2543572,"Martavis Bryant","PIT","WR",26,3,9,4.22633333333333,3.436,5.2928,1.3054425814004,57,0.0876666666666663,5,1.8568,NA,53,7,5.19421916378687,NA,3,NA
2543721,"C.J. Fiedorowicz","HOU","TE",26,3,7,4.22566666666667,3.039,5.5206,1.56861286917242,16,0.2165,4,2.4816,NA,19.2,2.9,5.44365733693843,NA,1.8,NA
497238,"Jermaine Gresham","ARI","TE",29,7,8,4.147,3.494,4.6708,0.786897070778637,17,0.300666666666666,5,1.1768,NA,21.2,3.1,4.10161592680179,NA,1,NA
2550617,"Taylor Gabriel","ATL","WR",26,3,5,4.139,3.5628,4.5748,0.701752805480677,58,0.0496666666666661,6,1.012,NA,67.2,6.2,4.16546645185084,NA,0.7,NA
2558052,"Kenny Golladay","DET","WR",24,0,7,4.13833333333333,2.594,5.3964,1.8579252765742,59,0.133166666666667,6,2.8024,NA,59.3,6.2,5.47735417559859,NA,5.2,NA
2532977,"Kendall Wright","CHI","WR",28,5,9,4.04033333333333,3.521,4.5786,0.662269834231738,60,0.0981666666666667,6,1.0576,NA,61,6.7,4.33551396127373,NA,2.5,NA
925,"Jamaal Charles","DEN","RB",31,9,5,4.038,3.312,4.7872,0.923367207561542,48,0.1115,9,1.4752,NA,46.4,3.5,4.50338609003117,NA,0.7,NA
2556885,"Jalen Richard","OAK","RB",24,1,10,4.02166666666667,3.825,4.241,0.26459087915749,49,0.221333333333333,9,0.416000000000001,NA,49.9,3.4,3.5295256677422,NA,2.8,NA
2555478,"Demarcus Robinson","KC","WR",NA,1,10,3.97,3.5428,4.4868,0.621073264599274,61,0.061833333333333,6,0.944000000000001,NA,65,8,4.84737406381741,NA,0.7,NA
2555333,"Corey Coleman","CLE","WR",23,1,9,3.91433333333333,3.033,4.7178,1.06641002120823,62,0.0208333333333339,6,1.6848,NA,57.9,8.8,5.69644650551167,NA,8,NA
2543638,"DeAnthony Thomas","KC","WR",24,3,10,3.902,3.3724,4.4316,0.936209378290989,63,0.0473333333333334,6,1.0592,NA,88.1,6.6,4.60337852106316,NA,1.1,NA
2550328,"Brandon Coleman","NO","WR",25,3,5,3.885,2.624,5.428,1.8558084491671,64,0.073833333333333,6,2.804,NA,66,5.2,5.04525602304629,NA,0.6,NA
2495353,"Julius Thomas","MIA","TE",29,6,1,3.87133333333333,2.87,4.6332,1.21786917742972,18,0.0698333333333339,5,1.7632,NA,19.3,2.3,4.53444763694194,NA,3,NA
2555464,"DeAndre Washington","OAK","RB",24,1,10,3.83133333333333,3.4232,4.14,0.497071758736436,50,0.0919999999999996,9,0.7168,NA,52.9,4,4.09554220528274,NA,1.9,NA
2495459,"Torrey Smith","PHI","WR",28,6,10,3.82433333333333,3.0434,4.541,0.946285545347351,65,0.0300833333333332,6,1.4976,NA,77.8,8.8,5.56014346323765,NA,8.8,NA
2506122,"Benjamin Watson","BAL","TE",37,13,10,3.82133333333333,3.112,4.6192,0.961303975511041,19,0.1285,5,1.5072,NA,17.3,1.7,3.79764931461475,NA,3.3,NA
2534436,"Deonte Thompson","BUF","WR",28,5,6,3.798,3.6162,4.0282,0.278005395631092,66,0.0110833333333336,6,0.412,NA,68.4,6.7,3.89949614189406,NA,3.6,NA
2553895,"Adam Humphries","TB","WR",NA,NA,1,3.7905,3.4925,4.0885,0.526794551983978,67,0.0985,6,0.595999999999999,NA,63.5,7.8,4.65445849019169,NA,1.1,NA
2543500,"Jordan Matthews","BUF","WR",25,3,6,3.78333333333333,2.896,4.456,1.08010801928943,68,0.228166666666667,6,1.56,NA,56.7,6.7,4.8096272957417,NA,0,NA
2495139,"Charles Clay","BUF","TE",28,6,6,3.78166666666667,2.962,4.526,0.991013790687765,20,0.521833333333333,5,1.564,NA,15.1,2.2,4.07462839296944,NA,2.7,NA
2540168,"Eddie Lacy","SEA","RB",26,4,6,3.76933333333333,1.662,5.2764,2.60616218477157,51,0.0718333333333332,9,3.6144,NA,59.4,6,7.87478849683157,NA,0.2,NA
2557952,"Wayne Gallman","NYG","RB",23,0,8,3.70933333333333,2.934,4.3084,0.939958155096988,52,0.0546666666666673,9,1.3744,NA,53.7,4.4,4.88127728653464,NA,2.2,NA
2550268,"Charcandrick West","KC","RB",26,3,10,3.68566666666667,3.0306,4.493,0.97163590574522,53,0.134,9,1.4624,NA,56.9,4.5,4.96558576868448,NA,2.4,NA
2539217,"Andre Ellington","ARI","RB",28,4,8,3.62366666666667,3.5168,3.756,0.159343444588515,54,0.360083333333333,9,0.2392,NA,49.4,4.9,3.97082440562639,NA,0,NA
2543466,"Eric Ebron","DET","TE",24,3,7,3.604,2.4768,4.4288,1.38457646953861,21,0.777833333333333,5,1.952,NA,18.3,1.9,4.66156482691261,NA,4.9,NA
2535964,"Josh Bellamy","CHI","WR",28,5,9,3.60066666666667,2.424,4.8288,1.507124856584,69,0.109,6,2.4048,NA,78.6,6.8,5.33712510149188,NA,0,NA
2552656,"J.J. Nelson","ARI","WR",25,2,8,3.50966666666667,2.9934,4.1374,0.754629931379171,70,0.0695833333333331,6,1.144,NA,78.6,7.8,4.91297912161726,NA,1.4,NA
497149,"LeGarrette Blount","PHI","RB",31,7,10,3.47966666666667,3.142,3.8852,0.487186138281184,55,0.611916666666667,9,0.7432,NA,44.1,5.2,4.55399472574594,NA,5.7,NA
497284,"Eric Decker","TEN","WR",30,7,8,3.47366666666667,2.6722,4.2722,1.00002016646332,71,0.0972499999999998,6,1.6,NA,64,6,4.41796571713011,NA,3.7,NA
2557863,"Zay Jones","BUF","WR",22,0,6,3.4065,2.6989,4.1141,1.250871895919,72,0.154666666666667,6,1.4152,NA,80.8,10.7,6.72217484751756,NA,6.8,NA
2556592,"Roger Lewis","NYG","WR",24,1,8,3.34633333333333,3.092,3.5392,0.309564748208405,73,0.212000000000001,7,0.4472,NA,66.8,7.4,4.23609332023666,NA,5.5,NA
2539336,"Tavon Austin","LAR","WR",26,4,8,3.15733333333333,2.7232,3.4832,0.52968890240719,74,0.0581666666666663,7,0.759999999999999,NA,83,9.4,5.34525662022958,NA,0,NA
2550597,"Seth Roberts","OAK","WR",NA,NA,10,3.11133333333333,1.9248,4.0768,1.42762226563378,75,0.0251666666666663,7,2.152,NA,82,10.9,7.00866949970725,NA,0.6,NA
2532933,"Brian Quick","WAS","WR",28,5,5,3.087,0.5646,4.4094,3.39835519038255,76,0.0910833333333336,7,3.8448,NA,114,12.8,10.0612468806065,NA,0,NA
2543836,"T.J. Jones","DET","WR",25,3,7,3.08533333333333,2.309,3.6762,0.944145292491221,77,0.181333333333334,7,1.3672,NA,NA,NA,4.20264298063926,NA,5.5,NA
2495473,"Shane Vereen","NYG","RB",28,6,8,3.0475,2.0655,4.0295,1.73594714781297,56,0.369166666666667,9,1.964,NA,56.2,4,5.85291185183417,NA,2.8,NA
2557986,"David Njoku","CLE","TE",21,0,9,2.91566666666667,2.226,3.7276,0.975118625262247,22,0.189833333333334,6,1.5016,NA,23.6,3.1,4.44619076099388,NA,1.3,NA
2543590,"Cody Latimer","DEN","WR",25,3,5,2.9065,2.7949,3.0181,0.197282791951047,78,0.0142500000000005,8,0.2232,NA,89.9,8.1,4.40947640038373,NA,2.1,NA
2552418,"Justin Hardy","ATL","WR",26,2,5,2.9015,2.2179,3.5851,1.20844548904781,79,0.02,8,1.3672,NA,98.4,8.4,5.68573305810201,NA,2.7,NA
2555348,"Braxton Miller","HOU","WR",25,1,7,2.883,2.751,3.015,0.233345237791561,80,0.0225,8,0.264000000000001,NA,93.8,7.5,4.19257806071134,NA,1.4,NA
2556752,"Tommylee Lewis","NO","WR",25,1,5,2.88,0.288,2.592,2.03646752981726,81,0.0670000000000002,9,2.304,NA,NA,NA,6.681519046888,NA,0,NA
2543759,"Ryan Grant","WAS","WR",27,3,5,2.841,2.2266,3.2906,0.754674101847943,82,0.069,10,1.064,NA,76.1,8.4,5.17084697740122,NA,11.9,NA
2550256,"Willie Snead","NO","WR",25,3,5,2.785,1.75,4.106,1.59739631901416,83,0.0961666666666665,10,2.356,NA,75.9,7,5.52549372173886,NA,1.2,NA
2558262,"Mack Hollins","PHI","WR",24,0,10,2.759,2.5678,2.9502,0.33799704140717,84,0.1555,10,0.3824,NA,91.8,6.8,4.01053718613368,NA,0.7,NA
2557856,"O.J. Howard","TB","TE",23,0,1,2.73666666666667,1.162,4.394,2.02791354187829,23,0.0595000000000003,6,3.232,NA,29.5,4,6.77419063073002,NA,11.2,NA
2555364,"Tyler Higbee","LAR","TE",24,1,8,2.715,2.086,3.4324,0.8629907299618,24,0.0916666666666672,6,1.3464,NA,28.8,3.4,4.37447344817539,NA,0.5,NA
2553762,"Terron Ward","ATL","RB",NA,NA,5,2.688,2.4944,2.8816,0.342239682094289,57,0.0255000000000001,10,0.3872,NA,54.6,5.3,4.38775821953368,NA,4.2,NA
2559150,"Corey Clement","PHI","RB",NA,0,10,2.66866666666667,2.345,2.9378,0.388857728910373,58,0.158666666666667,10,0.592799999999999,NA,47.8,5.2,4.41451390019596,NA,11,NA
2507999,"Chris Ivory","JAC","RB",29,7,8,2.65633333333333,1.9732,3.334,0.850582349530799,59,0.331666666666667,10,1.3608,NA,56.6,3.5,4.40013930560104,NA,0.6,NA
2552633,"Jesse James","PIT","TE",23,2,9,2.63933333333333,1.4616,3.5656,1.42325027080037,25,0.0879999999999996,6,2.104,NA,31.5,3.9,5.62272324125851,NA,8.1,NA
2555473,"Ricardo Louis","CLE","WR",NA,1,9,2.61866666666667,1.681,3.8066,1.43474957164424,85,0.0341666666666671,10,2.1256,NA,85.1,8.5,5.98548577782793,NA,1.5,NA
2495288,"Virgil Green","DEN","TE",29,6,5,2.60733333333333,2.0454,3.2974,0.830220653400849,26,0.143166666666667,6,1.252,NA,45.3,9.8,7.16362975266729,NA,1.3,NA
2539235,"Tavarres King","NYG","WR",27,4,8,2.58833333333333,2.17,3.1196,0.641892774015515,86,0.0230000000000001,10,0.9496,NA,67.4,6.8,4.35536210704806,NA,4.8,NA
2555214,"Laquon Treadwell","MIN","WR",22,1,9,2.58066666666667,2.202,2.9156,0.455940054539337,87,0.0569999999999999,10,0.7136,NA,93.8,6.1,3.84357760352108,NA,1,NA
2557034,"Marvin Hall","ATL","WR",24,1,5,2.55,0.255,2.295,1.8031222920257,88,0.0720000000000005,11,2.04,NA,114.5,2.5,3.82529419203297,NA,0,NA
2541388,"Brice Butler","DAL","WR",27,4,6,2.49733333333333,1.6454,3.4654,1.16495765302149,89,0.0790000000000002,11,1.82,NA,82.2,8.6,5.72232745264354,NA,1.9,NA
2495187,"Lance Kendricks","GB","TE",29,6,8,2.49533333333333,1.29,3.6708,1.48940435521497,27,0.062583333333333,6,2.3808,NA,29.9,3.3,5.47672306042984,NA,0.5,NA
2552424,"Phillip Dorsett","NE","WR",24,2,9,2.45866666666667,1.374,3.3756,1.30264397796686,90,0.0874166666666669,11,2.0016,NA,80.6,10.5,6.69498043518275,NA,0,NA
2556463,"Stephen Anderson","HOU","TE",24,1,7,2.433,1.846,3.1812,0.904542425760119,28,0.0294166666666666,6,1.3352,NA,33,5.3,5.29638244925773,NA,2.2,NA
2558207,"Jonnu Smith","TEN","TE",22,0,8,2.4325,2.0209,2.8441,0.727612877840957,29,0.0744166666666666,6,0.8232,NA,35.4,3.2,4.03760303850652,NA,0,NA
71217,"Kenny Britt","CLE","WR",29,8,9,2.378,2.1058,2.5978,0.327760583353154,91,0.0180833333333328,12,0.492,NA,85.1,8.1,4.55752716014646,NA,0.5,NA
2532838,"Coby Fleener","NO","TE",29,5,5,2.37466666666667,1.2178,3.6218,1.5151568675663,30,0.0519166666666666,6,2.404,NA,24.8,4.7,6.1471190018339,NA,9.1,NA
2557870,"Taywan Taylor","TEN","WR",NA,0,8,2.3645,2.0641,2.6649,0.531037192671097,92,0.0204999999999997,12,0.6008,NA,96.3,9.6,5.43272574594761,NA,0,NA
2541544,"Benny Cunningham","CHI","RB",27,4,9,2.36366666666667,2.114,2.6428,0.336601148740365,60,0.217333333333333,10,0.5288,NA,63.3,3.3,3.59230072690072,NA,1.8,NA
2552597,"Breshad Perriman","BAL","WR",24,2,10,2.35533333333333,2.282,2.45,0.114709778717132,93,0.0436666666666663,12,0.168,NA,83.5,9.5,4.91735703304913,NA,0,NA
2541199,"Luke Willson","SEA","TE",27,4,6,2.3415,1.6467,3.0363,1.22824447892103,31,0.0531666666666668,6,1.3896,NA,42.4,6.2,6.28964117723178,NA,NA,NA
2556404,"Maurice Harris","WAS","WR",25,1,5,2.33266666666667,1.8844,2.726,0.539278530384191,94,0.0579999999999998,12,0.8416,NA,109,8.1,4.79753269997729,NA,0,NA
2556365,"Seth DeValve","CLE","TE",24,1,9,2.304,1.7216,2.8864,1.02954747340761,32,0.0335000000000001,6,1.1648,NA,27.3,3.3,4.63486884646593,NA,0.5,NA
2558846,"Mike Williams","LAC","WR",23,0,9,2.29066666666667,1.67,2.87,0.755320020476972,95,0.0440833333333335,12,1.2,NA,80.5,7.6,4.82782290762117,NA,3.8,NA
2535708,"Lance Dunbar","LAR","RB",27,5,8,2.28566666666667,2.184,2.3736,0.122173374076896,61,0.335166666666667,11,0.1896,NA,62.8,3.6,3.40624948550337,NA,0,NA
2505299,"Antonio Gates","LAC","TE",37,14,9,2.27266666666667,1.2776,3.2536,1.23537902415952,33,0.0249999999999999,6,1.976,NA,35.4,4.9,5.72396909744893,NA,0,NA
2557889,"Gerald Everett","LAR","TE",23,0,8,2.26833333333333,1.7994,2.6874,0.565403690590478,34,0.155583333333333,6,0.888,NA,30.1,6.1,5.03166893811096,NA,0.8,NA
2555468,"Rashard Higgins","CLE","WR",23,1,9,2.25866666666667,1.566,3.0076,0.909198181549729,96,0.112916666666667,12,1.4416,NA,97.1,6.9,4.7016382791032,NA,0,NA
2552428,"Tre McBride","CHI","WR",25,2,9,2.2345,1.0621,3.4069,2.07252997565777,97,0.181999999999999,12,2.3448,NA,86.6,10.4,7.52558635097439,NA,1.4,NA
2558144,"Adam Shaheen","CHI","TE",23,0,9,2.227,2.0198,2.4342,0.366281312654632,35,0.25275,6,0.4144,NA,30,7.7,5.3794251213763,NA,10.1,NA
2532978,"Jarius Wright","MIN","WR",28,5,9,2.057,1.6786,2.4354,0.668923015002474,98,0.0345000000000004,12,0.7568,NA,97.9,6.6,4.30009358089179,NA,2.3,NA
2555466,"Tyler Boyd","CIN","WR",23,1,6,2.048,0.8496,3.2464,2.1184919164349,99,0.0905,12,2.3968,NA,107,12.2,8.35119173231261,NA,0.5,NA
2556466,"Peyton Barber","TB","RB",23,1,1,2.007,1.7966,2.2174,0.371938166904124,62,0.1765,12,0.4208,NA,62.9,3.4,3.6817999535896,NA,1.1,NA
1062,"Martellus Bennett","NE","TE",30,9,9,1.9985,1.1893,2.8077,1.43047701834039,36,0.0687499999999999,6,1.6184,NA,25.4,3.2,5.32432758680074,NA,1.5,NA
2557895,"Dede Westbrook","JAC","WR",24,0,8,1.997,1.7446,2.239,0.309819302174671,100,0.0820000000000001,13,0.4944,NA,59.9,6.1,3.67777706250778,NA,3.5,NA
2540200,"Dion Sims","CHI","TE",26,4,9,1.95,0.195,1.755,1.37885822331377,37,0.0739999999999998,7,1.56,NA,39.5,11.4,8.880300674483,NA,0,NA
2550198,"Bennie Fowler","DEN","WR",26,3,5,1.918,1.8278,1.9838,0.110891839194776,101,0.0202499999999997,13,0.156,NA,93,7.2,3.92472356428988,NA,1.8,NA
2558127,"Josh Malone","CIN","WR",21,0,6,1.912,1.8368,1.9872,0.132936074863071,102,0.0547500000000001,13,0.1504,NA,97.9,6,3.43410128196374,NA,0,NA
497246,"Michael Hoomanawanui","NO","TE",29,7,5,1.9095,1.4051,2.4139,0.891661651076236,38,0.0902499999999999,7,1.0088,NA,47.1,5.8,5.49539147004051,NA,0,NA
2555461,"Wendell Smallwood","PHI","RB",23,1,10,1.894,1.6812,2.1068,0.376180807591243,63,0.13725,12,0.4256,NA,69.9,4.6,4.16029369652689,NA,0,NA
2555209,"Chris Moore","BAL","WR",24,1,10,1.8835,1.3103,2.4567,1.01328401744032,103,0.0605,13,1.1464,NA,94.8,8.8,5.63616540221834,NA,0,NA
2533046,"Dwayne Allen","NE","TE",27,5,9,1.8425,1.2845,2.4005,0.986413959755234,39,0.0545,7,1.116,NA,49.3,13.8,9.23028842041579,NA,2.4,NA
2495453,"Andre Holmes","BUF","WR",29,6,6,1.831,1.2478,2.4142,1.03096168696999,104,0.0410000000000001,13,1.1664,NA,91.6,10.2,6.25779864818587,NA,0.7,NA
2556805,"Johnny Holton","OAK","WR",26,1,10,1.815,0.939,2.691,1.54856385079854,105,0.0782500000000002,13,1.752,NA,113.4,11.7,7.4896566827565,NA,0,NA
2541187,"Demetrius Harris","KC","TE",26,4,10,1.796,1.3368,2.2552,0.811758584802156,40,0.0615000000000001,7,0.9184,NA,41.1,4.1,4.59230897427835,NA,0,NA
2550284,"Trey Burton","PHI","TE",26,3,10,1.78,1.214,2.206,0.690126799943315,41,0.1205,7,0.992,NA,35.9,6.4,5.39355178272684,NA,0,NA
2558837,"Devante Mays","GB","RB",NA,0,8,1.767,1.767,1.767,NA,64,0.0214999999999999,12,0,NA,71.8,6.2,6.18335103844656,NA,NA,NA
2558105,"Chris Godwin","TB","WR",21,0,1,1.765,1.765,1.765,NA,106,0.05925,13,0,NA,80.4,7.6,5.88151598896753,NA,3.8,NA
2553631,"Zach Zenner","DET","RB",NA,NA,7,1.7465,1.6533,1.8397,0.164755880016466,65,0.11075,12,0.1864,NA,75.3,3.8,3.54539953825567,NA,0,NA
2539663,"Mike Gillislee","NE","RB",27,4,9,1.7445,1.1721,2.3169,1.01186980387795,66,0.25325,12,1.1448,NA,69.1,6.4,5.77074452579812,NA,0,NA
2555419,"Pharoh Cooper","LAR","WR",22,1,8,1.7085,1.3809,2.0361,0.579120453791782,107,0.0272499999999996,13,0.6552,NA,115.4,12.5,6.73340400061786,NA,0,NA
2553737,"Eli Rogers","PIT","WR",NA,NA,9,1.703,1.703,1.703,NA,108,0.0527500000000001,14,0,NA,105.1,9.8,7.77217938895684,NA,0,NA
2532835,"Rhett Ellison","NYG","TE",29,5,8,1.689,1.1522,2.2258,0.948937300352347,42,0.0675000000000001,7,1.0736,NA,51.4,6.4,5.86735291305052,NA,0.7,NA
2556460,"Geronimo Allison","GB","WR",23,1,8,1.6595,1.5759,1.7431,0.147785317267988,109,0.0639999999999998,14,0.1672,NA,108.1,8.3,4.43925176802828,NA,0,NA
2556519,"Alex Erickson","CIN","WR",25,1,6,1.641,0.9834,2.2986,1.16248354827068,110,0.11475,14,1.3152,NA,111.3,4.9,4.12964409040428,NA,10.2,NA
2553900,"Daniel Brown","CHI","TE",NA,NA,9,1.63,1.63,1.63,NA,43,0.0285,7,0,NA,NA,NA,NA,NA,2.3,NA
2540928,"Darren Fells","DET","TE",31,5,7,1.613,0.9948,2.4628,1.04557974349162,44,0.107833333333334,7,1.468,NA,36.9,4.7,5.28747006251688,NA,0.9,NA
2541834,"Josh Hill","NO","TE",27,4,5,1.59,1.238,1.942,0.622253967444162,45,0.170583333333333,7,0.704,NA,41.8,5.2,4.73508257784713,NA,5.5,NA
2552463,"Jaelen Strong","FA","WR",23,2,NA,1.55,1.55,1.55,NA,111,0.15375,14,0,NA,NA,NA,NA,NA,0,NA
2543770,"Charles Sims","TB","RB",27,3,1,1.527,0.855,2.3478,0.987054709729912,67,0.0860833333333331,12,1.4928,NA,59.4,3.3,4.51498218030047,NA,2.8,NA
2550163,"Michael Campanaro","BAL","WR",26,3,10,1.5025,0.8637,2.1413,1.12924952955492,112,0.215833333333333,14,1.2776,NA,110.1,11.6,6.97089878087174,NA,0,NA
2553650,"Corey Grant","JAC","RB",NA,NA,8,1.4555,0.8919,2.0191,0.996313454691846,68,0.0490833333333331,12,1.1272,NA,78.1,5.2,5.27620205989697,NA,0,NA
2552477,"Aaron Ripkowski","GB","RB",NA,NA,8,1.42633333333333,1.0278,1.8598,0.52547153427501,69,0.0615833333333333,13,0.832,NA,71.7,5.3,4.64767628566285,NA,0.6,NA
2550313,"Richard Rodgers","GB","TE",25,3,8,1.42033333333333,1.3568,1.492,0.0863153134347163,46,0.0129166666666667,7,0.1352,NA,43.3,5,3.66491054247824,NA,0.3,NA
2552402,"Nick Boyle","BAL","TE",24,2,10,1.4185,1.0845,1.7525,0.590434162290768,47,0.0680833333333331,7,0.668,NA,41.3,9.5,6.5911018212049,NA,0.2,NA
2552403,"Nick OLeary","BUF","TE",25,2,6,1.39633333333333,0.866,1.8492,0.636977498294354,48,0.112333333333333,7,0.9832,NA,41.4,7.5,5.78594934902696,NA,0.8,NA
2557978,"James Conner","PIT","RB",22,0,9,1.3865,1.1437,1.6293,0.429213816180235,70,0.169166666666667,13,0.4856,NA,66.9,5.1,4.43238686534747,NA,1.2,NA
2559325,"Trey Edmunds","NO","RB",NA,NA,5,1.343,1.343,1.343,NA,71,0.255666666666667,13,0,NA,71,7,6.81331833421434,NA,NA,NA
2555306,"David Morgan","MIN","TE",24,1,9,1.3045,0.9289,1.6801,0.663973267534168,49,0.05325,7,0.7512,NA,46.8,8.1,6.10247779621729,NA,0.5,NA
2558010,"John Ross","CIN","WR",NA,0,6,1.29,0.9272,1.7672,0.580492894013355,113,0.0118333333333334,14,0.84,NA,85.8,10.7,5.96150807430986,NA,0,NA
2540145,"Cordarrelle Patterson","OAK","WR",26,4,10,1.28333333333333,1.2422,1.323,0.0505997364947025,114,0.0113333333333332,15,0.0808000000000002,NA,89.2,8.8,4.543825183442,NA,4.5,NA
2539291,"Markus Wheaton","CHI","WR",26,4,9,1.273,0.9298,1.6162,0.606697618258058,115,0.0915000000000001,15,0.6864,NA,117.4,12.5,6.76469530396887,NA,0,NA
2532841,"Michael Floyd","MIN","WR",28,5,9,1.271,0.6638,1.8782,1.07338809384118,116,0.27225,15,1.2144,NA,122.7,10.4,6.39187836033379,NA,1.6,NA
2543628,"Troy Niklas","ARI","TE",25,3,8,1.2635,1.2263,1.3007,0.0657609306503489,50,0.0449999999999999,7,0.0743999999999998,NA,50.8,4.1,3.22662044465018,NA,0,NA
2556900,"Austin Traylor","DEN","TE",NA,NA,5,1.239,1.239,1.239,NA,51,0.0740000000000001,7,0,NA,NA,NA,NA,NA,NA,NA
2495835,"Anthony Fasano","MIA","TE",33,11,1,1.198,0.8764,1.5196,0.568513852073984,52,0.132,7,0.6432,NA,50.3,4,4.102485960593,NA,0,NA
2555311,"Jerell Adams","NYG","TE",25,1,8,1.132,0.528,1.736,1.06773123959169,53,0.25,7,1.208,NA,62,4.3,5.14995077353644,NA,0.6,NA
2556855,"Marcus Johnson","PHI","WR",23,1,10,1.092,1.092,1.092,NA,117,0.22225,15,0,NA,116.3,8.1,6.31121221623783,NA,NA,NA
284,"Darren McFadden","DAL","RB",30,9,6,1.09166666666667,1.008,1.204,0.137325647034097,72,0.029666666666667,13,0.196,NA,66.3,5.8,4.29394832100489,NA,0,NA
2559254,"Shane Smith","NYG","RB",NA,NA,8,1.083,1.083,1.083,NA,73,0.0629999999999999,13,0,NA,NA,NA,NA,NA,NA,NA
2495471,"Jacquizz Rodgers","TB","RB",27,6,1,1.041,0.614,1.4884,0.548281861819265,74,0.0694999999999999,13,0.8744,NA,68.9,4.4,4.32567659000848,NA,0.3,NA
2540215,"Vance McDonald","PIT","TE",27,4,9,1,0.1,0.9,0.707106781186548,54,0.295,7,0.8,NA,28.8,3.8,4.26717041681597,NA,0,NA
2558112,"Brian Hill","CIN","RB",22,0,6,0.999,0.3678,1.6302,1.11581450071237,75,0.111,13,1.2624,NA,NA,NA,5.49554147366886,NA,0,NA
2553867,"Mack Brown","MIN","RB",NA,NA,9,0.944,0.944,0.944,NA,76,0.118,14,0,NA,NA,NA,NA,NA,0,NA
2557905,"Amara Darboh","SEA","WR",23,0,6,0.9055,0.4771,1.3339,0.757311362650793,118,0.0792500000000002,15,0.8568,NA,110.1,4.8,3.62693301075081,NA,0,NA
81306,"Brandon Tate","BUF","WR",30,8,6,0.834,0.1052,0.9628,0.758018469431979,119,0.01775,16,0.8576,NA,121.3,18.9,9.68645215637357,NA,0.7,NA
2555460,"Paul Perkins","NYG","RB",23,1,8,0.832,0.7856,0.8784,0.0820243866176395,77,0.0455000000000001,14,0.0927999999999999,NA,74,2,2.71933004384361,NA,0,NA
2550658,"Branden Oliver","LAC","RB",26,3,9,0.82,0.436,1.204,0.678822509939086,78,0.0925,14,0.768,NA,77.3,5.4,4.90458068369432,NA,0,NA
2557866,"Jehu Chesson","KC","WR",24,0,10,0.8185,0.3965,1.2405,0.745997654151808,120,0.03,16,0.844,NA,104.5,13.5,7.35245273021737,NA,0,NA
2558928,"Austin Carr","NO","WR",24,0,5,0.814,0.814,0.814,NA,121,0.05175,16,0,NA,NA,NA,NA,NA,NA,NA
2507218,"Brent Celek","PHI","TE",32,10,10,0.764,0.5768,0.9512,0.330925973595304,55,0.123,7,0.3744,NA,42.2,8.8,5.80439787135166,NA,2.8,NA
2556697,"Bryce Treggs","CLE","WR",23,1,9,0.763,0.763,0.763,NA,122,0.021,16,0,NA,107.5,8.6,6.74090844350813,NA,0,NA
2552470,"Sammie Coates","CLE","WR",24,2,9,0.7615,0.4379,1.0851,0.572049385979917,123,0.04025,16,0.6472,NA,109.9,6.6,4.19017284860746,NA,0,NA
2543465,"Teddy Bridgewater","MIN","QB",25,3,9,0.7601,0.64178,0.87842,0.209162185874981,29,0.0224499999999999,10,0.23664,NA,NA,NA,3.73630372781259,NA,0,NA
2495472,"Jordan Todman","HOU","RB",27,6,7,0.753,0.753,0.753,NA,79,0.0965,14,0,NA,95,16,13.9004504116019,NA,0,NA
2555316,"Paxton Lynch","DEN","QB",23,1,5,0.7474,0.55012,0.94468,0.348745064481205,30,0.23075,10,0.39456,NA,29.9,1.4,3.96105595683908,NA,0,NA
2495240,"Tyrod Taylor","BUF","QB",28,6,6,0.7279,0.19982,1.25598,0.93352237252248,31,0.4271,10,1.05616,NA,24.9,6.3,11.8984352219398,NA,17.12,NA
2540151,"Justin Hunter","PIT","WR",26,4,9,0.7225,0.4605,0.9845,0.463154941677189,124,0.00349999999999995,16,0.524,NA,115.5,12.4,6.55885043559425,NA,0,NA
2553606,"Jordan Taylor","DEN","WR",25,2,5,0.72,0.32,1.12,0.707106781186548,125,0.016,16,0.8,NA,115,1,1.9371211282026,NA,1.4,NA
2556661,"Kalif Raymond","FA","WR",23,1,NA,0.718,0.718,0.718,NA,126,0.06875,16,0,NA,NA,NA,NA,NA,1.2,NA
2532797,"Brandon Bolden","NE","RB",27,5,9,0.702,0.702,0.702,NA,80,0.1215,14,0,NA,77.5,2.5,3.26975229552058,NA,0,NA
2531049,"Chris Matthews","BAL","WR",28,4,10,0.69,0.0690000000000001,0.621,0.487903679018718,127,0.09,16,0.552,NA,NA,NA,3.16726497823564,NA,0,NA
2552468,"Maxx Williams","BAL","TE",23,2,10,0.646,0.4012,0.8908,0.432749350086167,56,0.015,7,0.4896,NA,65.5,16.5,9.41868592083447,NA,0.6,NA
2495234,"Luke Stocker","TB","TE",29,6,1,0.636,0.4808,0.7912,0.27435743110038,57,0.0255,7,0.3104,NA,59,14,8.01577135990046,NA,0,NA
2540203,"Levine Toilolo","ATL","TE",26,4,5,0.626,0.2372,1.0148,0.687307791313324,58,0.0427500000000001,7,0.7776,NA,47.9,7.3,5.78905250665346,NA,9.1,NA
2536044,"Jamize Olawale","OAK","RB",28,5,10,0.611,0.4102,0.8118,0.354967604155647,81,0.0665,14,0.4016,NA,76,4.5,4.09082938498415,NA,2.2,NA
2556612,"Tanner McEvoy","SEA","WR",24,1,6,0.6085,0.4041,0.8129,0.361331565186326,128,0.0177499999999999,16,0.4088,NA,113.5,6.7,3.99404482008828,NA,0,NA
2559161,"Sean Culkin","LAC","TE",NA,NA,9,0.595,0.595,0.595,NA,59,0.0385000000000001,7,0,NA,NA,NA,NA,NA,NA,NA
2557960,"Ryan Switzer","DAL","WR",23,0,6,0.5915,0.4119,0.7711,0.31749094475276,129,0.00199999999999989,16,0.3592,NA,119.6,6.3,3.77242118026316,NA,0,NA
2540279,"Nick Williams","ATL","WR",27,4,5,0.59,0.59,0.59,NA,130,0.0705,16,0,NA,126.5,12.5,10.0925390162164,NA,0,NA
2555215,"Leonte Carroo","MIA","WR",23,1,1,0.589,0.5802,0.5978,0.0155563491861041,131,0.15025,16,0.0176000000000001,NA,116.8,8.7,4.46109247107385,NA,0,NA
2552559,"C.J. Uzomah","CIN","TE",24,2,6,0.5715,0.3647,0.7783,0.365574205873445,60,0.0335,7,0.4136,NA,53.9,5,4.17614628709175,NA,0,NA
2559180,"Tion Green","DET","RB",NA,NA,7,0.55,0.55,0.55,NA,82,0.0157499999999999,14,0,NA,NA,NA,NA,NA,NA,NA
2543767,"Logan Thomas","BUF","TE",26,3,6,0.5415,0.3003,0.7827,0.426385389055488,61,0.0175000000000001,7,0.4824,NA,NA,NA,3.49021285167349,NA,0,NA
2553617,"Terrell Watson","PIT","RB",24,2,9,0.539,0.1078,0.9702,0.762261110119098,83,0.0297500000000001,14,0.8624,NA,90,17,9.59020290986927,NA,NA,NA
2557886,"Jeremy Sprinkle","WAS","TE",23,0,5,0.5345,0.3453,0.7237,0.334461507501237,62,0.04275,7,0.3784,NA,68.5,10.5,6.56767528540781,NA,6.7,NA
2543600,"Alfred Blue","HOU","RB",26,3,7,0.5295,0.4099,0.6491,0.211424927574778,84,0.0597500000000001,15,0.2392,NA,72.9,3.7,3.57222756449615,NA,0,NA
2555289,"Nick Vannett","SEA","TE",NA,1,6,0.5135,0.3211,0.7059,0.340118361750729,63,0.044,7,0.3848,NA,54,7.1,5.06442130424651,NA,0,NA
2543664,"Terrance West","BAL","RB",26,3,10,0.489,0.3602,0.6178,0.227688383542068,85,0.04375,15,0.2576,NA,76.1,6.6,4.73711332733582,NA,0,NA
2552397,"Clive Walford","OAK","TE",26,2,10,0.47,0.422,0.518,0.0848528137423857,64,0.00299999999999995,7,0.096,NA,55,6,4.10741254888994,NA,0.4,NA
2533028,"James Hanna","DAL","TE",28,5,6,0.469,0.469,0.469,NA,65,0.022,7,0,NA,64.7,5.6,5.61894752350282,NA,0,NA
2552396,"Ben Koyack","JAC","TE",24,2,8,0.465,0.3138,0.6162,0.267286363288515,66,0.0367500000000001,7,0.3024,NA,50.5,7.5,5.10916043451389,NA,0,NA
2539303,"Zach Line","NO","RB",27,4,5,0.4505,0.2581,0.6429,0.340118361750729,86,0.02075,15,0.3848,NA,75.3,6.9,5.01471637974574,NA,0.2,NA
2556814,"Max McCaffrey","JAC","WR",23,1,8,0.45,0.045,0.405,0.318198051533946,132,0.031,16,0.36,NA,NA,NA,2.78214124468469,NA,0,NA
2555432,"Andy Janovich","DEN","RB",24,1,5,0.44,0.168,0.712,0.480832611206852,87,0.038,15,0.544,NA,85.7,3.1,3.7181500441604,NA,0,NA
2554630,"Ross Travis","KC","TE",24,2,10,0.429,0.2594,0.5986,0.299813275223096,67,0.04425,7,0.3392,NA,55.8,7.8,5.30226085925393,NA,1.1,NA
2552478,"Blake Bell","MIN","TE",26,2,9,0.4275,0.4175,0.4375,0.0176776695296637,68,0.08575,7,0.02,NA,NA,NA,1.99378068082026,NA,0,NA
2556841,"Byron Marshall","WAS","WR",23,1,5,0.4275,0.2703,0.5847,0.277892965006313,133,0.02725,16,0.3144,NA,NA,NA,2.69067435796634,NA,0.2,NA
2559163,"Justin Davis","LAR","RB",NA,0,8,0.4195,0.2839,0.5551,0.23970919882224,88,0.03875,15,0.2712,NA,82.3,2.3,3.06112798810902,NA,NA,NA
2555413,"Trevor Davis","GB","WR",24,1,8,0.4105,0.3269,0.4941,0.147785317267988,134,0.0385,16,0.1672,NA,123.7,4.2,2.67749723622006,NA,0,NA
2558258,"Shelton Gibson","PHI","WR",22,0,10,0.39,0.039,0.351,0.275771644662754,135,0.04525,16,0.312,NA,NA,NA,2.68586031129695,NA,0,NA
2557987,"Matthew Dayes","CLE","RB",NA,0,9,0.3845,0.2049,0.5641,0.31749094475276,89,0.00900000000000006,15,0.3592,NA,NA,NA,3.23066544539262,NA,0.5,NA
2553660,"Akeem Hunt","KC","RB",24,2,10,0.377,0.2034,0.5506,0.306884343034962,90,0.0209999999999999,15,0.3472,NA,94,20,10.1254304901381,NA,0.3,NA
2530763,"Patrick DiMarco","BUF","RB",28,6,6,0.374,0.1948,0.5532,0.316783837971573,91,0.04575,15,0.3584,NA,79.3,6.5,4.82412406469081,NA,0,NA
80427,"Darrius Heyward-Bey","PIT","WR",30,8,9,0.354,0.2292,0.4788,0.220617315730203,136,0.02125,16,0.2496,NA,121.7,16.7,8.13134121158992,NA,0,NA
2558049,"Michael Roberts","DET","TE",23,0,7,0.342,0.31,0.374,0.0565685424949238,69,5e-04,7,0.064,NA,NA,NA,2.13617474552083,NA,0,NA
2495347,"Lee Smith","OAK","TE",30,6,10,0.3415,0.2843,0.3987,0.101116269709676,70,0.0175,7,0.1144,NA,49.8,8.5,5.2501343188711,NA,0,NA
2550521,"Xavier Grimble","PIT","TE",25,3,9,0.3415,0.2651,0.4179,0.135057395206631,70,0.0375,7,0.1528,NA,64.3,4.6,3.57607030449216,NA,NA,NA
2508101,"James Develin","NE","RB",29,7,9,0.338,0.2666,0.3994,0.117379725676967,92,0.023,16,0.1328,NA,69.5,7.5,4.93499488230745,NA,0,NA
2555331,"Cody Core","CIN","WR",23,1,6,0.3355,0.2919,0.3791,0.0770746391493337,137,0.01,16,0.0871999999999999,NA,NA,NA,2.23494460659772,NA,0,NA
2554138,"Kasen Williams","CLE","WR",NA,2,9,0.33,0.33,0.33,NA,138,0.00949999999999995,16,0,NA,117.5,6.5,4.93618428897288,NA,0,NA
497320,"Andre Roberts","ATL","WR",29,7,5,0.321,0.3058,0.3362,0.0268700576850888,139,0.001,16,0.0304,NA,NA,NA,2.12101216875557,NA,NA,NA
2556773,"Hunter Sharp","DEN","WR",23,1,5,0.32,0.32,0.32,NA,140,0.00825000000000004,16,0,NA,NA,NA,NA,NA,0,NA
2558091,"Noah Brown","DAL","WR",NA,0,6,0.32,0.032,0.288,0.226274169979695,140,0.0232500000000001,16,0.256,NA,NA,NA,2.57353255567793,NA,1.4,NA
2556803,"C.J. Ham","MIN","RB",24,1,9,0.3185,0.0637000000000001,0.5733,0.450427019615831,93,0.01775,16,0.5096,NA,NA,NA,3.60781043504358,NA,0.8,NA
2555220,"Derek Watt","LAC","RB",25,1,9,0.3115,0.1823,0.4407,0.228395490323255,94,0.0265,16,0.2584,NA,80,1,2.53323083733383,NA,1.7,NA
2495211,"Niles Paul","WAS","TE",28,6,5,0.3065,0.2293,0.3837,0.136471608769004,72,0.00774999999999998,7,0.1544,NA,NA,NA,2.42872982390563,NA,1.6,NA
81284,"Chase Daniel","NO","QB",31,8,5,0.3054,0.08028,0.53052,0.397959696451789,32,0.0179,11,0.45024,NA,NA,NA,4.23998972892688,NA,0,NA
2556473,"Jace Billingsley","DET","WR",24,1,7,0.3035,0.2471,0.3599,0.0997020561473032,142,0.02325,16,0.1128,NA,NA,NA,2.28629443773785,NA,0,NA
2556478,"Ben Braunecker","CHI","TE",23,1,9,0.3015,0.1507,0.4523,0.266579256507328,73,0.0135,7,0.3016,NA,NA,NA,2.90510269490389,NA,0,NA
2559242,"Cooper Rush","DAL","QB",NA,0,6,0.2962,0.0784400000000001,0.51396,0.384948931677956,33,0.01915,11,0.43552,NA,NA,NA,4.20527878353174,NA,NA,NA
2540259,"MarQueis Gray","MIA","TE",27,4,1,0.296,0.2856,0.3064,0.0183847763108503,74,0.0257500000000001,7,0.0208,NA,69.5,6.5,4.20832004125457,NA,0,NA
2556528,"D.J. Foster","ARI","RB",NA,1,8,0.29,0.029,0.261,0.205060966544099,95,0.01825,17,0.232,NA,NA,NA,2.9116970764857,NA,2.6,NA
2558194,"Josh Reynolds","LAR","WR",22,0,8,0.29,0.029,0.261,0.205060966544099,143,0.02775,16,0.232,NA,125,13.2,6.60975291168946,NA,0,NA
2553439,"Mike Davis","SEA","RB",24,2,6,0.28,0.028,0.252,0.197989898732233,96,0.02325,17,0.224,NA,83.6,5.8,4.38000178167176,NA,5.9,NA
2541096,"Ifeanyi Momah","ARI","TE",28,4,8,0.28,0.028,0.252,0.197989898732233,75,0.0292499999999999,7,0.224,NA,NA,NA,2.65397134443198,NA,0,NA
2539335,"Geno Smith","NYG","QB",27,4,8,0.2788,0.07816,0.47944,0.354684761443172,34,0.0126,11,0.40128,NA,NA,NA,4.12453810619956,NA,0,NA
2555426,"Cardale Jones","LAC","QB",25,1,9,0.2753,0.0710600000000001,0.47954,0.361048722473851,35,0.0191000000000001,11,0.40848,NA,NA,NA,4.1415162860124,NA,0,NA
2550223,"Freddie Martino","TB","WR",26,3,1,0.2705,0.0541000000000001,0.4869,0.382544768621922,144,0.03025,16,0.4328,NA,NA,NA,2.92816732698942,NA,0,NA
2556762,"Elijhaa Penny","ARI","RB",24,1,8,0.2635,0.0527000000000001,0.4743,0.372645273685311,97,0.0235,17,0.4216,NA,NA,NA,3.38714049429036,NA,0,NA
2552660,"Randall Telfer","CLE","TE",25,2,9,0.2605,0.1793,0.3417,0.143542676580869,76,0.023,7,0.1624,NA,NA,NA,2.45461965385119,NA,0,NA
2533349,"Austin Davis","SEA","QB",28,5,6,0.2571,0.07702,0.43718,0.318339472890184,36,0.00864999999999999,11,0.36016,NA,NA,NA,4.027573834824,NA,0,NA
2495443,"Ryan Mallett","BAL","QB",29,6,10,0.2553,0.09906,0.41154,0.276195908731465,37,0.02335,11,0.31248,NA,NA,NA,3.91514055517452,NA,0,NA
2559368,"Chris Thompson","HOU","WR",NA,0,7,0.254,0.254,0.254,NA,145,0.034,16,0,NA,105,4,2.78770315262139,NA,0,NA
2543695,"Jay Prosch","HOU","RB",25,3,7,0.25,0.122,0.378,0.226274169979695,98,0.032,17,0.256,NA,84,7.8,5.20758270879117,NA,0,NA
2539228,"EJ Manuel","OAK","QB",27,4,10,0.2416,0.11292,0.36028,0.21863741674288,38,0.0196,11,0.24736,NA,NA,NA,3.76158235108949,NA,0,NA
2550206,"Ryan Hewitt","CIN","TE",26,3,6,0.241,0.2002,0.2818,0.0721248916810279,77,0.01075,7,0.0816,NA,NA,NA,2.19313237140105,NA,0,NA
2558023,"Eric Saubert","ATL","TE",23,0,5,0.234,0.2052,0.2628,0.0509116882454314,78,0.0195,7,0.0576,NA,NA,NA,2.11546288156438,NA,0,NA
2543551,"KaDeem Carey","FA","RB",25,3,NA,0.23,0.023,0.207,0.162634559672906,99,0.0415,17,0.184,NA,NA,NA,2.79133165425667,NA,0,NA
2553454,"Geoff Swaim","DAL","TE",NA,NA,6,0.2265,0.1429,0.3101,0.147785317267988,79,0.0255,7,0.1672,NA,58.8,6,4.22262229214767,NA,0,NA
2557896,"Stacy Coley","MIN","WR",NA,0,9,0.2265,0.1101,0.3429,0.205768073325285,146,0.02125,16,0.2328,NA,NA,NA,2.52699677120719,NA,0,NA
2555387,"Cody Kessler","CLE","QB",24,1,9,0.2223,0.06366,0.38094,0.280438549418585,39,0.00404999999999994,11,0.31728,NA,31.3,1.7,4.30814337166184,NA,0,NA
2539287,"Landry Jones","PIT","QB",28,4,9,0.2217,0.08274,0.36066,0.245648895784207,40,0.00785000000000002,11,0.27792,NA,NA,NA,3.83364529207288,NA,NA,NA
2507282,"Matt Moore","MIA","QB",33,10,1,0.2148,0.12296,0.30664,0.162351716960431,41,0.00225000000000003,11,0.18368,NA,NA,NA,3.61141978296702,NA,15.28,NA
2543750,"Jeff Janis","GB","WR",26,3,8,0.2135,0.1755,0.2515,0.067175144212722,147,0.023,16,0.076,NA,NA,NA,2.21247905547392,NA,0,NA
2556492,"Joe Callahan","GB","QB",24,1,8,0.2129,0.06178,0.36402,0.267144941932278,42,0.00999999999999998,11,0.30224,NA,NA,NA,3.89099381055181,NA,0,NA
2539275,"Mike Glennon","CHI","QB",28,4,9,0.2122,0.09364,0.33076,0.209586449943693,43,0.0207,11,0.23712,NA,NA,NA,3.73743560646678,NA,0,NA
2539980,"Kerwynn Williams","ARI","RB",26,4,8,0.206,0.1772,0.2348,0.0509116882454315,100,0.0355,17,0.0576,NA,71.9,4.3,3.58077404335915,NA,1.8,NA
2535535,"Phillip Supernaw","TEN","TE",27,5,8,0.2025,0.1445,0.2605,0.102530483272049,80,0.0295,7,0.116,NA,NA,NA,2.30445864016695,NA,0,NA
2535943,"Sean McGrath","LAC","TE",30,5,9,0.1995,0.1679,0.2311,0.0558614357137372,81,0.05925,7,0.0632,NA,NA,NA,2.13358576252627,NA,1,NA
2556190,"Jakeem Grant","MIA","WR",25,1,1,0.197,0.1834,0.2106,0.0240416305603426,148,0.0215,16,0.0272,NA,NA,NA,2.11459343986305,NA,NA,NA
2495748,"Drew Stanton","ARI","QB",33,10,8,0.1936,0.12512,0.26208,0.121056680939137,44,0.01505,11,0.13696,NA,28.9,1.6,3.94947094895493,NA,0,NA
2508123,"T.J. Yates","HOU","QB",30,6,7,0.1894,0.06668,0.31212,0.216940360468033,45,0.02465,11,0.24544,NA,NA,NA,3.75705483647273,NA,0,NA
2552654,"Geremy Davis","FA","WR",25,2,NA,0.184,0.1632,0.2048,0.0367695526217005,149,0.0405,16,0.0416,NA,NA,NA,2.14347771987937,NA,0,NA
2550235,"Roosevelt Nix","PIT","RB",NA,NA,9,0.171,0.0502,0.2918,0.213546247918337,101,0.00325,17,0.2416,NA,89.5,13.5,7.43378638662953,NA,0,NA
2550289,"David Fluellen","TEN","RB",25,3,8,0.17,0.17,0.17,NA,102,0.01325,17,0,NA,NA,NA,NA,NA,0,NA
2532842,"Nick Foles","PHI","QB",28,5,10,0.1677,0.09434,0.24106,0.129683383669613,46,0.00799999999999998,11,0.14672,NA,NA,NA,3.52426512659444,NA,0,NA
2535988,"Brittan Golden","ARI","WR",29,5,8,0.167,0.1166,0.2174,0.089095454429505,150,0.062,16,0.1008,NA,NA,NA,2.26222420439092,NA,0,NA
2555218,"Dan Vitale","CLE","RB",NA,1,9,0.1655,0.1051,0.2259,0.106773123959169,103,0.0295,17,0.1208,NA,NA,NA,2.63285051498844,NA,0,NA
2552576,"Sean Mannion","LAR","QB",25,2,8,0.1618,0.05156,0.27204,0.194878628895012,47,0.01725,11,0.22048,NA,NA,NA,3.69819714645488,NA,0,NA
2558125,"Patrick Mahomes","KC","QB",NA,0,10,0.1576,0.1576,0.1576,NA,48,0.04235,11,0,NA,NA,NA,NA,NA,0,NA
2552464,"Jalston Fowler","TEN","RB",NA,NA,8,0.148,0.0936,0.2024,0.0961665222413705,104,0.03575,17,0.1088,NA,87,1,2.34566138769359,NA,0,NA
2534241,"Derek Carrier","LAR","TE",27,5,8,0.1465,0.0877,0.2053,0.103944696834423,82,0.034,7,0.1176,NA,65.5,5.5,3.91977412620769,NA,0,NA
2553318,"James OShaughnessy","FA","TE",NA,NA,NA,0.134,0.13,0.138,0.00707106781186546,83,0.0885,7,0.00799999999999998,NA,NA,NA,1.95494593590192,NA,1.2,NA
1037347,"Joe Webb","BUF","QB",31,7,6,0.1315,0.0423,0.2207,0.1576848122046,49,0.0383,11,0.1784,NA,NA,NA,3.59896911777094,NA,0,NA
2539289,"Kenjon Barner","PHI","RB",28,4,10,0.124,0.0792,0.0888,0.00848528137423858,105,0.02375,17,0.0096,NA,81.3,23.4,11.0408259254725,NA,8.6,NA
2558129,"Isaiah McKenzie","DEN","WR",22,0,5,0.12,0.012,0.108,0.0848528137423857,151,0.04225,16,0.096,NA,126.8,9.8,5.01238775000449,NA,0,NA
2495340,"Anthony Sherman","KC","RB",29,6,10,0.1005,0.0849,0.1161,0.0275771644662753,106,0.0205,17,0.0312,NA,NA,NA,2.40816839349426,NA,1.1,NA
2552636,"Michael Burton","DET","RB",25,2,7,0.1,0.1,0.1,NA,107,0.07,17,0,NA,NA,NA,NA,NA,0,NA
81294,"Brian Hoyer","NE","QB",32,8,9,0.099,0.0822,0.1158,0.029698484809835,50,0.0147,11,0.0336,NA,NA,NA,3.25751905709047,NA,0,NA
2507883,"Jeff Cumberland","FA","TE",30,7,NA,0.091,0.0182,0.1638,0.128693434175952,84,0.091,7,0.1456,NA,NA,NA,2.40025101096552,NA,0.2,NA
497270,"Arrelious Benn","JAC","WR",29,7,8,0.09,0.00900000000000001,0.081,0.0636396103067893,152,0.04225,16,0.072,NA,99,8.5,4.42971242120617,NA,0,NA
2543497,"AJ McCarron","CIN","QB",27,3,6,0.0874,0.07188,0.10292,0.027435743110038,51,0.0108,11,0.03104,NA,NA,NA,3.25148237093479,NA,0,NA
2556232,"Jake Rudock","DET","QB",24,1,7,0.0812,0.03544,0.12696,0.080893015767741,52,0.0137,11,0.09152,NA,NA,NA,3.39409908136266,NA,0,NA
2506562,"Matt Cassel","TEN","QB",35,12,8,0.072,0.0252,0.0668,0.0367695526217005,53,0.0103,11,0.0416,NA,NA,NA,3.27638370132696,NA,0,NA
2507029,"Eric Weems","TEN","WR",32,10,8,0.0655,0.0451,0.0859,0.0360624458405139,153,0.0505,16,0.0408,NA,NA,NA,2.14187303765625,NA,0,NA
2505982,"Matt Schaub","ATL","QB",36,13,5,0.063,0.0482,0.0498,0.0014142135623731,54,0.0108,11,0.0016,NA,NA,NA,3.1820604801445,NA,0,NA
497123,"Colt McCoy","WAS","QB",31,7,5,0.0604,0.03768,0.08312,0.0401636651713959,55,0.0207,11,0.04544,NA,NA,NA,3.28543873056047,NA,0,NA
2550400,"Keith Smith","DAL","RB",25,3,6,0.06,0.06,0.06,NA,108,0.06,0,0,NA,NA,NA,NA,NA,0,NA
252,"Chad Henne","JAC","QB",32,9,8,0.044,0.028,0.06,0.0282842712474619,56,0.0223,11,0.032,NA,NA,NA,3.25374612824317,NA,0,NA
2539308,"Matt Barkley","ARI","QB",27,4,8,0.0354,0.0354,0.0354,NA,57,0.0314,12,0,NA,NA,NA,NA,NA,0,NA
2552431,"Vince Mayle","BAL","WR",NA,NA,10,0.03,0.003,0.027,0.0212132034355964,154,0.03,16,0.024,NA,NA,NA,2.10817471097054,NA,0,NA
2506895,"Kellen Clemens","LAC","QB",34,11,9,0.008,0.000800000000000001,0.0072,0.00565685424949238,58,0.008,12,0.0064,NA,31.2,1.3,3.35733180550015,NA,1.02,NA
184,"Donnie Avery","FA","WR",33,9,NA,0,0,0,NA,155,0,16,0,NA,NA,NA,NA,NA,NA,NA
206,"Andre Caldwell","FA","WR",32,9,NA,0,0,0,NA,155,0,16,0,NA,NA,NA,NA,NA,NA,NA
222,"Harry Douglas","TEN","WR",33,9,8,0,0,0,NA,155,0,16,0,NA,NA,NA,NA,NA,0,NA
230,"Jerome Felton","FA","RB",31,9,NA,0,0,0,NA,109,0,0,0,NA,NA,NA,NA,NA,0,NA
262,"Chris Johnson","FA","RB",32,9,NA,0,0,0,NA,109,0,0,0,NA,NA,NA,NA,NA,0,NA
264,"Josh Johnson","HOU","QB",31,9,7,0,0,0,NA,59,0,12,0,NA,NA,NA,NA,NA,0,NA
768,"Steve Johnson","FA","WR",31,9,NA,0,0,0,NA,155,0,16,0,NA,NA,NA,NA,NA,0,NA
927,"Justin Forsett","FA","RB",32,9,NA,0,0,0,NA,109,0,0,0,NA,NA,NA,NA,NA,0,NA
1060,"Gary Barnidge","FA","TE",32,9,NA,0,0,0,NA,85,0,7,0,NA,NA,NA,NA,NA,0,NA
1990,"Eddie Royal","FA","WR",31,9,NA,0,0,0,NA,155,0,16,0,NA,NA,NA,NA,NA,0,NA
4383,"Tim Hightower","FA","RB",31,9,NA,0,0,0,NA,109,0,0,0,NA,NA,NA,NA,NA,0,NA
4433,"Marcel Reece","FA","RB",32,9,NA,0,0,0,NA,109,0,0,0,NA,NA,NA,NA,NA,0,NA
71345,"Rashad Jennings","FA","RB",32,8,NA,0,0,0,NA,109,0,0,0,NA,NA,NA,NA,NA,0,NA
71417,"Jordan Norwood","FA","WR",31,8,NA,0,0,0,NA,155,0,16,0,NA,NA,NA,NA,NA,0,NA
71435,"John Phillips","NO","TE",30,8,5,0,0,0,NA,85,0,7,0,NA,NA,NA,NA,NA,0,NA
79589,"David Johnson","FA","TE",30,8,NA,0,0,0,NA,85,0,7,0,NA,NA,NA,NA,NA,0,NA
79629,"Cedric Peerman","CIN","RB",31,8,6,0,0,0,0,109,0,17,0,NA,NA,NA,2.32993086904539,NA,0,NA
79858,"Mark Sanchez","CHI","QB",31,8,9,0,0,0,0,59,0,12,0,NA,NA,NA,3.17828755129721,NA,0,NA
89766,"Brandon Myers","FA","TE",32,8,NA,0,0,0,NA,85,0,7,0,NA,NA,NA,NA,NA,0,NA
89798,"Antone Smith","FA","RB",32,8,NA,0,0,0,NA,109,0,0,0,NA,NA,NA,NA,NA,0,NA
163982,"Will Johnson","NYG","RB",28,6,8,0,0,0,NA,109,0,0,0,NA,NA,NA,NA,NA,NA,NA
238457,"Zach Miller","CHI","TE",33,8,9,0,0,0,NA,85,0,7,0,NA,NA,NA,NA,NA,0,NA
238498,"Julian Edelman","NE","WR",31,8,9,0,0,0,NA,155,0,16,0,NA,NA,NA,NA,NA,0,NA
497095,"Sam Bradford","MIN","QB",30,7,9,0,0,0,NA,59,0,12,0,NA,NA,NA,NA,NA,0,NA
497135,"Tim Tebow","FA","QB",30,7,NA,0,0,0,NA,59,0,12,0,NA,NA,NA,NA,NA,NA,NA
497188,"Ryan Mathews","FA","RB",30,7,NA,0,0,0,NA,109,0,0,0,NA,NA,NA,NA,NA,0,NA
497190,"Dexter McCluster","FA","WR",29,7,NA,0,0,0,NA,155,0,16,0,NA,NA,NA,NA,NA,0,NA
497204,"C.J. Spiller","KC","RB",30,7,10,0,0,0,0,109,0,17,0,NA,NA,NA,2.32993086904539,NA,0,NA
497206,"James Starks","FA","RB",31,7,NA,0,0,0,NA,109,0,0,0,NA,NA,NA,NA,NA,0,NA
497226,"Jim Dray","FA","TE",31,7,NA,0,0,0,NA,85,0,7,0,NA,NA,NA,NA,NA,0,NA
497242,"Clay Harbor","NO","TE",30,7,5,0,0,0,NA,85,0,7,0,NA,NA,NA,NA,NA,0,NA
497254,"Dennis Pitta","FA","TE",32,7,NA,0,0,0,NA,85,0,7,0,NA,NA,NA,NA,NA,0,NA
497286,"Marcus Easley","BUF","WR",30,7,6,0,0,0,NA,155,0,16,0,NA,NA,NA,NA,NA,NA,NA
1037885,"Marc Mariani","FA","WR",30,7,NA,0,0,0,NA,155,0,16,0,NA,NA,NA,NA,NA,0,NA
2495159,"Dwayne Harris","NYG","WR",30,6,8,0,0,0,NA,155,0,16,0,NA,NA,NA,NA,NA,0,NA
2495186,"Colin Kaepernick","FA","QB",30,6,NA,0,0,0,NA,59,0,12,0,NA,NA,NA,NA,NA,0,NA
2495258,"Matt Asiata","FA","RB",30,6,NA,0,0,0,NA,109,0,0,0,NA,NA,NA,NA,NA,0,NA
2495259,"Dan Bailey","DAL","K",29,6,6,0,0,0,NA,29,0,6,0,NA,NA,NA,NA,NA,0,NA
2495461,"Shaun Draughn","FA","RB",30,6,NA,0,0,0,NA,109,0,0,0,NA,NA,NA,NA,NA,0,NA
2495467,"Taiwan Jones","BUF","RB",29,6,6,0,0,0,NA,109,0,0,0,NA,NA,NA,NA,NA,0,NA
2495470,"Stevan Ridley","FA","RB",28,6,NA,0,0,0,0,109,0,17,0,NA,NA,NA,2.32993086904539,NA,0,NA
2495893,"Brandon Marshall","NYG","WR",33,11,8,0,0,0,NA,155,0,16,0,NA,NA,NA,NA,NA,0,NA
2495979,"DeAngelo Williams","FA","RB",34,11,NA,0,0,0,NA,109,0,0,0,NA,NA,NA,NA,NA,0,NA
2499277,"David Ausberry","FA","TE",30,6,NA,0,0,0,NA,85,0,7,0,NA,NA,NA,NA,NA,NA,NA
2504162,"Shayne Graham","FA","K",NA,NA,NA,0,0,0,NA,29,0,6,0,NA,NA,NA,NA,NA,NA,NA
2504257,"Sebastian Janikowski","OAK","K",39,17,10,0,0,0,0,29,0,7,0,NA,NA,NA,1.76080520892187,NA,NA,NA
2504833,"Shaun Hill","FA","QB",NA,NA,NA,0,0,0,NA,59,0,12,0,NA,NA,NA,NA,NA,0,NA
2505245,"Carson Palmer","ARI","QB",38,14,8,0,0,0,NA,59,0,12,0,NA,NA,NA,NA,NA,0,NA
2505354,"Tony Romo","FA","QB",37,14,NA,0,0,0,NA,59,0,12,0,NA,NA,NA,NA,NA,0,NA
2505587,"Anquan Boldin","FA","WR",37,14,NA,0,0,0,NA,155,0,16,0,NA,NA,NA,NA,NA,0,NA
2506053,"Luke McCown","FA","QB",36,13,NA,0,0,0,NA,59,0,12,0,NA,NA,NA,NA,NA,0,NA
2506147,"John Kuhn","FA","RB",35,11,NA,0,0,0,0,109,0,17,0,NA,NA,NA,2.32993086904539,NA,0,NA
2506363,"Aaron Rodgers","GB","QB",34,12,8,0,0,0,NA,59,0,12,0,NA,NA,NA,NA,NA,0,NA
2506400,"Vincent Jackson","FA","WR",34,12,NA,0,0,0,NA,155,0,16,0,NA,NA,NA,NA,NA,0,NA
2506467,"Darren Sproles","PHI","RB",34,12,10,0,0,0,NA,109,0,0,0,NA,NA,NA,NA,NA,0,NA
2507225,"Nick Folk","FA","K",33,10,NA,0,0,0,0,29,0,6,0,NA,NA,NA,1.76080520892187,NA,0,NA
2507401,"Dan Carpenter","FA","K",32,9,NA,0,0,0,NA,29,0,6,0,NA,NA,NA,NA,NA,0,NA
2507405,"Matthew Mulligan","DET","TE",32,9,7,0,0,0,NA,85,0,7,0,NA,NA,NA,NA,NA,NA,NA
2507428,"Mike Tolbert","BUF","RB",32,9,6,0,0,0,NA,109,0,0,0,NA,62.9,4.8,5.08090827085295,NA,0,NA
2507486,"Kellen Davis","FA","TE",32,9,NA,0,0,0,NA,85,0,7,0,NA,NA,NA,NA,NA,0,NA
2507855,"Victor Cruz","FA","WR",31,7,NA,0,0,0,NA,155,0,16,0,NA,NA,NA,NA,NA,0,NA
2508097,"Andrew Hawkins","FA","WR",31,6,NA,0,0,0,NA,155,0,16,0,NA,NA,NA,NA,NA,0,NA
2530515,"Chris Hogan","NE","WR",29,6,9,0,0,0,NA,155,0,16,0,NA,58.7,15.6,12.7566556252923,NA,0,NA
2530598,"Jeremy Ross","FA","WR",29,6,NA,0,0,0,NA,155,0,16,0,NA,NA,NA,NA,NA,0,NA
2530690,"DuJuan Harris","FA","RB",29,6,NA,0,0,0,NA,109,0,0,0,NA,NA,NA,NA,NA,0,NA
2531332,"Terrelle Pryor","WAS","WR",28,6,5,0,0,0,NA,155,0,16,0,NA,84.9,7.1,5.45181976169723,NA,0,NA
2532853,"Ladarius Green","FA","TE",27,5,NA,0,0,0,NA,85,0,7,0,NA,NA,NA,NA,NA,0,NA
2532917,"Kellen Moore","FA","QB",28,5,NA,0,0,0,0,59,0,12,0,NA,NA,NA,3.17828755129721,NA,0,NA
2532956,"Ryan Tannehill","MIA","QB",29,5,1,0,0,0,NA,59,0,12,0,NA,NA,NA,NA,NA,0,NA
2532970,"Brandon Weeden","TEN","QB",34,5,8,0,0,0,NA,59,0,12,0,NA,NA,NA,NA,NA,0,NA
2533033,"Robert Griffin","FA","QB",27,5,NA,0,0,0,NA,59,0,12,0,NA,NA,NA,NA,NA,0,NA
2533038,"Justin Blackmon","FA","WR",27,5,NA,0,0,0,NA,155,0,16,0,NA,NA,NA,NA,NA,NA,NA
2533353,"Cory Harkey","FA","TE",27,5,NA,0,0,0,NA,85,0,7,0,NA,NA,NA,NA,NA,0,NA
2533437,"Ronnie Hillman","FA","RB",26,5,NA,0,0,0,NA,109,0,0,0,NA,NA,NA,NA,NA,0,NA
2534437,"Austin Johnson","FA","RB",28,4,NA,0,0,0,NA,109,0,0,0,NA,NA,NA,NA,NA,0,NA
2534571,"Bobby Rainey","BAL","RB",30,5,10,0,0,0,0,109,0,17,0,NA,NA,NA,2.32993086904539,NA,0,NA
2534770,"Jonathan Grimes","FA","RB",28,5,NA,0,0,0,NA,109,0,0,0,NA,NA,NA,NA,NA,0,NA
2534789,"Daryl Richardson","FA","RB",27,5,NA,0,0,0,NA,109,0,0,0,NA,NA,NA,NA,NA,0,NA
2534870,"Alex Tanney","FA","QB",30,5,NA,0,0,0,NA,59,0,12,0,NA,NA,NA,NA,NA,0,NA
2534871,"Derrick Coleman","ATL","RB",27,5,5,0,0,0,NA,109,0,0,0,NA,83.9,5,5.23840009479489,NA,0,NA
2534889,"Matt Simms","FA","QB",29,5,NA,0,0,0,NA,59,0,12,0,NA,NA,NA,NA,NA,0,NA
2535138,"Greg Scruggs","NE","TE",27,5,9,0,0,0,NA,85,0,7,0,NA,NA,NA,NA,NA,NA,NA
2535696,"Joe Banyard","BUF","RB",29,5,6,0,0,0,0,109,0,17,0,NA,NA,NA,2.32993086904539,NA,0,NA
2535724,"Dominique Jones","FA","TE",30,5,NA,0,0,0,NA,85,0,7,0,NA,NA,NA,NA,NA,NA,NA
2535876,"Griff Whalen","FA","WR",27,5,NA,0,0,0,NA,155,0,16,0,NA,NA,NA,NA,NA,0,NA
2535890,"Travaris Cadet","BUF","RB",28,5,6,0,0,0,0,109,0,17,0,NA,83.5,10.5,5.94967806112188,NA,5.6,NA
2536071,"Cooper Helfet","OAK","TE",28,6,10,0,0,0,NA,85,0,7,0,NA,NA,NA,NA,NA,0,NA
2536342,"Brandon Bostick","FA","TE",28,5,NA,0,0,0,NA,85,0,7,0,NA,NA,NA,NA,NA,NA,NA
2537931,"Josh Gordon","CLE","WR",26,5,9,0,0,0,NA,155,0,16,0,NA,NA,NA,NA,NA,0,NA
2537933,"Larry Donnell","FA","TE",29,5,NA,0,0,0,NA,85,0,7,0,NA,NA,NA,NA,NA,0,NA
2539203,"Cobi Hamilton","FA","WR",27,4,NA,0,0,0,NA,155,0,16,0,NA,NA,NA,NA,NA,0,NA
2539227,"Dustin Hopkins","WAS","K",27,4,5,0,0,0,NA,29,0,6,0,NA,NA,NA,NA,NA,0,NA
2539250,"Quinton Patton","FA","WR",27,4,NA,0,0,0,NA,155,0,16,0,NA,NA,NA,NA,NA,0,NA
2539260,"Denard Robinson","FA","RB",27,4,NA,0,0,0,NA,109,0,0,0,NA,NA,NA,NA,NA,0,NA
2539315,"Stepfan Taylor","FA","RB",26,4,NA,0,0,0,NA,109,0,0,0,NA,NA,NA,NA,NA,0,NA
2539637,"Caleb Sturgis","PHI","K",28,4,10,0,0,0,NA,29,0,6,0,NA,NA,NA,NA,NA,0,NA
2539961,"Ryan Nassib","FA","QB",27,4,NA,0,0,0,0,59,0,12,0,NA,NA,NA,3.17828755129721,NA,0,NA
2539995,"Mychal Rivera","JAC","TE",27,4,8,0,0,0,NA,85,0,7,0,NA,NA,NA,NA,NA,0,NA
2540005,"Marlon Brown","DEN","WR",26,4,5,0,0,0,NA,155,0,16,0,NA,NA,NA,NA,NA,0,NA
2540148,"Tyler Eifert","CIN","TE",27,4,6,0,0,0,NA,85,0,7,0,NA,NA,NA,NA,NA,0,NA
2540157,"Stedman Bailey","FA","WR",27,4,NA,0,0,0,NA,155,0,16,0,NA,NA,NA,NA,NA,NA,NA
2540160,"Jordan Reed","WAS","TE",27,4,5,0,0,0,NA,85,0,7,0,NA,18.1,6.5,6.42027041869433,NA,0,NA
2540173,"Tyler Bray","KC","QB",26,4,10,0,0,0,NA,59,0,12,0,NA,NA,NA,NA,NA,0,NA
2540178,"Knile Davis","FA","RB",26,4,NA,0,0,0,NA,109,0,0,0,NA,NA,NA,NA,NA,0,NA
2540181,"Josh Boyce","FA","WR",26,4,NA,0,0,0,NA,155,0,16,0,NA,NA,NA,NA,NA,0,NA
2540204,"Spencer Ware","KC","RB",26,4,10,0,0,0,NA,109,0,0,0,NA,NA,NA,NA,NA,0,NA
2540211,"Gavin Escobar","BAL","TE",26,4,10,0,0,0,0,85,0,7,0,NA,65.5,1.5,1.94876633123782,NA,0,NA
2540224,"Mike James","DET","RB",26,4,7,0,0,0,0,109,0,17,0,NA,NA,NA,2.32993086904539,NA,0,NA
2540225,"Tommy Bohanon","JAC","RB",27,4,8,0,0,0,NA,109,0,0,0,NA,80.7,4.3,4.68717871099808,NA,0.3,NA
2540261,"Corey Fuller","NO","WR",27,4,5,0,0,0,NA,155,0,16,0,NA,NA,NA,NA,NA,0,NA
2541185,"Ryan Griffin","TB","QB",28,4,1,0,0,0,NA,59,0,12,0,NA,NA,NA,NA,NA,0,NA
2541316,"Ryan Griffin","HOU","TE",27,4,7,0,0,0,NA,85,0,7,0,NA,NA,NA,NA,NA,0,NA
2541512,"Brian Leonhardt","OAK","TE",27,4,10,0,0,0,NA,85,0,7,0,NA,NA,NA,NA,NA,NA,NA
2541828,"Frankie Hammond","FA","WR",NA,NA,NA,0,0,0,NA,155,0,16,0,NA,NA,NA,NA,NA,0,NA
2541883,"Eric Rogers","FA","WR",26,4,NA,0,0,0,NA,155,0,16,0,NA,NA,NA,NA,NA,0,NA
2541910,"George Winn","NYG","RB",27,4,8,0,0,0,0,109,0,17,0,NA,NA,NA,2.32993086904539,NA,0,NA
2541940,"Rashad Ross","FA","WR",27,4,NA,0,0,0,NA,155,0,16,0,NA,NA,NA,NA,NA,0,NA
2542022,"Khiry Robinson","FA","RB",28,4,NA,0,0,0,NA,109,0,0,0,NA,NA,NA,NA,NA,0,NA
2542060,"Jordan Gay","FA","K",NA,NA,NA,0,0,0,NA,29,0,6,0,NA,NA,NA,NA,NA,0,NA
2542065,"Matt McGloin","FA","QB",28,4,NA,0,0,0,0,59,0,12,0,NA,NA,NA,3.17828755129721,NA,0,NA
2543481,"Jace Amaro","FA","TE",25,3,NA,0,0,0,NA,85,0,7,0,NA,NA,NA,NA,NA,0,NA
2543496,"Odell Beckham","NYG","WR",25,3,8,0,0,0,NA,155,0,16,0,NA,NA,NA,NA,NA,0,NA
2543502,"Tre Mason","FA","RB",24,3,NA,0,0,0,NA,109,0,0,0,NA,NA,NA,NA,NA,NA,NA
2543509,"Allen Robinson","JAC","WR",24,3,8,0,0,0,NA,155,0,16,0,NA,NA,NA,NA,NA,0,NA
2543565,"Andre Williams","LAC","RB",25,3,9,0,0,0,0,109,0,17,0,NA,84,6,4.177895041775,NA,0.2,NA
2543570,"Storm Johnson","FA","RB",25,3,NA,0,0,0,NA,109,0,0,0,NA,NA,NA,NA,NA,0,NA
2543583,"Devonta Freeman","ATL","RB",25,3,5,0,0,0,NA,109,0,0,0,NA,79.5,4.4,4.76592462296906,NA,0,NA
2543587,"Aaron Murray","FA","QB",27,3,NA,0,0,0,NA,59,0,12,0,NA,NA,NA,NA,NA,0,NA
2543596,"Dri Archer","FA","RB",26,3,NA,0,0,0,NA,109,0,0,0,NA,NA,NA,NA,NA,NA,NA
2543603,"Jeremy Hill","CIN","RB",25,3,6,0,0,0,NA,109,0,0,0,NA,NA,NA,NA,NA,0,NA
2543605,"Zach Mettenberger","FA","QB",26,3,NA,0,0,0,NA,59,0,12,0,NA,NA,NA,NA,NA,0,NA
2543619,"Walt Powell","FA","WR",26,3,NA,0,0,0,NA,155,0,16,0,NA,NA,NA,NA,NA,0,NA
2543655,"Tyler Gaffney","JAC","RB",26,3,8,0,0,0,NA,109,0,0,0,NA,NA,NA,NA,NA,0,NA
2543682,"Bishop Sankey","MIN","RB",25,3,9,0,0,0,0,109,0,17,0,NA,NA,NA,2.32993086904539,NA,0,NA
2543689,"Kevin Norwood","NYG","WR",28,3,8,0,0,0,NA,155,0,16,0,NA,NA,NA,NA,NA,0,NA
2543704,"Lorenzo Taliaferro","FA","RB",26,3,NA,0,0,0,NA,109,0,0,0,NA,NA,NA,NA,NA,0,NA
2543746,"Josh Huff","FA","WR",26,3,NA,0,0,0,NA,155,0,16,0,NA,NA,NA,NA,NA,0,NA
2543751,"David Fales","MIA","QB",27,3,1,0,0,0,NA,59,0,12,0,NA,NA,NA,NA,NA,0,NA
2543774,"Jared Abbrederis","FA","WR",27,3,NA,0,0,0,0,155,0,16,0,NA,NA,NA,2.06003424427667,NA,0,NA
2543781,"Zach Hocker","FA","K",26,3,NA,0,0,0,NA,29,0,6,0,NA,NA,NA,NA,NA,NA,NA
2543794,"Crockett Gillmore","FA","TE",26,3,NA,0,0,0,NA,85,0,7,0,NA,NA,NA,NA,NA,0,NA
2550182,"Isaiah Burse","LAC","WR",26,3,9,0,0,0,NA,155,0,16,0,NA,NA,NA,NA,NA,0,NA
2550183,"Jeremy Butler","BUF","WR",26,3,6,0,0,0,NA,155,0,16,0,NA,NA,NA,NA,NA,0,NA
2550216,"Jonathan Krause","FA","WR",NA,NA,NA,0,0,0,NA,155,0,16,0,NA,NA,NA,NA,NA,0,NA
2550243,"Justin Perillo","FA","TE",26,3,NA,0,0,0,NA,85,0,7,0,NA,NA,NA,NA,NA,0,NA
2550246,"Bernard Reedy","TB","WR",26,3,1,0,0,0,NA,155,0,16,0,NA,NA,NA,NA,NA,0,NA
2550252,"Connor Shaw","FA","QB",26,3,NA,0,0,0,0,59,0,12,0,NA,NA,NA,3.17828755129721,NA,0,NA
2550263,"Juwan Thompson","FA","RB",25,3,NA,0,0,0,NA,109,0,0,0,NA,NA,NA,NA,NA,0,NA
2550353,"Allen Hurns","JAC","WR",26,3,8,0,0,0,NA,155,0,16,0,NA,75.4,13.3,10.7800529798489,NA,0,NA
2550359,"Seantavius Jones","FA","WR",25,3,NA,0,0,0,NA,155,0,16,0,NA,NA,NA,NA,NA,0,NA
2550376,"Stephen Morris","FA","QB",25,3,NA,0,0,0,NA,59,0,12,0,NA,NA,NA,NA,NA,0,NA
2550454,"Asante Cleveland","LAC","TE",25,3,9,0,0,0,NA,85,0,7,0,NA,NA,NA,NA,NA,0,NA
2550459,"Javontee Herndon","FA","WR",26,3,NA,0,0,0,NA,155,0,16,0,NA,NA,NA,NA,NA,0,NA
2550474,"Antonio Andrews","FA","RB",25,3,NA,0,0,0,NA,109,0,0,0,NA,NA,NA,NA,NA,0,NA
2550540,"George Atkinson","FA","RB",25,3,NA,0,0,0,NA,109,0,0,0,NA,NA,NA,NA,NA,NA,NA
2550542,"Kapri Bibbs","FA","RB",24,3,NA,0,0,0,NA,109,0,0,0,NA,NA,NA,NA,NA,0,NA
2550546,"Philly Brown","FA","WR",26,3,NA,0,0,0,0,155,0,16,0,NA,NA,NA,2.06003424427667,NA,0,NA
2550596,"Darrin Reaves","FA","RB",24,3,NA,0,0,0,NA,109,0,0,0,NA,NA,NA,NA,NA,0,NA
2550608,"RaShaun Allen","SEA","TE",27,3,6,0,0,0,0,85,0,7,0,NA,NA,NA,1.92905610595636,NA,0,NA
2550633,"Senorise Perry","MIA","RB",26,3,1,0,0,0,NA,109,0,0,0,NA,NA,NA,NA,NA,0,NA
2550636,"Cairo Santos","FA","K",26,3,NA,0,0,0,NA,29,0,6,0,NA,NA,NA,NA,NA,NA,NA
2550738,"Fitzgerald Toussaint","FA","RB",27,3,NA,0,0,0,NA,109,0,0,0,NA,NA,NA,NA,NA,0,NA
2551357,"Glenn Winston","CLE","RB",28,3,9,0,0,0,NA,109,0,0,0,NA,NA,NA,NA,NA,NA,NA
2551359,"Jerome Cunningham","FA","TE",26,3,NA,0,0,0,NA,85,0,7,0,NA,NA,NA,NA,NA,NA,NA
2552371,"Garrett Grayson","FA","QB",26,2,NA,0,0,0,NA,59,0,12,0,NA,NA,NA,NA,NA,0,NA
2552376,"David Cobb","FA","RB",24,2,NA,0,0,0,NA,109,0,0,0,NA,NA,NA,NA,NA,0,NA
2552379,"Jeremy Langford","BAL","RB",26,2,10,0,0,0,NA,109,0,0,0,NA,NA,NA,NA,NA,0,NA
2552380,"Karlos Williams","FA","RB",24,2,NA,0,0,0,NA,109,0,0,0,NA,NA,NA,NA,NA,NA,NA
2552382,"Malcolm Brown","LAR","RB",24,2,8,0,0,0,NA,109,0,0,0,NA,NA,NA,NA,NA,0,NA
2552399,"Jeff Heuerman","DEN","TE",25,2,5,0,0,0,NA,85,0,7,0,NA,46.8,5.1,5.17376813728531,NA,0,NA
2552401,"MyCole Pruitt","FA","TE",25,2,NA,0,0,0,NA,85,0,7,0,NA,NA,NA,NA,NA,0,NA
2552411,"Dezmin Lewis","FA","WR",25,2,NA,0,0,0,NA,155,0,16,0,NA,NA,NA,NA,NA,0,NA
2552420,"Keith Mumphery","FA","WR",25,2,NA,0,0,0,NA,155,0,16,0,NA,NA,NA,NA,NA,0,NA
2552421,"Kenny Bell","BAL","WR",25,2,10,0,0,0,NA,155,0,16,0,NA,NA,NA,NA,NA,0,NA
2552425,"Rashad Greene","JAC","WR",25,2,8,0,0,0,0,155,0,16,0,NA,NA,NA,2.06003424427667,NA,0,NA
2552429,"Ty Montgomery","GB","RB",24,2,8,0,0,0,NA,109,0,0,0,NA,43.7,10.7,9.72691707714032,NA,0,NA
2552462,"Gerald Christian","FA","TE",26,2,NA,0,0,0,NA,85,0,7,0,NA,NA,NA,NA,NA,0,NA
2552479,"DaRon Brown","KC","WR",26,2,10,0,0,0,NA,155,0,16,0,NA,NA,NA,NA,NA,0,NA
2552491,"Dorial Green-Beckham","FA","WR",24,2,NA,0,0,0,NA,155,0,16,0,NA,NA,NA,NA,NA,0,NA
2552580,"A.J. Derby","DEN","TE",26,2,5,0,0,0,NA,85,0,7,0,NA,28.3,3.3,3.57112234690229,NA,0,NA
2552647,"Marcus Murphy","FA","RB",26,2,NA,0,0,0,NA,109,0,0,0,NA,NA,NA,NA,NA,0,NA
2552650,"Mario Alford","FA","WR",NA,NA,NA,0,0,0,NA,155,0,16,0,NA,NA,NA,NA,NA,0,NA
2552652,"Chris Conley","KC","WR",25,2,10,0,0,0,NA,155,0,16,0,NA,NA,NA,NA,NA,0,NA
2553112,"Jason Myers","FA","K",NA,NA,NA,0,0,0,0,29,0,6,0,NA,NA,NA,1.76080520892187,NA,NA,NA
2553292,"Kennard Backman","FA","TE",24,2,NA,0,0,0,NA,85,0,7,0,NA,NA,NA,NA,NA,0,NA
2553435,"David Johnson","ARI","RB",26,2,8,0,0,0,NA,109,0,0,0,NA,NA,NA,NA,NA,0,NA
2553457,"Trevor Siemian","DEN","QB",NA,NA,5,0,0,0,0,59,0,12,0,NA,33.2,1.4,3.49585382996723,NA,0,NA
2553511,"John Crockett","FA","RB",25,2,NA,0,0,0,NA,109,0,0,0,NA,NA,NA,NA,NA,0,NA
2553554,"Matt Lengel","CLE","TE",NA,NA,9,0,0,0,NA,85,0,7,0,NA,NA,NA,NA,NA,0,NA
2553568,"Cameron Meredith","CHI","WR",NA,NA,9,0,0,0,NA,155,0,16,0,NA,NA,NA,NA,NA,0,NA
2553648,"Andrew Franks","FA","K",24,2,NA,0,0,0,0,29,0,6,0,NA,NA,NA,1.76080520892187,NA,NA,NA
2553652,"Chris Harper","FA","WR",NA,NA,NA,0,0,0,NA,155,0,16,0,NA,NA,NA,NA,NA,0,NA
2553668,"Jordan Leslie","CLE","WR",NA,NA,9,0,0,0,0,155,0,16,0,NA,NA,NA,2.06003424427667,NA,0,NA
2553682,"Wes Saxton","WAS","TE",24,2,5,0,0,0,NA,85,0,7,0,NA,NA,NA,NA,NA,0,NA
2553716,"Rannell Hall","CLE","WR",24,2,9,0,0,0,NA,155,0,16,0,NA,NA,NA,NA,NA,0,NA
2553725,"Bradley Marquez","LAR","WR",NA,NA,8,0,0,0,NA,155,0,16,0,NA,NA,NA,NA,NA,0,NA
2553791,"E.J. Bibbs","FA","TE",26,2,NA,0,0,0,NA,85,0,7,0,NA,NA,NA,NA,NA,0,NA
2553835,"Mike Meyer","FA","K",NA,NA,NA,0,0,0,NA,29,0,6,0,NA,NA,NA,NA,NA,NA,NA
2553876,"Donteea Dye","FA","WR",NA,NA,NA,0,0,0,NA,155,0,16,0,NA,NA,NA,NA,NA,0,NA
2555216,"Malcolm Mitchell","NE","WR",24,1,9,0,0,0,NA,155,0,16,0,NA,NA,NA,NA,NA,0,NA
2555219,"Daniel Lasco","NO","RB",25,1,5,0,0,0,NA,109,0,0,0,NA,NA,NA,NA,NA,0,NA
2555224,"Ezekiel Elliott","DAL","RB",22,1,6,0,0,0,NA,109,0,0,0,NA,NA,NA,NA,NA,0,NA
2555227,"Jonathan Williams","NO","RB",23,1,5,0,0,0,0,109,0,17,0,NA,NA,NA,2.32993086904539,NA,0,NA
2555229,"Kenneth Dixon","BAL","RB",23,1,10,0,0,0,NA,109,0,0,0,NA,NA,NA,NA,NA,0,NA
2555234,"Tyler Ervin","HOU","RB",24,1,7,0,0,0,NA,109,0,0,0,NA,NA,NA,NA,NA,0,NA
2555262,"Jeff Driskel","CIN","QB",24,1,6,0,0,0,0,59,0,12,0,NA,NA,NA,3.17828755129721,NA,0,NA
2555263,"Kevin Hogan","CLE","QB",25,1,9,0,0,0,0,59,0,12,0,NA,NA,NA,3.17828755129721,NA,0,NA
2555332,"Connor Cook","OAK","QB",24,1,10,0,0,0,0,59,0,12,0,NA,NA,NA,3.17828755129721,NA,0,NA
2555346,"Will Fuller","HOU","WR",23,1,7,0,0,0,NA,155,0,16,0,NA,65.6,15.9,13.0144733616545,NA,0,NA
2555350,"Kolby Listenbee","FA","WR",23,1,NA,0,0,0,NA,155,0,16,0,NA,NA,NA,NA,NA,0,NA
2555356,"Keenan Reynolds","FA","WR",24,1,NA,0,0,0,NA,155,0,16,0,NA,NA,NA,NA,NA,0,NA
2555365,"Brandon Allen","LAR","QB",25,1,8,0,0,0,0,59,0,12,0,NA,NA,NA,3.17828755129721,NA,0,NA
2555370,"Jordan Payton","FA","WR",24,1,NA,0,0,0,NA,155,0,16,0,NA,NA,NA,NA,NA,0,NA
2555408,"Roberto Aguayo","FA","K",23,1,NA,0,0,0,NA,29,0,6,0,NA,NA,NA,NA,NA,0,NA
2555417,"C.J. Prosise","SEA","RB",23,1,6,0,0,0,NA,109,0,0,0,NA,NA,NA,NA,NA,0,NA
2555427,"Nate Sudfeld","PHI","QB",24,1,10,0,0,0,0,59,0,12,0,NA,NA,NA,3.17828755129721,NA,0,NA
2555459,"Keith Marshall","WAS","RB",23,1,5,0,0,0,0,109,0,17,0,NA,NA,NA,2.32993086904539,NA,0,NA
2555462,"Kelvin Taylor","FA","RB",24,1,NA,0,0,0,NA,109,0,0,0,NA,NA,NA,NA,NA,0,NA
2555465,"Demarcus Ayers","FA","WR",23,1,NA,0,0,0,NA,155,0,16,0,NA,NA,NA,NA,NA,0,NA
2555471,"Kenny Lawler","FA","WR",23,1,NA,0,0,0,NA,155,0,16,0,NA,NA,NA,NA,NA,0,NA
2555483,"Thomas Duarte","MIA","TE",22,1,1,0,0,0,NA,85,0,7,0,NA,NA,NA,NA,NA,0,NA
2555486,"Temarrick Hemingway","LAR","TE",24,1,8,0,0,0,NA,85,0,7,0,NA,NA,NA,NA,NA,0,NA
2555487,"Beau Sandland","FA","TE",24,1,NA,0,0,0,NA,85,0,7,0,NA,NA,NA,NA,NA,0,NA
2556118,"Dwayne Washington","DET","RB",NA,1,7,0,0,0,NA,109,0,0,0,NA,68.5,5.3,5.47463783070781,NA,0,NA
2556144,"Daniel Braverman","FA","WR",24,1,NA,0,0,0,NA,155,0,16,0,NA,NA,NA,NA,NA,0,NA
2556185,"Devin Lucien","FA","WR",24,1,NA,0,0,0,0,155,0,16,0,NA,NA,NA,2.06003424427667,NA,0,NA
2556212,"Devin Fuller","ATL","WR",23,1,5,0,0,0,NA,155,0,16,0,NA,NA,NA,NA,NA,0,NA
2556261,"Moritz Boehringer","FA","WR",NA,1,NA,0,0,0,NA,155,0,16,0,NA,NA,NA,NA,NA,0,NA
2556273,"Darius Jackson","CLE","RB",24,1,9,0,0,0,NA,109,0,0,0,NA,NA,NA,NA,NA,0,NA
2556375,"Rico Gathers","DAL","TE",23,1,6,0,0,0,NA,85,0,7,0,NA,NA,NA,NA,NA,0,NA
2556379,"Zac Brooks","FA","RB",24,1,NA,0,0,0,NA,109,0,0,0,NA,NA,NA,NA,NA,0,NA
2556392,"Mekale McKay","FA","WR",24,1,NA,0,0,0,NA,155,0,16,0,NA,NA,NA,NA,NA,NA,NA
2556414,"Rob Kelley","WAS","RB",25,1,5,0,0,0,NA,109,0,0,0,NA,NA,NA,NA,NA,0,NA
2556415,"Joe Kerridge","GB","RB",25,1,8,0,0,0,NA,109,0,0,0,NA,NA,NA,NA,NA,0.3,NA
2556444,"Joshua Perkins","FA","TE",24,1,NA,0,0,0,NA,85,0,7,0,NA,NA,NA,NA,NA,0,NA
2556454,"Brandon Wilds","FA","RB",24,1,NA,0,0,0,NA,109,0,0,0,NA,NA,NA,NA,NA,0,NA
2556477,"Trevone Boykin","FA","QB",24,1,NA,0,0,0,NA,59,0,12,0,NA,NA,NA,NA,NA,0,NA
2556493,"Tra Carson","CIN","RB",25,1,6,0,0,0,NA,109,0,0,0,NA,NA,NA,NA,NA,0,NA
2556508,"Alan Cross","TB","RB",24,1,1,0,0,0,NA,109,0,17,0,NA,NA,NA,NA,NA,0,NA
2556508,"Alan Cross","TB","TE",24,1,1,0,0,0,NA,85,0,7,0,NA,NA,NA,NA,NA,0,NA
2556517,"Ed Eagan","NYG","WR",24,1,8,0,0,0,NA,155,0,16,0,NA,NA,NA,NA,NA,0,NA
2556541,"Aaron Green","FA","RB",25,1,NA,0,0,0,NA,109,0,0,0,NA,NA,NA,NA,NA,0,NA
2556544,"Glenn Gronkowski","FA","RB",24,1,NA,0,0,0,NA,109,0,0,0,NA,NA,NA,NA,NA,0,NA
2556563,"Don Jackson","FA","RB",24,1,NA,0,0,0,NA,109,0,0,0,NA,NA,NA,NA,NA,0,NA
2556569,"Andy Jones","FA","WR",NA,1,NA,0,0,0,0,155,0,16,0,NA,NA,NA,2.06003424427667,NA,0,NA
2556577,"Marshall Koehn","FA","K",25,1,NA,0,0,0,NA,29,0,6,0,NA,NA,NA,NA,NA,0,NA
2556603,"Tre Madden","SEA","RB",24,1,6,0,0,0,NA,109,0,0,0,NA,NA,NA,NA,NA,0,NA
2556606,"Jalin Marshall","FA","WR",NA,1,NA,0,0,0,NA,155,0,16,0,NA,NA,NA,NA,NA,0,NA
2556636,"Marquez North","FA","WR",22,1,NA,0,0,0,NA,155,0,16,0,NA,NA,NA,NA,NA,0,NA
2556656,"Jhurell Pressley","FA","RB",25,1,NA,0,0,0,NA,109,0,0,0,NA,NA,NA,NA,NA,0,NA
2556676,"Rashawn Scott","MIA","WR",25,1,1,0,0,0,NA,155,0,16,0,NA,NA,NA,NA,NA,0,NA
2556687,"Joel Stave","FA","QB",25,1,NA,0,0,0,NA,59,0,12,0,NA,NA,NA,NA,NA,0,NA
2556728,"Brandon Burks","FA","RB",24,1,NA,0,0,0,NA,109,0,0,0,NA,NA,NA,NA,NA,0,NA
2556743,"Chris Hubert","ARI","WR",24,1,8,0,0,0,NA,155,0,16,0,NA,NA,NA,NA,NA,0,NA
2556801,"Kenneth Farrow","LAC","RB",24,1,9,0,0,0,NA,109,0,0,0,NA,NA,NA,NA,NA,0,NA
2556818,"Ryan OMalley","OAK","TE",24,2017,10,0,0,0,NA,85,0,7,0,NA,NA,NA,NA,NA,0,NA
2556827,"Dom Williams","PHI","WR",27,1,10,0,0,0,NA,155,0,16,0,NA,NA,NA,NA,NA,0,NA
2556851,"Keyarris Garrett","FA","WR",25,1,NA,0,0,0,NA,155,0,16,0,NA,NA,NA,NA,NA,0,NA
2556854,"Devon Johnson","FA","RB",24,1,NA,0,0,0,NA,109,0,0,0,NA,NA,NA,NA,NA,0,NA
2556882,"Jake Lampman","FA","WR",24,1,NA,0,0,0,NA,155,0,16,0,NA,NA,NA,NA,NA,0,NA
2557531,"Troymaine Pope","FA","RB",24,1,NA,0,0,0,NA,109,0,0,0,NA,NA,NA,NA,NA,0,NA
2557850,"DeAngelo Henderson","DEN","RB",25,0,5,0,0,0,NA,109,0,0,0,NA,NA,NA,NA,NA,0,NA
2557859,"Jake Butt","DEN","TE",22,0,5,0,0,0,NA,85,0,7,0,NA,NA,NA,NA,NA,0,NA
2557869,"Chad Kelly","DEN","QB",23,0,5,0,0,0,NA,59,0,12,0,NA,NA,NA,NA,NA,0,NA
2557897,"Davis Webb","NYG","QB",22,0,8,0,0,0,NA,59,0,12,0,NA,NA,NA,NA,NA,0,NA
2557977,"Jeremy McNichols","FA","RB",22,0,NA,0,0,0,NA,109,0,0,0,NA,NA,NA,NA,NA,0,NA
2557991,"Dalvin Cook","MIN","RB",22,0,9,0,0,0,NA,109,0,0,0,NA,NA,NA,NA,NA,0,NA
2558003,"Carlos Henderson","DEN","WR",23,0,5,0,0,0,NA,155,0,16,0,NA,NA,NA,NA,NA,0,NA
2558011,"Bucky Hodges","FA","TE",22,0,NA,0,0,0,NA,85,0,7,0,NA,NA,NA,NA,NA,0,NA
2558016,"Brad Kaaya","FA","QB",22,0,NA,0,0,0,NA,59,0,12,0,NA,NA,NA,NA,NA,0,NA
2558047,"Rodney Adams","MIN","WR",23,0,9,0,0,0,0,155,0,16,0,NA,NA,NA,2.06003424427667,NA,0,NA
2558071,"Isaiah Ford","MIA","WR",21,0,1,0,0,0,NA,155,0,16,0,NA,NA,NA,NA,NA,0,NA
2558095,"Malachi Dupre","FA","WR",22,0,NA,0,0,0,NA,155,0,16,0,NA,NA,NA,NA,NA,0,NA
2558113,"Elijah Hood","FA","RB",NA,0,NA,0,0,0,NA,109,0,0,0,NA,NA,NA,NA,NA,0,NA
2558116,"Aaron Jones","GB","RB",23,0,8,0,0,0,NA,109,0,0,0,NA,NA,NA,NA,NA,0,NA
2558167,"Joshua Dobbs","PIT","QB",22,0,9,0,0,0,0,59,0,12,0,NA,NA,NA,3.17828755129721,NA,0,NA
2558196,"Sam Rogers","FA","RB",22,0,NA,0,0,0,NA,109,0,0,0,NA,NA,NA,NA,NA,0,NA
2558254,"Robert Davis","FA","WR",22,0,NA,0,0,0,NA,155,0,16,0,NA,NA,NA,NA,NA,0,NA
2558273,"T.J. Logan","ARI","RB",23,0,8,0,0,0,NA,109,0,0,0,NA,NA,NA,NA,NA,0,NA
2558786,"Brandon Wilson","CIN","RB",23,0,6,0,0,0,NA,109,0,0,0,NA,NA,NA,NA,NA,1,NA
2558832,"Mo Alie-Cox","FA","TE",24,1,NA,0,0,0,NA,85,0,7,0,NA,NA,NA,NA,NA,0,NA
2558850,"Donnel Pumphrey","PHI","RB",23,0,10,0,0,0,NA,109,0,0,0,NA,NA,NA,NA,NA,0,NA
2558856,"David Moore","FA","WR",22,0,NA,0,0,0,NA,155,0,16,0,NA,NA,NA,NA,NA,0,NA
2558860,"Marquez Williams","FA","RB",NA,0,NA,0,0,0,NA,109,0,0,0,NA,NA,NA,NA,NA,0,NA
2558861,"Khalfani Muhammad","TEN","RB",23,0,8,0,0,0,NA,109,0,0,0,NA,NA,NA,NA,NA,0,NA
2558864,"Mason Schreck","CIN","TE",NA,0,6,0,0,0,NA,85,0,7,0,NA,NA,NA,NA,NA,0,NA
2558865,"Chris Carson","SEA","RB",23,0,6,0,0,0,NA,109,0,0,0,NA,NA,NA,NA,NA,0,NA
2558906,"Quincy Adeboyejo","FA","WR",NA,NA,NA,0,0,0,NA,155,0,16,0,NA,NA,NA,NA,NA,NA,NA
2558950,"Keon Hatcher","OAK","WR",23,0,10,0,0,0,NA,155,0,16,0,NA,NA,NA,NA,NA,NA,NA
2558956,"Jacob Hollister","NE","TE",24,0,9,0,0,0,NA,85,NA,7,0,NA,54.7,14.8,13.8102482299049,NA,NA,NA
2558975,"Taquan Mizzell","CHI","RB",24,0,9,0,0,0,NA,109,0,0,0,NA,NA,NA,NA,NA,NA,NA
2559101,"Travin Dural","NO","WR",NA,0,5,0,0,0,NA,155,0,16,0,NA,NA,NA,NA,NA,NA,NA
2559103,"Devine Redding","FA","RB",NA,NA,NA,0,0,0,NA,109,0,0,0,NA,NA,NA,NA,NA,NA,NA
2559170,"Amba Etta-Tawo","FA","WR",24,0,NA,0,0,0,NA,155,0,16,0,NA,NA,NA,NA,NA,NA,NA
2559176,"Tanner Gentry","CHI","WR",NA,0,9,0,0,0,NA,155,0,16,0,NA,NA,NA,NA,NA,NA,NA
2559205,"Younghoe Koo","FA","K",23,0,NA,0,0,0,0,29,NA,6,0,NA,NA,NA,1.76080520892187,NA,0,NA
2559235,"Brandon Reilly","BUF","WR",24,0,6,0,0,0,NA,155,0,16,0,NA,NA,NA,NA,NA,NA,NA
2559241,"Travis Rudolph","NYG","WR",NA,0,8,0,0,0,NA,155,0,16,0,NA,109,5.5,4.07679183443228,NA,NA,NA
2559246,"Artavis Scott","FA","WR",NA,0,NA,0,0,0,NA,155,0,16,0,NA,NA,NA,NA,NA,NA,NA
2559252,"Kyle Sloter","MIN","QB",23,0,9,0,0,0,NA,59,NA,12,0,NA,NA,NA,NA,NA,NA,NA
2559362,"Dare Ogunbowale","FA","RB",NA,0,NA,0,0,0,NA,109,NA,0,0,NA,NA,NA,NA,NA,NA,NA
2559394,"Lance Lenoir","FA","WR",22,0,NA,0,0,0,NA,155,NA,16,0,NA,NA,NA,NA,NA,NA,NA
