"playerId","player","team","position","age","exp","bye","points","lower","upper","sdPts","positionRank","dropoff","tier","ptSpread","overallECR","positionECR","sdRank","risk","sleeper","actualPoints","salary"
2532975,"Russell Wilson","SEA","QB",28,4,5,21.66,17.06,26.148,5.68517370007285,1,1.67166666666667,1,9.088,NA,5.1,1.3,8.14689958691071,NA,14.72,NA
2506363,"Aaron Rodgers","GB","QB",33,11,4,20.1466666666667,19.116,21.532,1.69402872860331,2,1.12,1,2.416,NA,NA,NA,6.34654304553704,NA,32.2,NA
310,"Matt Ryan","ATL","QB",31,8,11,19.83,16.838,22.838,3.75015999658681,3,1.92333333333333,1,6,NA,2.1,0.7,5.77745492236155,NA,29.44,NA
2504211,"Tom Brady","NE","QB",39,16,9,18.2233333333333,15.322,21.898,4.43795373267155,4,0.899999999999999,1,6.576,NA,NA,NA,11.4191278567494,NA,23.64,NA
2553435,"David Johnson","ARI","RB",25,1,9,18.05,17.48,18.48,0.69462219947249,1,3.29,1,1,NA,1.2,0.9,2.13017591003751,NA,4.4,NA
2504775,"Drew Brees","NO","QB",37,15,5,17.59,15.586,20.13,3.06794719641652,5,0.771666666666665,1,4.544,NA,3.1,1,5.43729176457231,NA,19,NA
2533031,"Andrew Luck","IND","QB",27,4,10,17.0566666666667,16.928,17.192,0.165630109984066,6,0.754999999999999,2,0.264000000000003,NA,NA,NA,3.52105342508783,NA,16.54,NA
79860,"Matthew Stafford","DET","QB",28,7,10,16.58,16.312,16.84,0.330454232837166,7,0.581666666666669,3,0.528000000000002,NA,NA,NA,3.82575721286134,NA,18.88,NA
2495455,"Cam Newton","CAR","QB",27,5,7,16.0233333333333,15.116,16.74,1.09573415267269,8,0.0800000000000001,3,1.624,NA,NA,NA,5.24049970470348,NA,5.08,NA
2552033,"Jameis Winston","TB","QB",22,1,6,15.9733333333333,15.356,16.62,0.792548631525747,9,0.516666666666666,3,1.264,NA,9.3,1.2,3.52769020520562,NA,7.88,NA
2532820,"Kirk Cousins","WAS","QB",28,4,9,15.9133333333333,15.196,16.636,0.900074071026009,10,1.26,3,1.44,NA,6.9,1.4,3.82069697023296,NA,9.48,NA
79607,"LeSean McCoy","BUF","RB",28,7,10,15.78,10.868,17.428,4.10234079520461,2,2.07666666666667,2,6.56,NA,2.7,1.9,5.23273655901014,NA,1.6,NA
2506340,"Alex Smith","KC","QB",32,11,5,15,12.5,17.38,3.06104557300279,11,0.866666666666665,3,4.88,NA,16.2,3.2,7.56070782830338,NA,23.66,NA
2543468,"Mike Evans","TB","WR",23,2,6,14.7333333333333,12.86,16.62,2.35017729827631,1,1.185,1,3.76,NA,2.2,1.1,3.89353861428521,NA,12.5,NA
2505245,"Carson Palmer","ARI","QB",37,13,9,14.3066666666667,14.068,14.596,0.347754702819865,12,0.348333333333334,4,0.527999999999999,NA,NA,NA,3.85773990230473,NA,19.2,NA
497095,"Sam Bradford","MIN","QB",29,6,6,13.96,11.612,16.684,3.27285807819404,13,0.0316666666666663,4,5.072,NA,17.2,2.4,6.98202142742162,NA,21.4,NA
2555259,"Carson Wentz","PHI","QB",24,0,4,13.9566666666667,12.858,15.146,1.44341031357453,14,0.243333333333332,4,2.288,NA,20,3.5,6.35590555831834,NA,19.1,NA
382,"Joe Flacco","BAL","QB",31,8,8,13.9,11.304,17.432,4.33308204399594,15,0.478333333333333,4,6.128,NA,16.3,2.7,8.2524449767151,NA,7.68,NA
2543583,"Devonta Freeman","ATL","RB",24,2,11,13.74,8.784,15.264,4.08102928193366,3,0.365,2,6.48,NA,3.5,1.3,4.95264877267832,NA,23.7,NA
497149,"LeGarrette Blount","NE","RB",30,6,9,13.6666666666667,12.58,14.74,1.35030860670194,4,0.691666666666666,2,2.16,NA,8.5,3.2,3.6524843506367,NA,11.1,NA
2532865,"T.Y. Hilton","IND","WR",27,4,10,13.5666666666667,11.14,15.94,3.00222139978605,2,0.151666666666669,1,4.8,NA,4.5,3,4.98325105965404,NA,9.5,NA
1032,"Jordy Nelson","GB","WR",31,8,4,13.53,11.572,15.34,2.37669939201406,3,0.416666666666666,1,3.768,NA,1.6,1.3,3.97327980705109,NA,6.6,NA
2506121,"Philip Rivers","SD","QB",35,12,11,13.5266666666667,11.64,15.048,2.27212088880265,16,0.331666666666667,4,3.408,NA,12.5,2.1,5.76658329464654,NA,12.86,NA
2495143,"Andy Dalton","CIN","QB",29,5,9,13.3166666666667,11.122,15.234,2.63921074060662,17,0.460000000000001,4,4.112,NA,18,2.5,6.49313101987994,NA,13.44,NA
2553568,"Cameron Meredith","CHI","WR",NA,NA,9,13.3,6.94,13.66,5.939696961967,4,0.761666666666667,2,6.72,NA,23.4,8.3,8.9517092836495,NA,6.1,NA
2495471,"Jacquizz Rodgers","TB","RB",26,5,6,13.0833333333333,9.13,15.29,4.27034346784112,5,0.446666666666667,2,6.16,NA,14.6,5.8,7.0763473671478,NA,7.9,NA
2543477,"Blake Bortles","JAC","QB",25,2,5,13.0733333333333,11.56,14.776,2.05137352360152,18,0.738333333333333,4,3.216,NA,NA,NA,7.00715212806889,NA,12.14,NA
2495454,"Julio Jones","ATL","WR",27,5,11,12.9266666666667,8.316,14.636,3.95577215387,5,0.926666666666668,2,6.32,NA,4.4,3,5.77493942829949,NA,15.6,NA
2552475,"Todd Gurley","LA","RB",22,1,8,12.8666666666667,10.3,14.7,3.17542648054294,6,0.550000000000002,2,4.4,NA,15.7,5.4,6.04492804384631,NA,7.7,NA
2539287,"Landry Jones","PIT","QB",27,3,8,12.64,11.148,14.236,1.94309032214151,19,0.691666666666665,5,3.088,NA,20.7,5.1,8.36671695776496,NA,20.08,NA
2507999,"Chris Ivory","JAC","RB",28,6,5,12.4066666666667,7.424,14.384,4.3726574681003,7,0.266666666666666,2,6.96,NA,NA,NA,9.71628484976774,NA,NA,NA
100020,"Vikings","MIN","DST",NA,NA,6,12.35,11.59,13.11,1.34350288425444,1,0.625,1,1.52,NA,8.3,2.9,6.08322744739453,NA,22,NA
2495466,"Mark Ingram","NO","RB",27,5,5,12.2266666666667,7.716,14.116,4.00026665777837,8,0.248333333333337,2,6.4,NA,8,3.3,5.76762541591672,NA,19.2,NA
2530747,"Doug Baldwin","SEA","WR",28,5,5,12.15,7.19,14.39,4.54064973324303,6,0.521666666666667,2,7.2,NA,6,3.3,6.34711750732477,NA,4.4,NA
2552582,"Jay Ajayi","MIA","RB",23,1,8,12.0533333333333,9.768,13.96,2.74527472820724,9,0.244999999999999,2,4.192,NA,NA,NA,7.17232481057947,NA,7.9,NA
2495186,"Colin Kaepernick","SF","QB",29,5,8,12.03,11.686,12.342,0.415812457725836,20,0.399999999999999,5,0.656000000000001,NA,17.8,2.9,4.82521265253701,NA,11.2,NA
100016,"Chiefs","KC","DST",NA,NA,5,11.95,11.35,12.55,1.06066017177982,2,0.649999999999999,1,1.2,NA,4.7,2.3,4.55733169826984,NA,4,NA
2541161,"Latavius Murray","OAK","RB",26,3,10,11.9033333333333,7.982,13.582,3.7021660326535,10,0.233333333333331,2,5.6,NA,13.4,4.8,6.19320292094569,NA,2.5,NA
2533033,"Robert Griffin","CLE","QB",26,4,13,11.8666666666667,11.208,12.552,0.841981789193409,21,0.541666666666668,5,1.344,NA,NA,NA,4.7713978222228,NA,14.48,NA
2553737,"Eli Rogers","PIT","WR",NA,NA,8,11.85,5.85,11.85,5.30330085889911,7,0.533333333333333,2,6,NA,33.9,10.1,8.94282981887904,NA,6.1,NA
2543600,"Alfred Blue","HOU","RB",25,2,9,11.7133333333333,7.408,14.048,4.25282651107864,11,0.291666666666668,2,6.64,NA,19.8,8.7,8.3359032249796,NA,4,NA
2506404,"Frank Gore","IND","RB",33,11,10,11.6266666666667,8.156,13.116,3.37700064159504,12,0.626666666666667,3,4.96,NA,12.4,3.4,5.32437900961604,NA,7.6,NA
100027,"Steelers","PIT","DST",NA,NA,8,11.5,11.42,11.58,0.141421356237309,3,0.424999999999999,1,0.159999999999998,NA,8.1,3.8,3.85073518024009,NA,12,NA
2543498,"Brandin Cooks","NO","WR",23,2,5,11.4066666666667,6.104,14.344,5.23527777040849,8,0.315,2,8.24,NA,7.8,3.9,7.09699795008453,NA,1.9,NA
2507282,"Matt Moore","MIA","QB",32,9,8,11.3933333333333,9.324,14.092,3.2767260082792,22,0.580000000000002,5,4.768,NA,22.7,3.4,7.95368550871969,NA,13.2,NA
2539228,"EJ Manuel","BUF","QB",26,3,10,11.2566666666667,10.16,12.136,1.32160256254796,23,1.01833333333333,5,1.976,NA,NA,NA,5.65805363331569,NA,1.24,NA
2543509,"Allen Robinson","JAC","WR",23,2,5,11.2266666666667,6.596,12.836,3.90027349468384,9,0.324999999999999,2,6.24,NA,14,6.5,6.73898153834976,NA,8.2,NA
2543715,"Jerick McKinnon","MIN","RB",24,2,6,11.2166666666667,7.89,12.61,3.28417924805168,13,0.491666666666665,3,4.72,NA,24.7,6.8,6.74460149880497,NA,23,NA
100026,"Cardinals","ARI","DST",NA,NA,9,11.1,10.7,11.5,0.707106781186548,4,0.0500000000000007,2,0.800000000000001,NA,2.6,2.1,3.32790710364485,NA,26,NA
100021,"Patriots","NE","DST",NA,NA,9,11.05,10.61,11.49,0.777817459305202,5,0.0500000000000007,2,0.880000000000001,NA,6.6,3,4.63385162062722,NA,8,NA
100032,"Redskins","WAS","DST",NA,NA,9,11.05,10.93,11.17,0.212132034355964,5,0.25,2,0.24,NA,14.2,3.8,4.04731500158102,NA,5,NA
2540258,"Travis Kelce","KC","TE",27,3,5,10.9633333333333,9.052,13.06,2.53693384488704,1,1.09666666666667,1,4.008,NA,1.2,0.6,5.51463357756841,NA,0.8,NA
497326,"Golden Tate","DET","WR",28,6,10,10.9566666666667,6.314,13.514,4.63590695908938,10,0.121666666666666,2,7.2,NA,9.6,3.8,6.57050796687037,NA,13.7,NA
100012,"Titans","TEN","DST",NA,NA,13,10.95,10.43,11.47,0.919238815542511,7,0.299999999999999,2,1.04,NA,13,3.4,5.52006223914972,NA,10,NA
497322,"Emmanuel Sanders","DEN","WR",29,6,11,10.8466666666667,6.428,12.348,3.70871046771426,11,0.0366666666666671,2,5.92,NA,20.7,5.9,6.40677232655367,NA,NA,NA
2541785,"Adam Thielen","MIN","WR",26,2,6,10.8233333333333,6.094,13.134,4.47678828328226,12,0.171666666666667,2,7.04,NA,22.9,7.9,7.62168268295548,NA,0.7,NA
2556370,"Michael Thomas","NO","WR",22,0,5,10.7966666666667,6.398,12.638,3.93522976881063,13,0.311666666666666,2,6.24,NA,8.8,3,5.7578840515971,NA,21.6,NA
2555418,"Jordan Howard","CHI","RB",22,0,9,10.7833333333333,9.26,11.62,1.48688712864606,14,0.19,3,2.36,NA,4.8,2.7,3.53971020955612,NA,13.5,NA
2504797,"Matt Bryant","ATL","K",41,14,11,10.7333333333333,9.44,11.84,1.55349069303081,1,1.23333333333333,1,2.4,NA,1.9,1.5,1.87494375052579,NA,NA,NA
2550189,"Isaiah Crowell","CLE","RB",23,2,13,10.6666666666667,7.06,12.18,3.38279962949822,15,0.211666666666666,3,5.12,NA,18.7,3.5,5.37281664088635,NA,13.8,NA
100009,"Broncos","DEN","DST",NA,NA,11,10.65,9.89,11.41,1.34350288425444,8,0.0499999999999989,2,1.52,NA,4,2.9,6.08322744739453,NA,15,NA
100030,"Seahawks","SEA","DST",NA,NA,5,10.65,10.37,10.93,0.494974746830583,8,0.200000000000001,2,0.559999999999999,NA,2,1.4,1.87532843190094,NA,9,NA
100013,"Texans","HOU","DST",NA,NA,9,10.55,10.51,10.59,0.0707106781186545,10,0.225000000000001,3,0.0800000000000001,NA,7.9,3.1,2.79131615117804,NA,6,NA
284,"Darren McFadden","DAL","RB",29,8,7,10.52,5.992,12.952,4.48477424180972,16,0.311666666666667,3,6.96,NA,31.4,8,8.2098605342844,NA,4.7,NA
2543488,"Jarvis Landry","MIA","WR",24,2,8,10.5066666666667,6.684,12.284,3.70028827705806,14,0.043333333333333,2,5.6,NA,27.8,5.8,6.37091920502953,NA,13.6,NA
2543495,"Davante Adams","GB","WR",24,2,4,10.4633333333333,6.078,12.238,3.94119694170861,15,0.0883333333333347,2,6.16,NA,10.5,3.9,6.0225834673935,NA,15.1,NA
238498,"Julian Edelman","NE","WR",30,7,9,10.4633333333333,6.478,12.798,4.45275570106124,16,0.24,2,6.32,NA,11.5,4.7,6.67819123914274,NA,21.1,NA
949,"Jonathan Stewart","CAR","RB",29,8,7,10.39,6.274,11.714,3.40004411736083,17,0.388333333333332,3,5.44,NA,NA,NA,8.19587453865383,NA,13.2,NA
2539308,"Matt Barkley","CHI","QB",26,3,9,10.37,7.188,13.74,4.11517921845453,24,0.479999999999999,5,6.552,NA,22.6,3.2,8.53507526017167,NA,-4,NA
100006,"Bengals","CIN","DST",NA,NA,9,10.35,10.15,10.55,0.353553390593274,11,0.174999999999999,3,0.400000000000002,NA,18.7,2.9,3.33110994862146,NA,11,NA
100003,"Bills","BUF","DST",NA,NA,10,10.3,10.06,10.54,0.424264068711928,12,0.425000000000001,3,0.479999999999999,NA,6,2.8,3.40442702600223,NA,1,NA
497302,"Brandon LaFell","CIN","WR",30,6,9,10.2866666666667,6.252,11.692,3.42001949312183,17,0.166666666666664,2,5.44,NA,31,9.6,7.23492696355595,NA,6.7,NA
2504595,"Steve Smith","BAL","WR",37,15,8,10.16,5.224,13.96,6.10743808810208,18,0.0899999999999999,2,8.736,NA,21.8,7,8.71578941317444,NA,3.4,NA
2495438,"Kyle Rudolph","MIN","TE",27,5,6,10.1166666666667,9.32,11.12,1.2107160415776,2,0.536666666666667,1,1.8,NA,5.9,2.4,4.63342382530091,NA,17.7,NA
2542065,"Matt McGloin","OAK","QB",27,3,10,10.1066666666667,9.384,10.632,0.889344327768123,25,0.533333333333335,6,1.248,NA,29.8,2.6,4.97248575046901,NA,0.84,NA
2536340,"Justin Tucker","BAL","K",27,4,8,10.1,8.84,11.8,2.08086520466848,2,1.23333333333333,1,2.96,NA,3,2.8,5.08443967487869,NA,NA,NA
2553913,"Tyrell Williams","SD","WR",NA,NA,11,10.08,5.808,12.288,4.21297994298572,19,0.0466666666666651,2,6.48,NA,15.4,4.2,6.33481383550473,NA,7,NA
1581,"DeSean Jackson","WAS","WR",30,8,9,10.06,6.336,12.096,4.10594690662215,20,0.0749999999999993,2,5.76,NA,NA,NA,9.48789452335101,NA,3.4,NA
100025,"Eagles","PHI","DST",NA,NA,4,10.05,9.61,10.49,0.777817459305202,13,1.1,3,0.880000000000001,NA,16.4,3.8,5.61995357230849,NA,11,NA
2543664,"Terrance West","BAL","RB",25,2,8,10.0266666666667,6.736,11.136,2.89553679536858,18,0.114999999999998,3,4.4,NA,31.1,4.7,5.51882767135758,NA,3.5,NA
2543457,"Sammy Watkins","BUF","WR",23,2,10,10.0066666666667,6.544,11.104,3.00135524943871,21,0.0866666666666678,2,4.56,NA,NA,NA,7.65371346198732,NA,3.1,NA
2495207,"DeMarco Murray","TEN","RB",28,5,13,9.97666666666667,7.74,11.604,2.45002721073325,19,0.271666666666667,3,3.864,NA,5.5,3.4,4.59984651099294,NA,1.9,NA
2531332,"Terrelle Pryor","CLE","WR",27,5,13,9.96333333333333,6.038,11.638,3.58078669196216,22,0.151666666666669,2,5.6,NA,NA,NA,8.61586284209862,NA,9.4,NA
2543500,"Jordan Matthews","PHI","WR",24,2,4,9.87666666666667,5.406,11.646,3.90584604577975,23,0.231666666666666,2,6.24,NA,NA,NA,9.15562584566105,NA,NA,NA
2495979,"DeAngelo Williams","PIT","RB",33,10,8,9.84666666666667,4.628,15.348,6.72789219097135,20,0.338333333333333,3,10.72,NA,19.1,10,10.8412074662825,NA,21.4,NA
2533039,"Alshon Jeffery","CHI","WR",26,4,9,9.74666666666667,6.468,11.348,3.4279050939799,24,0.313333333333333,2,4.88,NA,NA,NA,8.36200203315035,NA,1,NA
100002,"Ravens","BAL","DST",NA,NA,8,9.7,9.46,9.94,0.424264068711928,14,1.825,4,0.48,NA,11,3.2,3.89747800184287,NA,1,NA
2543640,"Tom Savage","HOU","QB",26,2,9,9.67333333333333,7.996,10.94,2.0435589869963,26,0.316666666666666,6,2.944,NA,NA,NA,6.99270570565153,NA,-1.9,NA
2495966,"Delanie Walker","TEN","TE",32,10,13,9.61666666666667,7.2,12.28,3.2196014246073,3,0.201666666666668,1,5.08,NA,5.4,2.4,7.23542983358596,NA,3.5,NA
2556414,"Rob Kelley","WAS","RB",24,0,9,9.56333333333333,5.878,11.158,3.47937254879861,21,0.301666666666666,3,5.28,NA,NA,NA,8.31988246537085,NA,3.3,NA
497236,"Jimmy Graham","SEA","TE",30,6,5,9.54333333333333,7.744,11.56,2.43097374180252,4,0.44,1,3.816,NA,NA,NA,9.49509701936136,NA,6.4,NA
2552656,"J.J. Nelson","ARI","WR",24,1,9,9.54333333333333,5.186,11.266,3.88144732455992,25,0.254999999999999,2,6.08,NA,33.1,7.5,7.01195677938199,NA,7.5,NA
2506581,"Ryan Fitzpatrick","NYJ","QB",34,11,11,9.47333333333333,7.464,11.064,2.42572325984094,27,0.326666666666664,6,3.6,NA,25.8,3.7,7.45750472533937,NA,16.4,NA
2540204,"Spencer Ware","KC","RB",25,3,5,9.45333333333333,7.052,12.092,3.19163489975488,22,0.423333333333334,3,5.04,NA,NA,NA,7.87008472388483,NA,NA,NA
71269,"Michael Crabtree","OAK","WR",29,7,10,9.32333333333333,5.554,11.234,3.8959765570821,26,0.225,2,5.68,NA,NA,NA,9.13923750057729,NA,4.7,NA
2543466,"Eric Ebron","DET","TE",23,2,10,9.28666666666667,7.788,11.02,2.08291462459058,5,0.743333333333334,1,3.232,NA,8.1,2,5.57723293796294,NA,6.1,NA
2550256,"Willie Snead","NO","WR",24,2,5,9.25333333333333,5.252,11.412,4.03466644635382,27,0.35,2,6.16,NA,33.7,5.5,6.5619559637196,NA,8.2,NA
2553457,"Trevor Siemian","DEN","QB",NA,NA,11,9.24,7.412,11.684,2.98456026911838,28,0.631666666666666,6,4.272,NA,NA,NA,8.73229727755919,NA,12.74,NA
2506467,"Darren Sproles","PHI","RB",33,11,4,9.07,5.56,12.768,4.98705323813572,23,0.133333333333335,3,7.208,NA,25.1,5.8,7.63653550563239,NA,3.6,NA
2505996,"Eli Manning","NYG","QB",35,12,8,9.05333333333333,7.568,10.48,1.82442685063922,29,1.57,6,2.912,NA,21,5.8,8.9346949282507,NA,7.2,NA
2553733,"Thomas Rawls","SEA","RB",23,1,5,8.99,2.794,14.314,7.4434064782195,24,0.323333333333332,3,11.52,NA,21.8,12.7,12.5858983449539,NA,7.4,NA
2555295,"Sterling Shepard","NYG","WR",NA,0,8,8.94333333333334,4.506,11.866,5.16542673293633,28,0.0950000000000024,2,7.36,NA,41.8,8.2,8.28000853520647,NA,3,NA
2540158,"Zach Ertz","PHI","TE",26,3,4,8.92,6.468,11.38,3.07004885954605,6,0.815,1,4.912,NA,5.2,1.9,6.8093409644298,NA,25.9,NA
2503471,"Adam Vinatieri","IND","K",44,20,10,8.9,6.74,10.74,2.59422435421457,3,0.116666666666667,1,4,NA,4.9,3.7,7.55761001009498,NA,NA,NA
2495328,"Bilal Powell","NYJ","RB",28,5,11,8.88333333333333,7.99,9.19,0.851958527942137,25,0.456666666666665,3,1.2,NA,NA,NA,4.21265181113577,NA,19.7,NA
2556214,"Tyreek Hill","KC","WR",22,0,5,8.86333333333333,5.798,9.638,2.64121815330225,29,0.106666666666667,2,3.84,NA,22.1,7.6,6.01111336903649,NA,4.6,NA
2550636,"Cairo Santos","KC","K",25,2,5,8.83333333333333,8.6,9,0.288675134594813,4,0.15,2,0.4,NA,7.5,3.5,3.2946353622474,NA,NA,NA
2533040,"Mohamed Sanu","ATL","WR",27,4,11,8.83333333333333,4.62,10.38,3.61155552820849,30,0.234999999999999,2,5.76,NA,51,11.3,7.88458006292087,NA,9.2,NA
2506922,"Stephen Gostkowski","NE","K",32,10,9,8.73333333333333,6.44,11.24,3.03534731675526,5,0.149999999999999,2,4.8,NA,4.4,3.2,7.41435884673942,NA,NA,NA
2530515,"Chris Hogan","NE","WR",28,5,9,8.68,4.148,11.028,4.39331310061097,31,0.683333333333332,2,6.88,NA,49,10.4,8.27389147547066,NA,2.7,NA
2539637,"Caleb Sturgis","PHI","K",27,3,4,8.63333333333333,8.18,8.98,0.55075705472861,6,0.375000000000002,2,0.800000000000001,NA,11.7,4.2,4.98573525040926,NA,NA,NA
2495150,"Kai Forbath","MIN","K",29,5,6,8.53333333333333,8.12,8.92,0.503322295684717,7,0.591666666666667,2,0.799999999999999,NA,17,4.1,4.72721418809857,NA,NA,NA
2543471,"Kelvin Benjamin","CAR","WR",25,2,7,8.51666666666667,4.73,10.17,3.5469470440554,32,1.04833333333333,2,5.44,NA,38.5,6.9,6.56107348486395,NA,15.3,NA
2552453,"Tevin Coleman","ATL","RB",23,1,11,8.45,5.76,10.44,2.99624765331573,26,0.201666666666666,3,4.68,NA,18.5,5,5.72925960952543,NA,11.9,NA
2555430,"Alex Collins","SEA","RB",22,0,5,8.40333333333333,3.382,10.902,4.70298132394052,27,0.386666666666668,3,7.52,NA,31,9.5,9.03898974936458,NA,5.9,NA
100031,"Buccaneers","TB","DST",NA,NA,6,8.2,8.04,8.36,0.282842712474619,15,0.675000000000001,5,0.32,NA,17.2,4.3,4.86020854272276,NA,19,NA
2495700,"Greg Olsen","CAR","TE",31,9,7,8.16666666666667,4.68,11.64,4.35009578438606,7,0.158333333333335,1,6.96,NA,NA,NA,14.466577351309,NA,2.2,NA
2506562,"Matt Cassel","TEN","QB",34,11,13,8.16333333333333,7.262,9.006,1.09737565734498,30,1.64833333333333,7,1.744,NA,28,3.4,5.93924643475289,NA,7.2,NA
2556075,"Derrick Henry","TEN","RB",22,0,13,8.09333333333333,3.296,11.456,5.51163617570439,28,0.470000000000001,3,8.16,NA,32.1,6.8,8.48560601914722,NA,12.8,NA
1062,"Martellus Bennett","NE","TE",29,8,9,8.04333333333333,6.924,9.46,1.71074058037253,8,0.188333333333333,2,2.536,NA,NA,NA,7.62933501099767,NA,9.3,NA
2550545,"Chris Boswell","PIT","K",27,2,8,7.98333333333333,6.89,8.89,1.31370975992924,8,0.149999999999999,2,2,NA,19.3,5.2,8.05997885509465,NA,NA,NA
2505299,"Antonio Gates","SD","TE",36,13,11,7.97333333333333,6.236,9.74,2.19092065884033,9,0.483333333333334,2,3.504,NA,7.7,3.1,6.2283660604921,NA,11.5,NA
2495461,"Shaun Draughn","SF","RB",29,5,8,7.94,6.66,8.596,1.21111518857621,29,0.786666666666666,4,1.936,NA,NA,NA,4.77409330247261,NA,22.9,NA
2507232,"Mason Crosby","GB","K",32,9,4,7.9,7.14,8.74,1.01488915650922,9,0.200000000000001,3,1.6,NA,9.2,2.9,3.45631847439412,NA,NA,NA
2539227,"Dustin Hopkins","WAS","K",26,3,9,7.76666666666667,5.8,9.24,2.40069434400411,10,0.2,3,3.44,NA,10.3,4,7.76411175474863,NA,NA,NA
2543721,"C.J. Fiedorowicz","HOU","TE",25,2,9,7.73666666666667,5.548,9.94,2.74518366112968,10,0.626666666666666,2,4.392,NA,NA,NA,10.3090569444607,NA,7.2,NA
71309,"Graham Gano","CAR","K",29,7,7,7.63333333333333,7.12,8,0.635085296108588,11,0.233333333333333,3,0.88,NA,NA,NA,3.35132078650196,NA,NA,NA
100004,"Panthers","CAR","DST",NA,NA,7,7.55,7.27,7.83,0.494974746830583,16,0.125000000000001,6,0.56,NA,16.8,3.2,4.0940578231838,NA,11,NA
100018,"Raiders","OAK","DST",NA,NA,10,7.5,7.26,7.74,0.424264068711929,17,0.2,6,0.48,NA,11.8,4,4.88357995352415,NA,2,NA
2556601,"Wil Lutz","NO","K",22,0,5,7.5,6.3,8.7,2.12132034355964,12,0.35,3,2.4,NA,NA,NA,8.38808499757012,NA,NA,NA
2506106,"Larry Fitzgerald","ARI","WR",33,12,9,7.47666666666667,5.44,8.664,2.0178288662157,33,0.0966666666666667,2,3.224,NA,NA,NA,6.02056201300837,NA,10.3,NA
2540165,"DeAndre Hopkins","HOU","WR",24,3,9,7.46,6.2,8.104,1.25491035536408,34,0.201666666666666,2,1.904,NA,25,6.8,4.62924258887795,NA,12.3,NA
100028,"Chargers","SD","DST",NA,NA,11,7.35,6.99,7.71,0.636396103067892,18,0.125,6,0.72,NA,20.6,4.4,5.96637039338758,NA,5,NA
2533437,"Ronnie Hillman","SD","RB",25,4,11,7.30666666666667,6.424,7.704,0.821056230311502,30,0.415,4,1.28,NA,34.2,8,5.34625875591041,NA,9.1,NA
2507374,"Steven Hauschka","SEA","K",NA,NA,5,7.3,6.18,8.58,1.53948043183407,13,0.333333333333334,3,2.4,NA,NA,NA,6.41626334730254,NA,NA,NA
2543496,"Odell Beckham","NYG","WR",24,2,8,7.3,3.98,11.82,5.54616984954482,35,0.345000000000001,2,7.84,NA,16.6,12.9,9.95256855595551,NA,4.4,NA
100005,"Bears","CHI","DST",NA,NA,9,7.25,7.13,7.37,0.212132034355965,19,0.125,6,0.240000000000001,NA,23.6,3.5,3.67752676970055,NA,-2,NA
2540232,"Jack Doyle","IND","TE",26,3,10,7.24333333333333,4.884,10.14,3.48491511135255,11,1.18833333333333,2,5.256,NA,17.2,4.6,8.60155393135073,NA,7,NA
497328,"Demaryius Thomas","DEN","WR",29,6,11,7.21666666666667,5.42,8.58,2.12857542345422,36,0.779999999999999,2,3.16,NA,16.7,6,5.12372104742119,NA,4.7,NA
100022,"Saints","NO","DST",NA,NA,5,7.2,6.72,7.68,0.848528137423857,20,0.149999999999999,6,0.959999999999999,NA,30.6,1.9,3.4745412584064,NA,-3,NA
100008,"Cowboys","DAL","DST",NA,NA,7,7.05,6.93,7.17,0.212132034355964,21,0.0499999999999998,7,0.239999999999999,NA,21.9,4.1,4.4171032334615,NA,2,NA
100014,"Colts","IND","DST",NA,NA,10,7.05,6.69,7.41,0.636396103067893,21,0.274999999999999,8,0.72,NA,16.1,4.7,6.33615862526806,NA,10,NA
2541556,"Brandon McManus","DEN","K",25,2,11,7,5.6,8,1.73205080756888,14,0.199999999999999,3,2.4,NA,15.5,3.2,5.20596077903869,NA,NA,NA
2552429,"Ty Montgomery","GB","RB",23,1,4,7,7,7,NA,31,0.385,5,0,NA,20,10.3,8.54780649396841,NA,6.1,NA
497254,"Dennis Pitta","BAL","TE",31,6,8,6.97666666666667,4.044,9.94,3.68559809709813,12,2.125,2,5.896,NA,16.4,3.8,8.48967850407697,NA,9.1,NA
100015,"Jaguars","JAC","DST",NA,NA,5,6.95,6.75,7.15,0.353553390593274,23,0.4,8,0.4,NA,24.9,3.2,3.70089818050194,NA,8,NA
2553112,"Jason Myers","JAC","K",NA,NA,5,6.93333333333333,5.56,7.96,1.67729941672122,15,0.316666666666666,3,2.4,NA,19.6,4.7,7.78534975786832,NA,NA,NA
2555334,"Jared Goff","LA","QB",22,0,8,6.80333333333333,5.912,7.792,1.19374760034663,31,0.681666666666668,8,1.88,NA,31.6,2.2,4.86661931545416,NA,4.8,NA
2553631,"Zach Zenner","DET","RB",NA,NA,10,6.78333333333333,6.04,6.8,0.500832640043891,32,0.341666666666666,5,0.76,NA,32.9,5.8,4.13005677485794,NA,17,NA
2541388,"Brice Butler","DAL","WR",26,3,7,6.69333333333333,1.996,10.476,5.98616181984194,37,0.553333333333334,2,8.48,NA,73.6,16.6,11.3857143897332,NA,0.3,NA
2507401,"Dan Carpenter","BUF","K",31,8,10,6.66666666666667,5.4,7.8,1.52752523165195,16,0.183333333333334,3,2.4,NA,19.9,3.7,5.750119339721,NA,NA,NA
100029,"49ers","SF","DST",NA,NA,8,6.6,6.6,6.6,0,24,0.125,8,0,NA,30,2.4,1.731897122116,NA,4,NA
2506264,"Robbie Gould","NYG","K",34,11,8,6.56666666666667,5.14,8.34,2.13619599600162,17,0.233333333333333,3,3.2,NA,24.5,3.8,6.95963850638102,NA,NA,NA
100024,"Jets","NYJ","DST",NA,NA,11,6.5,5.62,7.38,1.5556349186104,25,0.199999999999999,8,1.76,NA,21.8,6.3,10.8639002060627,NA,13,NA
100011,"Packers","GB","DST",NA,NA,4,6.45,6.17,6.73,0.494974746830583,26,0.375,9,0.559999999999999,NA,14.7,4,5.08015977486508,NA,4,NA
2555223,"Devontae Booker","DEN","RB",24,0,11,6.44666666666667,4.96,7.232,1.43684840304513,33,0.04,5,2.272,NA,40.1,6.9,5.34461273142126,NA,22.9,NA
2555229,"Kenneth Dixon","BAL","RB",22,0,8,6.43666666666667,6.02,6.588,0.382143079661706,34,0.411666666666667,5,0.568000000000001,NA,25.4,5.8,4.03728772573402,NA,12.3,NA
2555408,"Roberto Aguayo","TB","K",22,0,6,6.4,5.2,7.76,1.63707055437449,18,0.15,4,2.56,NA,15.4,3.8,6.11388494757057,NA,NA,NA
2539265,"Rex Burkhead","CIN","RB",26,3,9,6.37666666666667,4.02,8.044,2.52638740761059,35,0.72,5,4.024,NA,32,8.2,6.76697427926362,NA,26.4,NA
89802,"Ryan Succop","TEN","K",30,7,13,6.26666666666667,5.16,7.56,1.55349069303081,19,0.183333333333333,4,2.4,NA,22.3,3.8,5.97226130092602,NA,NA,NA
2507225,"Nick Folk","NYJ","K",32,9,11,6.23333333333333,5.14,7.54,1.56950098226581,20,0.316666666666666,4,2.4,NA,24.8,3.4,5.2868133055708,NA,11,NA
2555260,"Dak Prescott","DAL","QB",23,0,7,6.22666666666667,2.848,7.912,3.19255905714105,32,1.01466666666667,8,5.064,NA,26,5.8,10.199300673696,NA,2.38,NA
2543475,"Marqise Lee","JAC","WR",25,2,5,6.18,4.64,7.392,1.81802090197005,38,0.0949999999999998,3,2.752,NA,NA,NA,5.68877969187127,NA,8.6,NA
100023,"Giants","NYG","DST",NA,NA,8,6.15,5.79,6.51,0.636396103067892,27,0.2,9,0.719999999999999,NA,18.3,4.9,6.58268411318838,NA,20,NA
497278,"Dez Bryant","DAL","WR",28,6,7,6.1,2.16,8.72,4.52106182218293,39,0.0633333333333335,3,6.56,NA,30,14.8,9.64982042469548,NA,0,NA
2552409,"DeVante Parker","MIA","WR",23,1,8,6.07,5.36,6.488,0.742765104188397,40,0.113333333333334,3,1.128,NA,45.6,7.4,4.37719589574078,NA,4.5,NA
79858,"Mark Sanchez","DAL","QB",30,7,7,6.01666666666667,3.338,7.354,2.71223769853111,33,2.452,8,4.016,NA,31.3,3.3,7.33510310314963,NA,-2.6,NA
2552487,"Amari Cooper","OAK","WR",22,1,10,6.00333333333333,5.24,6.368,0.705005910140712,41,0.186666666666667,3,1.128,NA,NA,NA,3.84061163288672,NA,9.9,NA
100017,"Rams","LA","DST",NA,NA,8,6,6,6,NA,28,0.125,9,0,NA,16.9,3.6,5.20475578855101,NA,1,NA
2550325,"Chandler Catanzaro","ARI","K",25,2,9,5.93333333333333,5.2,6.64,0.901849950564579,21,0.2,4,1.44,NA,18.1,4,5.22436347880003,NA,NA,NA
2346,"Pierre Garcon","WAS","WR",30,8,9,5.91,5.18,6.164,0.63663176169588,42,0.225,3,0.984,NA,36.6,7.5,4.31793894287255,NA,9.6,NA
100019,"Dolphins","MIA","DST",NA,NA,8,5.9,5.18,6.62,1.27279220613579,29,0.0750000000000011,9,1.44,NA,26.9,4.5,7.85885152941614,NA,-4,NA
2506194,"Nick Novak","HOU","K",NA,NA,9,5.9,5.2,6.56,0.854400374531753,22,0.483333333333334,4,1.36,NA,NA,NA,4.09456684293422,NA,1,NA
100010,"Lions","DET","DST",NA,NA,10,5.85,5.25,6.45,1.06066017177982,30,0.0749999999999993,9,1.2,NA,28.3,3.2,5.66669639391127,NA,1,NA
100001,"Falcons","ATL","DST",NA,NA,11,5.8,4.84,6.76,1.69705627484771,31,0.0499999999999998,9,1.92,NA,22.4,5.4,10.1476951531032,NA,4,NA
100007,"Browns","CLE","DST",NA,NA,13,5.75,5.07,6.43,1.20208152801713,32,NA,9,1.36,NA,27.5,3.5,6.42964426847362,NA,6,NA
2532903,"Rishard Matthews","TEN","WR",27,4,13,5.72333333333333,5.216,5.64,0.265769323537035,43,0.0816666666666661,3,0.423999999999999,NA,30.7,6.1,3.60598127797182,NA,17.4,NA
2495469,"Dion Lewis","NE","RB",26,5,9,5.67333333333333,4.024,7.224,2.01199734923616,36,0.04,5,3.2,NA,28.1,5.8,5.31119951976296,NA,5.2,NA
80429,"Jeremy Maclin","KC","WR",28,7,5,5.64666666666667,4,6.992,2.1592900067692,44,0.0750000000000002,3,2.992,NA,47.3,6.9,5.40896707481358,NA,5.3,NA
71345,"Rashad Jennings","NYG","RB",31,7,8,5.64,3.984,7.024,1.92010416384112,37,0.0766666666666662,5,3.04,NA,39.3,7,5.76623576060199,NA,11.7,NA
2552415,"Jamison Crowder","WAS","WR",23,1,9,5.63666666666667,4.52,5.968,0.989966329393749,45,0.14,3,1.448,NA,37,7.3,4.55357488060873,NA,1.6,NA
4383,"Tim Hightower","NO","RB",30,8,5,5.62666666666667,4.88,6.064,0.765593451730965,38,0.175,5,1.184,NA,39.9,5,3.98575606516194,NA,8.9,NA
2533444,"Randy Bullock","CIN","K",27,4,9,5.56666666666667,5,6.36,0.981495457622364,23,0.433333333333334,4,1.36,NA,23.3,4.1,5.53746471774104,NA,NA,NA
2539336,"Tavon Austin","LA","WR",25,3,8,5.50666666666667,5.12,5.536,0.275922694487665,46,0.0366666666666671,3,0.415999999999999,NA,55.6,7.4,3.98959858729385,NA,-1.2,NA
2543603,"Jeremy Hill","CIN","RB",24,2,9,5.5,4.3,6.7,2.12132034355964,39,0.118333333333334,5,2.4,NA,NA,NA,6.19694576672645,NA,NA,NA
2555333,"Corey Coleman","CLE","WR",22,0,13,5.48666666666667,4.2,6.408,1.47055545061495,47,0.0516666666666667,3,2.208,NA,57.2,5,4.28879226961968,NA,4,NA
2552470,"Sammie Coates","PIT","WR",23,1,8,5.45333333333333,4.1,6.708,1.75571447944514,48,0.0449999999999999,3,2.608,NA,NA,NA,5.58531950415999,NA,NA,NA
2532884,"Marvin Jones","DET","WR",26,4,10,5.41666666666667,3.82,6.58,1.76233746295462,49,0.0166666666666666,3,2.76,NA,44.8,6.9,5.07939603677887,NA,7.6,NA
2539663,"Mike Gillislee","BUF","RB",26,3,10,5.40333333333333,3.86,6.348,1.61494065938453,40,0.0599999999999996,5,2.488,NA,38.2,6.6,5.35209633461918,NA,11,NA
2530700,"Dontrelle Inman","SD","WR",27,3,11,5.4,4.84,5.64,0.529150262212918,50,0.15,3,0.8,NA,30.3,6.2,3.85351466342224,NA,5.1,NA
2555466,"Tyler Boyd","CIN","WR",22,0,9,5.4,4.82,5.7,0.608276253029822,50,0.311666666666667,3,0.880000000000001,NA,52.1,5.7,3.77490639163957,NA,3.9,NA
2555460,"Paul Perkins","NYG","RB",22,0,8,5.36,4.664,5.96,0.840713982279348,41,0.0683333333333342,5,1.296,NA,34.6,4.5,3.82494569069664,NA,10.2,NA
2495258,"Matt Asiata","MIN","RB",29,5,6,5.32666666666667,2.86,7.324,3.01730564135179,42,0.29,5,4.464,NA,43.3,5.5,5.96524415842103,NA,4.5,NA
2500351,"Phil Dawson","SF","K",41,18,8,5.26666666666667,4.16,6.56,1.55349069303081,24,1.41666666666667,4,2.4,NA,29,3.3,5.08154009431727,NA,NA,NA
927,"Justin Forsett","DEN","RB",31,8,11,5.25666666666667,3.14,6.476,2.18211670937494,43,0.513333333333333,5,3.336,NA,38.3,4.5,4.87340062712223,NA,9,NA
2533046,"Dwayne Allen","IND","TE",26,4,10,5.13333333333333,3.72,6.76,1.955334583475,13,0.715000000000001,3,3.04,NA,23.1,3.3,6.01617596947966,NA,9.4,NA
2540169,"Robert Woods","BUF","WR",24,3,10,5.1,4.62,5.1,0.346410161513776,52,0.0566666666666666,3,0.48,NA,69.5,8.7,4.42330846053144,NA,4.3,NA
2495893,"Brandon Marshall","NYJ","WR",32,10,11,5.07666666666667,3.2,6.664,2.26707594344198,53,0.108333333333333,3,3.464,NA,NA,NA,6.43443827730536,NA,NA,NA
2505587,"Anquan Boldin","DET","WR",36,13,10,5.01,3.7,5.564,1.16888836079414,54,0.0933333333333346,3,1.864,NA,50.5,5.6,4.21149570014908,NA,11.7,NA
2550380,"Cody Parkey","CLE","K",24,2,13,5,5,5,0,25,2.61666666666667,5,0,NA,30.4,3,1.91476252748735,NA,NA,NA
2543828,"Quincy Enunwa","NYJ","WR",24,2,11,4.92666666666667,4.28,5.224,0.60011110082495,55,0.0383333333333331,3,0.944,NA,60.1,9.7,4.92255015015727,NA,8.1,NA
2507166,"Ted Ginn","CAR","WR",31,9,7,4.90666666666667,3.656,5.8,1.34318030559316,56,0.046666666666666,3,2.144,NA,44.2,7.4,4.87569241443601,NA,6.9,NA
2540202,"Kenny Stills","MIA","WR",24,3,8,4.87,3.9,5.268,0.932577074562741,57,0.0533333333333346,3,1.368,NA,51.7,8.9,4.96769644018703,NA,10.1,NA
2553895,"Adam Humphries","TB","WR",NA,NA,6,4.85,4.81,4.89,0.0707106781186551,58,0.0716666666666654,3,0.080000000000001,NA,68.2,8.3,4.07896584890064,NA,9.4,NA
2543773,"James White","NE","RB",24,2,9,4.81666666666667,2.72,6.68,2.4760519649905,44,0.199999999999999,5,3.96,NA,46.7,5.1,5.3665740906145,NA,3,NA
2555346,"Will Fuller","HOU","WR",22,0,9,4.78333333333333,4.52,4.64,0.0763762615825974,59,0.0116666666666676,4,0.12,NA,57.9,6.6,3.59303998378718,NA,2.4,NA
2507763,"Mike Wallace","BAL","WR",30,7,8,4.77333333333333,4.164,4.884,0.498129835819271,60,0.108333333333333,4,0.720000000000001,NA,42.8,5.5,3.62573585392722,NA,3.3,NA
2495189,"Jeremy Kerley","SF","WR",28,5,8,4.77,3.74,5.668,1.33742289497376,61,0.2625,4,1.928,NA,68.9,8,5.04407574211826,NA,6.1,NA
2556118,"Dwayne Washington","DET","RB",NA,0,10,4.67,3.56,5.488,1.22747708736253,45,0.216666666666667,5,1.928,NA,50.2,6.3,4.9175353615744,NA,NA,NA
2495139,"Charles Clay","BUF","TE",27,5,10,4.57,4.5,4.668,0.121243556529822,14,0.338333333333333,3,0.168000000000001,NA,NA,NA,3.51174737645338,NA,2,NA
2552461,"Duke Johnson","CLE","RB",23,1,13,4.56333333333333,3.88,5.152,0.82706307699796,46,0.34,5,1.272,NA,NA,NA,4.17373470159108,NA,0.4,NA
2532933,"Brian Quick","LA","WR",27,4,8,4.56,3.376,5.296,1.20449159399308,62,0.155833333333334,4,1.92,NA,77.3,11.5,5.94382916947424,NA,1.5,NA
2552418,"Justin Hardy","ATL","WR",25,1,11,4.455,1.451,5.059,3.18905158315133,63,0.103333333333333,4,3.608,NA,89.4,15.2,8.65935722556881,NA,10.3,NA
2555316,"Paxton Lynch","DEN","QB",22,0,11,4.40733333333333,1.5256,7.332,4.17890910804881,34,2.29366666666667,8,5.8064,NA,32.6,1.9,7.33546722547011,NA,NA,NA
2532887,"Jermaine Kearse","SEA","WR",26,4,5,4.35333333333333,3.652,4.852,0.750022221893014,64,0.0466666666666669,4,1.2,NA,60.9,7.5,4.41208171195847,NA,4.4,NA
2532790,"Travis Benjamin","SD","WR",27,4,11,4.35,3.22,5.1,1.17579760163048,65,0.148333333333333,4,1.88,NA,63.9,7.2,4.67900127827409,NA,NA,NA
2540011,"Chris Thompson","WAS","RB",26,3,9,4.34333333333333,3.366,5.046,1.06237156086434,47,0.295,5,1.68,NA,46.7,5.1,4.26162613703204,NA,4.2,NA
2552633,"Jesse James","PIT","TE",22,1,8,4.26666666666667,3.94,4.5,0.404145188432738,15,0.0766666666666662,3,0.56,NA,20.7,4.2,4.42528606506315,NA,1.6,NA
2535698,"Cole Beasley","DAL","WR",27,4,7,4.26333333333333,3.76,4.392,0.398789836045671,66,0.125,5,0.631999999999999,NA,61.3,5.5,3.54325852167703,NA,4.9,NA
71265,"Jared Cook","GB","TE",29,7,4,4.19666666666667,4.04,4.352,0.195021366350801,16,0.0300000000000002,3,0.312,NA,12.3,2.7,3.45727537476338,NA,5.6,NA
2540160,"Jordan Reed","WAS","TE",26,3,9,4.18333333333333,3.04,5.24,1.38774397254441,17,0.138333333333334,3,2.2,NA,NA,NA,6.79261319369125,NA,7,NA
2552559,"C.J. Uzomah","CIN","TE",23,1,9,4.15,3.86,4.46,0.377491721763537,18,0.231666666666667,3,0.6,NA,25.3,4.1,4.34428697599386,NA,7.3,NA
2556462,"Robby Anderson","NYJ","WR",23,0,11,4.14,3.54,4.436,0.597327380922724,67,0.0533333333333328,5,0.896000000000001,NA,NA,NA,3.66181079031044,NA,4.3,NA
2543847,"John Brown","ARI","WR",26,2,9,4.13666666666667,2.92,5.328,1.70968808071336,68,0.100833333333333,5,2.408,NA,NA,NA,5.50889239344663,NA,2.5,NA
2555464,"DeAndre Washington","OAK","RB",23,0,10,4.10333333333333,2.568,5.76,2.11282591174316,48,0.203333333333333,5,3.192,NA,45.2,9.6,7.0584012346882,NA,5.7,NA
2552424,"Phillip Dorsett","IND","WR",23,1,10,4.03666666666667,3.44,4.328,0.591636149447727,69,0.00416666666666643,5,0.888,NA,69.8,8.4,4.5403263537115,NA,5.6,NA
2540151,"Justin Hunter","BUF","WR",25,3,10,4.035,1.367,4.303,2.59508188695463,70,0.0166666666666666,5,2.936,NA,112.6,12.1,7.27153435891917,NA,6.4,NA
2556612,"Tanner McEvoy","SEA","WR",23,0,5,4.03,1.126,4.534,3.01227488785469,71,0.0266666666666664,5,3.408,NA,NA,NA,7.67184558696697,NA,1.6,NA
2532841,"Michael Floyd","NE","WR",27,4,9,4.00666666666667,2.4,4.896,1.58054842802533,72,0.0566666666666666,5,2.496,NA,65.4,15.5,7.41047438248086,NA,9.6,NA
2539250,"Quinton Patton","SF","WR",26,3,8,4,4,4,NA,73,0.118333333333333,5,0,NA,NA,NA,NA,NA,NA,NA
2550268,"Charcandrick West","KC","RB",25,2,5,3.99333333333333,3.06,4.564,0.943468777084506,49,0.218333333333333,5,1.504,NA,50.4,8.8,5.79317836650045,NA,23.6,NA
497238,"Jermaine Gresham","ARI","TE",28,6,9,3.94,3.6,4.256,0.413279566395436,19,0.0749999999999997,3,0.656,NA,19.5,2.7,3.73997400589043,NA,0,NA
2552491,"Dorial Green-Beckham","PHI","WR",23,1,4,3.9,3.14,4.42,0.871779788708135,74,0.0550000000000002,5,1.28,NA,74.1,7.5,4.51317129636628,NA,1.5,NA
2532838,"Coby Fleener","NO","TE",28,4,5,3.89666666666667,3.16,4.672,0.948700866097072,20,0.083333333333333,3,1.512,NA,14.3,2.9,4.5264301489059,NA,3.8,NA
2540145,"Cordarrelle Patterson","MIN","WR",25,3,6,3.86333333333333,3.12,4.392,0.890524190201105,75,0.0699999999999998,5,1.272,NA,75.2,13.3,6.20264709767522,NA,3.9,NA
1060,"Gary Barnidge","CLE","TE",31,8,13,3.83333333333333,3.52,4.08,0.378593889720018,21,0.171666666666667,3,0.56,NA,19.8,3.5,4.06685721768413,NA,10,NA
2495331,"Aldrick Robinson","ATL","WR",28,5,11,3.82666666666667,2.82,4.244,0.979863936132631,76,0.066666666666666,5,1.424,NA,64.9,10.9,5.58416794888077,NA,3.6,NA
2555224,"Ezekiel Elliott","DAL","RB",21,0,7,3.80666666666667,2.736,4.56,1.16796118656971,50,0.109999999999999,5,1.824,NA,24.8,14.4,8.42732851544139,NA,NA,NA
2555341,"Hunter Henry","SD","TE",22,0,11,3.79333333333333,2.5,5.124,1.64199066176801,22,0.275833333333334,3,2.624,NA,17.5,3.6,5.74974635906127,NA,10.3,NA
2553451,"Neal Sterling","JAC","WR",NA,NA,5,3.76,3.76,3.76,NA,77,0.0133333333333336,6,0,NA,NA,NA,NA,NA,NA,NA
2532977,"Kendall Wright","TEN","WR",27,4,13,3.76,3.08,4.104,0.654828221749796,78,0.0283333333333333,6,1.024,NA,88.6,8.2,4.53507061591722,NA,NA,NA
2539322,"Christine Michael","GB","RB",26,3,4,3.74333333333333,2.4,4.824,1.5439019830719,51,0.16,5,2.424,NA,NA,NA,5.29431284641481,NA,1.6,NA
2495448,"Randall Cobb","GB","WR",26,5,4,3.73333333333333,2.7,4.38,1.05039675043925,79,0.0416666666666665,6,1.68,NA,NA,NA,4.41413519150152,NA,NA,NA
2528181,"Bryan Walters","JAC","WR",29,6,5,3.73,2.52,4.192,1.09302333003463,80,0.0800000000000001,6,1.672,NA,76.5,10.6,5.59153715693955,NA,8.4,NA
2539205,"Terrance Williams","DAL","WR",27,3,7,3.65333333333333,3.152,4.032,0.574920284329344,81,0.0124999999999993,6,0.88,NA,NA,NA,3.62460367223703,NA,9.3,NA
2550738,"Fitzgerald Toussaint","PIT","RB",26,2,8,3.65,1.42,5.46,2.52537125983488,52,0.134166666666666,5,4.04,NA,39.8,9.5,7.33694607880709,NA,3.8,NA
2535869,"Rod Streater","SF","WR",28,4,8,3.64666666666667,3.128,3.688,0.387986254052039,82,0.0141666666666667,6,0.56,NA,79.4,7.4,4.08263969315648,NA,0.5,NA
2553606,"Jordan Taylor","DEN","WR",24,1,11,3.635,2.903,3.167,0.233345237791561,83,0.0350000000000006,6,0.264,NA,100.6,6.9,3.80994566381598,NA,4.1,NA
2543491,"Paul Richardson","SEA","WR",24,2,5,3.63,3.012,4.06,0.655515064662895,84,0.0683333333333329,6,1.048,NA,78.6,11.5,5.48803976228366,NA,4,NA
80427,"Darrius Heyward-Bey","PIT","WR",29,7,8,3.57,2.14,4.468,1.46242948547956,85,0.0633333333333335,6,2.328,NA,85.5,10.8,5.9559588685817,NA,4.6,NA
2539964,"Marquise Goodwin","BUF","WR",26,3,10,3.55333333333333,2.72,3.888,0.760613787235896,86,0.116666666666667,6,1.168,NA,84.6,8.5,4.70948111594292,NA,0.8,NA
2534820,"Garrett Celek","SF","TE",28,4,8,3.53,3.12,4.072,0.66007575322837,23,0.119166666666667,4,0.951999999999999,NA,26.2,3.9,4.61735110451042,NA,6.9,NA
2556885,"Jalen Richard","OAK","RB",23,0,10,3.51666666666667,2.96,3.96,0.652559065015063,53,0.0225,5,1,NA,NA,NA,3.90094624053631,NA,-0.2,NA
2556454,"Brandon Wilds","NYJ","RB",23,0,11,3.515,1.303,4.527,2.84964032818179,54,0.0933333333333337,5,3.224,NA,NA,NA,7.33547138285945,NA,2.9,NA
2550521,"Xavier Grimble","PIT","TE",24,2,8,3.505,2.541,4.469,1.70412734265958,24,0.299999999999999,4,1.928,NA,NA,NA,7.61220343703265,NA,NA,NA
2556466,"Peyton Barber","TB","RB",22,0,6,3.47333333333333,1.32,5.416,2.69520561986156,55,0.245,5,4.096,NA,65.7,10,7.68921585546183,NA,1.9,NA
2550162,"James Wright","CIN","WR",25,2,9,3.46,1.612,4.108,2.20617315730203,87,0.0950000000000002,6,2.496,NA,116.8,0.7,3.65853645501399,NA,NA,NA
2552600,"Nelson Agholor","PHI","WR",23,1,4,3.41333333333333,2.56,3.872,0.820081296783028,88,0.131666666666666,6,1.312,NA,81.6,10,5.19176278151743,NA,0,NA
2533460,"Robert Turbin","IND","RB",27,4,10,3.37,2,4.088,1.3098473193468,56,0.284166666666667,5,2.088,NA,51.5,4.9,4.36724571822971,NA,9.3,NA
2495826,"Vernon Davis","WAS","TE",32,10,9,3.31666666666667,2.92,3.84,0.637050495120547,25,0.253333333333334,4,0.92,NA,15.2,4,4.63400389416127,NA,4.9,NA
2541944,"Russell Shepard","TB","WR",26,3,6,3.31666666666667,2.88,3.64,0.510718448201486,89,0.130000000000001,6,0.76,NA,80.4,10.6,5.10807678529354,NA,2.9,NA
2555317,"Tajae Sharpe","TEN","WR",22,0,13,3.24666666666667,2.348,3.868,0.964641556918078,90,0.140833333333333,6,1.52,NA,77.3,8.3,4.82115463758068,NA,0,NA
2534436,"Deonte Thompson","CHI","WR",27,4,9,3.12666666666667,1.856,3.696,1.32216993360662,91,0.0474999999999999,6,1.84,NA,72.7,8.2,5.08913307030281,NA,0,NA
2495187,"Lance Kendricks","LA","TE",28,5,8,3.09333333333333,2.42,3.684,0.81002057587035,26,0.1,4,1.264,NA,27.8,4.6,5.13690049136369,NA,1.2,NA
2534571,"Bobby Rainey","NYG","RB",29,4,8,3.08666666666667,1.1,4.988,2.44264883545166,57,0.00916666666666677,5,3.888,NA,57.4,10.7,7.79915028602892,NA,0.3,NA
2550223,"Freddie Martino","TB","WR",25,2,6,3.085,1.217,3.753,2.24152849636136,92,0.0233333333333339,6,2.536,NA,104.5,17,8.39216365100443,NA,0.9,NA
2552379,"Jeremy Langford","CHI","RB",25,1,9,3.085,2.337,2.633,0.261629509039023,58,0.1125,6,0.295999999999999,NA,61.5,5.6,3.85528285168132,NA,3.7,NA
2552597,"Breshad Perriman","BAL","WR",23,1,8,3.07333333333333,2.904,3.064,0.110151410945722,93,0.0308333333333337,6,0.16,NA,73.4,9.6,4.48689907811112,NA,6.2,NA
2543565,"Andre Williams","SD","RB",24,2,11,3.07,2.12,3.888,1.24807852317072,59,0.3025,6,1.768,NA,64.2,9,6.11907481020854,NA,8.7,NA
2507855,"Victor Cruz","NYG","WR",30,6,8,3.05,1.8,4.08,1.50249792013167,94,0.0224999999999995,6,2.28,NA,74.7,8.7,5.38315378361593,NA,0.7,NA
2550272,"Albert Wilson","KC","WR",24,2,5,3.035,1.687,3.183,1.32228968081884,95,0.0225,6,1.496,NA,105,13.7,6.67656397908653,NA,4.2,NA
89766,"Brandon Myers","TB","TE",31,7,6,3.03333333333333,2.22,3.66,0.986576572463249,27,0.0866666666666669,4,1.44,NA,25.3,4.6,5.36558440126433,NA,NA,NA
2552429,"Ty Montgomery","GB","WR",23,1,4,3.02,3.02,3.02,NA,96,0.0274999999999999,7,0,NA,20,10.3,6.52499399661178,NA,6.1,NA
2550328,"Brandon Coleman","NO","WR",24,2,5,3.005,1.281,3.529,1.9869700551342,97,0.0349999999999997,8,2.248,NA,100.5,11.1,6.47804196463066,NA,0.8,NA
2535964,"Josh Bellamy","CHI","WR",27,4,9,2.98,2.228,3.428,0.783070878018076,98,0.0316666666666672,8,1.2,NA,82.7,8.6,4.75698675531915,NA,0,NA
2550597,"Seth Roberts","OAK","WR",NA,NA,10,2.96,2.576,2.896,0.225388553391693,99,0.061666666666667,8,0.32,NA,84,7.7,4.03422418288623,NA,2.6,NA
2540203,"Levine Toilolo","ATL","TE",25,3,11,2.95333333333333,2.06,4.108,1.39947609244793,28,0.0916666666666672,4,2.048,NA,35.5,5.5,6.31867794203506,NA,1.8,NA
2535724,"Dominique Jones","MIA","TE",29,4,8,2.94,2.188,3.692,1.32936074863071,29,0.163333333333333,4,1.504,NA,NA,NA,6.64137161396769,NA,NA,NA
2541147,"Charles Johnson","MIN","WR",27,3,6,2.93666666666667,2.18,3.468,0.806866366465559,100,0.106666666666666,8,1.288,NA,NA,NA,4.00975153058366,NA,1.1,NA
2533457,"Alfred Morris","DAL","RB",28,4,7,2.875,1.015,3.535,2.22738636073763,60,0.291666666666667,6,2.52,NA,66.9,11.2,7.85042419527553,NA,1.5,NA
2555419,"Pharoh Cooper","LA","WR",21,0,8,2.86,2.448,2.672,0.197989898732233,101,0.0700000000000003,8,0.223999999999999,NA,102.3,8.1,4.12691865787807,NA,3.6,NA
2553652,"Chris Harper","SF","WR",NA,NA,8,2.8,5.6,5.6,NA,102,0.0316666666666667,8,0,NA,88.8,4.4,3.11944643989065,NA,2.5,NA
2505629,"Jason Witten","DAL","TE",34,13,7,2.78333333333333,2.1,3.5,0.877971146071062,30,0.0483333333333329,4,1.4,NA,18.7,4.8,5.31786581985378,NA,1,NA
2552652,"Chris Conley","KC","WR",24,1,5,2.78,2.16,3.152,0.628649345820069,103,0.101666666666667,8,0.992,NA,NA,NA,3.71382110058736,NA,5.5,NA
2540200,"Dion Sims","MIA","TE",25,3,8,2.77,2.508,2.98,0.315753068076939,31,0.153333333333334,5,0.472,NA,27.1,3.9,4.17136762375968,NA,0,NA
2530660,"Kamar Aiken","BAL","WR",27,5,8,2.75666666666667,2.514,2.834,0.213619599600162,104,0.158333333333333,8,0.320000000000001,NA,94.1,12.6,5.43862102697759,NA,2.2,NA
264,"Josh Johnson","NYG","QB",30,8,8,2.722,0.2854,4.0086,3.29087495964219,35,1.30683333333333,9,3.7232,NA,35,1.7,6.32101278677325,NA,NA,NA
2495259,"Dan Bailey","DAL","K",28,5,7,2.7,2.28,3,0.519615242270663,26,0.85,6,0.72,NA,11.1,3.7,4.04224514741195,NA,NA,NA
2553830,"Will Tye","NYG","TE",NA,NA,8,2.7,2.46,2.94,0.424264068711928,32,0.203333333333333,5,0.48,NA,NA,NA,4.29672117335795,NA,4.7,NA
2535890,"Travaris Cadet","NO","RB",27,4,5,2.66,2.232,2.488,0.226274169979695,61,0.166666666666667,6,0.256,NA,59.6,5.7,3.87155381414476,NA,7.8,NA
2553900,"Daniel Brown","CHI","WR",NA,NA,9,2.6,2.6,2.6,NA,105,0.0183333333333331,8,0,NA,NA,NA,NA,NA,1.8,NA
2550546,"Philly Brown","CAR","WR",25,2,7,2.59666666666667,1.938,3.058,0.700023809118899,106,0.0333333333333328,8,1.12,NA,88.9,7.7,4.42829152507954,NA,2,NA
2508097,"Andrew Hawkins","CLE","WR",30,5,13,2.56666666666667,2.06,2.94,0.568624070307733,107,0.0541666666666671,8,0.88,NA,96.6,11.8,5.50247997159999,NA,0.9,NA
222,"Harry Douglas","TEN","WR",32,8,13,2.56,1.732,2.788,0.933380951166243,108,0.1725,8,1.056,NA,102.4,3.2,3.32331122781262,NA,NA,NA
2550284,"Trey Burton","PHI","TE",25,2,4,2.53333333333333,2.24,2.88,0.416333199893226,33,0.0749999999999997,5,0.64,NA,32.5,3.5,4.11573900688364,NA,3.9,NA
2553660,"Akeem Hunt","HOU","RB",23,1,9,2.50666666666667,1.5,3.196,1.09001529041263,62,0.0683333333333334,6,1.696,NA,63.1,6.1,4.7222835698008,NA,NA,NA
4433,"Marcel Reece","SEA","RB",31,8,5,2.48,1.936,3.024,0.961665222413705,63,0.0883333333333338,6,1.088,NA,63.9,6.9,4.97320439790896,NA,2.6,NA
2539203,"Cobi Hamilton","PIT","WR",26,3,8,2.465,1.553,2.777,1.08187337521542,109,0.2425,8,1.224,NA,60.4,7.2,4.60102040807042,NA,11.4,NA
2495288,"Virgil Green","DEN","TE",28,5,11,2.46,1.932,2.988,0.933380951166243,34,0.0366666666666675,5,1.056,NA,NA,NA,5.61558704620093,NA,7.7,NA
2552396,"Ben Koyack","JAC","TE",23,1,5,2.45666666666667,2.334,2.574,0.150443787951957,35,0.0916666666666668,6,0.24,NA,NA,NA,3.58739049501609,NA,8.5,NA
2535708,"Lance Dunbar","DAL","RB",26,4,7,2.39666666666667,1.118,3.438,1.45225112612569,64,0.0283333333333338,6,2.32,NA,70.4,6,4.96150595278472,NA,3.9,NA
2552397,"Clive Walford","OAK","TE",25,1,10,2.39,2.014,2.894,0.615873363606513,36,0.19,6,0.88,NA,32.2,4.8,4.97838403035396,NA,1.7,NA
2530690,"DuJuan Harris","SF","RB",28,5,8,2.38666666666667,1.112,3.432,1.45139013822381,65,0.0391666666666666,6,2.32,NA,44,8.8,6.19017521736831,NA,-3.1,NA
2540037,"Fozzy Whittaker","CAR","RB",27,4,7,2.35,1.8,2.72,0.57662812973354,66,0.0249999999999999,6,0.92,NA,64.8,5.7,4.14539427322562,NA,0.9,NA
2550263,"Juwan Thompson","DEN","RB",24,2,11,2.345,0.909,2.581,1.47785317267988,67,0.0591666666666666,6,1.672,NA,74.4,3.1,3.70826948892189,NA,0.1,NA
2541316,"Ryan Griffin","HOU","TE",26,3,9,2.34,1.88,2.696,0.557494394590654,37,0.31,6,0.816,NA,26.5,4,4.53095896520553,NA,1,NA
2543759,"Ryan Grant","WAS","WR",26,2,9,2.31,1.282,2.738,1.28693434175952,110,0.180833333333334,8,1.456,NA,121.3,6.6,4.59810945443799,NA,NA,NA
2536044,"Jamize Olawale","OAK","RB",27,4,10,2.305,1.361,2.649,1.13844191771034,68,0.0516666666666667,6,1.288,NA,75.6,5.5,4.49670387135297,NA,1,NA
2550512,"Damien Williams","MIA","RB",24,2,8,2.26666666666667,1.4,2.92,0.950438495292217,69,0.0466666666666664,6,1.52,NA,59.4,5.1,4.17413803761357,NA,-0.2,NA
2539980,"Kerwynn Williams","ARI","RB",25,3,9,2.24,0.868,3.012,1.89504617357995,70,0.0516666666666667,6,2.144,NA,75.1,4.9,4.82464349677741,NA,12,NA
2556493,"Tra Carson","CIN","RB",24,0,9,2.2,2.2,2.2,NA,71,0.0341666666666667,6,0,NA,NA,NA,NA,NA,NA,NA
2539260,"Denard Robinson","JAC","RB",26,3,5,2.17666666666667,0.924,3.3,1.51116952501476,72,0.0741666666666667,6,2.376,NA,NA,NA,5.24314475716296,NA,1.7,NA
2506147,"John Kuhn","NO","RB",34,10,5,2.155,1.191,1.919,0.643467170879758,73,0.1175,7,0.728,NA,NA,NA,3.88673359418474,NA,NA,NA
2550198,"Bennie Fowler","DEN","WR",25,2,11,2.135,1.247,2.423,1.03944696834423,111,0.0283333333333338,8,1.176,NA,NA,NA,4.39595301276231,NA,NA,NA
2555331,"Cody Core","CIN","WR",22,0,9,2.12333333333333,0.796,3.62,1.80267393982754,112,0.0783333333333336,8,2.824,NA,72.4,12.2,6.64249586074884,NA,8.2,NA
2556592,"Roger Lewis","NYG","WR",23,0,8,2.09,1.334,2.534,0.788225855957542,113,0.0999999999999996,8,1.2,NA,84.7,11.5,5.59822329411112,NA,NA,NA
2506677,"Matt Prater","DET","K",32,10,10,2.06666666666667,2,2.16,0.115470053837925,27,0.433333333333334,7,0.16,NA,8.5,3.3,2.64485590271312,NA,NA,NA
2550313,"Richard Rodgers","GB","TE",24,2,4,2.06,1.24,2.824,0.997396611183335,38,0.0600000000000001,6,1.584,NA,41.5,4.7,5.42607526472584,NA,1.4,NA
2552375,"Cameron Artis-Payne","CAR","RB",24,1,7,2.05,1.47,2.03,0.494974746830583,74,0.0649999999999999,7,0.56,NA,57.5,11.1,6.4524473879905,NA,NA,NA
2555230,"Kenyan Drake","MIA","RB",NA,0,8,2.025,1.305,2.145,0.742462120245875,75,0.1025,7,0.84,NA,58.7,9.4,5.89949985714777,NA,1,NA
2543683,"Austin Seferian-Jenkins","NYJ","TE",24,2,11,2,2,2,NA,39,0.0425,7,0,NA,NA,NA,NA,NA,NA,NA
2552399,"Jeff Heuerman","DEN","TE",24,1,11,2,1.26,2.78,0.953939201416946,39,0.14,6,1.52,NA,31.2,4.4,5.23035844503896,NA,2.1,NA
2553548,"Jake Kumerow","FA","WR",NA,NA,NA,2,2,2,NA,114,0.0349999999999997,8,0,NA,NA,NA,NA,NA,NA,NA
2555477,"Charone Peake","NYJ","WR",24,0,11,1.98,1.376,1.984,0.537401153701776,115,0.0350000000000001,8,0.608,NA,105.4,9.4,4.78390331125196,NA,2.2,NA
2556606,"Jalin Marshall","NYJ","WR",NA,0,11,1.95,1.61,1.69,0.0707106781186547,116,0.0250000000000001,8,0.0799999999999998,NA,NA,NA,2.78736060177293,NA,8.2,NA
2534770,"Jonathan Grimes","HOU","RB",27,4,9,1.945,1.369,1.921,0.487903679018718,76,0.0900000000000003,7,0.552,NA,69.2,7.9,5.04195802509545,NA,4.9,NA
2535988,"Brittan Golden","ARI","WR",28,4,9,1.94,0.728,2.552,1.61220346110533,117,0.0449999999999997,8,1.824,NA,100.9,10.4,5.96486687023134,NA,0,NA
497224,"Ed Dickson","CAR","TE",29,6,7,1.915,1.503,2.327,0.728319984622144,41,0.1175,7,0.824,NA,51,9.1,7.12250796248622,NA,0,NA
2495453,"Andre Holmes","OAK","WR",28,5,10,1.91,1.282,1.938,0.579827560572969,118,0.0449999999999999,8,0.656,NA,NA,NA,3.63275223382574,NA,0,NA
2553762,"Terron Ward","ATL","RB",NA,NA,11,1.9,1.9,1.9,NA,77,0.0966666666666665,7,0,NA,76.7,6.7,5.38664078005793,NA,NA,NA
2556396,"Chester Rogers","IND","WR",22,0,10,1.88,0.904,2.856,1.72534054609518,119,0.04,8,1.952,NA,91.6,9.3,5.74133297613232,NA,7.2,NA
497270,"Arrelious Benn","JAC","WR",28,6,5,1.85,1.85,1.85,NA,120,0.0674999999999999,8,0,NA,NA,NA,NA,NA,NA,NA
2556519,"Alex Erickson","CIN","WR",24,0,9,1.83,0.786,2.274,1.31521861300698,121,0.100833333333334,8,1.488,NA,121,8.1,5.05450114304713,NA,0,NA
2507428,"Mike Tolbert","CAR","RB",31,8,7,1.81,1.642,1.978,0.29698484809835,78,0.101666666666667,7,0.336,NA,72.8,4.8,3.53167633369882,NA,2.4,NA
2550405,"Erik Swoope","IND","TE",24,2,10,1.805,1.801,1.809,0.00707106781186532,42,0.0616666666666665,7,0.00799999999999979,NA,37.1,6.9,5.16583438985353,NA,2.2,NA
2543551,"KaDeem Carey","CHI","RB",24,2,9,1.79666666666667,0.958,2.478,0.954480661581644,79,0.241666666666667,7,1.52,NA,72.9,7.7,5.31882950203172,NA,NA,NA
2540259,"MarQueis Gray","MIA","TE",26,3,8,1.79,1.078,2.502,1.25865007051205,43,0.111666666666667,7,1.424,NA,49.8,5.3,6.04332078568199,NA,NA,NA
2553434,"Devin Smith","NYJ","WR",NA,NA,11,1.735,1.007,1.863,0.756604255869606,122,0.0133333333333334,8,0.856,NA,106.5,12.5,5.86057509110438,NA,NA,NA
71417,"Jordan Norwood","DEN","WR",30,7,11,1.72333333333333,0.794,2.314,0.99630985809302,123,0.0233333333333332,8,1.52,NA,102.8,13.7,6.40591825523823,NA,NA,NA
497320,"Andre Roberts","DET","WR",28,6,10,1.72,0.364,2.476,1.86676190233249,124,0.0699999999999998,8,2.112,NA,NA,NA,5.76971441484813,NA,0,NA
2541187,"Demetrius Harris","KC","TE",25,3,5,1.69666666666667,1.1,2.372,0.813039564432957,44,0.04,7,1.272,NA,37.1,6.8,6.16328774481769,NA,0,NA
81306,"Brandon Tate","BUF","WR",29,7,10,1.68,0.676,2.084,1.24450793488832,125,0.0674999999999999,8,1.408,NA,133,1,2.94669274228564,NA,0,NA
2552402,"Nick Boyle","BAL","TE",23,1,8,1.66,1.612,1.708,0.0848528137423858,45,0.0266666666666666,7,0.0960000000000001,NA,48.7,5.6,4.66239018551306,NA,NA,NA
2539995,"Mychal Rivera","OAK","TE",26,3,10,1.65333333333333,1.54,1.748,0.136137185711081,46,0.101666666666667,7,0.208,NA,41.7,4.6,4.26405396418479,NA,0.9,NA
2504257,"Sebastian Janikowski","OAK","K",38,16,10,1.63333333333333,1.18,1.98,0.55075705472861,28,0.0499999999999998,8,0.8,NA,13.9,3.9,4.45130252644401,NA,NA,NA
2553833,"Josh Lambo","SD","K",26,1,11,1.63333333333333,1.18,1.98,0.55075705472861,28,0.0999999999999999,8,0.8,NA,15.2,4.8,6.05460069833975,NA,NA,NA
2552408,"Darren Waller","BAL","WR",24,1,8,1.62,1.62,1.62,NA,126,0.1,8,0,NA,NA,NA,NA,NA,0,NA
2552477,"Aaron Ripkowski","GB","RB",NA,NA,4,1.62,0.64,2.288,1.04747315001388,80,0.15,7,1.648,NA,72.2,5.6,4.46950677414397,NA,13.6,NA
2541199,"Luke Willson","SEA","TE",26,3,5,1.61333333333333,1.04,2.352,0.894725283723073,47,0.128333333333333,7,1.312,NA,42.8,4,4.96775680699106,NA,8.6,NA
2495159,"Dwayne Harris","NYG","WR",29,5,8,1.605,0.181,2.429,1.9869700551342,127,0.2475,8,2.248,NA,115.4,26.3,10.8648489868477,NA,NA,NA
2507463,"Connor Barth","CHI","K",30,8,9,1.53333333333333,1.12,1.92,0.503322295684717,30,0.0166666666666668,8,0.8,NA,27,3.4,3.48020449884632,NA,NA,NA
2553648,"Andrew Franks","MIA","K",23,1,8,1.53333333333333,1.12,1.92,0.503322295684717,30,0.783333333333333,8,0.8,NA,29.6,3.1,2.94577177488107,NA,NA,NA
2505354,"Tony Romo","DAL","QB",36,13,7,1.50533333333333,0.664,2.1488,0.92801149418169,36,0.495833333333333,9,1.4848,NA,35.1,1.4,3.84652037068192,NA,5.16,NA
2534797,"Greg Zuerlein","LA","K",29,4,8,1.5,1.1,1.9,0.5,32,1.5,8,0.8,NA,25.6,5.2,6.68117130912894,NA,NA,NA
2555364,"Tyler Higbee","LA","TE",23,0,8,1.49,1.402,1.578,0.15556349186104,48,0.0325000000000002,7,0.176,NA,39.2,9.1,6.38064590901205,NA,NA,NA
2556411,"Josh Ferguson","IND","RB",23,0,10,1.49,0.878,1.502,0.551543289325507,81,0.0725,7,0.624,NA,69,2,2.50129975327683,NA,NA,NA
2495835,"Anthony Fasano","TEN","TE",32,10,13,1.48,1.336,1.624,0.254558441227157,49,0.0875000000000001,7,0.288,NA,57.7,3.3,3.81324802831333,NA,NA,NA
2556728,"Brandon Burks","NYJ","RB",23,0,11,1.45,0.29,2.61,2.05060966544099,82,0.0825,7,2.32,NA,NA,NA,6.08640929914073,NA,-0.4,NA
2543750,"Jeff Janis","GB","WR",25,2,4,1.435,0.707,1.563,0.756604255869606,128,0.1675,8,0.856,NA,113.7,21.2,8.37144489987335,NA,NA,NA
2556463,"Stephen Anderson","HOU","TE",23,0,9,1.435,1.247,1.623,0.332340187157677,50,0.11,7,0.376,NA,50.4,11.3,7.63209259130509,NA,0,NA
2540230,"Kyle Juszczyk","BAL","RB",25,3,8,1.385,1.133,1.637,0.445477272147525,83,0.0600000000000001,7,0.504,NA,68.8,5.9,4.13069549762237,NA,0.1,NA
2495234,"Luke Stocker","TB","TE",28,5,6,1.35,1.15,1.55,0.353553390593274,51,0.1025,7,0.4,NA,54.3,3.8,4.17385221580741,NA,0.1,NA
2553617,"Terrell Watson","PHI","RB",23,1,4,1.35,0.27,2.43,1.90918830920368,84,0.2,7,2.16,NA,69.2,10.4,7.2504765083287,NA,NA,NA
2533436,"Brock Osweiler","HOU","QB",26,4,9,1.325,0.613,1.837,1.08187337521542,37,0.8115,9,1.224,NA,NA,NA,5.21487583776211,NA,20.22,NA
2555311,"Jerell Adams","NYG","TE",24,0,8,1.3,1.06,1.54,0.424264068711929,52,0.2025,8,0.48,NA,NA,NA,4.29672117335795,NA,NA,NA
2553867,"Mack Brown","WAS","RB",NA,NA,9,1.3,1.3,1.3,NA,85,0.3,8,0,NA,67.5,10.8,8.98685728756708,NA,NA,NA
2535966,"Brenton Bersin","CAR","WR",26,3,7,1.28,0.544,2.016,1.30107647738325,129,0.0350000000000001,8,1.472,NA,112.7,7.6,4.89845673002902,NA,1,NA
2556785,"Paul Turner","PHI","WR",23,0,4,1.255,0.739,1.771,0.912167747730646,130,0.0374999999999999,8,1.032,NA,78.8,18.7,7.77908764190566,NA,3,NA
2543836,"T.J. Jones","DET","WR",24,2,10,1.235,0.783,1.687,0.799030662740799,131,0.0774999999999999,8,0.904,NA,NA,NA,3.99674029762626,NA,3.5,NA
2552627,"DeAndre Smelter","SF","WR",25,1,8,1.2,1.2,1.2,NA,132,0.115,8,0,NA,142,1,1.15692750889881,NA,2.3,NA
2540211,"Gavin Escobar","DAL","TE",25,3,7,1.195,0.719,1.671,0.841457069611992,53,0.2825,8,0.952,NA,47.3,7.8,6.66485771206391,NA,0.7,NA
2552420,"Keith Mumphery","HOU","WR",24,1,9,1.115,0.487,1.743,1.11015764646288,133,0.0600000000000001,8,1.256,NA,109.8,7,4.5667823639316,NA,2.3,NA
2543746,"Josh Huff","TB","WR",25,2,6,1.055,0.619,1.491,0.770746391493337,134,0.0275000000000001,8,0.872,NA,105.3,2.5,2.98625939009097,NA,NA,NA
2555473,"Ricardo Louis","CLE","WR",NA,0,13,1.055,0.771,1.339,0.502045814642449,134,0.0550000000000002,8,0.568,NA,NA,NA,3.50359517892879,NA,2.2,NA
497145,"Joique Bell","DET","RB",30,6,10,1,0.76,1.24,0.424264068711929,86,0.075,8,0.48,NA,88,4,3.27991851964703,NA,NA,NA
2539235,"Tavarres King","NYG","WR",26,3,8,1,1,1,NA,136,0.0175,9,0,NA,126.3,3.9,2.83084071474479,NA,4.4,NA
2552408,"Darren Waller","BAL","TE",24,1,8,1,1,1,NA,54,0.2375,8,0,NA,NA,NA,NA,NA,0,NA
2553650,"Corey Grant","JAC","RB",NA,NA,5,1,0.36,1.64,1.13137084989848,86,0.195,8,1.28,NA,54.5,9.2,6.11566498428879,NA,19.7,NA
2556697,"Bryce Treggs","PHI","WR",22,0,4,1,0.84,1.16,0.282842712474619,136,0.0425,8,0.32,NA,109.1,9.5,4.60141597575334,NA,0,NA
2540279,"Nick Williams","ATL","WR",26,3,11,0.965,0.857,1.073,0.190918830920368,138,0.0800000000000001,9,0.216,NA,136,1,2.07194723411988,NA,1,NA
4487,"Matthew Slater","NE","WR",31,8,9,0.95,0.19,1.71,1.34350288425444,139,0.14,9,1.52,NA,NA,NA,4.90083968190496,NA,NA,NA
2553439,"Mike Davis","SF","RB",23,1,8,0.85,0.17,1.53,1.20208152801713,88,0.0925,8,1.36,NA,74.4,10.5,6.74169924975993,NA,NA,NA
2507218,"Brent Celek","PHI","TE",31,9,4,0.825,0.525,1.125,0.530330085889911,55,0.15,8,0.6,NA,49.1,5.2,5.05348911166327,NA,0.9,NA
2550163,"Michael Campanaro","BAL","WR",25,2,8,0.82,0.0820000000000001,0.738,0.579827560572969,140,0.0524999999999999,10,0.656,NA,130,1,2.39483987136228,NA,0,NA
2556473,"Jace Billingsley","FA","WR",23,0,NA,0.8,0.24,1.36,0.989949493661167,141,0.0700000000000001,10,1.12,NA,NA,NA,4.31376215964607,NA,NA,NA
2539217,"Andre Ellington","ARI","RB",27,3,9,0.76,0.484,0.98,0.332866339541865,89,0.0800000000000002,8,0.496,NA,72.8,5.8,3.99877249061036,NA,2.6,NA
2540178,"Knile Davis","KC","RB",25,3,5,0.755,0.399,1.111,0.629325035256027,90,0.15,8,0.712,NA,75.5,5.5,4.09877258804435,NA,0.9,NA
2556460,"Geronimo Allison","GB","WR",22,0,4,0.735,0.603,0.867,0.233345237791561,142,0.0275,10,0.264,NA,88.5,11.5,5.13753199948693,NA,15.1,NA
2550183,"Jeremy Butler","SD","WR",25,2,11,0.725,0.585,0.865,0.247487373415292,143,0.0675000000000001,10,0.28,NA,NA,NA,3.08089936290238,NA,NA,NA
2553451,"Neal Sterling","JAC","TE",NA,NA,5,0.7,0.7,0.7,NA,56,0.0675,8,0,NA,NA,NA,NA,NA,NA,NA
2555426,"Cardale Jones","BUF","QB",24,0,10,0.694,0.3088,0.8592,0.486489465456345,38,0.3885,9,0.5504,NA,NA,NA,4.11421332949153,NA,0.74,NA
2532978,"Jarius Wright","MIN","WR",27,4,6,0.69,0.682,0.698,0.014142135623731,144,0.0725000000000001,10,0.016,NA,97,20.2,7.46640777635565,NA,8.4,NA
2536342,"Brandon Bostick","NYJ","TE",27,4,11,0.65,0.29,1.01,0.636396103067893,57,0.0675,9,0.72,NA,51,9.7,7.28230102212689,NA,0.7,NA
2556404,"Maurice Harris","WAS","WR",24,0,9,0.625,0.405,0.845,0.388908729652601,145,0.0275000000000001,10,0.44,NA,130.3,8.8,4.48745359649007,NA,1.5,NA
2537933,"Larry Donnell","NYG","TE",28,4,8,0.615,0.443,0.787,0.304055915910215,58,0.0775,9,0.344,NA,68,0,2.34364419474538,NA,NA,NA
2555209,"Chris Moore","BAL","WR",23,0,8,0.61,0.522,0.698,0.155563491861041,146,0.0425,10,0.176,NA,NA,NA,2.92825920711506,NA,NA,NA
2506874,"Reggie Bush","BUF","RB",31,10,10,0.605,0.289,0.921,0.558614357137373,91,1.11022302462516e-16,8,0.632,NA,NA,NA,3.75408983308187,NA,NA,NA
2555234,"Tyler Ervin","HOU","RB",23,0,9,0.605,-0.0189999999999999,0.629,0.572756492761104,91,0.0275000000000001,9,0.648,NA,NA,NA,3.77619712659901,NA,NA,NA
2552382,"Malcolm Brown","LA","RB",23,1,8,0.605,0.449,0.761,0.275771644662754,93,0.095,9,0.312,NA,72.1,4.5,3.38338062548135,NA,1.1,NA
2543638,"DeAnthony Thomas","KC","WR",23,2,5,0.585,0.413,0.757,0.304055915910215,147,0.0474999999999999,10,0.344,NA,NA,NA,3.1748317664638,NA,NA,NA
497258,"Andrew Quarless","FA","TE",28,6,NA,0.55,0.55,0.55,NA,59,0.0675,9,0,NA,NA,NA,NA,NA,NA,NA
2540261,"Corey Fuller","NO","WR",26,3,5,0.55,0.0550000000000001,0.495,0.388908729652601,148,0.03,10,0.44,NA,NA,NA,3.31573037180594,NA,NA,NA
2552631,"Javorius Allen","BAL","RB",25,1,8,0.55,0.11,0.99,0.777817459305202,94,0.1125,9,0.88,NA,NA,NA,4.09675288259762,NA,NA,NA
2540928,"Darren Fells","ARI","TE",30,4,9,0.525,0.465,0.585,0.106066017177982,60,0.0875,9,0.12,NA,55.8,3.2,3.57443719855241,NA,9.7,NA
2555468,"Rashard Higgins","CLE","WR",22,0,13,0.525,0.465,0.585,0.106066017177982,149,0.015,10,0.12,NA,134.8,9.4,4.42578602267403,NA,0,NA
2555362,"Aaron Burbridge","SF","WR",23,0,8,0.515,0.207,0.823,0.544472221513642,150,0.0325,10,0.616,NA,92.2,5,3.51990889583277,NA,2.4,NA
2556144,"Daniel Braverman","CHI","WR",23,0,9,0.505,0.349,0.661,0.275771644662754,151,0.0475,10,0.312,NA,143,1,2.14239653679095,NA,NA,NA
2495472,"Jordan Todman","IND","RB",26,5,10,0.47,0.206,0.734,0.466690475583121,95,0.0675,9,0.528,NA,79.5,2.5,2.65450326952473,NA,NA,NA
2555215,"Leonte Carroo","MIA","WR",22,0,8,0.46,0.348,0.572,0.197989898732233,152,0.00499999999999995,10,0.224,NA,146,1,2.07781800934247,NA,NA,NA
2543590,"Cody Latimer","DEN","WR",24,2,11,0.455,0.179,0.731,0.487903679018718,153,0.0125,10,0.552,NA,129.4,6.4,3.87699070925626,NA,2.8,NA
2556805,"Johnny Holton","OAK","WR",25,0,10,0.455,0.251,0.659,0.360624458405139,153,0.04,10,0.408,NA,NA,NA,3.26876417002523,NA,-3,NA
2556478,"Ben Braunecker","CHI","TE",22,0,9,0.44,0.312,0.568,0.226274169979695,61,0.015,9,0.256,NA,47.9,7,5.49623312745076,NA,NA,NA
2532835,"Rhett Ellison","MIN","TE",28,4,6,0.435,0.303,0.567,0.233345237791561,62,0.0275,9,0.264,NA,56.8,4.8,4.48291500553215,NA,NA,NA
2543641,"Devin Street","IND","WR",25,2,10,0.43,0.374,0.486,0.0989949493661166,155,0.03,10,0.112,NA,134,1,1.99562715622623,NA,NA,NA
71435,"John Phillips","NO","TE",29,7,5,0.415,0.267,0.563,0.261629509039023,63,0.0275,9,0.296,NA,51.6,3.6,3.9618354890109,NA,0,NA
230,"Jerome Felton","BUF","RB",30,8,10,0.405,0.249,0.561,0.275771644662754,96,0.01,9,0.312,NA,NA,NA,3.31194396273896,NA,0,NA
2532797,"Brandon Bolden","NE","RB",26,4,9,0.4,0.24,0.56,0.282842712474619,97,0.0325,9,0.32,NA,NA,NA,3.32299760949753,NA,NA,NA
2553554,"Matt Lengel","NE","TE",NA,NA,9,0.4,0.4,0.4,NA,64,0.0275,9,0,NA,33.9,8.8,8.88178140439428,NA,0.4,NA
2553621,"Lucky Whitehead","DAL","WR",NA,NA,7,0.4,0.4,0.4,NA,156,0.015,10,0,NA,105.3,5.2,3.58121560012402,NA,0.8,NA
2556882,"Jake Lampman","NO","WR",23,0,5,0.4,0.4,0.4,NA,156,0.04,10,0,NA,NA,NA,NA,NA,NA,NA
2550474,"Antonio Andrews","TEN","RB",24,2,13,0.39,0.302,0.478,0.15556349186104,98,0.055,9,0.176,NA,NA,NA,3.12403196784322,NA,NA,NA
2552403,"Nick OLeary","BUF","TE",24,1,10,0.375,0.355,0.395,0.0353553390593274,65,0.0299999999999999,9,0.04,NA,59.4,4.5,4.08704019367652,NA,NA,NA
1037885,"Marc Mariani","TEN","WR",29,6,13,0.37,0.234,0.506,0.240416305603426,158,0.025,10,0.272,NA,NA,NA,3.0691578124572,NA,0,NA
2543794,"Crockett Gillmore","BAL","TE",25,2,8,0.37,0.037,0.333,0.261629509039023,66,0.0575000000000001,9,0.296,NA,NA,NA,3.87541679731089,NA,NA,NA
2532900,"Keshawn Martin","FA","WR",26,4,NA,0.35,0.35,0.35,NA,159,0.015,10,0,NA,NA,NA,NA,NA,NA,NA
2530763,"Patrick DiMarco","ATL","RB",27,5,11,0.345,0.221,0.469,0.21920310216783,99,0.0425,9,0.248,NA,NA,NA,3.22351478867037,NA,NA,NA
2555413,"Trevor Davis","GB","WR",23,0,4,0.34,0.034,0.306,0.240416305603426,160,0.01,10,0.272,NA,NA,NA,3.0691578124572,NA,NA,NA
2495441,"Blaine Gabbert","SF","QB",27,5,8,0.333,0.2314,0.4346,0.179605122421383,39,0.062,9,0.2032,NA,NA,NA,3.54688847368461,NA,NA,NA
2552650,"Mario Alford","CLE","WR",NA,NA,13,0.33,0.033,0.297,0.233345237791561,161,0.015,10,0.264,NA,NA,NA,3.05741626201202,NA,NA,NA
2556752,"Tommylee Lewis","NO","WR",24,0,5,0.33,0.274,0.386,0.0989949493661167,161,0.07,10,0.112,NA,148,1,1.99562715622623,NA,NA,NA
2555218,"Dan Vitale","CLE","RB",NA,0,13,0.325,0.167,0.463,0.261629509039023,100,0.055,9,0.296,NA,NA,NA,3.28983666922181,NA,-0.1,NA
497242,"Clay Harbor","DET","TE",29,6,10,0.32,0.224,0.416,0.169705627484771,67,0.0175000000000001,9,0.192,NA,NA,NA,3.63728823693646,NA,NA,NA
79589,"David Johnson","PIT","TE",29,7,8,0.305,0.229,0.381,0.134350288425444,68,0.00999999999999995,9,0.152,NA,NA,NA,3.54570032910014,NA,NA,NA
2552462,"Gerald Christian","BUF","TE",25,1,10,0.3,0.0600000000000001,0.54,0.424264068711929,69,0.0225000000000001,9,0.48,NA,NA,NA,4.29672117335795,NA,NA,NA
2556381,"Mike Thomas","LA","WR",22,0,8,0.3,0.3,0.3,NA,163,0.09,10,0,NA,NA,NA,NA,NA,1.5,NA
2555289,"Nick Vannett","SEA","TE",NA,0,5,0.29,0.29,0.29,NA,70,0.03,9,0,NA,NA,NA,NA,NA,NA,NA
2555220,"Derek Watt","SD","RB",24,0,11,0.28,0.264,0.296,0.0282842712474619,101,0.025,9,0.032,NA,82.5,3.2,2.61917577552805,NA,NA,NA
2555387,"Cody Kessler","CLE","QB",23,0,13,0.278,0.1644,0.3916,0.20081832585698,40,0.016,9,0.2272,NA,32.4,3.5,5.20734041275406,NA,NA,NA
2534241,"Derek Carrier","WAS","TE",26,4,9,0.265,0.157,0.373,0.190918830920368,71,0.0125,9,0.216,NA,NA,NA,3.69224098163825,NA,NA,NA
2543497,"AJ McCarron","CIN","QB",26,2,9,0.264,0.1602,0.3378,0.156977705423414,41,0.00700000000000001,9,0.1776,NA,NA,NA,3.50505806956982,NA,NA,NA
2555416,"Christian Hackenberg","NYJ","QB",21,0,11,0.26,0.052,0.468,0.367695526217005,42,0.014,9,0.416,NA,NA,NA,3.89460370788886,NA,NA,NA
2556273,"Darius Jackson","CLE","RB",23,0,13,0.26,0.026,0.234,0.183847763108502,102,0.015,9,0.208,NA,NA,NA,3.16824655487751,NA,NA,NA
2555306,"David Morgan","MIN","TE",23,0,6,0.255,0.219,0.291,0.0636396103067893,72,0.00750000000000001,9,0.072,NA,NA,NA,3.36252451342751,NA,NA,NA
2532888,"Case Keenum","LA","QB",28,4,8,0.254,0.1602,0.3378,0.156977705423414,43,0.017,9,0.1776,NA,NA,NA,3.50505806956982,NA,NA,NA
2534789,"Daryl Richardson","FA","RB",26,4,NA,0.25,0.25,0.25,NA,103,0.0125,9,0,NA,NA,NA,NA,NA,NA,NA
2552401,"MyCole Pruitt","CHI","TE",24,1,9,0.25,0.25,0.25,NA,73,0.00750000000000001,9,0,NA,NA,NA,NA,NA,0.6,NA
2550206,"Ryan Hewitt","CIN","TE",25,2,9,0.245,0.201,0.289,0.0777817459305203,74,0.015,9,0.088,NA,63,0,2.05056288966916,NA,NA,NA
2535535,"Phillip Supernaw","TEN","TE",26,4,13,0.24,0.192,0.288,0.0848528137423857,75,0.03,9,0.096,NA,NA,NA,3.4174772581293,NA,NA,NA
2553446,"Malcolm Johnson","FA","RB",24,1,NA,0.24,0.024,0.216,0.169705627484771,104,0.0175,9,0.192,NA,NA,NA,3.14613926136036,NA,NA,NA
2556477,"Trevone Boykin","SEA","QB",23,0,5,0.238,0.0604,0.4156,0.313955410846827,44,0.00299999999999997,9,0.3552,NA,NA,NA,3.79525649811622,NA,2.38,NA
2543801,"Jimmy Garoppolo","NE","QB",25,2,9,0.236,0.0888,0.3832,0.26021529547665,45,0.00800000000000006,9,0.2944,NA,NA,NA,3.69590928834357,NA,0,NA
2508101,"James Develin","NE","RB",28,6,9,0.235,0.174,0.286,0.0989949493661167,105,0.03,9,0.112,NA,NA,NA,3.03560279377464,NA,NA,NA
2532842,"Nick Foles","KC","QB",27,4,5,0.234,0.1882,0.2698,0.0721248916810279,46,0.016,9,0.0816,NA,NA,NA,3.34819405413933,NA,NA,NA
2539275,"Mike Glennon","TB","QB",27,3,6,0.222,0.1346,0.2994,0.145663996924429,47,0.01,9,0.1648,NA,NA,NA,3.48414286751242,NA,NA,NA
2555486,"Temarrick Hemingway","LA","TE",23,0,8,0.22,0.156,0.284,0.113137084989848,76,0.0225,9,0.128,NA,NA,NA,3.49074758439835,NA,NA,NA
2556190,"Jakeem Grant","MIA","WR",24,0,8,0.22,0.204,0.236,0.0282842712474619,164,0.02,10,0.032,NA,147,1,1.93691940400034,NA,0,NA
2552588,"Brett Hundley","GB","QB",23,1,4,0.214,0.0492,0.3788,0.291327993848858,48,0.00399999999999995,9,0.3296,NA,NA,NA,3.75342609400142,NA,NA,NA
497123,"Colt McCoy","WAS","QB",30,6,9,0.21,0.145,0.265,0.106066017177982,49,0.003,9,0.12,NA,NA,NA,3.41093966031153,NA,NA,NA
2539303,"Zach Line","MIN","RB",26,3,6,0.21,0.138,0.282,0.127279220613579,106,0.0125,9,0.144,NA,NA,NA,3.07981738080893,NA,NA,NA
2543605,"Zach Mettenberger","PIT","QB",25,2,8,0.21,0.042,0.378,0.29698484809835,49,0.00800000000000001,9,0.336,NA,NA,NA,3.76388369503012,NA,NA,NA
2508123,"T.J. Yates","MIA","QB",29,5,8,0.204,0.0792,0.3288,0.220617315730203,51,0.00599999999999998,9,0.2496,NA,NA,NA,3.62270608114268,NA,NA,NA
2495425,"Scott Tolzien","IND","QB",29,5,10,0.2,0.072,0.328,0.226274169979695,52,0.005,9,0.256,NA,NA,NA,3.63316368217138,NA,NA,NA
2530598,"Jeremy Ross","ARI","WR",28,5,9,0.2,0.04,0.36,0.282842712474619,165,0.015,10,0.32,NA,NA,NA,3.13960711512827,NA,9.7,NA
2534437,"Austin Johnson","FA","RB",27,3,NA,0.2,0.04,0.36,0.282842712474619,107,0.0125,9,0.32,NA,NA,NA,3.32299760949753,NA,NA,NA
2550182,"Isaiah Burse","SD","WR",25,2,11,0.2,0.2,0.2,NA,165,0.045,10,0,NA,NA,NA,NA,NA,0,NA
2552622,"Chris Manhertz","CAR","TE",NA,NA,7,0.2,0.04,0.36,0.282842712474619,77,0.015,9,0.32,NA,NA,NA,3.93036954201268,NA,NA,NA
2505982,"Matt Schaub","ATL","QB",35,12,11,0.196,0.0648,0.3272,0.231931024229188,53,0.005,9,0.2624,NA,NA,NA,3.64362128320008,NA,NA,NA
2552647,"Marcus Murphy","NO","RB",25,1,5,0.195,0.108,0.172,0.0565685424949238,108,0.02,9,0.064,NA,NA,NA,2.9692809132232,NA,NA,NA
2552660,"Randall Telfer","CLE","TE",24,1,13,0.195,0.191,0.199,0.00707106781186548,78,0.0225,10,0.00800000000000001,NA,NA,NA,3.2159838608894,NA,0,NA
2555332,"Connor Cook","OAK","QB",23,0,10,0.194,0.0452,0.3428,0.263043722601396,54,0.01,9,0.2976,NA,NA,NA,3.70113808885792,NA,4,NA
2504833,"Shaun Hill","MIN","QB",NA,NA,6,0.188,0.1374,0.2286,0.0806101730552664,55,0.012,9,0.0911999999999999,NA,NA,NA,3.36388045568238,NA,-0.3,NA
2555227,"Jonathan Williams","BUF","RB",22,0,10,0.18,0.18,0.18,NA,109,0.0150000000000001,9,0,NA,79,8.1,6.61598300213423,NA,-1.9,NA
2543751,"David Fales","CHI","QB",26,2,9,0.18,0.036,0.324,0.254558441227157,56,0.012,9,0.288,NA,NA,NA,3.68545168731488,NA,0.88,NA
2535943,"Sean McGrath","SD","TE",29,4,11,0.175,0.155,0.195,0.0353553390593274,79,0.035,10,0.04,NA,NA,NA,3.28925418715845,NA,NA,NA
81284,"Chase Daniel","PHI","QB",30,7,4,0.172,0.0536,0.2904,0.209303607231218,57,0.01,9,0.2368,NA,NA,NA,3.60179087908528,NA,NA,NA
2507828,"Logan Paulsen","CHI","TE",29,6,9,0.17,0.146,0.194,0.0424264068711929,80,0.065,10,0.048,NA,58.5,14.2,8.60439264501097,NA,NA,NA
2555478,"Demarcus Robinson","KC","WR",NA,0,5,0.17,0.17,0.17,NA,167,0.04,10,0,NA,NA,NA,NA,NA,NA,NA
2552636,"Michael Burton","DET","RB",24,1,10,0.17,0.066,0.274,0.183847763108502,110,0.0375,9,0.208,NA,NA,NA,3.16824655487751,NA,NA,NA
2506895,"Kellen Clemens","SD","QB",33,10,11,0.164,0.0392,0.2888,0.220617315730203,58,0.00699999999999998,9,0.2496,NA,NA,NA,3.62270608114268,NA,NA,NA
1037347,"Joe Webb","CAR","QB",30,6,7,0.16,0.032,0.288,0.226274169979695,59,0.00600000000000001,9,0.256,NA,NA,NA,3.63316368217138,NA,NA,NA
2539315,"Stepfan Taylor","ARI","RB",25,3,9,0.16,0.16,0.16,NA,111,0.0575,9,0,NA,NA,NA,NA,NA,NA,NA
2495748,"Drew Stanton","ARI","QB",32,9,9,0.154,0.0852,0.2228,0.121622366364086,60,0.00499999999999998,9,0.1376,NA,NA,NA,3.43969806314045,NA,-2.68,NA
2506481,"Dan Orlovsky","DET","QB",33,11,10,0.154,0.0532,0.2548,0.17819090885901,60,0.051,9,0.2016,NA,NA,NA,3.54427407342744,NA,NA,NA
2495443,"Ryan Mallett","BAL","QB",28,5,8,0.144,0.0672,0.2208,0.135764501987817,62,0.095,9,0.1536,NA,NA,NA,3.4658420657122,NA,-2.52,NA
2541828,"Frankie Hammond","FA","WR",NA,NA,NA,0.14,0.014,0.126,0.0989949493661166,168,0.08,10,0.112,NA,NA,NA,2.83432680355364,NA,NA,NA
2507029,"Eric Weems","ATL","WR",31,9,11,0.12,0.056,0.184,0.113137084989848,169,0.12,10,0.128,NA,NA,NA,2.857809904444,NA,NA,NA
2539645,"Brandon Williams","SEA","TE",29,4,5,0.11,0.102,0.118,0.0141421356237309,81,0.01,11,0.016,NA,NA,NA,3.23430144245666,NA,2,NA
2552464,"Jalston Fowler","TEN","RB",NA,NA,13,0.105,0.091,0.099,0.00707106781186548,112,0.0125,9,0.00800000000000001,NA,NA,NA,2.89190538591319,NA,NA,NA
497226,"Jim Dray","SF","TE",30,6,8,0.1,0.02,0.18,0.14142135623731,82,0,11,0.16,NA,NA,NA,3.56401791066741,NA,NA,NA
2507405,"Matthew Mulligan","DET","TE",31,8,10,0.1,0.1,0.1,NA,82,0.025,12,0,NA,60.3,6.6,6.83682757898978,NA,NA,NA
2550540,"George Atkinson","CLE","RB",24,2,13,0.1,0.02,0.18,0.14142135623731,113,0.0175,9,0.16,NA,NA,NA,3.10192467432607,NA,9.4,NA
2556453,"Hakeem Valles","ARI","TE",24,0,9,0.1,0.02,0.18,0.14142135623731,82,0.075,11,0.16,NA,NA,NA,3.56401791066741,NA,NA,NA
2495340,"Anthony Sherman","KC","RB",28,5,5,0.085,0.073,0.097,0.0212132034355964,114,0.005,9,0.024,NA,NA,NA,2.91401267943034,NA,0.2,NA
2555219,"Daniel Lasco","NO","RB",24,0,5,0.08,0.00800000000000001,0.072,0.0565685424949238,115,0.035,9,0.064,NA,NA,NA,2.9692809132232,NA,NA,NA
2495467,"Taiwan Jones","OAK","RB",28,5,10,0.08,0.00800000000000001,0.072,0.0565685424949238,116,0.075,9,0.064,NA,NA,NA,2.9692809132232,NA,NA,NA
2506053,"Luke McCown","NO","QB",35,12,5,0.062,0.0476,0.0764,0.0254558441227157,63,0.044,9,0.0288,NA,NA,NA,3.26191884565257,NA,NA,NA
2553318,"James OShaughnessy","KC","TE",NA,NA,5,0.05,0.005,0.045,0.0353553390593274,85,0.05,12,0.04,NA,NA,NA,3.28925418715845,NA,NA,NA
252,"Chad Henne","JAC","QB",31,8,5,0.036,0.0328,0.0392,0.00565685424949238,64,0.036,9,0.0064,NA,NA,NA,3.22531724205212,NA,NA,NA
2550235,"Roosevelt Nix","PIT","RB",NA,NA,8,0.01,0.01,0.01,NA,117,0.01,9,0,NA,NA,NA,NA,NA,0.5,NA
184,"Donnie Avery","FA","WR",32,8,NA,0,0,0,NA,170,0,10,0,NA,NA,NA,NA,NA,NA,NA
206,"Andre Caldwell","DET","WR",31,8,10,0,0,0,0,170,0,10,0,NA,NA,NA,2.66994509732115,NA,NA,NA
216,"Fred Davis","FA","TE",30,8,NA,0,0,0,NA,86,0,12,0,NA,NA,NA,NA,NA,NA,NA
234,"Matt Forte","NYJ","RB",31,8,11,0,0,0,NA,118,0,0,0,NA,NA,NA,NA,NA,NA,NA
262,"Chris Johnson","ARI","RB",31,8,9,0,0,0,NA,118,0,0,0,NA,NA,NA,NA,NA,NA,NA
318,"Jerome Simpson","FA","WR",30,8,NA,0,0,0,NA,170,0,10,0,NA,NA,NA,NA,NA,NA,NA
367,"Matt Flynn","NO","QB",31,8,5,0,0,0,NA,65,0,9,0,NA,NA,NA,NA,NA,NA,NA
768,"Steve Johnson","SD","WR",30,8,11,0,0,0,NA,170,0,10,0,NA,NA,NA,NA,NA,NA,NA
925,"Jamaal Charles","KC","RB",30,8,5,0,0,0,NA,118,0,0,0,NA,NA,NA,NA,NA,NA,NA
1966,"John Carlson","FA","TE",32,8,NA,0,0,0,NA,86,0,12,0,NA,NA,NA,NA,NA,NA,NA
2649,"Danny Amendola","NE","WR",31,8,9,0,0,0,NA,170,0,10,0,NA,NA,NA,NA,NA,NA,NA
4231,"Jed Collins","FA","RB",30,8,NA,0,0,0,NA,118,0,0,0,NA,NA,NA,NA,NA,NA,NA
4381,"Garrett Hartley","FA","K",30,8,NA,0,0,0,NA,33,0,8,0,NA,NA,NA,NA,NA,NA,NA
71217,"Kenny Britt","LA","WR",28,7,8,0,0,0,NA,170,0,10,0,NA,NA,NA,NA,NA,NA,NA
71247,"James Casey","FA","TE",32,7,NA,0,0,0,NA,86,0,12,0,NA,NA,NA,NA,NA,NA,NA
71255,"Chase Coffman","IND","TE",30,7,10,0,0,0,0,86,0,12,0,NA,NA,NA,3.19766627932214,NA,NA,NA
79555,"Arian Foster","FA","RB",30,7,NA,0,0,0,NA,118,0,0,0,NA,NA,NA,NA,NA,NA,NA
79557,"Josh Freeman","FA","QB",28,7,NA,0,0,0,NA,65,0,9,0,NA,NA,NA,NA,NA,NA,NA
79563,"Shonn Greene","FA","RB",31,7,NA,0,0,0,NA,118,0,0,0,NA,NA,NA,NA,NA,NA,NA
79619,"Knowshon Moreno","FA","RB",29,7,NA,0,0,0,NA,118,0,0,0,NA,NA,NA,NA,NA,NA,NA
79625,"Bear Pascoe","NE","TE",30,7,9,0,0,0,NA,86,0,12,0,NA,NA,NA,NA,NA,NA,NA
79629,"Cedric Peerman","CIN","RB",30,7,9,0,0,0,NA,118,0,0,0,NA,NA,NA,NA,NA,1.5,NA
80425,"Percy Harvin","BUF","WR",28,7,10,0,0,0,NA,170,0,10,0,NA,NA,NA,NA,NA,NA,NA
80674,"Chris Ogbonnaya","FA","RB",30,7,NA,0,0,0,NA,118,0,0,0,NA,NA,NA,NA,NA,NA,NA
81288,"Brandon Gibson","NE","WR",29,7,9,0,0,0,NA,170,0,10,0,NA,NA,NA,NA,NA,NA,NA
81294,"Brian Hoyer","CHI","QB",31,7,9,0,0,0,NA,65,0,9,0,NA,NA,NA,NA,NA,NA,NA
81831,"Brian Hartline","FA","WR",30,7,NA,0,0,0,NA,170,0,10,0,NA,NA,NA,NA,NA,NA,NA
163982,"Will Johnson","NYG","RB",27,5,8,0,0,0,NA,118,0,0,0,NA,NA,NA,NA,NA,NA,NA
238457,"Zach Miller","CHI","TE",32,7,9,0,0,0,NA,86,0,12,0,NA,NA,NA,NA,NA,NA,NA
496812,"Erik Lorig","FA","RB",30,6,NA,0,0,0,NA,118,0,0,0,NA,NA,NA,NA,NA,NA,NA
497108,"Jimmy Clausen","FA","QB",28,6,NA,0,0,0,NA,65,0,9,0,NA,NA,NA,NA,NA,NA,NA
497121,"Thad Lewis","SF","QB",29,6,8,0,0,0,NA,65,0,9,0,NA,NA,NA,NA,NA,NA,NA
497172,"Anthony Dixon","FA","RB",29,6,NA,0,0,0,NA,118,0,0,0,NA,NA,NA,NA,NA,NA,NA
497174,"Jonathan Dwyer","FA","RB",27,6,NA,0,0,0,NA,118,0,0,0,NA,NA,NA,NA,NA,NA,NA
497176,"Toby Gerhart","FA","RB",29,6,NA,0,0,0,NA,118,0,0,0,NA,NA,NA,NA,NA,NA,NA
497188,"Ryan Mathews","PHI","RB",29,6,4,0,0,0,NA,118,0,0,0,NA,NA,NA,NA,NA,NA,NA
497190,"Dexter McCluster","SD","RB",28,6,11,0,0,0,NA,118,0,0,0,NA,NA,NA,NA,NA,NA,NA
497204,"C.J. Spiller","FA","RB",29,6,NA,0,0,0,NA,118,0,0,0,NA,NA,NA,NA,NA,NA,NA
497218,"Trindon Holliday","FA","WR",30,6,NA,0,0,0,NA,170,0,10,0,NA,NA,NA,NA,NA,NA,NA
497234,"Garrett Graham","DEN","TE",30,6,11,0,0,0,NA,86,0,12,0,NA,NA,NA,NA,NA,NA,NA
497240,"Rob Gronkowski","NE","TE",27,6,9,0,0,0,NA,86,0,12,0,NA,NA,NA,NA,NA,NA,NA
497246,"Michael Hoomanawanui","NO","TE",28,6,5,0,0,0,NA,86,0,12,0,NA,NA,NA,NA,NA,NA,NA
497250,"Anthony McCoy","FA","TE",29,6,NA,0,0,0,NA,86,0,12,0,NA,NA,NA,NA,NA,NA,NA
497256,"Tony Moeaki","FA","TE",29,6,NA,0,0,0,0,86,0,12,0,NA,NA,NA,3.19766627932214,NA,NA,NA
497260,"Seyi Ajirotutu","PHI","WR",29,6,4,0,0,0,NA,170,0,10,0,NA,NA,NA,NA,NA,NA,NA
497282,"Riley Cooper","FA","WR",29,6,NA,0,0,0,0,170,0,10,0,NA,NA,NA,2.66994509732115,NA,NA,NA
497284,"Eric Decker","NYJ","WR",29,6,11,0,0,0,NA,170,0,10,0,NA,NA,NA,NA,NA,NA,NA
497286,"Marcus Easley","BUF","WR",29,6,10,0,0,0,NA,170,0,10,0,NA,NA,NA,NA,NA,NA,NA
497288,"Jacoby Ford","FA","WR",29,6,NA,0,0,0,NA,170,0,10,0,NA,NA,NA,NA,NA,NA,NA
1037366,"Michael Palmer","FA","TE",28,6,NA,0,0,0,NA,86,0,12,0,NA,NA,NA,NA,NA,NA,NA
1037847,"Deji Karim","FA","RB",30,6,NA,0,0,0,NA,118,0,0,0,NA,NA,NA,NA,NA,NA,NA
2495158,"Leonard Hankerson","FA","WR",28,5,NA,0,0,0,NA,170,0,10,0,NA,NA,NA,NA,NA,NA,NA
2495161,"Roy Helu","FA","RB",28,5,NA,0,0,0,NA,118,0,0,0,NA,NA,NA,NA,NA,NA,NA
2495162,"Alex Henery","FA","K",29,5,NA,0,0,0,NA,33,0,8,0,NA,NA,NA,NA,NA,NA,NA
2495172,"Kendall Hunter","NO","RB",28,5,5,0,0,0,NA,118,0,0,0,NA,NA,NA,NA,NA,NA,NA
2495179,"Jerrel Jernigan","FA","WR",27,5,NA,0,0,0,NA,170,0,10,0,NA,NA,NA,NA,NA,NA,NA
2495181,"Jerrod Johnson","DAL","QB",28,5,7,0,0,0,NA,65,0,9,0,NA,NA,NA,NA,NA,NA,NA
2495211,"Niles Paul","WAS","TE",27,5,9,0,0,0,NA,86,0,12,0,NA,NA,NA,NA,NA,NA,NA
2495215,"Christian Ponder","SF","QB",28,5,8,0,0,0,0,65,0,9,0,NA,NA,NA,3.21485964102342,NA,NA,NA
2495240,"Tyrod Taylor","BUF","QB",27,5,10,0,0,0,NA,65,0,9,0,NA,NA,NA,NA,NA,NA,NA
2495267,"Jordan Cameron","MIA","TE",28,5,8,0,0,0,NA,86,0,12,0,NA,NA,NA,NA,NA,NA,NA
2495314,"Bruce Miller","FA","RB",29,5,NA,0,0,0,0,118,0,9,0,NA,NA,NA,2.88085173915462,NA,NA,NA
2495449,"Tandon Doss","FA","WR",27,5,NA,0,0,0,NA,170,0,10,0,NA,NA,NA,NA,NA,NA,NA
2495450,"A.J. Green","CIN","WR",28,5,9,0,0,0,NA,170,0,10,0,NA,NA,NA,NA,NA,NA,NA
2495470,"Stevan Ridley","FA","RB",27,5,NA,0,0,0,NA,118,0,0,0,NA,NA,NA,NA,NA,NA,NA
2495558,"Dwayne Bowe","FA","WR",32,9,NA,0,0,0,0,170,0,10,0,NA,NA,NA,2.66994509732115,NA,NA,NA
2495560,"Ahmad Bradshaw","FA","RB",30,9,NA,0,0,0,NA,118,0,0,0,NA,NA,NA,NA,NA,NA,NA
2495573,"Scott Chandler","FA","TE",31,9,NA,0,0,0,NA,86,0,12,0,NA,NA,NA,NA,NA,NA,NA
2495651,"Jacoby Jones","FA","WR",32,9,NA,0,0,0,NA,170,0,10,0,NA,NA,NA,NA,NA,NA,NA
2495660,"Brian Leonard","FA","RB",32,9,NA,0,0,0,NA,118,0,0,0,NA,NA,NA,NA,NA,NA,NA
2495663,"Marshawn Lynch","FA","RB",30,9,NA,0,0,0,NA,118,0,0,0,NA,NA,NA,NA,NA,NA,NA
2495801,"Miles Austin","FA","WR",32,10,NA,0,0,0,NA,170,0,10,0,NA,NA,NA,NA,NA,NA,NA
2495802,"Jason Avant","KC","WR",33,10,5,0,0,0,NA,170,0,10,0,NA,NA,NA,NA,NA,NA,NA
2495821,"Marques Colston","FA","WR",33,10,NA,0,0,0,NA,170,0,10,0,NA,NA,NA,NA,NA,NA,NA
2495824,"Jay Cutler","CHI","QB",33,10,9,0,0,0,NA,65,0,9,0,NA,NA,NA,NA,NA,NA,NA
2495825,"Owen Daniels","FA","TE",34,10,NA,0,0,0,NA,86,0,12,0,NA,NA,NA,NA,NA,NA,NA
2495838,"Bruce Gradkowski","PIT","QB",33,10,8,0,0,0,NA,65,0,9,0,NA,NA,NA,NA,NA,NA,NA
2495843,"Derek Hagan","FA","WR",32,10,NA,0,0,0,NA,170,0,10,0,NA,NA,NA,NA,NA,NA,NA
2495863,"Tarvaris Jackson","FA","QB",33,10,NA,0,0,0,NA,65,0,9,0,NA,NA,NA,NA,NA,NA,NA
2495867,"Greg Jennings","FA","WR",33,10,NA,0,0,0,NA,170,0,10,0,NA,NA,NA,NA,NA,NA,NA
2495888,"Marcedes Lewis","JAC","TE",32,10,5,0,0,0,NA,86,0,12,0,NA,NA,NA,NA,NA,NA,NA
2499248,"Kris Durham","FA","WR",28,5,NA,0,0,0,NA,170,0,10,0,NA,NA,NA,NA,NA,NA,NA
2499255,"Richard Gordon","BAL","TE",29,5,8,0,0,0,NA,86,0,12,0,NA,NA,NA,NA,NA,NA,NA
2499277,"David Ausberry","FA","TE",29,5,NA,0,0,0,NA,86,0,12,0,NA,NA,NA,NA,NA,NA,NA
2504162,"Shayne Graham","FA","K",NA,NA,NA,0,0,0,0,33,0,9,0,NA,NA,NA,1.19905362263621,NA,NA,NA
2504941,"Billy Cundiff","FA","K",36,14,NA,0,0,0,NA,33,0,8,0,NA,NA,NA,NA,NA,NA,NA
2505076,"Josh McCown","CLE","QB",37,14,13,0,0,0,0,65,0,9,0,NA,NA,NA,3.21485964102342,NA,NA,NA
2505459,"Josh Brown","FA","K",37,13,NA,0,0,0,NA,33,0,8,0,NA,NA,NA,NA,NA,NA,NA
2505551,"Andre Johnson","FA","WR",35,13,NA,0,0,0,NA,170,0,10,0,NA,NA,NA,NA,NA,NA,NA
2505936,"Steven Jackson","NE","RB",33,12,9,0,0,0,NA,118,0,0,0,NA,NA,NA,NA,NA,NA,NA
2506004,"Jerricho Cotchery","FA","WR",34,12,NA,0,0,0,NA,170,0,10,0,NA,NA,NA,NA,NA,NA,NA
2506063,"Josh Scobee","FA","K",34,12,NA,0,0,0,NA,33,0,8,0,NA,NA,NA,NA,NA,NA,NA
2506222,"Josh Cribbs","FA","WR",33,11,NA,0,0,0,NA,170,0,10,0,NA,NA,NA,NA,NA,NA,NA
2506341,"Ronnie Brown","FA","RB",35,11,NA,0,0,0,NA,118,0,0,0,NA,NA,NA,NA,NA,NA,NA
2506386,"Mike Nugent","FA","K",34,11,NA,0,0,0,0,33,0,8,0,NA,NA,NA,1.19905362263621,NA,NA,NA
2506400,"Vincent Jackson","TB","WR",33,11,6,0,0,0,NA,170,0,10,0,NA,NA,NA,NA,NA,NA,NA
2506546,"Derek Anderson","CAR","QB",33,11,7,0,0,0,NA,65,0,9,0,NA,NA,NA,NA,NA,NA,NA
2506619,"Daniel Fells","NYG","TE",33,10,8,0,0,0,NA,86,0,12,0,NA,NA,NA,NA,NA,NA,NA
2506871,"Fred Jackson","FA","RB",35,10,NA,0,0,0,NA,118,0,0,0,NA,NA,NA,NA,NA,NA,NA
2506885,"Santonio Holmes","FA","WR",32,10,NA,0,0,0,NA,170,0,10,0,NA,NA,NA,NA,NA,NA,NA
2506897,"Devin Hester","FA","WR",34,10,NA,0,0,0,NA,170,0,10,0,NA,NA,NA,NA,NA,NA,NA
2507164,"Adrian Peterson","MIN","RB",31,9,6,0,0,0,NA,118,0,0,0,NA,NA,NA,NA,NA,NA,NA
2507170,"Zach Miller","FA","TE",31,9,NA,0,0,0,NA,86,0,12,0,NA,NA,NA,NA,NA,NA,NA
2507183,"James Jones","FA","WR",32,9,NA,0,0,0,0,170,0,10,0,NA,NA,NA,2.66994509732115,NA,NA,NA
2507237,"Jordan Palmer","FA","QB",32,9,NA,0,0,0,NA,65,0,9,0,NA,NA,NA,NA,NA,NA,NA
2507278,"Jackie Battle","FA","RB",33,9,NA,0,0,0,NA,118,0,0,0,NA,NA,NA,NA,NA,NA,NA
2507486,"Kellen Davis","FA","TE",31,8,NA,0,0,0,NA,86,0,12,0,NA,NA,NA,NA,NA,NA,NA
2507779,"Donald Brown","FA","RB",29,7,NA,0,0,0,NA,118,0,0,0,NA,NA,NA,NA,NA,NA,NA
2507883,"Jeff Cumberland","SD","TE",29,6,11,0,0,0,NA,86,0,12,0,NA,NA,NA,NA,NA,NA,NA
2508051,"John Conner","FA","RB",29,6,NA,0,0,0,NA,118,0,0,0,NA,NA,NA,NA,NA,NA,NA
2508061,"Antonio Brown","PIT","WR",28,6,8,0,0,0,NA,170,0,10,0,NA,NA,NA,NA,NA,NA,NA
2508096,"Tyler Clutts","FA","RB",32,6,NA,0,0,0,NA,118,0,0,0,NA,NA,NA,NA,NA,NA,NA
2508112,"Rob Housler","FA","TE",28,5,NA,0,0,0,0,86,0,12,0,NA,NA,NA,3.19766627932214,NA,NA,NA
2508115,"Vincent Brown","FA","WR",27,5,NA,0,0,0,0,170,0,10,0,NA,NA,NA,2.66994509732115,NA,NA,NA
2530516,"Robert Hughes","FA","RB",27,5,NA,0,0,0,NA,118,0,0,0,NA,NA,NA,NA,NA,NA,NA
2530575,"Drew Davis","FA","WR",27,4,NA,0,0,0,NA,170,0,10,0,NA,NA,NA,NA,NA,NA,NA
2530699,"Henry Hynoski","FA","RB",28,5,NA,0,0,0,NA,118,0,0,0,NA,NA,NA,NA,NA,NA,NA
2531218,"Chase Reynolds","LA","RB",29,4,8,0,0,0,NA,118,0,0,0,NA,NA,NA,NA,NA,0.4,NA
2532799,"Jarrett Boykin","FA","WR",27,4,NA,0,0,0,NA,170,0,10,0,NA,NA,NA,NA,NA,NA,NA
2532802,"LaVon Brazill","FA","WR",27,4,NA,0,0,0,NA,170,0,10,0,NA,NA,NA,NA,NA,NA,NA
2532807,"Ryan Broyles","FA","WR",28,4,NA,0,0,0,NA,170,0,10,0,NA,NA,NA,NA,NA,NA,NA
2532823,"Juron Criner","FA","WR",27,4,NA,0,0,0,NA,170,0,10,0,NA,NA,NA,NA,NA,NA,NA
2532850,"T.J. Graham","FA","WR",27,4,NA,0,0,0,NA,170,0,10,0,NA,NA,NA,NA,NA,NA,NA
2532851,"Cyrus Gray","ATL","RB",27,4,11,0,0,0,NA,118,0,0,0,NA,NA,NA,NA,NA,NA,NA
2532853,"Ladarius Green","PIT","TE",26,4,8,0,0,0,NA,86,0,12,0,NA,NA,NA,NA,NA,NA,NA
2532862,"Junior Hemingway","FA","WR",28,4,NA,0,0,0,NA,170,0,10,0,NA,NA,NA,NA,NA,NA,NA
2532864,"Dan Herron","FA","RB",27,4,NA,0,0,0,0,118,0,9,0,NA,NA,NA,2.88085173915462,NA,NA,NA
2532876,"A.J. Jenkins","FA","WR",26,4,NA,0,0,0,NA,170,0,10,0,NA,NA,NA,NA,NA,NA,NA
2532894,"Ryan Lindley","FA","QB",27,4,NA,0,0,0,NA,65,0,9,0,NA,NA,NA,NA,NA,NA,NA
2532899,"Doug Martin","TB","RB",27,4,6,0,0,0,NA,118,0,0,0,NA,NA,NA,NA,NA,NA,NA
2532917,"Kellen Moore","DAL","QB",27,4,7,0,0,0,NA,65,0,9,0,NA,NA,NA,NA,NA,NA,NA
2532926,"Isaiah Pead","FA","RB",27,4,NA,0,0,0,0,118,0,9,0,NA,NA,NA,2.88085173915462,NA,NA,NA
2532960,"Nick Toon","FA","WR",28,4,NA,0,0,0,NA,170,0,10,0,NA,NA,NA,NA,NA,NA,NA
2532968,"Blair Walsh","FA","K",26,4,NA,0,0,0,NA,33,0,8,0,NA,NA,NA,NA,NA,NA,NA
2532970,"Brandon Weeden","HOU","QB",33,4,9,0,0,0,NA,65,0,9,0,NA,NA,NA,NA,NA,NA,NA
2533012,"Vick Ballard","FA","RB",26,4,NA,0,0,0,NA,118,0,0,0,NA,NA,NA,NA,NA,NA,NA
2533028,"James Hanna","DAL","TE",27,4,7,0,0,0,NA,86,0,12,0,NA,NA,NA,NA,NA,NA,NA
2533030,"Jonas Gray","FA","RB",26,4,NA,0,0,0,NA,118,0,0,0,NA,NA,NA,NA,NA,NA,NA
2533034,"Lamar Miller","HOU","RB",25,4,9,0,0,0,NA,118,0,0,0,NA,NA,NA,NA,NA,NA,NA
2533036,"LaMichael James","FA","RB",27,4,NA,0,0,0,NA,118,0,0,0,NA,NA,NA,NA,NA,NA,NA
2533037,"Chris Polk","HOU","RB",27,4,9,0,0,0,NA,118,0,0,0,NA,NA,NA,NA,NA,NA,NA
2533038,"Justin Blackmon","JAC","WR",26,4,5,0,0,0,NA,170,0,10,0,NA,NA,NA,NA,NA,NA,NA
2533047,"Orson Charles","DET","TE",25,4,10,0,0,0,0,86,0,12,0,NA,NA,NA,3.19766627932214,NA,NA,NA
2533349,"Austin Davis","FA","QB",27,4,NA,0,0,0,0,65,0,9,0,NA,NA,NA,3.21485964102342,NA,NA,NA
2533353,"Cory Harkey","LA","TE",26,4,8,0,0,0,NA,86,0,12,0,NA,NA,NA,NA,NA,NA,NA
2533533,"Rueben Randle","FA","WR",25,4,NA,0,0,0,NA,170,0,10,0,NA,NA,NA,NA,NA,NA,NA
2533537,"Stephen Hill","FA","WR",25,4,NA,0,0,0,NA,170,0,10,0,NA,NA,NA,NA,NA,NA,NA
2533540,"Edwin Baker","FA","RB",25,4,NA,0,0,0,NA,118,0,0,0,NA,NA,NA,NA,NA,NA,NA
2533545,"Bernard Pierce","FA","RB",25,4,NA,0,0,0,NA,118,0,0,0,NA,NA,NA,NA,NA,NA,NA
2534244,"Chase Ford","FA","TE",26,4,NA,0,0,0,NA,86,0,12,0,NA,NA,NA,NA,NA,NA,NA
2534796,"Bryce Brown","FA","RB",25,4,NA,0,0,0,NA,118,0,0,0,NA,NA,NA,NA,NA,NA,NA
2534870,"Alex Tanney","FA","QB",29,4,NA,0,0,0,NA,65,0,9,0,NA,NA,NA,NA,NA,NA,NA
2534871,"Derrick Coleman","FA","RB",26,4,NA,0,0,0,NA,118,0,0,0,NA,NA,NA,NA,NA,NA,NA
2534889,"Matt Simms","FA","QB",28,4,NA,0,0,0,NA,65,0,9,0,NA,NA,NA,NA,NA,NA,NA
2535634,"Chris Givens","FA","WR",27,4,NA,0,0,0,0,170,0,10,0,NA,NA,NA,2.66994509732115,NA,NA,NA
2535696,"Joe Banyard","JAC","RB",28,4,5,0,0,0,0,118,0,9,0,NA,NA,NA,2.88085173915462,NA,0.7,NA
2535876,"Griff Whalen","FA","WR",26,4,NA,0,0,0,NA,170,0,10,0,NA,NA,NA,NA,NA,NA,NA
2535882,"Mike Brown","FA","WR",27,4,NA,0,0,0,NA,170,0,10,0,NA,NA,NA,NA,NA,NA,NA
2536031,"Damaris Johnson","FA","WR",27,4,NA,0,0,0,NA,170,0,10,0,NA,NA,NA,NA,NA,NA,NA
2536071,"Cooper Helfet","FA","TE",27,5,NA,0,0,0,NA,86,0,12,0,NA,NA,NA,NA,NA,NA,NA
2536532,"Jorvorskie Lane","FA","RB",29,4,NA,0,0,0,NA,118,0,0,0,NA,NA,NA,NA,NA,NA,NA
2537931,"Josh Gordon","CLE","WR",25,4,13,0,0,0,NA,170,0,10,0,NA,NA,NA,NA,NA,NA,NA
2539202,"Chris Gragg","BUF","TE",26,3,10,0,0,0,NA,86,0,12,0,NA,NA,NA,NA,NA,NA,NA
2539214,"Kenbrell Thompkins","FA","WR",28,3,NA,0,0,0,NA,170,0,10,0,NA,NA,NA,NA,NA,NA,NA
2539246,"Chris Harper","FA","WR",27,3,NA,0,0,0,NA,170,0,10,0,NA,NA,NA,NA,NA,NA,NA
2539256,"Aaron Dobson","FA","WR",25,3,NA,0,0,0,0,170,0,10,0,NA,NA,NA,2.66994509732115,NA,NA,NA
2539258,"Zac Dysert","FA","QB",26,3,NA,0,0,0,NA,65,0,9,0,NA,NA,NA,NA,NA,NA,NA
2539289,"Kenjon Barner","PHI","RB",27,3,4,0,0,0,NA,118,0,0,0,NA,NA,NA,NA,NA,NA,NA
2539327,"Joseph Fauria","FA","TE",26,3,NA,0,0,0,NA,86,0,12,0,NA,NA,NA,NA,NA,NA,NA
2539341,"Montee Ball","FA","RB",26,3,NA,0,0,0,NA,118,0,0,0,NA,NA,NA,NA,NA,NA,NA
2539674,"Rodney Smith","FA","WR",26,3,NA,0,0,0,NA,170,0,10,0,NA,NA,NA,NA,NA,NA,NA
2539961,"Ryan Nassib","NYG","QB",26,3,8,0,0,0,NA,65,0,9,0,NA,NA,NA,NA,NA,NA,NA
2540005,"Marlon Brown","DEN","WR",25,3,11,0,0,0,NA,170,0,10,0,NA,NA,NA,NA,NA,NA,NA
2540148,"Tyler Eifert","CIN","TE",26,3,9,0,0,0,NA,86,0,12,0,NA,NA,NA,NA,NA,NA,NA
2540154,"Keenan Allen","SD","WR",24,3,11,0,0,0,NA,170,0,10,0,NA,NA,NA,NA,NA,NA,NA
2540156,"Giovani Bernard","CIN","RB",25,3,9,0,0,0,NA,118,0,0,0,NA,NA,NA,NA,NA,NA,NA
2540157,"Stedman Bailey","LA","WR",26,3,8,0,0,0,NA,170,0,10,0,NA,NA,NA,NA,NA,NA,NA
2540168,"Eddie Lacy","GB","RB",25,3,4,0,0,0,NA,118,0,0,0,NA,NA,NA,NA,NA,NA,NA
2540171,"Joseph Randle","FA","RB",25,3,NA,0,0,0,NA,118,0,0,0,NA,NA,NA,NA,NA,NA,NA
2540173,"Tyler Bray","KC","QB",25,3,5,0,0,0,NA,65,0,9,0,NA,NA,NA,NA,NA,NA,NA
2540175,"LeVeon Bell","PIT","RB",24,3,8,0,0,0,NA,118,0,0,0,NA,NA,NA,NA,NA,NA,NA
2540181,"Josh Boyce","FA","WR",25,3,NA,0,0,0,NA,170,0,10,0,NA,NA,NA,NA,NA,NA,NA
2540215,"Vance McDonald","SF","TE",26,3,8,0,0,0,NA,86,0,12,0,NA,NA,NA,NA,NA,NA,NA
2540224,"Mike James","TB","RB",25,3,6,0,0,0,0,118,0,9,0,NA,NA,NA,2.88085173915462,NA,NA,NA
2540225,"Tommy Bohanon","FA","RB",26,3,NA,0,0,0,0,118,0,9,0,NA,NA,NA,2.88085173915462,NA,NA,NA
2540233,"Nick Kasa","FA","TE",26,3,NA,0,0,0,NA,86,0,12,0,NA,NA,NA,NA,NA,NA,NA
2540257,"Justice Cunningham","FA","TE",25,3,NA,0,0,0,NA,86,0,12,0,NA,NA,NA,NA,NA,NA,NA
2540263,"Sean Renfree","FA","QB",26,3,NA,0,0,0,NA,65,0,9,0,NA,NA,NA,NA,NA,NA,NA
2540269,"C.J. Anderson","DEN","RB",25,3,11,0,0,0,NA,118,0,0,0,NA,NA,NA,NA,NA,NA,NA
2541096,"Ifeanyi Momah","FA","TE",27,3,NA,0,0,0,NA,86,0,12,0,NA,NA,NA,NA,NA,NA,NA
2541185,"Ryan Griffin","TB","QB",27,3,6,0,0,0,NA,65,0,9,0,NA,NA,NA,NA,NA,NA,NA
2541314,"Justin Brown","FA","WR",25,3,NA,0,0,0,NA,170,0,10,0,NA,NA,NA,NA,NA,NA,NA
2541390,"Kevin Dorsey","NE","WR",26,3,9,0,0,0,NA,170,0,10,0,NA,NA,NA,NA,NA,NA,NA
2541429,"B.J. Daniels","FA","QB",27,3,NA,0,0,0,0,65,0,9,0,NA,NA,NA,3.21485964102342,NA,NA,NA
2541432,"Michael Cox","FA","RB",27,3,NA,0,0,0,NA,118,0,0,0,NA,NA,NA,NA,NA,NA,NA
2541512,"Brian Leonhardt","OAK","TE",26,3,10,0,0,0,NA,86,0,12,0,NA,NA,NA,NA,NA,NA,NA
2541544,"Benny Cunningham","LA","RB",26,3,8,0,0,0,NA,118,0,0,0,NA,NA,NA,NA,NA,NA,NA
2541778,"Kendall Gaskins","FA","RB",26,3,NA,0,0,0,NA,118,0,0,0,NA,NA,NA,NA,NA,NA,NA
2541834,"Josh Hill","NO","TE",26,3,5,0,0,0,NA,86,0,12,0,NA,NA,NA,NA,NA,NA,NA
2541910,"George Winn","FA","RB",26,3,NA,0,0,0,NA,118,0,0,0,NA,NA,NA,NA,NA,NA,NA
2541940,"Rashad Ross","FA","WR",26,3,NA,0,0,0,NA,170,0,10,0,NA,NA,NA,NA,NA,NA,NA
2541966,"Jaron Brown","ARI","WR",26,3,9,0,0,0,NA,170,0,10,0,NA,NA,NA,NA,NA,NA,NA
2542060,"Jordan Gay","BUF","K",NA,NA,10,0,0,0,NA,33,0,8,0,NA,NA,NA,NA,NA,NA,NA
2543462,"Johnny Manziel","FA","QB",24,2,NA,0,0,0,NA,65,0,9,0,NA,NA,NA,NA,NA,NA,NA
2543465,"Teddy Bridgewater","MIN","QB",24,2,6,0,0,0,NA,65,0,9,0,NA,NA,NA,NA,NA,NA,NA
2543481,"Jace Amaro","TEN","TE",24,2,13,0,0,0,0,86,0,12,0,NA,NA,NA,3.19766627932214,NA,NA,NA
2543499,"Derek Carr","OAK","QB",25,2,10,0,0,0,NA,65,0,9,0,NA,NA,NA,NA,NA,NA,NA
2543502,"Tre Mason","LA","RB",23,2,8,0,0,0,NA,118,0,0,0,NA,NA,NA,NA,NA,NA,NA
2543533,"Patrick Murray","CLE","K",25,2,13,0,0,0,NA,33,0,8,0,NA,NA,NA,NA,NA,NA,NA
2543570,"Storm Johnson","FA","RB",24,2,NA,0,0,0,NA,118,0,0,0,NA,NA,NA,NA,NA,NA,NA
2543572,"Martavis Bryant","PIT","WR",25,2,8,0,0,0,NA,170,0,10,0,NA,NA,NA,NA,NA,NA,NA
2543587,"Aaron Murray","FA","QB",26,2,NA,0,0,0,0,65,0,9,0,NA,NA,NA,3.21485964102342,NA,NA,NA
2543596,"Dri Archer","BUF","RB",25,2,10,0,0,0,0,118,0,9,0,NA,NA,NA,2.88085173915462,NA,NA,NA
2543628,"Troy Niklas","ARI","TE",24,2,9,0,0,0,NA,86,0,12,0,NA,NA,NA,NA,NA,NA,NA
2543646,"Bruce Ellington","SF","WR",25,2,8,0,0,0,NA,170,0,10,0,NA,NA,NA,NA,NA,NA,NA
2543655,"Tyler Gaffney","FA","RB",25,2,NA,0,0,0,NA,118,0,0,0,NA,NA,NA,NA,NA,NA,NA
2543682,"Bishop Sankey","FA","RB",24,2,NA,0,0,0,NA,118,0,0,0,NA,NA,NA,NA,NA,NA,NA
2543690,"Marion Grice","FA","RB",24,2,NA,0,0,0,NA,118,0,0,0,NA,NA,NA,NA,NA,NA,NA
2543695,"Jay Prosch","HOU","RB",24,2,9,0,0,0,NA,118,0,0,0,NA,NA,NA,NA,NA,NA,NA
2543743,"Carlos Hyde","SF","RB",25,2,8,0,0,0,NA,118,0,0,0,NA,NA,NA,NA,NA,NA,NA
2543767,"Logan Thomas","BUF","QB",25,2,10,0,0,0,NA,65,0,9,0,NA,NA,NA,NA,NA,NA,NA
2543774,"Jared Abbrederis","FA","WR",26,2,NA,0,0,0,NA,170,0,10,0,NA,NA,NA,NA,NA,NA,NA
2543777,"Robert Herron","FA","WR",24,2,NA,0,0,0,NA,170,0,10,0,NA,NA,NA,NA,NA,NA,NA
2543781,"Zach Hocker","FA","K",25,2,NA,0,0,0,NA,33,0,8,0,NA,NA,NA,NA,NA,NA,NA
2543784,"Keith Wenning","FA","QB",25,2,NA,0,0,0,NA,65,0,9,0,NA,NA,NA,NA,NA,NA,NA
2543792,"Matt Hazel","FA","WR",24,2,NA,0,0,0,NA,170,0,10,0,NA,NA,NA,NA,NA,NA,NA
2550158,"Nate Freese","FA","K",26,2,NA,0,0,0,NA,33,0,8,0,NA,NA,NA,NA,NA,NA,NA
2550216,"Jonathan Krause","FA","WR",NA,NA,NA,0,0,0,0,170,0,10,0,NA,NA,NA,2.66994509732115,NA,NA,NA
2550233,"Rajion Neal","CLE","RB",24,2,13,0,0,0,NA,118,0,0,0,NA,NA,NA,NA,NA,NA,NA
2550243,"Justin Perillo","FA","TE",25,2,NA,0,0,0,NA,86,0,12,0,NA,NA,NA,NA,NA,NA,NA
2550247,"Bryn Renner","FA","QB",26,2,NA,0,0,0,NA,65,0,9,0,NA,NA,NA,NA,NA,NA,NA
2550310,"Carey Spear","FA","K",24,2,NA,0,0,0,NA,33,0,8,0,NA,NA,NA,NA,NA,NA,NA
2550330,"Kain Colter","FA","WR",24,2,NA,0,0,0,NA,170,0,10,0,NA,NA,NA,NA,NA,NA,NA
2550353,"Allen Hurns","JAC","WR",25,2,5,0,0,0,NA,170,0,10,0,NA,NA,NA,NA,NA,NA,NA
2550355,"Nic Jacobs","FA","TE",25,2,NA,0,0,0,0,86,0,12,0,NA,NA,NA,3.19766627932214,NA,NA,NA
2550356,"Marcel Jensen","WAS","TE",26,2,9,0,0,0,0,86,0,12,0,NA,NA,NA,3.19766627932214,NA,NA,NA
2550359,"Seantavius Jones","FA","WR",24,2,NA,0,0,0,NA,170,0,10,0,NA,NA,NA,NA,NA,NA,NA
2550376,"Stephen Morris","FA","QB",24,2,NA,0,0,0,NA,65,0,9,0,NA,NA,NA,NA,NA,NA,NA
2550413,"Corey Washington","FA","WR",25,2,NA,0,0,0,NA,170,0,10,0,NA,NA,NA,NA,NA,NA,NA
2550454,"Asante Cleveland","SD","TE",24,2,11,0,0,0,0,86,0,12,0,NA,NA,NA,3.19766627932214,NA,NA,NA
2550459,"Javontee Herndon","SD","WR",25,2,11,0,0,0,NA,170,0,10,0,NA,NA,NA,NA,NA,NA,NA
2550481,"Orleans Darkwa","NYG","RB",24,2,8,0,0,0,NA,118,0,9,0,NA,NA,NA,NA,NA,NA,NA
2550485,"Gator Hoskins","FA","TE",25,2,NA,0,0,0,NA,86,0,12,0,NA,NA,NA,NA,NA,NA,NA
2550542,"Kapri Bibbs","DEN","RB",23,2,11,0,0,0,NA,118,0,9,0,NA,NA,NA,NA,NA,NA,NA
2550551,"Travis Coons","FA","K",24,2,NA,0,0,0,NA,33,0,8,0,NA,NA,NA,NA,NA,NA,NA
2550608,"RaShaun Allen","SEA","TE",26,2,5,0,0,0,0,86,0,12,0,NA,NA,NA,3.19766627932214,NA,NA,NA
2550617,"Taylor Gabriel","ATL","WR",25,2,11,0,0,0,NA,170,0,10,0,NA,NA,NA,NA,NA,NA,NA
2550656,"Cameron Brate","TB","TE",25,2,6,0,0,0,NA,86,0,12,0,NA,NA,NA,NA,NA,NA,NA
2550658,"Branden Oliver","SD","RB",25,2,11,0,0,0,NA,118,0,9,0,NA,NA,NA,NA,NA,NA,NA
2551247,"Josh Harris","PIT","RB",25,2,8,0,0,0,NA,118,0,9,0,NA,NA,NA,NA,NA,NA,NA
2551359,"Jerome Cunningham","FA","TE",25,2,NA,0,0,0,0,86,0,12,0,NA,NA,NA,3.19766627932214,NA,NA,NA
2552369,"Bryce Petty","NYJ","QB",25,1,11,0,0,0,NA,65,0,9,0,NA,NA,NA,NA,NA,NA,NA
2552371,"Garrett Grayson","FA","QB",25,1,NA,0,0,0,0,65,0,9,0,NA,NA,NA,3.21485964102342,NA,NA,NA
2552374,"Ameer Abdullah","DET","RB",23,1,10,0,0,0,NA,118,0,9,0,NA,NA,NA,NA,NA,NA,NA
2552376,"David Cobb","FA","RB",23,1,NA,0,0,0,0,118,0,9,0,NA,NA,NA,2.88085173915462,NA,NA,NA
2552383,"Terrence Magee","BAL","RB",23,1,8,0,0,0,NA,118,0,9,0,NA,NA,NA,NA,NA,NA,NA
2552421,"Kenny Bell","FA","WR",24,1,NA,0,0,0,0,170,0,10,0,NA,NA,NA,2.66994509732115,NA,NA,NA
2552425,"Rashad Greene","JAC","WR",24,1,5,0,0,0,NA,170,0,10,0,NA,NA,NA,NA,NA,NA,NA
2552431,"Vince Mayle","BAL","WR",NA,NA,8,0,0,0,NA,170,0,10,0,NA,NA,NA,NA,NA,NA,NA
2552458,"Devin Funchess","CAR","WR",22,1,7,0,0,0,NA,170,0,10,0,NA,NA,NA,NA,NA,NA,NA
2552466,"Marcus Mariota","TEN","QB",23,1,13,0,0,0,NA,65,0,9,0,NA,NA,NA,NA,NA,NA,NA
2552469,"Melvin Gordon","SD","RB",23,1,11,0,0,0,NA,118,0,9,0,NA,NA,NA,NA,NA,NA,NA
2552476,"Kenny Hilliard","FA","RB",25,1,NA,0,0,0,NA,118,0,9,0,NA,NA,NA,NA,NA,NA,NA
2552478,"Blake Bell","SF","TE",25,1,8,0,0,0,NA,86,0,12,0,NA,NA,NA,NA,NA,NA,NA
2552479,"DaRon Brown","KC","WR",25,1,5,0,0,0,NA,170,0,10,0,NA,NA,NA,NA,NA,NA,NA
2552576,"Sean Mannion","LA","QB",24,1,8,0,0,0,0,65,0,9,0,NA,NA,NA,3.21485964102342,NA,-2.34,NA
2552580,"A.J. Derby","DEN","TE",25,1,11,0,0,0,NA,86,0,12,0,NA,NA,NA,NA,NA,NA,NA
2552586,"Tyler Kroft","CIN","TE",24,1,9,0,0,0,NA,86,0,12,0,NA,NA,NA,NA,NA,NA,NA
2552608,"Stefon Diggs","MIN","WR",23,1,6,0,0,0,NA,170,0,10,0,NA,NA,NA,NA,NA,NA,NA
2552616,"Duron Carter","FA","WR",25,1,NA,0,0,0,NA,170,0,10,0,NA,NA,NA,NA,NA,NA,NA
2552634,"Joey Iosefa","FA","RB",NA,NA,NA,0,0,0,0,118,0,9,0,NA,NA,NA,2.88085173915462,NA,NA,NA
2552635,"Matt Jones","WAS","RB",24,1,9,0,0,0,0,118,0,9,0,NA,NA,NA,2.88085173915462,NA,NA,NA
2552651,"Kaelin Clay","BAL","WR",24,1,8,0,0,0,NA,170,0,10,0,NA,NA,NA,NA,NA,NA,NA
2552654,"Geremy Davis","SD","WR",24,1,11,0,0,0,0,170,0,10,0,NA,145,1,1.91343630310998,NA,0,NA
2553117,"Jarryd Hayne","FA","RB",28,1,NA,0,0,0,NA,118,0,9,0,NA,NA,NA,NA,NA,NA,NA
2553289,"Evan Spencer","FA","WR",NA,NA,NA,0,0,0,NA,170,0,10,0,NA,NA,NA,NA,NA,NA,NA
2553292,"Kennard Backman","FA","TE",23,1,NA,0,0,0,NA,86,0,12,0,NA,NA,NA,NA,NA,NA,NA
2553453,"Andre Debose","FA","WR",NA,NA,NA,0,0,0,NA,170,0,10,0,NA,NA,NA,NA,NA,NA,NA
2553465,"Rory Anderson","SF","TE",24,1,8,0,0,0,NA,86,0,12,0,NA,NA,NA,NA,NA,NA,NA
2553467,"Quan Bray","IND","WR",NA,NA,10,0,0,0,NA,170,0,10,0,NA,NA,NA,NA,NA,NA,NA
2553497,"Kyle Brindza","FA","K",23,1,NA,0,0,0,NA,33,0,8,0,NA,NA,NA,NA,NA,NA,NA
2553502,"DeAndre Carter","FA","WR",23,1,NA,0,0,0,NA,170,0,10,0,NA,NA,NA,NA,NA,NA,NA
2553511,"John Crockett","GB","RB",24,1,4,0,0,0,NA,118,0,9,0,NA,NA,NA,NA,NA,NA,NA
2553533,"Alonzo Harris","FA","RB",NA,NA,NA,0,0,0,NA,118,0,9,0,NA,NA,NA,NA,NA,NA,NA
2553653,"Josh Harper","OAK","WR",25,1,10,0,0,0,NA,170,0,10,0,NA,NA,NA,NA,NA,NA,NA
2553662,"Gus Johnson","FA","RB",23,1,NA,0,0,0,0,118,0,9,0,NA,NA,NA,2.88085173915462,NA,NA,NA
2553703,"Devante Davis","FA","WR",24,1,NA,0,0,0,NA,170,0,10,0,NA,NA,NA,NA,NA,NA,NA
2553728,"Raheem Mostert","FA","RB",NA,NA,NA,0,0,0,NA,118,0,9,0,NA,NA,NA,NA,NA,0.6,NA
2553767,"George Farmer","SEA","WR",23,1,5,0,0,0,NA,170,0,10,0,NA,NA,NA,NA,NA,NA,NA
2553773,"Mitchell Henry","FA","TE",NA,NA,NA,0,0,0,NA,86,0,12,0,NA,NA,NA,NA,NA,NA,NA
2553791,"E.J. Bibbs","FA","TE",25,1,NA,0,0,0,NA,86,0,12,0,NA,NA,NA,NA,NA,NA,NA
2553797,"Michael Dyer","FA","RB",26,1,NA,0,0,0,NA,118,0,9,0,NA,NA,NA,NA,NA,NA,NA
2553876,"Donteea Dye","TB","WR",NA,NA,6,0,0,0,NA,170,0,10,0,NA,NA,NA,NA,NA,NA,NA
2553879,"Jahwan Edwards","SD","RB",24,1,11,0,0,0,NA,118,0,9,0,NA,NA,NA,NA,NA,NA,NA
2553896,"Darius Jennings","FA","WR",NA,NA,NA,0,0,0,NA,170,0,10,0,NA,NA,NA,NA,NA,NA,NA
2555261,"Jacoby Brissett","NE","QB",24,0,9,0,0,0,NA,65,0,9,0,NA,NA,NA,NA,NA,NA,NA
2555262,"Jeff Driskel","CIN","QB",23,0,9,0,0,0,0,65,0,9,0,NA,NA,NA,3.21485964102342,NA,NA,NA
2555263,"Kevin Hogan","CLE","QB",24,0,13,0,0,0,NA,65,0,9,0,NA,NA,NA,NA,NA,NA,NA
2555343,"Josh Doctson","WAS","WR",NA,0,9,0,0,0,NA,170,0,10,0,NA,NA,NA,NA,NA,NA,NA
2555415,"Austin Hooper","ATL","TE",NA,0,11,0,0,0,NA,86,0,12,0,NA,NA,NA,NA,NA,NA,NA
2555417,"C.J. Prosise","SEA","RB",22,0,5,0,0,0,NA,118,0,9,0,NA,NA,NA,NA,NA,NA,NA
2555427,"Nate Sudfeld","WAS","QB",23,0,9,0,0,0,NA,65,0,9,0,NA,NA,NA,NA,NA,NA,NA
2555432,"Andy Janovich","DEN","RB",23,0,11,0,0,0,NA,118,0,9,0,NA,NA,NA,NA,NA,NA,NA
2555459,"Keith Marshall","WAS","RB",22,0,9,0,0,0,NA,118,0,9,0,NA,NA,NA,NA,NA,NA,NA
2555462,"Kelvin Taylor","SEA","RB",23,0,5,0,0,0,NA,118,0,9,0,NA,NA,NA,NA,NA,NA,NA
2555471,"Kenny Lawler","FA","WR",22,0,NA,0,0,0,0,170,0,10,0,NA,NA,NA,2.66994509732115,NA,NA,NA
2555483,"Thomas Duarte","MIA","TE",21,0,8,0,0,0,0,86,0,12,0,NA,NA,NA,3.19766627932214,NA,NA,NA
2555487,"Beau Sandland","FA","TE",23,0,NA,0,0,0,NA,86,0,12,0,NA,NA,NA,NA,NA,NA,NA
2555573,"Anthony Dable","FA","WR",NA,2016,NA,0,0,0,NA,170,0,10,0,NA,NA,NA,NA,NA,NA,NA
2556212,"Devin Fuller","ATL","WR",22,0,11,0,0,0,NA,170,0,10,0,NA,NA,NA,NA,NA,NA,NA
2556232,"Jake Rudock","DET","QB",23,0,10,0,0,0,NA,65,0,9,0,NA,NA,NA,NA,NA,NA,NA
2556261,"Moritz Boehringer","FA","WR",NA,0,NA,0,0,0,0,170,0,10,0,NA,NA,NA,2.66994509732115,NA,NA,NA
2556375,"Rico Gathers","FA","TE",22,0,NA,0,0,0,0,86,0,12,0,NA,NA,NA,3.19766627932214,NA,NA,NA
2556379,"Zac Brooks","FA","RB",23,0,NA,0,0,0,NA,118,0,9,0,NA,NA,NA,NA,NA,NA,NA
2556490,"Devon Cajuste","FA","WR",23,0,NA,0,0,0,NA,170,0,10,0,NA,NA,NA,NA,NA,NA,NA
2556492,"Joe Callahan","GB","QB",23,0,4,0,0,0,0,65,NA,9,0,NA,NA,NA,3.21485964102342,NA,NA,NA
2556507,"Marshaun Coprich","FA","RB",22,0,NA,0,0,0,0,118,0,9,0,NA,NA,NA,2.88085173915462,NA,NA,NA
2556517,"Ed Eagan","BUF","WR",23,0,10,0,0,0,NA,170,0,10,0,NA,NA,NA,NA,NA,NA,NA
2556521,"Kaimi Fairbairn","HOU","K",22,0,9,0,0,0,NA,33,0,8,0,NA,NA,NA,NA,NA,NA,NA
2556528,"D.J. Foster","NE","RB",NA,0,9,0,0,0,NA,118,0,9,0,NA,NA,NA,NA,NA,NA,NA
2556528,"D.J. Foster","NE","WR",NA,0,9,0,0,0,NA,170,0,10,0,NA,NA,NA,NA,NA,NA,NA
2556541,"Aaron Green","LA","RB",24,0,8,0,0,0,0,118,0,9,0,NA,NA,NA,2.88085173915462,NA,NA,NA
2556544,"Glenn Gronkowski","FA","RB",23,0,NA,0,0,0,0,118,0,9,0,NA,NA,NA,2.88085173915462,NA,NA,NA
2556547,"Russell Hansbrough","TB","RB",23,0,6,0,0,0,NA,118,0,9,0,NA,NA,NA,NA,NA,NA,NA
2556563,"Don Jackson","GB","RB",23,0,4,0,0,0,NA,118,0,9,0,NA,NA,NA,NA,NA,NA,NA
2556569,"Andy Jones","FA","WR",NA,0,NA,0,0,0,0,170,0,10,0,NA,NA,NA,2.66994509732115,NA,NA,NA
2556577,"Marshall Koehn","FA","K",24,0,NA,0,0,0,NA,33,NA,8,0,NA,NA,NA,NA,NA,NA,NA
2556603,"Tre Madden","SEA","RB",23,0,5,0,0,0,NA,118,0,9,0,NA,NA,NA,NA,NA,NA,NA
2556743,"Chris Hubert","ARI","WR",23,0,9,0,0,0,NA,170,0,10,0,NA,NA,NA,NA,NA,NA,NA
2556801,"Kenneth Farrow","SD","RB",23,0,11,0,0,0,NA,118,0,9,0,NA,NA,NA,NA,NA,NA,NA
2556818,"Ryan OMalley","OAK","TE",23,2016,10,0,0,0,NA,86,NA,12,0,NA,NA,NA,NA,NA,NA,NA
2556851,"Keyarris Garrett","FA","WR",24,0,NA,0,0,0,0,170,NA,10,0,NA,NA,NA,2.66994509732115,NA,NA,NA
2556854,"Devon Johnson","CAR","RB",23,0,7,0,0,0,NA,118,0,9,0,NA,NA,NA,NA,NA,NA,NA
2557531,"Troymaine Pope","SEA","RB",23,0,5,0,0,0,NA,118,NA,9,0,NA,NA,NA,NA,NA,NA,NA
