"playerId","player","team","position","age","exp","bye","points","lower","upper","sdPts","positionRank","dropoff","tier","ptSpread","overallECR","positionECR","sdRank","risk","sleeper","actualPoints","salary"
2558125,"Patrick Mahomes","KC","QB",NA,3,NA,21.99694,20.884,23.2345,1.1650076471852,1,0.0988849999999992,1,2.3505,NA,NA,NA,4.95059472567175,NA,NA,NA
2562382,"Kyler Murray","ARI","QB",50,1,NA,21.91094,20.6425,23.1152,1.29828391270939,2,0.108259999999998,1,2.4727,NA,NA,NA,5.14038765141133,NA,NA,NA
2558063,"Deshaun Watson","HOU","QB",25,3,NA,21.88517,21.4149,22.28516,0.434679099451537,3,0.696170000000002,1,0.870259999999995,NA,NA,NA,3.9105656456226,NA,NA,NA
2560955,"Josh Allen","BUF","QB",24,2,NA,21.72019,20.33565,22.64652,1.39437900353526,4,2.355185,1,2.31087,NA,NA,NA,5.27723248545077,NA,NA,NA
2532975,"Russell Wilson","SEA","QB",32,8,NA,20.65781,19.9025,21.29872,0.713069881217823,5,2.611105,2,1.39622,NA,NA,NA,4.30700983441,NA,NA,NA
2557991,"Dalvin Cook","MIN","RB",25,3,NA,20.00295,19.4171,20.5322,0.580642004594913,1,5.137625,1,1.1151,NA,NA,NA,5.01012641036962,NA,NA,NA
2565045,"Justin Herbert","LAC","QB",50,0,NA,18.0722,17.43992,18.63592,0.76209561079959,6,0.0961150000000046,3,1.196,NA,NA,NA,4.37682524090601,NA,NA,NA
2506363,"Aaron Rodgers","GB","QB",37,15,NA,18.02121,16.99388,19.2316,1.30513583411843,7,0.102440000000001,3,2.23772,NA,NA,NA,5.15014517429842,NA,NA,NA
2543499,"Derek Carr","LVR","QB",29,6,NA,17.93096,17.1516,18.62248,0.781223276662954,8,0.398575000000001,3,1.47088,NA,NA,NA,4.40406411687915,NA,NA,NA
310,"Matt Ryan","ATL","QB",35,12,NA,17.90658,17.32584,18.414,0.562225561496452,9,0.778968333333331,3,1.08816,NA,NA,NA,4.0921990077522,NA,NA,NA
79860,"Matthew Stafford","DET","QB",32,11,NA,17.15819,15.78325,18.01292,1.28767709675213,10,0.192328333333332,3,2.22967,NA,NA,NA,5.12528294671848,NA,NA,NA
2495455,"Cam Newton","NE","QB",31,9,NA,17.0970333333333,16.21852,17.74132,1.07842213596223,11,0.495763333333333,4,1.5228,NA,NA,NA,4.82729206981603,NA,NA,NA
2504211,"Tom Brady","TB","QB",43,20,NA,16.83469,16.17115,17.39492,0.680727298923731,12,0.543031666666671,4,1.22377,NA,NA,NA,4.26095217143884,NA,NA,NA
2555259,"Carson Wentz","PHI","QB",28,4,NA,16.36785,15.7906,17.1392,0.728208066077271,13,0.164800000000003,4,1.3486,NA,NA,NA,4.32856746422174,NA,NA,NA
2532956,"Ryan Tannehill","TEN","QB",32,8,NA,16.2154666666667,15.27544,17.0534666666667,0.983189494564615,14,0.0403549999999981,4,1.77802666666667,NA,NA,NA,4.69167541244893,NA,NA,NA
2560757,"Lamar Jackson","BAL","QB",23,2,NA,16.1906333333333,15.5778,16.81416,0.676939258722671,15,0.0664550000000013,5,1.23636,NA,NA,NA,4.25555778835232,NA,NA,NA
2506109,"Ben Roethlisberger","PIT","QB",38,16,NA,16.15959,15.60225,16.7224,0.596161736024713,16,0.259336666666666,5,1.12015,NA,NA,NA,4.14052603602536,NA,NA,NA
2562299,"Daniel Jones","NYG","QB",50,1,NA,16.0887666666667,15.5044,16.56784,0.702658141156377,17,0.427913333333334,5,1.06344,NA,NA,NA,4.29218292880509,NA,NA,NA
2555334,"Jared Goff","LAR","QB",26,4,NA,15.71174,15.1337,16.4556,0.691292295631883,18,0.126556666666668,5,1.3219,NA,NA,NA,4.27599732316021,NA,NA,NA
2560800,"Baker Mayfield","CLE","QB",25,2,NA,15.6099666666667,15.48308,15.71228,0.152810678073665,19,0.132899999999999,6,0.229199999999999,NA,NA,NA,3.50916910171064,NA,NA,NA
2564499,"Tua Tagovailoa","MIA","QB",50,0,NA,15.5604,14.68216,16.526,1.16781834203784,20,0.480466666666668,6,1.84384,NA,NA,NA,4.95459731380959,NA,NA,NA
2558019,"Alvin Kamara","NO","RB",24,3,NA,15.5364,14.22,17.3006,1.61212167654926,2,1.382925,2,3.0806,NA,NA,NA,8.51602466524789,NA,NA,NA
2532820,"Kirk Cousins","MIN","QB",32,8,NA,15.3937333333333,15.00692,15.8206,0.439999717171626,21,1.1971,6,0.81368,NA,NA,NA,3.91814250561238,NA,NA,NA
2506121,"Philip Rivers","IND","QB",39,16,NA,14.7661333333333,13.2489333333333,15.88456,1.63215660468664,22,1.37818333333333,6,2.63562666666667,NA,NA,NA,5.61584121237122,NA,NA,NA
2562377,"Josh Jacobs","LVR","RB",50,1,NA,14.19425,13.7189,14.8964,0.741528531143611,3,0.150725,3,1.1775,NA,NA,NA,5.55696393707705,NA,NA,NA
2558116,"Aaron Jones","GB","RB",26,3,NA,14.1127,13.29,15.1193,0.965049195637197,4,0.263024999999999,3,1.8293,NA,NA,NA,6.3166887565614,NA,NA,NA
2556075,"Derrick Henry","TEN","RB",26,4,NA,13.97435,13.41,14.7806,0.753805462304434,5,0.651025000000001,3,1.3706,NA,NA,NA,5.59869202217875,NA,NA,NA
2564223,"James Robinson","JAC","RB",50,0,NA,13.725,13.521,13.929,0.360624458405139,6,0.824724999999999,3,0.407999999999999,NA,NA,NA,4.26230834647328,NA,NA,NA
2495143,"Andy Dalton","DAL","QB",33,9,NA,13.6271333333333,12.4904,14.71072,1.39246237052688,23,0.480033333333335,7,2.22032,NA,NA,NA,5.27450309185019,NA,NA,NA
2556214,"Tyreek Hill","KC","WR",26,4,NA,13.23205,12.614,14.2197,1.02408014212756,1,0.578725000000002,1,1.6057,NA,NA,NA,6.00611490213901,NA,NA,NA
2506340,"Alex Smith","WAS","QB",36,15,NA,13.1487666666667,11.26596,14.50876,2.32141501316187,24,0.71505,7,3.2428,NA,NA,NA,6.59738409564909,NA,NA,NA
2558954,"Taysom Hill","NO","QB",30,3,NA,13.1454333333333,11.49304,14.948,2.1836906977256,25,1.48625,7,3.45496,NA,NA,NA,6.40125689573602,NA,NA,NA
2543495,"Davante Adams","GB","WR",28,6,NA,13.1034,12.1542,13.982,0.938012686481372,2,0.956549999999998,1,1.8278,NA,NA,NA,5.70786767406005,NA,NA,NA
2561021,"Nick Chubb","CLE","RB",25,2,NA,12.92165,12.388,13.7291,0.716364598162137,7,0.285575,4,1.3411,NA,NA,NA,5.4714341965263,NA,NA,NA
2555224,"Ezekiel Elliott","DAL","RB",25,4,NA,12.8789,12.618,13.3049,0.381141443561311,8,0.565899999999999,4,0.6869,NA,NA,NA,4.33204356705994,NA,NA,NA
2562722,"Miles Sanders","PHI","RB",50,1,NA,12.39325,11.9977,12.8878,0.498081235007571,9,0.357524999999999,4,0.8901,NA,NA,NA,4.72951045070727,NA,NA,NA
2553439,"Mike Davis","CAR","RB",27,5,NA,12.23275,11.52,13.1345,0.908948614242485,10,0.4619,4,1.6145,NA,NA,NA,6.12600838179771,NA,NA,NA
2562685,"DK Metcalf","SEA","WR",50,1,NA,12.20325,11.0831,13.402,1.25683289130523,3,0.112874999999997,1,2.3189,NA,NA,NA,6.81266671372465,NA,NA,NA
2560854,"Calvin Ridley","ATL","WR",26,2,NA,12.09045,11.4744,13.024,0.982868130778489,4,0.2623,2,1.5496,NA,NA,NA,5.8633040329651,NA,NA,NA
2552608,"Stefon Diggs","BUF","WR",27,5,NA,12.0903,11.0265,13.5816,1.35198481870175,5,0.5517,2,2.5551,NA,NA,NA,7.14239411625231,NA,NA,NA
2540258,"Travis Kelce","KC","TE",31,7,NA,11.9222,11.1404,13.21,1.23577473675423,1,3.59245,1,2.0696,NA,NA,NA,8.40519213398749,NA,NA,NA
2552475,"Todd Gurley","ATL","RB",26,5,NA,11.8387,11.7946,11.87,0.0415565879253818,11,0.209574999999999,5,0.0754000000000001,NA,NA,NA,3.17782794349719,NA,NA,NA
100023,"Giants","NYG","DST",NA,NA,NA,11.8086666666667,11.628,12.0126666666667,0.207412632209323,1,0.342333333333334,1,0.384666666666668,NA,NA,NA,2.9781166871697,NA,NA,NA
2562796,"Gardner Minshew","JAC","QB",50,1,NA,11.722,11.0804,12.3636,1.13419927702322,26,0.275000000000002,8,1.2832,NA,NA,NA,4.90672186738516,NA,NA,NA
2557978,"James Conner","PIT","RB",25,3,NA,11.703,11.41,12.1654,0.429094395209259,12,0.337958333333335,5,0.7554,NA,NA,NA,4.49503094729621,NA,NA,NA
2562305,"Drew Lock","DEN","QB",50,1,NA,11.5963666666667,9.63,13.23648,2.36213562339958,27,0.424550000000002,8,3.60648,NA,NA,NA,6.65537254336346,NA,NA,NA
2541785,"Adam Thielen","MIN","WR",30,6,NA,11.566,10.6244,12.65,1.30299961627009,6,0.0952500000000001,2,2.0256,NA,NA,NA,6.97264701809028,NA,NA,NA
2557917,"Kareem Hunt","CLE","RB",25,3,NA,11.55525,10.8954,12.3073,0.834121244184561,13,0.415833333333333,5,1.4119,NA,NA,NA,5.87167748877473,NA,NA,NA
100027,"Steelers","PIT","DST",NA,NA,NA,11.5466666666667,8.69866666666667,12.6026666666667,2.22124589663849,2,0.207000000000001,1,3.904,NA,NA,NA,8.43580225396089,NA,NA,NA
2552430,"Tyler Lockett","SEA","WR",28,5,NA,11.5112,10.6874,12.71,1.16109633536585,7,0.13115,2,2.0226,NA,NA,NA,6.48091341370697,NA,NA,NA
2540165,"DeAndre Hopkins","ARI","WR",28,7,NA,11.4303,10.7615,12.0954,0.713189455895136,8,0.251425000000001,2,1.3339,NA,NA,NA,4.92879380895419,NA,NA,NA
100017,"Rams","LAR","DST",NA,NA,NA,11.386,10.822,11.796,0.587690394680736,3,0.147333333333332,1,0.974,NA,NA,NA,4.00870670287299,NA,NA,NA
2540154,"Keenan Allen","LAC","WR",28,7,NA,11.3298,10.4506,12.8,1.51054798003903,9,0.471741666666668,2,2.3494,NA,NA,NA,7.69185875406721,NA,NA,NA
2543465,"Teddy Bridgewater","CAR","QB",28,6,NA,11.2976333333333,9.42364,12.5285333333333,1.94030633434804,28,0.845133333333331,8,3.10489333333333,NA,NA,NA,6.05466382289584,NA,NA,NA
100019,"Dolphins","MIA","DST",NA,NA,NA,11.2933333333333,10.8933333333333,11.76,0.463321342770508,4,0.302666666666665,2,0.866666666666665,NA,NA,NA,3.67165438004409,NA,NA,NA
100022,"Saints","NO","DST",NA,NA,NA,11.184,10.628,11.584,0.579378977871997,5,1.86433333333333,2,0.956,NA,NA,NA,3.98618194853615,NA,NA,NA
2565276,"Antonio Gibson","WAS","RB",50,0,NA,11.1748333333333,10.4757,11.9045,0.895443512084003,14,0.177933333333334,6,1.4288,NA,NA,NA,6.08010586391322,NA,NA,NA
2540156,"Giovani Bernard","CIN","RB",29,7,NA,11.104,10.4692,11.658,0.763316448139302,15,0.353100000000001,6,1.1888,NA,NA,NA,5.63101893035471,NA,NA,NA
2562651,"Ryan Finley","CIN","QB",50,1,NA,11.046,11.0252,11.0668,0.0367695526217014,29,1.40946666666667,8,0.0416000000000007,NA,NA,NA,3.34391998838187,NA,NA,NA
2555346,"Will Fuller","HOU","WR",26,4,NA,11.02795,9.98825,12.514,1.53176051081754,10,0.396941666666665,2,2.52575,NA,NA,NA,7.76536596370562,NA,NA,NA
2555230,"Kenyan Drake","ARI","RB",NA,4,NA,10.8898,10.6952,11.136,0.226751405728829,16,0.287216666666666,6,0.440800000000001,NA,NA,NA,3.8072869684331,NA,NA,NA
100011,"Packers","GB","DST",NA,NA,NA,10.7973333333333,10.4013333333333,11.2,0.398513906072715,6,3.02033333333333,3,0.798666666666666,NA,NA,NA,3.49601987338769,NA,NA,NA
2564556,"Justin Jefferson","MIN","WR",50,0,NA,10.6881666666667,9.728,11.7556,1.2883546031017,11,0.267908333333335,3,2.0276,NA,NA,NA,6.92189804973913,NA,NA,NA
2557952,"Wayne Gallman","NYG","RB",26,3,NA,10.612,10.4586,10.7634,0.190549206243426,17,0.103016666666667,6,0.304799999999998,NA,NA,NA,3.68423924248214,NA,NA,NA
2552461,"Duke Johnson","HOU","RB",27,5,NA,10.5931666666667,10.096,11.0756,0.613080405275959,18,0.213099999999999,6,0.979600000000001,NA,NA,NA,5.12038135327435,NA,NA,NA
2562489,"Terry McLaurin","WAS","WR",50,1,NA,10.57385,10.17,10.8924,0.409678059578494,12,0.419100000000002,3,0.7224,NA,NA,NA,3.87704396968931,NA,NA,NA
2560770,"Ronald Jones","TB","RB",23,2,NA,10.4248,10.186,10.7376,0.298437933245759,19,0.216466666666665,7,0.551600000000001,NA,NA,NA,4.05094244566001,NA,NA,NA
2564271,"Clyde Edwards-Helaire","KC","RB",50,0,NA,10.3353333333333,10.2416,10.464,0.158244536503897,20,0.278166666666667,7,0.222399999999999,NA,NA,NA,3.57443883793355,NA,NA,NA
2562238,"A.J. Brown","TEN","WR",NA,1,NA,10.2666666666667,9.624,11.064,0.960277737601644,13,0.372083333333332,3,1.44,NA,NA,NA,5.78502215399444,NA,NA,NA
2560967,"Kalen Ballage","FA","RB",NA,2,NA,10.0813333333333,9.8092,10.3036,0.327318397486809,21,0.122249999999999,8,0.494399999999999,NA,NA,NA,4.14910431150748,NA,NA,NA
2540169,"Robert Woods","LAR","WR",28,7,NA,10.0428333333333,9.3978,10.8901333333333,0.876996959325782,14,0.326333333333334,3,1.49233333333333,NA,NA,NA,5.49643152369694,NA,NA,NA
2553728,"Raheem Mostert","SF","RB",NA,NA,NA,10.033,9.7666,10.2994,0.470933116270241,22,0.2455,8,0.532799999999998,NA,NA,NA,4.63723665734778,NA,NA,NA
2564148,"Jonathan Taylor","IND","RB",50,0,NA,9.88516666666667,9.3497,10.4769,0.714954951960845,23,0.587374999999998,8,1.1272,NA,NA,NA,5.46664294732239,NA,NA,NA
2558979,"Nick Mullens","SF","QB",50,3,NA,9.859,6.6344,12.64,3.87442550580083,30,1.03995,8,6.0056,NA,NA,NA,8.8089587067993,NA,NA,NA
2560813,"D.J. Moore","CAR","WR",23,2,NA,9.74633333333333,9.48,10.146,0.410672619004481,15,0.102333333333332,4,0.666,NA,NA,NA,3.88049038959023,NA,NA,NA
2561324,"Gus Edwards","BAL","RB",25,2,NA,9.68983333333333,9.552,9.8076,0.165552358283817,24,0.845791666666667,9,0.255599999999999,NA,NA,NA,3.59927740753584,NA,NA,NA
2556370,"Michael Thomas","NO","WR",26,4,NA,9.68666666666667,9.227,10.065,0.464303540561321,16,0.178666666666667,4,0.838000000000001,NA,NA,NA,4.06633617268625,NA,NA,NA
2543498,"Brandin Cooks","HOU","WR",27,6,NA,9.60133333333333,9.07513333333334,10.007,0.531913944585442,17,0.296416666666667,4,0.931866666666666,NA,NA,NA,4.30062467858083,NA,NA,NA
2552409,"DeVante Parker","MIA","WR",27,5,NA,9.41466666666667,9.0908,9.8348,0.509573678022455,18,0.230333333333332,4,0.744,NA,NA,NA,4.2232095566055,NA,NA,NA
2561036,"Sam Darnold","NYJ","QB",23,2,NA,9.41406666666667,7.68016,10.8464,2.08383224212827,31,1.24005,9,3.16624,NA,NA,NA,6.25905281781478,NA,NA,NA
2557898,"Cooper Kupp","LAR","WR",27,3,NA,9.19516666666667,8.8844,9.464,0.373453589262888,19,0.0296666666666674,5,0.579600000000001,NA,NA,NA,3.75151629167044,NA,NA,NA
2495454,"Julio Jones","ATL","WR",31,9,NA,9.1735,6.4648,11.241,2.77764090551677,20,0.0272500000000022,5,4.7762,NA,NA,NA,12.0826816255568,NA,NA,NA
2558846,"Mike Williams","LAC","WR",26,3,NA,9.1575,9.0563,9.2587,0.178898015640197,21,0.0557499999999997,5,0.202399999999997,NA,NA,NA,3.07732812025735,NA,NA,NA
2552408,"Darren Waller","LVR","TE",28,5,NA,9.148,7.9,9.916,1.29864159797844,2,1.86275,2,2.016,NA,NA,NA,8.73046559552274,NA,NA,NA
2558105,"Chris Godwin","TB","WR",24,3,NA,9.135,8.432,9.94,0.96802634261677,22,0.068249999999999,5,1.508,NA,NA,NA,5.81187318554741,NA,NA,NA
2564970,"Chase Claypool","PIT","WR",50,0,NA,9.0685,8.8044,9.396,0.394406833105107,23,0.0304166666666674,5,0.591599999999998,NA,NA,NA,3.82412500129576,NA,NA,NA
2562736,"Darius Slayton","NYG","WR",NA,1,NA,9.065,8.421,9.709,1.13844191771034,24,0.112291666666668,5,1.288,NA,NA,NA,6.40240967244066,NA,NA,NA
2543509,"Allen Robinson","CHI","WR",27,6,NA,9.01116666666667,8.84606666666667,9.11,0.17697739968708,25,0.195124999999999,5,0.263933333333336,NA,NA,NA,3.07067266169963,NA,NA,NA
2562281,"Damien Harris","NE","RB",50,1,NA,8.90575,8.16,9.6541,0.857215793523817,25,0.259916666666667,10,1.4941,NA,NA,NA,5.95017359725575,NA,NA,NA
2543468,"Mike Evans","TB","WR",27,6,NA,8.89425,7.6029,10.333,1.52222608373395,26,0.157166666666667,5,2.7301,NA,NA,NA,7.73232657120062,NA,NA,NA
2563617,"Zack Moss","BUF","RB",50,0,NA,8.78233333333333,8.1736,9.616,1.02462985186522,26,0.312208333333334,10,1.4424,NA,NA,NA,6.51919756441657,NA,NA,NA
2561018,"D.J. Chark","JAC","WR",24,2,NA,8.73783333333333,8.4332,9.0856,0.41830740291481,27,0.194875,6,0.6524,NA,NA,NA,3.90694699994477,NA,NA,NA
2532884,"Marvin Jones","DET","WR",30,8,NA,8.73633333333333,7.9918,9.3918,0.895996837792038,28,0.436208333333333,6,1.4,NA,NA,NA,5.56227128907462,NA,NA,NA
2563965,"D'Andre Swift","DET","RB",50,0,NA,8.50933333333333,7.2472,9.4712,1.53451143147692,27,0.195208333333333,10,2.224,NA,NA,NA,8.25223505294823,NA,NA,NA
2552469,"Melvin Gordon","DEN","RB",27,5,NA,8.43091666666667,8.02246666666667,8.8069,0.423172968313326,28,0.249499999999999,10,0.784433333333332,NA,NA,NA,4.47490459795041,NA,NA,NA
2556462,"Robby Anderson","CAR","WR",27,4,NA,8.34958333333333,7.79833333333333,8.6605,0.610874259656692,29,0.133333333333333,6,0.862166666666665,NA,NA,NA,4.57424372449583,NA,NA,NA
2558066,"Curtis Samuel","CAR","WR",24,3,NA,8.25066666666667,8.0256,8.448,0.270742189791937,30,0.0764166666666668,7,0.4224,NA,NA,NA,3.39559325485787,NA,NA,NA
2532842,"Nick Foles","CHI","QB",31,8,NA,8.22403333333333,6.65328,9.6028,1.88973117223941,32,0.132033333333334,9,2.94952,NA,NA,NA,5.98264193701393,NA,NA,NA
2558865,"Chris Carson","SEA","RB",26,3,NA,8.19733333333333,7.0752,9.0688,1.35906193138258,29,0.0523750000000014,10,1.9936,NA,NA,NA,7.6558994072495,NA,NA,NA
2562674,"Diontae Johnson","PIT","WR",NA,1,NA,8.18183333333333,7.9713,8.4217,0.288575091325175,31,0.097999999999999,7,0.450400000000001,NA,NA,NA,3.45738912660709,NA,NA,NA
2563896,"Jerry Jeudy","DEN","WR",50,0,NA,8.16666666666667,7.846,8.558,0.470567033836129,32,0.166583333333335,7,0.711999999999999,NA,NA,NA,4.08804088666063,NA,NA,NA
2557973,"Leonard Fournette","TB","RB",24,3,NA,8.1655,7.8973,8.4813,0.379270022543306,30,0.233958333333334,11,0.583999999999999,NA,NA,NA,4.32568279053709,NA,NA,NA
2562574,"Darrell Henderson","LAR","RB",50,1,NA,8.12441666666667,7.8585,8.29786666666667,0.28891795259785,31,0.403916666666667,11,0.439366666666667,NA,NA,NA,4.01858496499658,NA,NA,NA
2564205,"Jake Luton","JAC","QB",50,0,NA,8.124,6.0232,10.2248,3.71372481479175,33,0.204000000000001,9,4.2016,NA,NA,NA,8.58011185102175,NA,NA,NA
2543801,"Jimmy Garoppolo","SF","QB",29,6,NA,8.06,8.06,8.06,NA,34,0.289316666666668,9,0,NA,NA,NA,NA,NA,NA,NA
2558052,"Kenny Golladay","DET","WR",27,3,NA,8.001,6.1244,9.946,2.39308650073498,33,0.00958333333333172,7,3.8216,NA,NA,NA,10.7500956392439,NA,NA,NA
2552487,"Amari Cooper","DAL","WR",26,5,NA,7.99916666666667,7.7774,8.27626666666667,0.301707916148494,34,0.0459999999999994,7,0.498866666666667,NA,NA,NA,3.50289794955293,NA,NA,NA
2508061,"Antonio Brown","FA","WR",32,10,NA,7.98366666666667,7.6786,8.2754,0.374115401090804,35,0.0810000000000013,7,0.596800000000001,NA,NA,NA,3.75380965031226,NA,NA,NA
2543488,"Jarvis Landry","CLE","WR",28,6,NA,7.92266666666667,7.5332,8.3828,0.552602328382113,36,0.0493333333333341,7,0.849599999999999,NA,NA,NA,4.37231557584815,NA,NA,NA
2558149,"JuJu Smith-Schuster","PIT","WR",24,3,NA,7.88266666666667,7.2046,8.6966,0.977796672797231,37,0.065666666666667,7,1.492,NA,NA,NA,5.84573004667873,NA,NA,NA
2563731,"Tee Higgins","CIN","WR",50,0,NA,7.864,7.4408,8.2536,0.513182228842738,38,0.0991666666666662,7,0.8128,NA,NA,NA,4.23571417024199,NA,NA,NA
100007,"Browns","CLE","DST",NA,NA,NA,7.842,7.286,11.12,2.66567439872164,7,0.516,4,3.834,NA,NA,NA,9.64024706284004,NA,NA,NA
2558904,"Phillip Walker","CAR","QB",25,3,NA,7.78,5.884,9.676,3.35168614282423,35,0.521733333333333,9,3.792,NA,NA,NA,8.06454834454643,NA,NA,NA
2552600,"Nelson Agholor","LVR","WR",27,5,NA,7.77,6.234,9.386,1.97759955501613,39,0.0267499999999998,7,3.152,NA,NA,NA,9.31031995477315,NA,NA,NA
2540173,"Tyler Bray","FA","QB",29,7,NA,7.76136666666667,5.84448,10.442,3.31526404730201,36,1.25095,9,4.59752,NA,NA,NA,8.01268122444414,NA,NA,NA
2560781,"Christian Kirk","ARI","WR",24,2,NA,7.75966666666667,7.4212,8.158,0.478393492151945,40,0.0715833333333338,8,0.736799999999999,NA,NA,NA,4.1151617011525,NA,NA,NA
2541161,"Latavius Murray","NO","RB",30,7,NA,7.73866666666667,7.329,8.0898,0.492097889990735,32,0.0724999999999989,11,0.7608,NA,NA,NA,4.70917364774041,NA,NA,NA
2562721,"Deebo Samuel","SF","WR",50,1,NA,7.72683333333333,6.9977,8.3833,0.880175029941962,41,0.107416666666667,8,1.3856,NA,NA,NA,5.50744440591588,NA,NA,NA
100030,"Seahawks","SEA","DST",NA,NA,NA,7.712,7.44,10.392,2.023689699534,8,0.7845,4,2.952,NA,NA,NA,7.9004055929702,NA,NA,NA
2558204,"Jamaal Williams","GB","RB",NA,3,NA,7.70233333333333,6.9594,8.3434,0.892673699250366,33,0.0875000000000004,11,1.384,NA,NA,NA,6.07069154170813,NA,NA,NA
2552415,"Jamison Crowder","NYJ","WR",27,5,NA,7.64933333333333,7.5106,7.8426,0.238739048614452,42,0.065083333333332,8,0.332,NA,NA,NA,3.28469363461996,NA,NA,NA
2565090,"Salvon Ahmed","FA","RB",NA,0,NA,7.63,7.222,8.038,0.721248916810278,34,0.0447500000000005,12,0.815999999999999,NA,NA,NA,5.48803551663991,NA,NA,NA
2506404,"Frank Gore","NYJ","RB",37,15,NA,7.59966666666667,7.3706,7.8554,0.308451508884838,35,0.0606666666666662,12,0.4848,NA,NA,NA,4.08497760729497,NA,NA,NA
2563848,"CeeDee Lamb","DAL","WR",50,0,NA,7.5895,7.4272,7.7636,0.211796482501481,43,0.0324999999999998,8,0.336399999999999,NA,NA,NA,3.19133028839115,NA,NA,NA
2557848,"Corey Davis","TEN","WR",25,3,NA,7.579,6.9336,8.192,0.789622061495245,44,0.0690000000000008,8,1.2584,NA,NA,NA,5.19365365155016,NA,NA,NA
2560711,"Chase Edmonds","ARI","RB",24,2,NA,7.57083333333333,6.9561,8.1113,0.739687828298758,36,0.17375,12,1.1552,NA,NA,NA,5.55070756861242,NA,NA,NA
2562653,"Travis Fulgham","FA","WR",NA,1,NA,7.535,7.531,7.539,0.00707106781186595,45,0.066416666666667,8,0.00800000000000178,NA,NA,NA,2.48190084156866,NA,NA,NA
2560957,"Mark Andrews","BAL","TE",24,2,NA,7.5115,7.269,7.726,0.233957795339245,3,0.717450000000001,3,0.456999999999999,NA,NA,NA,3.22178615485706,NA,NA,NA
2560742,"Nyheim Hines","IND","RB",24,2,NA,7.50716666666667,7.342,7.6992,0.230703453232354,37,0.447083333333334,12,0.3572,NA,NA,NA,3.82071959034756,NA,NA,NA
2535698,"Cole Beasley","BUF","WR",31,8,NA,7.485,7.256,7.716,0.287532606846598,46,0.0817500000000004,8,0.46,NA,NA,NA,3.4537766333166,NA,NA,NA
2555466,"Tyler Boyd","CIN","WR",26,4,NA,7.45216666666667,7.2514,7.64666666666667,0.230701586952111,47,0.119083333333333,8,0.395266666666667,NA,NA,NA,3.25684163593374,NA,NA,NA
2552597,"Breshad Perriman","NYJ","WR",27,5,NA,7.35433333333333,6.6164,8.166,0.981568302938381,48,0.0986666666666673,8,1.5496,NA,NA,NA,5.85879977467861,NA,NA,NA
2562492,"Jakobi Meyers","NE","WR",50,1,NA,7.31183333333333,7.1651,7.4931,0.218208806727257,49,0.14225,9,0.327999999999999,NA,NA,NA,3.21355074223777,NA,NA,NA
2562502,"David Montgomery","CHI","RB",50,1,NA,7.287,5.7586,8.6514,1.84253602407117,38,0.468416666666666,12,2.8928,NA,NA,NA,9.29918043732958,NA,NA,NA
2564136,"Michael Pittman","IND","WR",50,0,NA,7.1995,6.8136,7.7372,0.664253528406134,50,0.232166666666667,9,0.9236,NA,NA,NA,4.7592174619193,NA,NA,NA
2555295,"Sterling Shepard","NYG","WR",NA,4,NA,7.13966666666667,6.652,7.6224,0.606594043272214,51,0.381666666666667,9,0.970399999999999,NA,NA,NA,4.55941160633149,NA,NA,NA
2562378,"T.J. Hockenson","DET","TE",50,1,NA,7.059,6.619,7.3782,0.454654447538641,4,0.554416666666667,4,0.7592,NA,NA,NA,4.36367176219034,NA,NA,NA
100032,"Redskins","WAS","DST",NA,NA,NA,6.94,6.83,9.842,2.08160194721918,9,0.428749999999999,4,3.012,NA,NA,NA,8.05735346145297,NA,NA,NA
100025,"Eagles","PHI","DST",NA,NA,NA,6.915,6.818,7.04,0.13,10,0.81025,4,0.222,NA,NA,NA,2.76832086496398,NA,NA,NA
2562270,"Myles Gaskin","MIA","RB",50,1,NA,6.83316666666667,6.5972,7.1584,0.400472325302677,39,0.0807500000000001,13,0.561199999999999,NA,NA,NA,4.39774733845265,NA,NA,NA
2556440,"J.D. McKissic","WAS","RB",27,4,NA,6.804,6.7072,6.9008,0.171119841047145,40,0.357916666666667,13,0.1936,NA,NA,NA,3.61820073548377,NA,NA,NA
2558985,"Tim Patrick","DEN","WR",27,3,NA,6.795,6.356,7.272,0.578381362078689,52,0.125249999999999,10,0.915999999999999,NA,NA,NA,4.46164696463888,NA,NA,NA
382,"Joe Flacco","NYJ","QB",35,12,NA,6.75516666666667,3.458,10.0848,4.14234644656061,37,1.1965,9,6.6268,NA,NA,NA,9.19049325095616,NA,NA,NA
2565093,"Brandon Aiyuk","SF","WR",50,0,NA,6.721,6.6642,6.7778,0.100409162928489,53,0.252666666666666,10,0.1136,NA,NA,NA,2.8053428201156,NA,NA,NA
2562734,"Devin Singletary","BUF","RB",50,1,NA,6.70083333333333,6.4667,6.9331,0.291528014662971,41,0.672750000000001,13,0.466400000000001,NA,NA,NA,4.02745631000515,NA,NA,NA
2562379,"Marquise Brown","BAL","WR",50,1,NA,6.6185,5.838,7.6664,1.28103346950812,54,0.346833333333334,10,1.8284,NA,NA,NA,6.89652832335082,NA,NA,NA
497240,"Rob Gronkowski","TB","TE",31,10,NA,6.5291,6.27,6.73,0.240185449184583,5,0.113916666666666,5,0.46,NA,NA,NA,3.25400806770702,NA,NA,NA
2557858,"Evan Engram","NYG","TE",26,3,NA,6.48006666666667,6.02186666666667,6.97246666666667,0.478153880391379,6,0.195216666666666,5,0.9506,NA,NA,NA,4.48525794796896,NA,NA,NA
2555341,"Hunter Henry","LAC","TE",26,4,NA,6.3503,6.002,6.5809,0.364791652865029,7,0.209474999999999,5,0.578900000000001,NA,NA,NA,3.89872120290486,NA,NA,NA
2560787,"Allen Lazard","GB","WR",25,2,NA,6.31816666666667,5.4354,7.5294,1.4894839990189,55,0.0972499999999989,10,2.094,NA,NA,NA,7.61886630989194,NA,NA,NA
2558008,"Mitchell Trubisky","CHI","QB",26,3,NA,6.26566666666667,1.4664,10.5664,5.78901255252857,38,2.2955,9,9.1,NA,NA,NA,11.5354387424783,NA,NA,NA
2540145,"Cordarrelle Patterson","CHI","WR",29,7,NA,6.22516666666667,5.2123,7.3515,1.35938187546154,56,0.0188333333333341,10,2.1392,NA,NA,NA,7.16802693713666,NA,NA,NA
2560747,"Hayden Hurst","ATL","TE",27,2,NA,6.2194,6.0108,6.44,0.214095305880348,8,0.16165,6,0.4292,NA,NA,NA,3.11901753280098,NA,NA,NA
2562712,"Hunter Renfrow","LVR","WR",50,1,NA,6.21666666666667,6.138,6.29,0.0956991814663708,57,0.060083333333333,11,0.152000000000001,NA,NA,NA,2.7890214486421,NA,NA,NA
2532865,"T.Y. Hilton","IND","WR",31,8,NA,6.196,5.856,6.5824,0.4649817200708,58,0.085916666666666,11,0.7264,NA,NA,NA,4.06868624981266,NA,NA,NA
2559947,"Phillip Lindsay","DEN","RB",26,2,NA,6.19133333333333,5.8156,6.4844,0.454705765669772,42,0.371833333333333,14,0.668799999999999,NA,NA,NA,4.5820814839611,NA,NA,NA
2553499,"Damiere Byrd","NE","WR",NA,NA,NA,6.11716666666667,5.945,6.3182,0.241477914794155,59,0.0294999999999996,11,0.373199999999999,NA,NA,NA,3.29418455357467,NA,NA,NA
100008,"Cowboys","DAL","DST",NA,NA,NA,6.1075,5.511,6.73,0.703485370613111,11,0.0627499999999994,5,1.219,NA,NA,NA,4.32252243926773,NA,NA,NA
2543457,"Sammy Watkins","KC","WR",27,6,NA,6.103,5.7296,6.4056,0.44944743852869,60,0.0403333333333329,11,0.676000000000001,NA,NA,NA,4.01485572379852,NA,NA,NA
100003,"Bills","BUF","DST",NA,NA,NA,6.102,5.544,6.6,0.542236110933236,12,0.126583333333334,5,1.056,NA,NA,NA,3.88552113794099,NA,NA,NA
2555468,"Rashard Higgins","CLE","WR",26,4,NA,6.07233333333333,5.5896,6.448,0.584436765898017,61,0.0590833333333336,11,0.8584,NA,NA,NA,4.48263059184679,NA,NA,NA
2560995,"Dallas Goedert","PHI","TE",26,2,NA,6.06225,5.5863,6.428,0.498497993977909,9,0.182358333333333,6,0.841699999999999,NA,NA,NA,4.59051849572491,NA,NA,NA
2555415,"Austin Hooper","CLE","TE",NA,4,NA,6.05325,5.454,6.6111,0.665889567921489,10,0.348933333333333,6,1.1571,NA,NA,NA,5.45660335550947,NA,NA,NA
2558194,"Josh Reynolds","LAR","WR",25,3,NA,6.053,5.756,6.2832,0.359843021330135,62,0.097083333333333,11,0.527200000000001,NA,NA,NA,3.70435195843848,NA,NA,NA
100026,"Cardinals","ARI","DST",NA,NA,NA,5.9875,5.745,6.2,0.252899848424892,13,0.0445000000000002,5,0.455,NA,NA,NA,3.1013915023186,NA,NA,NA
2564850,"Jalen Reagor","PHI","WR",50,0,NA,5.9735,5.7988,6.1096,0.211464536033823,63,0.103666666666666,12,0.310800000000001,NA,NA,NA,3.19018000326763,NA,NA,NA
100002,"Ravens","BAL","DST",NA,NA,NA,5.96333333333333,5.658,8.744,2.06795390019539,14,0.10825,5,3.086,NA,NA,NA,8.02036591607259,NA,NA,NA
2560735,"Michael Gallup","DAL","WR",24,2,NA,5.93833333333333,5.394,6.39,0.654032364132948,64,0.142916666666667,12,0.996,NA,NA,NA,4.72379833759024,NA,NA,NA
100014,"Colts","IND","DST",NA,NA,NA,5.92266666666667,5.56266666666667,6.35466666666667,0.424750907395539,15,0.145583333333334,5,0.792,NA,NA,NA,3.56712471903937,NA,NA,NA
2507164,"Adrian Peterson","DET","RB",35,13,NA,5.86483333333333,5.7484,6.0032,0.166179370962022,43,0.102749999999999,14,0.254799999999999,NA,NA,NA,3.60140856214225,NA,NA,NA
2543847,"John Brown","BUF","WR",30,6,NA,5.80133333333333,4.2612,7.066,1.8516763576104,65,0.0284166666666676,12,2.8048,NA,NA,NA,8.87396170187571,NA,NA,NA
2559153,"Keelan Cole","JAC","WR",27,3,NA,5.7895,5.6852,5.9336,0.177560553051628,66,0.0739166666666664,12,0.2484,NA,NA,NA,3.07269344729409,NA,NA,NA
100020,"Vikings","MIN","DST",NA,NA,NA,5.7875,5.332,6.237,0.488219554435638,16,0.0404166666666663,5,0.905,NA,NA,NA,3.73913097447914,NA,NA,NA
2543743,"Carlos Hyde","SEA","RB",29,6,NA,5.77416666666667,5.3712,6.1284,0.484869140421757,44,0.0522499999999999,14,0.757200000000001,NA,NA,NA,4.68460383682905,NA,NA,NA
100006,"Bengals","CIN","DST",NA,NA,NA,5.76666666666667,4.754,6.47266666666667,1.05506187285654,17,0.0704166666666666,5,1.71866666666667,NA,NA,NA,5.27532922611004,NA,NA,NA
2564802,"Denzel Mims","NYJ","WR",50,0,NA,5.75633333333333,4.164,6.9072,1.96292392448952,67,0.165083333333333,12,2.7432,NA,NA,NA,9.25946488891799,NA,NA,NA
2552382,"Malcolm Brown","LAR","RB",27,5,NA,5.75,5.4662,5.9726,0.343116598257793,45,0.181666666666668,15,0.506399999999998,NA,NA,NA,4.2028008467075,NA,NA,NA
100016,"Chiefs","KC","DST",NA,NA,NA,5.7275,5.027,6.37,0.737354505422369,18,0.178333333333334,5,1.343,NA,NA,NA,4.41431111486128,NA,NA,NA
2558207,"Jonnu Smith","TEN","TE",25,3,NA,5.70653333333333,5.3876,6.11,0.378824321640872,11,0.0512333333333332,7,0.722399999999999,NA,NA,NA,3.97132630292754,NA,NA,NA
2543466,"Eric Ebron","PIT","TE",27,6,NA,5.7021,5.3183,6,0.387055616158712,12,0.11045,7,0.681699999999999,NA,NA,NA,4.01391506286556,NA,NA,NA
2543773,"James White","NE","RB",28,6,NA,5.69383333333333,5.4335,5.9119,0.312690075527403,46,0.400583333333333,15,0.4784,NA,NA,NA,4.09938407966606,NA,NA,NA
2556190,"Jakeem Grant","MIA","WR",28,4,NA,5.67483333333333,5.0508,6.2648,0.762326428331941,68,0.181416666666666,12,1.214,NA,NA,NA,5.09906683161346,NA,NA,NA
100009,"Broncos","DEN","DST",NA,NA,NA,5.665,5.046,6.096,0.669800965461631,19,0.287083333333333,5,1.05,NA,NA,NA,4.23123439915618,NA,NA,NA
2562383,"Noah Fant","DEN","TE",50,1,NA,5.6085,5.131,6.036,0.52347277866189,13,0.1361,7,0.904999999999999,NA,NA,NA,4.71973815942474,NA,NA,NA
2560994,"Mike Gesicki","MIA","TE",25,2,NA,5.5748,5.4184,5.758,0.173940219615821,14,0.431925000000001,7,0.339600000000001,NA,NA,NA,2.91125491107683,NA,NA,NA
2550256,"Willie Snead","BAL","WR",28,6,NA,5.50766666666667,5.2184,5.872,0.439643416115075,69,0.0405833333333323,13,0.6536,NA,NA,NA,3.98088210988219,NA,NA,NA
2560907,"Marquez Valdes-Scantling","GB","WR",26,2,NA,5.47916666666667,4.8896,5.9644,0.708712623940998,70,0.04,13,1.0748,NA,NA,NA,4.91328036416983,NA,NA,NA
2495450,"A.J. Green","CIN","WR",32,9,NA,5.455,5.21,5.694,0.302778797144053,71,0.0363333333333342,13,0.483999999999999,NA,NA,NA,3.5066088445263,NA,NA,NA
2564319,"Cam Akers","LAR","RB",50,0,NA,5.44283333333333,5.2024,5.7276,0.341995735840863,47,0.438416666666666,15,0.5252,NA,NA,NA,4.1989911452676,NA,NA,NA
100024,"Jets","NYJ","DST",NA,NA,NA,5.43333333333333,4.94,5.9,0.60277137733417,20,0.13875,6,0.96,NA,NA,NA,4.04957764428333,NA,NA,NA
497322,"Emmanuel Sanders","NO","WR",33,10,NA,5.42333333333333,5.056,5.864,0.529370695574786,72,0.0719166666666657,13,0.807999999999999,NA,NA,NA,4.29181162651547,NA,NA,NA
2564433,"Henry Ruggs","LVR","WR",50,0,NA,5.414,4.6572,6.1708,1.33784603000495,73,0.237416666666667,13,1.5136,NA,NA,NA,7.09339935388185,NA,NA,NA
2540160,"Jordan Reed","SF","TE",30,7,NA,5.37,4.947,5.865,0.5037856687124,16,0.461250000000001,7,0.917999999999999,NA,NA,NA,4.61787695184738,NA,NA,NA
100031,"Buccaneers","TB","DST",NA,NA,NA,5.3225,5.078,5.485,0.258247297501187,21,0.106666666666666,6,0.407000000000001,NA,NA,NA,3.11588361353672,NA,NA,NA
2561061,"Russell Gage","ATL","WR",24,2,NA,5.28883333333333,5.088,5.4572,0.24121895309725,74,0.225833333333333,13,0.3692,NA,NA,NA,3.29328718060482,NA,NA,NA
100015,"Jaguars","JAC","DST",NA,NA,NA,5.26666666666667,5.08,5.4,0.23094010767585,22,0.1225,6,0.32,NA,NA,NA,3.04187845213046,NA,NA,NA
100021,"Patriots","NE","DST",NA,NA,NA,5.165,4.138,6.06,1.08730553816916,23,0.0583333333333327,6,1.922,NA,NA,NA,5.36271272001961,NA,NA,NA
2543715,"Jerick McKinnon","SF","RB",28,6,NA,5.14366666666667,4.8488,5.464,0.388433177436394,48,0.344916666666667,16,0.6152,NA,NA,NA,4.35682745545132,NA,NA,NA
100013,"Texans","HOU","DST",NA,NA,NA,5.12333333333333,4.164,5.852,1.16723319578109,24,0.0445833333333345,6,1.688,NA,NA,NA,5.57932450761945,NA,NA,NA
100029,"49ers","SF","DST",NA,NA,NA,5.09,4.798,5.406,0.383536178215302,25,0.0512499999999996,6,0.608,NA,NA,NA,3.45542876259684,NA,NA,NA
100012,"Titans","TEN","DST",NA,NA,NA,5.0675,4.661,5.3,0.445224662389675,26,0.120833333333334,6,0.638999999999999,NA,NA,NA,3.6226106021575,NA,NA,NA
497326,"Golden Tate","NYG","WR",32,10,NA,5.06433333333333,4.5506,5.7346,0.81391420514286,75,0.0393333333333326,13,1.184,NA,NA,NA,5.2778325604374,NA,NA,NA
2560810,"Anthony Miller","CHI","WR",26,2,NA,5.06166666666667,4.9652,5.1724,0.13313276581418,76,0.155083333333334,14,0.2072,NA,NA,NA,2.91873903684048,NA,NA,NA
100004,"Panthers","CAR","DST",NA,NA,NA,5.01,4.132,5.6,0.899851839656581,27,0.135833333333333,6,1.468,NA,NA,NA,4.85469482058157,NA,NA,NA
2563890,"KJ Hamler","DEN","WR",50,0,NA,4.98833333333333,4.3616,5.6088,0.77961806888587,77,0.185,14,1.2472,NA,NA,NA,5.15898708631865,NA,NA,NA
2560866,"Dalton Schultz","DAL","TE",24,2,NA,4.91575,4.7,5.1549,0.25366431229744,17,0.0573749999999995,8,0.454899999999999,NA,NA,NA,3.32374777439673,NA,NA,NA
2559270,"Robert Tonyan","GB","TE",26,3,NA,4.90175,3.9819,6.119,1.31823072714908,18,0.119999999999999,8,2.1371,NA,NA,NA,8.83181985004917,NA,NA,NA
100010,"Lions","DET","DST",NA,NA,NA,4.88333333333333,3.724,5.796,1.40079739196407,28,0.0791666666666657,6,2.072,NA,NA,NA,6.21230637605053,NA,NA,NA
2562699,"Tony Pollard","DAL","RB",NA,1,NA,4.86516666666667,4.5395,5.1683,0.396016519015727,49,0.148416666666667,16,0.6288,NA,NA,NA,4.38260248983348,NA,NA,NA
100005,"Bears","CHI","DST",NA,NA,NA,4.865,4.258,8.148,2.46324311968321,29,0.24,6,3.89,NA,NA,NA,9.09163845189413,NA,NA,NA
2506581,"Ryan Fitzpatrick","MIA","QB",38,15,NA,4.85166666666667,0.204,11.008,7.50102381900853,39,2.506,9,10.804,NA,NA,NA,13.973439431396,NA,NA,NA
2562580,"Mecole Hardman","KC","WR",50,1,NA,4.82483333333333,4.1496,5.358,0.815481503979908,78,0.0439166666666662,14,1.2084,NA,NA,NA,5.2832636787412,NA,NA,NA
2560951,"Jordan Akins","HOU","TE",28,2,NA,4.815,4.771,4.875,0.0736545993132811,19,0.101083333333334,8,0.103999999999999,NA,NA,NA,2.39237659867498,NA,NA,NA
2552652,"Chris Conley","JAC","WR",28,5,NA,4.78183333333333,4.3129,5.2097,0.567508223141598,79,0.0276666666666676,14,0.8968,NA,NA,NA,4.4239685701266,NA,NA,NA
2506106,"Larry Fitzgerald","ARI","WR",37,16,NA,4.78,4.066,5.314,0.871937497760017,80,0.175999999999999,14,1.248,NA,NA,NA,5.47889910826498,NA,NA,NA
2543767,"Logan Thomas","WAS","TE",29,6,NA,4.7485,4.68715,4.79225,0.0621302395510162,20,0.119458333333333,8,0.105099999999999,NA,NA,NA,2.33274950231844,NA,NA,NA
100028,"Chargers","LAC","DST",NA,NA,NA,4.74333333333333,3.44,5.704,1.59769625815839,30,0.54,6,2.264,NA,NA,NA,6.74592160583517,NA,NA,NA
2560933,"Jordan Wilkins","IND","RB",26,2,NA,4.73233333333333,4.545,4.8682,0.230695325772616,50,0.116750000000001,17,0.3232,NA,NA,NA,3.82069196590891,NA,NA,NA
2558877,"Zach Pascal","IND","WR",26,3,NA,4.72833333333333,4.333,5.085,0.477397458448757,81,0.260999999999999,14,0.752,NA,NA,NA,4.11171017247864,NA,NA,NA
2555223,"Devontae Booker","LVR","RB",28,4,NA,4.70116666666667,4.511,4.8546,0.229003457033586,51,0.200833333333333,17,0.343599999999999,NA,NA,NA,3.81494146997484,NA,NA,NA
2550284,"Trey Burton","IND","TE",29,6,NA,4.67933333333333,4.1092,5.2932,0.74603306450407,21,0.122458333333333,8,1.184,NA,NA,NA,5.87126621675818,NA,NA,NA
2555364,"Tyler Higbee","LAR","TE",27,4,NA,4.57875,4.1685,4.956,0.461742623113787,22,0.0454166666666671,8,0.787500000000001,NA,NA,NA,4.40034601887184,NA,NA,NA
497236,"Jimmy Graham","CHI","TE",34,10,NA,4.535,4.344,4.71,0.204694894904588,23,0.050791666666667,9,0.366000000000001,NA,NA,NA,3.07037975832971,NA,NA,NA
2562738,"Irv Smith Jr.","MIN","TE",50,1,NA,4.53166666666667,3.806,5.514,1.20347759984693,24,0.335791666666666,9,1.708,NA,NA,NA,8.23808658243068,NA,NA,NA
2540145,"Cordarrelle Patterson","CHI","RB",29,7,NA,4.53,4.53,4.53,NA,52,0.0728333333333326,17,0,NA,NA,NA,NA,NA,NA,NA
100001,"Falcons","ATL","DST",NA,NA,NA,4.50666666666667,3.912,4.968,0.720370275159472,31,0.606666666666666,7,1.056,NA,NA,NA,4.36828218585005,NA,NA,NA
2562659,"N'Keal Harry","NE","WR",50,1,NA,4.47966666666667,4.186,4.8652,0.468786020838221,82,0.181000000000001,15,0.6792,NA,NA,NA,4.08186919045083,NA,NA,NA
2560765,"Kerryon Johnson","DET","RB",23,2,NA,4.47066666666667,4.3772,4.5388,0.11493186387305,53,0.046333333333334,18,0.1616,NA,NA,NA,3.42722331103626,NA,NA,NA
2559278,"Greg Ward","PHI","WR",50,3,NA,4.455,4.147,4.763,0.544472221513642,83,0.378666666666667,15,0.616,NA,NA,NA,4.34414253623286,NA,NA,NA
2561146,"Boston Scott","PHI","RB",25,2,NA,4.44366666666667,3.5632,5.3176,1.09659123347459,54,0.0572499999999998,18,1.7544,NA,NA,NA,6.76378724375066,NA,NA,NA
71265,"Jared Cook","NO","TE",33,11,NA,4.43675,3.5019,5.569,1.23876911354242,25,0.606083333333333,9,2.0671,NA,NA,NA,8.42068505480565,NA,NA,NA
2540175,"LeVeon Bell","NYJ","RB",28,7,NA,4.405,4.1722,4.5994,0.279644417072825,55,0.0755833333333333,18,0.427200000000001,NA,NA,NA,3.98706512713867,NA,NA,NA
2558112,"Brian Hill","ATL","RB",25,3,NA,4.36783333333333,4.3112,4.4196,0.0685644465691461,56,0.366166666666667,19,0.1084,NA,NA,NA,3.26962500655299,NA,NA,NA
2539265,"Rex Burkhead","NE","RB",30,7,NA,4.291,4.291,4.291,NA,57,0.616333333333333,20,0,NA,NA,NA,NA,NA,NA,NA
2558856,"David Moore","SEA","WR",25,3,NA,4.14233333333333,3.6184,4.7264,0.704632055283701,84,0.133833333333333,15,1.108,NA,NA,NA,4.89914007987901,NA,NA,NA
2649,"Danny Amendola","DET","WR",35,12,NA,4.01033333333333,3.338,4.7468,0.891381138084789,85,0.0720000000000001,15,1.4088,NA,NA,NA,5.54627662961831,NA,NA,NA
2533039,"Alshon Jeffery","PHI","WR",30,8,NA,4.00666666666667,3.011,5.175,1.40321357367057,86,0.143916666666667,15,2.164,NA,NA,NA,7.31991573638939,NA,NA,NA
2540148,"Tyler Eifert","JAC","TE",30,7,NA,3.955,3.238,4.642,0.879900562563748,26,0.257,10,1.404,NA,NA,NA,6.56389733644528,NA,NA,NA
100018,"Raiders","LVR","DST",NA,NA,NA,3.9,3.9,3.9,NA,32,NA,7,0,NA,NA,NA,NA,NA,NA,NA
238498,"Julian Edelman","NE","WR",34,11,NA,3.87,3.142,4.598,1.28693434175952,87,0.0597500000000002,15,1.456,NA,NA,NA,6.91697645649262,NA,NA,NA
2557034,"Marvin Hall","DET","WR",27,4,NA,3.8555,3.32,4.4412,0.709128514445725,88,0.189333333333333,16,1.1212,NA,NA,NA,4.91472153829643,NA,NA,NA
2540202,"Kenny Stills","HOU","WR",28,7,NA,3.765,2.979,4.579,1.00183581489184,89,0.198833333333333,16,1.6,NA,NA,NA,5.92903223612171,NA,NA,NA
2565054,"Joshua Kelley","LAC","RB",50,0,NA,3.71233333333333,3.4138,3.9546,0.359283082447996,58,0.101416666666666,20,0.5408,NA,NA,NA,4.25774914113444,NA,NA,NA
2495438,"Kyle Rudolph","MIN","TE",31,9,NA,3.70633333333333,3.284,4.0192,0.517020631438759,27,0.134666666666667,10,0.7352,NA,NA,NA,4.68635471668981,NA,NA,NA
2561046,"Will Dissly","SEA","TE",NA,2,NA,3.68966666666667,3.5398,3.8518,0.196800237127228,28,0.239833333333333,10,0.312,NA,NA,NA,3.02953275860883,NA,NA,NA
2558138,"Samaje Perine","CIN","RB",25,3,NA,3.637,3.3712,3.8552,0.319573152814813,59,0.170083333333333,20,0.484,NA,NA,NA,4.12277898439007,NA,NA,NA
2562407,"Justice Hill","BAL","RB",50,1,NA,3.58483333333333,3.196,4.0356,0.541611099713931,60,0.250333333333333,20,0.8396,NA,NA,NA,4.8774641921707,NA,NA,NA
2558914,"Kendrick Bourne","SF","WR",25,3,NA,3.56733333333333,3.3644,3.8124,0.294484860957797,90,0.012666666666667,16,0.448,NA,NA,NA,3.47786809160357,NA,NA,NA
2562465,"Olabisi Johnson","MIN","WR",50,1,NA,3.565,1.473,5.657,3.69816846560564,91,0.0579999999999994,16,4.184,NA,NA,NA,15.2725609022886,NA,NA,NA
2555478,"Demarcus Robinson","KC","WR",NA,4,NA,3.54433333333333,3.1064,4.04,0.596738077663336,92,0.17475,16,0.933599999999999,NA,NA,NA,4.52525799506438,NA,NA,NA
2560920,"James Washington","PIT","WR",24,2,NA,3.46966666666667,3.3372,3.642,0.209141897603836,93,0.236083333333333,16,0.3048,NA,NA,NA,3.18213142708547,NA,NA,NA
2557889,"Gerald Everett","LAR","TE",26,3,NA,3.45366666666667,2.9988,3.998,0.65385039063484,29,0.016,10,0.9992,NA,NA,NA,5.39431259064849,NA,NA,NA
2540928,"Darren Fells","HOU","TE",34,8,NA,3.446,3.38,3.5472,0.104740950285295,30,0.239666666666667,10,0.1672,NA,NA,NA,2.55321753760949,NA,NA,NA
2540232,"Jack Doyle","IND","TE",30,7,NA,3.42933333333333,2.9584,3.992,0.675841204228725,31,0.515333333333333,10,1.0336,NA,NA,NA,5.50809317266529,NA,NA,NA
2558918,"Matt Breida","MIA","RB",25,3,NA,3.349,2.98,3.6416,0.445357160041241,61,0.03125,20,0.6616,NA,NA,NA,4.55030649018298,NA,NA,NA
2560949,"Josh Adams","FA","RB",24,2,NA,3.32,3.28,3.36,0.0707106781186548,62,0.0339166666666673,21,0.0800000000000005,NA,NA,NA,3.27691983712365,NA,NA,NA
2562743,"Benny Snell","PIT","RB",50,1,NA,3.3155,2.9623,3.6303,0.425697369031099,63,0.0596666666666663,21,0.668,NA,NA,NA,4.48348478843956,NA,NA,NA
2564232,"Laviska Shenault","JAC","WR",50,0,NA,3.2695,2.9915,3.5475,0.49143921292465,94,0.120666666666666,16,0.556,NA,NA,NA,4.16036868478574,NA,NA,NA
2560809,"Sony Michel","NE","RB",25,2,NA,3.25666666666667,1.8084,4.3332,1.77139191974372,65,0.01925,21,2.5248,NA,NA,NA,9.05736860333201,NA,NA,NA
2562293,"Ty Johnson","DET","RB",NA,1,NA,3.255,3.147,3.363,0.190918830920368,66,0.0897500000000004,21,0.216,NA,NA,NA,3.68549556051252,NA,NA,NA
2562682,"Alexander Mattison","MIN","RB",NA,1,NA,3.21983333333333,2.8695,3.5127,0.420813596896932,67,0.127166666666667,21,0.6432,NA,NA,NA,4.46688532587336,NA,NA,NA
497278,"Dez Bryant","FA","WR",32,10,NA,3.19766666666667,1.014,4.8164,2.67278250767498,95,0.134,16,3.8024,NA,NA,NA,11.7193186533124,NA,NA,NA
2557531,"Troymaine Pope","FA","RB",27,4,NA,3.11066666666667,2.86,3.3592,0.312034186161282,68,0.043333333333333,21,0.4992,NA,NA,NA,4.09715477602916,NA,NA,NA
2563602,"Gabriel Davis","BUF","WR",50,0,NA,3.1,3.1,3.1,NA,96,0.0838333333333336,17,0,NA,NA,NA,NA,NA,NA,NA
2552033,"Jameis Winston","NO","QB",26,5,NA,3.08866666666667,0.2952,6.3832,3.95662802564675,40,1.51333333333333,10,6.088,NA,NA,NA,8.92601973550807,NA,NA,NA
2533457,"Alfred Morris","FA","RB",32,8,NA,3.07466666666667,2.9502,3.183,0.149633997919368,69,0.0613333333333332,22,0.2328,NA,NA,NA,3.54517246166084,NA,NA,NA
2555417,"C.J. Prosise","FA","RB",26,4,NA,3.06,2.6974,3.5238,0.561051691023207,70,0.333416666666666,22,0.8264,NA,NA,NA,4.94354085562628,NA,NA,NA
2553895,"Adam Humphries","TEN","WR",NA,NA,NA,3.02733333333333,2.5676,3.598,0.687329130281362,97,0.024833333333333,17,1.0304,NA,NA,NA,4.83918072147971,NA,NA,NA
2561067,"Cam Sims","FA","WR",50,2,NA,3.005,2.265,3.745,1.30814754519511,98,0.0124999999999997,17,1.48,NA,NA,NA,6.99048599707146,NA,NA,NA
2563707,"Darnell Mooney","CHI","WR",50,0,NA,3,3,3,NA,99,0.1225,17,0,NA,NA,NA,NA,NA,NA,NA
2560878,"Tre'Quan Smith","NO","WR",NA,2,NA,2.985,2.376,3.732,0.898623948045009,100,0.215,17,1.356,NA,NA,NA,5.57137494323662,NA,NA,NA
2558942,"Anthony Firkser","TEN","TE",50,2,NA,2.98333333333333,2.868,3.132,0.180092568789868,32,0.160666666666667,11,0.264,NA,NA,NA,2.94308719717234,NA,NA,NA
2552453,"Tevin Coleman","SF","RB",27,5,NA,2.96666666666667,2.0248,3.8952,1.16935637567567,71,0.484083333333333,22,1.8704,NA,NA,NA,7.01110882651667,NA,NA,NA
2558956,"Jacob Hollister","SEA","TE",27,3,NA,2.84466666666667,2.1688,3.3928,0.813452723477728,33,0.0493333333333332,11,1.224,NA,NA,NA,6.22009587713646,NA,NA,NA
2558832,"Mo Alie-Cox","IND","TE",27,4,NA,2.80066666666667,2.148,3.2856,0.798374181279263,34,0.0261666666666667,11,1.1376,NA,NA,NA,6.14207942267552,NA,NA,NA
2562720,"Drew Sample","CIN","TE",NA,1,NA,2.79,2.686,2.894,0.183847763108502,35,0.0655000000000001,12,0.208,NA,NA,NA,2.96251659178461,NA,NA,NA
2562865,"Scott Miller","TB","WR",50,1,NA,2.77,2.562,2.978,0.367695526217005,101,0.041666666666667,17,0.416,NA,NA,NA,3.73156303140911,NA,NA,NA
2563803,"Donovan Peoples-Jones","CLE","WR",50,0,NA,2.77,2.77,2.77,NA,101,0.092166666666667,17,0,NA,NA,NA,NA,NA,NA,NA
2550313,"Richard Rodgers","FA","TE",28,6,NA,2.759,1.8236,3.722,1.18800378787275,36,0.0700000000000003,12,1.8984,NA,NA,NA,8.1580250001284,NA,NA,NA
2562681,"Dawson Knox","BUF","TE",50,1,NA,2.69,2.69,2.69,4.44089209850063e-16,37,0.0265,12,4.44089209850063e-16,NA,NA,NA,2.01128732508806,NA,NA,NA
2557986,"David Njoku","CLE","TE",24,3,NA,2.688,1.35,3.7132,1.62486060940623,38,0.2035,12,2.3632,NA,NA,NA,10.4183244292459,NA,NA,NA
2560890,"Auden Tate","CIN","WR",23,2,NA,2.68666666666667,2.602,2.77,0.105039675043925,103,0.0475000000000003,17,0.168,NA,NA,NA,2.8213888086097,NA,NA,NA
2530700,"Dontrelle Inman","WAS","WR",31,7,NA,2.669,0.9016,4.288,2.14074823367906,104,0.0660000000000003,17,3.3864,NA,NA,NA,9.87567466185306,NA,NA,NA
2559385,"Dan Arnold","ARI","TE",50,3,NA,2.639,2.366,2.9156,0.343588416568428,39,0.332666666666667,12,0.5496,NA,NA,NA,3.78901554985263,NA,NA,NA
2562669,"Andy Isabella","ARI","WR",NA,1,NA,2.60933333333333,2.2296,2.9496,0.458040755100825,106,0.0855000000000001,18,0.72,NA,NA,NA,4.04463391148168,NA,NA,NA
2561653,"KhaDarel Hodge","CLE","WR",50,2,NA,2.59666666666667,1.067,3.695,1.88942010504105,107,0.151166666666667,18,2.628,NA,NA,NA,9.0047540898229,NA,NA,NA
2495469,"Dion Lewis","NYG","RB",30,9,NA,2.4865,2.138,2.8456,0.442845063199309,73,0.0196666666666667,23,0.7076,NA,NA,NA,4.54176811936125,NA,NA,NA
2565144,"DeeJay Dallas","SEA","RB",50,0,NA,2.47866666666667,2.0484,2.8084,0.522495295034638,74,0.148666666666667,23,0.76,NA,NA,NA,4.81249144662086,NA,NA,NA
2562665,"Travis Homer","SEA","RB",50,1,NA,2.455,2.075,2.835,0.67175144212722,75,0.295,23,0.76,NA,NA,NA,5.31979845406802,NA,NA,NA
2560988,"Antonio Callaway","FA","WR",23,2,NA,2.451,2.3638,2.5382,0.154149278298667,108,0.0502500000000001,18,0.1744,NA,NA,NA,2.99156698958202,NA,NA,NA
2560975,"Braxton Berrios","NYJ","WR",25,2,NA,2.44,2.272,2.608,0.29698484809835,109,0.0819166666666669,18,0.336000000000001,NA,NA,NA,3.48653122947961,NA,NA,NA
2562495,"Parris Campbell","IND","WR",50,1,NA,2.3615,1.9627,2.7603,0.704985460842988,111,0.060916666666667,18,0.7976,NA,NA,NA,4.90036472661283,NA,NA,NA
2561029,"Keke Coutee","HOU","WR",23,2,NA,2.35466666666667,1.7218,2.8458,0.766596591000334,112,0.13675,18,1.124,NA,NA,NA,5.11386411090716,NA,NA,NA
2563767,"Harrison Bryant","CLE","TE",50,0,NA,2.33,2.33,2.33,NA,40,0.0486666666666666,13,0,NA,NA,NA,NA,NA,NA,NA
2561060,"Ross Dwelley","SF","TE",50,2,NA,2.28266666666667,1.952,2.5664,0.397216985202463,41,0.043333333333333,13,0.6144,NA,NA,NA,4.06649003827288,NA,NA,NA
2560894,"Ian Thomas","CAR","TE",24,2,NA,2.28,2.086,2.478,0.245153013442625,42,0.0829999999999997,13,0.392,NA,NA,NA,3.279710270587,NA,NA,NA
2560936,"Cedrick Wilson","DAL","WR",NA,2,NA,2.2465,1.9916,2.472,0.30692303595527,113,0.0846666666666662,18,0.4804,NA,NA,NA,3.52096976328081,NA,NA,NA
2564640,"J.J. Taylor","NE","RB",50,0,NA,2.205,2.201,2.209,0.00707106781186564,76,0.0934999999999997,24,0.00800000000000045,NA,NA,NA,3.06061504238836,NA,NA,NA
2550656,"Cameron Brate","TB","TE",29,6,NA,2.19866666666667,1.5608,2.892,0.840621991940095,43,0.1035,13,1.3312,NA,NA,NA,6.36066981113035,NA,NA,NA
2560738,"Chris Herndon","NYJ","TE",NA,2,NA,2.19533333333333,2.0608,2.328,0.167048895037751,44,0.243833333333334,13,0.2672,NA,NA,NA,2.87559916246107,NA,NA,NA
2558129,"Isaiah McKenzie","BUF","WR",25,3,NA,2.18933333333333,1.9002,2.5938,0.500274258115819,114,0.0997499999999998,18,0.6936,NA,NA,NA,4.19098452811972,NA,NA,NA
2564418,"Bryan Edwards","LVR","WR",50,0,NA,2.13433333333333,1.3756,2.7956,0.9122424750763,115,0.0934166666666667,18,1.42,NA,NA,NA,5.61856685691765,NA,NA,NA
2560817,"Ryan Nall","CHI","RB",25,2,NA,2.115,1.399,2.831,1.26572113832392,77,0.0099166666666668,24,1.432,NA,NA,NA,7.33864320493069,NA,NA,NA
2556466,"Peyton Barber","WAS","RB",26,4,NA,2.108,1.803,2.3654,0.366296328127925,78,0.0222500000000001,24,0.5624,NA,NA,NA,4.2815864754599,NA,NA,NA
2557994,"DOnta Foreman","FA","RB",24,3,NA,2.10216666666667,1.4695,2.5679,0.775827031839787,79,0.0836666666666668,24,1.0984,NA,NA,NA,5.67354117752603,NA,NA,NA
2533034,"Lamar Miller","FA","RB",29,8,NA,2.06933333333333,1.818,2.3684,0.359188437081894,80,0.130083333333333,24,0.5504,NA,NA,NA,4.25742745081628,NA,NA,NA
2556519,"Alex Erickson","CIN","WR",28,4,NA,2.04483333333333,1.35,2.5512,0.854472985724729,116,0.0105,18,1.2012,NA,NA,NA,5.41837980668728,NA,NA,NA
2563551,"Devin Duvernay","BAL","WR",50,0,NA,2.037,1.5982,2.3822,0.530251826965264,117,0.019333333333333,18,0.784,NA,NA,NA,4.29486498731033,NA,NA,NA
2558262,"Mack Hollins","MIA","WR",27,3,NA,2.03166666666667,1.548,2.536,0.619118997716379,118,0.0731666666666666,18,0.988,NA,NA,NA,4.60281399248014,NA,NA,NA
2560761,"Richie James","SF","WR",25,2,NA,2.00366666666667,1.1582,2.8062,1.03418583114126,119,0.1195,18,1.648,NA,NA,NA,6.04113387317208,NA,NA,NA
2562317,"Foster Moreau","LVR","TE",50,1,NA,1.995,1.919,2.071,0.134350288425444,45,0.0966666666666667,13,0.152,NA,NA,NA,2.70641640459707,NA,NA,NA
2555234,"Tyler Ervin","GB","RB",27,4,NA,1.96766666666667,0.7604,3.31,1.62010997569095,81,0.134,24,2.5496,NA,NA,NA,8.54317611067311,NA,NA,NA
2557863,"Zay Jones","LVR","WR",25,3,NA,1.91333333333333,1.688,2.168,0.306648550189518,120,0.0718333333333334,18,0.48,NA,NA,NA,3.52001859517472,NA,NA,NA
2557977,"Jeremy McNichols","FA","RB",25,3,NA,1.91083333333333,1.7872,2.0268,0.150667127580416,82,0.160083333333333,25,0.2396,NA,NA,NA,3.54868396806685,NA,NA,NA
2563704,"Cole Kmet","CHI","TE",50,0,NA,1.908,1.3568,2.4288,0.673225073805187,48,0.0471666666666666,13,1.072,NA,NA,NA,5.49455730047252,NA,NA,NA
2560880,"Durham Smythe","MIA","TE",NA,2,NA,1.88866666666667,1.6568,2.132,0.298035792033999,49,0.0671666666666668,14,0.4752,NA,NA,NA,3.55332603751184,NA,NA,NA
2562932,"Tyron Johnson","FA","WR",50,1,NA,1.855,1.547,2.163,0.544472221513642,121,0.0676666666666668,18,0.616,NA,NA,NA,4.34414253623286,NA,NA,NA
2505629,"Jason Witten","LVR","TE",38,17,NA,1.833,1.6012,2.106,0.327867351226071,50,0.0334999999999999,14,0.5048,NA,NA,NA,3.70767467735872,NA,NA,NA
2556855,"Marcus Johnson","FA","WR",26,4,NA,1.828,0.8912,2.52,1.14770727975386,122,0.0996666666666666,18,1.6288,NA,NA,NA,6.43451668113378,NA,NA,NA
2560751,"Ryan Izzo","NE","TE",25,2,NA,1.81,1.29,2.33,0.919238815542512,51,0.0429999999999999,14,1.04,NA,NA,NA,6.76743365857082,NA,NA,NA
2552468,"Maxx Williams","ARI","TE",26,5,NA,1.789,1.2016,2.364,0.726995873440833,52,0.116833333333333,14,1.1624,NA,NA,NA,5.7727676928226,NA,NA,NA
2564043,"Darrynton Evans","TEN","RB",50,0,NA,1.7565,0.3607,3.0983,1.71498972300128,84,0.0466666666666666,26,2.7376,NA,NA,NA,8.86566306757873,NA,NA,NA
2564358,"Van Jefferson","LAR","WR",50,0,NA,1.74666666666667,1.682,1.834,0.106926766215636,124,0.0912500000000001,19,0.152,NA,NA,NA,2.82792809464841,NA,NA,NA
2562409,"Devine Ozigbo","JAC","RB",50,1,NA,1.745,1.413,2.077,0.586898628384834,85,0.100166666666667,26,0.664,NA,NA,NA,5.03139206108764,NA,NA,NA
2562744,"Jace Sternberger","GB","TE",NA,1,NA,1.745,1.709,1.781,0.0636396103067893,53,0.1635,14,0.0719999999999998,NA,NA,NA,2.34055899432917,NA,NA,NA
2565195,"Freddie Swain","SEA","WR",50,0,NA,1.71,1.71,1.71,NA,125,0.109583333333333,19,0,NA,NA,NA,NA,NA,NA,NA
2560935,"Darrel Williams","KC","RB",NA,2,NA,1.67466666666667,1.4704,1.8928,0.265701586998146,86,0.132166666666667,27,0.4224,NA,NA,NA,3.93967481499198,NA,NA,NA
2562600,"Trayveon Williams","CIN","RB",50,1,NA,1.615,1.547,1.683,0.120208152801713,88,0.17025,27,0.136,NA,NA,NA,3.44515689969554,NA,NA,NA
2562660,"Dwayne Haskins","WAS","QB",50,1,NA,1.60266666666667,0.0976,3.3616,2.1127473425219,41,0.437666666666667,10,3.264,NA,NA,NA,6.3002295530735,NA,NA,NA
2556661,"Kalif Raymond","TEN","WR",26,4,NA,1.60083333333333,1.2916,1.9192,0.392748116906158,126,0.00766666666666649,19,0.6276,NA,NA,NA,3.81837709687833,NA,NA,NA
2563926,"Quintez Cephus","DET","WR",50,0,NA,1.6,1.6,1.6,NA,127,0.0219166666666668,19,0,NA,NA,NA,NA,NA,NA,NA
2552586,"Tyler Kroft","BUF","TE",28,5,NA,1.59933333333333,0.7824,2.352,0.990818516850252,55,0.0630000000000002,14,1.5696,NA,NA,NA,7.13778739926407,NA,NA,NA
2558202,"Trent Taylor","SF","WR",26,3,NA,1.58633333333333,0.4912,2.748,1.41783649739077,128,0.0599166666666666,19,2.2568,NA,NA,NA,7.3705881587727,NA,NA,NA
2560801,"Ray-Ray McCloud","PIT","WR",NA,2,NA,1.56983333333333,1.0692,2.0984,0.646086745981787,129,0.108,19,1.0292,NA,NA,NA,4.69626460174124,NA,NA,NA
2541316,"Ryan Griffin","NYJ","TE",30,7,NA,1.56366666666667,1.3168,1.74,0.305418292401312,56,0.0616666666666665,15,0.4232,NA,NA,NA,3.59152313217348,NA,NA,NA
2564832,"Jalen Hurts","PHI","QB",50,0,NA,1.548,1.4296,1.6664,0.209303607231218,42,0.7815,10,0.2368,NA,NA,NA,3.58961822193651,NA,NA,NA
2553318,"James OShaughnessy","JAC","TE",NA,NA,NA,1.509,0.8376,2.048,0.80898887507802,57,0.0868333333333335,15,1.2104,NA,NA,NA,6.19699990268398,NA,NA,NA
2559018,"Pharaoh Brown","FA","TE",50,3,NA,1.495,1.259,1.731,0.417193000900063,58,0.168333333333333,15,0.472,NA,NA,NA,4.1698460456687,NA,NA,NA
2561521,"Cameron Batson","FA","WR",50,2,NA,1.483,1.2246,1.7414,0.45679098064651,130,0.0826666666666669,19,0.5168,NA,NA,NA,4.04030310184028,NA,NA,NA
2562406,"Bryce Love","WAS","RB",50,1,NA,1.47,1.446,1.494,0.0424264068711929,89,0.0772500000000003,27,0.048,NA,NA,NA,3.18078437279685,NA,NA,NA
2562631,"Miles Boykin","BAL","WR",50,1,NA,1.44066666666667,0.3476,2.53,1.36402394895886,131,0.103583333333333,19,2.1824,NA,NA,NA,7.18411298897497,NA,NA,NA
2540230,"Kyle Juszczyk","SF","RB",29,7,NA,1.4195,0.9592,1.8396,0.557090881275219,90,0.0561666666666667,27,0.8804,NA,NA,NA,4.93007845170215,NA,NA,NA
2559924,"Ito Smith","ATL","RB",25,2,NA,1.366,0.9864,1.724,0.463365946094445,92,0.0106666666666664,27,0.7376,NA,NA,NA,4.61151658798042,NA,NA,NA
2564994,"Anthony McFarland","PIT","RB",50,0,NA,1.36066666666667,0.5458,2.1866,1.02577986592316,93,0.0139166666666666,27,1.6408,NA,NA,NA,6.52310634942557,NA,NA,NA
2562844,"Jalen Guyton","LAC","WR",NA,1,NA,1.36,1.36,1.36,NA,132,0.050083333333333,20,0,NA,NA,NA,NA,NA,NA,NA
2562797,"Qadree Ollison","ATL","RB",50,1,NA,1.35,1.342,1.358,0.014142135623731,94,0.0417500000000002,28,0.016,NA,NA,NA,3.08464890847006,NA,NA,NA
2552633,"Jesse James","DET","TE",26,5,NA,1.34933333333333,0.8664,1.916,0.680588960631403,61,0.0746666666666667,15,1.0496,NA,NA,NA,5.53265808857731,NA,NA,NA
2565258,"Ke'Shawn Vaughn","TB","RB",50,0,NA,1.3435,0.3824,2.178,1.15523774609385,95,0.101666666666667,28,1.7956,NA,NA,NA,6.96312098908466,NA,NA,NA
2560883,"Equanimeous St. Brown","GB","WR",24,2,NA,1.31416666666667,1.0614,1.5722,0.319453569917967,133,0.0126666666666668,20,0.5108,NA,NA,NA,3.56439148398424,NA,NA,NA
2561261,"Brandon Powell","ATL","WR",50,2,NA,1.30566666666667,0.7888,1.9048,0.719882166283714,134,0.0110833333333331,20,1.116,NA,NA,NA,4.95198587739332,NA,NA,NA
2495288,"Virgil Green","LAC","TE",32,9,NA,1.304,0.1152,2.4928,2.10152135368642,64,0.0643333333333331,15,2.3776,NA,NA,NA,12.8845695582502,NA,NA,NA
2561002,"DaeSean Hamilton","DEN","WR",25,2,NA,1.29733333333333,1.0536,1.572,0.330849411867897,135,0.0130833333333333,20,0.5184,NA,NA,NA,3.60388118712087,NA,NA,NA
2565069,"Joe Reed","LAC","WR",50,0,NA,1.29183333333333,1.07,1.5904,0.365222648987345,136,0.0308333333333335,20,0.5204,NA,NA,NA,3.72299383677464,NA,NA,NA
2565225,"Tyler Johnson","TB","WR",50,0,NA,1.27666666666667,0.677,2.025,0.901891530802531,137,0.0696666666666665,20,1.348,NA,NA,NA,5.58269800945988,NA,NA,NA
2559150,"Corey Clement","PHI","RB",NA,3,NA,1.273,0.8274,1.7186,0.787716954241814,96,0.0727500000000001,28,0.8912,NA,NA,NA,5.71395385780787,NA,NA,NA
2558091,"Noah Brown","DAL","WR",NA,3,NA,1.24533333333333,1.1328,1.376,0.156988322283326,138,0.15975,20,0.2432,NA,NA,NA,3.00140505197693,NA,NA,NA
2558144,"Adam Shaheen","MIA","TE",26,3,NA,1.24533333333333,0.8888,1.628,0.465451751885556,66,0.0388333333333333,15,0.7392,NA,NA,NA,4.41953707010901,NA,NA,NA
2555289,"Nick Vannett","DEN","TE",NA,4,NA,1.234,0.884,1.6216,0.468132459887156,67,0.0766666666666667,15,0.7376,NA,NA,NA,4.43340706702099,NA,NA,NA
2560733,"Royce Freeman","DEN","RB",24,2,NA,1.21066666666667,0.5372,1.7388,0.81425385067148,97,0.0620000000000001,28,1.2016,NA,NA,NA,5.80415016648197,NA,NA,NA
2552471,"T.J. Yeldon","BUF","RB",27,5,NA,1.18983333333333,0.4164,1.7872,0.93772628380212,98,0.106333333333333,28,1.3708,NA,NA,NA,6.22382085860342,NA,NA,NA
2495888,"Marcedes Lewis","GB","TE",36,14,NA,1.179,0.5456,1.764,0.768676134662707,69,0.0546666666666666,15,1.2184,NA,NA,NA,5.98842157757727,NA,NA,NA
2558821,"Jamal Agnew","DET","WR",NA,3,NA,1.16866666666667,0.7428,1.6804,0.614782346309109,139,0.182083333333333,20,0.9376,NA,NA,NA,4.58778631155647,NA,NA,NA
2552478,"Blake Bell","DAL","TE",29,5,NA,1.13566666666667,0.8536,1.504,0.447354818162645,70,0.0331666666666668,16,0.6504,NA,NA,NA,4.32590344246165,NA,NA,NA
2541834,"Josh Hill","NO","TE",30,7,NA,1.113,0.7072,1.444,0.488146494405112,71,0.0274999999999999,16,0.7368,NA,NA,NA,4.53695978398779,NA,NA,NA
2555464,"DeAndre Washington","FA","RB",27,4,NA,1.1075,0.9707,1.2451,0.171508746132668,100,0.0887500000000001,29,0.2744,NA,NA,NA,3.61952258573222,NA,NA,NA
2552401,"MyCole Pruitt","TEN","TE",28,5,NA,1.092,0.5048,1.772,0.817087510613153,72,0.0405,16,1.2672,NA,NA,NA,6.23890228436692,NA,NA,NA
2564703,"Adam Trautman","NO","TE",50,0,NA,1.079,0.9982,1.1598,0.142835569799683,73,0.0765000000000002,16,0.1616,NA,NA,NA,2.75031929382922,NA,NA,NA
2556885,"Jalen Richard","LVR","RB",27,4,NA,1.0595,0.3188,1.612,0.905149573275047,101,0.106666666666667,29,1.2932,NA,NA,NA,6.11309581409513,NA,NA,NA
2558886,"Darrell Daniels","ARI","TE",26,4,NA,1.024,0.3056,1.624,0.862953069407601,75,0.093,16,1.3184,NA,NA,NA,6.4762109201697,NA,NA,NA
2556381,"Mike Thomas","CIN","WR",26,4,NA,1.0025,0.2605,1.7445,1.31168307910105,140,0.124666666666666,20,1.484,NA,NA,NA,7.00273758716794,NA,NA,NA
2495347,"Lee Smith","BUF","TE",33,9,NA,0.981,0.2224,1.852,1.04716904079523,76,0.105333333333333,16,1.6296,NA,NA,NA,7.42934529838581,NA,NA,NA
2561461,"Dontrell Hilliard","FA","RB",50,2,NA,0.978,0.3276,1.6492,0.827226692025832,103,0.0581666666666666,29,1.3216,NA,NA,NA,5.84824358208837,NA,NA,NA
2558071,"Isaiah Ford","MIA","WR",24,3,NA,0.970666666666667,0.2786,1.569,0.831640747759111,141,0.216666666666667,20,1.2904,NA,NA,NA,5.33925986950594,NA,NA,NA
2552374,"Ameer Abdullah","MIN","RB",27,5,NA,0.927666666666667,0.5932,1.1972,0.402827920250488,104,0.0181666666666666,29,0.604,NA,NA,NA,4.40575377468331,NA,NA,NA
2561099,"Mike Boone","MIN","RB",50,2,NA,0.912,0.2696,1.5304,0.789711339667856,105,0.0735000000000001,29,1.2608,NA,NA,NA,5.72073257829537,NA,NA,NA
2559362,"Dare Ogunbowale","FA","RB",NA,3,NA,0.907,0.5372,1.2932,0.473832248796977,106,0.16125,29,0.756,NA,NA,NA,4.64709052450823,NA,NA,NA
2560896,"Jordan Thomas","FA","TE",24,2,NA,0.881,0.3186,1.4146,0.687832101606199,78,0.0166666666666666,16,1.096,NA,NA,NA,5.57013413702925,NA,NA,NA
2495234,"Luke Stocker","ATL","TE",32,9,NA,0.870333333333333,0.3942,1.3862,0.625939560447599,79,0.0178333333333334,16,0.992,NA,NA,NA,5.24990181249705,NA,NA,NA
2557886,"Jeremy Sprinkle","WAS","TE",26,3,NA,0.858333333333333,0.324,1.384,0.662765670002101,80,0.045,16,1.06,NA,NA,NA,5.44044029169596,NA,NA,NA
2552622,"Chris Manhertz","CAR","TE",NA,NA,NA,0.846666666666667,0.448,1.168,0.480138868800822,81,0.0716666666666665,16,0.72,NA,NA,NA,4.49552828815255,NA,NA,NA
2562594,"Terry Godwin","FA","WR",50,1,NA,0.785,0.0610000000000002,1.509,1.27986327394765,142,0.0660000000000001,20,1.448,NA,NA,NA,6.89247327629966,NA,NA,NA
2560860,"Mason Rudolph","PIT","QB",25,2,NA,0.782,0.7484,0.8156,0.05939696961967,43,0.0541666666666667,10,0.0672,NA,NA,NA,3.37614270753657,NA,NA,NA
2562691,"Isaac Nauta","FA","TE",50,1,NA,0.78,0.236,1.324,0.961665222413705,82,0.0238333333333334,16,1.088,NA,NA,NA,6.98694810473156,NA,NA,NA
2541199,"Luke Willson","SEA","TE",30,7,NA,0.77,0.682,0.858,0.15556349186104,83,0.0480000000000002,16,0.176,NA,NA,NA,2.81617362767745,NA,NA,NA
2563986,"AJ Dillon","GB","RB",50,0,NA,0.77,0.202,1.338,1.0040916292849,108,0.0768333333333333,29,1.136,NA,NA,NA,6.44939015990784,NA,NA,NA
2555261,"Jacoby Brissett","IND","QB",28,4,NA,0.751,0.3824,1.2408,0.597234459822941,44,0.0528333333333334,10,0.8584,NA,NA,NA,4.1420536552708,NA,NA,NA
2541187,"Demetrius Harris","CHI","TE",29,7,NA,0.742333333333333,0.1496,1.408,0.802194697896548,84,0.0493333333333332,16,1.2584,NA,NA,NA,6.16184679519513,NA,NA,NA
2555317,"Tajae Sharpe","MIN","WR",26,4,NA,0.723,0.1814,1.2646,0.957422581726585,143,0.0155,20,1.0832,NA,NA,NA,5.77512825950114,NA,NA,NA
2558833,"Alexander Armah","CAR","RB",26,3,NA,0.7215,0.5408,0.8556,0.221110266609219,109,0.0586666666666666,30,0.3148,NA,NA,NA,3.78811328975314,NA,NA,NA
2561482,"Chad Beebe","MIN","WR",50,2,NA,0.715,0.366,1.122,0.488901830636785,144,0.0215000000000002,21,0.756,NA,NA,NA,4.15157596251632,NA,NA,NA
2505982,"Matt Schaub","ATL","QB",39,16,NA,0.704666666666667,0.1888,1.1248,0.620633010186643,45,0.0348333333333334,10,0.936,NA,NA,NA,4.17537451186988,NA,NA,NA
2559248,"Ricky Seals-Jones","KC","TE",25,3,NA,0.701666666666667,0.176,1.34,0.767305892935362,85,0.0393333333333333,16,1.164,NA,NA,NA,5.98133193987126,NA,NA,NA
2564829,"John Hightower","PHI","WR",50,0,NA,0.7,0.7,0.7,NA,145,0.0437500000000001,21,0,NA,NA,NA,NA,NA,NA,NA
81284,"Chase Daniel","DET","QB",34,11,NA,0.691666666666667,0.198,1.066,0.600881297207138,46,0.0865,10,0.868,NA,NA,NA,4.14724695757501,NA,NA,NA
2562677,"KeeSean Johnson","ARI","WR",50,1,NA,0.687,0.1566,1.2174,0.937623591853362,146,0.0694166666666667,21,1.0608,NA,NA,NA,5.70651935496088,NA,NA,NA
2561027,"Tyler Conklin","MIN","TE",NA,2,NA,0.684333333333333,0.2566,1.1926,0.610431268312276,86,0.0441666666666667,16,0.936,NA,NA,NA,5.16966182966466,NA,NA,NA
79607,"LeSean McCoy","TB","RB",32,11,NA,0.664833333333333,0.2125,1.0317,0.544411685522393,110,0.00600000000000001,30,0.8192,NA,NA,NA,4.88698310869954,NA,NA,NA
2561344,"Buddy Howell","HOU","RB",50,2,NA,0.660833333333333,0.1517,1.2301,0.686459090793715,111,0.0136666666666667,30,1.0784,NA,NA,NA,5.3697883096078,NA,NA,NA
2555430,"Alex Collins","FA","RB",26,4,NA,0.656833333333333,0.1479,1.1535,0.629060874107851,112,0.0351666666666668,30,1.0056,NA,NA,NA,5.17469739973964,NA,NA,NA
2563043,"David Blough","FA","QB",50,1,NA,0.648,0.4336,0.8624,0.37900923471599,47,0.138,10,0.4288,NA,NA,NA,3.83128861559681,NA,NA,NA
2534241,"Derek Carrier","LVR","TE",30,8,NA,0.640333333333333,0.1288,1.328,0.84093420273725,87,0.00416666666666676,16,1.1992,NA,NA,NA,6.36228519139177,NA,NA,NA
2540203,"Levine Toilolo","NYG","TE",29,7,NA,0.64,0.16,1.136,0.610982814815605,88,0.0538333333333334,16,0.976,NA,NA,NA,5.17251553409402,NA,NA,NA
2560862,"Jaylen Samuels","PIT","RB",24,2,NA,0.6375,0.4739,0.8011,0.289206673505298,113,0.0359999999999999,30,0.3272,NA,NA,NA,4.01956629904813,NA,NA,NA
2558929,"Cethan Carter","CIN","TE",27,3,NA,0.632333333333333,0.1936,1.012,0.527244092743895,89,0.154333333333333,17,0.8184,NA,NA,NA,4.73925095777514,NA,NA,NA
2560051,"Justin Watson","TB","WR",NA,2,NA,0.6255,0.1659,1.0851,0.812465691583343,147,0.0206666666666667,21,0.9192,NA,NA,NA,5.27281306554567,NA,NA,NA
2560939,"Javon Wims","CHI","WR",26,2,NA,0.609666666666667,0.1592,1.064,0.565561962417323,148,0.0196666666666666,21,0.9048,NA,NA,NA,4.41722424543644,NA,NA,NA
2561137,"Trenton Cannon","CAR","RB",NA,2,NA,0.605833333333333,0.1847,1.0791,0.570281582495291,114,0.01575,30,0.8944,NA,NA,NA,4.97491235162812,NA,NA,NA
2558911,"C.J. Board","NYG","WR",50,3,NA,0.6,0.6,0.6,NA,149,0.1195,21,0,NA,NA,NA,NA,NA,NA,NA
2556803,"C.J. Ham","MIN","RB",27,4,NA,0.597166666666667,0.4263,0.7943,0.236926324694689,115,0.0394166666666668,30,0.368,NA,NA,NA,3.84187052021396,NA,NA,NA
2555432,"Andy Janovich","CLE","RB",27,4,NA,0.583,0.583,0.583,NA,116,0.0658333333333333,30,0,NA,NA,NA,NA,NA,NA,NA
2564202,"Collin Johnson","JAC","WR",50,0,NA,0.58,0.58,0.58,NA,150,0.213833333333333,21,0,NA,NA,NA,NA,NA,NA,NA
2532888,"Case Keenum","CLE","QB",32,8,NA,0.562333333333333,0.146,0.8876,0.503692697319837,48,0.1065,10,0.7416,NA,NA,NA,4.00884490490198,NA,NA,NA
2561293,"Deon Yelder","KC","TE",NA,2,NA,0.54,0.268,0.812,0.480832611206852,92,0.132,17,0.544,NA,NA,NA,4.49911771490981,NA,NA,NA
2495340,"Anthony Sherman","KC","RB",32,9,NA,0.5325,0.2872,0.7836,0.310504025738798,117,0.0359166666666666,30,0.4964,NA,NA,NA,4.09195391080541,NA,NA,NA
2552429,"Ty Montgomery","NO","RB",27,5,NA,0.501833333333333,0.1839,0.7455,0.386076525229563,118,0.0324166666666666,30,0.5616,NA,NA,NA,4.34881742570092,NA,NA,NA
2552636,"Michael Burton","NO","RB",28,5,NA,0.491333333333333,0.4062,0.5686,0.102919062050396,119,0.055,31,0.1624,NA,NA,NA,3.38639297565365,NA,NA,NA
2495240,"Tyrod Taylor","LAC","QB",31,9,NA,0.457666666666667,0.095,0.8134,0.449250857910515,50,0.0291666666666666,10,0.7184,NA,NA,NA,3.9313166522645,NA,NA,NA
2562746,"Jarrett Stidham","NE","QB",50,1,NA,0.454,0.2828,0.6252,0.302641702347842,51,0.070166666666667,10,0.3424,NA,NA,NA,3.72253693844967,NA,NA,NA
2558990,"Patrick Ricard","BAL","RB",26,3,NA,0.4475,0.3673,0.5129,0.0964766811203619,120,0.0849166666666666,31,0.1456,NA,NA,NA,3.36449595463231,NA,NA,NA
2550400,"Keith Smith","ATL","RB",28,6,NA,0.425166666666667,0.3286,0.5026,0.116372605596564,121,0.129916666666667,31,0.174,NA,NA,NA,3.43212025087089,NA,NA,NA
2556463,"Stephen Anderson","LAC","TE",27,4,NA,0.416,0.0768000000000001,0.7552,0.599626550446192,94,0.016,17,0.6784,NA,NA,NA,5.11375816415989,NA,NA,NA
252,"Chad Henne","KC","QB",35,12,NA,0.403,0.067,0.7662,0.440950110556739,52,0.0453333333333333,10,0.6992,NA,NA,NA,3.91949591944383,NA,NA,NA
2562394,"Donald Parham","LAC","TE",NA,1,NA,0.4,0.4,0.4,NA,95,0.0101666666666667,17,0,NA,NA,NA,NA,NA,NA,NA
2565180,"Colby Parkinson","SEA","TE",50,0,NA,0.4,0.4,0.4,NA,95,0.159666666666667,17,0,NA,NA,NA,NA,NA,NA,NA
2561272,"Trent Sherfield","ARI","WR",50,2,NA,0.381,0.1024,0.7,0.383605265865838,153,0.0318333333333334,21,0.5976,NA,NA,NA,3.78669462225372,NA,NA,NA
2553454,"Geoff Swaim","TEN","TE",NA,NA,NA,0.379666666666667,0.0338,0.8098,0.518179827215739,97,0.292166666666667,17,0.776,NA,NA,NA,4.69235240156914,NA,NA,NA
2549982,"Garrett Gilbert","FA","QB",29,6,NA,0.364666666666667,0.00079999999999994,0.6328,0.446077721180215,54,0.0306666666666666,10,0.632,NA,NA,NA,3.92679792643251,NA,NA,NA
2562713,"Riley Ridley","CHI","WR",50,1,NA,0.351333333333333,0.1032,0.62,0.326044986671063,154,0.0393333333333333,21,0.5168,NA,NA,NA,3.5872325423258,NA,NA,NA
2539308,"Matt Barkley","BUF","QB",30,7,NA,0.350666666666667,-0.0260000000000001,0.6796,0.452947384729544,55,0.0456666666666667,10,0.7056,NA,NA,NA,3.93658071512895,NA,NA,NA
2559485,"River Cracraft","FA","WR",NA,3,NA,0.347,0.1126,0.5814,0.414364573775317,155,0.08125,21,0.4688,NA,NA,NA,3.89328402068258,NA,NA,NA
497123,"Colt McCoy","NYG","QB",34,10,NA,0.317333333333333,0.008,0.7376,0.515384646000765,56,0.0605000000000001,10,0.7296,NA,NA,NA,4.02549489985061,NA,NA,NA
2495262,"Nick Bellore","SEA","RB",31,9,NA,0.3,0.124,0.476,0.311126983722081,122,0.042,31,0.352,NA,NA,NA,4.0940712839014,NA,NA,NA
2495441,"Blaine Gabbert","TB","QB",31,9,NA,0.292666666666667,0.002,0.6964,0.498278369321139,57,0.104666666666667,10,0.6944,NA,NA,NA,4.00113459618538,NA,NA,NA
2556762,"Elijhaa Penny","NYG","RB",27,4,NA,0.2905,0.1103,0.4623,0.220750424688153,123,0.07775,32,0.352,NA,NA,NA,3.78689022235065,NA,NA,NA
4487,"Matthew Slater","NE","WR",35,12,NA,0.277,0.0746,0.4794,0.357796031280393,156,0.03675,21,0.4048,NA,NA,NA,3.69725857913898,NA,NA,NA
2533040,"Mohamed Sanu","FA","WR",31,8,NA,0.2545,0.0509,0.4581,0.359917351623953,157,0.029,22,0.4072,NA,NA,NA,3.70460953319687,NA,NA,NA
2561671,"Malik Turner","DAL","WR",50,2,NA,0.226,0.0868,0.3652,0.246073159852919,158,0.00266666666666665,22,0.2784,NA,NA,NA,3.31010833209037,NA,NA,NA
2495467,"Taiwan Jones","BUF","RB",32,9,NA,0.2255,0.0939,0.3571,0.232638131010374,124,0.041,32,0.2632,NA,NA,NA,3.82729537039454,NA,NA,NA
2555419,"Pharoh Cooper","CAR","WR",25,4,NA,0.225,0.09,0.374,0.180069431053691,159,0.00549999999999998,22,0.284,NA,NA,NA,3.08138739443225,NA,NA,NA
2557870,"Taywan Taylor","FA","WR",NA,3,NA,0.221666666666667,0.061,0.429,0.251213720432092,160,0.01,22,0.368,NA,NA,NA,3.32792177774181,NA,NA,NA
2552588,"Brett Hundley","ARI","QB",27,5,NA,0.221,0.003,0.4734,0.303286992797251,60,0.0795,11,0.4704,NA,NA,NA,3.72345586847719,NA,NA,NA
497320,"Andre Roberts","BUF","WR",32,10,NA,0.217333333333333,0.0686,0.391,0.208605688640874,161,0.0143333333333333,22,0.3224,NA,NA,NA,3.18027331665715,NA,NA,NA
2553432,"Kevin White","FA","WR",27,5,NA,0.206,0.0828,0.3292,0.217788888605457,162,0.00600000000000001,22,0.2464,NA,NA,NA,3.21209561131857,NA,NA,NA
2560987,"Deon Cain","FA","WR",24,2,NA,0.2,0.2,0.2,NA,163,0,22,0,NA,NA,NA,NA,NA,NA,NA
2563327,"D'Ernest Johnson","CLE","RB",NA,1,NA,0.2,0.2,0.2,NA,125,0.0655,32,0,NA,NA,NA,NA,NA,NA,NA
2564130,"Dezmon Patmon","IND","WR",50,0,NA,0.2,0.2,0.2,NA,163,0.00483333333333333,22,0,NA,NA,NA,NA,NA,NA,NA
2564760,"Austin Mack","FA","WR",NA,0,NA,0.2,0.2,0.2,NA,163,0.0418333333333333,22,0,NA,NA,NA,NA,NA,NA,NA
2560243,"Brandon Zylstra","CAR","WR",27,3,NA,0.190333333333333,0.0142,0.4142,0.270518637682015,168,0.0648333333333334,22,0.4,NA,NA,NA,3.39481858577285,NA,NA,NA
2562832,"Darwin Thompson","KC","RB",NA,1,NA,0.169,0.0802,0.2578,0.156977705423414,126,0.07375,32,0.1776,NA,NA,NA,3.57013300332037,NA,NA,NA
2560942,"Logan Woodside","TEN","QB",25,2,NA,0.155,0.055,0.255,0.176776695296637,64,0.027,11,0.2,NA,NA,NA,3.54329806315162,NA,NA,NA
2552576,"Sean Mannion","MIN","QB",28,5,NA,0.128,-0.003,0.2922,0.198007575612652,65,0.00100000000000006,11,0.2952,NA,NA,NA,3.57353203523475,NA,NA,NA
2562718,"Brett Rypien","FA","QB",NA,1,NA,0.128,-0.1504,0.4064,0.492146319705837,66,0.0263333333333332,11,0.5568,NA,NA,NA,3.99240221137034,NA,NA,NA
2565273,"Antonio Gandy-Golden","WAS","WR",50,0,NA,0.126,0.126,0.126,NA,169,0.0135,22,0,NA,NA,NA,NA,NA,NA,NA
2561187,"Tim Boyle","GB","QB",50,2,NA,0.126,0.0412,0.2108,0.149906637611548,67,0.0523333333333333,11,0.1696,NA,NA,NA,3.5050335841554,NA,NA,NA
2562804,"Penny Hart","FA","WR",50,1,NA,0.125,0.113,0.137,0.0212132034355964,170,0.07,22,0.024,NA,NA,NA,2.53090720195456,NA,NA,NA
2553900,"Daniel Brown","NYJ","TE",NA,NA,NA,0.101,0.0538,0.1482,0.0834386001800126,100,0.0595,18,0.0944,NA,NA,NA,2.44299906920418,NA,NA,NA
2559076,"Marcus Kemp","KC","WR",25,3,NA,0.1,0.1,0.1,NA,171,0.1,22,0,NA,NA,NA,NA,NA,NA,NA
2563680,"Rodney Smith","FA","RB",50,0,NA,0.1,0.1,0.1,NA,127,0.01125,33,0,NA,NA,NA,NA,NA,NA,NA
2556118,"Dwayne Washington","NO","RB",NA,4,NA,0.0905,0.0629,0.1181,0.0487903679018718,128,0.0145,33,0.0552,NA,NA,NA,3.20241485227038,NA,NA,NA
2560835,"Rashaad Penny","SEA","RB",24,2,NA,0.087,0.087,0.087,NA,129,0.026,33,0,NA,NA,NA,NA,NA,NA,NA
2533033,"Robert Griffin","BAL","QB",30,8,NA,0.0773333333333334,-0.176,0.3616,0.342609593171781,69,0.0715333333333334,11,0.5376,NA,NA,NA,3.77945347122676,NA,NA,NA
2558875,"Johnny Mundt","LAR","TE",50,3,NA,0.074,0.0532,0.0948,0.0367695526217005,101,0.1245,18,0.0416,NA,NA,NA,2.20153317842737,NA,NA,NA
2558167,"Joshua Dobbs","PIT","QB",25,3,NA,0.07,0.014,0.126,0.0989949493661167,70,0.1292,11,0.112,NA,NA,NA,3.43253246605731,NA,NA,NA
2562784,"Dexter Williams","FA","RB",NA,1,NA,0.065,0.065,0.065,NA,130,0.00858333333333333,33,0,NA,NA,NA,NA,NA,NA,NA
2550633,"Senorise Perry","TEN","RB",29,6,NA,0.057,0.057,0.057,NA,131,0.0240833333333333,33,0,NA,NA,NA,NA,NA,NA,NA
2555220,"Derek Watt","PIT","RB",28,4,NA,0.0558333333333333,0.0224,0.0852,0.0402254065651714,132,0.0508333333333333,33,0.0628,NA,NA,NA,3.1733033885936,NA,NA,NA
2563938,"Jason Huntley","PHI","RB",50,0,NA,0.01,0.01,0.01,NA,133,0.01,33,0,NA,NA,NA,NA,NA,NA,NA
2563881,"Tyrie Cleveland","DEN","WR",50,0,NA,0.01,0.01,0.01,NA,180,0.165,22,0,NA,NA,NA,NA,NA,NA,NA
2564178,"Tyler Davis","JAC","TE",50,0,NA,0.009,0.009,0.009,NA,102,0.119,18,0,NA,NA,NA,NA,NA,NA,NA
2539289,"Kenjon Barner","FA","RB",31,7,NA,0,0,0,NA,134,NA,0,0,NA,NA,NA,NA,NA,NA,NA
2565048,"K.J. Hill","LAC","WR",50,0,NA,-0.01,-0.01,-0.01,NA,184,0.29,0,0,NA,NA,NA,NA,NA,NA,NA
2562404,"Will Grier","CAR","QB",50,1,NA,-0.0584,-0.0584,-0.0584,NA,78,0.0016,12,0,NA,NA,NA,NA,NA,NA,NA
2539275,"Mike Glennon","FA","QB",31,7,NA,-0.06,-0.06,-0.06,0,79,NA,12,0,NA,NA,NA,3.29155806975547,NA,NA,NA
2554630,"Ross Travis","FA","TE",27,5,NA,-0.11,-0.11,-0.11,NA,106,NA,0,0,NA,NA,NA,NA,NA,NA,NA
2563128,"Darrius Shepherd","FA","WR",50,1,NA,-0.3,-0.3,-0.3,NA,185,NA,0,0,NA,NA,NA,NA,NA,NA,NA
