"playerId","player","team","position","age","exp","bye","points","lower","upper","sdPts","positionRank","dropoff","tier","ptSpread","overallECR","positionECR","sdRank","risk","sleeper","actualPoints","salary"
2562382,"Kyler Murray","ARI","QB",50,1,NA,22.9803333333333,20.782,25.275,2.45618660746016,1,1.61666666666667,1,4.493,NA,NA,NA,7.36630784797397,NA,NA,NA
2532975,"Russell Wilson","SEA","QB",32,8,NA,21.4962666666667,19.067,24.673,2.89235236212096,2,0.362966666666669,1,5.606,NA,NA,NA,8.23981085385737,NA,NA,NA
2560955,"Josh Allen","BUF","QB",24,2,NA,21.2310666666667,19.2577,22.5755,1.57062276395915,3,0.279500000000002,1,3.3178,NA,NA,NA,5.59280162715344,NA,NA,NA
2506363,"Aaron Rodgers","GB","QB",37,15,NA,21.0355333333333,19.2847,22.672,1.79002984854071,4,0.952150000000003,1,3.3873,NA,NA,NA,6.03220510128257,NA,NA,NA
2558063,"Deshaun Watson","HOU","QB",25,3,NA,20.8676,20.1568,21.747,0.80777957389377,5,1.75643666666667,2,1.5902,NA,NA,NA,4.06506632831503,NA,NA,NA
2565045,"Justin Herbert","LAC","QB",50,0,NA,19.2991666666667,17.3458666666667,21.6454,2.38172152957571,6,0.683953333333328,2,4.29953333333334,NA,NA,NA,7.21717768662969,NA,NA,NA
2560757,"Lamar Jackson","BAL","QB",23,2,NA,18.92316,17.5644,20.0292,1.25815417497221,7,0.920893333333336,3,2.4648,NA,NA,NA,4.96702519054048,NA,NA,NA
2555334,"Jared Goff","LAR","QB",26,4,NA,18.3072666666667,17.6881,19.378,0.969856110289907,8,0.634573333333332,3,1.6899,NA,NA,NA,4.38965472209046,NA,NA,NA
2557991,"Dalvin Cook","MIN","RB",25,3,NA,18.0103333333333,17.01,19.2385,1.04119290559755,1,1.66775,1,2.2285,NA,NA,NA,5.20648187650292,NA,NA,NA
2504211,"Tom Brady","TB","QB",43,20,NA,17.6972666666667,15.8668,18.952,1.7446211997642,9,0.170506666666665,3,3.0852,NA,NA,NA,5.94126584074794,NA,NA,NA
2506109,"Ben Roethlisberger","PIT","QB",38,16,NA,17.64812,16.62596,18.6348,1.05113294687209,10,0.463110000000004,4,2.00884,NA,NA,NA,4.55242669651666,NA,NA,NA
2504775,"Drew Brees","NO","QB",41,19,NA,17.4054,15.4729,18.544,2.19836920648011,11,0.908070000000002,4,3.0711,NA,NA,NA,6.8499805748705,NA,NA,NA
2543499,"Derek Carr","LVR","QB",29,6,NA,16.96462,16.3493,17.766,0.824050254535487,12,1.022475,4,1.4167,NA,NA,NA,4.09765139098085,NA,NA,NA
2558116,"Aaron Jones","GB","RB",26,3,NA,16.8454,16.545,17.32245,0.398949244892129,2,1.24621666666667,2,0.777449999999998,NA,NA,NA,3.63749282236455,NA,NA,NA
2532956,"Ryan Tannehill","TEN","QB",32,8,NA,16.03004,15.2888,16.796,0.773760045492141,13,0.232914999999998,5,1.5072,NA,NA,NA,3.99693589854145,NA,NA,NA
2560800,"Baker Mayfield","CLE","QB",25,2,NA,15.85425,15.2921,16.385,0.607562548220345,14,0.116679999999999,5,1.0929,NA,NA,NA,3.66409451453569,NA,NA,NA
2558019,"Alvin Kamara","NO","RB",24,3,NA,15.8397666666667,14.98,16.992,1.04161387599564,3,0.632966666666668,3,2.012,NA,NA,NA,5.20751029918287,NA,NA,NA
2562796,"Gardner Minshew","JAC","QB",50,1,NA,15.74,15.1,16.38,1.13137084989848,15,0.122163333333333,5,1.28,NA,NA,NA,4.7131180133621,NA,NA,NA
2555259,"Carson Wentz","PHI","QB",28,4,NA,15.73514,13.7071,17.4816,1.8753417283258,16,0.375153333333333,5,3.7745,NA,NA,NA,6.20305799982753,NA,NA,NA
2543465,"Teddy Bridgewater","CAR","QB",28,6,NA,15.5005333333333,13.3038,17.118,1.81185457547416,17,0.390929999999999,5,3.8142,NA,NA,NA,6.07591317413159,NA,NA,NA
2556075,"Derrick Henry","TEN","RB",26,4,NA,15.3586,14.49,16.3365,0.884901712056204,4,0.860666666666665,3,1.8465,NA,NA,NA,4.82466546175583,NA,NA,NA
2562305,"Drew Lock","DEN","QB",50,1,NA,15.21944,13.5476,16.36608,1.6560242655227,18,0.34859,5,2.81848,NA,NA,NA,5.76383400997024,NA,NA,NA
2543495,"Davante Adams","GB","WR",28,6,NA,15.1435,13.47175,17.03375,1.83966708944852,1,2.03236666666667,1,3.562,NA,NA,NA,6.24180363824413,NA,NA,NA
2564223,"James Robinson","JAC","RB",50,0,NA,15.055,14.523,15.587,0.940452018978108,5,1.17815,3,1.064,NA,NA,NA,4.96037380556223,NA,NA,NA
2564499,"Tua Tagovailoa","MIA","QB",50,0,NA,14.9997666666667,13.5497666666667,15.98238,1.5051341158404,19,0.323516666666668,5,2.43261333333333,NA,NA,NA,5.46164843511191,NA,NA,NA
2563722,"Joe Burrow","CIN","QB",50,0,NA,14.7419333333333,13.1774533333333,16.0122,1.60625744996111,20,0.208820000000001,6,2.83474666666667,NA,NA,NA,5.66416671027564,NA,NA,NA
2495455,"Cam Newton","NE","QB",31,9,NA,14.6105666666667,14.0654666666667,15.05868,0.550959603278175,21,0.157186666666668,6,0.993213333333332,NA,NA,NA,3.55073659493632,NA,NA,NA
2506121,"Philip Rivers","IND","QB",39,16,NA,14.45566,12.92042,15.5536,1.51425076456973,22,0.110976666666668,6,2.63318,NA,NA,NA,5.47990621895568,NA,NA,NA
2532842,"Nick Foles","CHI","QB",31,8,NA,14.4511,13.67952,15.3978,0.959316722117014,23,0.546916666666666,6,1.71828,NA,NA,NA,4.36854763802708,NA,NA,NA
2506340,"Alex Smith","WAS","QB",36,15,NA,14.2382666666667,12.9808,15.40864,1.52907116032359,24,0.971133333333333,6,2.42784,NA,NA,NA,5.50958681652907,NA,NA,NA
2562377,"Josh Jacobs","LVR","RB",50,1,NA,13.9408666666667,13.485,14.31,0.471925107052663,6,0.484975000000002,4,0.825000000000003,NA,NA,NA,3.81577146636148,NA,NA,NA
2557978,"James Conner","PIT","RB",25,3,NA,13.8128333333333,13.397,14.5365,0.71465471849465,7,1.13845833333333,4,1.1395,NA,NA,NA,4.40875529285723,NA,NA,NA
2532820,"Kirk Cousins","MIN","QB",32,8,NA,13.5701,12.52172,14.6872,1.16841478365633,25,0.666496666666665,6,2.16548,NA,NA,NA,4.78730537709128,NA,NA,NA
2562685,"DK Metcalf","SEA","WR",50,1,NA,13.2562666666667,11.5532,15.89,2.39988071925808,2,0.597849999999999,1,4.3368,NA,NA,NA,7.44394766700449,NA,NA,NA
2562722,"Miles Sanders","PHI","RB",50,1,NA,13.09895,12.422,13.89,0.737804098321499,8,0.89045,5,1.468,NA,NA,NA,4.46530878770765,NA,NA,NA
2540165,"DeAndre Hopkins","ARI","WR",28,7,NA,12.966,11.0225,15.3225,2.14196498570822,3,0.73795,2,4.3,NA,NA,NA,6.89049476526821,NA,NA,NA
2562299,"Daniel Jones","NYG","QB",50,1,NA,12.9641666666667,11.8161666666667,14.1087,1.2938649680533,26,0.543663333333333,7,2.29253333333333,NA,NA,NA,5.03854269223675,NA,NA,NA
79860,"Matthew Stafford","DET","QB",32,11,NA,12.84304,10.24552,15.328,2.64038576878455,27,1.16989,7,5.08248,NA,NA,NA,7.73520091071152,NA,NA,NA
2552608,"Stefon Diggs","BUF","WR",27,5,NA,12.3508333333333,11.2075,14.14,1.88854551617552,4,0.268533333333332,2,2.9325,NA,NA,NA,6.34669024881274,NA,NA,NA
2560711,"Chase Edmonds","ARI","RB",24,2,NA,12.2498,10.7844,14.4232,2.20513518859956,9,0.172274999999999,5,3.6388,NA,NA,NA,8.04997074749173,NA,NA,NA
2553439,"Mike Davis","CAR","RB",27,5,NA,12.1672,8.986,14.884,3.24675980017001,10,0.365191666666668,5,5.898,NA,NA,NA,10.5946398724156,NA,NA,NA
100027,"Steelers","PIT","DST",NA,NA,NA,12.122,11.362,13.328,1.14765848578747,1,0.801333333333334,1,1.966,NA,NA,NA,5.58415093330972,NA,NA,NA
2562238,"A.J. Brown","TEN","WR",NA,1,NA,12.1052666666667,10.7926666666667,13.892,1.6053036472892,5,0.130516666666667,2,3.09933333333333,NA,NA,NA,5.7388908250601,NA,NA,NA
2540154,"Keenan Allen","LAC","WR",28,7,NA,12.0593333333333,10.73925,14.16375,1.96899267816482,6,0.300374999999999,2,3.4245,NA,NA,NA,6.51931917154893,NA,NA,NA
2558979,"Nick Mullens","SF","QB",50,3,NA,11.9979666666667,10.9369666666667,13.32694,1.34151369065777,28,3.6368,7,2.38997333333333,NA,NA,NA,5.13396811703627,NA,NA,NA
2561021,"Nick Chubb","CLE","RB",25,2,NA,11.98785,8.8322,14.8689,3.32204289368756,11,0.480766666666666,5,6.0367,NA,NA,NA,10.7785550387576,NA,NA,NA
100002,"Ravens","BAL","DST",NA,NA,NA,11.9153333333333,10.806,13.52,1.50945464765701,2,1.53191666666667,1,2.714,NA,NA,NA,6.60477388550933,NA,NA,NA
2552430,"Tyler Lockett","SEA","WR",28,5,NA,11.8901666666667,10.6975,14.0275,1.71157067241369,7,0.279791666666666,2,3.33,NA,NA,NA,5.96692574408014,NA,NA,NA
2562489,"Terry McLaurin","WAS","WR",50,1,NA,11.62775,10.274875,13.329875,1.80213311106588,8,0.0831250000000008,2,3.055,NA,NA,NA,6.16126070678484,NA,NA,NA
2565276,"Antonio Gibson","WAS","RB",50,0,NA,11.6161666666667,10.7485,12.9269,1.37484782996358,12,0.287133333333333,6,2.1784,NA,NA,NA,6.02159451399422,NA,NA,NA
2555346,"Will Fuller","HOU","WR",26,4,NA,11.593,9.91475,14.23925,2.20588061780324,9,0.243708333333334,2,4.3245,NA,NA,NA,7.02764922095969,NA,NA,NA
2540169,"Robert Woods","LAR","WR",28,7,NA,11.49625,10.335875,13.277875,1.92876256962852,10,0.355683333333332,2,2.942,NA,NA,NA,6.43299070294359,NA,NA,NA
2563965,"D'Andre Swift","DET","RB",50,0,NA,11.398,10.5605,12.4171,1.03657738093529,13,0.757216666666668,6,1.8566,NA,NA,NA,5.19520623749352,NA,NA,NA
2564205,"Jake Luton","JAC","QB",50,0,NA,11.3483333333333,9.506,13.094,2.25224517611501,29,6.65841666666667,7,3.588,NA,NA,NA,6.95787721947885,NA,NA,NA
2557917,"Kareem Hunt","CLE","RB",25,3,NA,11.2600666666667,8.5125,13.3077,2.91283495355756,14,1.2975,6,4.7952,NA,NA,NA,9.77886782000748,NA,NA,NA
2556370,"Michael Thomas","NO","WR",26,4,NA,11.2023333333333,9.314,12.864,1.84215589278794,11,0.156933333333333,2,3.55,NA,NA,NA,6.24714427958886,NA,NA,NA
2557898,"Cooper Kupp","LAR","WR",27,3,NA,11.0788,8.7122,13.7642,2.75924313897851,12,0.379366666666668,2,5.052,NA,NA,NA,8.21509168071701,NA,NA,NA
2543509,"Allen Robinson","CHI","WR",27,6,NA,11.012,10.021,12.5425,1.69620812402252,13,0.666941666666666,3,2.5215,NA,NA,NA,5.93395975604934,NA,NA,NA
100011,"Packers","GB","DST",NA,NA,NA,10.726,9.992,11.22,0.723311827637292,3,1.71358333333333,2,1.228,NA,NA,NA,4.38707372619035,NA,NA,NA
2541785,"Adam Thielen","MIN","WR",30,6,NA,10.3868666666667,8.55246666666667,12.8356,2.37747622490741,14,0.128241666666666,3,4.28313333333333,NA,NA,NA,7.39587059842228,NA,NA,NA
2555466,"Tyler Boyd","CIN","WR",26,4,NA,10.30325,8.6157,12.586,2.37276022457671,15,0.110416666666667,3,3.9703,NA,NA,NA,7.38575068820319,NA,NA,NA
2563896,"Jerry Jeudy","DEN","WR",50,0,NA,10.214,7.9993,12.6775,2.71941795243026,16,0.0651666666666664,3,4.6782,NA,NA,NA,8.12963212090672,NA,NA,NA
2562736,"Darius Slayton","NYG","WR",NA,1,NA,10.1716666666667,8.678,12.154,2.41642470053038,17,0.0624166666666657,3,3.476,NA,NA,NA,7.47944885305236,NA,NA,NA
2543468,"Mike Evans","TB","WR",27,6,NA,10.126,7.7068,12.93,2.94072508065613,18,0.0430833333333354,3,5.2232,NA,NA,NA,8.60452781883766,NA,NA,NA
2552409,"DeVante Parker","MIA","WR",27,5,NA,10.0925,9.039,11.62,1.577622155862,19,0.043208333333336,3,2.581,NA,NA,NA,5.67949002176709,NA,NA,NA
2562653,"Travis Fulgham","FA","WR",NA,1,NA,10.0733333333333,7.72,12.6,3.07300070506554,20,0.0723333333333311,3,4.88,NA,NA,NA,8.88837373684644,NA,NA,NA
100010,"Lions","DET","DST",NA,NA,NA,10.0408333333333,6.10233333333333,10.188,2.21180733036733,4,2.5105,3,4.08566666666667,NA,NA,NA,8.58610299859053,NA,NA,NA
2561018,"D.J. Chark","JAC","WR",24,2,NA,10.02525,8.0092,12.7955,2.94482827739298,21,0.0601249999999993,3,4.7863,NA,NA,NA,8.61333273395141,NA,NA,NA
2552461,"Duke Johnson","HOU","RB",27,5,NA,10.0215,7.2714,13.3512,3.57669917661522,15,0.258975,6,6.0798,NA,NA,NA,11.4006754969684,NA,NA,NA
2543488,"Jarvis Landry","CLE","WR",28,6,NA,9.97675,8.029,12.6885,2.81982459560874,22,0.0392500000000009,3,4.6595,NA,NA,NA,8.345091438785,NA,NA,NA
2564556,"Justin Jefferson","MIN","WR",50,0,NA,9.9535,8.2193,12.2825,2.34407743046172,23,0.0631500000000003,3,4.0632,NA,NA,NA,7.32420122235883,NA,NA,NA
2556462,"Robby Anderson","CAR","WR",27,4,NA,9.9215,8.09475,12.191,2.44617280665124,24,0.0660666666666661,3,4.09625,NA,NA,NA,7.54328433694139,NA,NA,NA
2557976,"Joe Mixon","CIN","RB",24,3,NA,9.90363333333333,8.6925,11.2034,1.24664166730728,16,0.686300000000001,7,2.5109,NA,NA,NA,5.70838929580666,NA,NA,NA
2543498,"Brandin Cooks","HOU","WR",27,6,NA,9.8592,8.4916,11.815,1.96189212241652,25,0.051991666666666,3,3.3234,NA,NA,NA,6.50408232217666,NA,NA,NA
2558846,"Mike Williams","LAC","WR",26,3,NA,9.85166666666667,8.313,11.833,2.39969442499109,26,0.218416666666666,3,3.52,NA,NA,NA,7.44354790425555,NA,NA,NA
2563731,"Tee Higgins","CIN","WR",50,0,NA,9.76275,8.1779,12.1006,2.46789132324204,27,0.289750000000002,3,3.9227,NA,NA,NA,7.58988938837871,NA,NA,NA
2563617,"Zack Moss","BUF","RB",50,0,NA,9.62141666666667,6.6839,12.6306,3.20178107118175,17,0.840216666666667,7,5.9467,NA,NA,NA,10.4847576925368,NA,NA,NA
2565093,"Brandon Aiyuk","SF","WR",50,0,NA,9.50375,7.6162,12.4191,3.03420460472483,28,0.139624999999999,3,4.8029,NA,NA,NA,8.80512245932997,NA,NA,NA
2558105,"Chris Godwin","TB","WR",24,3,NA,9.44225,8.1232,11.1715,1.75304599198082,29,0.221874999999999,3,3.0483,NA,NA,NA,6.05592627013926,NA,NA,NA
2560781,"Christian Kirk","ARI","WR",24,2,NA,9.286,7.3641,11.7605,2.53758057343342,30,0.153625000000002,3,4.3964,NA,NA,NA,7.73943326151659,NA,NA,NA
2552408,"Darren Waller","LVR","TE",28,5,NA,9.27616666666667,7.905,10.88,1.84034892524941,1,1.55996666666667,1,2.975,NA,NA,NA,8.62419179314133,NA,NA,NA
2558149,"JuJu Smith-Schuster","PIT","WR",24,3,NA,9.15475,7.1097,11.826,2.70970667231713,31,0.36375,3,4.7163,NA,NA,NA,8.10879300386563,NA,NA,NA
2562674,"Diontae Johnson","PIT","WR",NA,1,NA,9.11,7.29015,11.79105,2.74845189758404,32,0.773999999999999,3,4.5009,NA,NA,NA,8.19193511023213,NA,NA,NA
2562574,"Darrell Henderson","LAR","RB",50,1,NA,8.81325,6.6197,10.3848,2.08690241446504,18,0.118508333333335,7,3.7651,NA,NA,NA,7.76113032787011,NA,NA,NA
2560770,"Ronald Jones","TB","RB",23,2,NA,8.74915,7.3155,10.1362,1.47470564435754,19,0.308775000000001,7,2.8207,NA,NA,NA,6.26554525627516,NA,NA,NA
2557973,"Leonard Fournette","TB","RB",24,3,NA,8.64033333333333,7.3791,9.7137,1.2836597853187,20,0.494833333333332,8,2.3346,NA,NA,NA,5.79882385439915,NA,NA,NA
2543847,"John Brown","BUF","WR",30,6,NA,8.472,5.7564,11.978,3.61896707178536,33,0.327000000000002,3,6.2216,NA,NA,NA,10.0599450316743,NA,NA,NA
2564148,"Jonathan Taylor","IND","RB",50,0,NA,8.24041666666667,6.7863,9.4238,1.53031595321576,21,0.203333333333333,8,2.6375,NA,NA,NA,6.40140018367135,NA,NA,NA
2563707,"Darnell Mooney","CHI","WR",50,0,NA,8.2,4.6,11.8,6.36396103067893,34,0.129833333333334,3,7.2,NA,NA,NA,15.9503374125041,NA,NA,NA
2558066,"Curtis Samuel","CAR","WR",24,3,NA,8.09,7.1412,8.8776,0.988450976697041,35,0.321583333333332,4,1.7364,NA,NA,NA,4.41520693891593,NA,NA,NA
2543715,"Jerick McKinnon","SF","RB",28,6,NA,8.05058333333333,6.9567,9.012,1.1182770601838,22,0.0360416666666676,8,2.0553,NA,NA,NA,5.39479700079781,NA,NA,NA
2560813,"D.J. Moore","CAR","WR",23,2,NA,8.05033333333333,6.85333333333333,9.057,1.16418211633747,36,0.568958333333334,4,2.20366666666667,NA,NA,NA,4.79230261982219,NA,NA,NA
2552469,"Melvin Gordon","DEN","RB",27,5,NA,8.02358333333333,6.749,9.0713,1.29350352187812,23,0.0190333333333328,8,2.3223,NA,NA,NA,5.82287191568574,NA,NA,NA
2558865,"Chris Carson","SEA","RB",26,3,NA,8.0055,6.8759,8.7315,1.21434660071442,24,0.230116666666666,8,1.8556,NA,NA,NA,5.62949306204515,NA,NA,NA
2562502,"David Montgomery","CHI","RB",50,1,NA,8.0036,6.8308,9.064,1.19624194877123,25,0.48335,8,2.2332,NA,NA,NA,5.58526374151493,NA,NA,NA
100025,"Eagles","PHI","DST",NA,NA,NA,7.984,7.7,10.9,2.30245086809686,5,1.01633333333333,3,3.2,NA,NA,NA,8.84180741125562,NA,NA,NA
2562378,"T.J. Hockenson","DET","TE",50,1,NA,7.7714,6.3362,10.132,2.44906814931721,2,0.220816666666666,1,3.7958,NA,NA,NA,10.6762133097726,NA,NA,NA
2560957,"Mark Andrews","BAL","TE",24,2,NA,7.661,6.625,9.313,1.6700498495554,3,0.488416666666667,1,2.688,NA,NA,NA,8.05010549231567,NA,NA,NA
2561324,"Gus Edwards","BAL","RB",25,2,NA,7.54716666666667,5.9447,9.4163,1.95653670777956,26,0.254875,8,3.4716,NA,NA,NA,7.44264938467192,NA,NA,NA
2562281,"Damien Harris","NE","RB",50,1,NA,7.49333333333333,3.9896,10.9356,3.78941997907038,27,0.450375,8,6.946,NA,NA,NA,11.9203483735727,NA,NA,NA
2564970,"Chase Claypool","PIT","WR",50,0,NA,7.4865,6.6184,8.0878,0.888800502550113,37,0.0387500000000012,4,1.4694,NA,NA,NA,4.20137025932713,NA,NA,NA
2562379,"Marquise Brown","BAL","WR",50,1,NA,7.47625,6.067,8.4785,1.42780352873449,38,0.100125,4,2.4115,NA,NA,NA,5.35799915040139,NA,NA,NA
2562383,"Noah Fant","DEN","TE",50,1,NA,7.44016666666667,6.35175,9.27875,2.13585431775359,4,0.556416666666665,1,2.927,NA,NA,NA,9.62035455541943,NA,NA,NA
2564850,"Jalen Reagor","PHI","WR",50,0,NA,7.41925,5.10375,10.86055,3.55252859477115,39,0.217916666666667,4,5.7568,NA,NA,NA,9.91737688593015,NA,NA,NA
2532884,"Marvin Jones","DET","WR",30,8,NA,7.333,6.6336,7.846,0.717539313673242,40,0.349291666666667,4,1.2124,NA,NA,NA,3.833866498955,NA,NA,NA
2555230,"Kenyan Drake","ARI","RB",NA,4,NA,7.09125,6.5045,7.479,0.630771683469278,28,0.254833333333334,9,0.974500000000001,NA,NA,NA,4.20383063289538,NA,NA,NA
100023,"Giants","NYG","DST",NA,NA,NA,7.07666666666667,6.81066666666667,7.37866666666667,0.285890421898554,6,0.229333333333334,3,0.568000000000001,NA,NA,NA,3.15311280141589,NA,NA,NA
2558052,"Kenny Golladay","DET","WR",27,3,NA,7.06966666666667,5.7102,8.147,1.64092971614671,41,0.227791666666667,4,2.4368,NA,NA,NA,5.8153396361321,NA,NA,NA
2563548,"J.K. Dobbins","BAL","RB",50,0,NA,6.99466666666667,6.40516666666667,7.5271,0.619793334731649,29,0.471008333333334,9,1.12193333333333,NA,NA,NA,4.17701073562627,NA,NA,NA
2555415,"Austin Hooper","CLE","TE",NA,4,NA,6.905,5.12,9.202,2.40212406007683,5,0.0869999999999997,2,4.082,NA,NA,NA,10.5179625475309,NA,NA,NA
2508061,"Antonio Brown","FA","WR",32,10,NA,6.89775,5.7215,8.0204,1.24278829653324,42,0.14525,5,2.2989,NA,NA,NA,4.96098104019216,NA,NA,NA
71265,"Jared Cook","NO","TE",33,11,NA,6.8625,5.39375,8.99375,2.22860157946637,6,0.161083333333334,2,3.6,NA,NA,NA,9.93300999510053,NA,NA,NA
100031,"Buccaneers","TB","DST",NA,NA,NA,6.85866666666667,6.364,7.264,0.522800153022166,7,0.132333333333333,3,0.9,NA,NA,NA,3.82143252027292,NA,NA,NA
100022,"Saints","NO","DST",NA,NA,NA,6.836,6.34,9.328,1.69099970431695,8,0.256416666666667,3,2.988,NA,NA,NA,7.11691047294039,NA,NA,NA
2562492,"Jakobi Meyers","NE","WR",50,1,NA,6.786,5.8168,7.7336,1.19891242382419,43,0.127083333333334,5,1.9168,NA,NA,NA,4.86682924598865,NA,NA,NA
2550284,"Trey Burton","IND","TE",29,6,NA,6.7735,5.04,9.3838,2.73007307594504,7,0.376533333333334,2,4.3438,NA,NA,NA,11.6234943104717,NA,NA,NA
2557848,"Corey Davis","TEN","WR",25,3,NA,6.719,5.6055,7.9973,1.34384547722819,44,0.142708333333333,5,2.3918,NA,NA,NA,5.17783632516102,NA,NA,NA
2558204,"Jamaal Williams","GB","RB",NA,3,NA,6.67816666666667,5.205,7.8036,1.52462975469092,30,0.343966666666666,9,2.5986,NA,NA,NA,6.38750890876902,NA,NA,NA
2558207,"Jonnu Smith","TEN","TE",25,3,NA,6.62933333333333,5.423,8.50333333333333,1.87997446791173,8,0.480116666666667,2,3.08033333333333,NA,NA,NA,8.75777138605758,NA,NA,NA
100007,"Browns","CLE","DST",NA,NA,NA,6.61666666666667,6.3,6.88666666666667,0.326598632371091,9,0.107416666666667,3,0.586666666666668,NA,NA,NA,3.26795021079179,NA,NA,NA
2560787,"Allen Lazard","GB","WR",25,2,NA,6.59883333333333,5.9862,7.3666,0.925823192263692,45,0.0934583333333325,5,1.3804,NA,NA,NA,4.28081603322405,NA,NA,NA
2558985,"Tim Patrick","DEN","WR",27,3,NA,6.55375,5.645,7.3295,0.93043336677056,46,0.119250000000001,5,1.6845,NA,NA,NA,4.29070885528349,NA,NA,NA
100017,"Rams","LAR","DST",NA,NA,NA,6.5425,6.264,6.779,0.282651139510646,10,0.089500000000001,3,0.515000000000001,NA,NA,NA,3.1439748217959,NA,NA,NA
100019,"Dolphins","MIA","DST",NA,NA,NA,6.476,5.888,7.02,0.595718054116207,11,0.0910000000000002,4,1.132,NA,NA,NA,4.02713310896418,NA,NA,NA
2535698,"Cole Beasley","BUF","WR",31,8,NA,6.457,5.487,7.2614,0.994409037234343,47,0.139000000000001,5,1.7744,NA,NA,NA,4.42799214533861,NA,NA,NA
100032,"Redskins","WAS","DST",NA,NA,NA,6.43,5.804,6.8,0.674981481227448,12,0.289,4,0.996,NA,NA,NA,4.25073435603575,NA,NA,NA
497322,"Emmanuel Sanders","NO","WR",33,10,NA,6.412,5.4254,7.485,1.15783821552639,48,0.236125,5,2.0596,NA,NA,NA,4.7786894514284,NA,NA,NA
2559947,"Phillip Lindsay","DEN","RB",26,2,NA,6.36915,5.332,7.232,1.10779307070409,31,0.11665,9,1.9,NA,NA,NA,5.36918481379809,NA,NA,NA
100020,"Vikings","MIN","DST",NA,NA,NA,6.34,5.86,6.828,0.523832034148352,13,0.406499999999999,4,0.968000000000002,NA,NA,NA,3.82434344546319,NA,NA,NA
2557952,"Wayne Gallman","NYG","RB",26,3,NA,6.29925,5.7701,7.1322,0.878592197780062,32,0.156625,10,1.3621,NA,NA,NA,4.80925143832222,NA,NA,NA
2555295,"Sterling Shepard","NYG","WR",NA,4,NA,6.224,5.3065,7.1963,1.01614008220652,49,0.112125,5,1.8898,NA,NA,NA,4.47462408101804,NA,NA,NA
2562734,"Devin Singletary","BUF","RB",50,1,NA,6.20575,5.1396,7.0857,1.1496148268007,33,0.196,10,1.9461,NA,NA,NA,5.47135456891618,NA,NA,NA
2560995,"Dallas Goedert","PHI","TE",26,2,NA,6.1646,5.27,7.0032,0.871404498496536,9,0.087016666666667,2,1.7332,NA,NA,NA,5.35783394948723,NA,NA,NA
2557858,"Evan Engram","NYG","TE",26,3,NA,6.13383333333333,5.7605,6.61,0.398430629679329,10,0.140499999999999,2,0.8495,NA,NA,NA,3.76341649519443,NA,NA,NA
2532865,"T.Y. Hilton","IND","WR",31,8,NA,6.12775,5.078,6.9953,1.06463150902084,50,0.044999999999999,5,1.9173,NA,NA,NA,4.57868024118453,NA,NA,NA
2564433,"Henry Ruggs","LVR","WR",50,0,NA,6.096,6.033,6.1842,0.109119200876839,51,0.0712500000000009,5,0.1512,NA,NA,NA,2.52827776162894,NA,NA,NA
2558918,"Matt Breida","MIA","RB",25,3,NA,6.0795,5.5272,6.6116,0.679159590965187,34,0.151166666666667,10,1.0844,NA,NA,NA,4.32204137106032,NA,NA,NA
2562721,"Deebo Samuel","SF","WR",50,1,NA,6.0695,5.1176,7.1772,1.33071230925396,52,0.233249999999999,5,2.0596,NA,NA,NA,5.14965429134599,NA,NA,NA
2555341,"Hunter Henry","LAC","TE",26,4,NA,6.02133333333333,4.84375,6.82,0.975346690498649,11,0.251166666666667,2,1.97625,NA,NA,NA,5.70822803273767,NA,NA,NA
2552600,"Nelson Agholor","LVR","WR",27,5,NA,5.98,4.978,7.582,1.70969782905245,53,0.304333333333333,5,2.604,NA,NA,NA,5.96290687102222,NA,NA,NA
497240,"Rob Gronkowski","TB","TE",31,10,NA,5.96533333333333,4.826,6.71,1.32447618576804,12,0.442133333333334,2,1.884,NA,NA,NA,6.88516020122729,NA,NA,NA
100021,"Patriots","NE","DST",NA,NA,NA,5.942,5.8,6.16,0.193183850256692,14,0.124166666666667,5,0.36,NA,NA,NA,2.89158859300943,NA,NA,NA
2565054,"Joshua Kelley","LAC","RB",50,0,NA,5.94,4.5128,7.1608,1.56536172603438,35,0.102749999999999,10,2.648,NA,NA,NA,6.48701634045184,NA,NA,NA
100014,"Colts","IND","DST",NA,NA,NA,5.925,5.495,6.363,0.486792221247081,15,0.293416666666666,5,0.868000000000001,NA,NA,NA,3.71985454487101,NA,NA,NA
2556440,"J.D. McKissic","WAS","RB",27,4,NA,5.91666666666667,5.6962,6.1674,0.301702391991402,36,0.23025,10,0.471200000000001,NA,NA,NA,3.39992060937757,NA,NA,NA
2560933,"Jordan Wilkins","IND","RB",26,2,NA,5.75783333333333,4.805,6.47973333333333,0.975064613243656,37,0.245916666666668,10,1.67473333333333,NA,NA,NA,5.04493171537224,NA,NA,NA
100012,"Titans","TEN","DST",NA,NA,NA,5.71066666666667,5.32666666666667,6.16,0.438953300477397,16,0.165749999999999,5,0.833333333333334,NA,NA,NA,3.58490148098636,NA,NA,NA
2649,"Danny Amendola","DET","WR",35,12,NA,5.6925,4.80325,6.35675,0.898983221942064,54,0.0365833333333336,6,1.5535,NA,NA,NA,4.22322102243287,NA,NA,NA
2559153,"Keelan Cole","JAC","WR",27,3,NA,5.65883333333333,5.4623,5.9063,0.298607741583057,55,0.0260833333333341,6,0.444,NA,NA,NA,2.93489499763931,NA,NA,NA
2540145,"Cordarrelle Patterson","CHI","WR",29,7,NA,5.653,4.8536,6.6896,1.04436870883802,56,0.0488750000000007,6,1.836,NA,NA,NA,4.53519896377608,NA,NA,NA
2541161,"Latavius Murray","NO","RB",30,7,NA,5.615,4.6756,6.3496,0.950197874129383,38,0.284625,10,1.674,NA,NA,NA,4.98418274442941,NA,NA,NA
2495448,"Randall Cobb","HOU","WR",30,9,NA,5.6125,4.53125,6.47475,1.09031914288126,57,0.0168749999999998,6,1.9435,NA,NA,NA,4.63380249101052,NA,NA,NA
2495450,"A.J. Green","CIN","WR",32,9,NA,5.59575,4.8615,6.1514,0.792282935572892,58,0.0396250000000009,6,1.2899,NA,NA,NA,3.99425638233776,NA,NA,NA
2560810,"Anthony Miller","CHI","WR",26,2,NA,5.5955,5.3961,5.8085,0.226313204799603,59,0.186499999999999,6,0.412400000000002,NA,NA,NA,2.77976052557055,NA,NA,NA
2543466,"Eric Ebron","PIT","TE",27,6,NA,5.575,4.93125,6.13,0.617221597159399,13,0.248633333333332,2,1.19875,NA,NA,NA,4.50097127441343,NA,NA,NA
100030,"Seahawks","SEA","DST",NA,NA,NA,5.5525,5.174,6.097,0.57604253315185,17,0.0175833333333326,5,0.923000000000001,NA,NA,NA,3.97162868296657,NA,NA,NA
100005,"Bears","CHI","DST",NA,NA,NA,5.53733333333333,5.55333333333333,7.392,1.05091071615686,18,0.0523333333333333,5,1.83866666666667,NA,NA,NA,5.31122655028453,NA,NA,NA
100026,"Cardinals","ARI","DST",NA,NA,NA,5.5325,4.53,6.161,1.09372071389363,19,0.112500000000001,5,1.631,NA,NA,NA,5.43199307817688,NA,NA,NA
2562712,"Hunter Renfrow","LVR","WR",50,1,NA,5.51675,4.72,6.1349,0.851791592272821,60,0.250999999999999,6,1.4149,NA,NA,NA,4.12195405426996,NA,NA,NA
2559270,"Robert Tonyan","GB","TE",26,3,NA,5.4714,4.7722,6.28,0.857592443996564,14,0.291983333333333,2,1.5078,NA,NA,NA,5.3112728554685,NA,NA,NA
100003,"Bills","BUF","DST",NA,NA,NA,5.4375,5.045,5.8,0.423034671549902,20,0.224583333333333,6,0.755,NA,NA,NA,3.53999520567654,NA,NA,NA
2552382,"Malcolm Brown","LAR","RB",27,5,NA,5.40883333333333,4.4104,6.4538,1.09968364137651,39,0.184458333333333,10,2.0434,NA,NA,NA,5.34937363210997,NA,NA,NA
100009,"Broncos","DEN","DST",NA,NA,NA,5.4025,5.302,5.505,0.11842719282327,21,0.380833333333333,6,0.203,NA,NA,NA,2.68070089311783,NA,NA,NA
2560860,"Mason Rudolph","PIT","QB",25,2,NA,5.374,3.9548,6.7932,2.50881485964987,30,1.58941666666667,8,2.8384,NA,NA,NA,7.47170570645062,NA,NA,NA
2558194,"Josh Reynolds","LAR","WR",25,3,NA,5.30125,4.302,6.3715,1.13561565534589,61,0.0881249999999998,6,2.0695,NA,NA,NA,4.73100278940656,NA,NA,NA
2507164,"Adrian Peterson","DET","RB",35,13,NA,5.25191666666667,4.0395,6.236,1.31694293515112,40,0.0758333333333328,10,2.1965,NA,NA,NA,5.88013395673159,NA,NA,NA
2558877,"Zach Pascal","IND","WR",26,3,NA,5.23025,4.2223,6.19,1.10951351952106,62,0.0785000000000009,6,1.9677,NA,NA,NA,4.67499107342889,NA,NA,NA
2543583,"Devonta Freeman","FA","RB",28,6,NA,5.19683333333333,4.0521,6.1561,1.37494184725512,41,0.0839166666666662,10,2.104,NA,NA,NA,6.02182419645022,NA,NA,NA
2533039,"Alshon Jeffery","PHI","WR",30,8,NA,5.196,3.5366,6.9646,2.15550527719141,63,0.160750000000001,6,3.428,NA,NA,NA,6.91955043204969,NA,NA,NA
497236,"Jimmy Graham","CHI","TE",34,10,NA,5.18133333333333,4.459,5.915,0.754789153781814,15,0.104283333333333,3,1.456,NA,NA,NA,4.9647180644247,NA,NA,NA
2560994,"Mike Gesicki","MIA","TE",25,2,NA,5.1775,4.8325,5.545,0.381310241142301,16,0.252599999999999,3,0.712499999999999,NA,NA,NA,3.70570284945757,NA,NA,NA
2560742,"Nyheim Hines","IND","RB",24,2,NA,5.15533333333333,4.2795,5.8841,0.886073360394047,42,0.112958333333334,11,1.6046,NA,NA,NA,4.8275277763723,NA,NA,NA
2555468,"Rashard Higgins","CLE","WR",26,4,NA,5.1075,4.068,6.211,1.17071559313097,64,0.223625,6,2.143,NA,NA,NA,4.80632259309027,NA,NA,NA
2539265,"Rex Burkhead","NE","RB",30,7,NA,5.0705,4.8305,5.3529,0.287676322742534,43,0.0728333333333326,11,0.5224,NA,NA,NA,3.36565518883626,NA,NA,NA
100013,"Texans","HOU","DST",NA,NA,NA,5.02333333333333,4.458,5.466,0.68369096332578,22,0.0483333333333338,6,1.008,NA,NA,NA,4.27530370825164,NA,NA,NA
100028,"Chargers","LAC","DST",NA,NA,NA,5.02,4.052,5.716,1.19515689346629,23,0.215000000000001,6,1.664,NA,NA,NA,5.71814341354896,NA,NA,NA
2565144,"DeeJay Dallas","SEA","RB",50,0,NA,5.01425,3.9694,6.0525,1.11932371695293,44,0.103666666666667,11,2.0831,NA,NA,NA,5.39735396338799,NA,NA,NA
2555418,"Jordan Howard","MIA","RB",26,4,NA,4.98108333333333,3.418,6.3085,1.69807794121602,45,0.271208333333334,11,2.8905,NA,NA,NA,6.81123953122332,NA,NA,NA
2540160,"Jordan Reed","SF","TE",30,7,NA,4.9766,4.372,5.36,0.613365959277168,17,0.3016,3,0.988,NA,NA,NA,4.48797373534804,NA,NA,NA
2560907,"Marquez Valdes-Scantling","GB","WR",26,2,NA,4.963,3.89485,5.77335,1.07982799556226,65,0.285,6,1.8785,NA,NA,NA,4.611289882546,NA,NA,NA
100018,"Raiders","LVR","DST",NA,NA,NA,4.93,3.594,6.266,2.36173664916307,24,0.475,6,2.672,NA,NA,NA,9.00905194083432,NA,NA,NA
2555364,"Tyler Higbee","LAR","TE",27,4,NA,4.8732,4.4024,5.492,0.669299036305895,18,0.5888,3,1.0896,NA,NA,NA,4.67652680385037,NA,NA,NA
2543773,"James White","NE","RB",28,6,NA,4.84008333333333,4.357,5.30203333333333,0.512205281112954,46,0.275249999999999,11,0.945033333333334,NA,NA,NA,3.91417516587012,NA,NA,NA
2564136,"Michael Pittman","IND","WR",50,0,NA,4.80475,3.206,6.1173,1.70874327601701,66,0.354000000000001,6,2.9113,NA,NA,NA,5.96085852701444,NA,NA,NA
100006,"Bengals","CIN","DST",NA,NA,NA,4.68,4.056,5.176,0.752861208988748,25,0.483333333333333,7,1.12,NA,NA,NA,4.47043220261739,NA,NA,NA
2560967,"Kalen Ballage","FA","RB",NA,2,NA,4.57966666666667,2.8857,5.7379,1.73735949072148,47,0.0663333333333336,11,2.8522,NA,NA,NA,6.90720360992822,NA,NA,NA
2552652,"Chris Conley","JAC","WR",28,5,NA,4.55125,4.0815,5.08,0.544982797893658,67,0.21475,7,0.9985,NA,NA,NA,3.46358313912557,NA,NA,NA
2540145,"Cordarrelle Patterson","CHI","RB",29,7,NA,4.55,4.55,4.55,NA,48,0.271166666666668,11,0,NA,NA,NA,NA,NA,NA,NA
2543767,"Logan Thomas","WAS","TE",29,6,NA,4.4768,4.036,4.8216,0.45883679015528,19,0.471550000000001,4,0.7856,NA,NA,NA,3.96704854118996,NA,NA,NA
2565108,"JaMycal Hasty","FA","RB",50,0,NA,4.47666666666667,3.938,5.17,0.839662630663848,49,0.435041666666667,11,1.232,NA,NA,NA,4.71414724590311,NA,NA,NA
2553499,"Damiere Byrd","NE","WR",NA,NA,NA,4.35025,3.817,4.7577,0.550360715046656,68,0.0445000000000002,7,0.9407,NA,NA,NA,3.47512343491388,NA,NA,NA
2556190,"Jakeem Grant","MIA","WR",28,4,NA,4.32275,3.133,5.6277,1.37475128053526,69,0.0808749999999998,7,2.4947,NA,NA,NA,5.24415607341896,NA,NA,NA
497326,"Golden Tate","NYG","WR",32,10,NA,4.28875,3.1275,5.727,1.50857203451918,70,0.11875,7,2.5995,NA,NA,NA,5.53131763423401,NA,NA,NA
100004,"Panthers","CAR","DST",NA,NA,NA,4.23,3.378,4.978,1.02503658471296,26,0.283333333333333,7,1.6,NA,NA,NA,5.23823591300572,NA,NA,NA
2562865,"Scott Miller","TB","WR",50,1,NA,4.195,3.863,4.527,0.586898628384834,71,0.05375,7,0.664,NA,NA,NA,3.55352894310865,NA,NA,NA
100029,"49ers","SF","DST",NA,NA,NA,4.16333333333333,3.766,4.582,0.512087232152231,27,0.433333333333333,7,0.816,NA,NA,NA,3.79121148954541,NA,NA,NA
2559278,"Greg Ward","PHI","WR",50,3,NA,4.145,3.821,4.469,0.572756492761104,72,0.0945,7,0.648,NA,NA,NA,3.52318179875272,NA,NA,NA
2560761,"Richie James","SF","WR",25,2,NA,4.1375,2.4105,5.6399,1.81495899861861,73,0.189375,7,3.2294,NA,NA,NA,6.18878335763556,NA,NA,NA
2560951,"Jordan Akins","HOU","TE",28,2,NA,4.092,3.5424,4.568,0.584638919904129,20,0.344,4,1.0256,NA,NA,NA,4.39113351645588,NA,NA,NA
2560809,"Sony Michel","NE","RB",25,2,NA,4.081,3.2162,4.9458,1.52876486092532,50,0.0800416666666672,11,1.7296,NA,NA,NA,6.39761089469185,NA,NA,NA
81284,"Chase Daniel","DET","QB",34,11,NA,4.00583333333333,1.9312,6.1252,2.62303861643959,31,0.506333333333334,8,4.194,NA,NA,NA,7.70046001334642,NA,NA,NA
2540156,"Giovani Bernard","CIN","RB",29,7,NA,4.00225,3.2118,4.7629,0.853690956962764,51,0.0370833333333329,12,1.5511,NA,NA,NA,4.74841818037478,NA,NA,NA
2495466,"Mark Ingram","BAL","RB",31,9,NA,3.99966666666667,3.6308,4.2844,0.447272102118312,52,0.0709999999999997,12,0.6536,NA,NA,NA,3.75554464395715,NA,NA,NA
2560878,"Tre'Quan Smith","NO","WR",NA,2,NA,3.9635,2.7007,5.1395,1.32331616277693,74,0.0638749999999999,7,2.4388,NA,NA,NA,5.13378314353723,NA,NA,NA
2506106,"Larry Fitzgerald","ARI","WR",37,16,NA,3.93275,3.16,4.8277,0.914817058214373,75,0.0717499999999998,7,1.6677,NA,NA,NA,4.25719833164899,NA,NA,NA
2557531,"Troymaine Pope","FA","RB",27,4,NA,3.93066666666667,3.3204,4.7572,1.01274100012458,53,0.0392083333333337,12,1.4368,NA,NA,NA,5.13697441229932,NA,NA,NA
2562665,"Travis Homer","SEA","RB",50,1,NA,3.92666666666667,3.792,4.112,0.228108161479008,54,0.0945000000000005,12,0.32,NA,NA,NA,3.22013130325214,NA,NA,NA
2562738,"Irv Smith Jr.","MIN","TE",50,1,NA,3.9185,2.5092,5.513,1.70478023999185,21,0.373875,4,3.0038,NA,NA,NA,8.16718329376962,NA,NA,NA
2563890,"KJ Hamler","DEN","WR",50,0,NA,3.8665,3.3235,4.3057,0.578692923751449,76,0.0213749999999999,8,0.9822,NA,NA,NA,3.53592059104098,NA,NA,NA
2553435,"David Johnson","HOU","RB",29,5,NA,3.85625,1.7023,5.2668,2.24094777196316,55,0.094291666666666,12,3.5645,NA,NA,NA,8.13746020785666,NA,NA,NA
2562659,"N'Keal Harry","NE","WR",50,1,NA,3.8555,2.8528,4.8284,1.23643449078388,77,0.058125,8,1.9756,NA,NA,NA,4.94734661711664,NA,NA,NA
2558856,"David Moore","SEA","WR",25,3,NA,3.83475,3.245,4.4699,0.66016077587206,78,0.185875,8,1.2249,NA,NA,NA,3.71073977920678,NA,NA,NA
2555223,"Devontae Booker","LVR","RB",28,4,NA,3.80808333333333,3.6521,3.96773333333333,0.17881966396966,56,0.17425,12,0.315633333333333,NA,NA,NA,3.09972044080447,NA,NA,NA
2558262,"Mack Hollins","MIA","WR",27,3,NA,3.76,2.592,4.672,1.41322326615436,80,0.269125,9,2.08,NA,NA,NA,5.32671184379941,NA,NA,NA
100015,"Jaguars","JAC","DST",NA,NA,NA,3.73,0.218,4.138,2.62660109901244,28,NA,8,3.92,NA,NA,NA,9.75623161057187,NA,NA,NA
2562682,"Alexander Mattison","MIN","RB",NA,1,NA,3.71583333333333,3.0955,4.1575,0.63240941380301,57,0.164083333333333,12,1.062,NA,NA,NA,4.20783157696765,NA,NA,NA
2540148,"Tyler Eifert","JAC","TE",30,7,NA,3.5775,2.898,4.095,0.683441048420906,22,0.101125000000001,5,1.197,NA,NA,NA,4.72420020071558,NA,NA,NA
2506581,"Ryan Fitzpatrick","MIA","QB",38,15,NA,3.56333333333333,0.956,5.636,3.14573255909229,32,0.335499999999999,8,4.68,NA,NA,NA,8.74725180106772,NA,NA,NA
2540011,"Chris Thompson","JAC","RB",30,7,NA,3.55183333333333,2.7731,4.61323333333333,1.14123067100584,58,0.101666666666667,12,1.84013333333333,NA,NA,NA,5.45087223569101,NA,NA,NA
2560756,"Justin Jackson","LAC","RB",25,2,NA,3.55166666666667,1.074,5.708,2.73413199713872,59,0.246375,12,4.634,NA,NA,NA,9.34229989459526,NA,NA,NA
2550256,"Willie Snead","BAL","WR",28,6,NA,3.53775,2.7855,4.3038,0.860067972120034,81,0.18525,9,1.5183,NA,NA,NA,4.13971406595775,NA,NA,NA
2557889,"Gerald Everett","LAR","TE",26,3,NA,3.51175,2.976,4.1277,0.671848383193708,23,0.0852500000000003,5,1.1517,NA,NA,NA,4.68512077371417,NA,NA,NA
2560920,"James Washington","PIT","WR",24,2,NA,3.444,1.7435,4.8553,1.74730287395555,82,0.203,9,3.1118,NA,NA,NA,6.04360230179368,NA,NA,NA
2540928,"Darren Fells","HOU","TE",34,8,NA,3.441,2.638,4.132,0.860002906971831,24,0.0328333333333335,5,1.494,NA,NA,NA,5.31939864104372,NA,NA,NA
2532888,"Case Keenum","CLE","QB",32,8,NA,3.43566666666667,0.1304,7.7344,5.21657994603105,33,0.781666666666666,8,7.604,NA,NA,NA,12.8945086590106,NA,NA,NA
2558832,"Mo Alie-Cox","IND","TE",27,4,NA,3.412,2.111,4.3634,1.3157010805397,25,0.0318333333333332,5,2.2524,NA,NA,NA,6.85557890327035,NA,NA,NA
2558942,"Anthony Firkser","TEN","TE",50,2,NA,3.40433333333333,2.8426,3.9626,0.700040236938802,26,0.0763333333333338,5,1.12,NA,NA,NA,4.78015685634692,NA,NA,NA
2495700,"Greg Olsen","SEA","TE",35,13,NA,3.356,2.752,3.8488,0.609544091924448,27,0.309,5,1.0968,NA,NA,NA,4.47509003834717,NA,NA,NA
2564319,"Cam Akers","LAR","RB",50,0,NA,3.34866666666667,2.817,3.803,0.583964230259202,61,0.220208333333333,12,0.986,NA,NA,NA,4.08948091450651,NA,NA,NA
2563767,"Harrison Bryant","CLE","TE",50,0,NA,3.3,3.3,3.3,NA,28,0.561333333333333,6,0,NA,NA,NA,NA,NA,NA,NA
2561146,"Boston Scott","PHI","RB",25,2,NA,3.26191666666667,2.7465,4.05886666666667,0.82791386092462,62,0.353666666666666,12,1.31236666666667,NA,NA,NA,4.6854452247727,NA,NA,NA
2530700,"Dontrelle Inman","WAS","WR",31,7,NA,3.261,2.8424,3.784,0.630414942716303,83,0.1105,9,0.9416,NA,NA,NA,3.64690917279892,NA,NA,NA
2562631,"Miles Boykin","BAL","WR",50,1,NA,3.221,3.051,3.4878,0.290546611292118,84,0.231,9,0.4368,NA,NA,NA,2.91759688290474,NA,NA,NA
2563803,"Donovan Peoples-Jones","CLE","WR",50,0,NA,3.08,3.08,3.08,NA,85,0.19925,9,0,NA,NA,NA,NA,NA,NA,NA
2562746,"Jarrett Stidham","NE","QB",50,1,NA,3.02,1.06,4.98,3.46482322781408,34,0.901333333333334,8,3.92,NA,NA,NA,9.38629018337858,NA,NA,NA
2565090,"Salvon Ahmed","FA","RB",NA,0,NA,2.995,2.967,3.023,0.0494974746830585,63,0.274375,13,0.056,NA,NA,NA,2.7837887907746,NA,NA,NA
2563602,"Gabriel Davis","BUF","WR",50,0,NA,2.9,1.78,4.02,1.97989898732233,86,0.110083333333333,9,2.24,NA,NA,NA,6.54272266216728,NA,NA,NA
2556661,"Kalif Raymond","TEN","WR",26,4,NA,2.8615,2.525,3.0652,0.365192643226375,87,0.157833333333333,9,0.5402,NA,NA,NA,3.07777735118597,NA,NA,NA
2552453,"Tevin Coleman","SF","RB",27,5,NA,2.8215,2.5003,3.1427,0.567806745292798,64,0.246625,13,0.6424,NA,NA,NA,4.05000848588518,NA,NA,NA
2495438,"Kyle Rudolph","MIN","TE",31,9,NA,2.794,1.951,3.4818,0.865176667893134,29,0.152333333333333,6,1.5308,NA,NA,NA,5.33683963569718,NA,NA,NA
2540202,"Kenny Stills","HOU","WR",28,7,NA,2.71833333333333,1.824,3.684,1.17271408848591,88,0.0504583333333333,9,1.86,NA,NA,NA,4.8106110986346,NA,NA,NA
2557034,"Marvin Hall","DET","WR",27,4,NA,2.689,2.40255,2.87125,0.309542404203366,89,0.0657916666666667,9,0.4687,NA,NA,NA,2.95835933102224,NA,NA,NA
2562720,"Drew Sample","CIN","TE",NA,1,NA,2.68333333333333,2.536,2.832,0.185022521151706,30,0.105833333333333,6,0.296,NA,NA,NA,3.04400759005774,NA,NA,NA
2562669,"Andy Isabella","ARI","WR",NA,1,NA,2.64675,1.617,3.7099,1.12319852059494,90,0.0734166666666671,9,2.0929,NA,NA,NA,4.70435726776826,NA,NA,NA
2562743,"Benny Snell","PIT","RB",50,1,NA,2.61975,2.1823,2.9726,0.451569392969305,65,0.146,13,0.7903,NA,NA,NA,3.76604284381521,NA,NA,NA
2562681,"Dawson Knox","BUF","TE",50,1,NA,2.6,2.544,2.656,0.0989949493661164,31,0.047166666666667,6,0.111999999999999,NA,NA,NA,2.75400454538979,NA,NA,NA
2564232,"Laviska Shenault","JAC","WR",50,0,NA,2.59966666666667,1.8358,3.2758,0.919826251709166,91,0.111416666666667,9,1.44,NA,NA,NA,4.26794739544938,NA,NA,NA
2558954,"Taysom Hill","NO","TE",30,3,NA,2.555,2.5486,2.5614,0.0113137084989848,32,0.0232916666666667,7,0.0127999999999995,NA,NA,NA,2.45842690343208,NA,NA,NA
2557986,"David Njoku","CLE","TE",24,3,NA,2.55066666666667,1.6304,3.3104,1.10602953547061,33,0.0832916666666663,7,1.68,NA,NA,NA,6.14876613164153,NA,NA,NA
2556855,"Marcus Johnson","FA","WR",26,4,NA,2.547,1.5574,3.535,1.06549331297761,92,0.14075,9,1.9776,NA,NA,NA,4.58052955799058,NA,NA,NA
2560817,"Ryan Nall","CHI","RB",25,2,NA,2.53,1.914,3.146,1.08894444302728,66,0.19225,13,1.232,NA,NA,NA,5.3231379746935,NA,NA,NA
2561060,"Ross Dwelley","SF","TE",50,2,NA,2.51275,1.8373,3.074,0.684891901446255,34,0.183375,8,1.2367,NA,NA,NA,4.72909109541345,NA,NA,NA
2560890,"Auden Tate","CIN","WR",23,2,NA,2.4295,1.5745,3.1149,0.861284505839969,93,0.113,9,1.5404,NA,NA,NA,4.14232458571198,NA,NA,NA
2552402,"Nick Boyle","BAL","TE",27,5,NA,2.422,2.1512,2.7672,0.417339190587225,35,0.229291666666667,8,0.616,NA,NA,NA,3.82715815521997,NA,NA,NA
2555464,"DeAndre Washington","FA","RB",27,4,NA,2.4175,2.3195,2.5155,0.173241161390704,67,0.168,14,0.196,NA,NA,NA,3.08609226505066,NA,NA,NA
2561521,"Cameron Batson","FA","WR",50,2,NA,2.383,2.1486,2.6174,0.414364573775317,94,0.146083333333333,9,0.4688,NA,NA,NA,3.18329378196636,NA,NA,NA
2564832,"Jalen Hurts","PHI","QB",50,0,NA,2.288,1.5136,3.0624,1.36895872837716,35,0.408833333333333,9,1.5488,NA,NA,NA,5.18893190703651,NA,NA,NA
2495469,"Dion Lewis","NYG","RB",30,9,NA,2.258,1.8927,2.6453,0.405251362325491,68,0.0487500000000001,14,0.7526,NA,NA,NA,3.65288877545186,NA,NA,NA
2563926,"Quintez Cephus","DET","WR",50,0,NA,2.25,1.41,3.09,1.48492424049175,95,0.0780833333333333,9,1.68,NA,NA,NA,5.4805726097099,NA,NA,NA
2556885,"Jalen Richard","LVR","RB",27,4,NA,2.241,1.9765,2.5491,0.317598278752682,69,0.0969166666666665,14,0.5726,NA,NA,NA,3.43875395855673,NA,NA,NA
2560894,"Ian Thomas","CAR","TE",24,2,NA,2.23675,1.667,2.6799,0.589617602066514,36,0.0934166666666663,8,1.0129,NA,NA,NA,4.40791689131533,NA,NA,NA
2558129,"Isaiah McKenzie","BUF","WR",25,3,NA,2.22383333333333,1.7512,2.778,0.665585519173407,96,0.118166666666667,9,1.0268,NA,NA,NA,3.72238055768889,NA,NA,NA
2564994,"Anthony McFarland","PIT","RB",50,0,NA,2.1775,1.6486,2.6636,0.560857379375542,70,0.0696666666666665,14,1.015,NA,NA,NA,4.03303131705583,NA,NA,NA
2558956,"Jacob Hollister","SEA","TE",27,3,NA,2.14866666666667,1.768,2.5088,0.465129372683916,37,0.0150416666666668,8,0.7408,NA,NA,NA,3.98826113680613,NA,NA,NA
2550313,"Richard Rodgers","FA","TE",28,6,NA,2.138,1.7212,2.486,0.500671549021911,38,0.0235416666666666,8,0.7648,NA,NA,NA,4.10807550722488,NA,NA,NA
2561046,"Will Dissly","SEA","TE",NA,2,NA,2.12925,1.4221,3.013,0.909418632973836,39,0.0392916666666663,8,1.5909,NA,NA,NA,5.4859814086101,NA,NA,NA
2561067,"Cam Sims","FA","WR",50,2,NA,2.12,1.656,2.584,0.820243866176395,97,0.0355833333333333,9,0.928,NA,NA,NA,4.05425682498141,NA,NA,NA
2560765,"Kerryon Johnson","DET","RB",23,2,NA,2.11066666666667,1.1184,2.8164,1.00575797839794,71,0.00758333333333372,14,1.698,NA,NA,NA,5.11991502296744,NA,NA,NA
2561137,"Trenton Cannon","CAR","RB",NA,2,NA,2.105,1.4662,2.8134,0.855377694354956,72,0.0382916666666664,14,1.3472,NA,NA,NA,4.75253884775925,NA,NA,NA
2543743,"Carlos Hyde","SEA","RB",29,6,NA,2.10116666666667,1.2525,2.7301,1.03883472378109,73,0.0881250000000002,14,1.4776,NA,NA,NA,5.20072088315403,NA,NA,NA
2553318,"James OShaughnessy","JAC","TE",NA,NA,NA,2.09966666666667,1.9638,2.2518,0.183413012987992,40,0.0587916666666666,8,0.288,NA,NA,NA,3.03858186132674,NA,NA,NA
2561002,"DaeSean Hamilton","DEN","WR",25,2,NA,2.09133333333333,1.636,2.4472,0.550840569796137,98,0.022583333333333,9,0.8112,NA,NA,NA,3.47615313946062,NA,NA,NA
2559385,"Dan Arnold","ARI","TE",50,3,NA,2.08025,1.784,2.3767,0.321227204119867,41,0.089666666666667,8,0.5927,NA,NA,NA,3.5031600680243,NA,NA,NA
2558202,"Trent Taylor","SF","WR",26,3,NA,2.0775,1.679,2.538,0.474157146946031,99,0.0425,9,0.859,NA,NA,NA,3.31160070092838,NA,NA,NA
2564829,"John Hightower","PHI","WR",50,0,NA,2.06,2.06,2.06,NA,100,0.1195,9,0,NA,NA,NA,NA,NA,NA,NA
2533457,"Alfred Morris","FA","RB",32,8,NA,2.03225,1.9239,2.156,0.128640001554726,74,0.0821666666666665,15,0.2321,NA,NA,NA,2.97713247943337,NA,NA,NA
2562932,"Tyron Johnson","FA","WR",50,1,NA,2.01,1.578,2.442,0.763675323681471,102,0.1415,9,0.864,NA,NA,NA,3.93286824755771,NA,NA,NA
2552586,"Tyler Kroft","BUF","TE",28,5,NA,2.0015,1.7518,2.31,0.311997329048396,42,0.0266666666666666,8,0.5582,NA,NA,NA,3.4720457192513,NA,NA,NA
2561461,"Dontrell Hilliard","FA","RB",50,2,NA,1.99383333333333,1.7739,2.2475,0.304877161055618,75,0.120833333333333,15,0.473599999999999,NA,NA,NA,3.40767650984952,NA,NA,NA
2505629,"Jason Witten","LVR","TE",38,17,NA,1.97966666666667,1.74,2.2512,0.326864395940172,43,0.0760000000000001,8,0.5112,NA,NA,NA,3.52216331032597,NA,NA,NA
2562317,"Foster Moreau","LVR","TE",50,1,NA,1.97,1.914,2.026,0.0989949493661164,44,0.135833333333334,8,0.112,NA,NA,NA,2.75400454538979,NA,NA,NA
2557922,"C.J. Beathard","SF","QB",27,3,NA,1.94933333333333,0.0579999999999999,3.7844,2.33218381208114,36,0.229833333333334,9,3.7264,NA,NA,NA,7.1179691984031,NA,NA,NA
2557994,"DOnta Foreman","FA","RB",24,3,NA,1.90633333333333,1.3876,2.4172,0.643725355515327,76,0.0739999999999998,15,1.0296,NA,NA,NA,4.23547620745632,NA,NA,NA
2564418,"Bryan Edwards","LVR","WR",50,0,NA,1.871,1.1626,2.4746,0.850813140472102,105,0.0498333333333334,9,1.312,NA,NA,NA,4.1198544266867,NA,NA,NA
2563551,"Devin Duvernay","BAL","WR",50,0,NA,1.866,1.2865,2.5193,0.669856079069726,106,0.0994999999999999,9,1.2328,NA,NA,NA,3.73154461190972,NA,NA,NA
2560733,"Royce Freeman","DEN","RB",24,2,NA,1.83966666666667,1.5244,2.066,0.389430781183683,77,0.0424166666666668,15,0.5416,NA,NA,NA,3.61423939646952,NA,NA,NA
2558144,"Adam Shaheen","MIA","TE",26,3,NA,1.83733333333333,1.266,2.4356,0.733322121126407,45,0.135166666666667,8,1.1696,NA,NA,NA,4.89235167419843,NA,NA,NA
2550656,"Cameron Brate","TB","TE",29,6,NA,1.831,1.0124,2.674,1.03984277657731,46,0.260666666666667,8,1.6616,NA,NA,NA,5.92564741287075,NA,NA,NA
2562409,"Devine Ozigbo","JAC","RB",50,1,NA,1.825,1.533,2.117,0.51618795026618,78,0.139416666666667,15,0.584,NA,NA,NA,3.92390475090145,NA,NA,NA
2562718,"Brett Rypien","FA","QB",NA,1,NA,1.809,0.7218,2.8962,1.92191623126504,37,0.407,9,2.1744,NA,NA,NA,6.29633210005253,NA,NA,NA
2565225,"Tyler Johnson","TB","WR",50,0,NA,1.77633333333333,1.0172,2.738,1.16145612630583,108,0.0479999999999998,9,1.7208,NA,NA,NA,4.78645300734468,NA,NA,NA
2540230,"Kyle Juszczyk","SF","RB",29,7,NA,1.7695,1.458,2.0488,0.375773535523725,81,0.219416666666667,16,0.5908,NA,NA,NA,3.58087500494463,NA,NA,NA
2562465,"Olabisi Johnson","MIN","WR",50,1,NA,1.75666666666667,1.49,2.002,0.32331615074619,109,0.0783333333333334,9,0.512,NA,NA,NA,2.98791596134868,NA,NA,NA
2560883,"Equanimeous St. Brown","GB","WR",24,2,NA,1.7,0.764,2.436,1.13116090809398,110,0.0516666666666667,9,1.672,NA,NA,NA,4.72144349358875,NA,NA,NA
2564358,"Van Jefferson","LAR","WR",50,0,NA,1.65666666666667,1.473,1.821,0.221491158589532,111,0.0616666666666665,9,0.348,NA,NA,NA,2.76941305498185,NA,NA,NA
2562844,"Jalen Guyton","LAC","WR",NA,1,NA,1.64,1.64,1.64,NA,113,0.111833333333333,9,0,NA,NA,NA,NA,NA,NA,NA
2555262,"Jeff Driskel","DEN","QB",27,4,NA,1.63,0.1,3.612,2.40326860754265,38,0.6475,9,3.512,NA,NA,NA,7.26032971580898,NA,NA,NA
2556466,"Peyton Barber","WAS","RB",26,4,NA,1.60166666666667,0.7854,2.3582,0.991470792980476,83,0.1395,16,1.5728,NA,NA,NA,5.08501170059003,NA,NA,NA
2562744,"Jace Sternberger","GB","TE",NA,1,NA,1.57333333333333,1.14,1.956,0.521664004253057,47,0.0196666666666665,9,0.816,NA,NA,NA,4.17884207433502,NA,NA,NA
2560880,"Durham Smythe","MIA","TE",NA,2,NA,1.56733333333333,1.4856,1.676,0.132519181001594,48,0.0465,9,0.1904,NA,NA,NA,2.86701632803865,NA,NA,NA
2565195,"Freddie Swain","SEA","WR",50,0,NA,1.55,1.55,1.55,NA,114,0.0668333333333333,9,0,NA,NA,NA,NA,NA,NA,NA
2562740,"Kaden Smith","NYG","TE",NA,1,NA,1.54,1.252,1.828,0.509116882454314,49,0.0416666666666665,9,0.576,NA,NA,NA,4.13654512874037,NA,NA,NA
2558071,"Isaiah Ford","MIA","WR",24,3,NA,1.50633333333333,0.8182,2.351,1.01617928208232,115,0.055833333333333,9,1.5328,NA,NA,NA,4.47470819874405,NA,NA,NA
2558886,"Darrell Daniels","ARI","TE",26,4,NA,1.50166666666667,1.104,1.884,0.488629034476394,50,0.0165,9,0.78,NA,NA,NA,4.06747961673104,NA,NA,NA
2552374,"Ameer Abdullah","MIN","RB",27,5,NA,1.4985,1.2007,1.7543,0.357749563242221,84,0.0774999999999997,16,0.5536,NA,NA,NA,3.53684278329419,NA,NA,NA
2560751,"Ryan Izzo","NE","TE",25,2,NA,1.495,0.827,2.163,1.18086832458153,51,0.0206666666666666,9,1.336,NA,NA,NA,6.40105125664219,NA,NA,NA
2552468,"Maxx Williams","ARI","TE",26,5,NA,1.47533333333333,0.6748,2.182,0.963672835216047,52,0.0279999999999998,9,1.5072,NA,NA,NA,5.66887491018988,NA,NA,NA
2563704,"Cole Kmet","CHI","TE",50,0,NA,1.47333333333333,1.058,1.962,0.586884429281723,53,0.127333333333334,9,0.904,NA,NA,NA,4.39870323559146,NA,NA,NA
2559485,"River Cracraft","FA","WR",NA,3,NA,1.46,0.34,2.58,1.97989898732233,116,0.0195000000000001,9,2.24,NA,NA,NA,6.54272266216728,NA,NA,NA
2561653,"KhaDarel Hodge","CLE","WR",50,2,NA,1.441,0.6446,2.1806,0.967844512305567,117,0.0693333333333337,9,1.536,NA,NA,NA,4.37098820376931,NA,NA,NA
2563128,"Darrius Shepherd","FA","WR",50,1,NA,1.44,0.544,2.336,1.58391918985787,118,0.166583333333333,9,1.792,NA,NA,NA,5.69300262020137,NA,NA,NA
2555234,"Tyler Ervin","GB","RB",27,4,NA,1.42583333333333,1.2904,1.5532,0.165175916323577,86,0.0121666666666667,16,0.2628,NA,NA,NA,3.06638902467088,NA,NA,NA
2552633,"Jesse James","DET","TE",26,5,NA,1.42133333333333,0.9432,1.948,0.63673018880318,54,0.173666666666667,9,1.0048,NA,NA,NA,4.56673566664783,NA,NA,NA
2557977,"Jeremy McNichols","FA","RB",25,3,NA,1.41616666666667,1.1106,1.7654,0.420028074458522,87,0.0561666666666665,16,0.6548,NA,NA,NA,3.68898800228955,NA,NA,NA
2565258,"Ke'Shawn Vaughn","TB","RB",50,0,NA,1.41116666666667,0.4076,2.2552,1.20530020465166,88,0.11,16,1.8476,NA,NA,NA,5.60739288843459,NA,NA,NA
2555430,"Alex Collins","FA","RB",26,4,NA,1.30883333333333,1.2019,1.4571,0.182889538610969,90,0.0273333333333334,16,0.2552,NA,NA,NA,3.10966306718542,NA,NA,NA
2565069,"Joe Reed","LAC","WR",50,0,NA,1.30333333333333,1.0946,1.4602,0.254602304257706,120,0.0782500000000002,10,0.3656,NA,NA,NA,2.84046517498104,NA,NA,NA
2560862,"Jaylen Samuels","PIT","RB",24,2,NA,1.2935,0.3923,2.1947,1.59311157801329,91,0.0325,16,1.8024,NA,NA,NA,6.5548087013154,NA,NA,NA
2541834,"Josh Hill","NO","TE",30,7,NA,1.27066666666667,0.6736,1.816,0.722731854378464,57,0.0609999999999999,9,1.1424,NA,NA,NA,4.85665138024612,NA,NA,NA
2563986,"AJ Dillon","GB","RB",50,0,NA,1.2695,1.0939,1.4451,0.310419876940894,92,0.0282500000000001,16,0.3512,NA,NA,NA,3.42121725939097,NA,NA,NA
2558138,"Samaje Perine","CIN","RB",25,3,NA,1.2525,0.6625,1.8425,1.04298250225016,93,0.0925,16,1.18,NA,NA,NA,5.21085382710525,NA,NA,NA
2560801,"Ray-Ray McCloud","PIT","WR",NA,2,NA,1.2435,0.8972,1.6552,0.494457531037803,121,0.0634166666666667,10,0.758,NA,NA,NA,3.35516262841265,NA,NA,NA
2553728,"Raheem Mostert","SF","RB",NA,NA,NA,1.23,0.15,2.31,1.90918830920368,94,0.14625,16,2.16,NA,NA,NA,7.32697814703768,NA,NA,NA
2555289,"Nick Vannett","DEN","TE",NA,4,NA,1.22466666666667,0.8828,1.6028,0.456799007587947,59,0.114833333333333,9,0.72,NA,NA,NA,3.96017907903228,NA,NA,NA
2561482,"Chad Beebe","MIN","WR",50,2,NA,1.20666666666667,0.604,1.9,0.833446658961048,122,0.0550833333333332,10,1.296,NA,NA,NA,4.08258826439039,NA,NA,NA
2495888,"Marcedes Lewis","GB","TE",36,14,NA,1.19466666666667,0.7312,1.656,0.578018454146002,61,0.170416666666666,9,0.9248,NA,NA,NA,4.36881561084578,NA,NA,NA
2558954,"Taysom Hill","NO","QB",30,3,NA,1.174,0.9544,1.3784,0.267035578153923,39,0.452166666666667,9,0.424,NA,NA,NA,2.98212595382484,NA,NA,NA
2556381,"Mike Thomas","CIN","WR",26,4,NA,1.1535,0.8443,1.4627,0.546593541857201,123,0.125666666666667,10,0.6184,NA,NA,NA,3.46703958169426,NA,NA,NA
2557863,"Zay Jones","LVR","WR",25,3,NA,1.14966666666667,0.4152,1.688,0.901742941937076,124,0.26075,10,1.2728,NA,NA,NA,4.22914301493095,NA,NA,NA
2564640,"J.J. Taylor","NE","RB",50,0,NA,1.09,1.074,1.106,0.0282842712474619,95,0.0669166666666667,17,0.032,NA,NA,NA,2.73196533804156,NA,NA,NA
2559150,"Corey Clement","PHI","RB",NA,3,NA,1.0775,0.8704,1.2812,0.256855504126347,96,0.143166666666666,17,0.4108,NA,NA,NA,3.29036051485651,NA,NA,NA
2562654,"Zach Gentry","PIT","TE",50,1,NA,1.025,0.765,1.285,0.459619407771256,63,0.0464166666666668,10,0.52,NA,NA,NA,3.96968678247392,NA,NA,NA
2564703,"Adam Trautman","NO","TE",50,0,NA,1.0235,0.8823,1.1647,0.249608693758851,64,0.134666666666667,10,0.2824,NA,NA,NA,3.26173065617199,NA,NA,NA
2561099,"Mike Boone","MIN","RB",50,2,NA,0.968666666666667,0.4802,1.4362,0.599216432796476,97,0.0879166666666666,17,0.956,NA,NA,NA,4.12674175536276,NA,NA,NA
2552622,"Chris Manhertz","CAR","TE",NA,NA,NA,0.933666666666667,0.4642,1.4882,0.665973222684917,65,0.102833333333333,10,1.024,NA,NA,NA,4.66531532762173,NA,NA,NA
2553432,"Kevin White","FA","WR",27,5,NA,0.906,0.1564,1.798,1.07132068028205,126,0.100083333333333,10,1.6416,NA,NA,NA,4.59303431409731,NA,NA,NA
2556528,"D.J. Foster","FA","RB",NA,4,NA,0.9,0.9,0.9,NA,98,0.0420833333333335,17,0,NA,NA,NA,NA,NA,NA,NA
2558821,"Jamal Agnew","DET","WR",NA,3,NA,0.871833333333333,0.672,1.0804,0.255949376505069,127,0.1375,11,0.4084,NA,NA,NA,2.84335581307392,NA,NA,NA
2560835,"Rashaad Penny","SEA","RB",24,2,NA,0.8615,0.3027,1.4203,0.987828173317607,99,0.00800000000000023,17,1.1176,NA,NA,NA,5.07611284999935,NA,NA,NA
2552471,"T.J. Yeldon","BUF","RB",27,5,NA,0.854333333333333,0.2454,1.295,0.750370797228499,100,0.0275833333333332,17,1.0496,NA,NA,NA,4.49600899424621,NA,NA,NA
2556803,"C.J. Ham","MIN","RB",27,4,NA,0.852666666666667,0.7602,0.9354,0.111509341910592,101,0.131166666666667,18,0.1752,NA,NA,NA,2.93528260357427,NA,NA,NA
2495347,"Lee Smith","BUF","TE",33,9,NA,0.844,0.2176,1.552,0.852506891467746,66,0.031,10,1.3344,NA,NA,NA,5.29412921551024,NA,NA,NA
2541187,"Demetrius Harris","CHI","TE",29,7,NA,0.817666666666667,0.4744,1.2,0.461320206942351,67,0.10325,10,0.7256,NA,NA,NA,3.97542025754184,NA,NA,NA
2557886,"Jeremy Sprinkle","WAS","TE",26,3,NA,0.808333333333333,0.264,1.22,0.662954246787313,68,0.27025,10,0.956,NA,NA,NA,4.65513821598285,NA,NA,NA
79607,"LeSean McCoy","TB","RB",32,11,NA,0.800833333333333,0.2281,1.2473,0.693183297067474,102,0.16225,18,1.0192,NA,NA,NA,4.35630101847945,NA,NA,NA
2539275,"Mike Glennon","FA","QB",31,7,NA,0.791,-0.361,2.0214,1.49864372016834,40,0.172666666666667,10,2.3824,NA,NA,NA,5.44865021122951,NA,NA,NA
2564202,"Collin Johnson","JAC","WR",50,0,NA,0.74,0.74,0.74,NA,128,0.0756666666666665,11,0,NA,NA,NA,NA,NA,NA,NA
2562713,"Riley Ridley","CHI","WR",50,1,NA,0.728666666666667,0.2468,1.098,0.585137020990241,129,0.142666666666667,11,0.8512,NA,NA,NA,3.54974876765817,NA,NA,NA
2552033,"Jameis Winston","NO","QB",26,5,NA,0.652666666666667,0.1096,1.0936,0.653545203741358,42,0.0756666666666668,10,0.984,NA,NA,NA,3.75618333028269,NA,NA,NA
2552636,"Michael Burton","NO","RB",28,5,NA,0.642166666666667,0.5366,0.7882,0.180009953428507,104,0.0136666666666666,19,0.2516,NA,NA,NA,3.10262829532519,NA,NA,NA
2563938,"Jason Huntley","PHI","RB",50,0,NA,0.635,0.495,0.775,0.247487373415292,105,0.0456666666666667,19,0.28,NA,NA,NA,3.26747434961629,NA,NA,NA
2562407,"Justice Hill","BAL","RB",50,1,NA,0.622,0.169,1.0546,0.555259398839858,106,0.095,19,0.8856,NA,NA,NA,4.019355557024,NA,NA,NA
2558929,"Cethan Carter","CIN","TE",27,3,NA,0.6205,0.4129,0.8281,0.366988419435818,73,0.169666666666667,10,0.4152,NA,NA,NA,3.65742330588957,NA,NA,NA
2558911,"C.J. Board","NYG","WR",50,3,NA,0.6,0.6,0.6,NA,130,0.0498333333333334,11,0,NA,NA,NA,NA,NA,NA,NA
2562651,"Ryan Finley","CIN","QB",50,1,NA,0.584,0.3408,0.8272,0.429920922961421,43,0.0165000000000001,10,0.4864,NA,NA,NA,3.30833413679958,NA,NA,NA
2560051,"Justin Watson","TB","WR",NA,2,NA,0.572,0.0312,1.2792,0.859181005376632,131,0.0690000000000001,11,1.248,NA,NA,NA,4.13781075315429,NA,NA,NA
2563043,"David Blough","FA","QB",50,1,NA,0.57,0.306,0.834,0.466690475583121,44,0.094,10,0.528,NA,NA,NA,3.3819720012968,NA,NA,NA
2555261,"Jacoby Brissett","IND","QB",28,4,NA,0.565,0.022,1.146,0.707301208821249,45,0.1875,10,1.124,NA,NA,NA,3.8638397235685,NA,NA,NA
2558833,"Alexander Armah","CAR","RB",26,3,NA,0.556666666666667,0.4524,0.6572,0.128254954420222,107,0.0702499999999999,19,0.2048,NA,NA,NA,2.97619181660347,NA,NA,NA
2562677,"KeeSean Johnson","ARI","WR",50,1,NA,0.528333333333333,0.048,1.18,0.798848129079197,133,0.0559999999999999,11,1.132,NA,NA,NA,4.00834441545816,NA,NA,NA
2556762,"Elijhaa Penny","NYG","RB",27,4,NA,0.497333333333333,0.243,0.8022,0.366224430279212,108,0.0364166666666667,19,0.5592,NA,NA,NA,3.55754672235949,NA,NA,NA
2556519,"Alex Erickson","CIN","WR",28,4,NA,0.477666666666667,0.0444,1.026,0.662152802103361,134,0.0176666666666667,11,0.9816,NA,NA,NA,3.71501440287116,NA,NA,NA
2561344,"Buddy Howell","HOU","RB",50,2,NA,0.4755,0.2521,0.7337,0.310286561101186,109,0.0363333333333333,19,0.4816,NA,NA,NA,3.42089157132888,NA,NA,NA
2556861,"Jaydon Mickens","TB","WR",26,4,NA,0.467,0.4168,0.528,0.0733280301112746,135,0.0223333333333334,12,0.1112,NA,NA,NA,2.45147466379501,NA,NA,NA
2534241,"Derek Carrier","LVR","TE",30,8,NA,0.455666666666667,0.0776,0.936,0.580393257484383,75,0.0248333333333333,11,0.8584,NA,NA,NA,4.37682118608548,NA,NA,NA
2562466,"JJ Arcega-Whiteside","PHI","WR",NA,1,NA,0.453,0.2192,0.748,0.356071622008831,136,0.0236666666666667,12,0.5288,NA,NA,NA,3.05820485132267,NA,NA,NA
2552429,"Ty Montgomery","NO","RB",27,5,NA,0.446333333333333,0.169,0.6634,0.335419637668001,110,0.0168333333333334,19,0.4944,NA,NA,NA,3.48229119960523,NA,NA,NA
2556463,"Stephen Anderson","LAC","TE",27,4,NA,0.446,0.0828000000000001,0.8092,0.642052957317385,77,0.0978333333333333,11,0.7264,NA,NA,NA,4.58467897299884,NA,NA,NA
2560243,"Brandon Zylstra","CAR","WR",27,3,NA,0.436333333333333,0.1672,0.64,0.32773515730439,137,0.0474166666666667,12,0.4728,NA,NA,NA,2.99739856238571,NA,NA,NA
2555432,"Andy Janovich","CLE","RB",27,4,NA,0.432,0.304,0.6048,0.211546685154838,111,0.0128333333333333,20,0.3008,NA,NA,NA,3.17967193142362,NA,NA,NA
2564043,"Darrynton Evans","TEN","RB",50,0,NA,0.427,0.427,0.427,NA,112,0.0198333333333334,20,0,NA,NA,NA,NA,NA,NA,NA
2558010,"John Ross","CIN","WR",NA,3,NA,0.422333333333333,-0.0184,1.032,0.751509370090176,138,0.0733333333333334,12,1.0504,NA,NA,NA,3.90676172732021,NA,NA,NA
2540203,"Levine Toilolo","NYG","TE",29,7,NA,0.415666666666667,0.2354,0.6114,0.237373826133661,78,0.165,11,0.376,NA,NA,NA,3.22048633427879,NA,NA,NA
2559362,"Dare Ogunbowale","FA","RB",NA,3,NA,0.411333333333333,0.1048,0.7688,0.429401133362889,113,0.0185833333333333,20,0.664,NA,NA,NA,3.71188620701234,NA,NA,NA
2558990,"Patrick Ricard","BAL","RB",26,3,NA,0.403,0.2584,0.5248,0.173663467660876,115,0.0284166666666666,20,0.2664,NA,NA,NA,3.0871239512407,NA,NA,NA
2539308,"Matt Barkley","BUF","QB",30,7,NA,0.387,-0.0190000000000001,0.7458,0.488801595742076,46,0.0331666666666667,10,0.7648,NA,NA,NA,3.4262536298197,NA,NA,NA
2555220,"Derek Watt","PIT","RB",28,4,NA,0.3825,0.1215,0.6655,0.343320185832409,116,0.0991666666666667,20,0.544,NA,NA,NA,3.50159208858253,NA,NA,NA
2561187,"Tim Boyle","GB","QB",50,2,NA,0.368,0.0816000000000001,0.6544,0.506288455329568,47,0.0321666666666667,10,0.5728,NA,NA,NA,3.46127431690921,NA,NA,NA
2556118,"Dwayne Washington","NO","RB",NA,4,NA,0.366666666666667,0.2468,0.5044,0.165581802542832,117,0.180416666666667,20,0.2576,NA,NA,NA,3.06738059698868,NA,NA,NA
497320,"Andre Roberts","BUF","WR",32,10,NA,0.3555,0.2775,0.4319,0.0965621561482551,142,0.0159166666666667,13,0.1544,NA,NA,NA,2.50133201176478,NA,NA,NA
2555317,"Tajae Sharpe","MIN","WR",26,4,NA,0.3425,0.1045,0.5805,0.420728534805996,143,0.0093333333333333,13,0.476,NA,NA,NA,3.19694999692653,NA,NA,NA
2562660,"Dwayne Haskins","WAS","QB",50,1,NA,0.339666666666667,0.023,0.6982,0.431625223235776,48,0.0166666666666667,10,0.6752,NA,NA,NA,3.31174731492433,NA,NA,NA
2553502,"DeAndre Carter","HOU","WR",27,5,NA,0.336666666666667,0.078,0.598,0.325051278005999,144,0.0175,13,0.52,NA,NA,NA,2.99163931394763,NA,NA,NA
2495240,"Tyrod Taylor","LAC","QB",31,9,NA,0.332,0.008,0.7728,0.540769821643183,50,0.034,10,0.7648,NA,NA,NA,3.53032966295611,NA,NA,NA
2561272,"Trent Sherfield","ARI","WR",50,2,NA,0.329666666666667,0.0892,0.61,0.336749659737517,145,0.0253333333333333,13,0.5208,NA,NA,NA,3.016742487088,NA,NA,NA
2552466,"Marcus Mariota","LVR","QB",27,5,NA,0.314,0.006,0.7356,0.51810037637508,51,0.0423333333333333,10,0.7296,NA,NA,NA,3.48492988461084,NA,NA,NA
2557870,"Taywan Taylor","FA","WR",NA,3,NA,0.308666666666667,0.0818,0.577,0.322258178070524,147,0.0171666666666667,13,0.4952,NA,NA,NA,2.98564569253163,NA,NA,NA
2560987,"Deon Cain","FA","WR",24,2,NA,0.3,0.3,0.3,NA,148,0.0262500000000001,13,0,NA,NA,NA,NA,NA,NA,NA
4487,"Matthew Slater","NE","WR",35,12,NA,0.283,0.0934,0.4726,0.335168614282424,149,0.02175,13,0.3792,NA,NA,NA,3.01334977357318,NA,NA,NA
2495441,"Blaine Gabbert","TB","QB",31,9,NA,0.282,0.002,0.6708,0.47980412670172,52,0.0234666666666667,10,0.6688,NA,NA,NA,3.40823452545831,NA,NA,NA
2561027,"Tyler Conklin","MIN","TE",NA,2,NA,0.280666666666667,0.0736,0.52,0.287613166133495,80,0.0738333333333333,11,0.4464,NA,NA,NA,3.3898455438863,NA,NA,NA
2561029,"Keke Coutee","HOU","WR",23,2,NA,0.2645,-0.1143,0.6433,0.669630121783661,150,0.0354999999999999,13,0.7576,NA,NA,NA,3.73105973759081,NA,NA,NA
497123,"Colt McCoy","NYG","QB",34,10,NA,0.261333333333333,0.004,0.6152,0.435436945301307,53,0.0294666666666666,10,0.6112,NA,NA,NA,3.31938099695062,NA,NA,NA
2555419,"Pharoh Cooper","CAR","WR",25,4,NA,0.258,0.1772,0.35,0.110688752816174,151,0.067,13,0.1728,NA,NA,NA,2.53164581158578,NA,NA,NA
2555427,"Nate Sudfeld","PHI","QB",27,4,NA,0.255733333333333,0.00224,0.60704,0.433279832594749,54,0.0644,10,0.6048,NA,NA,NA,3.31506097775362,NA,NA,NA
2553454,"Geoff Swaim","TEN","TE",NA,NA,NA,0.220666666666667,0.0536,0.436,0.260847337217257,81,0.0341666666666667,11,0.3824,NA,NA,NA,3.29961665891769,NA,NA,NA
2560942,"Logan Woodside","TEN","QB",25,2,NA,0.208,-0.2864,0.7024,0.873983981546573,55,0.0406666666666667,10,0.9888,NA,NA,NA,4.1976529618815,NA,NA,NA
2562804,"Penny Hart","FA","WR",50,1,NA,0.2,0.128,0.272,0.127279220613579,153,0.055,14,0.144,NA,NA,NA,2.56724675154108,NA,NA,NA
2563327,"D'Ernest Johnson","CLE","RB",NA,1,NA,0.2,0.2,0.2,NA,118,0.0505833333333333,21,0,NA,NA,NA,NA,NA,NA,NA
2558875,"Johnny Mundt","LAR","TE",50,3,NA,0.193,0.1186,0.2674,0.131521861300698,83,0.053,13,0.1488,NA,NA,NA,2.86365431579346,NA,NA,NA
2560729,"Robert Foster","FA","WR",NA,2,NA,0.182,0.182,0.182,NA,154,0.078,14,0,NA,NA,NA,NA,NA,NA,NA
2562394,"Donald Parham","LAC","TE",NA,1,NA,0.18,0.18,0.18,NA,84,0.1295,13,0,NA,NA,NA,NA,NA,NA,NA
2552588,"Brett Hundley","ARI","QB",27,5,NA,0.174666666666667,-0.021,0.4102,0.282984687453815,57,0.0183333333333333,10,0.4312,NA,NA,NA,3.01406701009931,NA,NA,NA
2495262,"Nick Bellore","SEA","RB",31,9,NA,0.1725,0.1625,0.1825,0.0176776695296637,119,0.0593333333333333,21,0.02,NA,NA,NA,2.70605361167504,NA,NA,NA
2562745,"Easton Stick","LAC","QB",NA,1,NA,0.16,0.16,0.16,NA,58,0.0261666666666667,10,0,NA,NA,NA,NA,NA,NA,NA
2543497,"AJ McCarron","HOU","QB",30,6,NA,0.152666666666667,0.002,0.3604,0.255815037347951,59,0.0386666666666667,10,0.3584,NA,NA,NA,2.95965473498906,NA,NA,NA
2495467,"Taiwan Jones","BUF","RB",32,9,NA,0.126333333333333,0.0198,0.2598,0.160935805007255,120,0.0393333333333333,21,0.24,NA,NA,NA,3.05603051332905,NA,NA,NA
2558167,"Joshua Dobbs","PIT","QB",25,3,NA,0.115,0.023,0.207,0.162634559672906,61,0.00216666666666668,10,0.184,NA,NA,NA,2.77304350641587,NA,NA,NA
2552576,"Sean Mannion","MIN","QB",28,5,NA,0.113,-0.01,0.2772,0.200442011564442,62,0.0326666666666667,10,0.2872,NA,NA,NA,2.84875995714395,NA,NA,NA
2533033,"Robert Griffin","BAL","QB",30,8,NA,0.112666666666667,0.00599999999999998,0.2524,0.169827363323268,63,0.0686666666666667,10,0.2464,NA,NA,NA,2.78744843285079,NA,NA,NA
2560836,"Dante Pettis","SF","WR",25,2,NA,0.108,-0.076,0.2952,0.232103425222464,155,0.00800000000000001,14,0.3712,NA,NA,NA,2.79218556940413,NA,NA,NA
2539289,"Kenjon Barner","FA","RB",31,7,NA,0.1,0.1,0.1,NA,121,0.04075,21,0,NA,NA,NA,NA,NA,NA,NA
2562691,"Isaac Nauta","FA","TE",50,1,NA,0.1,0.1,0.1,NA,85,0.0995,13,0,NA,NA,NA,NA,NA,NA,NA
2563572,"James Proche","BAL","WR",50,0,NA,0.1,0.1,0.1,NA,156,0.02,14,0,NA,NA,NA,NA,NA,NA,NA
2564130,"Dezmon Patmon","IND","WR",50,0,NA,0.1,0.1,0.1,NA,156,0.047,14,0,NA,NA,NA,NA,NA,NA,NA
2562784,"Dexter Williams","FA","RB",NA,1,NA,0.074,0.074,0.074,NA,122,0.05175,22,0,NA,NA,NA,NA,NA,NA,NA
2565048,"K.J. Hill","LAC","WR",50,0,NA,0.0600000000000001,0.0600000000000001,0.0600000000000001,NA,158,0.0330000000000001,15,0,NA,NA,NA,NA,NA,NA,NA
2562404,"Will Grier","CAR","QB",50,1,NA,0.0479999999999999,-0.3104,0.4064,0.633567675943147,65,0.00799999999999993,10,0.7168,NA,NA,NA,3.71617461709192,NA,NA,NA
238498,"Julian Edelman","NE","WR",34,11,NA,0.046,0.046,0.046,NA,160,0.042,15,0,NA,NA,NA,NA,NA,NA,NA
2550633,"Senorise Perry","TEN","RB",29,6,NA,0.0445,0.0337,0.0553,0.0190918830920368,123,0.0445,22,0.0216,NA,NA,NA,2.70950850852391,NA,NA,NA
2541185,"Ryan Griffin","TB","QB",31,7,NA,0.04,0.04,0.04,NA,66,0,10,0,NA,NA,NA,NA,NA,NA,NA
2558191,"Nathan Peterman","LVR","QB",26,3,NA,0.04,0.00800000000000001,0.072,0.0565685424949238,66,NA,10,0.064,NA,NA,NA,2.56062658959694,NA,NA,NA
2563881,"Tyrie Cleveland","DEN","WR",50,0,NA,0.008,0.008,0.008,NA,163,0.008,15,0,NA,NA,NA,NA,NA,NA,NA
2558864,"Mason Schreck","CIN","TE",NA,3,NA,0.001,0.001,0.001,NA,87,0.001,0,0,NA,NA,NA,NA,NA,NA,NA
2562906,"Cullen Gillaspia","HOU","RB",50,1,NA,0,0,0,NA,124,NA,22,0,NA,NA,NA,NA,NA,NA,NA
2564349,"Brycen Hopkins","LAR","TE",50,0,NA,0,0,0,NA,88,NA,0,0,NA,NA,NA,NA,NA,NA,NA
2564760,"Austin Mack","FA","WR",NA,0,NA,0,0,0,NA,164,NA,15,0,NA,NA,NA,NA,NA,NA,NA
