"playerId","player","team","position","age","exp","bye","points","lower","upper","sdPts","positionRank","dropoff","tier","ptSpread","overallECR","positionECR","sdRank","risk","sleeper","actualPoints","salary"
2532975,"Russell Wilson","SEA","QB",32,8,NA,23.6564,21.8082,26.04,2.06047522285516,1,1.41026666666667,1,4.2318,NA,NA,NA,6.85150459619025,NA,NA,NA
2562382,"Kyler Murray","ARI","QB",50,1,NA,22.831,20.358,25.711,2.79387249243769,2,2.0238,1,5.353,NA,NA,NA,8.39886722138676,NA,NA,NA
2558125,"Patrick Mahomes","KC","QB",NA,3,NA,21.6612666666667,20.5149,22.7159,1.16144448453926,3,1.780405,2,2.201,NA,NA,NA,4.95467920418313,NA,NA,NA
2558063,"Deshaun Watson","HOU","QB",25,3,NA,19.9531333333333,18.6011,21.2073,1.1791254974203,4,0.269638333333333,3,2.6062,NA,NA,NA,4.99198359518981,NA,NA,NA
2560955,"Josh Allen","BUF","QB",24,2,NA,19.80859,17.91845,21.23212,1.71480598479828,5,0.299673333333338,3,3.31367,NA,NA,NA,6.12219228234181,NA,NA,NA
2506363,"Aaron Rodgers","GB","QB",37,15,NA,19.5584,18.2832,20.696,1.13338031039894,6,0.549663333333335,3,2.4128,NA,NA,NA,4.89546783815711,NA,NA,NA
2495455,"Cam Newton","NE","QB",31,9,NA,19.4594333333333,16.98658,22.9517,3.55539134836096,7,1.23229666666667,3,5.96512,NA,NA,NA,10.0055623440845,NA,NA,NA
79860,"Matthew Stafford","DET","QB",32,11,NA,18.55804,17.8008,19.35408,0.763342130371434,8,0.747689999999999,4,1.55328,NA,NA,NA,4.11474056602501,NA,NA,NA
2565045,"Justin Herbert","LAC","QB",50,0,NA,17.8962333333333,17.0537,18.70738,0.888503858554744,9,0.214533333333335,4,1.65368,NA,NA,NA,4.37881378844933,NA,NA,NA
2558019,"Alvin Kamara","NO","RB",24,3,NA,17.8454,17.4728,18.18,0.372244274636964,1,0.670166666666663,1,0.7072,NA,NA,NA,4.09031745053864,NA,NA,NA
310,"Matt Ryan","ATL","QB",35,12,NA,17.7244666666667,16.7401,18.4053,0.940554633536334,10,0.442400000000003,4,1.6652,NA,NA,NA,4.48863342803549,NA,NA,NA
2504211,"Tom Brady","TB","QB",43,20,NA,17.6389333333333,16.3074,18.661,1.36731568069216,11,0.725933333333334,4,2.3536,NA,NA,NA,5.38903778137395,NA,NA,NA
2558116,"Aaron Jones","GB","RB",26,3,NA,17.5752,17.09,18.04435,0.43012005300846,2,0.859383333333334,1,0.954350000000002,NA,NA,NA,4.2595155808699,NA,NA,NA
2504775,"Drew Brees","NO","QB",41,19,NA,16.9252,15.1927,18.1499,1.41122611653838,12,0.22503,5,2.9572,NA,NA,NA,5.48168247764232,NA,NA,NA
2532956,"Ryan Tannehill","TEN","QB",32,8,NA,16.9008,16.538,17.202,0.340139971188334,13,0.839105,5,0.664000000000001,NA,NA,NA,3.22184495380771,NA,NA,NA
2556075,"Derrick Henry","TEN","RB",26,4,NA,16.7752666666667,15.935,17.9133,1.07834062645653,3,0.525516666666668,2,1.9783,NA,NA,NA,6.15456930033201,NA,NA,NA
2557917,"Kareem Hunt","CLE","RB",25,3,NA,16.6563666666667,15.96,17.46375,0.718101626976757,4,1.39065,2,1.50375,NA,NA,NA,5.10142121490774,NA,NA,NA
2506109,"Ben Roethlisberger","PIT","QB",38,16,NA,16.49954,15.80932,16.876,0.71762549982564,14,1.01619833333333,5,1.06668,NA,NA,NA,4.01828505904345,NA,NA,NA
2555224,"Ezekiel Elliott","DAL","RB",25,4,NA,15.8431333333333,15.279,16.455,0.636095862796376,5,1.3666,3,1.176,NA,NA,NA,4.86167978306655,NA,NA,NA
2555259,"Carson Wentz","PHI","QB",28,4,NA,15.62385,13.54215,17.202,2.15155228556036,15,0.405566666666669,5,3.65985,NA,NA,NA,7.04366408285282,NA,NA,NA
2563722,"Joe Burrow","CIN","QB",50,0,NA,15.3428333333333,13.6398333333333,16.4301,1.82205131651115,16,0.317941666666668,6,2.79026666666667,NA,NA,NA,6.34846448828246,NA,NA,NA
2555334,"Jared Goff","LAR","QB",26,4,NA,15.0937333333333,13.1621,16.4451,1.73667477976352,17,0.299508333333332,6,3.283,NA,NA,NA,6.16833229048032,NA,NA,NA
2495143,"Andy Dalton","DAL","QB",33,9,NA,14.95605,13.40795,16.3208,1.52862647088816,18,0.440016666666667,6,2.91285,NA,NA,NA,5.72938031896246,NA,NA,NA
2553439,"Mike Davis","CAR","RB",27,5,NA,14.6883,13.5805,15.74,1.1102627706989,6,0.489683333333332,4,2.1595,NA,NA,NA,6.2478927470994,NA,NA,NA
2562796,"Gardner Minshew","JAC","QB",50,1,NA,14.6324,12.6616,16.504,1.99366617065145,19,0.263006666666667,6,3.8424,NA,NA,NA,6.7105471169462,NA,NA,NA
2543465,"Teddy Bridgewater","CAR","QB",28,6,NA,14.3996666666667,12.4108,16.5342,1.93469445925362,20,0.429606666666666,6,4.1234,NA,NA,NA,6.58612529817831,NA,NA,NA
2543499,"Derek Carr","LVR","QB",29,6,NA,14.33912,11.5268,16.52856,2.56765633837552,21,0.776044999999998,6,5.00176,NA,NA,NA,7.92158371280383,NA,NA,NA
2558865,"Chris Carson","SEA","RB",26,3,NA,14.2647666666667,13.66,14.9128,0.665638946176278,7,0.239866666666666,4,1.2528,NA,NA,NA,4.94804811560135,NA,NA,NA
2557976,"Joe Mixon","CIN","RB",24,3,NA,14.1324666666667,13.3039,15.15625,0.918303744229907,8,0.236583333333334,4,1.85235,NA,NA,NA,5.68670619734307,NA,NA,NA
2562377,"Josh Jacobs","LVR","RB",50,1,NA,13.9173333333333,13.075,14.8315,0.907842203616172,9,0.266533333333335,4,1.7565,NA,NA,NA,5.65612219204699,NA,NA,NA
2557978,"James Conner","PIT","RB",25,3,NA,13.8744333333333,12.7335,15.2198,1.3900071390704,10,0.492433333333331,4,2.4863,NA,NA,NA,7.06571715362983,NA,NA,NA
2543495,"Davante Adams","GB","WR",28,6,NA,13.7402,12.4484,15.652,1.77955196608585,1,0.607741666666668,1,3.2036,NA,NA,NA,6.36848464062884,NA,NA,NA
2560800,"Baker Mayfield","CLE","QB",25,2,NA,13.601,11.3872,14.9004,2.41899676174511,22,0.823925000000001,6,3.5132,NA,NA,NA,7.60793341398778,NA,NA,NA
2543801,"Jimmy Garoppolo","SF","QB",29,6,NA,13.52515,11.4691,15.6334,2.077159415524,23,1.59561666666666,6,4.1643,NA,NA,NA,6.88670584009731,NA,NA,NA
2552475,"Todd Gurley","ATL","RB",26,5,NA,13.4271666666667,13.33,13.50825,0.0834521819167516,11,0.317541666666665,5,0.178249999999998,NA,NA,NA,3.24604228884551,NA,NA,NA
2540165,"DeAndre Hopkins","ARI","WR",28,7,NA,13.3401666666667,11.11175,16.12875,2.45016727320129,2,0.508891666666669,1,5.017,NA,NA,NA,7.84908153503816,NA,NA,NA
2560770,"Ronald Jones","TB","RB",23,2,NA,13.3368333333333,12.7205,13.95,0.721535145829132,12,0.489808333333336,5,1.2295,NA,NA,NA,5.11145900595999,NA,NA,NA
2556214,"Tyreek Hill","KC","WR",26,4,NA,12.92475,10.987875,15.706375,2.29972020037221,3,0.258766666666666,1,4.7185,NA,NA,NA,7.51692170146406,NA,NA,NA
2565276,"Antonio Gibson","WAS","RB",50,0,NA,12.8824166666667,11.9637,13.7432,0.987377798346037,13,0.19035,5,1.7795,NA,NA,NA,5.88864215638678,NA,NA,NA
2553435,"David Johnson","HOU","RB",29,5,NA,12.8116333333333,12.24125,13.56365,0.695897339171998,14,0.252841666666667,6,1.3224,NA,NA,NA,5.03650763469138,NA,NA,NA
2562685,"DK Metcalf","SEA","WR",50,1,NA,12.7378,10.9916,15.236,2.226635174428,4,0.167216666666667,1,4.2444,NA,NA,NA,7.35556322769722,NA,NA,NA
2560854,"Calvin Ridley","ATL","WR",26,2,NA,12.5941666666667,10.68925,14.738,1.99059560601009,5,0.101133333333333,1,4.04875,NA,NA,NA,6.83443069724469,NA,NA,NA
2562502,"David Montgomery","CHI","RB",50,1,NA,12.5725,11.5182,13.8468,1.29180455178018,15,0.0499583333333344,6,2.3286,NA,NA,NA,6.77862478734592,NA,NA,NA
2552608,"Stefon Diggs","BUF","WR",27,5,NA,12.547,10.8635,15.01975,1.99554681729094,6,0.407133333333334,1,4.15625,NA,NA,NA,6.84536207320378,NA,NA,NA
2564271,"Clyde Edwards-Helaire","KC","RB",50,0,NA,12.5450833333333,10.9296,14.1717,1.77528458594984,16,0.11275,6,3.2421,NA,NA,NA,8.19206440121878,NA,NA,NA
2564223,"James Robinson","JAC","RB",50,0,NA,12.5,12.276,12.724,0.395979797464466,17,0.3667,6,0.448,NA,NA,NA,4.15970755116191,NA,NA,NA
2558052,"Kenny Golladay","DET","WR",27,3,NA,12.4390666666667,11.2792,14.452,1.90056188183039,7,0.618483333333332,1,3.1728,NA,NA,NA,6.63565257363467,NA,NA,NA
2562734,"Devin Singletary","BUF","RB",50,1,NA,12.3646666666667,10.9752,13.8084,1.55776556501791,18,0.465866666666665,6,2.8332,NA,NA,NA,7.55615396184756,NA,NA,NA
2532842,"Nick Foles","CHI","QB",31,8,NA,12.029,10.7732,13.2912,1.41669709771238,24,0.281583333333332,7,2.518,NA,NA,NA,5.49322546006522,NA,NA,NA
2555230,"Kenyan Drake","ARI","RB",NA,4,NA,11.9019333333333,11.67,12.22805,0.269972973956035,19,0.0726833333333339,7,0.558049999999998,NA,NA,NA,3.7913303207123,NA,NA,NA
2543715,"Jerick McKinnon","SF","RB",28,6,NA,11.8956666666667,10.5071,13.7569,1.95425126327195,20,0.970833333333333,7,3.2498,NA,NA,NA,8.71526820160879,NA,NA,NA
2562489,"Terry McLaurin","WAS","WR",50,1,NA,11.8406666666667,10.38625,14.20125,1.85076042930107,8,0.0593749999999993,2,3.815,NA,NA,NA,6.52570000444988,NA,NA,NA
2562299,"Daniel Jones","NYG","QB",50,1,NA,11.8300666666667,10.0662,13.34412,1.79672477828099,25,0.291733333333335,7,3.27792,NA,NA,NA,6.29502913979084,NA,NA,NA
2552430,"Tyler Lockett","SEA","WR",28,5,NA,11.8005,10.06775,14.34375,2.07078994589022,9,0.118091666666668,2,4.276,NA,NA,NA,7.01148524597912,NA,NA,NA
2543583,"Devonta Freeman","FA","RB",28,6,NA,11.7628333333333,10.2749,13.3965,1.69252733442559,21,1.74783333333333,7,3.1216,NA,NA,NA,7.95012601830185,NA,NA,NA
2555346,"Will Fuller","HOU","WR",26,4,NA,11.7620833333333,9.871875,14.524375,2.26858087064726,10,0.236983333333333,2,4.6525,NA,NA,NA,7.44817171261715,NA,NA,NA
2562305,"Drew Lock","DEN","QB",50,1,NA,11.6647666666667,10.2984,12.81388,1.39100809007952,26,0.566516666666667,7,2.51548,NA,NA,NA,5.43902535333167,NA,NA,NA
2556462,"Robby Anderson","CAR","WR",27,4,NA,11.6027333333333,9.1408,14.334,2.6012971379679,11,0.2349,2,5.1932,NA,NA,NA,8.1827488492968,NA,NA,NA
2540258,"Travis Kelce","KC","TE",31,7,NA,11.4966666666667,10.295,13.2583333333333,1.41124058898545,1,2.50316666666667,1,2.96333333333333,NA,NA,NA,7.09324316426739,NA,NA,NA
2495454,"Julio Jones","ATL","WR",31,9,NA,11.4474666666667,9.9676,12.77,1.43263040127825,12,0.160033333333335,2,2.8024,NA,NA,NA,5.60254478508461,NA,NA,NA
2561177,"Kyle Allen","WAS","QB",50,2,NA,11.4119,10.2873,12.50018,1.2122557100986,27,3.15676666666667,7,2.21288,NA,NA,NA,5.06188357299093,NA,NA,NA
2543468,"Mike Evans","TB","WR",27,6,NA,11.2882,9.5084,13.384,1.93545503693576,13,0.0990666666666655,2,3.8756,NA,NA,NA,6.71269032767487,NA,NA,NA
2552487,"Amari Cooper","DAL","WR",26,5,NA,11.2866666666667,9.23786666666667,13.8666,2.36064923979259,14,0.293366666666667,2,4.62873333333333,NA,NA,NA,7.6514419630626,NA,NA,NA
100025,"Eagles","PHI","DST",NA,NA,NA,11.258,11.134,11.36,0.117558496077485,1,0.306333333333333,1,0.225999999999999,NA,NA,NA,2.89207143686635,NA,NA,NA
100003,"Bills","BUF","DST",NA,NA,NA,11.1853333333333,10.8893333333333,11.5133333333333,0.33043405797022,2,0.586333333333332,1,0.623999999999999,NA,NA,NA,3.57348695320395,NA,NA,NA
2543496,"Odell Beckham","CLE","WR",28,6,NA,11.0916,8.7058,13.6402,2.42636771739157,15,0.246066666666666,2,4.9344,NA,NA,NA,7.79653643496915,NA,NA,NA
2558105,"Chris Godwin","TB","WR",24,3,NA,10.895,9.066,12.936,2.14366508578183,16,0.167091666666664,2,3.87,NA,NA,NA,7.17238032943206,NA,NA,NA
2540169,"Robert Woods","LAR","WR",28,7,NA,10.7960666666667,9.0154,13.1502,2.46101123524457,17,0.158991666666667,2,4.1348,NA,NA,NA,7.87302303526044,NA,NA,NA
2561036,"Sam Darnold","NYJ","QB",23,2,NA,10.7846,8.54732,13.02188,3.9549896485326,28,6.90176666666667,7,4.47456,NA,NA,NA,10.8486572128854,NA,NA,NA
100016,"Chiefs","KC","DST",NA,NA,NA,10.718,9.714,11.74,1.05338501982893,3,1.78166666666667,1,2.026,NA,NA,NA,5.8876558440884,NA,NA,NA
2564970,"Chase Claypool","PIT","WR",50,0,NA,10.65975,8.54285,13.74465,3.18472239763531,18,0.0669666666666675,2,5.2018,NA,NA,NA,9.4708459422473,NA,NA,NA
2540154,"Keenan Allen","LAC","WR",28,7,NA,10.6144,8.651,13.0214,2.25252531617294,19,0.0768166666666676,2,4.3704,NA,NA,NA,7.41272396211031,NA,NA,NA
2543509,"Allen Robinson","CHI","WR",27,6,NA,10.5711666666667,8.7805,12.693,2.22520005093175,20,0.086666666666666,2,3.9125,NA,NA,NA,7.35239473546465,NA,NA,NA
2562238,"A.J. Brown","TEN","WR",NA,1,NA,10.504,8.67425,12.96615,2.65249728243656,21,0.0408666666666662,2,4.2919,NA,NA,NA,8.29578947644811,NA,NA,NA
100017,"Rams","LAR","DST",NA,NA,NA,10.48,7.84,11.06,1.85838639685077,4,3.15666666666667,2,3.22,NA,NA,NA,8.46446843872628,NA,NA,NA
2562653,"Travis Fulgham","FA","WR",NA,1,NA,10.465,7.664,12.974,2.87969327070321,22,0.016491666666667,2,5.31,NA,NA,NA,8.79739698686533,NA,NA,NA
2556370,"Michael Thomas","NO","WR",26,4,NA,10.4612666666667,7.86846666666667,12.942,2.78640583308797,23,0.0800166666666655,2,5.07353333333333,NA,NA,NA,8.59143525447566,NA,NA,NA
2555466,"Tyler Boyd","CIN","WR",26,4,NA,10.43575,8.623,12.8627,2.54453144016732,24,0.233375000000001,2,4.2397,NA,NA,NA,8.05742049042883,NA,NA,NA
2557898,"Cooper Kupp","LAR","WR",27,3,NA,10.32675,9.03695,12.17995,1.92600599254866,25,0.270875,2,3.143,NA,NA,NA,6.69182855248686,NA,NA,NA
2552469,"Melvin Gordon","DEN","RB",27,5,NA,10.0868333333333,9.9196,10.2776,0.22947784933046,22,0.210725,8,0.358000000000002,NA,NA,NA,3.67294401875713,NA,NA,NA
2562721,"Deebo Samuel","SF","WR",50,1,NA,10.078,8.0719,12.3953,2.53154274438862,26,0.180625000000001,2,4.3234,NA,NA,NA,8.02874380734641,NA,NA,NA
2552415,"Jamison Crowder","NYJ","WR",27,5,NA,10.03375,8.388,12.2405,2.24776324005295,27,0.284124999999998,2,3.8525,NA,NA,NA,7.40221016226204,NA,NA,NA
2559947,"Phillip Lindsay","DEN","RB",26,2,NA,9.94316666666667,6.4903,14.1371,4.32325729822627,23,0.220099999999999,8,7.6468,NA,NA,NA,15.6409874426505,NA,NA,NA
2562574,"Darrell Henderson","LAR","RB",50,1,NA,9.80905,8.6317,11.0516,1.21327728178681,24,0.242050000000001,8,2.4199,NA,NA,NA,6.54905263062068,NA,NA,NA
2563848,"CeeDee Lamb","DAL","WR",50,0,NA,9.761,7.96905,11.90075,2.28099901359032,28,0.0522500000000008,3,3.9317,NA,NA,NA,7.47558871858277,NA,NA,NA
2543498,"Brandin Cooks","HOU","WR",27,6,NA,9.73825,8.07375,12.20595,2.60481146150734,29,0.181625,3,4.1322,NA,NA,NA,8.19050783789015,NA,NA,NA
2563731,"Tee Higgins","CIN","WR",50,0,NA,9.67925,7.46035,12.15875,2.66087011144851,30,0.500624999999999,3,4.6984,NA,NA,NA,8.31427516340005,NA,NA,NA
2562281,"Damien Harris","NE","RB",50,1,NA,9.63708333333333,6.9526,12.1191,2.85426445574571,25,0.168000000000001,8,5.1665,NA,NA,NA,11.3464302131598,NA,NA,NA
2560756,"Justin Jackson","LAC","RB",25,2,NA,9.49691666666667,8.4478,10.1345,1.13131448864682,26,0.499916666666667,8,1.6867,NA,NA,NA,6.30943682334812,NA,NA,NA
2507164,"Adrian Peterson","DET","RB",35,13,NA,9.44125,7.9191,11.0076,1.66313426497482,27,1.10308333333333,8,3.0885,NA,NA,NA,7.86419624706243,NA,NA,NA
2561018,"D.J. Chark","JAC","WR",24,2,NA,9.434,7.5442,12.075,2.6961547927867,31,0.585125,3,4.5308,NA,NA,NA,8.39217733630787,NA,NA,NA
2552408,"Darren Waller","LVR","TE",28,5,NA,9.03866666666667,7.575,10.761,1.83984854449128,2,0.097333333333335,2,3.186,NA,NA,NA,8.42124873348481,NA,NA,NA
2558266,"George Kittle","SF","TE",27,3,NA,8.94833333333333,7.60566666666667,9.933,1.41725824511037,3,0.833250000000001,2,2.32733333333333,NA,NA,NA,7.11188836379035,NA,NA,NA
2555341,"Hunter Henry","LAC","TE",26,4,NA,8.93433333333333,7.15,11.5175,2.08975181939547,4,1.73851666666667,2,4.3675,NA,NA,NA,9.19555293520401,NA,NA,NA
2560781,"Christian Kirk","ARI","WR",24,2,NA,8.92325,6.79985,11.41025,2.68443130228111,32,0.250250000000001,3,4.6104,NA,NA,NA,8.36629399685822,NA,NA,NA
2560813,"D.J. Moore","CAR","WR",23,2,NA,8.7745,7.913,9.5856,0.94341807628785,33,0.35525,3,1.6726,NA,NA,NA,4.52245275407636,NA,NA,NA
2558985,"Tim Patrick","DEN","WR",27,3,NA,8.5715,6.4352,11.609,3.14329694217181,34,0.392749999999999,3,5.1738,NA,NA,NA,9.37938605450246,NA,NA,NA
2561146,"Boston Scott","PHI","RB",25,2,NA,8.55275,7.3074,9.4431,1.32445369240806,28,1.11516666666667,9,2.1357,NA,NA,NA,6.87407358659488,NA,NA,NA
238498,"Julian Edelman","NE","WR",34,11,NA,8.267,5.9391,11.4009,3.22239755461675,35,0.181749999999999,3,5.4618,NA,NA,NA,9.55402585155035,NA,NA,NA
2563965,"D'Andre Swift","DET","RB",50,0,NA,8.12358333333333,7.2499,9.1444,1.08877904349577,29,1.39029166666667,9,1.8945,NA,NA,NA,6.18508570454034,NA,NA,NA
2543847,"John Brown","BUF","WR",30,6,NA,8.0905,5.73265,11.23235,3.23163016138914,36,0.168875,3,5.4997,NA,NA,NA,9.57440977176432,NA,NA,NA
2562736,"Darius Slayton","NYG","WR",NA,1,NA,8.08,7.185,8.657,0.931405747602336,37,0.443208333333333,3,1.472,NA,NA,NA,4.49593171234396,NA,NA,NA
2562674,"Diontae Johnson","PIT","WR",NA,1,NA,7.76325,5.37715,10.85675,3.15912457546918,38,0.282916666666666,3,5.4796,NA,NA,NA,9.41433059641388,NA,NA,NA
2558846,"Mike Williams","LAC","WR",26,3,NA,7.51033333333333,5.8462,8.8062,2.01450250268728,39,0.283416666666666,4,2.96,NA,NA,NA,6.8872127864688,NA,NA,NA
2564433,"Henry Ruggs","LVR","WR",50,0,NA,7.45033333333333,6.4478,8.395,1.22343178532084,40,0.698583333333334,4,1.9472,NA,NA,NA,5.14067220655138,NA,NA,NA
100007,"Browns","CLE","DST",NA,NA,NA,7.39266666666667,7.13866666666667,7.62,0.268104457255003,5,0.207333333333334,3,0.481333333333334,NA,NA,NA,3.37396965456787,NA,NA,NA
2557858,"Evan Engram","NYG","TE",26,3,NA,7.29583333333333,6.136,9.39933333333333,2.35789070286701,5,0.21335,2,3.26333333333333,NA,NA,NA,10.0263586307112,NA,NA,NA
100023,"Giants","NYG","DST",NA,NA,NA,7.254,6.916,7.734,0.453740013664213,6,0.320333333333332,3,0.818,NA,NA,NA,3.96818980551661,NA,NA,NA
100021,"Patriots","NE","DST",NA,NA,NA,7.11666666666667,6.994,11.2546666666667,2.25219892549482,7,0.491333333333333,4,4.26066666666667,NA,NA,NA,9.72506390191717,NA,NA,NA
2555415,"Austin Hooper","CLE","TE",NA,4,NA,7.0958,5.7856,9.054,1.95501872113798,6,0.364216666666667,3,3.2684,NA,NA,NA,8.7780938037404,NA,NA,NA
2559270,"Robert Tonyan","GB","TE",26,3,NA,7.06916666666667,5.3475,9.235,2.28409810793378,7,0.730799999999999,3,3.8875,NA,NA,NA,9.79771850450853,NA,NA,NA
2563896,"Jerry Jeudy","DEN","WR",50,0,NA,7.0035,6.565,7.3608,0.442729036770799,41,0.530375000000001,4,0.795799999999998,NA,NA,NA,3.41702222019487,NA,NA,NA
2540175,"LeVeon Bell","NYJ","RB",28,7,NA,6.75158333333333,4.251,9.5489,2.90349808659983,30,0.161624999999999,9,5.2979,NA,NA,NA,11.4903632802274,NA,NA,NA
100031,"Buccaneers","TB","DST",NA,NA,NA,6.75066666666667,5.872,7.68,1.00163865740096,8,0.262333333333333,5,1.808,NA,NA,NA,5.72201553310609,NA,NA,NA
2565054,"Joshua Kelley","LAC","RB",50,0,NA,6.715,4.598,8.2576,2.21217630400472,31,0.330583333333333,10,3.6596,NA,NA,NA,9.46930444760928,NA,NA,NA
100022,"Saints","NO","DST",NA,NA,NA,6.5,6.038,6.97,0.521791784782653,9,0.0704166666666666,5,0.932,NA,NA,NA,4.18602379426599,NA,NA,NA
2564232,"Laviska Shenault","JAC","WR",50,0,NA,6.5,6.084,6.8456,0.499807963121837,42,0.0919999999999996,4,0.7616,NA,NA,NA,3.54304213085733,NA,NA,NA
100027,"Steelers","PIT","DST",NA,NA,NA,6.47666666666667,6.338,6.68266666666667,0.210396451174127,10,0.109166666666667,5,0.344666666666668,NA,NA,NA,3.18924609865201,NA,NA,NA
2543773,"James White","NE","RB",28,6,NA,6.46491666666667,5.8656,7.0387,0.642123927983445,32,0.493333333333334,10,1.1731,NA,NA,NA,4.87930265377111,NA,NA,NA
2543488,"Jarvis Landry","CLE","WR",28,6,NA,6.44625,5.892,7.0055,0.612214219044282,43,0.120749999999999,4,1.1135,NA,NA,NA,3.79121474437374,NA,NA,NA
71265,"Jared Cook","NO","TE",33,11,NA,6.394,5.58,7.152,0.799649923403986,8,0.148633333333333,3,1.572,NA,NA,NA,5.19828111435618,NA,NA,NA
100008,"Cowboys","DAL","DST",NA,NA,NA,6.3825,5.98,6.719,0.422561632585512,11,0.15875,5,0.738999999999999,NA,NA,NA,3.86838768425659,NA,NA,NA
497322,"Emmanuel Sanders","NO","WR",33,10,NA,6.36975,5.4715,7.2818,1.03230982913723,44,0.126124999999999,4,1.8103,NA,NA,NA,4.71870961223474,NA,NA,NA
100011,"Packers","GB","DST",NA,NA,NA,6.3525,5.48,6.987,0.928273486999746,12,0.287999999999999,5,1.507,NA,NA,NA,5.48717333221818,NA,NA,NA
2541161,"Latavius Murray","NO","RB",30,7,NA,6.30391666666667,5.2928,6.9919,1.03492695662813,33,0.716,10,1.6991,NA,NA,NA,6.02765071759374,NA,NA,NA
2558207,"Jonnu Smith","TEN","TE",25,3,NA,6.28273333333333,5.61133333333333,7.3648,0.988401133143826,9,0.187066666666667,3,1.75346666666667,NA,NA,NA,5.78311080431192,NA,NA,NA
2495450,"A.J. Green","CIN","WR",32,9,NA,6.28125,5.7105,6.671,0.617311037214358,45,0.0938749999999997,4,0.960500000000001,NA,NA,NA,3.80246759391939,NA,NA,NA
2562378,"T.J. Hockenson","DET","TE",50,1,NA,6.208,5.004,6.896,1.24433516385257,10,0.228116666666667,3,1.892,NA,NA,NA,6.5761007938056,NA,NA,NA
2557848,"Corey Davis","TEN","WR",25,3,NA,6.206,5.1847,7.3625,1.280570445804,46,0.0858750000000015,4,2.1778,NA,NA,NA,5.26682399933699,NA,NA,NA
2560735,"Michael Gallup","DAL","WR",24,2,NA,6.16875,5,6.9925,1.21129665372828,47,0.103625,4,1.9925,NA,NA,NA,5.11388003828658,NA,NA,NA
100026,"Cardinals","ARI","DST",NA,NA,NA,6.095,5.28,6.626,0.871072136316314,13,0.0779999999999994,5,1.346,NA,NA,NA,5.30407158223525,NA,NA,NA
2558149,"JuJu Smith-Schuster","PIT","WR",24,3,NA,6.0715,5.3193,6.7985,0.794199177368834,48,0.0411250000000001,5,1.4792,NA,NA,NA,4.19300450560589,NA,NA,NA
2562712,"Hunter Renfrow","LVR","WR",50,1,NA,6.05875,5.72,6.4245,0.404523897110336,49,0.067499999999999,5,0.704499999999999,NA,NA,NA,3.33267220531813,NA,NA,NA
100032,"Redskins","WAS","DST",NA,NA,NA,6.034,5.312,6.62,0.658619768910712,14,0.0977500000000013,5,1.308,NA,NA,NA,4.62401071312629,NA,NA,NA
2535698,"Cole Beasley","BUF","WR",31,8,NA,6.002,5.0544,6.628,1.01204215985962,50,0.0229999999999997,5,1.5736,NA,NA,NA,4.67396227665957,NA,NA,NA
100029,"49ers","SF","DST",NA,NA,NA,6,5.412,6.452,0.597550555741241,15,0.295,5,1.04,NA,NA,NA,4.42852792001369,NA,NA,NA
497240,"Rob Gronkowski","TB","TE",31,10,NA,5.98333333333333,5.4625,6.58,0.515768035716315,11,0.353949999999999,3,1.1175,NA,NA,NA,4.31869704923013,NA,NA,NA
2532884,"Marvin Jones","DET","WR",30,8,NA,5.9805,4.7105,7.1147,1.30616748543209,51,0.00849999999999973,5,2.4042,NA,NA,NA,5.32333761746843,NA,NA,NA
1581,"DeSean Jackson","PHI","WR",34,12,NA,5.9775,4.9672,6.9106,1.10037130097072,52,0.0178750000000001,5,1.9434,NA,NA,NA,4.86897699020297,NA,NA,NA
2562383,"Noah Fant","DEN","TE",50,1,NA,5.97643333333333,5.77133333333333,6.296,0.310963100704891,12,0.714433333333333,3,0.524666666666666,NA,NA,NA,3.68412624669475,NA,NA,NA
2560907,"Marquez Valdes-Scantling","GB","WR",26,2,NA,5.9665,5.6,6.4198,0.464538121865867,53,0.135125000000001,5,0.819800000000001,NA,NA,NA,3.46517272215785,NA,NA,NA
2565093,"Brandon Aiyuk","SF","WR",50,0,NA,5.95275,5.608,6.1849,0.368707991957502,54,0.424625,5,0.5769,NA,NA,NA,3.25359718663441,NA,NA,NA
100028,"Chargers","LAC","DST",NA,NA,NA,5.8725,4.68,9.327,2.72109506142901,16,0.340416666666666,5,4.647,NA,NA,NA,11.2260022892803,NA,NA,NA
382,"Joe Flacco","NYJ","QB",35,12,NA,5.72566666666667,1.643,8.6518,4.17497832329702,29,3.74666666666667,8,7.0088,NA,NA,NA,11.3128016369446,NA,NA,NA
2559153,"Keelan Cole","JAC","WR",27,3,NA,5.71,4.73385,6.80495,1.14227747650618,55,0.424499999999999,5,2.0711,NA,NA,NA,4.96149822062531,NA,NA,NA
2559150,"Corey Clement","PHI","RB",NA,3,NA,5.63925,4.39,7.1263,1.50674292764227,34,0.165166666666667,10,2.7363,NA,NA,NA,7.4069907870024,NA,NA,NA
100030,"Seahawks","SEA","DST",NA,NA,NA,5.5375,5.075,5.87,0.475,17,0.015833333333334,6,0.795000000000002,NA,NA,NA,4.03624310594022,NA,NA,NA
2560711,"Chase Edmonds","ARI","RB",24,2,NA,5.53658333333333,5.2445,5.84993333333333,0.351036599864522,35,0.29075,10,0.605433333333334,NA,NA,NA,4.02831743911525,NA,NA,NA
100006,"Bengals","CIN","DST",NA,NA,NA,5.52666666666667,4.692,6.292,1.01120390294605,18,0.105833333333333,6,1.6,NA,NA,NA,5.75263392196225,NA,NA,NA
100001,"Falcons","ATL","DST",NA,NA,NA,5.51666666666667,5.43,5.59,0.104083299973306,19,0.209166666666667,6,0.16,NA,NA,NA,2.84893728079208,NA,NA,NA
2558204,"Jamaal Williams","GB","RB",NA,3,NA,5.41158333333333,4.9807,5.82813333333333,0.456222929181679,36,0.54675,10,0.847433333333333,NA,NA,NA,4.33582656914599,NA,NA,NA
2495448,"Randall Cobb","HOU","WR",30,9,NA,5.34625,4.506,6.1335,0.906498529140192,56,0.153875,5,1.6275,NA,NA,NA,4.44094109415773,NA,NA,NA
100024,"Jets","NYJ","DST",NA,NA,NA,5.325,4.665,5.721,0.71182863106228,20,0.193333333333333,6,1.056,NA,NA,NA,4.7943324915135,NA,NA,NA
100012,"Titans","TEN","DST",NA,NA,NA,5.29,5.014,5.494,0.338082830087539,21,0.326,6,0.48,NA,NA,NA,3.59797070303099,NA,NA,NA
2560747,"Hayden Hurst","ATL","TE",27,2,NA,5.28233333333333,4.73,5.885,0.602369211253917,13,0.0692000000000004,4,1.155,NA,NA,NA,4.58702348119984,NA,NA,NA
497236,"Jimmy Graham","CHI","TE",34,10,NA,5.24166666666667,4.53,6.02,0.763162280689151,14,0.137366666666667,4,1.49,NA,NA,NA,5.08522723350666,NA,NA,NA
2552597,"Breshad Perriman","NYJ","WR",27,5,NA,5.22475,4.2895,6.2568,1.07964473323404,57,0.0805000000000007,5,1.9673,NA,NA,NA,4.82321649011135,NA,NA,NA
2543466,"Eric Ebron","PIT","TE",27,6,NA,5.1846,4.62,5.716,0.578688862861555,15,0.2525,4,1.096,NA,NA,NA,4.51365192068144,NA,NA,NA
2562865,"Scott Miller","TB","WR",50,1,NA,5.16,4.616,5.704,0.961665222413704,58,0.0731250000000001,6,1.088,NA,NA,NA,4.56273914121832,NA,NA,NA
2560878,"Tre'Quan Smith","NO","WR",NA,2,NA,5.1285,3.7965,6.4373,1.4313789388791,59,0.143875,6,2.6408,NA,NA,NA,5.59978178322351,NA,NA,NA
2506404,"Frank Gore","NYJ","RB",37,15,NA,5.08008333333333,4.1422,5.7499,1.011812908156,37,0.490291666666667,10,1.6077,NA,NA,NA,5.96007747891061,NA,NA,NA
497326,"Golden Tate","NYG","WR",32,10,NA,5.04525,4.5382,5.7705,0.762539780383074,60,0.1785,6,1.2323,NA,NA,NA,4.12310630262926,NA,NA,NA
2540928,"Darren Fells","HOU","TE",34,8,NA,5.024,4.516,6.016,1.10475336614106,16,0.283525,4,1.5,NA,NA,NA,6.14361837638639,NA,NA,NA
100015,"Jaguars","JAC","DST",NA,NA,NA,4.97333333333333,4.496,5.36,0.574572304704406,22,0.0360000000000005,7,0.864,NA,NA,NA,4.35497444747987,NA,NA,NA
100005,"Bears","CHI","DST",NA,NA,NA,4.95466666666667,4.27066666666667,5.56266666666667,0.660999243569915,23,0.349666666666667,7,1.292,NA,NA,NA,4.63162742093012,NA,NA,NA
2553895,"Adam Humphries","TEN","WR",NA,NA,NA,4.924,4.6746,5.133,0.299554669467862,61,0.128374999999999,6,0.4584,NA,NA,NA,3.10091920056717,NA,NA,NA
100010,"Lions","DET","DST",NA,NA,NA,4.92,3.876,5.844,1.25713961038542,24,0.685,7,1.968,NA,NA,NA,6.53987509507111,NA,NA,NA
2555364,"Tyler Higbee","LAR","TE",27,4,NA,4.8402,4.5646,5.03,0.247386741762771,17,0.365825,4,0.4654,NA,NA,NA,3.48714026530749,NA,NA,NA
2562580,"Mecole Hardman","KC","WR",50,1,NA,4.8095,3.72715,6.25625,1.46276969023379,62,0.130375,6,2.5291,NA,NA,NA,5.66908686540072,NA,NA,NA
2561061,"Russell Gage","ATL","WR",24,2,NA,4.78175,4.2106,5.4851,0.737239615050629,63,0.211875000000001,6,1.2745,NA,NA,NA,4.06724812906566,NA,NA,NA
2539265,"Rex Burkhead","NE","RB",30,7,NA,4.64958333333333,3.05,5.9963,1.68708197291457,38,0.178500000000001,11,2.9463,NA,NA,NA,7.93420666460043,NA,NA,NA
2550313,"Richard Rodgers","FA","TE",28,6,NA,4.64075,4.2315,5.1946,0.584273551800296,18,0.362950000000001,5,0.963100000000001,NA,NA,NA,4.53095560792691,NA,NA,NA
2562659,"N'Keal Harry","NE","WR",50,1,NA,4.5765,3.8035,5.3853,0.849948331762977,64,0.0146250000000006,6,1.5818,NA,NA,NA,4.3160885211154,NA,NA,NA
2649,"Danny Amendola","DET","WR",35,12,NA,4.56325,3.987,5.0681,0.600204617887378,65,0.0253749999999995,6,1.0811,NA,NA,NA,3.76469972452951,NA,NA,NA
2555295,"Sterling Shepard","NYG","WR",NA,4,NA,4.5605,3.5804,5.3648,1.17841111247306,66,0.0837500000000002,6,1.7844,NA,NA,NA,5.04127473128445,NA,NA,NA
2540145,"Cordarrelle Patterson","CHI","RB",29,7,NA,4.53,4.53,4.53,NA,39,0.232916666666667,11,0,NA,NA,NA,NA,NA,NA,NA
2540145,"Cordarrelle Patterson","CHI","WR",29,7,NA,4.51525,3.9805,5.0882,0.597202017746089,67,0.137874999999999,7,1.1077,NA,NA,NA,3.75807052833137,NA,NA,NA
2553499,"Damiere Byrd","NE","WR",NA,NA,NA,4.43825,3.844,5.0231,0.632976237047385,68,0.132,7,1.1791,NA,NA,NA,3.83705351222007,NA,NA,NA
2564808,"Lamical Perine","NYJ","RB",50,0,NA,4.41216666666667,4.207,4.5796,0.208030179434513,40,0.241166666666667,11,0.372599999999999,NA,NA,NA,3.61024238867169,NA,NA,NA
2530700,"Dontrelle Inman","WAS","WR",31,7,NA,4.3165,4.1,4.6558,0.354018361105748,69,0.074416666666667,7,0.5558,NA,NA,NA,3.22116514759748,NA,NA,NA
2558942,"Anthony Firkser","TEN","TE",50,2,NA,4.308,3.7606,5.169,0.933639473601383,19,0.0904999999999996,5,1.4084,NA,NA,NA,5.61343642492218,NA,NA,NA
2560920,"James Washington","PIT","WR",24,2,NA,4.296,2.9832,5.22,1.34711939584681,70,0.138916666666667,7,2.2368,NA,NA,NA,5.41375200368481,NA,NA,NA
100009,"Broncos","DEN","DST",NA,NA,NA,4.29,3.916,4.6,0.381051177665153,25,0.245,8,0.684,NA,NA,NA,3.73551255372743,NA,NA,NA
2560866,"Dalton Schultz","DAL","TE",24,2,NA,4.2476,3.3788,5.326,1.01995529313789,20,0.0693999999999999,5,1.9472,NA,NA,NA,5.88087870541082,NA,NA,NA
2558066,"Curtis Samuel","CAR","WR",24,3,NA,4.18816666666667,2.7483,5.6611,1.82190712807578,71,0.0701666666666663,7,2.9128,NA,NA,NA,6.4619971516603,NA,NA,NA
2543767,"Logan Thomas","WAS","TE",29,6,NA,4.1874,3.8748,4.38,0.290764165605049,21,0.51415,6,0.5052,NA,NA,NA,3.6215415513799,NA,NA,NA
2552461,"Duke Johnson","HOU","RB",27,5,NA,4.182,3.8109,4.5655,0.412156119288149,41,0.0289999999999999,11,0.7546,NA,NA,NA,4.2069985506995,NA,NA,NA
100013,"Texans","HOU","DST",NA,NA,NA,4.18,3.68,4.624,0.602328813855024,26,0.795000000000001,8,0.944,NA,NA,NA,4.44382314315179,NA,NA,NA
2495700,"Greg Olsen","SEA","TE",35,13,NA,4.169,3.74,4.4572,0.452420158702063,22,1.08025,6,0.7172,NA,NA,NA,4.12241899980908,NA,NA,NA
2565108,"JaMycal Hasty","FA","RB",50,0,NA,4.16,3.792,4.528,0.650538238691624,42,0.117041666666667,11,0.736,NA,NA,NA,4.90390164284581,NA,NA,NA
2556440,"J.D. McKissic","WAS","RB",27,4,NA,4.146,3.4052,5.0084,1.03600965246469,43,0.256833333333333,11,1.6032,NA,NA,NA,6.03081594692487,NA,NA,NA
2560810,"Anthony Miller","CHI","WR",26,2,NA,4.126,3.69815,4.52065,0.446206790625154,72,0.0905000000000005,7,0.8225,NA,NA,NA,3.42470046956026,NA,NA,NA
2559278,"Greg Ward","PHI","WR",50,3,NA,4.11,3.35,4.87,1.34350288425444,73,0.16925,7,1.52,NA,NA,NA,5.40576740241574,NA,NA,NA
2506106,"Larry Fitzgerald","ARI","WR",37,16,NA,3.961,3.2295,4.5413,0.774162343009096,74,0.0599166666666666,7,1.3118,NA,NA,NA,4.1487668116373,NA,NA,NA
2558112,"Brian Hill","ATL","RB",25,3,NA,3.93991666666667,3.478,4.2231,0.49527548450893,44,0.135833333333333,11,0.745100000000001,NA,NA,NA,4.44999556232333,NA,NA,NA
2558914,"Kendrick Bourne","SF","WR",25,3,NA,3.9205,3.5819,4.3935,0.479566818424016,75,0.0924166666666664,8,0.8116,NA,NA,NA,3.49835335674063,NA,NA,NA
100004,"Panthers","CAR","DST",NA,NA,NA,3.91,3.462,4.374,0.571051661410769,27,1.05,8,0.912,NA,NA,NA,4.34370485435962,NA,NA,NA
2543457,"Sammy Watkins","KC","WR",27,6,NA,3.88166666666667,0.685,6.781,3.8640015959279,76,0.213541666666667,8,6.096,NA,NA,NA,10.9705711360471,NA,NA,NA
2563617,"Zack Moss","BUF","RB",50,0,NA,3.83841666666667,3.3747,4.1494,0.479334984929932,45,0.128041666666666,11,0.774699999999999,NA,NA,NA,4.40339398215969,NA,NA,NA
2555478,"Demarcus Robinson","KC","WR",NA,4,NA,3.7745,2.674,4.7114,1.1182073451139,77,0.243625,8,2.0374,NA,NA,NA,4.90835573877422,NA,NA,NA
2552382,"Malcolm Brown","LAR","RB",27,5,NA,3.76975,2.9953,4.6436,0.918528669485425,46,0.173666666666667,11,1.6483,NA,NA,NA,5.68736375969072,NA,NA,NA
2557973,"Leonard Fournette","TB","RB",24,3,NA,3.651,2.0221,4.6019,1.78861156580554,47,0.237916666666667,11,2.5798,NA,NA,NA,8.23102543358834,NA,NA,NA
2558856,"David Moore","SEA","WR",25,3,NA,3.56175,2.538,4.6549,1.18027916895397,78,0.101250000000001,8,2.1169,NA,NA,NA,5.04539906097818,NA,NA,NA
2564319,"Cam Akers","LAR","RB",50,0,NA,3.54116666666667,3.3662,3.81546666666667,0.294888491166105,48,0.298916666666666,11,0.449266666666667,NA,NA,NA,3.86417010009497,NA,NA,NA
2540202,"Kenny Stills","HOU","WR",28,7,NA,3.5,3.124,3.876,0.47,79,0.1845,8,0.752,NA,NA,NA,3.47723155785282,NA,NA,NA
2558194,"Josh Reynolds","LAR","WR",25,3,NA,3.421,2.37835,4.17205,1.12295911175192,80,0.22775,8,1.7937,NA,NA,NA,4.91884677715728,NA,NA,NA
2560938,"Jeffery Wilson","SF","RB",50,2,NA,3.285,3.121,3.449,0.289913780286485,49,0.153416666666667,11,0.328,NA,NA,NA,3.84962667962696,NA,NA,NA
2563707,"Darnell Mooney","CHI","WR",50,0,NA,3.21,2.018,4.402,2.10717820793591,81,0.0467500000000003,8,2.384,NA,NA,NA,7.09182392481058,NA,NA,NA
2540011,"Chris Thompson","JAC","RB",30,7,NA,3.1995,2.8726,3.518,0.348292501594086,50,0.147,12,0.6454,NA,NA,NA,4.02029514879161,NA,NA,NA
2558954,"Taysom Hill","NO","TE",30,3,NA,3.1775,3.0643,3.2907,0.200111219075793,23,0.23325,7,0.2264,NA,NA,NA,3.34066104902258,NA,NA,NA
2552652,"Chris Conley","JAC","WR",28,5,NA,3.1765,2.181,4.0068,1.01723596082718,82,0.0893749999999995,8,1.8258,NA,NA,NA,4.68542924662157,NA,NA,NA
2563602,"Gabriel Davis","BUF","WR",50,0,NA,3.15,3.11,3.19,0.0707106781186548,83,0.143375,9,0.0800000000000005,NA,NA,NA,2.59567319842434,NA,NA,NA
2562699,"Tony Pollard","DAL","RB",NA,1,NA,3.06366666666667,2.4786,3.52486666666667,0.595208833566468,51,0.0260000000000002,12,1.04626666666667,NA,NA,NA,4.74214775956452,NA,NA,NA
2561137,"Trenton Cannon","CAR","RB",NA,2,NA,3.04133333333333,2.5732,3.4996,0.579393936224166,52,0.0805416666666661,12,0.9264,NA,NA,NA,4.69591337383371,NA,NA,NA
2556885,"Jalen Richard","LVR","RB",27,4,NA,3.034,2.8964,3.192,0.174380809341701,53,0.193125,12,0.295600000000001,NA,NA,NA,3.51186944809571,NA,NA,NA
2552600,"Nelson Agholor","LVR","WR",27,5,NA,3.02425,2.62735,3.29635,0.413740760219086,84,0.0627500000000003,9,0.669,NA,NA,NA,3.35302136637994,NA,NA,NA
2562720,"Drew Sample","CIN","TE",NA,1,NA,3,2.74,3.3,0.360555127546399,24,0.14575,7,0.56,NA,NA,NA,3.8377829555549,NA,NA,NA
2564802,"Denzel Mims","NYJ","WR",50,0,NA,2.989,2.9738,3.0042,0.026870057685089,85,0.16625,10,0.0304000000000002,NA,NA,NA,2.4988810647313,NA,NA,NA
2556661,"Kalif Raymond","TEN","WR",26,4,NA,2.934,2.5191,3.1825,0.454797390787004,86,0.224083333333334,10,0.663400000000001,NA,NA,NA,3.44366695568992,NA,NA,NA
2560894,"Ian Thomas","CAR","TE",24,2,NA,2.8885,2.104,3.5622,0.800280575798264,25,0.0733333333333337,7,1.4582,NA,NA,NA,5.20023513756337,NA,NA,NA
2540156,"Giovani Bernard","CIN","RB",29,7,NA,2.88758333333333,2.5336,3.2515,0.385159454713961,54,0.192416666666666,12,0.7179,NA,NA,NA,4.12807459840614,NA,NA,NA
100018,"Raiders","LVR","DST",NA,NA,NA,2.86,2.86,2.86,NA,28,NA,8,0,NA,NA,NA,NA,NA,NA,NA
2560995,"Dallas Goedert","PHI","TE",26,2,NA,2.82,0.420000000000001,5.22,4.24264068711928,26,0.0338333333333334,7,4.8,NA,NA,NA,15.8660973558489,NA,NA,NA
2553318,"James OShaughnessy","JAC","TE",NA,NA,NA,2.81033333333333,2.342,3.3988,0.709866419358835,27,0.121833333333333,7,1.0568,NA,NA,NA,4.92009450614192,NA,NA,NA
2557977,"Jeremy McNichols","FA","RB",25,3,NA,2.79416666666667,2.5699,3.1067,0.386109548358148,55,0.246458333333333,13,0.5368,NA,NA,NA,4.13085216914056,NA,NA,NA
2557889,"Gerald Everett","LAR","TE",26,3,NA,2.762,2.109,3.1462,0.708418896792945,28,0.213375,7,1.0372,NA,NA,NA,4.91560947966405,NA,NA,NA
2561224,"Keith Kirkwood","CAR","WR",50,2,NA,2.7115,2.6623,2.7607,0.0869741340859452,87,0.0173333333333332,11,0.0983999999999994,NA,NA,NA,2.63157995769756,NA,NA,NA
2560936,"Cedrick Wilson","DAL","WR",NA,2,NA,2.70833333333333,2.285,3.021,0.518660132778039,88,0.0437083333333335,11,0.736,NA,NA,NA,3.58466430015422,NA,NA,NA
2560975,"Braxton Berrios","NYJ","WR",25,2,NA,2.68,2.56,2.8,0.212132034355964,89,0.206041666666667,11,0.24,NA,NA,NA,2.90790588775671,NA,NA,NA
2562669,"Andy Isabella","ARI","WR",NA,1,NA,2.64925,1.6294,3.3521,1.03818700145976,90,0.383166666666667,11,1.7227,NA,NA,NA,4.73168534212983,NA,NA,NA
2562681,"Dawson Knox","BUF","TE",50,1,NA,2.615,2.443,2.787,0.304055915910215,29,0.170708333333334,7,0.343999999999999,NA,NA,NA,3.66272491767807,NA,NA,NA
2565258,"Ke'Shawn Vaughn","TB","RB",50,0,NA,2.59616666666667,1.8707,3.1707,0.875752010179442,56,0.104333333333334,13,1.3,NA,NA,NA,5.56230745841851,NA,NA,NA
2562743,"Benny Snell","PIT","RB",50,1,NA,2.49925,1.8257,3.0146,0.713732618002008,57,0.0345,13,1.1889,NA,NA,NA,5.0886485460862,NA,NA,NA
2543743,"Carlos Hyde","SEA","RB",29,6,NA,2.48441666666667,2.19,2.78236666666667,0.323079324624774,58,0.062041666666667,13,0.592366666666666,NA,NA,NA,3.94658516988582,NA,NA,NA
2560738,"Chris Herndon","NYJ","TE",NA,2,NA,2.48225,2.0167,2.876,0.499706830718439,30,0.209083333333334,7,0.8593,NA,NA,NA,4.26893276134996,NA,NA,NA
2555223,"Devontae Booker","LVR","RB",28,4,NA,2.44508333333333,2.1043,2.6898,0.346056233387966,59,0.16975,13,0.5855,NA,NA,NA,4.01375748467647,NA,NA,NA
2541316,"Ryan Griffin","NYJ","TE",30,7,NA,2.40633333333333,2.062,2.7892,0.462093424897318,31,0.273666666666667,7,0.7272,NA,NA,NA,4.15239079854684,NA,NA,NA
2560765,"Kerryon Johnson","DET","RB",23,2,NA,2.39966666666667,1.7732,2.8404,0.64753567040314,60,0.300416666666667,13,1.0672,NA,NA,NA,4.89512372305107,NA,NA,NA
2555468,"Rashard Higgins","CLE","WR",26,4,NA,2.29866666666667,1.3408,3.216,1.1752809593171,91,0.0722499999999999,11,1.8752,NA,NA,NA,5.03436392117832,NA,NA,NA
2563890,"KJ Hamler","DEN","WR",50,0,NA,2.2335,1.6293,3.0037,0.931155062274807,93,0.0499999999999994,11,1.3744,NA,NA,NA,4.49537824463531,NA,NA,NA
2565225,"Tyler Johnson","TB","WR",50,0,NA,2.21933333333333,1.6276,2.6996,0.71213856329603,94,0.103,11,1.072,NA,NA,NA,4.01182956214669,NA,NA,NA
2495469,"Dion Lewis","NYG","RB",30,9,NA,2.151,1.9051,2.3541,0.250049328466738,61,0.104583333333333,14,0.449,NA,NA,NA,3.73308413101039,NA,NA,NA
2557863,"Zay Jones","LVR","WR",25,3,NA,2.14766666666667,1.9,2.4624,0.380310837780536,95,0.0911666666666671,12,0.5624,NA,NA,NA,3.27921416451967,NA,NA,NA
2562740,"Kaden Smith","NYG","TE",NA,1,NA,2.14,2.028,2.252,0.197989898732233,33,0.0304583333333333,7,0.224,NA,NA,NA,3.3340883170092,NA,NA,NA
2561046,"Will Dissly","SEA","TE",NA,2,NA,2.12533333333333,1.8206,2.375,0.366437352535646,34,0.0429583333333334,7,0.5544,NA,NA,NA,3.85600853313637,NA,NA,NA
2559385,"Dan Arnold","ARI","TE",50,3,NA,2.09375,1.356,2.6505,0.741590351878987,35,0.0302499999999997,7,1.2945,NA,NA,NA,5.01838843308157,NA,NA,NA
2561067,"Cam Sims","FA","WR",50,2,NA,2.085,1.169,3.001,1.61927452891719,96,0.0848333333333331,12,1.832,NA,NA,NA,6.01462114661387,NA,NA,NA
2560951,"Jordan Akins","HOU","TE",28,2,NA,2.071,1.3132,2.62,0.763887426261226,36,0.0154999999999998,7,1.3068,NA,NA,NA,5.0874740358486,NA,NA,NA
2550656,"Cameron Brate","TB","TE",29,6,NA,2.056,1.4762,2.711,0.670838281555249,37,0.0374999999999996,7,1.2348,NA,NA,NA,4.79916911571565,NA,NA,NA
2552633,"Jesse James","DET","TE",26,5,NA,2.055,1.742,2.298,0.379110801745347,38,0.0739999999999998,7,0.556,NA,NA,NA,3.8952761456841,NA,NA,NA
2563986,"AJ Dillon","GB","RB",50,0,NA,2.0475,1.678,2.328,0.449631793804664,62,0.0250000000000004,14,0.65,NA,NA,NA,4.3165575793556,NA,NA,NA
2560733,"Royce Freeman","DEN","RB",24,2,NA,2.04533333333333,1.3279,2.6293,0.727606578676508,63,0.0481666666666669,14,1.3014,NA,NA,NA,5.12920866073981,NA,NA,NA
2555262,"Jeff Driskel","DEN","QB",27,4,NA,2.04,0.408,3.672,2.88499566724111,30,0.1226,8,3.264,NA,NA,NA,8.59112399793615,NA,NA,NA
2560890,"Auden Tate","CIN","WR",23,2,NA,2.028,1.7548,2.3548,0.392545538759518,97,0.0680000000000001,12,0.6,NA,NA,NA,3.30622616391978,NA,NA,NA
2559924,"Ito Smith","ATL","RB",25,2,NA,1.99966666666667,1.8158,2.1998,0.242570264734434,64,0.0481666666666667,14,0.384,NA,NA,NA,3.71121930887338,NA,NA,NA
2556466,"Peyton Barber","WAS","RB",26,4,NA,1.99466666666667,1.1382,2.6266,0.894014168418674,65,0.123666666666667,14,1.4884,NA,NA,NA,5.61569633917028,NA,NA,NA
2557986,"David Njoku","CLE","TE",24,3,NA,1.982,0.82,2.9416,1.17855391617581,39,0.0230000000000001,7,2.1216,NA,NA,NA,6.37228315079962,NA,NA,NA
2562317,"Foster Moreau","LVR","TE",50,1,NA,1.98,1.804,2.156,0.311126983722081,40,0.0726666666666667,7,0.352,NA,NA,NA,3.68463402438933,NA,NA,NA
2564358,"Van Jefferson","LAR","WR",50,0,NA,1.97233333333333,1.2198,2.5686,0.908358042477378,98,0.0285,12,1.3488,NA,NA,NA,4.44504656214055,NA,NA,NA
2560883,"Equanimeous St. Brown","GB","WR",24,2,NA,1.94766666666667,0.6446,2.8846,1.60884316617044,99,0.00766666666666649,12,2.24,NA,NA,NA,5.99159059075954,NA,NA,NA
2564760,"Austin Mack","FA","WR",NA,0,NA,1.94,1.94,1.94,NA,100,0.043666666666667,12,0,NA,NA,NA,NA,NA,NA,NA
2565195,"Freddie Swain","SEA","WR",50,0,NA,1.94,1.94,1.94,NA,100,0.101583333333334,12,0,NA,NA,NA,NA,NA,NA,NA
2505629,"Jason Witten","LVR","TE",38,17,NA,1.938,1.5092,2.402,0.563180255335714,41,0.0996666666666666,7,0.8928,NA,NA,NA,4.46559980942089,NA,NA,NA
2564832,"Jalen Hurts","PHI","QB",50,0,NA,1.918,1.4796,2.3564,0.774989032180456,31,0.1276,9,0.8768,NA,NA,NA,4.13931385161806,NA,NA,NA
2558954,"Taysom Hill","NO","QB",30,3,NA,1.9168,1.85664,1.97696,0.106348859890457,32,0.383966666666667,9,0.12032,NA,NA,NA,2.72857937629689,NA,NA,NA
2540230,"Kyle Juszczyk","SF","RB",29,7,NA,1.90833333333333,1.7314,2.0738,0.21543521841457,67,0.101333333333333,15,0.3424,NA,NA,NA,3.63189080162976,NA,NA,NA
2540148,"Tyler Eifert","JAC","TE",30,7,NA,1.87666666666667,0.46,3.124,1.70488513787098,42,0.164166666666667,7,2.664,NA,NA,NA,8.00307601100048,NA,NA,NA
2561002,"DaeSean Hamilton","DEN","WR",25,2,NA,1.85266666666667,1.2096,2.3536,0.778409489493373,102,0.0655833333333331,12,1.144,NA,NA,NA,4.15814374029968,NA,NA,NA
2561461,"Dontrell Hilliard","FA","RB",50,2,NA,1.83366666666667,1.7642,1.9082,0.0906660539194982,68,0.0587916666666666,15,0.144,NA,NA,NA,3.26713183078616,NA,NA,NA
2557034,"Marvin Hall","DET","WR",27,4,NA,1.82416666666667,1.5278,2.0666,0.356420514748146,103,0.109833333333333,12,0.5388,NA,NA,NA,3.22646866689549,NA,NA,NA
2563767,"Harrison Bryant","CLE","TE",50,0,NA,1.8,1.8,1.8,NA,44,0.210625,8,0,NA,NA,NA,NA,NA,NA,NA
2552471,"T.J. Yeldon","BUF","RB",27,5,NA,1.78033333333333,1.4572,2.0772,0.391650779819642,69,0.0531250000000001,15,0.62,NA,NA,NA,4.14705179581338,NA,NA,NA
2564994,"Anthony McFarland","PIT","RB",50,0,NA,1.76941666666667,1.32956666666667,2.2412,0.494921346164104,70,0.0919166666666664,15,0.911633333333334,NA,NA,NA,4.44896024932178,NA,NA,NA
2564829,"John Hightower","PHI","WR",50,0,NA,1.75,0.83,2.67,1.62634559672906,104,0.110666666666666,12,1.84,NA,NA,NA,6.03023278108049,NA,NA,NA
2562293,"Ty Johnson","DET","RB",NA,1,NA,1.685,1.545,1.825,0.247487373415292,71,0.0399999999999998,15,0.28,NA,NA,NA,3.72559433101297,NA,NA,NA
2564418,"Bryan Edwards","LVR","WR",50,0,NA,1.67866666666667,1.1668,2.058,0.62656630402004,106,0.0866666666666667,13,0.8912,NA,NA,NA,3.82290154337451,NA,NA,NA
2562665,"Travis Homer","SEA","RB",50,1,NA,1.67,1.486,1.854,0.325269119345812,72,0.06575,15,0.368,NA,NA,NA,3.95298697013861,NA,NA,NA
2560860,"Mason Rudolph","PIT","QB",25,2,NA,1.664,1.0592,2.2688,1.06914545315406,33,0.442166666666667,9,1.2096,NA,NA,NA,4.75994153957662,NA,NA,NA
2560751,"Ryan Izzo","NE","TE",25,2,NA,1.625,0.981,2.269,1.13844191771034,45,0.0872916666666668,8,1.288,NA,NA,NA,6.24799950960655,NA,NA,NA
2563327,"D'Ernest Johnson","CLE","RB",NA,1,NA,1.62,1.62,1.62,NA,73,0.0957500000000002,16,0,NA,NA,NA,NA,NA,NA,NA
2563926,"Quintez Cephus","DET","WR",50,0,NA,1.6,1.6,1.6,NA,107,0.0605,13,0,NA,NA,NA,NA,NA,NA,NA
79607,"LeSean McCoy","TB","RB",32,11,NA,1.5885,1.463,1.7434,0.186451736382368,75,0.258875,16,0.2804,NA,NA,NA,3.54715844712283,NA,NA,NA
2556381,"Mike Thomas","CIN","WR",26,4,NA,1.584,1.1872,1.9808,0.701449926937055,108,0.123833333333333,13,0.7936,NA,NA,NA,3.98823099284674,NA,NA,NA
2552586,"Tyler Kroft","BUF","TE",28,5,NA,1.55375,0.8645,1.97,0.754137200160996,47,0.0429166666666663,8,1.1055,NA,NA,NA,5.05726378334185,NA,NA,NA
2558956,"Jacob Hollister","SEA","TE",27,3,NA,1.52166666666667,1.126,1.93,0.503247785224469,48,0.0236666666666667,8,0.804,NA,NA,NA,4.27990410997741,NA,NA,NA
2562394,"Donald Parham","LAC","TE",NA,1,NA,1.5,1.5,1.5,NA,49,0.0473333333333337,8,0,NA,NA,NA,NA,NA,NA,NA
2563704,"Cole Kmet","CHI","TE",50,0,NA,1.496,1.1836,1.8636,0.441483861539694,50,0.110833333333333,8,0.68,NA,NA,NA,4.08853380623842,NA,NA,NA
2560844,"Byron Pringle","KC","WR",50,2,NA,1.495,0.963,2.027,0.940452018978108,109,0.0953333333333335,13,1.064,NA,NA,NA,4.51590423781846,NA,NA,NA
2560949,"Josh Adams","FA","RB",24,2,NA,1.46,1.372,1.548,0.15556349186104,76,0.312125,16,0.176,NA,NA,NA,3.45685757568268,NA,NA,NA
2507166,"Ted Ginn","CHI","WR",35,13,NA,1.42533333333333,1.042,1.9348,0.621240962375577,110,0.1235,13,0.8928,NA,NA,NA,3.81114415546999,NA,NA,NA
2541187,"Demetrius Harris","CHI","TE",29,7,NA,1.40933333333333,0.9096,1.8056,0.603142879700435,51,0.0513333333333332,8,0.896,NA,NA,NA,4.5894206275722,NA,NA,NA
2558008,"Mitchell Trubisky","CHI","QB",26,3,NA,1.40166666666667,0.154,2.854,1.74470866718009,34,0.512166666666667,9,2.7,NA,NA,NA,6.18528263600113,NA,NA,NA
2558129,"Isaiah McKenzie","BUF","WR",25,3,NA,1.374,0.7816,1.924,0.719877072839523,111,0.149,13,1.1424,NA,NA,NA,4.02891478682898,NA,NA,NA
2541834,"Josh Hill","NO","TE",30,7,NA,1.361,1.1544,1.584,0.270837589710144,54,0.00750000000000006,8,0.4296,NA,NA,NA,3.55980073807036,NA,NA,NA
2563911,"Albert Okwuegbunam","DEN","TE",50,0,NA,1.355,0.831,1.879,0.926309883354377,55,0.00983333333333358,8,1.048,NA,NA,NA,5.5907263082688,NA,NA,NA
2552622,"Chris Manhertz","CAR","TE",NA,NA,NA,1.352,0.748,1.8008,0.738831509885712,56,0.018,8,1.0528,NA,NA,NA,5.0098403940529,NA,NA,NA
2495288,"Virgil Green","LAC","TE",32,9,NA,1.33833333333333,0.933,1.757,0.515808426970065,57,0.0391666666666666,8,0.824,NA,NA,NA,4.31882219812025,NA,NA,NA
2540215,"Vance McDonald","PIT","TE",30,7,NA,1.32966666666667,0.7672,1.848,0.682224547589233,58,0.109333333333333,8,1.0808,NA,NA,NA,4.83444849985092,NA,NA,NA
2558886,"Darrell Daniels","ARI","TE",26,4,NA,1.26866666666667,0.6628,1.946,0.816789650603712,60,0.122666666666667,8,1.2832,NA,NA,NA,5.25138711223539,NA,NA,NA
2562677,"KeeSean Johnson","ARI","WR",50,1,NA,1.22966666666667,0.6838,1.8278,0.723899394483331,112,0.0394999999999999,13,1.144,NA,NA,NA,4.03779534304496,NA,NA,NA
2562466,"JJ Arcega-Whiteside","PHI","WR",NA,1,NA,1.22033333333333,0.7952,1.7832,0.685733427312198,113,0.0754999999999999,13,0.988,NA,NA,NA,3.95353181391562,NA,NA,NA
2560935,"Darrel Williams","KC","RB",NA,2,NA,1.19925,0.712,1.5379,0.505036879841463,79,0.141,16,0.8259,NA,NA,NA,4.47853271354897,NA,NA,NA
2495888,"Marcedes Lewis","GB","TE",36,14,NA,1.172,0.8288,1.552,0.458968408498886,61,0.0545,8,0.7232,NA,NA,NA,4.14270819903439,NA,NA,NA
2563128,"Darrius Shepherd","FA","WR",50,1,NA,1.16,0.816,1.504,0.608111831820431,114,0.0375000000000001,14,0.688,NA,NA,NA,3.78215741788737,NA,NA,NA
2556519,"Alex Erickson","CIN","WR",28,4,NA,1.12966666666667,0.6888,1.5888,0.563888582375396,116,0.0627500000000001,14,0.9,NA,NA,NA,3.68452050877677,NA,NA,NA
2552478,"Blake Bell","DAL","TE",29,5,NA,1.12,0.878,1.43,0.375099986670221,62,0.00562499999999999,8,0.552,NA,NA,NA,3.88284897374656,NA,NA,NA
2560051,"Justin Watson","TB","WR",NA,2,NA,1.11533333333333,0.5048,1.772,0.798273344997397,117,0.132416666666667,14,1.2672,NA,NA,NA,4.20199952834717,NA,NA,NA
2562744,"Jace Sternberger","GB","TE",NA,1,NA,1.115,1.103,1.127,0.0212132034355964,63,0.00712500000000027,8,0.0239999999999998,NA,NA,NA,2.78636064922774,NA,NA,NA
2555289,"Nick Vannett","DEN","TE",NA,4,NA,1.11375,0.8085,1.52,0.413226632733177,64,0.123583333333333,8,0.7115,NA,NA,NA,4.00098116811387,NA,NA,NA
2558929,"Cethan Carter","CIN","TE",27,3,NA,1.102,0.9752,1.2712,0.206523606398881,65,0.2445,9,0.296,NA,NA,NA,3.36052928984184,NA,NA,NA
2557952,"Wayne Gallman","NYG","RB",26,3,NA,1.0965,0.6717,1.4505,0.432225635519227,80,0.1265,17,0.7788,NA,NA,NA,4.2656711892108,NA,NA,NA
2563839,"Ben DiNucci","DAL","QB",50,0,NA,1.042,0.6644,1.4196,0.667508801440101,35,0.3055,10,0.7552,NA,NA,NA,3.91254604255628,NA,NA,NA
2555417,"C.J. Prosise","FA","RB",26,4,NA,1.02,0.948,1.092,0.127279220613579,83,0.1475,17,0.144,NA,NA,NA,3.37416934327336,NA,NA,NA
2558821,"Jamal Agnew","DET","WR",NA,3,NA,1.0185,0.8021,1.3181,0.369397144006285,119,0.0759166666666665,14,0.516,NA,NA,NA,3.25511870929036,NA,NA,NA
2557895,"Dede Westbrook","JAC","WR",27,3,NA,0.947333333333333,0.0604,2.1884,1.53517469147108,120,0.0196666666666667,14,2.128,NA,NA,NA,5.82894396802599,NA,NA,NA
2560801,"Ray-Ray McCloud","PIT","WR",NA,2,NA,0.937833333333333,0.5608,1.23,0.456830475486622,121,0.0257500000000001,14,0.6692,NA,NA,NA,3.44815563774115,NA,NA,NA
2560817,"Ryan Nall","CHI","RB",25,2,NA,0.92,0.688,1.152,0.410121933088198,85,0.161833333333333,17,0.464,NA,NA,NA,4.20105166736657,NA,NA,NA
2565273,"Antonio Gandy-Golden","WAS","WR",50,0,NA,0.9175,0.7707,1.0643,0.259508188695463,122,0.0555,14,0.2936,NA,NA,NA,3.01250383868306,NA,NA,NA
2558202,"Trent Taylor","SF","WR",26,3,NA,0.906666666666667,0.494,1.238,0.497225636239055,123,0.105166666666667,14,0.744,NA,NA,NA,3.5373408217425,NA,NA,NA
2495347,"Lee Smith","BUF","TE",33,9,NA,0.878333333333333,0.33,1.286,0.670640241361442,67,0.101666666666667,9,0.956,NA,NA,NA,4.79855550489269,NA,NA,NA
2552401,"MyCole Pruitt","TEN","TE",28,5,NA,0.836666666666667,0.248,1.344,0.707271753524297,68,0.122333333333333,9,1.096,NA,NA,NA,4.91205515308218,NA,NA,NA
2563938,"Jason Huntley","PHI","RB",50,0,NA,0.825,0.605,1.045,0.388908729652601,86,0.187666666666667,17,0.44,NA,NA,NA,4.13903549305958,NA,NA,NA
2558010,"John Ross","CIN","WR",NA,3,NA,0.817333333333333,0.0636,1.774,1.15576871965516,124,0.04,14,1.7104,NA,NA,NA,4.99128443709868,NA,NA,NA
497320,"Andre Roberts","BUF","WR",32,10,NA,0.785666666666667,0.322,1.2716,0.595454728197983,125,0.0298333333333333,14,0.9496,NA,NA,NA,3.75421283010839,NA,NA,NA
2558091,"Noah Brown","DAL","WR",NA,3,NA,0.769,0.3516,1.138,0.50254651526003,126,0.0681666666666667,14,0.7864,NA,NA,NA,3.54908835698424,NA,NA,NA
2565069,"Joe Reed","LAC","WR",50,0,NA,0.742666666666667,0.0416,1.7216,1.21013277508434,127,0.0865000000000001,14,1.68,NA,NA,NA,5.11131040546222,NA,NA,NA
2557922,"C.J. Beathard","SF","QB",27,3,NA,0.737,-0.2588,1.8252,1.3177735010236,37,0.0153333333333333,10,2.084,NA,NA,NA,5.28451091664546,NA,NA,NA
2562651,"Ryan Finley","CIN","QB",50,1,NA,0.736,0.5712,0.9008,0.291327993848858,38,0.0483333333333333,10,0.3296,NA,NA,NA,3.11885871084006,NA,NA,NA
2562491,"Hakeem Butler","FA","TE",50,1,NA,0.716666666666667,0.08,1.48,0.916969646898595,71,0.00566666666666682,9,1.4,NA,NA,NA,5.56178637406612,NA,NA,NA
2557886,"Jeremy Sprinkle","WAS","TE",26,3,NA,0.712,0.2168,1.244,0.646925034296865,72,0.0275,9,1.0272,NA,NA,NA,4.72507593772102,NA,NA,NA
2562626,"Andrew Beck","DEN","TE",50,1,NA,0.71,0.51,0.91,0.353553390593274,73,0.0847499999999999,9,0.4,NA,NA,NA,3.81608866465688,NA,NA,NA
2505982,"Matt Schaub","ATL","QB",39,16,NA,0.707333333333333,0.1904,1.1264,0.622190753172476,39,0.0885,10,0.936,NA,NA,NA,3.81693148678341,NA,NA,NA
2560862,"Jaylen Samuels","PIT","RB",24,2,NA,0.691333333333333,0.1912,1.132,0.601930505401856,88,0.109166666666667,17,0.9408,NA,NA,NA,4.76179836883922,NA,NA,NA
2552033,"Jameis Winston","NO","QB",26,5,NA,0.668,0.0607999999999999,1.1808,0.729226987981109,40,0.131333333333333,10,1.12,NA,NA,NA,4.04276252836734,NA,NA,NA
2561272,"Trent Sherfield","ARI","WR",50,2,NA,0.659,0.4194,0.8674,0.288032984222294,129,0.00800000000000001,15,0.448,NA,NA,NA,3.07548141050788,NA,NA,NA
2564586,"Devin Asiasi","NE","TE",50,0,NA,0.659,0.2196,1.094,0.546583022056119,74,0.0785833333333333,9,0.8744,NA,NA,NA,4.41417468315861,NA,NA,NA
2550597,"Seth Roberts","CAR","WR",NA,NA,NA,0.653333333333333,0.22,1.02,0.520416499866533,130,0.069,15,0.8,NA,NA,NA,3.58854203993898,NA,NA,NA
2562492,"Jakobi Meyers","NE","WR",50,1,NA,0.648666666666667,0.1528,1.164,0.633403768013211,131,0.1355,15,1.0112,NA,NA,NA,3.83799742300402,NA,NA,NA
2558864,"Mason Schreck","CIN","TE",NA,3,NA,0.5915,0.1207,1.0623,0.832264681456567,75,0.0318333333333333,9,0.9416,NA,NA,NA,5.29933518900907,NA,NA,NA
2552636,"Michael Burton","NO","RB",28,5,NA,0.583333333333333,0.3548,0.8492,0.319396827368923,90,0.00583333333333347,18,0.4944,NA,NA,NA,3.93581949781761,NA,NA,NA
2560835,"Rashaad Penny","SEA","RB",24,2,NA,0.581,0.5082,0.6538,0.128693434175952,91,0.00741666666666663,18,0.1456,NA,NA,NA,3.37830375489382,NA,NA,NA
2558833,"Alexander Armah","CAR","RB",26,3,NA,0.574,0.4608,0.6576,0.138693907580687,92,0.0104166666666666,18,0.1968,NA,NA,NA,3.40753984380908,NA,NA,NA
2555432,"Andy Janovich","CLE","RB",27,4,NA,0.573166666666667,0.534,0.6272,0.0665513586137303,93,0.0401666666666667,18,0.0931999999999999,NA,NA,NA,3.19663323061091,NA,NA,NA
2495441,"Blaine Gabbert","TB","QB",31,9,NA,0.569666666666667,0.151,0.9142,0.503279577703421,42,0.0743333333333333,10,0.7632,NA,NA,NA,3.56604603046894,NA,NA,NA
2561060,"Ross Dwelley","SF","TE",50,2,NA,0.569333333333333,0.2264,0.86,0.411851105781365,76,0.0245000000000001,9,0.6336,NA,NA,NA,3.99671921396871,NA,NA,NA
2558138,"Samaje Perine","CIN","RB",25,3,NA,0.554,0.3172,0.7908,0.418607214462436,94,0.0535833333333333,18,0.4736,NA,NA,NA,4.22585813708937,NA,NA,NA
2560896,"Jordan Thomas","FA","TE",24,2,NA,0.55,0.156,1.028,0.574543296888929,77,0.0123333333333333,9,0.872,NA,NA,NA,4.50080723446298,NA,NA,NA
2557859,"Jake Butt","DEN","TE",25,3,NA,0.539666666666667,0.1634,0.8146,0.462366016628962,78,0.0288333333333333,9,0.6512,NA,NA,NA,4.15323540101652,NA,NA,NA
2553454,"Geoff Swaim","TEN","TE",NA,NA,NA,0.535666666666667,0.1854,0.8894,0.440064010495443,79,0.0551666666666667,9,0.704,NA,NA,NA,4.08413451763445,NA,NA,NA
2562491,"Hakeem Butler","FA","WR",50,1,NA,0.52,0.52,0.52,NA,133,0.02425,15,0,NA,NA,NA,NA,NA,NA,NA
2565144,"DeeJay Dallas","SEA","RB",50,0,NA,0.512,0.1836,0.7964,0.394669481971941,95,0.029,18,0.6128,NA,NA,NA,4.15587688248293,NA,NA,NA
2560939,"Javon Wims","CHI","WR",26,2,NA,0.506333333333333,0.1832,0.784,0.388188528080536,134,0.04725,15,0.6008,NA,NA,NA,3.29660667505372,NA,NA,NA
252,"Chad Henne","KC","QB",35,12,NA,0.503666666666667,0.133,0.8098,0.44547764627794,43,0.0188333333333333,11,0.6768,NA,NA,NA,3.44409227898733,NA,NA,NA
2555234,"Tyler Ervin","GB","RB",27,4,NA,0.488833333333333,0.2625,0.7089,0.279329703635924,97,0.0550833333333334,18,0.4464,NA,NA,NA,3.81868444384289,NA,NA,NA
2562718,"Brett Rypien","FA","QB",NA,1,NA,0.487,0.1854,0.7886,0.533158513014657,44,0.00733333333333336,11,0.6032,NA,NA,NA,3.62908628122906,NA,NA,NA
2559248,"Ricky Seals-Jones","KC","TE",25,3,NA,0.486,0.1824,0.744,0.364620350501724,81,0.0185,10,0.5616,NA,NA,NA,3.85037870571639,NA,NA,NA
2550198,"Bennie Fowler","FA","WR",29,6,NA,0.485166666666667,0.2772,0.6552,0.250118138753137,135,0.0686666666666667,15,0.378,NA,NA,NA,2.99177231252277,NA,NA,NA
2558979,"Nick Mullens","SF","QB",50,3,NA,0.482666666666667,0.092,0.7864,0.473055317413654,45,0.0171666666666667,11,0.6944,NA,NA,NA,3.50227719373299,NA,NA,NA
2562832,"Darwin Thompson","KC","RB",NA,1,NA,0.477166666666667,0.1725,0.7349,0.365892857723861,98,0.094,18,0.5624,NA,NA,NA,4.07174927060414,NA,NA,NA
2539308,"Matt Barkley","BUF","QB",30,7,NA,0.476666666666667,-0.0880000000000001,0.928,0.680759379908447,46,0.0373333333333335,11,1.016,NA,NA,NA,3.94050285496141,NA,NA,NA
2562654,"Zach Gentry","PIT","TE",50,1,NA,0.475,0.0950000000000001,0.855,0.67175144212722,82,0.0240000000000001,10,0.76,NA,NA,NA,4.80199846666351,NA,NA,NA
2561293,"Deon Yelder","KC","TE",NA,2,NA,0.46,0.412,0.508,0.0848528137423857,83,0.0389999999999999,10,0.096,NA,NA,NA,2.98354260962907,NA,NA,NA
2552466,"Marcus Mariota","LVR","QB",27,5,NA,0.454333333333333,0.093,0.8114,0.449095015930185,47,0.0393333333333333,11,0.7184,NA,NA,NA,3.45172440803055,NA,NA,NA
2495234,"Luke Stocker","ATL","TE",32,9,NA,0.442,0.2352,0.6752,0.280877197365682,84,0.0661666666666667,10,0.44,NA,NA,NA,3.59090761489811,NA,NA,NA
2561261,"Brandon Powell","ATL","WR",50,2,NA,0.433,0.118,0.7012,0.378321292025707,136,0.0631666666666666,15,0.5832,NA,NA,NA,3.27482160855706,NA,NA,NA
2506340,"Alex Smith","WAS","QB",36,15,NA,0.424333333333333,-0.019,0.8354,0.538550214309987,48,0.0204999999999999,11,0.8544,NA,NA,NA,3.64046199452476,NA,NA,NA
2532888,"Case Keenum","CLE","QB",32,8,NA,0.405666666666667,0.1064,0.6304,0.365097703818215,49,0.00466666666666665,11,0.524,NA,NA,NA,3.27450217559299,NA,NA,NA
2558904,"Phillip Walker","CAR","QB",25,3,NA,0.402,0.0164000000000001,0.7876,0.681650937063832,50,0.031,11,0.7712,NA,NA,NA,3.94238391216968,NA,NA,NA
2556805,"Johnny Holton","FA","WR",29,4,NA,0.4,0.4,0.4,NA,137,0.0728333333333333,15,0,NA,NA,NA,NA,NA,NA,NA
2562745,"Easton Stick","LAC","QB",NA,1,NA,0.4,0.4,0.4,NA,51,0.0626666666666667,11,0,NA,NA,NA,NA,NA,NA,NA
2562777,"Trevon Wesco","NYJ","TE",NA,1,NA,0.4,0.16,0.64,0.424264068711929,85,0.078,12,0.48,NA,NA,NA,4.03517973176947,NA,NA,NA
2550400,"Keith Smith","ATL","RB",28,6,NA,0.390333333333333,0.356,0.4288,0.0463716867639439,99,0.0290833333333334,18,0.0728,NA,NA,NA,3.13763855539866,NA,NA,NA
2555464,"DeAndre Washington","FA","RB",27,4,NA,0.376,0.1248,0.6272,0.444063058585152,100,0.0335833333333333,18,0.5024,NA,NA,NA,4.30027754625776,NA,NA,NA
2540203,"Levine Toilolo","NYG","TE",29,7,NA,0.351666666666667,0.009,0.817,0.570577193141588,87,0.0755,12,0.808,NA,NA,NA,4.48851859680028,NA,NA,NA
2555220,"Derek Watt","PIT","RB",28,4,NA,0.3465,0.1964,0.5312,0.222254921205358,102,0.0120833333333333,18,0.3348,NA,NA,NA,3.65182800150999,NA,NA,NA
81284,"Chase Daniel","DET","QB",34,11,NA,0.342,0.0068,0.8004,0.563173152769199,52,0.0246666666666666,11,0.7936,NA,NA,NA,3.6924128488223,NA,NA,NA
2560836,"Dante Pettis","SF","WR",25,2,NA,0.339666666666667,0.0592,0.732,0.485263158846139,138,0.0323333333333333,15,0.6728,NA,NA,NA,3.51092984261711,NA,NA,NA
2559362,"Dare Ogunbowale","FA","RB",NA,3,NA,0.338333333333333,0.0752,0.5816,0.319409350729332,103,0.0180833333333333,18,0.5064,NA,NA,NA,3.93585610949224,NA,NA,NA
2495240,"Tyrod Taylor","LAC","QB",31,9,NA,0.332666666666667,0.014,0.7564,0.516760421601087,53,0.0616666666666666,11,0.7424,NA,NA,NA,3.59448866977032,NA,NA,NA
2556762,"Elijhaa Penny","NYG","RB",27,4,NA,0.3305,0.2354,0.4206,0.116255107414685,104,0.027,19,0.1852,NA,NA,NA,3.34194067362437,NA,NA,NA
2555419,"Pharoh Cooper","CAR","WR",25,4,NA,0.314666666666667,0.1252,0.482,0.228090625264024,139,0.0146666666666667,16,0.3568,NA,NA,NA,2.94313956030626,NA,NA,NA
2558929,"Cethan Carter","CIN","RB",27,3,NA,0.31,0.31,0.31,NA,105,0.0839166666666667,20,0,NA,NA,NA,NA,NA,NA,NA
497123,"Colt McCoy","NYG","QB",34,10,NA,0.302,0.014,0.6828,0.463780120315651,54,0.0631666666666667,11,0.6688,NA,NA,NA,3.48270786354044,NA,NA,NA
2563803,"Donovan Peoples-Jones","CLE","WR",50,0,NA,0.3,0.3,0.3,NA,140,0.01225,16,0,NA,NA,NA,NA,NA,NA,NA
2565048,"K.J. Hill","LAC","WR",50,0,NA,0.3,0.3,0.3,NA,140,0.0305,16,0,NA,NA,NA,NA,NA,NA,NA
2552429,"Ty Montgomery","NO","RB",27,5,NA,0.297,0.1106,0.4834,0.329511760032931,106,0.143583333333333,21,0.3728,NA,NA,NA,3.96539020500001,NA,NA,NA
2534241,"Derek Carrier","LVR","TE",30,8,NA,0.292333333333333,0.2074,0.385,0.112255660584816,88,0.0481666666666667,12,0.1776,NA,NA,NA,3.0684480173605,NA,NA,NA
2553502,"DeAndre Carter","HOU","WR",27,5,NA,0.2755,0.0628,0.4984,0.273144192689502,142,0.05175,16,0.4356,NA,NA,NA,3.04260966083104,NA,NA,NA
2557870,"Taywan Taylor","FA","WR",NA,3,NA,0.2635,0.0903,0.4367,0.306177236253775,143,0.0841666666666667,16,0.3464,NA,NA,NA,3.11554062616274,NA,NA,NA
2553900,"Daniel Brown","NYJ","TE",NA,NA,NA,0.26,0.26,0.26,NA,89,0.0365833333333333,12,0,NA,NA,NA,NA,NA,NA,NA
2561187,"Tim Boyle","GB","QB",50,2,NA,0.24,0.064,0.416,0.311126983722081,56,0.0115,11,0.352,NA,NA,NA,3.1606317282988,NA,NA,NA
2539335,"Geno Smith","SEA","QB",30,7,NA,0.237666666666667,0.003,0.5614,0.39873090340897,57,0.0359999999999999,11,0.5584,NA,NA,NA,3.34546338334624,NA,NA,NA
2541199,"Luke Willson","SEA","TE",30,7,NA,0.228333333333333,0.146,0.294,0.0992891400573765,90,0.0165833333333334,12,0.148,NA,NA,NA,3.02827234807436,NA,NA,NA
2539275,"Mike Glennon","FA","QB",31,7,NA,0.219333333333333,-0.2824,0.6536,0.602960474105337,58,0.0733333333333334,11,0.936,NA,NA,NA,3.77635836722772,NA,NA,NA
2564703,"Adam Trautman","NO","TE",50,0,NA,0.2185,0.1533,0.2837,0.115258405333407,91,0.066,12,0.1304,NA,NA,NA,3.07775176848748,NA,NA,NA
2558875,"Johnny Mundt","LAR","TE",50,3,NA,0.205,0.105,0.337,0.160701586799882,92,0.13,12,0.232,NA,NA,NA,3.21855363017765,NA,NA,NA
2543497,"AJ McCarron","HOU","QB",30,6,NA,0.184,0.012,0.4056,0.268417585116922,60,0.0809999999999999,11,0.3936,NA,NA,NA,3.07052104765247,NA,NA,NA
2560243,"Brandon Zylstra","CAR","WR",27,3,NA,0.184,0.0816,0.28,0.124771791683858,145,0.022,16,0.1984,NA,NA,NA,2.71503032613029,NA,NA,NA
2561671,"Malik Turner","DAL","WR",50,2,NA,0.174666666666667,0.0608,0.3328,0.195154639538324,146,0.0318333333333334,16,0.272,NA,NA,NA,2.87042288106801,NA,NA,NA
2495262,"Nick Bellore","SEA","RB",31,9,NA,0.155166666666667,0.1236,0.1936,0.0462069619574078,109,0.00575000000000001,21,0.07,NA,NA,NA,3.13715698728728,NA,NA,NA
2495467,"Taiwan Jones","BUF","RB",32,9,NA,0.151666666666667,0.0566,0.2838,0.163108348447691,110,0.0260833333333333,21,0.2272,NA,NA,NA,3.47891474128803,NA,NA,NA
4487,"Matthew Slater","NE","WR",35,12,NA,0.149333333333333,0.0166,0.3326,0.225779390851631,148,0.0311666666666666,16,0.316,NA,NA,NA,2.93803677416802,NA,NA,NA
2556118,"Dwayne Washington","NO","RB",NA,4,NA,0.147166666666667,0.06,0.2692,0.150977095393087,111,0.0451666666666667,21,0.2092,NA,NA,NA,3.4434493809392,NA,NA,NA
2556861,"Jaydon Mickens","TB","WR",26,4,NA,0.136333333333333,0.0672,0.196,0.0830682450358338,149,0.0363333333333333,17,0.1288,NA,NA,NA,2.62295646351819,NA,NA,NA
2560942,"Logan Woodside","TEN","QB",25,2,NA,0.108,-0.3624,0.5784,0.83155757467538,61,0.0389999999999999,11,0.9408,NA,NA,NA,4.25866533007163,NA,NA,NA
2557531,"Troymaine Pope","FA","RB",27,4,NA,0.104,0.0768,0.1312,0.0480832611206852,112,0.019,21,0.0544,NA,NA,NA,3.14264229252725,NA,NA,NA
2562691,"Isaac Nauta","FA","TE",50,1,NA,0.1,0.1,0.1,NA,93,0.075,13,0,NA,NA,NA,NA,NA,NA,NA
2562804,"Penny Hart","FA","WR",50,1,NA,0.1,0.1,0.1,NA,151,0.0103333333333333,17,0,NA,NA,NA,NA,NA,NA,NA
2562860,"Jason Moore","LAC","WR",NA,1,NA,0.1,0.1,0.1,NA,151,0.0558333333333334,17,0,NA,NA,NA,NA,NA,NA,NA
2562906,"Cullen Gillaspia","HOU","RB",50,1,NA,0.1,0.1,0.1,NA,113,0.03975,21,0,NA,NA,NA,NA,NA,NA,NA
2562746,"Jarrett Stidham","NE","QB",50,1,NA,0.0980000000000002,-0.1164,0.3124,0.379009234715989,62,0.0580000000000002,11,0.4288,NA,NA,NA,3.30385350244309,NA,NA,NA
2561029,"Keke Coutee","HOU","WR",23,2,NA,0.0793333333333333,-0.1716,0.334,0.316103358623937,153,0.119833333333333,17,0.5056,NA,NA,NA,3.13745570295693,NA,NA,NA
2562626,"Andrew Beck","DEN","RB",50,1,NA,0.07,0.07,0.07,NA,114,0.0241666666666667,21,0,NA,NA,NA,NA,NA,NA,NA
2550633,"Senorise Perry","TEN","RB",29,6,NA,0.0505,0.0501,0.0509,0.000707106781186548,115,0.00933333333333333,22,0.000799999999999995,NA,NA,NA,3.00413950324164,NA,NA,NA
2564616,"Dalton Keene","NE","TE",50,0,NA,0.05,0.01,0.09,0.0707106781186548,94,0.05,13,0.08,NA,NA,NA,2.93972439620655,NA,NA,NA
2561344,"Buddy Howell","HOU","RB",50,2,NA,0.0411666666666667,0.0324,0.0488,0.0105396078358416,116,NA,23,0.0164,NA,NA,NA,3.03288452994779,NA,NA,NA
2541185,"Ryan Griffin","TB","QB",31,7,NA,0.04,0.04,0.04,NA,64,0.01,12,0,NA,NA,NA,NA,NA,NA,NA
2564805,"James Morgan","NYJ","QB",50,0,NA,0.04,0.04,0.04,NA,64,0.03,12,0,NA,NA,NA,NA,NA,NA,NA
2558191,"Nathan Peterman","LVR","QB",26,3,NA,0.02,0.004,0.0359999999999999,0.0282842712474618,66,0.035,12,0.0319999999999999,NA,NA,NA,2.56387433603096,NA,NA,NA
2563881,"Tyrie Cleveland","DEN","WR",50,0,NA,0.009,0.009,0.009,NA,159,0.099,18,0,NA,NA,NA,NA,NA,NA,NA
2564007,"Jordan Love","GB","QB",50,0,NA,0,0,0,NA,67,0.03,13,0,NA,NA,NA,NA,NA,NA,NA
2564349,"Brycen Hopkins","LAR","TE",50,0,NA,0,0,0,NA,97,NA,13,0,NA,NA,NA,NA,NA,NA,NA
2558167,"Joshua Dobbs","PIT","QB",25,3,NA,-0.03,-0.054,-0.00600000000000001,0.0424264068711929,76,NA,13,0.048,NA,NA,NA,2.59371220564436,NA,NA,NA
2564067,"Isaiah Coulter","HOU","WR",NA,0,NA,-0.09,-0.09,-0.09,NA,164,NA,0,0,NA,NA,NA,NA,NA,NA,NA
