"playerId","player","team","position","age","exp","bye","points","lower","upper","sdPts","positionRank","dropoff","tier","ptSpread","overallECR","positionECR","sdRank","risk","sleeper","actualPoints","salary"
2504211,"Tom Brady","NE","QB",40,17,9,20.7478,18.56068,23.68068,3.58426987265189,1,0.641866666666665,1,5.12,NA,1.8,1.1,6.99668447447785,NA,17.52,NA
2555260,"Dak Prescott","DAL","QB",24,1,6,20.4808666666667,18.01252,23.61252,3.78317145439291,2,1.21646666666667,1,5.6,NA,4.2,1.4,8.06021350341732,NA,7.32,NA
2555259,"Carson Wentz","PHI","QB",25,1,10,19.731,17.5506,22.7666,3.74911762952298,3,1.27473333333333,1,5.216,NA,1.9,0.9,6.63667688183483,NA,14.14,NA
2532820,"Kirk Cousins","WAS","QB",29,5,5,18.7978,15.85668,20.92068,3.62706279515533,4,0.825500000000002,1,5.064,NA,5.2,1.6,8.43047512206145,NA,8.52,NA
2540175,"LeVeon Bell","PIT","RB",25,4,9,18.479,17.2556,20.042,1.89034996759859,1,1.935,1,2.7864,NA,1.1,0.4,4.53459061704064,NA,11.1,NA
2532975,"Russell Wilson","SEA","QB",29,5,6,18.1147333333333,16.10884,20.17284,2.54251434869763,5,0.4864,1,4.064,NA,5.6,1.7,7.43463539222205,NA,34.08,NA
2504775,"Drew Brees","NO","QB",38,16,5,17.8298666666667,16.49992,18.95592,1.59721509300824,6,0.765166666666666,2,2.456,NA,3.5,1.5,5.77203606651491,NA,11.76,NA
2495455,"Cam Newton","CAR","QB",28,6,11,17.4268,16.10432,18.888,1.76553298468196,7,0.738099999999999,2,2.78368,NA,7.3,1.6,6.24624788500177,NA,11.56,NA
2555224,"Ezekiel Elliott","DAL","RB",22,1,6,17.4076666666667,16.1064,18.776,1.67480635696588,2,2.28383333333333,1,2.6696,NA,2.3,0.8,4.429785436428,NA,24.4,NA
2552033,"Jameis Winston","TB","QB",23,2,1,16.7026,15.764,17.59424,1.14840945659638,8,0.209633333333333,2,1.83024,NA,11.3,2,6.62900921913235,NA,0.7,NA
2495240,"Tyrod Taylor","BUF","QB",28,6,6,16.6748,15.91252,17.385,0.927181816042572,9,0.492966666666668,2,1.47248,NA,10.7,2.4,7.47629525532339,NA,16.7,NA
2506340,"Alex Smith","KC","QB",33,12,10,16.3111333333333,15.724,16.87072,0.719177205793769,10,0.261366666666667,3,1.14672,NA,13.9,2.2,6.6788010905699,NA,12.38,NA
2495143,"Andy Dalton","CIN","QB",30,6,6,16.0525333333333,15.68552,16.42952,0.465501077692988,11,0.608233333333333,3,0.744,NA,9.3,2,5.8277182200708,NA,18.72,NA
310,"Matt Ryan","ATL","QB",32,9,5,16.047,14.668,17.4048,1.71111571788702,12,1.2359,3,2.7368,NA,10.5,2.2,7.84269280125466,NA,13.86,NA
79607,"LeSean McCoy","BUF","RB",29,8,6,15.6803333333333,14.4642,17.2322,1.87650215383125,3,1.3205,2,2.768,NA,3.3,0.9,4.78895477379696,NA,23.3,NA
2506121,"Philip Rivers","LAC","QB",36,13,9,14.8416,13.92996,15.70196,1.11305106801081,13,0.169633333333332,4,1.772,NA,9.3,2.6,8.24781688276565,NA,9.48,NA
79860,"Matthew Stafford","DET","QB",29,8,7,14.7806,12.49436,17.55836,3.33911471501055,14,0.563833333333335,4,5.064,NA,16.3,2,9.19947468623186,NA,18.02,NA
2508061,"Antonio Brown","PIT","WR",29,7,9,14.6413333333333,12.8112,16.4,2.24833056584955,1,1.67816666666667,1,3.5888,NA,1.4,0.7,4.12797297222101,NA,7,NA
2557917,"Kareem Hunt","KC","RB",22,0,10,14.5673333333333,12.9274,16.6114,2.46314561756574,4,0.478000000000003,2,3.684,NA,4.6,1.4,5.94875035958867,NA,6.8,NA
2506109,"Ben Roethlisberger","PIT","QB",35,13,9,14.5633333333333,14.372,14.74,0.232181681735088,15,0.981133333333334,4,0.368000000000002,NA,16.1,1.5,4.1703732085663,NA,13.48,NA
100020,"Vikings","MIN","DST",NA,NA,9,14.225,12.405,16.045,3.21733585439879,1,1.93,1,3.64,NA,1.6,1.3,3.43999075459372,NA,11,NA
2495466,"Mark Ingram","NO","RB",28,6,5,14.1523333333333,12.6024,15.6944,1.93257505244514,5,0.240500000000001,2,3.092,NA,6.3,1.5,5.20379545168001,NA,9.9,NA
2555418,"Jordan Howard","CHI","RB",23,1,9,14.0263333333333,13.6108,14.5108,0.581962484472439,6,0.297166666666666,3,0.9,NA,8.1,2,3.44256193527845,NA,12.1,NA
2543499,"Derek Carr","OAK","QB",26,3,10,13.8702,12.55012,15.11012,1.60938501297856,16,0.707933333333331,4,2.56,NA,15,2.4,8.27675882865605,NA,10.52,NA
2543583,"Devonta Freeman","ATL","RB",25,3,5,13.7973333333333,13.0714,14.5234,0.907500045913681,7,0.767166666666666,3,1.452,NA,6.1,1.6,3.71321795136058,NA,6.1,NA
2552469,"Melvin Gordon","LAC","RB",24,2,9,13.661,12.4786,15.1266,1.76492861045426,8,1.44766666666667,3,2.648,NA,5.4,1.9,5.17121047388286,NA,19.9,NA
2555261,"Jacoby Brissett","IND","QB",25,1,11,13.2942,10.61808,16.352,3.67774100773831,17,0.349933333333334,4,5.73392,NA,22.6,1.4,7.93650661894912,NA,14.92,NA
2558063,"Deshaun Watson","HOU","QB",22,0,7,13.0303333333333,11.169,14.8538,2.3044587940194,18,0.707533333333334,5,3.6848,NA,13.2,2.5,9.36904001909923,NA,29.78,NA
2495450,"A.J. Green","CIN","WR",29,6,6,13.008,11.0232,15.42,2.89947788403361,2,0.763166666666667,1,4.3968,NA,1.8,0.6,5.02113814879735,NA,8.7,NA
2495454,"Julio Jones","ATL","WR",28,6,5,12.9183333333333,11.208,14.844,2.31982937590965,3,1.57816666666667,1,3.636,NA,3.2,1,4.34954820337042,NA,7.4,NA
2505076,"Josh McCown","NYJ","QB",38,15,11,12.8582,10.76092,15.07292,2.70696799390019,19,1.24176666666667,5,4.312,NA,17.1,1.8,7.9043130945505,NA,18.28,NA
100016,"Chiefs","KC","DST",NA,NA,10,12.49,7.762,13.218,4.82246824769225,2,0.470000000000001,1,5.456,NA,4.8,2.1,6.37840779928179,NA,23,NA
2557976,"Joe Mixon","CIN","RB",21,0,6,12.3993333333333,9.6964,15.346,3.57021376577556,9,0.822000000000001,3,5.6496,NA,10.7,1.7,7.78315388665673,NA,7.9,NA
100001,"Falcons","ATL","DST",NA,NA,5,12.1,1.21,10.89,8.55599205235722,3,0.207500000000001,2,9.68,NA,12.6,2.7,10.1860356360186,NA,9,NA
2552582,"Jay Ajayi","MIA","RB",24,2,1,12.0273333333333,9.9914,14.0114,2.51500821734907,10,0.930333333333333,4,4.02,NA,9.1,2.1,6.41229150133985,NA,4.1,NA
100002,"Ravens","BAL","DST",NA,NA,10,11.94,7.732,12.148,3.90322943214974,4,0.185,2,4.416,NA,6.2,2.3,6.27580042889832,NA,29,NA
100025,"Eagles","PHI","DST",NA,NA,10,11.845,11.241,12.449,1.06773123959169,5,0.34,2,1.208,NA,2.3,1.6,2.79742605596873,NA,18,NA
2532888,"Case Keenum","MIN","QB",29,5,9,11.7874,11.36244,12.15444,0.510637131434838,20,0.4192,5,0.792000000000002,NA,18.7,1.5,4.49709909504955,NA,16.52,NA
100030,"Seahawks","SEA","DST",NA,NA,6,11.665,7.557,11.773,3.72645273685311,6,0.362500000000001,2,4.216,NA,5.8,1.8,4.96324752396318,NA,13,NA
2543468,"Mike Evans","TB","WR",24,3,1,11.5713333333333,9.6348,14.0348,2.97725130503512,4,0.631666666666666,2,4.4,NA,4,1,5.29141651353375,NA,6,NA
2553457,"Trevor Siemian","DEN","QB",NA,NA,5,11.4454666666667,9.42328,13.47128,2.53001218442389,21,0.646600000000003,5,4.048,NA,21,1.2,6.03638642588591,NA,4.92,NA
100022,"Saints","NO","DST",NA,NA,5,11.345,10.901,11.789,0.784888527117067,7,0.247499999999999,2,0.887999999999998,NA,6.8,2.1,3.81857999945216,NA,8,NA
2557922,"C.J. Beathard","SF","QB",24,0,11,11.2909333333333,10.60656,12.07856,0.946770623400057,22,1.31246666666667,5,1.472,NA,21.5,1.4,4.73212070822438,NA,8.68,NA
100027,"Steelers","PIT","DST",NA,NA,9,11.26,7.308,11.212,3.45068109219035,8,0.335000000000001,2,3.904,NA,7.7,1.9,5.02850342335212,NA,8,NA
497149,"LeGarrette Blount","PHI","RB",31,7,10,11.1273333333333,10.0194,12.6314,1.8440787221085,11,0.174833333333332,4,2.612,NA,17.2,3.6,6.22638448471655,NA,11.2,NA
2543488,"Jarvis Landry","MIA","WR",25,3,1,11.109,9.442,12.862,2.14559432325871,5,0.381333333333332,2,3.42,NA,17.4,3.4,5.05305553235941,NA,3.3,NA
497240,"Rob Gronkowski","NE","TE",28,7,9,11.0703333333333,9.9228,12.202,1.42491414946071,1,0.925000000000001,1,2.2792,NA,1.4,0.7,4.31832727849776,NA,11.7,NA
2543743,"Carlos Hyde","SF","RB",26,3,11,11.0666666666667,9.525,12.977,2.30041481766514,12,0.622166666666665,4,3.452,NA,11.8,2.8,6.47406554769479,NA,4.7,NA
100019,"Dolphins","MIA","DST",NA,NA,1,10.935,10.403,11.467,0.94045201897811,9,0.2425,2,1.064,NA,8.9,2.1,3.91720734025121,NA,0,NA
100006,"Bengals","CIN","DST",NA,NA,6,10.915,10.767,11.063,0.261629509039023,10,1.83,2,0.295999999999999,NA,3.2,1.5,2.04626183193191,NA,12,NA
2540011,"Chris Thompson","WAS","RB",27,4,5,10.8383333333333,9.252,12.368,1.95136063641074,13,0.990833333333333,4,3.116,NA,15,2.8,5.94775544464258,NA,6.4,NA
2530747,"Doug Baldwin","SEA","WR",29,6,6,10.7703333333333,8.8544,13.3864,3.21260117869202,6,0.188500000000001,2,4.532,NA,7.9,1.9,5.98601829826863,NA,5.4,NA
497278,"Dez Bryant","DAL","WR",29,7,6,10.685,9.206,12.666,2.42026341541577,7,0.241666666666669,2,3.46,NA,6.1,1.7,4.77143281447809,NA,3.9,NA
2556370,"Michael Thomas","NO","WR",23,1,5,10.4786666666667,8.0424,13.1704,3.25237549082718,8,0.0809999999999995,2,5.128,NA,6.4,2.3,6.20185650080468,NA,7.7,NA
2540158,"Zach Ertz","PHI","TE",27,4,10,10.4703333333333,9.1128,12.168,2.04658015560919,2,1.35083333333333,1,3.0552,NA,2,0.8,5.32677999821249,NA,9.4,NA
100021,"Patriots","NE","DST",NA,NA,9,10.47,6.446,10.494,3.57796031280393,11,2.875,2,4.048,NA,16.3,2.6,6.78986545418935,NA,9,NA
2532865,"T.Y. Hilton","IND","WR",28,5,11,10.408,7.5478,13.9838,4.31055646059763,9,0.0353333333333321,2,6.436,NA,22.7,4,8.39301277683593,NA,1.5,NA
2540165,"DeAndre Hopkins","HOU","WR",25,4,7,10.3873333333333,8.0584,12.8024,2.97085868619383,10,0.0593333333333348,2,4.744,NA,10.1,2.7,5.95739073747851,NA,28.4,NA
2543498,"Brandin Cooks","NE","WR",24,3,9,10.358,8.9594,12.2994,2.39556736494719,11,0.123166666666666,2,3.34,NA,8.7,2.7,5.1331884397015,NA,2.6,NA
2558008,"Mitchell Trubisky","CHI","QB",23,0,9,10.3068,10.25008,10.38608,0.0980342797188817,23,0.682866666666666,6,0.135999999999999,NA,NA,NA,3.58984248746476,NA,8.86,NA
2540154,"Keenan Allen","LAC","WR",25,4,9,10.298,8.2648,12.8488,3.07636993874274,12,0.140500000000001,2,4.584,NA,8.7,1.9,5.79084396337359,NA,6.1,NA
2543471,"Kelvin Benjamin","CAR","WR",26,3,11,10.1716666666667,8.012,13.176,3.7095967885113,13,0.076666666666668,2,5.164,NA,14,2.8,7.05547193455115,NA,9.9,NA
71269,"Michael Crabtree","OAK","WR",30,8,10,10.1433333333333,8.212,12.82,3.30127374407718,14,0.368833333333333,2,4.608,NA,12.2,2.3,6.27191153413735,NA,8.3,NA
2552631,"Javorius Allen","BAL","RB",26,2,10,10.0506666666667,8.3854,12.0374,2.38625571415415,14,0.4145,4,3.652,NA,23.3,3.3,6.87874211491877,NA,5.7,NA
497328,"Demaryius Thomas","DEN","WR",30,7,5,10.0466666666667,7.269,13.697,4.43960114574872,15,0.6145,2,6.428,NA,16,3.7,8.45875008361793,NA,6.6,NA
2540258,"Travis Kelce","KC","TE",28,4,10,9.82033333333333,6.9752,12.9632,3.79760850185131,3,1.44833333333333,1,5.988,NA,2.7,0.7,7.94802942065834,NA,19.3,NA
2507282,"Matt Moore","MIA","QB",33,10,1,9.65013333333333,8.177,11.23732,1.92857383922248,24,0.391566666666666,6,3.06032,NA,21.5,2.5,8.92799515822773,NA,1.04,NA
2533034,"Lamar Miller","HOU","RB",26,5,7,9.64433333333333,8.45,10.9244,1.55759954203041,15,0.144166666666667,5,2.4744,NA,15.9,3.1,5.51918194478397,NA,19.3,NA
2558019,"Alvin Kamara","NO","RB",21,0,5,9.628,8.476,10.8312,1.47616801211786,16,0.589833333333333,5,2.3552,NA,13.7,2.2,4.9009585895821,NA,13.6,NA
382,"Joe Flacco","BAL","QB",32,9,10,9.59773333333333,9.168,10.12256,0.631125513137707,25,4.89613333333333,7,0.954560000000001,NA,23.9,1.3,4.08504240014867,NA,8.94,NA
2530515,"Chris Hogan","NE","WR",29,6,9,9.50233333333333,7.3216,12.092,3.11017946963408,16,0.196833333333332,2,4.7704,NA,13.3,3.3,6.39527350821265,NA,6,NA
2495469,"Dion Lewis","NE","RB",27,6,9,9.37233333333333,7.4634,11.5274,2.59529889094365,17,0.687000000000001,5,4.064,NA,22.4,3.9,7.52423409908671,NA,5.4,NA
2552458,"Devin Funchess","CAR","WR",23,2,11,9.362,7.2524,12.262,3.5681357877749,17,0.216333333333333,2,5.0096,NA,21.6,2.9,6.89251877138664,NA,1.1,NA
2533039,"Alshon Jeffery","PHI","WR",27,5,10,9.249,7.6676,11.23,2.38868227271858,18,0.259166666666667,2,3.5624,NA,15.3,3.6,5.48074759036339,NA,12.2,NA
2495150,"Kai Forbath","MIN","K",30,6,9,9.17899224806202,7.48576744186047,11.1518139534884,2.36989501828508,1,0.501375355151005,1,3.66604651162791,NA,7.4,2.6,8.56581690697924,NA,16,NA
2346,"Pierre Garcon","SF","WR",31,9,11,9.04233333333333,6.5744,12.2184,3.84627304456318,19,0.4345,2,5.644,NA,20.5,2.5,7.13214275977813,NA,1.7,NA
2541785,"Adam Thielen","MIN","WR",27,3,9,8.93733333333333,6.8486,11.6366,3.27144101785946,20,0.665333333333333,2,4.788,NA,16.9,3.3,6.62630800096741,NA,15.8,NA
2557983,"DeShone Kizer","CLE","QB",21,0,9,8.9194,4.69964,12.95564,5.17527516949582,26,8.47735,7,8.256,NA,25.8,0.9,8.31005977671019,NA,14.96,NA
2533444,"Randy Bullock","CIN","K",28,5,6,8.7621568627451,7.90564705882353,9.48823529411765,1.02863943015907,2,0.213890213287172,1,1.58258823529412,NA,8.4,2.6,5.47992255647802,NA,6,NA
2532899,"Doug Martin","TB","RB",28,5,1,8.704,6.044,10.8456,3.20401513729258,18,0.304666666666668,5,4.8016,NA,12.3,3.3,8.11177431845002,NA,7.5,NA
2541161,"Latavius Murray","MIN","RB",27,4,9,8.66666666666667,6.557,10.713,2.60111674734783,19,0.660166666666665,5,4.156,NA,25.7,3.7,7.42290871178878,NA,4.7,NA
2506922,"Stephen Gostkowski","NE","K",33,11,9,8.59307692307692,7.40635897435897,9.95302564102564,1.63525823457768,3,0.106562410371135,1,2.54666666666667,NA,1.8,1.3,4.64576200625379,NA,14,NA
2556601,"Wil Lutz","NO","K",23,1,5,8.50345637583893,7.67669127516779,9.33022147651007,1.46152802283236,4,0.115781162163714,1,1.65353020134228,NA,3.4,1.5,4.5891043058569,NA,10,NA
2532968,"Blair Walsh","SEA","K",27,5,6,8.46957264957265,7.74261538461538,9.2751282051282,0.972819645503761,5,0.23388806175903,1,1.53251282051282,NA,10.8,2.5,5.17996908563329,NA,11,NA
2540160,"Jordan Reed","WAS","TE",27,4,5,8.41866666666667,6.8222,10.2342,2.18460759252854,4,0.459666666666665,2,3.412,NA,5.9,1.7,6.05489199804644,NA,0.5,NA
2555341,"Hunter Henry","LAC","TE",23,1,9,8.32533333333333,6.4814,10.8934,3.17203189349246,5,0.744166666666668,2,4.412,NA,5,1.3,7.33567455791986,NA,1.1,NA
2558172,"Jake Elliott","PHI","K",22,0,10,8.30577777777778,7.37266666666667,9.4532,1.3806375875472,6,0.406413451402067,1,2.08053333333333,NA,2.4,1.8,4.91757383779925,NA,10,NA
2532884,"Marvin Jones","DET","WR",27,5,7,8.27833333333333,6.003,11.283,3.6583340926347,21,0.160000000000002,2,5.28,NA,24.2,3.6,7.299738958222,NA,12.8,NA
2552600,"Nelson Agholor","PHI","WR",24,2,10,8.26566666666667,6.6636,10.01,2.11405920762247,22,0.419,3,3.3464,NA,23.1,2.8,4.76959399446949,NA,2.6,NA
2558245,"Harrison Butker","KC","K",22,0,10,8.16559139784946,7.42038709677419,8.76025806451613,0.898608551690335,7,0.566201419635954,1,1.33987096774194,NA,4.8,1.9,3.98007141184416,NA,21,NA
2540269,"C.J. Anderson","DEN","RB",26,4,5,8.132,7.292,9.1848,1.26954992024733,20,0.306499999999998,6,1.8928,NA,17.3,3.3,5.1949532562437,NA,8.5,NA
2552487,"Amari Cooper","OAK","WR",23,2,10,7.971,7.211,8.699,0.932577074562741,23,0.381499999999999,3,1.488,NA,14.5,3.6,3.39463016463127,NA,4.8,NA
2552374,"Ameer Abdullah","DET","RB",24,2,7,7.881,5.832,9.7464,2.47858286123341,21,0.120166666666667,6,3.9144,NA,20.3,4,7.40329642081757,NA,3.8,NA
2556885,"Jalen Richard","OAK","RB",24,1,10,7.77,6.438,9.278,1.81544071784236,22,0.158666666666669,6,2.84,NA,24.2,2.5,5.577666491847,NA,2.6,NA
2557997,"Christian McCaffrey","CAR","RB",21,0,11,7.75166666666667,6.411,8.859,1.61124434315014,23,0.290000000000001,6,2.448,NA,18.3,2.7,5.37987322075124,NA,5.2,NA
2556462,"Robby Anderson","NYJ","WR",24,1,11,7.72233333333333,5.514,10.718,3.67212586022502,24,0.362499999999999,3,5.204,NA,31,3.5,7.27978431202411,NA,16.4,NA
100004,"Panthers","CAR","DST",NA,NA,11,7.7,8.9,10.5,1.4142135623731,12,0.420000000000001,2,1.6,NA,11.1,2.2,4.45766769985371,NA,16,NA
2556450,"Nick Rose","WAS","K",23,1,5,7.63313725490196,7.08305882352941,8.30235294117647,0.804528775946773,8,0.093649237472766,1,1.21929411764706,NA,15,2.4,4.62124771956751,NA,8,NA
2543683,"Austin Seferian-Jenkins","NYJ","TE",25,3,11,7.59266666666667,5.8086,9.9006,2.79771805822769,6,0.0455000000000005,2,4.092,NA,7.7,1.5,6.87793652199563,NA,2.8,NA
2552586,"Tyler Kroft","CIN","TE",25,2,6,7.56966666666667,5.1476,9.926,2.98988901689232,7,0.0559999999999992,2,4.7784,NA,11.6,2.3,7.63143620748228,NA,4.6,NA
2504797,"Matt Bryant","ATL","K",42,15,5,7.56564270152505,6.62683660130719,8.32670588235294,1.12996579686937,9,0.0573093681917216,1,1.69986928104575,NA,6.7,2.9,6.22762747116337,NA,14,NA
497236,"Jimmy Graham","SEA","TE",31,7,6,7.52466666666667,5.8212,9.85,2.85535730396974,8,0.094333333333334,2,4.0288,NA,5.9,1.5,6.96611193048498,NA,15.9,NA
2503471,"Adam Vinatieri","IND","K",45,21,11,7.51333333333333,6.87866666666667,8.34,1.00348282385788,10,0.0228431372549025,1,1.46133333333333,NA,17.9,3.7,7.3088303438013,NA,11,NA
2535686,"Giorgio Tavecchio","OAK","K",27,5,10,7.50333333333333,6.78844444444444,8.31466666666667,0.976475774544154,11,0.0545318789767562,1,1.52622222222222,NA,16.2,2.6,5.35990700419357,NA,2,NA
2550656,"Cameron Brate","TB","TE",26,3,1,7.50266666666667,5.5596,9.9996,3.02301196380916,9,0.1605,2,4.44,NA,8.8,1.2,7.05026670679555,NA,6.4,NA
100031,"Buccaneers","TB","DST",NA,NA,1,7.49,6.762,8.218,1.28693434175952,13,0.52,2,1.456,NA,15.8,2.6,5.33735370787621,NA,6,NA
2507374,"Steven Hauschka","BUF","K",NA,NA,6,7.47764705882353,6.53129411764706,8.42305882352941,1.18235469710142,12,0.0723641229854701,1,1.89176470588235,NA,10.5,3.7,7.72036988033142,NA,11,NA
2495328,"Bilal Powell","NYJ","RB",29,6,11,7.471,5.908,8.5984,1.92792193825373,24,0.0883333333333329,6,2.6904,NA,26.9,3.9,6.51795125932061,NA,6.1,NA
2556214,"Tyreek Hill","KC","WR",23,1,10,7.45666666666667,6.324,8.6808,1.48625210961443,25,0.420166666666667,3,2.3568,NA,17.4,3.5,4.14814977945433,NA,3.8,NA
2543715,"Jerick McKinnon","MIN","RB",25,3,9,7.45233333333333,7.0836,7.782,0.444619312820904,25,0.172166666666667,6,0.698399999999999,NA,16.2,2.7,3.62081524949498,NA,18.2,NA
2550325,"Chandler Catanzaro","NYJ","K",26,3,11,7.41995584988963,6.83766887417219,8.23422516556291,1.00703756982884,13,0.0754554366975286,1,1.39655629139073,NA,18.3,2.5,5.25869598921187,NA,10,NA
2550545,"Chris Boswell","PIT","K",28,3,9,7.39061002178649,6.56652287581699,8.11894117647059,0.992163257303989,14,0.118519882645536,1,1.55241830065359,NA,10.8,2.6,5.39599998665771,NA,8,NA
2505629,"Jason Witten","DAL","TE",35,14,6,7.358,4.9848,10.1928,3.4049687223233,10,0.190333333333334,2,5.208,NA,9.8,1.4,7.7494568658268,NA,3.1,NA
2540232,"Jack Doyle","IND","TE",27,4,11,7.32633333333333,5.4888,9.8048,3.03349803582157,11,0.8515,2,4.316,NA,13.5,2.5,7.81302850822677,NA,18.1,NA
234,"Matt Forte","NYJ","RB",32,9,11,7.313,6.83,7.8852,0.687195023264866,26,0.0838333333333328,6,1.0552,NA,28.2,4.2,4.81230763033699,NA,5.2,NA
2506677,"Matt Prater","DET","K",33,11,7,7.2983908045977,6.51558620689655,8.26455172413793,1.16295603783521,15,0.0605577961506567,2,1.74896551724138,NA,9.8,3.2,6.81810801620816,NA,18,NA
2540202,"Kenny Stills","MIA","WR",25,4,1,7.263,5.9408,8.3688,1.58818040536962,26,0.5635,3,2.428,NA,31.6,6.5,5.4855900407446,NA,6.5,NA
2550189,"Isaiah Crowell","CLE","RB",24,3,9,7.24733333333333,5.946,8.7076,1.75996628755591,27,0.0396666666666672,6,2.7616,NA,36,3.2,5.87936295047671,NA,14.8,NA
71309,"Graham Gano","CAR","K",30,8,11,7.24578947368421,6.5001052631579,7.97378947368421,0.921848077568286,16,0.15049405922213,2,1.47368421052632,NA,12.7,2.5,5.06269622957158,NA,5,NA
2506386,"Mike Nugent","DAL","K",35,12,6,7.22987654320988,7.09837037037037,7.35259259259259,0.160024575158874,17,0.330769400352733,2,0.254222222222221,NA,15.9,3.3,4.68213911576815,NA,16,NA
2506404,"Frank Gore","IND","RB",34,12,11,7.211,6.7606,7.7766,0.682226501977167,28,0.0455000000000005,6,1.016,NA,31.1,3.6,4.4745230415697,NA,10.1,NA
2552453,"Tevin Coleman","ATL","RB",24,2,5,7.20433333333333,6.14,8.0384,1.28698342387668,29,0.0941666666666672,6,1.8984,NA,22.5,3,5.05609332110446,NA,10.4,NA
2540020,"Theo Riddick","DET","RB",26,4,7,7.12666666666667,4.702,10.166,3.66513755994688,30,0.225166666666667,6,5.464,NA,39.1,5,9.74289297387459,NA,4.5,NA
2558250,"Tarik Cohen","CHI","RB",22,0,9,7.09366666666667,6.2258,7.813,1.04282325124315,31,0.384666666666666,6,1.5872,NA,36.9,4.3,5.40357902530334,NA,6.8,NA
100013,"Texans","HOU","DST",NA,NA,7,7.07,6.486,7.654,1.03237590053236,14,0.302499999999999,2,1.168,NA,13.5,2.8,5.65615406636137,NA,0,NA
71265,"Jared Cook","OAK","TE",30,8,10,7.009,5.5884,8.4404,1.78265335946168,12,1.67933333333333,2,2.852,NA,12,1.3,5.21023002429826,NA,5.7,NA
2543533,"Patrick Murray","TB","K",26,3,1,6.96071428571429,6.36885714285714,7.64485714285714,0.822148442329298,18,0.184348251959011,2,1.276,NA,18.1,2.7,5.17636440876669,NA,4,NA
100008,"Cowboys","DAL","DST",NA,NA,6,6.87,6.526,11.214,4.14364573775317,15,0.357500000000001,2,4.688,NA,21.2,3.6,9.54946309242197,NA,20,NA
2556521,"Kaimi Fairbairn","HOU","K",23,1,7,6.8375,5.79333333333333,8.11666666666667,1.53864004706898,19,0.144021897279209,2,2.32333333333333,NA,19.6,3.5,8.19704139068536,NA,8,NA
2552608,"Stefon Diggs","MIN","WR",24,2,9,6.81,5.157,8.161,1.98809582264035,27,0.269166666666667,3,3.004,NA,25.8,9.7,7.3293747263848,NA,2.7,NA
2536340,"Justin Tucker","BAL","K",28,5,10,6.71523206751055,5.72860759493671,7.4573164556962,1.20319116047625,20,0.18242164173752,2,1.72870886075949,NA,6,3.6,7.59678330392575,NA,13,NA
2558123,"Marlon Mack","IND","RB",NA,0,11,6.70933333333333,6.082,7.5204,0.983077480839294,32,0.0114999999999998,7,1.4384,NA,34.5,3,4.59785853467853,NA,12.3,NA
2552461,"Duke Johnson","CLE","RB",24,2,9,6.70866666666667,6.288,7.2848,0.708113926803684,33,0.313333333333334,7,0.9968,NA,29,3.4,4.40345890651236,NA,4.3,NA
2555464,"DeAndre Washington","OAK","RB",24,1,10,6.687,6.2892,7.1732,0.584711039745275,34,0.641333333333333,7,0.884,NA,27.4,3.3,4.16234101113065,NA,11.8,NA
2550380,"Cody Parkey","MIA","K",25,3,1,6.67172413793103,5.88455172413793,7.44758620689655,0.977203415902912,21,0.411119867145029,2,1.56303448275862,NA,21.9,2.8,5.70463328166077,NA,0,NA
100014,"Colts","IND","DST",NA,NA,11,6.665,6.237,7.093,0.756604255869607,16,0.39,2,0.856000000000001,NA,21.1,2.9,5.72140996575032,NA,11,NA
2507166,"Ted Ginn","NO","WR",32,10,5,6.589,5.388,7.9072,1.59481566332915,28,0.208916666666667,3,2.5192,NA,26.9,3.3,4.22425808524721,NA,6.8,NA
1581,"DeSean Jackson","TB","WR",31,9,1,6.49266666666667,5.652,7.4184,1.11925704524624,29,0.255416666666666,4,1.7664,NA,25.1,2.5,3.2252302622262,NA,3.7,NA
2506194,"Nick Novak","LAC","K",NA,NA,9,6.39389671361502,6.18056338028169,6.65492957746479,0.313950528278224,22,0.325679396127758,3,0.474366197183097,NA,14.3,3.5,5.37933647253863,NA,1,NA
100009,"Broncos","DEN","DST",NA,NA,5,6.36,6.312,6.408,0.0848528137423858,17,0.264999999999999,2,0.096000000000001,NA,11.4,2.7,4.81532862341634,NA,5,NA
497322,"Emmanuel Sanders","DEN","WR",30,7,5,6.2675,5.6775,6.8575,1.04298250225016,30,0.0905000000000014,4,1.18,NA,45.7,10.5,6.29304927214886,NA,0,NA
2555346,"Will Fuller","HOU","WR",23,1,7,6.207,5.8252,6.5892,0.477500785339668,31,0.159333333333334,4,0.763999999999998,NA,29.6,4,2.90151103088772,NA,24.5,NA
100029,"49ers","SF","DST",NA,NA,11,6.19,5.862,6.518,0.579827560572969,18,0.2075,2,0.656,NA,25.1,1.3,1.76780902195545,NA,5,NA
2558149,"JuJu Smith-Schuster","PIT","WR",21,0,9,6.147,5.374,6.826,0.930040321706538,32,0.2145,4,1.452,NA,33.3,4.5,3.74841904824738,NA,25.3,NA
2507463,"Connor Barth","CHI","K",31,9,9,6.12731182795699,5.50193548387097,6.71587096774194,0.762885516628214,23,0.217456306801159,3,1.21393548387097,NA,21.3,2.2,4.1823848171146,NA,7,NA
949,"Jonathan Stewart","CAR","RB",30,9,11,6.10366666666667,4.5672,7.2432,1.88037239219611,35,0.124499999999999,7,2.676,NA,33.7,4.8,6.9416946540141,NA,9.4,NA
2541556,"Brandon McManus","DEN","K",26,3,5,6.00912280701754,5.43131578947368,6.55952631578947,0.707623227786022,24,0.647756428298224,3,1.12821052631579,NA,22.1,3.4,6.11355302100371,NA,7,NA
100003,"Bills","BUF","DST",NA,NA,6,6,6.32,9.68,2.9698484809835,19,0.0625,2,3.36,NA,11.8,2.2,5.44394110784411,NA,18,NA
2553733,"Thomas Rawls","SEA","RB",24,2,6,5.98766666666667,5.07,7.0244,1.24840551638213,36,0.175000000000001,7,1.9544,NA,38.9,3.2,5.10802252067187,NA,NA,NA
2543773,"James White","NE","RB",25,3,9,5.97066666666667,5.422,6.5596,0.716324879739169,37,0.489000000000001,7,1.1376,NA,29.7,4,4.74613249139067,NA,8.7,NA
100007,"Browns","CLE","DST",NA,NA,9,5.965,6.257,9.673,3.01934595566656,20,0.0999999999999996,2,3.416,NA,20.4,2.8,6.91589419202183,NA,3,NA
80429,"Jeremy Maclin","BAL","WR",29,8,10,5.94833333333333,5.514,6.366,0.533721213119109,33,0.0564999999999998,4,0.852,NA,41.3,7.6,4.41174916762607,NA,11.3,NA
2495438,"Kyle Rudolph","MIN","TE",28,6,9,5.94066666666667,5.506,6.4996,0.676776427879498,13,1.3145,3,0.993600000000001,NA,6.6,2,3.92056100519977,NA,8.7,NA
497326,"Golden Tate","DET","WR",29,7,7,5.91666666666667,4.851,7.0518,1.38369806436713,34,0.128333333333334,4,2.2008,NA,63.8,17.7,9.64056774271946,NA,5.6,NA
100018,"Raiders","OAK","DST",NA,NA,10,5.91,5.758,6.062,0.268700576850888,21,0.152499999999999,2,0.303999999999999,NA,19.4,1.8,2.77103072165724,NA,NA,NA
2543491,"Paul Richardson","SEA","WR",25,3,6,5.867,4.188,7.0768,2.07166044515022,35,0.230333333333333,4,2.8888,NA,39.4,4.9,5.54283807746532,NA,22.5,NA
100005,"Bears","CHI","DST",NA,NA,9,5.82,5.516,6.124,0.537401153701776,22,0.1675,2,0.608,NA,19.4,2.3,4.14186341888273,NA,10,NA
2506264,"Robbie Gould","SF","K",35,12,11,5.81058823529412,5.43458823529412,6.18282352941176,0.467718085616172,25,3.35451597422186,4,0.748235294117646,NA,21.8,2.6,4.18938254044803,NA,6,NA
2533040,"Mohamed Sanu","ATL","WR",28,5,5,5.70966666666667,5.143,6.2934,0.719948840775047,36,0.233166666666666,4,1.1504,NA,32.6,3.8,3.16943157142068,NA,13.4,NA
100032,"Redskins","WAS","DST",NA,NA,5,5.695,5.619,5.771,0.134350288425444,23,0.220000000000001,2,0.151999999999999,NA,21.7,2.5,4.36651949751426,NA,4,NA
2556414,"Rob Kelley","WAS","RB",25,1,5,5.65466666666667,4.202,6.9572,1.75240986453892,38,0.373,7,2.7552,NA,33.4,4.4,6.52855516943833,NA,7.9,NA
100024,"Jets","NYJ","DST",NA,NA,11,5.61,5.362,5.858,0.438406204335659,24,2.94,2,0.495999999999999,NA,18.8,2.4,4.31919584190696,NA,5,NA
2555343,"Josh Doctson","WAS","WR",NA,1,5,5.56366666666667,5.2894,5.883,0.383616127571995,37,0.218833333333333,5,0.5936,NA,33.5,5.1,3.20385594272283,NA,6.1,NA
2532887,"Jermaine Kearse","NYJ","WR",27,5,11,5.38933333333333,4.708,5.9624,0.818291716524941,38,0.169833333333334,5,1.2544,NA,30.6,3.9,3.35003809482946,NA,1.4,NA
100010,"Lions","DET","DST",NA,NA,7,5.34,5.292,5.388,0.0848528137423858,25,5.34,2,0.0960000000000001,NA,15.3,2.4,4.09504279463641,NA,8,NA
2555430,"Alex Collins","BAL","RB",23,1,10,5.30866666666667,4.1972,6.1812,1.34357929923519,39,0.126666666666666,8,1.984,NA,35.5,3.8,5.58182020729035,NA,14.3,NA
2552430,"Tyler Lockett","SEA","WR",25,2,6,5.30033333333333,4.621,6.0418,0.89813157907588,39,0.164499999999999,5,1.4208,NA,38.5,4.3,3.62327698723308,NA,12.1,NA
2540156,"Giovani Bernard","CIN","RB",26,4,6,5.25466666666667,4.0448,6.5728,1.5972931269286,40,0.375166666666667,8,2.528,NA,43.3,2.6,5.3037885014523,NA,0.5,NA
2553913,"Tyrell Williams","LAC","WR",NA,NA,9,5.13866666666667,4.655,5.6158,0.600666574176833,40,0.0449999999999999,5,0.9608,NA,36.3,5.1,3.51481748554182,NA,2.4,NA
2543614,"Donte Moncrief","IND","WR",24,3,11,5.133,3.611,6.2638,1.861807455136,41,0.110333333333333,5,2.6528,NA,50.2,3.9,4.84505120864797,NA,0,NA
2555461,"Wendell Smallwood","PHI","RB",23,1,10,5.10933333333333,4.458,5.7124,0.790933836255179,41,0.498166666666666,8,1.2544,NA,31.3,4.3,5.02377568507789,NA,1.4,NA
2543500,"Jordan Matthews","BUF","WR",25,3,6,5.05433333333333,4.179,5.9614,1.11611663070368,42,0.0758333333333336,5,1.7824,NA,41.1,5.2,4.29300072203344,NA,2.1,NA
497302,"Brandon LaFell","CIN","WR",31,7,6,4.991,4.592,5.3544,0.48269348452201,43,0.0693333333333328,6,0.7624,NA,44.4,6.5,3.90179270768108,NA,4.4,NA
2550617,"Taylor Gabriel","ATL","WR",26,3,5,4.966,4.013,5.8154,1.14861351202221,44,0.106083333333334,6,1.8024,NA,50.4,3.8,3.78356634795812,NA,NA,NA
2558178,"Zane Gonzalez","CLE","K",NA,0,9,4.91214452214452,3.98433566433566,5.67893706293706,1.1150232887646,26,4.91214452214452,5,1.6946013986014,NA,25.5,1.1,3.10577908266175,NA,4,NA
2539964,"Marquise Goodwin","SF","WR",27,4,11,4.87733333333333,4.683,5.0198,0.238579825914375,45,0.0395833333333337,6,0.3368,NA,41.7,5,2.95635317474559,NA,0,NA
2553895,"Adam Humphries","TB","WR",NA,NA,1,4.8425,4.5109,5.1741,0.586191521603648,46,0.0661666666666667,6,0.6632,NA,59.2,5.3,3.57350690043627,NA,2.6,NA
2534436,"Deonte Thompson","BUF","WR",28,5,6,4.833,4.494,5.258,0.512518292356478,47,0.120333333333333,6,0.764000000000001,NA,54.6,6.6,3.98423548877448,NA,0.5,NA
2543836,"T.J. Jones","DET","WR",25,3,7,4.71966666666667,3.732,5.7584,1.27131677143556,48,0.111499999999999,6,2.0264,NA,NA,NA,5.40181701181811,NA,8.8,NA
2495826,"Vernon Davis","WAS","TE",33,11,5,4.71866666666667,4.397,5.0458,0.405672692368286,14,0.200833333333333,4,0.6488,NA,20.6,2.8,3.96535198230828,NA,2,NA
2649,"Danny Amendola","NE","WR",32,9,9,4.70566666666667,4.508,4.8576,0.239888168389634,49,0.288166666666666,6,0.349600000000001,NA,34.8,4.2,2.64051807532465,NA,1.4,NA
2540168,"Eddie Lacy","SEA","RB",26,4,6,4.64966666666667,3.8928,5.5208,1.04714389332762,42,0.113499999999999,8,1.628,NA,42.7,2.7,4.52931252896709,NA,0,NA
925,"Jamaal Charles","DEN","RB",31,9,5,4.57266666666667,4.099,5.0774,0.61518804713139,43,0.0828333333333342,8,0.9784,NA,42.1,3.4,4.26334361228846,NA,1.4,NA
238457,"Zach Miller","CHI","TE",33,8,9,4.53366666666667,4.076,5.0048,0.581231738064374,15,0.215833333333333,4,0.9288,NA,14.9,3.2,4.46367895688281,NA,0,NA
2550256,"Willie Snead","NO","WR",25,3,5,4.51066666666667,3.096,6.0256,1.8438238346798,50,0.211500000000001,6,2.9296,NA,48.5,6.1,5.69298780981286,NA,0,NA
497224,"Ed Dickson","CAR","TE",30,7,11,4.502,3.5412,5.7332,1.48984294474283,16,0.564666666666668,4,2.192,NA,17,2.9,5.68133479395993,NA,2.4,NA
2557994,"DOnta Foreman","HOU","RB",21,0,7,4.49966666666667,3.736,5.3512,1.02726838427615,44,0.282666666666667,8,1.6152,NA,45,2.3,4.27914857356717,NA,0,NA
2539663,"Mike Gillislee","NE","RB",27,4,9,4.48,2.697,6.093,2.15417617663923,45,0.619333333333334,8,3.396,NA,40.2,3.6,6.69395494229931,NA,3.4,NA
2539205,"Terrance Williams","DAL","WR",28,4,6,4.32433333333333,3.2666,5.3626,1.31067781446599,51,0.0549999999999997,6,2.096,NA,65.8,7.3,5.40573007962792,NA,3.6,NA
2550272,"Albert Wilson","KC","WR",25,3,10,4.274,3.366,5.2828,1.21771589461582,52,0.0828333333333324,6,1.9168,NA,66,5,4.35913150262181,NA,0,NA
2495189,"Jeremy Kerley","NYJ","WR",29,6,11,4.26466666666667,3.506,5.0612,0.975451348521972,53,0.166333333333333,6,1.5552,NA,56.8,4.1,3.65462327796609,NA,NA,NA
2555415,"Austin Hooper","ATL","TE",NA,1,5,4.13366666666667,3.1806,5.1486,1.2372717297883,17,0.395666666666666,4,1.968,NA,17.5,2.2,4.89287599076626,NA,10.7,NA
2550198,"Bennie Fowler","DEN","WR",26,3,5,4.11766666666667,3.967,4.3254,0.255815037347951,54,0.0448333333333339,7,0.3584,NA,45.4,6.3,3.49732350831651,NA,3.5,NA
2535698,"Cole Beasley","DAL","WR",28,5,6,4.079,2.8334,5.0014,1.52501573762371,55,0.0346666666666664,7,2.168,NA,55.7,5.4,4.95824535892839,NA,0.8,NA
2552415,"Jamison Crowder","WAS","WR",24,2,5,4.06666666666667,3.298,4.7124,0.923198967359329,56,0.0596666666666668,7,1.4144,NA,41.8,3.9,3.50033550763208,NA,12.3,NA
2531332,"Terrelle Pryor","WAS","WR",28,6,5,4.022,2.9452,4.8012,1.32693330653805,57,0.0482500000000003,7,1.856,NA,46.4,6.2,4.99216823407967,NA,0,NA
71217,"Kenny Britt","CLE","WR",29,8,9,3.992,3.096,5.0768,1.30373770368123,58,0.0754166666666665,7,1.9808,NA,70.8,8.2,5.75321040688552,NA,0,NA
2543646,"Bruce Ellington","HOU","WR",26,3,7,3.9555,3.1303,4.7807,1.45876128958785,59,0.100166666666667,7,1.6504,NA,73.3,6.9,5.4590299888524,NA,1.3,NA
2556440,"J.D. McKissic","SEA","RB",24,1,6,3.954,3.954,3.954,NA,46,0.350083333333334,9,0,NA,NA,NA,NA,NA,1.2,NA
2555478,"Demarcus Robinson","KC","WR",NA,1,10,3.87766666666667,2.652,5.2528,1.6573986645745,60,0.0526666666666666,7,2.6008,NA,64.9,7.1,5.82303906700725,NA,0.5,NA
2555209,"Chris Moore","BAL","WR",24,1,10,3.833,3.4058,4.2602,0.755190042307233,61,0.0994999999999995,7,0.854399999999999,NA,63.1,10,5.68216935729284,NA,0,NA
2495459,"Torrey Smith","PHI","WR",28,6,10,3.817,3.1038,4.6878,1.04715185145231,62,0.182833333333333,7,1.584,NA,51,4.3,3.83677377811436,NA,0,NA
2507428,"Mike Tolbert","BUF","RB",32,9,6,3.76733333333333,2.8586,4.653,1.12261139016729,47,0.40375,9,1.7944,NA,48.2,2.8,4.69815259035979,NA,1.2,NA
2552633,"Jesse James","PIT","TE",23,2,9,3.741,3.0958,4.5038,0.916093335856123,18,0.0086666666666666,5,1.408,NA,30.2,2.9,4.80362368787429,NA,4.2,NA
2557856,"O.J. Howard","TB","TE",23,0,1,3.735,2.0662,5.1382,2.0042634557363,19,0.012666666666667,5,3.072,NA,20.8,3.6,6.87036560922002,NA,1.6,NA
2506122,"Benjamin Watson","BAL","TE",37,13,10,3.72966666666667,2.802,4.5612,1.1190265114524,20,0.0239166666666666,5,1.7592,NA,19.1,3,5.17150698468087,NA,6.6,NA
2541316,"Ryan Griffin","HOU","TE",27,4,7,3.715,2.998,4.674,1.17122798805356,21,0.0295833333333331,5,1.676,NA,21.9,3.4,5.48112392488268,NA,1,NA
2558266,"George Kittle","SF","TE",24,0,11,3.6965,3.4977,3.8953,0.351432070249714,22,0.0543333333333331,5,0.3976,NA,16.4,2.9,3.93981575437386,NA,2.2,NA
2495353,"Julius Thomas","MIA","TE",29,6,1,3.67433333333333,2.7866,4.4106,1.06666130206984,23,0.0736666666666665,5,1.624,NA,21.7,3.1,5.14883972704532,NA,0.2,NA
2550163,"Michael Campanaro","BAL","WR",26,3,10,3.65,0.365,3.285,2.5809397513309,63,0.0616666666666665,8,2.92,NA,76.1,10,8.29786517916298,NA,0,NA
2532977,"Kendall Wright","CHI","WR",28,5,9,3.61833333333333,3.505,3.721,0.136961065027012,64,0.0965000000000003,9,0.216,NA,53.5,5.7,3.08876291250436,NA,2.3,NA
2557986,"David Njoku","CLE","TE",21,0,9,3.61,3.185,4.1218,0.614920320041548,24,0.0564999999999998,5,0.9368,NA,24.8,3.8,4.85985529042065,NA,1.9,NA
2552403,"Nick OLeary","BUF","TE",25,2,6,3.59133333333333,2.9702,4.051,0.760598667717301,25,0.181333333333333,5,1.0808,NA,17.7,2.4,4.27855078025118,NA,0.5,NA
2550328,"Brandon Coleman","NO","WR",25,3,5,3.55833333333333,2.554,4.854,1.56979563425732,65,0.0916666666666668,9,2.3,NA,59.3,6.5,5.45925074092338,NA,5.4,NA
2552580,"A.J. Derby","DEN","TE",26,2,5,3.51566666666667,2.55,4.2596,1.17139076884417,26,0.286,5,1.7096,NA,24.4,3.1,5.30905284910848,NA,8.1,NA
2532790,"Travis Benjamin","LAC","WR",28,5,9,3.48533333333333,2.3616,4.3296,1.37076669544213,66,0.0481666666666665,9,1.968,NA,55.2,8,5.76981341486629,NA,12.4,NA
2550597,"Seth Roberts","OAK","WR",NA,NA,10,3.448,2.768,3.9552,0.830982550960007,67,0.0706666666666664,9,1.1872,NA,78.3,9.3,5.5127591370853,NA,0,NA
2558918,"Matt Breida","SF","RB",22,0,11,3.4405,3.3681,3.5129,0.127986327394765,48,0.224666666666667,9,0.1448,NA,47.1,1.9,2.70299978352112,NA,11.6,NA
2558010,"John Ross","CIN","WR",NA,0,6,3.42633333333333,3.1432,3.6352,0.347001921224268,68,0.101,9,0.492,NA,86.1,12.6,6.12992665406207,NA,0,NA
2552597,"Breshad Perriman","BAL","WR",24,2,10,3.32833333333333,2.631,3.9494,0.840381659327078,69,0.0620000000000003,9,1.3184,NA,79.3,9.4,5.56593864266421,NA,0,NA
2555473,"Ricardo Louis","CLE","WR",NA,1,9,3.32233333333333,2.285,4.7026,1.68356358161292,70,0.189833333333333,9,2.4176,NA,60.6,5.6,5.26481939096904,NA,4.2,NA
2532838,"Coby Fleener","NO","TE",29,5,5,3.30433333333333,2.9714,3.765,0.567887606250862,27,0.341833333333333,5,0.7936,NA,25.4,2.7,4.15606520310705,NA,NA,NA
2555223,"Devontae Booker","DEN","RB",25,1,5,3.28666666666667,2.533,3.977,0.91285723600864,49,0.178500000000001,9,1.444,NA,52.4,5.3,5.75810222917927,NA,11.4,NA
2541388,"Brice Butler","DAL","WR",27,4,6,3.21033333333333,2.5178,3.985,0.934082615903611,71,0.166,9,1.4672,NA,69.3,5.5,4.15134722176583,NA,0,NA
2543466,"Eric Ebron","DET","TE",24,3,7,3.155,2.317,3.9186,1.01387770465673,28,0.482666666666666,5,1.6016,NA,24.7,2.9,4.95321233276139,NA,5.8,NA
2539265,"Rex Burkhead","NE","RB",27,4,9,3.145,2.15,3.962,1.19627546994829,50,0.144666666666666,9,1.812,NA,47,2.8,4.80922460010182,NA,8.3,NA
2550268,"Charcandrick West","KC","RB",26,3,10,3.07133333333333,2.4098,3.8298,0.911976059627298,51,0.275416666666667,9,1.42,NA,56.2,2.6,4.27045523777794,NA,0.4,NA
2541944,"Russell Shepard","CAR","WR",27,4,11,3.05466666666667,2.604,3.4712,0.547014929717035,72,0.0689166666666665,10,0.8672,NA,84.8,8.1,4.62936312027084,NA,1.4,NA
2557863,"Zay Jones","BUF","WR",22,0,6,3.034,2.274,3.6724,0.912791323359288,73,0.130416666666667,10,1.3984,NA,64,6.9,4.67683550048833,NA,3.2,NA
2495453,"Andre Holmes","BUF","WR",29,6,6,2.9375,2.1435,3.7315,1.4036069606553,74,0.0869999999999997,10,1.588,NA,89.9,9.3,6.33314063217084,NA,11.1,NA
2543603,"Jeremy Hill","CIN","RB",25,3,6,2.92933333333333,1.284,4.3944,1.98279129848134,52,0.47125,9,3.1104,NA,50.7,3.9,6.60068425662214,NA,1.1,NA
2530660,"Kamar Aiken","IND","WR",28,6,11,2.86966666666667,2.3842,3.309,0.586566563429363,75,0.104666666666667,10,0.9248,NA,86.1,7.2,4.32860432545817,NA,3.3,NA
2555214,"Laquon Treadwell","MIN","WR",22,1,9,2.83133333333333,2.6176,3.0016,0.257791259226013,76,0.13775,10,0.384,NA,68.9,6.6,3.61929585165793,NA,2.1,NA
2556365,"Seth DeValve","CLE","TE",24,1,9,2.77,2.5484,2.9916,0.391737156777347,29,0.306,6,0.4432,NA,31.6,2.9,4.00147369980704,NA,0,NA
2555468,"Rashard Higgins","CLE","WR",23,1,9,2.69866666666667,2.1496,3.1016,0.67388896216909,77,0.0104166666666665,10,0.952,NA,86.4,8.8,5.08912750139141,NA,1.4,NA
2558066,"Curtis Samuel","CAR","WR",21,0,11,2.6885,1.9537,3.4233,1.29895515703969,78,0.0422499999999997,10,1.4696,NA,90.9,7.4,5.42864907673561,NA,1.5,NA
2543759,"Ryan Grant","WAS","WR",27,3,5,2.688,2.6384,2.7376,0.0876812408671317,79,0.109500000000001,10,0.0991999999999997,NA,77.5,7.5,3.73300763803223,NA,3.8,NA
2559169,"Austin Ekeler","LAC","RB",NA,NA,9,2.6625,2.4605,2.8645,0.357088924499206,53,0.437166666666667,10,0.404,NA,48.9,2.4,3.32368889110023,NA,2.1,NA
2552418,"Justin Hardy","ATL","WR",26,2,5,2.6045,1.5441,3.6649,1.87454007692554,80,0.052,10,2.1208,NA,89.6,7.9,6.45184045537984,NA,0,NA
2505299,"Antonio Gates","LAC","TE",37,14,9,2.57466666666667,2.0078,3.3638,0.974592393430881,30,0.244,6,1.356,NA,29,2.2,4.49103419900021,NA,2.5,NA
2540151,"Justin Hunter","PIT","WR",26,4,9,2.5525,2.2625,2.8425,0.512652416360247,81,0.0242500000000003,10,0.58,NA,95.5,12.1,6.16868060588244,NA,0.7,NA
2559176,"Tanner Gentry","CHI","WR",NA,0,9,2.5525,2.4865,2.6185,0.11667261889578,81,0.108833333333334,11,0.132000000000001,NA,79.4,6.1,3.21855103650504,NA,NA,NA
2558846,"Mike Williams","LAC","WR",23,0,9,2.504,1.7568,3.2512,1.32087546725647,83,0.123666666666666,11,1.4944,NA,72.9,6.7,5.18205780390759,NA,0.7,NA
2558202,"Trent Taylor","SF","WR",23,0,11,2.38333333333333,1.089,3.5538,1.5636688694648,84,0.0105,11,2.4648,NA,81.1,8.7,6.32417429690839,NA,3.3,NA
2540145,"Cordarrelle Patterson","OAK","WR",26,4,10,2.37733333333333,1.8288,2.9248,0.685003892932977,85,0.0221666666666667,11,1.096,NA,76.3,8.3,4.90648307200947,NA,0.7,NA
2495331,"Aldrick Robinson","SF","WR",29,6,11,2.36833333333333,2.193,2.497,0.215193711184442,86,0.133333333333333,11,0.303999999999999,NA,78.2,7.3,3.83626347765266,NA,0,NA
2540928,"Darren Fells","DET","TE",31,5,7,2.35333333333333,1.688,2.912,0.799098450338463,31,0.119583333333333,6,1.224,NA,27.5,3.1,4.73952722747559,NA,1.2,NA
2556519,"Alex Erickson","CIN","WR",25,1,6,2.342,1.4796,3.2044,1.5245222202382,87,0.27,11,1.7248,NA,93.5,7.7,5.87095318656165,NA,NA,NA
2541199,"Luke Willson","SEA","TE",27,4,6,2.308,1.5864,3.0296,1.27562063326053,32,0.166,6,1.4432,NA,37.9,4.9,6.50242225726583,NA,0,NA
2543770,"Charles Sims","TB","RB",27,3,1,2.25366666666667,1.091,3.4478,1.47457462792947,54,0.1235,10,2.3568,NA,54.3,3,5.33894667522245,NA,0,NA
2559150,"Corey Clement","PHI","RB",NA,0,10,2.197,1.6634,2.7306,0.943280446102855,55,0.167083333333333,10,1.0672,NA,56.1,4.2,5.19843778583226,NA,5.4,NA
2543767,"Logan Thomas","BUF","TE",26,3,6,2.1595,1.3591,2.9599,1.41492066915428,33,0.0529166666666669,6,1.6008,NA,NA,NA,6.68092874859955,NA,0.7,NA
2553737,"Eli Rogers","PIT","WR",NA,NA,9,2.128,1.9864,2.2696,0.250315800540038,88,0.15925,12,0.2832,NA,84.3,12.5,5.95169371301329,NA,0,NA
2540200,"Dion Sims","CHI","TE",26,4,9,2.1245,2.0649,2.1841,0.105358910396795,34,0.0654166666666667,7,0.1192,NA,32.2,3.7,4.02289802424618,NA,1.5,NA
2550284,"Trey Burton","PHI","TE",26,3,10,2.08866666666667,1.1562,3.1202,1.24609804322667,35,0.112416666666667,7,1.964,NA,37,3.7,5.76797878861315,NA,2.1,NA
2550512,"Damien Williams","MIA","RB",25,3,1,2.06333333333333,1.149,3.281,1.4855498420899,56,0.0900833333333333,10,2.132,NA,59.3,4.9,6.40142301766691,NA,NA,NA
2556463,"Stephen Anderson","HOU","TE",24,1,7,2.0295,1.8475,2.2115,0.321733585439879,36,0.11025,7,0.364,NA,34,4,4.52622393126556,NA,1.1,NA
2543774,"Jared Abbrederis","DET","WR",27,3,7,2.016,1.9968,2.0352,0.0339411254969542,89,0.0957499999999998,12,0.0384,NA,91,7.4,3.61630212657075,NA,0,NA
2550658,"Branden Oliver","LAC","RB",26,3,9,1.9965,1.9297,2.0633,0.118086832458153,57,0.0798333333333334,11,0.1336,NA,67.9,5.2,4.5046844509512,NA,0.3,NA
284,"Darren McFadden","DAL","RB",30,9,6,1.95,0.195,1.755,1.37885822331377,58,0.0938333333333334,12,1.56,NA,71.6,4.2,5.85520970584558,NA,0,NA
2534820,"Garrett Celek","SF","TE",29,5,11,1.923,1.1894,2.6566,1.29683383669613,37,0.00800000000000001,7,1.4672,NA,45.4,2.8,5.32863314463666,NA,2.4,NA
2552428,"Tre McBride","CHI","WR",25,2,9,1.9215,1.7347,2.1083,0.330218866814118,90,0.01725,12,0.3736,NA,87.8,10.3,5.19246720990721,NA,9.2,NA
2532841,"Michael Floyd","MIN","WR",28,5,9,1.919,1.1506,2.661,0.945728819482625,91,0.0377500000000002,12,1.5104,NA,95.3,11,6.35228534352672,NA,0.7,NA
2552399,"Jeff Heuerman","DEN","TE",25,2,5,1.9155,1.4239,2.4071,0.869034234078267,38,0.00975000000000015,7,0.9832,NA,46.9,5.8,6.39739449531098,NA,1.1,NA
497246,"Michael Hoomanawanui","NO","TE",29,7,5,1.9145,1.4861,2.3429,0.757311362650793,39,0.18,7,0.8568,NA,37.4,5.4,5.99672287118506,NA,0,NA
2541187,"Demetrius Harris","KC","TE",26,4,10,1.897,1.6466,2.1474,0.442648845022779,40,0.423166666666667,7,0.5008,NA,35.9,2.9,4.07935742035421,NA,0,NA
2532978,"Jarius Wright","MIN","WR",28,5,9,1.8895,1.6171,2.1619,0.481539717988039,92,0.0429999999999999,12,0.5448,NA,74.9,9.3,5.01212306760125,NA,0,NA
2558138,"Samaje Perine","WAS","RB",22,0,5,1.88333333333333,0.909,2.841,1.20803904462287,59,0.0656666666666665,12,1.932,NA,53.1,4.6,5.81784081921932,NA,0,NA
2543638,"DeAnthony Thomas","KC","WR",24,3,10,1.873,0.9402,2.8058,1.64897301372703,93,0.0547499999999999,12,1.8656,NA,92,8.4,6.3272458672623,NA,0,NA
2558113,"Elijah Hood","OAK","RB",NA,0,10,1.829,1.829,1.829,NA,60,0.0663333333333331,12,0,NA,78.1,13,15.0302994100732,NA,0,NA
2556752,"Tommylee Lewis","NO","WR",25,1,5,1.82,0.9888,2.6512,1.46936789130565,94,0.0727500000000001,12,1.6624,NA,94.6,7.5,5.71250788432745,NA,0,NA
2535876,"Griff Whalen","BAL","WR",27,5,10,1.8165,1.5473,2.0857,0.475882863738547,95,0.14625,12,0.5384,NA,100.7,10.2,5.36144187728669,NA,0,NA
2533457,"Alfred Morris","DAL","RB",29,5,6,1.80633333333333,1.0308,2.5308,0.943996998582799,61,0.0960000000000001,12,1.5,NA,58.1,3.9,5.03437173440889,NA,0.3,NA
2495471,"Jacquizz Rodgers","TB","RB",27,6,1,1.719,1.5256,1.864,0.236036014201223,62,0.0301666666666665,12,0.3384,NA,63.6,4.5,4.29718853379367,NA,NA,NA
2541544,"Benny Cunningham","CHI","RB",27,4,9,1.70166666666667,0.372,2.084,1.15214293094795,63,0.0268333333333335,12,1.712,NA,63.8,6.3,6.66938972946152,NA,0,NA
2556396,"Chester Rogers","IND","WR",23,1,11,1.678,1.462,1.894,0.381837661840736,96,0.08725,13,0.432,NA,102.3,9.1,4.78985559775364,NA,0.9,NA
2557978,"James Conner","PIT","RB",22,0,9,1.676,1.0486,2.1646,0.759482060354292,64,0.196666666666667,12,1.116,NA,62,3.1,4.31576620995687,NA,0.1,NA
2555230,"Kenyan Drake","MIA","RB",NA,1,1,1.67366666666667,1.1258,2.169,0.661846155336218,65,0.399416666666667,12,1.0432,NA,70.6,6.3,5.93011153038357,NA,2.2,NA
81306,"Brandon Tate","BUF","WR",30,8,6,1.6625,0.5285,2.7965,2.00464772466386,97,0.166,13,2.268,NA,97.6,6.4,6.04253635361873,NA,2.4,NA
2552402,"Nick Boyle","BAL","TE",24,2,10,1.572,1.016,2.3152,0.907530715733633,41,0.339416666666667,7,1.2992,NA,33.9,2.5,4.56076463019641,NA,2.9,NA
2558105,"Chris Godwin","TB","WR",21,0,1,1.519,1.519,1.519,NA,98,0.0565,13,0,NA,83.8,11,8.23567349591542,NA,0.8,NA
80427,"Darrius Heyward-Bey","PIT","WR",30,8,9,1.474,0.8804,2.0676,1.04934646328084,99,0.0640000000000001,13,1.1872,NA,103.8,9.5,5.90502982252943,NA,0,NA
2554138,"Kasen Williams","CLE","WR",NA,2,9,1.451,0.803,2.099,1.14551298552221,100,0.152,13,1.296,NA,83,10.5,6.43994156268766,NA,0,NA
2495288,"Virgil Green","DEN","TE",29,6,5,1.37566666666667,0.9904,1.9064,0.653411304871085,42,0.338166666666667,8,0.916,NA,36.4,1.8,3.76993742670789,NA,1.6,NA
2556697,"Bryce Treggs","CLE","WR",23,1,9,1.369,1.369,1.369,NA,101,0.14725,13,0,NA,97.4,9,6.6471258873729,NA,NA,NA
2540230,"Kyle Juszczyk","SF","RB",26,4,11,1.285,0.569,2.001,1.26572113832392,66,0.0345833333333334,12,1.432,NA,68.2,5,6.12501021541202,NA,1.2,NA
2536044,"Jamize Olawale","OAK","RB",28,5,10,1.2635,0.6423,1.8847,1.09813683118271,67,0.0833333333333333,12,1.2424,NA,64.3,4.3,5.48698182498778,NA,6.3,NA
2557934,"Elijah McGuire","NYJ","RB",23,0,11,1.23733333333333,0.731,1.6566,0.608437616632415,68,0.158333333333333,12,0.9256,NA,56.5,3.7,4.41831167511136,NA,0.2,NA
2556473,"Jace Billingsley","FA","WR",24,1,NA,1.229,1.229,1.229,NA,102,0.05175,13,0,NA,NA,NA,NA,NA,0,NA
2558127,"Josh Malone","CIN","WR",21,0,6,1.2145,0.6773,1.7517,0.949644407133533,103,0.0839999999999999,13,1.0744,NA,109.5,2.5,2.98223141815955,NA,9.5,NA
2557034,"Marvin Hall","ATL","WR",24,1,5,1.14,0.114,1.026,0.806101730552664,104,0.02925,14,0.912,NA,104.7,13.1,6.9862333740429,NA,0,NA
2539289,"Kenjon Barner","PHI","RB",28,4,10,1.123,1.1014,1.1446,0.0381837661840734,69,0.162,12,0.0432000000000001,NA,67.9,4.6,4.0539122224077,NA,1.1,NA
2555215,"Leonte Carroo","MIA","WR",23,1,1,1.121,0.489,1.753,1.11722871427475,105,0.0465000000000002,14,1.264,NA,96.8,8.2,5.48600467659259,NA,4.8,NA
2530700,"Dontrelle Inman","CHI","WR",28,4,9,1.1005,0.7801,1.4209,0.566392531730425,106,0.0762500000000002,14,0.6408,NA,NA,NA,3.38197017364692,NA,0,NA
2552559,"C.J. Uzomah","CIN","TE",24,2,6,1.0895,0.5547,1.6243,0.945401766446414,43,0.13375,8,1.0696,NA,42.1,1.5,4.04429871885281,NA,0,NA
2557905,"Amara Darboh","SEA","WR",23,0,6,1.0485,0.5209,1.5761,0.932673844385056,107,0.0509999999999999,14,1.0552,NA,100.1,5.6,4.18904260807013,NA,0,NA
2553631,"Zach Zenner","DET","RB",NA,NA,7,1.035,0.479,1.591,0.982878425849301,70,0.1615,12,1.112,NA,65.4,5.3,5.8636814246739,NA,0,NA
2558150,"ArDarius Stewart","NYJ","WR",NA,0,11,1,1,1,NA,108,0.03325,14,0,NA,102,7.2,5.21743303968464,NA,0,NA
2556855,"Marcus Johnson","PHI","WR",23,1,10,0.995,0.995,0.995,NA,109,0.0792500000000002,14,0,NA,109.7,11.6,8.71223777847817,NA,NA,NA
2495835,"Anthony Fasano","MIA","TE",33,11,1,0.9855,0.4531,1.5179,0.941159125759295,44,0.1445,8,1.0648,NA,40.9,2.8,4.78452881914736,NA,1.1,NA
2557960,"Ryan Switzer","DAL","WR",23,0,6,0.9385,0.6965,1.1805,0.427799602617861,110,0.0629999999999997,14,0.484,NA,111.4,7.6,4.25999851272276,NA,0.7,NA
2533046,"Dwayne Allen","NE","TE",27,5,9,0.926,0.6668,1.1852,0.458205194208883,45,0.1775,8,0.5184,NA,54.2,10.8,8.64091771746022,NA,0,NA
2558914,"Kendrick Bourne","SF","WR",22,0,11,0.893,0.893,0.893,NA,111,0.0389999999999999,14,0,NA,115,2,1.0872092574741,NA,0,NA
2553743,"Rod Smith","DAL","RB",NA,NA,6,0.887,0.887,0.887,NA,71,0.0880000000000001,12,0,NA,64.6,4.5,5.67199876353104,NA,0,NA
2556118,"Dwayne Washington","DET","RB",NA,1,7,0.86,0.0860000000000001,0.774,0.608111831820431,72,0.161,12,0.688,NA,73.8,5.2,5.2435528609662,NA,1.6,NA
2558262,"Mack Hollins","PHI","WR",24,0,10,0.858,0.6476,1.0684,0.371938166904124,112,0.0130000000000001,14,0.4208,NA,89.1,10.2,5.21252348618874,NA,3,NA
2531049,"Chris Matthews","BAL","WR",28,4,10,0.85,0.0850000000000001,0.765,0.601040764008565,113,0.0121666666666667,14,0.68,NA,126,10,5.46132439634486,NA,0,NA
2555331,"Cody Core","CIN","WR",23,1,6,0.84,0.0840000000000001,0.756,0.5939696961967,114,0.0391666666666668,14,0.672,NA,102.7,8.2,4.73634746970495,NA,0,NA
2535964,"Josh Bellamy","CHI","WR",28,5,9,0.835666666666667,0.565,1.0466,0.327606979982621,115,0.0756666666666667,14,0.4816,NA,83.8,14.7,6.93612760884736,NA,0,NA
2558928,"Austin Carr","NO","WR",24,0,5,0.766,0.766,0.766,NA,116,0.039,14,0,NA,NA,NA,NA,NA,NA,NA
2541834,"Josh Hill","NO","TE",27,4,5,0.756,0.2792,1.2328,0.842871283174365,46,0.0285,8,0.9536,NA,47.1,3.8,5.20857028540394,NA,2.9,NA
2552424,"Phillip Dorsett","NE","WR",24,2,9,0.754,0.7372,0.7708,0.029698484809835,117,0.0545,14,0.0335999999999999,NA,85.6,11.5,5.23848512364936,NA,0,NA
2550521,"Xavier Grimble","PIT","TE",25,3,9,0.741,0.3674,1.1146,0.660437733628236,47,0.0310000000000001,8,0.7472,NA,56,5.2,5.73364739534799,NA,NA,NA
2534571,"Bobby Rainey","BAL","RB",30,5,10,0.738,0.1476,1.3284,1.04368960903134,73,0.0805,12,1.1808,NA,70.6,4.8,5.68012947164912,NA,0,NA
2553451,"Neal Sterling","FA","TE",NA,NA,NA,0.714,0.714,0.714,NA,48,0.0799999999999998,9,0,NA,NA,NA,NA,NA,0,NA
2507218,"Brent Celek","PHI","TE",32,10,10,0.706,0.5092,0.9028,0.347896536343781,49,0.152,9,0.3936,NA,46.1,3.3,4.1641672889277,NA,1.4,NA
2532933,"Brian Quick","WAS","WR",28,5,5,0.7,0.604,0.796,0.169705627484771,118,0.00974999999999993,14,0.192,NA,111.7,13.6,6.2730565734906,NA,0,NA
2552470,"Sammie Coates","CLE","WR",24,2,9,0.699,0.6478,0.7502,0.0905096679918781,119,0.0375,14,0.1024,NA,112.3,17.9,7.86728362136108,NA,1.3,NA
2553606,"Jordan Taylor","DEN","WR",25,2,5,0.6815,0.3387,1.0243,0.605990511476871,120,0.0467500000000001,14,0.6856,NA,88.2,8.3,4.79328301467133,NA,0.8,NA
2552635,"Matt Jones","IND","RB",25,2,11,0.66,0.0660000000000001,0.594,0.466690475583121,74,0.0570000000000001,12,0.528,NA,83,14.2,9.98470968453234,NA,0,NA
2556411,"Josh Ferguson","IND","RB",24,1,11,0.655,0.131,1.179,0.926309883354377,75,0.112,12,1.048,NA,76.3,5.1,5.66828871546151,NA,0,NA
2556190,"Jakeem Grant","MIA","WR",25,1,1,0.6415,0.2459,1.0371,0.699328606593496,121,0.0174999999999998,14,0.7912,NA,105.9,8.4,4.96671934178918,NA,0,NA
2552431,"Vince Mayle","BAL","WR",NA,NA,10,0.628,0.38,0.876,0.438406204335659,122,0.01225,14,0.496,NA,117,7,4.03691212563505,NA,0,NA
2540279,"Nick Williams","ATL","WR",27,4,5,0.62,0.62,0.62,NA,123,0.02925,14,0,NA,117,20,15.3841377343567,NA,0,NA
497320,"Andre Roberts","ATL","WR",29,7,5,0.6115,0.5623,0.6607,0.0869741340859453,124,0.0475,14,0.0984,NA,NA,NA,2.00827399453928,NA,0,NA
2556805,"Johnny Holton","OAK","WR",26,1,10,0.57,0.25,0.89,0.565685424949238,125,0.0285,14,0.64,NA,112.2,10.4,5.56952664322021,NA,0,NA
2533028,"James Hanna","DAL","TE",28,5,6,0.562,0.562,0.562,NA,50,0.026,9,0,NA,52.5,3.1,4.68227165593317,NA,0,NA
2550246,"Bernard Reedy","TB","WR",26,3,1,0.558,0.558,0.558,NA,126,0.048,14,0,NA,101,5,3.47003067028788,NA,0,NA
2553762,"Terron Ward","ATL","RB",NA,NA,5,0.551,0.551,0.551,NA,76,0.019,12,0,NA,75.9,6.3,7.65375654750469,NA,0,NA
2553744,"Eric Tomlinson","NYJ","TE",NA,NA,11,0.546,0.546,0.546,NA,51,0.03125,9,0,NA,44.3,4.8,6.63523272913046,NA,8,NA
2553660,"Akeem Hunt","KC","RB",24,2,10,0.535,0.275,0.795,0.459619407771256,77,0.0105000000000001,12,0.52,NA,66.9,5.3,5.07470217011243,NA,0,NA
2495472,"Jordan Todman","HOU","RB",27,6,7,0.529,0.529,0.529,NA,78,0.0187499999999999,12,0,NA,86.5,6.5,7.87395185683509,NA,0,NA
2558144,"Adam Shaheen","CHI","TE",23,0,9,0.526,0.526,0.526,NA,52,0.02325,9,0,NA,55.2,11.2,13.9875567694026,NA,0,NA
2553467,"Quan Bray","IND","WR",NA,NA,11,0.525,0.525,0.525,NA,127,0.05875,14,0,NA,113,7,5.05857827883039,NA,0,NA
2559325,"Trey Edmunds","NO","RB",NA,NA,5,0.52,0.52,0.52,NA,79,0.04825,12,0,NA,79,1,1.81858085024896,NA,NA,NA
2552397,"Clive Walford","OAK","TE",26,2,10,0.5035,0.4847,0.5223,0.0332340187157678,53,0.00225000000000009,9,0.0376,NA,51.1,4.9,4.60184313224653,NA,0,NA
2554630,"Ross Travis","KC","TE",24,2,10,0.502,0.2844,0.7196,0.384666088965482,54,0.01175,9,0.4352,NA,53.3,3.5,4.33529670578546,NA,0,NA
2552375,"Cameron Artis-Payne","CAR","RB",25,2,11,0.5005,0.3089,0.6921,0.338704148188356,80,0.0675,12,0.3832,NA,79.2,6.1,5.33277460967864,NA,1,NA
2557886,"Jeremy Sprinkle","WAS","TE",23,0,5,0.5005,0.3281,0.6729,0.304763022691402,55,0.0377500000000001,9,0.3448,NA,NA,NA,3.28433315806989,NA,0,NA
2555348,"Braxton Miller","HOU","WR",25,1,7,0.495,0.2446,0.7454,0.442648845022779,128,0.06125,14,0.5008,NA,92.8,8.7,4.71812316094309,NA,0,NA
2555387,"Cody Kessler","CLE","QB",24,1,9,0.4838,0.43276,0.53484,0.0902268252794037,27,0.08525,8,0.10208,NA,26.7,0.6,1.51336720517033,NA,0,NA
2552468,"Maxx Williams","BAL","TE",23,2,10,0.48,0.48,0.48,NA,56,0.0439999999999999,10,0,NA,NA,NA,NA,NA,0,NA
2552478,"Blake Bell","MIN","TE",26,2,9,0.4455,0.4411,0.4499,0.00777817459305195,57,0.0227499999999999,10,0.00879999999999992,NA,NA,NA,2.37568975168616,NA,0,NA
2553728,"Raheem Mostert","SF","RB",NA,NA,11,0.443,0.443,0.443,NA,81,0.02,12,0,NA,75.8,4.3,5.45180345420064,NA,0,NA
2558129,"Isaiah McKenzie","DEN","WR",22,0,5,0.4375,0.3227,0.5523,0.202939646200539,129,0.02725,14,0.2296,NA,122,12,5.68525089321376,NA,NA,NA
2556612,"Tanner McEvoy","SEA","WR",24,1,6,0.43,0.2316,0.6284,0.350724963468528,130,0.03975,14,0.3968,NA,109.5,1.5,1.72704092922144,NA,5.3,NA
2555289,"Nick Vannett","SEA","TE",NA,1,6,0.4265,0.2789,0.5741,0.260922402257836,58,0.01225,10,0.2952,NA,52.7,5.3,5.17991656428546,NA,0.8,NA
2495467,"Taiwan Jones","BUF","RB",29,6,6,0.423,0.1966,0.6494,0.400222438151586,82,0.00600000000000001,12,0.4528,NA,89,11,8.12292552079616,NA,0,NA
2553617,"Terrell Watson","PIT","RB",24,2,9,0.423,0.0846000000000001,0.7614,0.598212336883819,82,0.01275,12,0.6768,NA,81,5.5,5.39377270841824,NA,NA,NA
2559161,"Sean Culkin","LAC","TE",NA,NA,9,0.419,0.419,0.419,NA,59,0.01475,10,0,NA,NA,NA,NA,NA,NA,NA
2543600,"Alfred Blue","HOU","RB",26,3,7,0.411,0.3318,0.4902,0.140007142674936,84,0.0205,12,0.1584,NA,78.1,3.9,3.82210152926442,NA,2.1,NA
2540203,"Levine Toilolo","ATL","TE",26,4,5,0.4095,0.2099,0.6091,0.352846283812087,60,0.01225,10,0.3992,NA,48.3,2.9,3.94197919105572,NA,2,NA
2556603,"Tre Madden","SEA","RB",24,1,6,0.4095,0.0819000000000001,0.7371,0.579120453791782,85,0.06025,12,0.6552,NA,84,2.8,3.87866728952833,NA,6.6,NA
2506581,"Ryan Fitzpatrick","TB","QB",35,12,1,0.4003,0.19686,0.60374,0.359634508911478,28,0.01,8,0.40688,NA,NA,NA,4.20374009212168,NA,0,NA
2539645,"Brandon Williams","IND","TE",30,5,11,0.399,0.3518,0.4462,0.0834386001800126,61,0.00475000000000003,10,0.0944,NA,53.7,2.6,3.35752440846636,NA,0,NA
2558125,"Patrick Mahomes","KC","QB",NA,0,10,0.3968,0.3968,0.3968,NA,29,0.0579,8,0,NA,NA,NA,NA,NA,0,NA
2558049,"Michael Roberts","DET","TE",23,0,7,0.3955,0.3175,0.4735,0.137885822331377,62,0.019,10,0.156,NA,65,12,8.84017968779309,NA,0,NA
2552660,"Randall Telfer","CLE","TE",25,2,9,0.393,0.2466,0.5394,0.258801081914276,63,0.04575,10,0.2928,NA,NA,NA,3.1437097737486,NA,0,NA
2558069,"Chad Hansen","NYJ","WR",22,0,11,0.3905,0.1965,0.5845,0.342946788875476,131,0.000749999999999973,14,0.388,NA,108.5,7.5,4.09871878895985,NA,0,NA
2558258,"Shelton Gibson","PHI","WR",22,0,10,0.39,0.039,0.351,0.275771644662754,132,0.002,14,0.312,NA,NA,NA,2.54924284383388,NA,0,NA
2552651,"Kaelin Clay","CAR","WR",25,2,11,0.3895,0.3851,0.3939,0.00777817459305199,133,0.01125,14,0.00879999999999997,NA,NA,NA,1.78135073191383,NA,0,NA
2543590,"Cody Latimer","DEN","WR",25,3,5,0.3865,0.3117,0.4613,0.132228968081884,134,0.0265,14,0.1496,NA,105.7,18.4,8.12562203892399,NA,1.5,NA
2533349,"Austin Davis","SEA","QB",28,5,6,0.3838,0.10236,0.66524,0.497520331242855,30,0.0983999999999999,8,0.56288,NA,NA,NA,4.52731693418576,NA,0,NA
2555432,"Andy Janovich","DEN","RB",24,1,5,0.3715,0.1943,0.5487,0.313248304065641,86,0.04775,12,0.3544,NA,83.3,3.6,3.91817115181737,NA,0,NA
2558091,"Noah Brown","DAL","WR",NA,0,6,0.37,0.037,0.333,0.261629509039023,135,0.0280000000000001,14,0.296,NA,109,7.5,3.98221800680839,NA,0,NA
2558956,"Jacob Hollister","NE","TE",24,0,9,0.36,0.36,0.36,NA,64,0.0529999999999999,11,0,NA,NA,NA,NA,NA,NA,NA
2556773,"Hunter Sharp","DEN","WR",23,1,5,0.35,0.035,0.315,0.247487373415292,136,0.074,14,0.28,NA,117.5,1.5,1.57913558840306,NA,0,NA
2495211,"Niles Paul","WAS","TE",28,6,5,0.3345,0.2821,0.3869,0.0926309883354377,65,0.06225,11,0.1048,NA,48,1,2.45254624186447,NA,0,NA
2557866,"Jehu Chesson","KC","WR",24,0,10,0.334,0.3284,0.3396,0.0098994949366116,137,0.1375,14,0.0112,NA,NA,NA,1.7874290335913,NA,0,NA
2555218,"Dan Vitale","CLE","RB",NA,1,9,0.327,0.1774,0.4766,0.264457936163769,87,0.01175,12,0.2992,NA,NA,NA,3.00808846299663,NA,0,NA
2539303,"Zach Line","NO","RB",27,4,5,0.3205,0.2481,0.3929,0.127986327394765,88,0.0155,12,0.1448,NA,NA,NA,2.59653982480646,NA,0,NA
2558112,"Brian Hill","FA","RB",22,0,NA,0.31,0.031,0.279,0.21920310216783,89,0.0165,12,0.248,NA,NA,NA,2.87161637572113,NA,0,NA
2543551,"KaDeem Carey","FA","RB",25,3,NA,0.3,0.03,0.27,0.212132034355964,90,0.01475,12,0.24,NA,NA,NA,2.85029261208434,NA,0,NA
2555316,"Paxton Lynch","DEN","QB",23,1,5,0.294,0.0294,0.2646,0.207889393668845,31,0.0308,9,0.2352,NA,NA,NA,3.8476396290091,NA,0,NA
2508101,"James Develin","NE","RB",29,7,9,0.287,0.2084,0.3556,0.130107647738325,91,0.01075,12,0.1472,NA,NA,NA,2.6029369538975,NA,0,NA
2557987,"Matthew Dayes","CLE","RB",NA,0,9,0.2835,0.1767,0.3903,0.188797510576808,92,0.017,12,0.2136,NA,83.3,3.7,3.78557085914617,NA,1.5,NA
2553454,"Geoff Swaim","DAL","TE",NA,NA,6,0.2795,0.2775,0.2815,0.00353553390593274,66,0.022,11,0.004,NA,48.5,3.5,3.75225052002257,NA,1.8,NA
2559242,"Cooper Rush","DAL","QB",NA,0,6,0.2768,0.0745600000000001,0.47904,0.357513188567918,32,0.0279000000000001,9,0.40448,NA,NA,NA,4.19876198685915,NA,NA,NA
2530763,"Patrick DiMarco","BUF","RB",28,6,6,0.269,0.1818,0.3562,0.154149278298667,93,0.012,12,0.1744,NA,78.8,4.9,4.39391356622723,NA,0,NA
2540259,"MarQueis Gray","MIA","TE",27,4,1,0.265,0.261,0.269,0.00707106781186548,67,0.019,12,0.00800000000000001,NA,NA,NA,2.3735263150043,NA,0,NA
2556803,"C.J. Ham","MIN","RB",24,1,9,0.264,0.0528,0.4752,0.373352380466497,94,0.024,12,0.4224,NA,NA,NA,3.33647442300329,NA,0,NA
2550206,"Ryan Hewitt","CIN","TE",26,3,6,0.25,0.025,0.225,0.176776695296637,68,0.014,13,0.2,NA,NA,NA,2.89275111865214,NA,0,NA
2556466,"Peyton Barber","TB","RB",23,1,1,0.25,0.025,0.225,0.176776695296637,95,0.029,12,0.2,NA,77,0,1.73063904874864,NA,0,NA
2558191,"Nathan Peterman","BUF","QB",23,0,6,0.2496,0.06912,0.43008,0.31904657967137,33,0.00220000000000001,9,0.36096,NA,NA,NA,4.10849234476538,NA,0,NA
1037347,"Joe Webb","BUF","QB",31,7,6,0.2482,0.06564,0.43076,0.32272353493354,34,0.00245000000000001,9,0.36512,NA,NA,NA,4.11712106055375,NA,0,NA
2532842,"Nick Foles","PHI","QB",28,5,10,0.2466,0.14532,0.34788,0.179039436996434,35,0.013,9,0.20256,NA,NA,NA,3.77993739743877,NA,NA,NA
2543497,"AJ McCarron","CIN","QB",27,3,6,0.2449,0.11938,0.37042,0.221890107936339,36,0.02665,9,0.25104,NA,NA,NA,3.88049512374176,NA,0,NA
2540211,"Gavin Escobar","BAL","TE",26,4,10,0.242,0.0484,0.4356,0.342239682094289,69,0.0135,13,0.3872,NA,NA,NA,3.39899530220879,NA,0,NA
2555219,"Daniel Lasco","NO","RB",25,1,5,0.23,0.023,0.207,0.162634559672906,96,0.0365,12,0.184,NA,NA,NA,2.70102626662676,NA,0,NA
497226,"Jim Dray","FA","TE",31,7,NA,0.23,0.023,0.207,0.162634559672906,70,0.00449999999999995,13,0.184,NA,NA,NA,2.84948238501482,NA,0,NA
2553900,"Daniel Brown","CHI","TE",NA,NA,9,0.227,0.227,0.227,NA,71,0.00599999999999998,13,0,NA,NA,NA,NA,NA,0.9,NA
2552622,"Chris Manhertz","CAR","TE",NA,NA,11,0.224,0.0448,0.4032,0.316783837971573,72,0.01025,13,0.3584,NA,50.2,4.7,4.92073212383141,NA,0,NA
2556232,"Jake Rudock","DET","QB",24,1,7,0.2223,0.06366,0.38094,0.280438549418585,37,0.0137,9,0.31728,NA,NA,NA,4.01789082898743,NA,0,NA
2559368,"Chris Thompson","HOU","WR",NA,0,7,0.218,0.218,0.218,NA,138,0.065,14,0,NA,118,12,9.02994730018668,NA,0,NA
2555306,"David Morgan","MIN","TE",24,1,9,0.218,0.198,0.238,0.0353553390593274,73,0.017,13,0.04,NA,NA,NA,2.46006378227894,NA,2.8,NA
2552369,"Bryce Petty","NYJ","QB",26,2,11,0.2142,0.09404,0.33436,0.212414877068439,38,0.0187,9,0.24032,NA,NA,NA,3.85825958690249,NA,0,NA
2495340,"Anthony Sherman","KC","RB",29,6,10,0.212,0.1464,0.2776,0.115965512114594,97,0.0635,12,0.1312,NA,NA,NA,2.56028942662391,NA,0,NA
2495234,"Luke Stocker","TB","TE",29,6,1,0.2095,0.1859,0.2331,0.0417193000900063,74,0.02725,13,0.0472,NA,64.5,13.5,9.55466646689559,NA,0,NA
2543801,"Jimmy Garoppolo","NE","QB",26,3,9,0.203,0.0758,0.3302,0.224859956417322,39,0.0216,9,0.2544,NA,NA,NA,3.8874644711093,NA,0,NA
2495347,"Lee Smith","OAK","TE",30,6,10,0.1925,0.1865,0.1985,0.0106066017177982,75,0.031,13,0.012,NA,54.4,2.2,3.01634729309176,NA,2.1,NA
497123,"Colt McCoy","WAS","QB",31,7,5,0.188,0.0632,0.3128,0.220617315730203,40,0.019,9,0.2496,NA,NA,NA,3.87750826058425,NA,0,NA
2552654,"Geremy Davis","FA","WR",25,2,NA,0.175,0.139,0.211,0.0636396103067893,139,0.06675,14,0.072,NA,NA,NA,1.94141267608714,NA,0,NA
2543695,"Jay Prosch","HOU","RB",25,3,7,0.175,0.123,0.227,0.0919238815542512,98,0.054,12,0.104,NA,91.5,9.5,6.83233506352498,NA,0,NA
81284,"Chase Daniel","NO","QB",31,8,5,0.1748,0.05416,0.29544,0.213263405205863,41,0.0132,9,0.24128,NA,NA,NA,3.86025082900749,NA,0,NA
2558023,"Eric Saubert","ATL","TE",23,0,5,0.172,0.0848,0.2592,0.154149278298667,76,0.0965,13,0.1744,NA,NA,NA,2.82352114483243,NA,0,NA
2495443,"Ryan Mallett","BAL","QB",29,6,10,0.1632,0.07744,0.24896,0.151603693886396,42,0.0203,9,0.17152,NA,NA,NA,3.71555390271012,NA,4.5,NA
2559252,"Kyle Sloter","MIN","QB",23,0,9,0.16,0.16,0.16,NA,43,0.0421,9,0,NA,NA,NA,NA,NA,NA,NA
2535943,"Sean McGrath","LAC","TE",30,5,9,0.151,0.1278,0.1742,0.0410121933088198,77,0.151,13,0.0464,NA,NA,NA,2.47737127573386,NA,0,NA
2558047,"Rodney Adams","MIN","WR",23,0,9,0.131,0.043,0.219,0.15556349186104,140,0.07275,14,0.176,NA,NA,NA,2.2048057487774,NA,0,NA
81294,"Brian Hoyer","SF","QB",32,8,11,0.1258,0.10196,0.14964,0.0421435641587182,44,0.01645,9,0.04768,NA,NA,NA,3.45868367116386,NA,0,NA
2550235,"Roosevelt Nix","PIT","RB",NA,NA,9,0.122,0.0404,0.2036,0.144249783362056,99,0.00325000000000002,12,0.1632,NA,NA,NA,2.64558448117109,NA,0,NA
2552636,"Michael Burton","DET","RB",25,2,7,0.12,0.12,0.12,NA,100,0.01125,12,0,NA,NA,NA,NA,NA,0,NA
2555220,"Derek Watt","LAC","RB",25,1,9,0.1175,0.1075,0.1275,0.0176776695296637,101,0.0675,12,0.02,NA,NA,NA,2.26388911207244,NA,0,NA
2539275,"Mike Glennon","CHI","QB",28,4,9,0.11,0.0764,0.1436,0.05939696961967,45,0.00205000000000001,9,0.0672,NA,NA,NA,3.49917226063239,NA,0,NA
2533436,"Brock Osweiler","DEN","QB",27,5,5,0.1087,0.07454,0.14286,0.0603869191133312,46,0.00770000000000001,9,0.06832,NA,NA,NA,3.50149537642157,NA,0,NA
2555426,"Cardale Jones","LAC","QB",25,1,9,0.1072,0.04704,0.16736,0.106348859890457,47,0.0153,9,0.12032,NA,NA,NA,3.60935432377627,NA,0,NA
2550400,"Keith Smith","DAL","RB",25,3,6,0.1,0.1,0.1,NA,102,0.1,12,0,NA,NA,NA,NA,NA,0,NA
2539287,"Landry Jones","PIT","QB",28,4,9,0.0948,0.06056,0.12904,0.0605283404695684,48,0.0088,9,0.06848,NA,NA,NA,3.50182725010574,NA,0,NA
2539228,"EJ Manuel","OAK","QB",27,4,10,0.089,0.0802,0.0978,0.015556349186104,49,0.0111,9,0.0176,NA,NA,NA,3.39629141854022,NA,0,NA
4487,"Matthew Slater","NE","WR",32,9,9,0.0855,0.0171,0.1539,0.1209152595829,141,0.07,14,0.1368,NA,NA,NA,2.10552682137876,NA,0,NA
2506546,"Derek Anderson","CAR","QB",34,12,11,0.083,0.0486,0.1174,0.0608111831820431,50,0.0131,9,0.0688,NA,NA,NA,3.50249099747407,NA,0,NA
2495425,"Scott Tolzien","IND","QB",30,6,11,0.0728,0.05296,0.09264,0.0350724963468527,51,0.0103,9,0.03968,NA,NA,NA,3.44208998695545,NA,0,NA
2505982,"Matt Schaub","ATL","QB",36,13,5,0.067,0.0502,0.0518,0.0014142135623731,52,0.036,9,0.0016,NA,NA,NA,3.36310405012339,NA,0,NA
2543640,"Tom Savage","HOU","QB",27,3,7,0.058,0.0436,0.0724,0.0254558441227157,53,0.056,9,0.0288,NA,NA,NA,3.419522576432,NA,0,NA
2558912,"Victor Bolden","SF","WR",22,0,11,0.031,0.031,0.031,NA,142,0.031,14,0,NA,NA,NA,NA,NA,NA,NA
2543751,"David Fales","MIA","QB",27,3,1,0.004,0.004,0.004,NA,54,0.004,9,0,NA,NA,NA,NA,NA,0,NA
184,"Donnie Avery","FA","WR",33,9,NA,0,0,0,NA,143,0,0,0,NA,NA,NA,NA,NA,NA,NA
206,"Andre Caldwell","FA","WR",32,9,NA,0,0,0,NA,143,0,0,0,NA,NA,NA,NA,NA,NA,NA
230,"Jerome Felton","FA","RB",31,9,NA,0,0,0,NA,103,0,0,0,NA,NA,NA,NA,NA,0,NA
262,"Chris Johnson","FA","RB",32,9,NA,0,0,0,NA,103,0,0,0,NA,NA,NA,NA,NA,0,NA
768,"Steve Johnson","FA","WR",31,9,NA,0,0,0,NA,143,0,0,0,NA,NA,NA,NA,NA,0,NA
927,"Justin Forsett","FA","RB",32,9,NA,0,0,0,NA,103,0,0,0,NA,NA,NA,NA,NA,0,NA
1060,"Gary Barnidge","FA","TE",32,9,NA,0,0,0,NA,78,0,13,0,NA,NA,NA,NA,NA,0,NA
1990,"Eddie Royal","FA","WR",31,9,NA,0,0,0,NA,143,0,0,0,NA,NA,NA,NA,NA,0,NA
4327,"Danny Woodhead","BAL","RB",32,9,10,0,0,0,NA,103,0,0,0,NA,NA,NA,NA,NA,0,NA
4383,"Tim Hightower","FA","RB",31,9,NA,0,0,0,NA,103,0,0,0,NA,NA,NA,NA,NA,0,NA
4433,"Marcel Reece","FA","RB",32,9,NA,0,0,0,NA,103,0,0,0,NA,NA,NA,NA,NA,0,NA
71345,"Rashad Jennings","FA","RB",32,8,NA,0,0,0,NA,103,0,0,0,NA,NA,NA,NA,NA,0,NA
71417,"Jordan Norwood","FA","WR",31,8,NA,0,0,0,NA,143,0,0,0,NA,NA,NA,NA,NA,0,NA
71435,"John Phillips","NO","TE",30,8,5,0,0,0,NA,78,0,13,0,NA,NA,NA,NA,NA,0,NA
79589,"David Johnson","FA","TE",30,8,NA,0,0,0,NA,78,0,13,0,NA,NA,NA,NA,NA,0,NA
79629,"Cedric Peerman","CIN","RB",31,8,6,0,0,0,0,103,0,12,0,NA,NA,NA,2.21057970298045,NA,0,NA
79858,"Mark Sanchez","CHI","QB",31,8,9,0,0,0,0,55,0,9,0,NA,NA,NA,3.35978531328171,NA,0,NA
89766,"Brandon Myers","FA","TE",32,8,NA,0,0,0,NA,78,0,13,0,NA,NA,NA,NA,NA,0,NA
89798,"Antone Smith","FA","RB",32,8,NA,0,0,0,NA,103,0,0,0,NA,NA,NA,NA,NA,0,NA
100017,"Rams","LAR","DST",NA,NA,8,0,0,0,NA,26,NA,2,0,NA,NA,NA,NA,NA,NA,NA
238498,"Julian Edelman","NE","WR",31,8,9,0,0,0,NA,143,0,0,0,NA,NA,NA,NA,NA,0,NA
497095,"Sam Bradford","MIN","QB",30,7,9,0,0,0,NA,55,0,0,0,NA,NA,NA,NA,NA,0,NA
497188,"Ryan Mathews","FA","RB",30,7,NA,0,0,0,NA,103,0,0,0,NA,NA,NA,NA,NA,0,NA
497190,"Dexter McCluster","FA","WR",29,7,NA,0,0,0,NA,143,0,0,0,NA,NA,NA,NA,NA,0,NA
497204,"C.J. Spiller","KC","RB",30,7,10,0,0,0,0,103,0,12,0,NA,NA,NA,2.21057970298045,NA,0,NA
497206,"James Starks","FA","RB",31,7,NA,0,0,0,NA,103,0,0,0,NA,NA,NA,NA,NA,0,NA
497242,"Clay Harbor","NO","TE",30,7,5,0,0,0,NA,78,0,13,0,NA,NA,NA,NA,NA,0,NA
497254,"Dennis Pitta","FA","TE",32,7,NA,0,0,0,NA,78,0,13,0,NA,NA,NA,NA,NA,0,NA
497286,"Marcus Easley","BUF","WR",30,7,6,0,0,0,NA,143,0,0,0,NA,NA,NA,NA,NA,NA,NA
1037885,"Marc Mariani","FA","WR",30,7,NA,0,0,0,NA,143,0,0,0,NA,NA,NA,NA,NA,0,NA
2495139,"Charles Clay","BUF","TE",28,6,6,0,0,0,NA,78,0,13,0,NA,NA,NA,NA,NA,0,NA
2495186,"Colin Kaepernick","FA","QB",30,6,NA,0,0,0,NA,55,0,0,0,NA,NA,NA,NA,NA,0,NA
2495258,"Matt Asiata","FA","RB",30,6,NA,0,0,0,NA,103,0,0,0,NA,NA,NA,NA,NA,0,NA
2495259,"Dan Bailey","DAL","K",29,6,6,0,0,0,NA,27,0,5,0,NA,NA,NA,NA,NA,0,NA
2495461,"Shaun Draughn","FA","RB",30,6,NA,0,0,0,NA,103,0,0,0,NA,NA,NA,NA,NA,0,NA
2495470,"Stevan Ridley","FA","RB",28,6,NA,0,0,0,0,103,0,12,0,NA,NA,NA,2.21057970298045,NA,0,NA
2495663,"Marshawn Lynch","OAK","RB",31,10,10,0,0,0,NA,103,0,0,0,NA,NA,NA,NA,NA,0,NA
2495700,"Greg Olsen","CAR","TE",32,10,11,0,0,0,NA,78,0,13,0,NA,NA,NA,NA,NA,0,NA
2495824,"Jay Cutler","MIA","QB",34,11,1,0,0,0,NA,55,0,0,0,NA,NA,NA,NA,NA,0,NA
2495979,"DeAngelo Williams","FA","RB",34,11,NA,0,0,0,NA,103,0,0,0,NA,NA,NA,NA,NA,0,NA
2499277,"David Ausberry","FA","TE",30,6,NA,0,0,0,NA,78,0,13,0,NA,NA,NA,NA,NA,NA,NA
2504162,"Shayne Graham","FA","K",NA,NA,NA,0,0,0,NA,27,0,5,0,NA,NA,NA,NA,NA,NA,NA
2504257,"Sebastian Janikowski","OAK","K",39,17,10,0,0,0,NA,27,0,5,0,NA,NA,NA,NA,NA,0,NA
2504833,"Shaun Hill","FA","QB",NA,NA,NA,0,0,0,NA,55,0,0,0,NA,NA,NA,NA,NA,0,NA
2505354,"Tony Romo","FA","QB",37,14,NA,0,0,0,NA,55,0,0,0,NA,NA,NA,NA,NA,0,NA
2505587,"Anquan Boldin","FA","WR",37,14,NA,0,0,0,NA,143,0,0,0,NA,NA,NA,NA,NA,0,NA
2506053,"Luke McCown","FA","QB",36,13,NA,0,0,0,NA,55,0,0,0,NA,NA,NA,NA,NA,0,NA
2506147,"John Kuhn","FA","RB",35,11,NA,0,0,0,0,103,0,12,0,NA,NA,NA,2.21057970298045,NA,0,NA
2506400,"Vincent Jackson","FA","WR",34,12,NA,0,0,0,NA,143,0,0,0,NA,NA,NA,NA,NA,0,NA
2506467,"Darren Sproles","PHI","RB",34,12,10,0,0,0,NA,103,0,0,0,NA,NA,NA,NA,NA,0,NA
2506895,"Kellen Clemens","LAC","QB",34,11,9,0,0,0,0,55,0,9,0,NA,NA,NA,3.35978531328171,NA,0,NA
2507225,"Nick Folk","FA","K",33,10,NA,0,0,0,0,27,0,6,0,NA,NA,NA,1.13522495346886,NA,0,NA
2507401,"Dan Carpenter","FA","K",32,9,NA,0,0,0,NA,27,0,5,0,NA,NA,NA,NA,NA,NA,NA
2507405,"Matthew Mulligan","DET","TE",32,9,7,0,0,0,NA,78,0,13,0,NA,NA,NA,NA,NA,NA,NA
2507486,"Kellen Davis","FA","TE",32,9,NA,0,0,0,NA,78,0,13,0,NA,NA,NA,NA,NA,0,NA
2507828,"Logan Paulsen","FA","TE",30,7,NA,0,0,0,0,78,0,13,0,NA,NA,NA,2.35189194818564,NA,0,NA
2507855,"Victor Cruz","FA","WR",31,7,NA,0,0,0,NA,143,0,0,0,NA,NA,NA,NA,NA,0,NA
2507883,"Jeff Cumberland","FA","TE",30,7,NA,0,0,0,NA,78,0,13,0,NA,NA,NA,NA,NA,0,NA
2508097,"Andrew Hawkins","FA","WR",31,6,NA,0,0,0,NA,143,0,0,0,NA,NA,NA,NA,NA,0,NA
2530598,"Jeremy Ross","FA","WR",29,6,NA,0,0,0,NA,143,0,0,0,NA,NA,NA,NA,NA,0,NA
2530690,"DuJuan Harris","FA","RB",29,6,NA,0,0,0,NA,103,0,0,0,NA,NA,NA,NA,NA,0,NA
2532797,"Brandon Bolden","NE","RB",27,5,9,0,0,0,NA,103,0,0,0,NA,NA,NA,NA,NA,0,NA
2532853,"Ladarius Green","FA","TE",27,5,NA,0,0,0,NA,78,0,13,0,NA,NA,NA,NA,NA,0,NA
2532917,"Kellen Moore","FA","QB",28,5,NA,0,0,0,0,55,0,9,0,NA,NA,NA,3.35978531328171,NA,0,NA
2533031,"Andrew Luck","IND","QB",28,5,11,0,0,0,NA,55,0,0,0,NA,NA,NA,NA,NA,0,NA
2533033,"Robert Griffin","FA","QB",27,5,NA,0,0,0,NA,55,0,0,0,NA,NA,NA,NA,NA,0,NA
2533038,"Justin Blackmon","FA","WR",27,5,NA,0,0,0,NA,143,0,0,0,NA,NA,NA,NA,NA,NA,NA
2533353,"Cory Harkey","FA","TE",27,5,NA,0,0,0,NA,78,0,13,0,NA,NA,NA,NA,NA,0,NA
2533437,"Ronnie Hillman","FA","RB",26,5,NA,0,0,0,NA,103,0,0,0,NA,NA,NA,NA,NA,0,NA
2533460,"Robert Turbin","IND","RB",28,5,11,0,0,0,NA,103,0,0,0,NA,NA,NA,NA,NA,0,NA
2533533,"Rueben Randle","FA","WR",26,5,NA,0,0,0,NA,143,0,0,0,NA,NA,NA,NA,NA,0,NA
2534437,"Austin Johnson","FA","RB",28,4,NA,0,0,0,NA,103,0,0,0,NA,NA,NA,NA,NA,0,NA
2534770,"Jonathan Grimes","FA","RB",28,5,NA,0,0,0,NA,103,0,0,0,NA,NA,NA,NA,NA,0,NA
2534789,"Daryl Richardson","FA","RB",27,5,NA,0,0,0,NA,103,0,0,0,NA,NA,NA,NA,NA,0,NA
2534871,"Derrick Coleman","ATL","RB",27,5,5,0,0,0,NA,103,0,0,0,NA,NA,NA,NA,NA,0,NA
2534889,"Matt Simms","FA","QB",29,5,NA,0,0,0,NA,55,0,0,0,NA,NA,NA,NA,NA,0,NA
2535138,"Greg Scruggs","NE","TE",27,5,9,0,0,0,NA,78,0,13,0,NA,NA,NA,NA,NA,NA,NA
2535696,"Joe Banyard","BUF","RB",29,5,6,0,0,0,0,103,0,12,0,NA,NA,NA,2.21057970298045,NA,0,NA
2535724,"Dominique Jones","FA","TE",30,5,NA,0,0,0,NA,78,0,13,0,NA,NA,NA,NA,NA,NA,NA
2535890,"Travaris Cadet","FA","RB",28,5,NA,0,0,0,0,103,0,12,0,NA,NA,NA,2.21057970298045,NA,0,NA
2535966,"Brenton Bersin","CAR","WR",27,4,11,0,0,0,NA,143,0,0,0,NA,NA,NA,NA,NA,0,NA
2536071,"Cooper Helfet","OAK","TE",28,6,10,0,0,0,NA,78,0,13,0,NA,NA,NA,NA,NA,0,NA
2536342,"Brandon Bostick","FA","TE",28,5,NA,0,0,0,NA,78,0,13,0,NA,NA,NA,NA,NA,NA,NA
2537931,"Josh Gordon","CLE","WR",26,5,9,0,0,0,NA,143,0,0,0,NA,NA,NA,NA,NA,0,NA
2537933,"Larry Donnell","FA","TE",29,5,NA,0,0,0,NA,78,0,13,0,NA,NA,NA,NA,NA,0,NA
2539202,"Chris Gragg","NYJ","TE",27,4,11,0,0,0,0,78,0,13,0,NA,NA,NA,2.35189194818564,NA,0,NA
2539203,"Cobi Hamilton","FA","WR",27,4,NA,0,0,0,NA,143,0,0,0,NA,NA,NA,NA,NA,0,NA
2539227,"Dustin Hopkins","WAS","K",27,4,5,0,0,0,NA,27,0,5,0,NA,NA,NA,NA,NA,0,NA
2539250,"Quinton Patton","FA","WR",27,4,NA,0,0,0,NA,143,0,0,0,NA,NA,NA,NA,NA,0,NA
2539260,"Denard Robinson","FA","RB",27,4,NA,0,0,0,NA,103,0,0,0,NA,NA,NA,NA,NA,0,NA
2539283,"Jake Stoneburner","NO","TE",28,4,5,0,0,0,NA,78,0,13,0,NA,NA,NA,NA,NA,0,NA
2539308,"Matt Barkley","FA","QB",27,4,NA,0,0,0,NA,55,0,0,0,NA,NA,NA,NA,NA,0,NA
2539315,"Stepfan Taylor","FA","RB",26,4,NA,0,0,0,NA,103,0,0,0,NA,NA,NA,NA,NA,0,NA
2539322,"Christine Michael","IND","RB",27,4,11,0,0,0,NA,103,0,0,0,NA,NA,NA,NA,NA,0,NA
2539637,"Caleb Sturgis","PHI","K",28,4,10,0,0,0,NA,27,0,5,0,NA,NA,NA,NA,NA,0,NA
2539961,"Ryan Nassib","FA","QB",27,4,NA,0,0,0,NA,55,0,0,0,NA,NA,NA,NA,NA,0,NA
2540005,"Marlon Brown","DEN","WR",26,4,5,0,0,0,NA,143,0,0,0,NA,NA,NA,NA,NA,0,NA
2540037,"Fozzy Whittaker","CAR","RB",28,5,11,0,0,0,NA,103,0,0,0,NA,77.8,4,5.12151049020503,NA,0,NA
2540148,"Tyler Eifert","CIN","TE",27,4,6,0,0,0,NA,78,0,13,0,NA,NA,NA,NA,NA,0,NA
2540157,"Stedman Bailey","FA","WR",27,4,NA,0,0,0,NA,143,0,0,0,NA,NA,NA,NA,NA,NA,NA
2540173,"Tyler Bray","KC","QB",26,4,10,0,0,0,NA,55,0,0,0,NA,NA,NA,NA,NA,0,NA
2540178,"Knile Davis","FA","RB",26,4,NA,0,0,0,NA,103,0,0,0,NA,NA,NA,NA,NA,0,NA
2540181,"Josh Boyce","FA","WR",26,4,NA,0,0,0,NA,143,0,0,0,NA,NA,NA,NA,NA,0,NA
2540204,"Spencer Ware","KC","RB",26,4,10,0,0,0,NA,103,0,0,0,NA,NA,NA,NA,NA,0,NA
2540215,"Vance McDonald","PIT","TE",27,4,9,0,0,0,NA,78,0,13,0,NA,30.9,4.8,6.63523272913046,NA,0,NA
2540224,"Mike James","DET","RB",26,4,7,0,0,0,0,103,0,12,0,NA,NA,NA,2.21057970298045,NA,0,NA
2540261,"Corey Fuller","NO","WR",27,4,5,0,0,0,NA,143,0,0,0,NA,NA,NA,NA,NA,0,NA
2541147,"Charles Johnson","CAR","WR",28,4,11,0,0,0,NA,143,0,0,0,NA,NA,NA,NA,NA,0,NA
2541185,"Ryan Griffin","TB","QB",28,4,1,0,0,0,NA,55,0,0,0,NA,NA,NA,NA,NA,0,NA
2541512,"Brian Leonhardt","OAK","TE",27,4,10,0,0,0,NA,78,0,13,0,NA,NA,NA,NA,NA,NA,NA
2541828,"Frankie Hammond","FA","WR",NA,NA,NA,0,0,0,NA,143,0,0,0,NA,NA,NA,NA,NA,0,NA
2541883,"Eric Rogers","FA","WR",26,4,NA,0,0,0,NA,143,0,0,0,NA,NA,NA,NA,NA,0,NA
2541940,"Rashad Ross","FA","WR",27,4,NA,0,0,0,NA,143,0,0,0,NA,NA,NA,NA,NA,0,NA
2542022,"Khiry Robinson","FA","RB",28,4,NA,0,0,0,NA,103,0,0,0,NA,NA,NA,NA,NA,0,NA
2542065,"Matt McGloin","FA","QB",28,4,NA,0,0,0,NA,55,0,0,0,NA,NA,NA,NA,NA,0,NA
2543465,"Teddy Bridgewater","MIN","QB",25,3,9,0,0,0,NA,55,0,0,0,NA,NA,NA,NA,NA,0,NA
2543481,"Jace Amaro","FA","TE",25,3,NA,0,0,0,NA,78,0,13,0,NA,NA,NA,NA,NA,0,NA
2543502,"Tre Mason","FA","RB",24,3,NA,0,0,0,NA,103,0,0,0,NA,NA,NA,NA,NA,NA,NA
2543565,"Andre Williams","LAC","RB",25,3,9,0,0,0,0,103,0,12,0,NA,87,12,8.06995128320083,NA,0,NA
2543570,"Storm Johnson","FA","RB",25,3,NA,0,0,0,NA,103,0,0,0,NA,NA,NA,NA,NA,0,NA
2543572,"Martavis Bryant","PIT","WR",26,3,9,0,0,0,NA,143,0,0,0,NA,NA,NA,NA,NA,0,NA
2543587,"Aaron Murray","FA","QB",27,3,NA,0,0,0,NA,55,0,0,0,NA,NA,NA,NA,NA,0,NA
2543596,"Dri Archer","FA","RB",26,3,NA,0,0,0,NA,103,0,0,0,NA,NA,NA,NA,NA,NA,NA
2543605,"Zach Mettenberger","FA","QB",26,3,NA,0,0,0,NA,55,0,0,0,NA,NA,NA,NA,NA,0,NA
2543619,"Walt Powell","FA","WR",26,3,NA,0,0,0,NA,143,0,0,0,NA,NA,NA,NA,NA,0,NA
2543664,"Terrance West","BAL","RB",26,3,10,0,0,0,NA,103,0,0,0,NA,61.5,5.7,6.99317061951347,NA,0,NA
2543682,"Bishop Sankey","MIN","RB",25,3,9,0,0,0,0,103,0,12,0,NA,NA,NA,2.21057970298045,NA,0,NA
2543704,"Lorenzo Taliaferro","FA","RB",26,3,NA,0,0,0,NA,103,0,0,0,NA,NA,NA,NA,NA,0,NA
2543721,"C.J. Fiedorowicz","HOU","TE",26,3,7,0,0,0,NA,78,0,13,0,NA,NA,NA,NA,NA,0,NA
2543746,"Josh Huff","FA","WR",26,3,NA,0,0,0,NA,143,0,0,0,NA,NA,NA,NA,NA,0,NA
2543781,"Zach Hocker","FA","K",26,3,NA,0,0,0,NA,27,0,5,0,NA,NA,NA,NA,NA,0,NA
2543792,"Matt Hazel","IND","WR",25,3,11,0,0,0,0,143,0,14,0,NA,NA,NA,1.75906362576312,NA,0,NA
2543794,"Crockett Gillmore","FA","TE",26,3,NA,0,0,0,NA,78,0,13,0,NA,NA,NA,NA,NA,0,NA
2543828,"Quincy Enunwa","NYJ","WR",25,3,11,0,0,0,NA,143,0,0,0,NA,NA,NA,NA,NA,0,NA
2549982,"Garrett Gilbert","FA","QB",26,3,NA,0,0,0,NA,55,0,9,0,NA,NA,NA,NA,NA,0,NA
2550182,"Isaiah Burse","LAC","WR",26,3,9,0,0,0,NA,143,0,0,0,NA,NA,NA,NA,NA,0,NA
2550183,"Jeremy Butler","BUF","WR",26,3,6,0,0,0,NA,143,0,0,0,NA,NA,NA,NA,NA,0,NA
2550216,"Jonathan Krause","FA","WR",NA,NA,NA,0,0,0,NA,143,0,0,0,NA,NA,NA,NA,NA,0,NA
2550223,"Freddie Martino","FA","WR",26,3,NA,0,0,0,NA,143,0,0,0,NA,NA,NA,NA,NA,0,NA
2550243,"Justin Perillo","FA","TE",26,3,NA,0,0,0,NA,78,0,13,0,NA,NA,NA,NA,NA,0,NA
2550252,"Connor Shaw","FA","QB",26,3,NA,0,0,0,0,55,0,9,0,NA,NA,NA,3.35978531328171,NA,0,NA
2550263,"Juwan Thompson","FA","RB",25,3,NA,0,0,0,NA,103,0,0,0,NA,NA,NA,NA,NA,0,NA
2550359,"Seantavius Jones","FA","WR",25,3,NA,0,0,0,NA,143,0,0,0,NA,NA,NA,NA,NA,0,NA
2550376,"Stephen Morris","FA","QB",25,3,NA,0,0,0,NA,55,0,9,0,NA,NA,NA,NA,NA,0,NA
2550454,"Asante Cleveland","LAC","TE",25,3,9,0,0,0,NA,78,0,13,0,NA,NA,NA,NA,NA,NA,NA
2550459,"Javontee Herndon","FA","WR",26,3,NA,0,0,0,NA,143,0,0,0,NA,NA,NA,NA,NA,0,NA
2550474,"Antonio Andrews","FA","RB",25,3,NA,0,0,0,NA,103,0,12,0,NA,NA,NA,NA,NA,0,NA
2550540,"George Atkinson","FA","RB",25,3,NA,0,0,0,NA,103,0,12,0,NA,NA,NA,NA,NA,NA,NA
2550542,"Kapri Bibbs","FA","RB",24,3,NA,0,0,0,NA,103,0,12,0,NA,NA,NA,NA,NA,0,NA
2550546,"Philly Brown","FA","WR",26,3,NA,0,0,0,0,143,0,14,0,NA,NA,NA,1.75906362576312,NA,0,NA
2550596,"Darrin Reaves","FA","RB",24,3,NA,0,0,0,NA,103,0,12,0,NA,NA,NA,NA,NA,0,NA
2550608,"RaShaun Allen","SEA","TE",27,3,6,0,0,0,0,78,0,13,0,NA,NA,NA,2.35189194818564,NA,0,NA
2550633,"Senorise Perry","MIA","RB",26,3,1,0,0,0,NA,103,0,12,0,NA,NA,NA,NA,NA,0,NA
2550636,"Cairo Santos","FA","K",26,3,NA,0,0,0,NA,27,0,5,0,NA,NA,NA,NA,NA,NA,NA
2550738,"Fitzgerald Toussaint","FA","RB",27,3,NA,0,0,0,NA,103,0,12,0,NA,NA,NA,NA,NA,0,NA
2551357,"Glenn Winston","CLE","RB",28,3,9,0,0,0,NA,103,0,12,0,NA,NA,NA,NA,NA,NA,NA
2551359,"Jerome Cunningham","FA","TE",26,3,NA,0,0,0,NA,78,0,13,0,NA,NA,NA,NA,NA,0,NA
2552371,"Garrett Grayson","FA","QB",26,2,NA,0,0,0,NA,55,0,9,0,NA,NA,NA,NA,NA,0,NA
2552376,"David Cobb","FA","RB",24,2,NA,0,0,0,NA,103,0,12,0,NA,NA,NA,NA,NA,0,NA
2552379,"Jeremy Langford","BAL","RB",26,2,10,0,0,0,NA,103,0,12,0,NA,NA,NA,NA,NA,0,NA
2552380,"Karlos Williams","FA","RB",24,2,NA,0,0,0,NA,103,0,12,0,NA,NA,NA,NA,NA,NA,NA
2552401,"MyCole Pruitt","FA","TE",25,2,NA,0,0,0,NA,78,0,13,0,NA,NA,NA,NA,NA,0,NA
2552409,"DeVante Parker","MIA","WR",24,2,1,0,0,0,NA,143,0,0,0,NA,44.6,13,9.82422110445793,NA,0,NA
2552411,"Dezmin Lewis","FA","WR",25,2,NA,0,0,0,NA,143,0,0,0,NA,NA,NA,NA,NA,0,NA
2552420,"Keith Mumphery","FA","WR",25,2,NA,0,0,0,NA,143,0,0,0,NA,NA,NA,NA,NA,0,NA
2552421,"Kenny Bell","BAL","WR",25,2,10,0,0,0,NA,143,0,0,0,NA,NA,NA,NA,NA,0,NA
2552462,"Gerald Christian","FA","TE",26,2,NA,0,0,0,NA,78,0,13,0,NA,NA,NA,NA,NA,0,NA
2552479,"DaRon Brown","KC","WR",26,2,10,0,0,0,NA,143,0,0,0,NA,NA,NA,NA,NA,0,NA
2552491,"Dorial Green-Beckham","FA","WR",24,2,NA,0,0,0,NA,143,0,0,0,NA,NA,NA,NA,NA,0,NA
2552647,"Marcus Murphy","FA","RB",26,2,NA,0,0,0,NA,103,0,12,0,NA,NA,NA,NA,NA,0,NA
2552650,"Mario Alford","FA","WR",NA,NA,NA,0,0,0,NA,143,0,0,0,NA,NA,NA,NA,NA,0,NA
2552652,"Chris Conley","KC","WR",25,2,10,0,0,0,NA,143,0,0,0,NA,NA,NA,NA,NA,0,NA
2553112,"Jason Myers","FA","K",NA,NA,NA,0,0,0,NA,27,0,5,0,NA,NA,NA,NA,NA,NA,NA
2553292,"Kennard Backman","FA","TE",24,2,NA,0,0,0,NA,78,0,13,0,NA,NA,NA,NA,NA,0,NA
2553318,"James OShaughnessy","FA","TE",NA,NA,NA,0,0,0,NA,78,0,13,0,NA,NA,NA,NA,NA,0,NA
2553439,"Mike Davis","FA","RB",24,2,NA,0,0,0,NA,103,0,12,0,NA,NA,NA,NA,NA,0,NA
2553465,"Rory Anderson","SF","TE",25,2,11,0,0,0,NA,78,0,13,0,NA,NA,NA,NA,NA,0,NA
2553499,"Damiere Byrd","CAR","WR",NA,NA,11,0,0,0,NA,143,0,0,0,NA,NA,NA,NA,NA,0,NA
2553511,"John Crockett","FA","RB",25,2,NA,0,0,0,NA,103,0,12,0,NA,NA,NA,NA,NA,0,NA
2553554,"Matt Lengel","FA","TE",NA,NA,NA,0,0,0,NA,78,0,13,0,NA,NA,NA,NA,NA,0,NA
2553568,"Cameron Meredith","CHI","WR",NA,NA,9,0,0,0,NA,143,0,0,0,NA,NA,NA,NA,NA,0,NA
2553648,"Andrew Franks","FA","K",24,2,NA,0,0,0,0,27,0,5,0,NA,NA,NA,1.13522495346886,NA,NA,NA
2553652,"Chris Harper","FA","WR",NA,NA,NA,0,0,0,NA,143,0,0,0,NA,NA,NA,NA,NA,0,NA
2553668,"Jordan Leslie","CLE","WR",NA,NA,9,0,0,0,0,143,0,14,0,NA,NA,NA,1.75906362576312,NA,0,NA
2553682,"Wes Saxton","WAS","TE",24,2,5,0,0,0,NA,78,0,13,0,NA,NA,NA,NA,NA,0,NA
2553716,"Rannell Hall","CLE","WR",24,2,9,0,0,0,NA,143,0,0,0,NA,NA,NA,NA,NA,0,NA
2553791,"E.J. Bibbs","FA","TE",26,2,NA,0,0,0,NA,78,0,13,0,NA,NA,NA,NA,NA,0,NA
2553835,"Mike Meyer","FA","K",NA,NA,NA,0,0,0,NA,27,0,5,0,NA,NA,NA,NA,NA,NA,NA
2553867,"Mack Brown","WAS","RB",NA,NA,5,0,0,0,NA,103,0,12,0,NA,83,3,4.02053394355301,NA,0,NA
2553876,"Donteea Dye","FA","WR",NA,NA,NA,0,0,0,NA,143,0,0,0,NA,NA,NA,NA,NA,0,NA
2553896,"Darius Jennings","NYJ","WR",NA,NA,11,0,0,0,NA,143,0,0,0,NA,NA,NA,NA,NA,0,NA
2555216,"Malcolm Mitchell","NE","WR",24,1,9,0,0,0,NA,143,0,0,0,NA,NA,NA,NA,NA,0,NA
2555227,"Jonathan Williams","FA","RB",23,1,NA,0,0,0,NA,103,0,12,0,NA,NA,NA,NA,NA,0,NA
2555229,"Kenneth Dixon","BAL","RB",23,1,10,0,0,0,NA,103,0,12,0,NA,NA,NA,NA,NA,0,NA
2555234,"Tyler Ervin","HOU","RB",24,1,7,0,0,0,NA,103,0,12,0,NA,NA,NA,NA,NA,0,NA
2555262,"Jeff Driskel","CIN","QB",24,1,6,0,0,0,0,55,0,9,0,NA,NA,NA,3.35978531328171,NA,0,NA
2555263,"Kevin Hogan","CLE","QB",25,1,9,0,0,0,0,55,0,9,0,NA,NA,NA,3.35978531328171,NA,0,NA
2555332,"Connor Cook","OAK","QB",24,1,10,0,0,0,0,55,0,9,0,NA,NA,NA,3.35978531328171,NA,0,NA
2555333,"Corey Coleman","CLE","WR",23,1,9,0,0,0,NA,143,0,0,0,NA,NA,NA,NA,NA,0,NA
2555350,"Kolby Listenbee","FA","WR",23,1,NA,0,0,0,NA,143,0,0,0,NA,NA,NA,NA,NA,0,NA
2555356,"Keenan Reynolds","FA","WR",24,1,NA,0,0,0,NA,143,0,0,0,NA,NA,NA,NA,NA,0,NA
2555362,"Aaron Burbridge","SF","WR",24,1,11,0,0,0,NA,143,0,0,0,NA,NA,NA,NA,NA,0,NA
2555370,"Jordan Payton","FA","WR",24,1,NA,0,0,0,NA,143,0,0,0,NA,NA,NA,NA,NA,0,NA
2555408,"Roberto Aguayo","FA","K",23,1,NA,0,0,0,0,27,0,5,0,NA,NA,NA,1.13522495346886,NA,0,NA
2555416,"Christian Hackenberg","NYJ","QB",22,1,11,0,0,0,0,55,0,9,0,NA,NA,NA,3.35978531328171,NA,0,NA
2555417,"C.J. Prosise","SEA","RB",23,1,6,0,0,0,NA,103,0,12,0,NA,55.4,6.2,7.54365889283948,NA,0,NA
2555427,"Nate Sudfeld","WAS","QB",24,1,5,0,0,0,NA,55,0,9,0,NA,NA,NA,NA,NA,0,NA
2555459,"Keith Marshall","WAS","RB",23,1,5,0,0,0,0,103,0,12,0,NA,NA,NA,2.21057970298045,NA,0,NA
2555462,"Kelvin Taylor","FA","RB",24,1,NA,0,0,0,NA,103,0,12,0,NA,NA,NA,NA,NA,0,NA
2555465,"Demarcus Ayers","FA","WR",23,1,NA,0,0,0,NA,143,0,0,0,NA,NA,NA,NA,NA,0,NA
2555466,"Tyler Boyd","CIN","WR",23,1,6,0,0,0,NA,143,0,0,0,NA,104.9,12.2,9.18880206104093,NA,0,NA
2555471,"Kenny Lawler","FA","WR",23,1,NA,0,0,0,NA,143,0,0,0,NA,NA,NA,NA,NA,0,NA
2555477,"Charone Peake","NYJ","WR",25,1,11,0,0,0,NA,143,0,0,0,NA,NA,NA,NA,NA,0,NA
2555483,"Thomas Duarte","MIA","TE",22,1,1,0,0,0,NA,78,0,13,0,NA,NA,NA,NA,NA,0,NA
2555487,"Beau Sandland","FA","TE",24,1,NA,0,0,0,NA,78,0,13,0,NA,NA,NA,NA,NA,0,NA
2556144,"Daniel Braverman","FA","WR",24,1,NA,0,0,0,NA,143,0,0,0,NA,NA,NA,NA,NA,0,NA
2556185,"Devin Lucien","FA","WR",24,1,NA,0,0,0,0,143,0,14,0,NA,NA,NA,1.75906362576312,NA,0,NA
2556212,"Devin Fuller","ATL","WR",23,1,5,0,0,0,NA,143,0,0,0,NA,NA,NA,NA,NA,0,NA
2556261,"Moritz Boehringer","FA","WR",NA,1,NA,0,0,0,NA,143,0,0,0,NA,NA,NA,NA,NA,0,NA
2556273,"Darius Jackson","CLE","RB",24,1,9,0,0,0,NA,103,0,12,0,NA,NA,NA,NA,NA,0,NA
2556375,"Rico Gathers","DAL","TE",23,1,6,0,0,0,NA,78,0,13,0,NA,NA,NA,NA,NA,0,NA
2556379,"Zac Brooks","FA","RB",24,1,NA,0,0,0,NA,103,0,12,0,NA,NA,NA,NA,NA,0,NA
2556392,"Mekale McKay","FA","WR",24,1,NA,0,0,0,NA,143,0,0,0,NA,NA,NA,NA,NA,NA,NA
2556404,"Maurice Harris","WAS","WR",25,1,5,0,0,0,NA,143,0,0,0,NA,NA,NA,NA,NA,0,NA
2556444,"Joshua Perkins","FA","TE",24,1,NA,0,0,0,NA,78,0,13,0,NA,NA,NA,NA,NA,0,NA
2556454,"Brandon Wilds","FA","RB",24,1,NA,0,0,0,0,103,0,12,0,NA,NA,NA,2.21057970298045,NA,0,NA
2556477,"Trevone Boykin","FA","QB",24,1,NA,0,0,0,NA,55,0,9,0,NA,NA,NA,NA,NA,0,NA
2556478,"Ben Braunecker","FA","TE",23,1,NA,0,0,0,NA,78,0,13,0,NA,NA,NA,NA,NA,0,NA
2556493,"Tra Carson","CIN","RB",25,1,6,0,0,0,NA,103,0,12,0,NA,NA,NA,NA,NA,0,NA
2556508,"Alan Cross","TB","RB",24,1,1,0,0,0,NA,103,0,12,0,NA,NA,NA,NA,NA,0,NA
2556508,"Alan Cross","TB","TE",24,1,1,0,0,0,NA,78,0,13,0,NA,NA,NA,NA,NA,0,NA
2556541,"Aaron Green","FA","RB",25,1,NA,0,0,0,NA,103,0,12,0,NA,NA,NA,NA,NA,0,NA
2556544,"Glenn Gronkowski","FA","RB",24,1,NA,0,0,0,NA,103,0,12,0,NA,NA,NA,NA,NA,0,NA
2556563,"Don Jackson","FA","RB",24,1,NA,0,0,0,NA,103,0,12,0,NA,NA,NA,NA,NA,0,NA
2556569,"Andy Jones","FA","WR",NA,1,NA,0,0,0,0,143,0,14,0,NA,NA,NA,1.75906362576312,NA,0,NA
2556577,"Marshall Koehn","FA","K",25,1,NA,0,0,0,NA,27,0,5,0,NA,NA,NA,NA,NA,0,NA
2556606,"Jalin Marshall","FA","WR",NA,1,NA,0,0,0,0,143,0,14,0,NA,NA,NA,1.75906362576312,NA,0,NA
2556636,"Marquez North","FA","WR",22,1,NA,0,0,0,NA,143,0,0,0,NA,NA,NA,NA,NA,0,NA
2556656,"Jhurell Pressley","FA","RB",25,1,NA,0,0,0,NA,103,0,12,0,NA,NA,NA,NA,NA,0,NA
2556661,"Kalif Raymond","FA","WR",23,1,NA,0,0,0,0,143,0,14,0,NA,NA,NA,1.75906362576312,NA,0,NA
2556676,"Rashawn Scott","MIA","WR",25,1,1,0,0,0,NA,143,0,0,0,NA,NA,NA,NA,NA,0,NA
2556687,"Joel Stave","FA","QB",25,1,NA,0,0,0,NA,55,0,9,0,NA,NA,NA,NA,NA,0,NA
2556728,"Brandon Burks","FA","RB",24,1,NA,0,0,0,NA,103,0,12,0,NA,NA,NA,NA,NA,0,NA
2556801,"Kenneth Farrow","LAC","RB",24,1,9,0,0,0,NA,103,0,12,0,NA,NA,NA,NA,NA,0,NA
2556818,"Ryan OMalley","OAK","TE",24,2017,10,0,0,0,NA,78,0,13,0,NA,NA,NA,NA,NA,0,NA
2556827,"Dom Williams","PHI","WR",27,1,10,0,0,0,NA,143,0,0,0,NA,NA,NA,NA,NA,0,NA
2556841,"Byron Marshall","FA","WR",23,1,NA,0,0,0,NA,143,0,0,0,NA,NA,NA,NA,NA,0,NA
2556851,"Keyarris Garrett","FA","WR",25,1,NA,0,0,0,NA,143,0,0,0,NA,NA,NA,NA,NA,0,NA
2556854,"Devon Johnson","FA","RB",24,1,NA,0,0,0,NA,103,0,12,0,NA,NA,NA,NA,NA,0,NA
2556882,"Jake Lampman","FA","WR",24,1,NA,0,0,0,NA,143,0,0,0,NA,NA,NA,NA,NA,0,NA
2557531,"Troymaine Pope","FA","RB",24,1,NA,0,0,0,NA,103,0,12,0,NA,NA,NA,NA,NA,0,NA
2557850,"DeAngelo Henderson","DEN","RB",25,0,5,0,0,0,NA,103,0,12,0,NA,NA,NA,NA,NA,0,NA
2557859,"Jake Butt","DEN","TE",22,0,5,0,0,0,NA,78,0,13,0,NA,NA,NA,NA,NA,0,NA
2557869,"Chad Kelly","DEN","QB",23,0,5,0,0,0,NA,55,0,9,0,NA,NA,NA,NA,NA,0,NA
2557885,"Jordan Leggett","NYJ","TE",22,0,11,0,0,0,0,78,0,13,0,NA,NA,NA,2.35189194818564,NA,0,NA
2557896,"Stacy Coley","MIN","WR",NA,0,9,0,0,0,0,143,0,14,0,NA,117.5,14.5,6.38734771831397,NA,0,NA
2557936,"Joe Williams","SF","RB",24,0,11,0,0,0,0,103,0,12,0,NA,NA,NA,2.21057970298045,NA,0,NA
2557977,"Jeremy McNichols","FA","RB",22,0,NA,0,0,0,NA,103,0,12,0,NA,NA,NA,NA,NA,0,NA
2557991,"Dalvin Cook","MIN","RB",22,0,9,0,0,0,NA,103,0,12,0,NA,NA,NA,NA,NA,0,NA
2558003,"Carlos Henderson","DEN","WR",23,0,5,0,0,0,NA,143,0,0,0,NA,NA,NA,NA,NA,0,NA
2558011,"Bucky Hodges","FA","TE",22,0,NA,0,0,0,NA,78,0,13,0,NA,NA,NA,NA,NA,0,NA
2558016,"Brad Kaaya","FA","QB",22,0,NA,0,0,0,0,55,0,9,0,NA,NA,NA,3.35978531328171,NA,0,NA
2558052,"Kenny Golladay","DET","WR",24,0,7,0,0,0,NA,143,0,0,0,NA,47.7,8.3,6.09113422438303,NA,0,NA
2558071,"Isaiah Ford","MIA","WR",21,0,1,0,0,0,NA,143,0,0,0,NA,NA,NA,NA,NA,0,NA
2558095,"Malachi Dupre","FA","WR",22,0,NA,0,0,0,NA,143,0,0,0,NA,NA,NA,NA,NA,0,NA
2558167,"Joshua Dobbs","PIT","QB",22,0,9,0,0,0,0,55,NA,9,0,NA,NA,NA,3.35978531328171,NA,0,NA
2558196,"Sam Rogers","FA","RB",22,0,NA,0,0,0,NA,103,0,12,0,NA,NA,NA,NA,NA,0,NA
2558254,"Robert Davis","FA","WR",22,0,NA,0,0,0,NA,143,0,0,0,NA,NA,NA,NA,NA,0,NA
2558786,"Brandon Wilson","FA","RB",23,0,NA,0,0,0,NA,103,0,12,0,NA,NA,NA,NA,NA,0,NA
2558832,"Mo Alie-Cox","FA","TE",24,1,NA,0,0,0,NA,78,0,13,0,NA,NA,NA,NA,NA,0,NA
2558850,"Donnel Pumphrey","PHI","RB",23,0,10,0,0,0,NA,103,0,12,0,NA,NA,NA,NA,NA,0,NA
2558856,"David Moore","FA","WR",22,0,NA,0,0,0,NA,143,0,0,0,NA,NA,NA,NA,NA,0,NA
2558860,"Marquez Williams","FA","RB",NA,0,NA,0,0,0,NA,103,0,12,0,NA,NA,NA,NA,NA,0,NA
2558864,"Mason Schreck","CIN","TE",NA,0,6,0,0,0,NA,78,NA,13,0,NA,NA,NA,NA,NA,0,NA
2558865,"Chris Carson","SEA","RB",23,0,6,0,0,0,NA,103,0,12,0,NA,NA,NA,NA,NA,0,NA
2558906,"Quincy Adeboyejo","FA","WR",NA,NA,NA,0,0,0,NA,143,0,0,0,NA,NA,NA,NA,NA,NA,NA
2558950,"Keon Hatcher","OAK","WR",23,0,10,0,0,0,NA,143,0,14,0,NA,NA,NA,NA,NA,NA,NA
2558975,"Taquan Mizzell","CHI","RB",24,0,9,0,0,0,NA,103,0,12,0,NA,NA,NA,NA,NA,NA,NA
2558993,"Fred Ross","CAR","WR",NA,0,11,0,0,0,NA,143,0,14,0,NA,NA,NA,NA,NA,NA,NA
2559101,"Travin Dural","NO","WR",NA,0,5,0,0,0,NA,143,0,14,0,NA,NA,NA,NA,NA,NA,NA
2559103,"Devine Redding","FA","RB",NA,NA,NA,0,0,0,NA,103,0,12,0,NA,NA,NA,NA,NA,NA,NA
2559170,"Amba Etta-Tawo","FA","WR",24,0,NA,0,0,0,NA,143,0,14,0,NA,NA,NA,NA,NA,NA,NA
2559180,"Tion Green","DET","RB",NA,NA,7,0,0,0,NA,103,0,12,0,NA,NA,NA,NA,NA,NA,NA
2559205,"Younghoe Koo","FA","K",23,0,NA,0,0,0,0,27,NA,5,0,NA,NA,NA,1.13522495346886,NA,0,NA
2559235,"Brandon Reilly","BUF","WR",24,0,6,0,0,0,NA,143,0,14,0,NA,NA,NA,NA,NA,NA,NA
2559246,"Artavis Scott","FA","WR",NA,0,NA,0,0,0,NA,143,0,14,0,NA,NA,NA,NA,NA,NA,NA
2559286,"Krishawn Hogan","IND","WR",NA,0,11,0,0,0,NA,143,0,14,0,NA,NA,NA,NA,NA,NA,NA
2559362,"Dare Ogunbowale","FA","RB",NA,0,NA,0,0,0,NA,103,NA,12,0,NA,NA,NA,NA,NA,NA,NA
2559394,"Lance Lenoir","FA","WR",22,0,NA,0,0,0,NA,143,NA,14,0,NA,NA,NA,NA,NA,NA,NA
