"playerId","player","team","position","age","exp","bye","points","lower","upper","sdPts","positionRank","dropoff","tier","ptSpread","overallECR","positionECR","sdRank","risk","sleeper","actualPoints","salary"
2558063,"Deshaun Watson","HOU","QB",25,3,NA,22.2968666666667,21.826,23.0573066666667,0.812581362763823,1,0.814516666666666,1,1.23130666666666,NA,NA,NA,4.44978183215342,NA,NA,NA
2558125,"Patrick Mahomes","KC","QB",NA,3,NA,21.7601666666667,20.7163,22.6295,1.05784009503642,2,0.58015,1,1.9132,NA,NA,NA,4.77517425972139,NA,NA,NA
2562382,"Kyler Murray","ARI","QB",50,1,NA,21.2045333333333,18.7731733333333,23.51,2.57123759738812,3,0.157599999999999,1,4.73682666666667,NA,NA,NA,6.78304603905597,NA,NA,NA
2532975,"Russell Wilson","SEA","QB",32,8,NA,21.1555,19.9692,22.6282,1.485595391305,4,0.33595,1,2.659,NA,NA,NA,5.34269058408691,NA,NA,NA
2560955,"Josh Allen","BUF","QB",24,2,NA,20.9383666666667,20.58384,21.1774,0.369515003454227,5,1.31088333333333,2,0.59356,NA,NA,NA,3.86195184178548,NA,NA,NA
2565045,"Justin Herbert","LAC","QB",50,0,NA,20.7007333333333,20.51504,20.91584,0.258467818757641,6,2.32531666666667,2,0.4008,NA,NA,NA,3.71462207020838,NA,NA,NA
2504211,"Tom Brady","TB","QB",43,20,NA,18.5542333333333,17.5585333333333,19.70228,1.1708816981707,7,0.559949999999997,3,2.14374666666667,NA,NA,NA,4.92515008859078,NA,NA,NA
2557991,"Dalvin Cook","MIN","RB",25,3,NA,18.3488333333333,18.14,18.5794,0.245186776877457,1,1.12245833333333,1,0.439399999999999,NA,NA,NA,3.80984916107679,NA,NA,NA
2560757,"Lamar Jackson","BAL","QB",23,2,NA,18.1966,16.3121,19.69278,1.90021345467643,8,0.636733333333332,3,3.38068,NA,NA,NA,5.89277733086177,NA,NA,NA
310,"Matt Ryan","ATL","QB",35,12,NA,17.7919666666667,17.22926,18.2731,0.575159769107679,9,0.469899999999999,3,1.04384,NA,NA,NA,4.13478718139838,NA,NA,NA
2557997,"Christian McCaffrey","CAR","RB",24,3,NA,17.539,16.7,18.2496,1.00760756249643,2,1.50641666666667,2,1.5496,NA,NA,NA,5.44997068605655,NA,NA,NA
2506363,"Aaron Rodgers","GB","QB",37,15,NA,17.3277666666667,16.7372666666667,17.89408,0.64116896369054,10,0.16075,4,1.15681333333334,NA,NA,NA,4.22236364348027,NA,NA,NA
2543499,"Derek Carr","LVR","QB",29,6,NA,17.3163666666667,16.9694,17.57776,0.374812314513693,11,0.514299999999999,4,0.608360000000001,NA,NA,NA,3.86897994997658,NA,NA,NA
79860,"Matthew Stafford","DET","QB",32,11,NA,17.0176666666667,15.9211666666667,18.3587,1.36887244759246,12,0.474599999999999,4,2.43753333333333,NA,NA,NA,5.18783060558352,NA,NA,NA
2556075,"Derrick Henry","TEN","RB",26,4,NA,16.91375,16,18.2805,1.40295744173989,3,1.87554166666667,2,2.2805,NA,NA,NA,6.30044834757376,NA,NA,NA
2506109,"Ben Roethlisberger","PIT","QB",38,16,NA,16.5864666666667,15.228,17.63232,1.64809072970311,13,0.140016666666668,4,2.40432,NA,NA,NA,5.55827822959047,NA,NA,NA
2532956,"Ryan Tannehill","TEN","QB",32,8,NA,16.4996666666667,15.2826666666667,17.8812,1.43357346825647,14,0.242666666666665,4,2.59853333333333,NA,NA,NA,5.27367147243016,NA,NA,NA
2504775,"Drew Brees","NO","QB",41,19,NA,16.3932333333333,14.8628333333333,17.57342,1.5463681306712,15,1.045,4,2.71058666666667,NA,NA,NA,5.42331967732688,NA,NA,NA
2495455,"Cam Newton","NE","QB",31,9,NA,16.1207666666667,14.6744,17.32344,1.73768549033861,16,1.94903333333333,5,2.64904,NA,NA,NA,5.67714639950401,NA,NA,NA
2558019,"Alvin Kamara","NO","RB",24,3,NA,15.1514166666667,14.8957666666667,15.4322,0.314950481116565,4,0.261374999999999,3,0.536433333333335,NA,NA,NA,3.95992501832403,NA,NA,NA
2564223,"James Robinson","JAC","RB",50,0,NA,14.925,14.121,15.729,1.42128463018496,5,0.572041666666667,3,1.608,NA,NA,NA,6.33987384177342,NA,NA,NA
2557978,"James Conner","PIT","RB",25,3,NA,14.8550833333333,14.643,15.0903,0.247982582273656,6,1.401625,4,0.447299999999997,NA,NA,NA,3.81586350472593,NA,NA,NA
2532820,"Kirk Cousins","MIN","QB",32,8,NA,14.5757,13.3548,15.73728,1.49457839205577,17,0.92333333333333,5,2.38248,NA,NA,NA,5.35460861201623,NA,NA,NA
2562377,"Josh Jacobs","LVR","RB",50,1,NA,13.8508333333333,13.3172333333333,14.5931,0.802743836268251,7,0.835750000000001,5,1.27586666666667,NA,NA,NA,5.00926731934335,NA,NA,NA
2562305,"Drew Lock","DEN","QB",50,1,NA,13.7677666666667,12.9412,14.62464,1.05419403495435,18,0.230950000000002,6,1.68344,NA,NA,NA,4.77033691782465,NA,NA,NA
2543495,"Davante Adams","GB","WR",28,6,NA,13.7295,12.9376,14.709,1.0333961808845,1,0.980708333333332,1,1.7714,NA,NA,NA,5.61767953316186,NA,NA,NA
2543465,"Teddy Bridgewater","CAR","QB",28,6,NA,13.5369666666667,11.2766666666667,15.47964,2.31329060575334,19,0.0964833333333353,6,4.20297333333333,NA,NA,NA,6.44081970112235,NA,NA,NA
2506121,"Philip Rivers","IND","QB",39,16,NA,13.5366666666667,13.3092,13.7956,0.311540259570626,20,0.367816666666668,6,0.486399999999998,NA,NA,NA,3.78503493662531,NA,NA,NA
2562299,"Daniel Jones","NYG","QB",50,1,NA,13.3443,12.76548,13.76748,0.711152705120356,21,0.365533333333333,6,1.002,NA,NA,NA,4.31521326111928,NA,NA,NA
2553435,"David Johnson","HOU","RB",29,5,NA,13.0560833333333,12.9035,13.1655333333333,0.165015908324016,8,0.351708333333331,6,0.262033333333333,NA,NA,NA,3.6373853855987,NA,NA,NA
2564499,"Tua Tagovailoa","MIA","QB",50,0,NA,12.9934,11.9008,13.97296,1.31802165384337,22,0.198649999999999,6,2.07216,NA,NA,NA,5.12036526778104,NA,NA,NA
2540165,"DeAndre Hopkins","ARI","WR",28,7,NA,12.98,12.031,14.305,1.36036759737947,2,0.715583333333333,1,2.274,NA,NA,NA,6.78662441592362,NA,NA,NA
2552475,"Todd Gurley","ATL","RB",26,5,NA,12.9740833333333,12.54,13.7157,0.803310390405435,9,0.68425,6,1.1757,NA,NA,NA,5.01048609203816,NA,NA,NA
2558979,"Nick Mullens","SF","QB",50,3,NA,12.9641333333333,10.8056,14.90192,2.60442731772905,23,0.370766666666668,6,4.09632,NA,NA,NA,6.82707987863415,NA,NA,NA
100027,"Steelers","PIT","DST",NA,NA,NA,12.79,11.572,14.36,1.68732529959894,1,1.17125,1,2.788,NA,NA,NA,6.76200948745199,NA,NA,NA
2532842,"Nick Foles","CHI","QB",31,8,NA,12.6253666666667,11.36052,13.53052,1.56393078597914,24,1.31178333333333,6,2.17,NA,NA,NA,5.44662060118078,NA,NA,NA
2561177,"Kyle Allen","WAS","QB",50,2,NA,12.5613666666667,11.19572,13.56412,1.67584137176922,25,2.77496666666667,6,2.3684,NA,NA,NA,5.59509587398091,NA,NA,NA
2556214,"Tyreek Hill","KC","WR",26,4,NA,12.5175833333333,11.5891,13.89,1.42383169456381,3,0.531458333333333,1,2.3009,NA,NA,NA,7.013512846839,NA,NA,NA
2555224,"Ezekiel Elliott","DAL","RB",25,4,NA,12.4346666666667,12.273,12.5986,0.184617923771712,10,0.394833333333334,7,0.3256,NA,NA,NA,3.67955329087512,NA,NA,NA
2560711,"Chase Edmonds","ARI","RB",24,2,NA,12.145,10.6388,13.5404,1.82929740610979,11,0.340458333333334,7,2.9016,NA,NA,NA,7.21759195870247,NA,NA,NA
2552608,"Stefon Diggs","BUF","WR",27,5,NA,12.01125,11.83,12.2543,0.244367721545489,4,0.0743333333333336,2,0.424300000000001,NA,NA,NA,2.7968495358954,NA,NA,NA
2562685,"DK Metcalf","SEA","WR",50,1,NA,11.961,10.3976,13.5376,1.96270807814102,5,0.0707500000000003,2,3.14,NA,NA,NA,8.94003228935248,NA,NA,NA
2562270,"Myles Gaskin","MIA","RB",50,1,NA,11.9346666666667,11.7124,12.1748,0.29157731964838,12,0.265541666666666,8,0.462399999999999,NA,NA,NA,3.90964461417729,NA,NA,NA
2495454,"Julio Jones","ATL","WR",31,9,NA,11.9128333333333,11.68,12.2927333333333,0.402990074319456,6,0.1235,2,0.612733333333336,NA,NA,NA,3.3639351532084,NA,NA,NA
2540154,"Keenan Allen","LAC","WR",28,7,NA,11.8676666666667,10.4539666666667,13.3655,1.64273166808622,7,0.192916666666667,2,2.91153333333333,NA,NA,NA,7.79609502673924,NA,NA,NA
2552430,"Tyler Lockett","SEA","WR",28,5,NA,11.711,10.5872,13.09,1.44027913961149,8,0.478458333333334,2,2.5028,NA,NA,NA,7.07231357299753,NA,NA,NA
2562502,"David Montgomery","CHI","RB",50,1,NA,11.6744166666667,11.43,12.0341,0.367440735962201,13,0.168916666666666,8,0.604099999999999,NA,NA,NA,4.07284218748818,NA,NA,NA
2564271,"Clyde Edwards-Helaire","KC","RB",50,0,NA,11.6638333333333,11.2711,12.1767,0.622901343178302,14,0.546333333333335,8,0.9056,NA,NA,NA,4.62238969272752,NA,NA,NA
2541785,"Adam Thielen","MIN","WR",30,6,NA,11.6385,10.6446,12.69,1.17167700327351,9,0.947125,2,2.0454,NA,NA,NA,6.11204280640599,NA,NA,NA
100032,"Redskins","WAS","DST",NA,NA,NA,11.635,11.544,11.746,0.118180652674906,2,0.52,1,0.202000000000002,NA,NA,NA,2.20859152301056,NA,NA,NA
100021,"Patriots","NE","DST",NA,NA,NA,11.6025,11.4,11.963,0.398361226359527,3,2.55875,1,0.562999999999999,NA,NA,NA,3.0216327298897,NA,NA,NA
2565276,"Antonio Gibson","WAS","RB",50,0,NA,11.3471666666667,9.6267,13.1851,2.23849415530471,15,0.50075,8,3.5584,NA,NA,NA,8.09785704192874,NA,NA,NA
2540258,"Travis Kelce","KC","TE",31,7,NA,11.3255,9.8406,13.01,1.72808207752603,1,3.293,1,3.1694,NA,NA,NA,9.52278767420118,NA,NA,NA
2564148,"Jonathan Taylor","IND","RB",50,0,NA,10.8878333333333,10.1605,11.9053,1.25847987005487,16,0.190333333333333,9,1.7448,NA,NA,NA,5.98964782945171,NA,NA,NA
2555346,"Will Fuller","HOU","WR",26,4,NA,10.8265833333333,9.83963333333333,12.41,1.67018855389311,10,0.369416666666668,2,2.57036666666667,NA,NA,NA,7.89425524668933,NA,NA,NA
2565108,"JaMycal Hasty","FA","RB",50,0,NA,10.805,10.105,11.505,1.23743686707646,17,0.478083333333332,9,1.4,NA,NA,NA,5.94438006814967,NA,NA,NA
100016,"Chiefs","KC","DST",NA,NA,NA,10.6275,7.237,11.08,2.61846488105786,4,3.54375,2,3.843,NA,NA,NA,9.46403425357461,NA,NA,NA
2558865,"Chris Carson","SEA","RB",26,3,NA,10.59,7.908,12.53,2.70409874080071,18,0.631249999999998,9,4.622,NA,NA,NA,9.09946680546805,NA,NA,NA
2562489,"Terry McLaurin","WAS","WR",50,1,NA,10.5561666666667,10.0284,11.0744,0.654075747397297,11,0.289583333333333,3,1.046,NA,NA,NA,4.26158338137897,NA,NA,NA
2543468,"Mike Evans","TB","WR",27,6,NA,10.3581666666667,8.6978,12.0946666666667,1.86914005776869,12,0.277666666666667,3,3.39686666666666,NA,NA,NA,8.60552030118896,NA,NA,NA
2543509,"Allen Robinson","CHI","WR",27,6,NA,10.175,9.76,10.6268,0.485052574470026,13,0.263500000000001,3,0.8668,NA,NA,NA,3.65731413001911,NA,NA,NA
2561036,"Sam Darnold","NYJ","QB",23,2,NA,10.0658,7.494,12.33992,3.09651399480125,26,1.43698333333333,7,4.84592,NA,NA,NA,7.47994665708757,NA,NA,NA
2558116,"Aaron Jones","GB","RB",26,3,NA,10.0638333333333,9.7112,10.277,0.377966341828946,19,0.212750000000002,9,0.565799999999999,NA,NA,NA,4.09548489748655,NA,NA,NA
2562238,"A.J. Brown","TEN","WR",NA,1,NA,9.986,9.6772,10.2948,0.545886435076015,14,0.282,3,0.617600000000001,NA,NA,NA,3.87479928764024,NA,NA,NA
2563965,"D'Andre Swift","DET","RB",50,0,NA,9.85366666666667,8.802,11.1036,1.50118164568227,20,0.198,9,2.3016,NA,NA,NA,6.51174850386359,NA,NA,NA
2560770,"Ronald Jones","TB","RB",23,2,NA,9.8485,8.7654,10.77,1.11401391373717,21,0.782749999999998,9,2.0046,NA,NA,NA,5.67887229833723,NA,NA,NA
2532884,"Marvin Jones","DET","WR",30,8,NA,9.837,8.8352,10.9912,1.38730926616959,15,0.333083333333333,3,2.156,NA,NA,NA,6.88294270026439,NA,NA,NA
2564556,"Justin Jefferson","MIN","WR",50,0,NA,9.571,8.7446,10.2726,0.992488287084537,16,0.346749999999998,4,1.528,NA,NA,NA,5.47143105176666,NA,NA,NA
2558954,"Taysom Hill","NO","QB",30,3,NA,9.507,8.655,10.359,1.50613744392735,27,1.99568333333333,8,1.704,NA,NA,NA,5.36994436750198,NA,NA,NA
2552469,"Melvin Gordon","DEN","RB",27,5,NA,9.46283333333333,9.035,9.7906,0.519574425210992,22,0.7965,10,0.755600000000001,NA,NA,NA,4.4001125651038,NA,NA,NA
2565093,"Brandon Aiyuk","SF","WR",50,0,NA,9.43683333333333,8.7664,10.014,0.805471963095758,17,0.483750000000001,4,1.2476,NA,NA,NA,4.80283507092209,NA,NA,NA
2560813,"D.J. Moore","CAR","WR",23,2,NA,9.01166666666667,8.69456666666667,9.3861,0.3806885574558,18,0.166916666666665,4,0.691533333333336,NA,NA,NA,3.28420572518974,NA,NA,NA
2558846,"Mike Williams","LAC","WR",26,3,NA,8.8945,8.6589,9.1301,0.416485894118875,19,0.153,4,0.4712,NA,NA,NA,3.41218361988576,NA,NA,NA
2556370,"Michael Thomas","NO","WR",26,4,NA,8.795,6.941,10.925,2.56069814699039,20,0.225999999999999,4,3.984,NA,NA,NA,11.0778871465662,NA,NA,NA
2556462,"Robby Anderson","CAR","WR",27,4,NA,8.688,7.9701,9.1083,0.790669336701506,21,0.279083333333334,5,1.1382,NA,NA,NA,4.74991468246586,NA,NA,NA
2557973,"Leonard Fournette","TB","RB",24,3,NA,8.66866666666667,8.4562,8.9562,0.352236189698522,23,0.186750000000002,11,0.5,NA,NA,NA,4.04013412905774,NA,NA,NA
2560756,"Justin Jackson","LAC","RB",25,2,NA,8.664,7.9048,9.4216,0.948006329092796,24,0.426583333333332,11,1.5168,NA,NA,NA,5.32175636180871,NA,NA,NA
2562736,"Darius Slayton","NYG","WR",NA,1,NA,8.45,8.434,8.466,0.0282842712474626,22,0.0879166666666666,5,0.0320000000000018,NA,NA,NA,2.02433661662233,NA,NA,NA
2552408,"Darren Waller","LVR","TE",28,5,NA,8.44925,7.898,9.0079,0.607389701921262,2,0.912374999999999,2,1.1099,NA,NA,NA,5.03075831949738,NA,NA,NA
2543498,"Brandin Cooks","HOU","WR",27,6,NA,8.36783333333333,7.8133,8.9485,0.711752473359478,23,0.107250000000001,5,1.1352,NA,NA,NA,4.46778156955906,NA,NA,NA
2552409,"DeVante Parker","MIA","WR",27,5,NA,8.35633333333333,7.2552,9.44,1.36602354786926,24,0.265416666666667,5,2.1848,NA,NA,NA,6.80684482067052,NA,NA,NA
2562734,"Devin Singletary","BUF","RB",50,1,NA,8.29983333333333,7.9835,8.7147,0.504340245601453,25,0.231916666666667,11,0.7312,NA,NA,NA,4.36734075934469,NA,NA,NA
2555230,"Kenyan Drake","ARI","RB",NA,4,NA,8.175,0.817500000000001,7.3575,5.78059793620003,26,0.380916666666667,12,6.54,NA,NA,NA,15.717639666352,NA,NA,NA
2560854,"Calvin Ridley","ATL","WR",26,2,NA,8.16483333333333,7.0628,8.86273333333333,1.20092339472591,25,0.166208333333334,5,1.79993333333334,NA,NA,NA,6.21660062982066,NA,NA,NA
2558149,"JuJu Smith-Schuster","PIT","WR",24,3,NA,8.017,7.1388,8.914,1.11024636905509,26,0.0885416666666661,5,1.7752,NA,NA,NA,5.89242414284143,NA,NA,NA
2552487,"Amari Cooper","DAL","WR",26,5,NA,7.98025,7.5155,8.3492,0.50550329705486,27,0.143833333333334,6,0.833699999999999,NA,NA,NA,3.73042684357244,NA,NA,NA
2540175,"LeVeon Bell","NYJ","RB",28,7,NA,7.96083333333333,6.5539,9.4923,1.85618657018451,27,0.518583333333334,13,2.9384,NA,NA,NA,7.27543599656124,NA,NA,NA
2560781,"Christian Kirk","ARI","WR",24,2,NA,7.87666666666667,7.1962,8.4466,0.817320214685366,28,0.11875,6,1.2504,NA,NA,NA,4.84519337004747,NA,NA,NA
2564970,"Chase Claypool","PIT","WR",50,0,NA,7.79616666666667,6.1822,9.3762,1.9976014575819,29,0.0943333333333332,6,3.194,NA,NA,NA,9.06477847596696,NA,NA,NA
2495143,"Andy Dalton","DAL","QB",33,9,NA,7.75063333333333,5.99282,9.9789,2.69147597116031,28,2.29463333333333,8,3.98608,NA,NA,NA,6.94257004852151,NA,NA,NA
2562379,"Marquise Brown","BAL","WR",50,1,NA,7.71966666666667,7.0616,8.4016,0.839092565414171,30,0.0926666666666662,6,1.34,NA,NA,NA,4.92303099341821,NA,NA,NA
2563896,"Jerry Jeudy","DEN","WR",50,0,NA,7.684,7.2256,8.12,0.56109981286755,31,0.126000000000001,6,0.894399999999997,NA,NA,NA,3.92918814006523,NA,NA,NA
2565054,"Joshua Kelley","LAC","RB",50,0,NA,7.62733333333333,6.7192,8.66,1.24260425451281,28,0.430083333333333,13,1.9408,NA,NA,NA,5.95549616509001,NA,NA,NA
2560957,"Mark Andrews","BAL","TE",24,2,NA,7.61575,7.089,8.0431,0.574640974870397,3,0.347875,3,0.9541,NA,NA,NA,4.89949282109307,NA,NA,NA
2561018,"D.J. Chark","JAC","WR",24,2,NA,7.57,7.274,7.802,0.357910603363466,32,0.0996666666666668,6,0.527999999999999,NA,NA,NA,3.20277300192163,NA,NA,NA
2557848,"Corey Davis","TEN","WR",25,3,NA,7.546,7.0644,8.034,0.606158395141072,33,0.173833333333334,6,0.9696,NA,NA,NA,4.09027561290231,NA,NA,NA
100014,"Colts","IND","DST",NA,NA,NA,7.46,6.718,8.57,1.17518792823389,5,0.83875,3,1.852,NA,NA,NA,5.2758651019699,NA,NA,NA
2562378,"T.J. Hockenson","DET","TE",50,1,NA,7.458,6.492,8.3432,1.17015041768142,4,0.416125,3,1.8512,NA,NA,NA,7.28645105900102,NA,NA,NA
2508061,"Antonio Brown","FA","WR",32,10,NA,7.39466666666667,6.2346,8.4402,1.40062569351463,34,0.0641666666666669,6,2.2056,NA,NA,NA,6.93054982680932,NA,NA,NA
2552415,"Jamison Crowder","NYJ","WR",27,5,NA,7.34966666666667,5.3422,8.803,2.47344503341662,35,0.060833333333334,6,3.4608,NA,NA,NA,10.7659513764293,NA,NA,NA
2552600,"Nelson Agholor","LVR","WR",27,5,NA,7.31133333333333,5.9898,9.0978,2.18782319517216,36,0.091499999999999,6,3.108,NA,NA,NA,9.74483402678483,NA,NA,NA
2564205,"Jake Luton","JAC","QB",50,0,NA,7.272,1.8304,12.7136,9.61948065126179,29,3.73683333333333,8,10.8832,NA,NA,NA,16.1341704460759,NA,NA,NA
2535698,"Cole Beasley","BUF","WR",31,8,NA,7.26633333333333,6.6852,7.798,0.703697614983406,37,0.256666666666667,7,1.1128,NA,NA,NA,4.43898490720548,NA,NA,NA
2543715,"Jerick McKinnon","SF","RB",28,6,NA,7.25716666666667,6.2029,8.4405,1.42614430663006,29,0.129666666666668,13,2.2376,NA,NA,NA,6.35032799005005,NA,NA,NA
2562674,"Diontae Johnson","PIT","WR",NA,1,NA,7.17333333333333,6.7704,7.6216,0.540978126483256,38,0.391,7,0.851200000000001,NA,NA,NA,3.85725175313699,NA,NA,NA
2559947,"Phillip Lindsay","DEN","RB",26,2,NA,7.13733333333333,6.8502,7.539,0.496810158242898,30,0.0948333333333329,13,0.688800000000001,NA,NA,NA,4.35114201634778,NA,NA,NA
2562281,"Damien Harris","NE","RB",50,1,NA,7.11766666666667,4.9168,8.8136,2.66960190540338,31,0.217083333333333,13,3.8968,NA,NA,NA,9.02525712579239,NA,NA,NA
497240,"Rob Gronkowski","TB","TE",31,10,NA,7.07775,7.0437,7.134,0.0616461677641032,5,0.1535,4,0.0902999999999992,NA,NA,NA,2.84327491286598,NA,NA,NA
71265,"Jared Cook","NO","TE",33,11,NA,7.006,6.8508,7.198,0.209341825730072,6,0.20825,4,0.347199999999999,NA,NA,NA,3.43527789743826,NA,NA,NA
2563617,"Zack Moss","BUF","RB",50,0,NA,6.96733333333333,6.2612,7.7684,0.96416250359228,32,0.281583333333333,13,1.5072,NA,NA,NA,5.35651156531017,NA,NA,NA
497322,"Emmanuel Sanders","NO","WR",33,10,NA,6.846,6.7708,6.9212,0.132936074863071,39,0.15475,7,0.150399999999999,NA,NA,NA,2.39847387797568,NA,NA,NA
2555341,"Hunter Henry","LAC","TE",26,4,NA,6.8425,5.767,7.872,1.15101042566955,7,0.266874999999999,4,2.105,NA,NA,NA,7.20973294452316,NA,NA,NA
2558204,"Jamaal Williams","GB","RB",NA,3,NA,6.83383333333333,5.2143,8.5823,2.1234286150783,33,0.451083333333334,13,3.368,NA,NA,NA,7.85032776037126,NA,NA,NA
2562383,"Noah Fant","DEN","TE",50,1,NA,6.753,6.5976,6.87,0.156192189305355,8,0.432250000000001,5,0.272399999999999,NA,NA,NA,3.22224019663047,NA,NA,NA
2558914,"Kendrick Bourne","SF","WR",25,3,NA,6.71866666666667,5.856,7.6768,1.15661805853676,40,0.110833333333333,7,1.8208,NA,NA,NA,6.05820606257522,NA,NA,NA
100023,"Giants","NYG","DST",NA,NA,NA,6.7075,6.196,7.085,0.516615588873068,6,0.182499999999999,3,0.889000000000001,NA,NA,NA,3.36478881795224,NA,NA,NA
2543847,"John Brown","BUF","WR",30,6,NA,6.66383333333333,6.312,7.0252,0.446227613817583,41,0.116583333333333,8,0.713200000000001,NA,NA,NA,3.51851227521295,NA,NA,NA
2495448,"Randall Cobb","HOU","WR",30,9,NA,6.55183333333333,6.3009,6.8057,0.315563913230479,42,0.0842499999999999,8,0.504799999999999,NA,NA,NA,3.05138072652494,NA,NA,NA
2563848,"CeeDee Lamb","DAL","WR",50,0,NA,6.54266666666667,6.3056,6.7696,0.29082870101373,43,0.172083333333333,8,0.463999999999999,NA,NA,NA,2.96295067335777,NA,NA,NA
2563548,"J.K. Dobbins","BAL","RB",50,0,NA,6.53766666666667,5.959,7.0518,0.697144413542369,34,0.314333333333334,14,1.0928,NA,NA,NA,4.7821015737275,NA,NA,NA
100002,"Ravens","BAL","DST",NA,NA,NA,6.535,5.888,10.882,2.7705294319558,7,0.0891666666666664,3,4.994,NA,NA,NA,9.90530234136419,NA,NA,NA
100011,"Packers","GB","DST",NA,NA,NA,6.515,5.463,7.263,1.06953260819855,8,0.144166666666667,3,1.8,NA,NA,NA,4.96926950975933,NA,NA,NA
2558207,"Jonnu Smith","TEN","TE",25,3,NA,6.39825,5.84,7.0991,0.70728512638115,9,0.327,5,1.2591,NA,NA,NA,5.43116541500587,NA,NA,NA
2558105,"Chris Godwin","TB","WR",24,3,NA,6.3925,5.3945,7.3905,1.76423141906044,44,0.105083333333334,8,1.996,NA,NA,NA,8.23046483704442,NA,NA,NA
100013,"Texans","HOU","DST",NA,NA,NA,6.37666666666667,5.246,7.246,1.37209086190869,9,0.0891666666666673,3,2,NA,NA,NA,5.84724732425489,NA,NA,NA
100003,"Bills","BUF","DST",NA,NA,NA,6.365,5.148,7.37,1.2327070481938,10,0.17375,3,2.222,NA,NA,NA,5.44277679786595,NA,NA,NA
2649,"Danny Amendola","DET","WR",35,12,NA,6.34866666666667,5.674,7.1828,1.00421627816588,45,0.148916666666667,8,1.5088,NA,NA,NA,5.51335941145808,NA,NA,NA
2560747,"Hayden Hurst","ATL","TE",27,2,NA,6.24325,5.718,6.5951,0.569481269811981,10,0.479125000000001,6,0.8771,NA,NA,NA,4.87881136819079,NA,NA,NA
2507164,"Adrian Peterson","DET","RB",35,13,NA,6.22783333333333,6.0798,6.3394,0.180439971551022,35,0.169666666666667,14,0.259600000000002,NA,NA,NA,3.67056566947661,NA,NA,NA
2555295,"Sterling Shepard","NYG","WR",NA,4,NA,6.22616666666667,5.7532,6.7592,0.642058473453417,46,0.106916666666667,8,1.006,NA,NA,NA,4.21862081592897,NA,NA,NA
2506404,"Frank Gore","NYJ","RB",37,15,NA,6.21883333333333,5.6347,6.7395,0.704039475692473,36,0.322333333333334,14,1.1048,NA,NA,NA,4.79693424888769,NA,NA,NA
100001,"Falcons","ATL","DST",NA,NA,NA,6.21,5.744,9.72,2.61584275776151,11,0.0687500000000005,3,3.976,NA,NA,NA,9.45642525248859,NA,NA,NA
2559153,"Keelan Cole","JAC","WR",27,3,NA,6.17333333333333,4.9256,7.1384,1.51235654967119,47,0.113083333333333,8,2.2128,NA,NA,NA,7.32999517879411,NA,NA,NA
100026,"Cardinals","ARI","DST",NA,NA,NA,6.1725,5.487,6.64,0.726423889107914,12,0.0758333333333336,4,1.153,NA,NA,NA,3.97362044176144,NA,NA,NA
100012,"Titans","TEN","DST",NA,NA,NA,6.11,5.944,6.32,0.25357444666212,13,0.0283333333333324,4,0.376000000000001,NA,NA,NA,2.60148362191539,NA,NA,NA
100024,"Jets","NYJ","DST",NA,NA,NA,6.08333333333333,5.84,6.28,0.292973263854116,14,0.0200000000000005,4,0.44,NA,NA,NA,2.71581296837268,NA,NA,NA
100015,"Jaguars","JAC","DST",NA,NA,NA,6.08,5.24,6.712,1.02430464218415,15,0.0341666666666667,4,1.472,NA,NA,NA,4.83802486424572,NA,NA,NA
2562580,"Mecole Hardman","KC","WR",50,1,NA,6.06516666666667,5.4506,6.9126,1.04361275544779,48,0.0343333333333344,8,1.462,NA,NA,NA,5.65420447678885,NA,NA,NA
2562712,"Hunter Renfrow","LVR","WR",50,1,NA,6.05533333333333,5.48,6.7408,0.82328630095085,49,0.101333333333332,8,1.2608,NA,NA,NA,4.86652253112495,NA,NA,NA
100020,"Vikings","MIN","DST",NA,NA,NA,6.04666666666667,5.744,6.336,0.371124417592448,16,0.0766666666666671,4,0.592000000000001,NA,NA,NA,2.94259567325047,NA,NA,NA
100019,"Dolphins","MIA","DST",NA,NA,NA,6.045,5.111,6.607,1.0004832165842,17,0.18125,4,1.496,NA,NA,NA,4.7688987276094,NA,NA,NA
2562805,"Preston Williams","MIA","WR",50,1,NA,6.00633333333333,5.5192,6.384,0.590178221669805,50,0.142416666666667,9,0.864800000000002,NA,NA,NA,4.03314541416773,NA,NA,NA
2532865,"T.Y. Hilton","IND","WR",31,8,NA,5.90166666666667,5.456,6.444,0.652003323099916,51,0.0885833333333341,9,0.988,NA,NA,NA,4.25417432463846,NA,NA,NA
2543466,"Eric Ebron","PIT","TE",27,6,NA,5.89925,5.0611,6.63,0.871811667353295,11,0.491625000000001,6,1.5689,NA,NA,NA,6.09063099874908,NA,NA,NA
2543773,"James White","NE","RB",28,6,NA,5.8975,5.5646,6.2282,0.414777349911974,37,0.127416666666666,15,0.6636,NA,NA,NA,4.1746728313047,NA,NA,NA
2541161,"Latavius Murray","NO","RB",30,7,NA,5.8955,5.7924,5.9768,0.12454015416724,38,0.26,15,0.184400000000001,NA,NA,NA,3.55031384074513,NA,NA,NA
100009,"Broncos","DEN","DST",NA,NA,NA,5.895,5.262,6.5,0.700927956355002,18,0.102499999999999,4,1.238,NA,NA,NA,3.89963514126994,NA,NA,NA
100031,"Buccaneers","TB","DST",NA,NA,NA,5.8325,4.774,6.489,1.14610572519874,19,0.344583333333333,4,1.715,NA,NA,NA,5.19147299318288,NA,NA,NA
2558066,"Curtis Samuel","CAR","WR",24,3,NA,5.82616666666667,5.2507,6.5587,0.885407580345534,52,0.101916666666667,9,1.308,NA,NA,NA,5.08861029780943,NA,NA,NA
2564232,"Laviska Shenault","JAC","WR",50,0,NA,5.8,5.5856,6.0144,0.37900923471599,53,0.177083333333333,9,0.4288,NA,NA,NA,3.27820203304977,NA,NA,NA
100030,"Seahawks","SEA","DST",NA,NA,NA,5.7525,4.914,6.449,0.850465558777466,20,0.625833333333333,4,1.535,NA,NA,NA,4.33357041075877,NA,NA,NA
2560810,"Anthony Miller","CHI","WR",26,2,NA,5.6485,5.3018,5.907,0.423719541678219,54,0.113833333333334,9,0.605200000000001,NA,NA,NA,3.43804439814228,NA,NA,NA
2539265,"Rex Burkhead","NE","RB",30,7,NA,5.64466666666667,5.5346,5.7754,0.157010615352381,39,0.0215000000000005,15,0.240799999999999,NA,NA,NA,3.62016437908339,NA,NA,NA
2557858,"Evan Engram","NYG","TE",26,3,NA,5.629,5.2706,6.097,0.504006613713219,12,0.487,7,0.8264,NA,NA,NA,4.61637175176522,NA,NA,NA
2564808,"Lamical Perine","NYJ","RB",50,0,NA,5.62633333333333,5.4148,5.7948,0.255147669660794,40,0.085916666666666,15,0.380000000000001,NA,NA,NA,3.8312770588599,NA,NA,NA
2543583,"Devonta Freeman","FA","RB",28,6,NA,5.62,4.412,6.828,2.13546247918337,41,0.245666666666666,15,2.416,NA,NA,NA,7.87621503931184,NA,NA,NA
2560735,"Michael Gallup","DAL","WR",24,2,NA,5.59733333333333,4.556,6.4856,1.25070433489827,55,0.280083333333334,9,1.9296,NA,NA,NA,6.39457085087957,NA,NA,NA
2564433,"Henry Ruggs","LVR","WR",50,0,NA,5.472,5.0072,5.9368,0.821658079738768,56,0.36325,9,0.9296,NA,NA,NA,4.86070153039568,NA,NA,NA
2557952,"Wayne Gallman","NYG","RB",26,3,NA,5.46083333333333,4.4274,6.3198,1.24160323104176,42,0.245333333333334,15,1.8924,NA,NA,NA,5.95334276086383,NA,NA,NA
2561324,"Gus Edwards","BAL","RB",25,2,NA,5.28783333333333,5.0908,5.52,0.278826260121483,43,0.293416666666667,16,0.429199999999999,NA,NA,NA,3.88221450262887,NA,NA,NA
100010,"Lions","DET","DST",NA,NA,NA,5.22333333333333,4.254,6.014,1.16603316133519,21,0.198333333333332,5,1.76,NA,NA,NA,5.24929936748612,NA,NA,NA
2559270,"Robert Tonyan","GB","TE",26,3,NA,5.18625,4.8255,5.648,0.501354415558495,13,0.156041666666667,7,0.822500000000001,NA,NA,NA,4.60574104504779,NA,NA,NA
2561061,"Russell Gage","ATL","WR",24,2,NA,5.1625,5.0636,5.2464,0.118776049774355,57,0.120833333333334,10,0.182799999999999,NA,NA,NA,2.34785083255884,NA,NA,NA
2560742,"Nyheim Hines","IND","RB",24,2,NA,5.14316666666667,5.0221,5.2405,0.14585123699624,44,0.426916666666666,16,0.218400000000001,NA,NA,NA,3.5961582961007,NA,NA,NA
2543767,"Logan Thomas","WAS","TE",29,6,NA,5.09775,4.7797,5.542,0.480451437018699,14,0.139916666666666,8,0.7623,NA,NA,NA,4.52195641757512,NA,NA,NA
2562865,"Scott Miller","TB","WR",50,1,NA,5.055,4.555,5.555,0.883883476483184,58,0.0566666666666675,10,1,NA,NA,NA,5.08316152363281,NA,NA,NA
100028,"Chargers","LAC","DST",NA,NA,NA,5.03,4.278,5.638,0.905372851371191,22,0.0937500000000009,5,1.36,NA,NA,NA,4.49290298278469,NA,NA,NA
2558985,"Tim Patrick","DEN","WR",27,3,NA,5.02833333333333,3.25,6.886,2.27898186331821,59,0.0717499999999989,10,3.636,NA,NA,NA,10.0707324181212,NA,NA,NA
100008,"Cowboys","DAL","DST",NA,NA,NA,5.02,4.502,5.37,0.54234060638434,23,0.18375,5,0.868,NA,NA,NA,3.43943888740315,NA,NA,NA
2558877,"Zach Pascal","IND","WR",26,3,NA,4.96833333333333,4.294,5.81,1.01440047975804,60,0.027916666666667,10,1.516,NA,NA,NA,5.54976861952825,NA,NA,NA
2561060,"Ross Dwelley","SF","TE",50,2,NA,4.96266666666667,3.652,6.0584,1.57434473141473,15,0.0257916666666675,8,2.4064,NA,NA,NA,8.90656801689022,NA,NA,NA
2550284,"Trey Burton","IND","TE",29,6,NA,4.953,4.3822,5.4462,0.685895035701527,16,0.203249999999999,8,1.064,NA,NA,NA,5.34542831415267,NA,NA,NA
2562492,"Jakobi Meyers","NE","WR",50,1,NA,4.94483333333333,3.9822,5.7058,1.16237067380992,61,0.0678333333333327,10,1.7236,NA,NA,NA,6.07877205044704,NA,NA,NA
2553499,"Damiere Byrd","NE","WR",NA,NA,NA,4.936,4.1596,5.5116,0.950277854103735,62,0.1265,10,1.352,NA,NA,NA,5.32052590488565,NA,NA,NA
497236,"Jimmy Graham","CHI","TE",34,10,NA,4.92075,4.6601,5.17,0.288748304468326,17,0.405749999999999,8,0.509899999999999,NA,NA,NA,3.75355991774148,NA,NA,NA
100005,"Bears","CHI","DST",NA,NA,NA,4.8525,3.565,5.914,1.30826539101718,24,0.409166666666667,5,2.349,NA,NA,NA,5.66203556170894,NA,NA,NA
2562682,"Alexander Mattison","MIN","RB",NA,1,NA,4.84566666666667,4.6294,5.0374,0.260473287178039,45,0.278250000000001,17,0.407999999999999,NA,NA,NA,3.84273354075101,NA,NA,NA
100022,"Saints","NO","DST",NA,NA,NA,4.82,4.008,5.88,1.28732280334033,25,0.836666666666667,5,1.872,NA,NA,NA,5.60126337277365,NA,NA,NA
497326,"Golden Tate","NYG","WR",32,10,NA,4.818,4.4512,5.224,0.490399836867835,63,0.1855,10,0.772799999999999,NA,NA,NA,3.67643095400241,NA,NA,NA
2560787,"Allen Lazard","GB","WR",25,2,NA,4.801,3.4738,6.1282,2.34618029997696,64,0.35225,10,2.6544,NA,NA,NA,10.3109713647053,NA,NA,NA
2558112,"Brian Hill","ATL","RB",25,3,NA,4.58683333333333,4.3756,4.8168,0.278716851541727,46,0.0953333333333335,17,0.4412,NA,NA,NA,3.881979142615,NA,NA,NA
2560994,"Mike Gesicki","MIA","TE",25,2,NA,4.57875,4.2735,4.797,0.308825058352891,18,0.251499999999999,9,0.5235,NA,NA,NA,3.83403281981504,NA,NA,NA
2560809,"Sony Michel","NE","RB",25,2,NA,4.548,3.4616,5.6344,1.92050201770266,47,0.2355,17,2.1728,NA,NA,NA,7.41379155015176,NA,NA,NA
2506106,"Larry Fitzgerald","ARI","WR",37,16,NA,4.464,4.044,4.8136,0.504572095938727,65,0.0470833333333331,11,0.769600000000001,NA,NA,NA,3.72709773673125,NA,NA,NA
2560866,"Dalton Schultz","DAL","TE",24,2,NA,4.45125,4.1655,4.69,0.291901096263786,19,0.467791666666667,9,0.5245,NA,NA,NA,3.76619713523556,NA,NA,NA
2564889,"Eno Benjamin","ARI","RB",50,0,NA,4.435,4.319,4.551,0.205060966544098,48,0.252416666666667,18,0.231999999999999,NA,NA,NA,3.72353041626244,NA,NA,NA
2540145,"Cordarrelle Patterson","CHI","WR",29,7,NA,4.4335,4.3009,4.5537,0.160264624917666,66,0.0449999999999999,11,0.252800000000001,NA,NA,NA,2.49617528894934,NA,NA,NA
2560878,"Tre'Quan Smith","NO","WR",NA,2,NA,4.40033333333333,4.301,4.5378,0.169470744771283,67,0.0366666666666662,11,0.2368,NA,NA,NA,2.52908778878904,NA,NA,NA
2560920,"James Washington","PIT","WR",24,2,NA,4.37666666666667,3.398,5.222,1.17598185927051,68,0.0294166666666662,11,1.824,NA,NA,NA,6.12743295714963,NA,NA,NA
2557034,"Marvin Hall","DET","WR",27,4,NA,4.35066666666667,2.8868,5.4068,1.80552079282775,69,0.0086666666666666,11,2.52,NA,NA,NA,8.37807713507071,NA,NA,NA
2558856,"David Moore","SEA","WR",25,3,NA,4.34383333333333,3.7126,4.9202,0.764040956581081,70,0.0432499999999996,11,1.2076,NA,NA,NA,4.65471642626452,NA,NA,NA
2552597,"Breshad Perriman","NYJ","WR",27,5,NA,4.34016666666667,3.5033,5.0297,1.00591653895009,71,0.109666666666666,11,1.5264,NA,NA,NA,5.51943795851999,NA,NA,NA
2564802,"Denzel Mims","NYJ","WR",50,0,NA,4.261,3.1816,5.1216,1.30175381697155,72,0.0890000000000004,11,1.94,NA,NA,NA,6.57707619485392,NA,NA,NA
2540928,"Darren Fells","HOU","TE",34,8,NA,4.20325,2.9081,5.573,1.55792669382527,20,0.537916666666667,9,2.6649,NA,NA,NA,8.84076021056985,NA,NA,NA
2563707,"Darnell Mooney","CHI","WR",50,0,NA,4.2,4.2,4.2,NA,73,0.0922500000000008,11,0,NA,NA,NA,NA,NA,NA,NA
2540145,"Cordarrelle Patterson","CHI","RB",29,7,NA,4.19,4.19,4.19,NA,49,0.0299166666666668,18,0,NA,NA,NA,NA,NA,NA,NA
2553439,"Mike Davis","CAR","RB",27,5,NA,4.17516666666667,3.0026,5.11986666666667,1.2778659728017,50,0.0685833333333337,18,2.11726666666667,NA,NA,NA,6.03135126277919,NA,NA,NA
2495466,"Mark Ingram","BAL","RB",31,9,NA,4.145,3.6408,4.5984,0.608521979882404,51,0.104833333333334,18,0.9576,NA,NA,NA,4.59145676998728,NA,NA,NA
2552652,"Chris Conley","JAC","WR",28,5,NA,4.144,3.6896,4.752,0.742622380486879,74,0.0730000000000004,11,1.0624,NA,NA,NA,4.57814357109036,NA,NA,NA
2562659,"N'Keal Harry","NE","WR",50,1,NA,4.0715,2.9229,4.9709,1.3890632634981,75,0.0144999999999991,11,2.048,NA,NA,NA,6.88921335909911,NA,NA,NA
2564136,"Michael Pittman","IND","WR",50,0,NA,4.0705,3.5981,4.5429,0.835093108581313,76,0.0444166666666677,11,0.9448,NA,NA,NA,4.90873266529916,NA,NA,NA
2552461,"Duke Johnson","HOU","RB",27,5,NA,4.06816666666667,3.7079,4.4879,0.504214818637189,52,0.0683333333333329,18,0.780000000000001,NA,NA,NA,4.36707094054151,NA,NA,NA
100029,"49ers","SF","DST",NA,NA,NA,4.06666666666667,3.392,4.896,0.997864386243609,26,0.706666666666666,6,1.504,NA,NA,NA,4.76129928217774,NA,NA,NA
2560907,"Marquez Valdes-Scantling","GB","WR",26,2,NA,4.0435,3.488,4.5964,0.692772870427242,77,0.0483333333333329,11,1.1084,NA,NA,NA,4.39992820805635,NA,NA,NA
2560933,"Jordan Wilkins","IND","RB",26,2,NA,4.01216666666667,3.7063,4.3023,0.374054251858381,53,0.035166666666667,19,0.596,NA,NA,NA,4.08706919963386,NA,NA,NA
2555478,"Demarcus Robinson","KC","WR",NA,4,NA,4.00866666666667,3.846,4.1948,0.223842206326987,78,0.0523333333333333,12,0.3488,NA,NA,NA,2.72346943362861,NA,NA,NA
2552453,"Tevin Coleman","SF","RB",27,5,NA,3.9875,2.6975,5.2775,2.28041936932662,54,0.0876666666666663,19,2.58,NA,NA,NA,8.18804666851518,NA,NA,NA
2540202,"Kenny Stills","HOU","WR",28,7,NA,3.98166666666667,3.519,4.343,0.559784184604507,79,0.0595833333333333,12,0.823999999999999,NA,NA,NA,3.92448468022711,NA,NA,NA
2540011,"Chris Thompson","JAC","RB",30,7,NA,3.9665,3.1736,4.7988,1.01932563491752,55,0.165,19,1.6252,NA,NA,NA,5.47517863312673,NA,NA,NA
2543457,"Sammy Watkins","KC","WR",27,6,NA,3.931,2.7864,5.048,1.41476252424214,80,0.0519166666666666,12,2.2616,NA,NA,NA,6.98108995081938,NA,NA,NA
2563890,"KJ Hamler","DEN","WR",50,0,NA,3.91316666666667,3.5132,4.2064,0.491025033306178,81,0.196166666666667,12,0.693199999999999,NA,NA,NA,3.67866607346684,NA,NA,NA
100004,"Panthers","CAR","DST",NA,NA,NA,3.9,3.06,4.66,1.01488915650922,27,1.08,6,1.6,NA,NA,NA,4.81070256371708,NA,NA,NA
2550256,"Willie Snead","BAL","WR",28,6,NA,3.845,3.543,4.087,0.363971152703068,82,0.289333333333333,12,0.543999999999999,NA,NA,NA,3.22443987486483,NA,NA,NA
2562699,"Tony Pollard","DAL","RB",NA,1,NA,3.83316666666667,3.5673,4.0961,0.330561013026844,56,0.0970000000000004,19,0.528799999999999,NA,NA,NA,3.99350643410567,NA,NA,NA
2558918,"Matt Breida","MIA","RB",25,3,NA,3.76983333333333,3.6045,3.8981,0.20028126056457,57,0.241833333333334,19,0.2936,NA,NA,NA,3.71324830065389,NA,NA,NA
2560951,"Jordan Akins","HOU","TE",28,2,NA,3.76366666666667,3.1342,4.2382,0.767215962642419,21,0.243333333333334,10,1.104,NA,NA,NA,5.67138394561941,NA,NA,NA
2565144,"DeeJay Dallas","SEA","RB",50,0,NA,3.7025,2.6961,4.8137,1.342808716832,58,0.4065,19,2.1176,NA,NA,NA,6.17105625821535,NA,NA,NA
2562746,"Jarrett Stidham","NE","QB",50,1,NA,3.64,1.216,6.064,4.28506709399048,30,0.739833333333333,8,4.848,NA,NA,NA,9.05683721121782,NA,NA,NA
2530700,"Dontrelle Inman","WAS","WR",31,7,NA,3.589,3.5054,3.6974,0.131464824192633,83,0.147833333333333,13,0.191999999999999,NA,NA,NA,2.39321405752744,NA,NA,NA
2495700,"Greg Olsen","SEA","TE",35,13,NA,3.567,3.384,3.7528,0.230579704223941,22,0.1235,10,0.3688,NA,NA,NA,3.5204048918774,NA,NA,NA
2562669,"Andy Isabella","ARI","WR",NA,1,NA,3.52233333333333,3.0568,3.9648,0.56969319228277,84,0.205833333333333,13,0.908,NA,NA,NA,3.95991005148102,NA,NA,NA
2558942,"Anthony Firkser","TEN","TE",50,2,NA,3.47366666666667,3.2462,3.6702,0.273331910565403,23,0.156,10,0.424,NA,NA,NA,3.6917669623658,NA,NA,NA
2539275,"Mike Glennon","FA","QB",31,7,NA,3.43033333333333,-0.3548,8.0972,5.61686036263439,31,1.385,8,8.452,NA,NA,NA,10.8237689762449,NA,NA,NA
2495438,"Kyle Rudolph","MIN","TE",31,9,NA,3.41333333333333,3.336,3.496,0.100664459136943,24,0.215999999999999,10,0.16,NA,NA,NA,2.99967047156923,NA,NA,NA
2563926,"Quintez Cephus","DET","WR",50,0,NA,3.36,3.36,3.36,NA,85,0.093666666666667,13,0,NA,NA,NA,NA,NA,NA,NA
2556440,"J.D. McKissic","WAS","RB",27,4,NA,3.3535,3.2979,3.4091,0.0982878425849303,59,0.144,20,0.1112,NA,NA,NA,3.49383980158096,NA,NA,NA
2562631,"Miles Boykin","BAL","WR",50,1,NA,3.273,2.825,3.7482,0.579997413787338,86,0.0431666666666661,13,0.9232,NA,NA,NA,3.99674833883875,NA,NA,NA
2558071,"Isaiah Ford","MIA","WR",24,3,NA,3.25966666666667,3.126,3.4212,0.194114227539697,87,0.0730000000000004,14,0.2952,NA,NA,NA,2.61718990298718,NA,NA,NA
2557531,"Troymaine Pope","FA","RB",27,4,NA,3.2385,2.9413,3.5357,0.525380338421605,61,0.0972499999999998,20,0.5944,NA,NA,NA,4.41260226030691,NA,NA,NA
2562738,"Irv Smith Jr.","MIN","TE",50,1,NA,3.222,2.4652,3.8572,0.908962045412238,25,0.222,10,1.392,NA,NA,NA,6.23953947034376,NA,NA,NA
2563602,"Gabriel Davis","BUF","WR",50,0,NA,3.2,3.2,3.2,NA,88,0.0530833333333334,14,0,NA,NA,NA,NA,NA,NA,NA
2562743,"Benny Snell","PIT","RB",50,1,NA,3.1805,2.8131,3.4979,0.441477915642448,62,0.14025,20,0.684800000000001,NA,NA,NA,4.23211115592768,NA,NA,NA
2553895,"Adam Humphries","TEN","WR",NA,NA,NA,3.17333333333333,2.626,3.866,0.83644087258654,89,0.0680833333333331,14,1.24,NA,NA,NA,4.91355101258458,NA,NA,NA
2540232,"Jack Doyle","IND","TE",30,7,NA,3.17266666666667,2.456,3.7184,0.871482262202355,26,0.3765,10,1.2624,NA,NA,NA,6.08931065639659,NA,NA,NA
2556190,"Jakeem Grant","MIA","WR",28,4,NA,3.1205,2.5964,3.6048,0.636113393979407,90,0.152,14,1.0084,NA,NA,NA,4.19736675554885,NA,NA,NA
2556885,"Jalen Richard","LVR","RB",27,4,NA,3.102,2.8942,3.3702,0.324972306512417,63,0.151083333333334,20,0.476,NA,NA,NA,3.98148399449751,NA,NA,NA
2562932,"Tyron Johnson","FA","WR",50,1,NA,3.09,2.066,4.114,1.81019335983756,91,0.247,14,2.048,NA,NA,NA,8.39478187750366,NA,NA,NA
2556466,"Peyton Barber","WAS","RB",26,4,NA,2.9785,2.6593,3.2457,0.383402203958193,64,0.0605833333333332,21,0.5864,NA,NA,NA,4.1071785378662,NA,NA,NA
2555234,"Tyler Ervin","GB","RB",27,4,NA,2.92333333333333,1.12,4.824,2.32457164512805,65,0.0970833333333334,21,3.704,NA,NA,NA,8.28302715604214,NA,NA,NA
2540230,"Kyle Juszczyk","SF","RB",29,7,NA,2.9125,2.5625,3.2625,0.618718433538229,66,0.223666666666666,21,0.7,NA,NA,NA,4.61339140691589,NA,NA,NA
2556855,"Marcus Johnson","FA","WR",26,4,NA,2.847,1.1748,4.27,2.00832940525204,92,0.0750000000000002,14,3.0952,NA,NA,NA,9.10313161296582,NA,NA,NA
2552424,"Phillip Dorsett","SEA","WR",27,5,NA,2.839,2.2702,3.4078,1.00550584284727,93,0.137666666666667,14,1.1376,NA,NA,NA,5.51796969223265,NA,NA,NA
2561046,"Will Dissly","SEA","TE",NA,2,NA,2.82733333333333,2.6016,3.048,0.279215567856331,27,0.0685000000000002,11,0.4464,NA,NA,NA,3.71535020593842,NA,NA,NA
100018,"Raiders","LVR","DST",NA,NA,NA,2.82,2.82,2.82,NA,28,NA,6,0,NA,NA,NA,NA,NA,NA,NA
2563911,"Albert Okwuegbunam","DEN","TE",50,0,NA,2.765,2.657,2.873,0.190918830920368,28,0.0526666666666666,11,0.216,NA,NA,NA,3.36143369604259,NA,NA,NA
2540148,"Tyler Eifert","JAC","TE",30,7,NA,2.75266666666667,2.2184,3.468,0.873865741022804,29,0.121333333333334,11,1.2496,NA,NA,NA,6.09886426545188,NA,NA,NA
2557994,"DOnta Foreman","FA","RB",24,3,NA,2.74,2.724,2.756,0.0282842712474619,67,0.119666666666667,21,0.032,NA,NA,NA,3.34324794162422,NA,NA,NA
2560975,"Braxton Berrios","NYJ","WR",25,2,NA,2.705,2.597,2.813,0.190918830920368,94,0.0529166666666665,15,0.216,NA,NA,NA,2.60576614440118,NA,NA,NA
2561002,"DaeSean Hamilton","DEN","WR",25,2,NA,2.69766666666667,1.6986,3.5546,1.20012346587063,95,0.0935833333333331,15,1.856,NA,NA,NA,6.21374083017219,NA,NA,NA
2558954,"Taysom Hill","NO","TE",30,3,NA,2.672,2.6592,2.6848,0.0226274169979695,31,0.122666666666667,12,0.0255999999999998,NA,NA,NA,2.68687751279376,NA,NA,NA
2555418,"Jordan Howard","MIA","RB",26,4,NA,2.63766666666667,0.5484,4.53,2.52476262910661,68,0.0755833333333338,21,3.9816,NA,NA,NA,8.71367850779346,NA,NA,NA
2560936,"Cedrick Wilson","DAL","WR",NA,2,NA,2.6065,2.562,2.6496,0.0548338399166065,96,0.0113333333333334,15,0.0876000000000006,NA,NA,NA,2.119253116566,NA,NA,NA
2555223,"Devontae Booker","LVR","RB",28,4,NA,2.603,2.267,2.9214,0.410771225866662,69,0.124916666666667,21,0.6544,NA,NA,NA,4.16605484711226,NA,NA,NA
2558202,"Trent Taylor","SF","WR",26,3,NA,2.60166666666667,1.064,4.116,1.90816884298359,97,0.0290833333333333,15,3.052,NA,NA,NA,8.74505084256294,NA,NA,NA
2558832,"Mo Alie-Cox","IND","TE",27,4,NA,2.59066666666667,1.804,3.4936,1.08558801270709,32,0.115333333333333,13,1.6896,NA,NA,NA,6.94750273230785,NA,NA,NA
2556661,"Kalif Raymond","TEN","WR",26,4,NA,2.58866666666667,2.2826,2.8994,0.385632381074688,98,0.207916666666667,15,0.6168,NA,NA,NA,3.30188022830847,NA,NA,NA
2563551,"Devin Duvernay","BAL","WR",50,0,NA,2.5565,1.9614,3.1034,0.721338512766371,99,0.3615,15,1.142,NA,NA,NA,4.50205230744423,NA,NA,NA
2557977,"Jeremy McNichols","FA","RB",25,3,NA,2.52116666666667,2.2898,2.715,0.27789671342665,70,0.0891666666666664,22,0.425200000000001,NA,NA,NA,3.88021485942471,NA,NA,NA
2560894,"Ian Thomas","CAR","TE",24,2,NA,2.508,2.2748,2.7948,0.34509708778835,34,0.0975000000000001,13,0.52,NA,NA,NA,3.9794206394572,NA,NA,NA
2560738,"Chris Herndon","NYJ","TE",NA,2,NA,2.44266666666667,1.954,3.0404,0.718888957581999,35,0.0853333333333337,13,1.0864,NA,NA,NA,5.47767661782646,NA,NA,NA
2562293,"Ty Johnson","DET","RB",NA,1,NA,2.435,2.383,2.487,0.0919238815542511,71,0.00799999999999956,22,0.104,NA,NA,NA,3.48014963249398,NA,NA,NA
2543743,"Carlos Hyde","SEA","RB",29,6,NA,2.429,1.4628,3.2156,1.16246333275506,72,0.0940000000000003,22,1.7528,NA,NA,NA,5.78309681123465,NA,NA,NA
2563986,"AJ Dillon","GB","RB",50,0,NA,2.425,2.425,2.425,NA,73,0.2475,23,0,NA,NA,NA,NA,NA,NA,NA
2550656,"Cameron Brate","TB","TE",29,6,NA,2.37833333333333,1.732,3.032,0.812655113398872,36,0.0591666666666666,13,1.3,NA,NA,NA,5.85351599496136,NA,NA,NA
2555262,"Jeff Driskel","DEN","QB",27,4,NA,2.37,0.474,4.266,3.35168614282424,32,0.9285,8,3.792,NA,NA,NA,7.81849152325219,NA,NA,NA
2552586,"Tyler Kroft","BUF","TE",28,5,NA,2.33633333333333,1.7912,2.776,0.656490924029673,37,0.0803333333333329,13,0.9848,NA,NA,NA,5.22756891254152,NA,NA,NA
2559385,"Dan Arnold","ARI","TE",50,3,NA,2.302,1.498,2.9188,0.976120894151949,38,0.120333333333333,13,1.4208,NA,NA,NA,6.50872977317248,NA,NA,NA
2560765,"Kerryon Johnson","DET","RB",23,2,NA,2.245,2.1432,2.3504,0.129734343949472,74,0.31,23,0.2072,NA,NA,NA,3.56148759495981,NA,NA,NA
2562317,"Foster Moreau","LVR","TE",50,1,NA,2.21,2.122,2.298,0.155563491861041,39,0.105333333333333,13,0.176,NA,NA,NA,3.21972021216679,NA,NA,NA
2565273,"Antonio Gandy-Golden","WAS","WR",50,0,NA,2.205,2.205,2.205,NA,100,0.0649999999999999,16,0,NA,NA,NA,NA,NA,NA,NA
2562465,"Olabisi Johnson","MIN","WR",50,1,NA,2.185,1.949,2.421,0.417193000900063,101,0.2325,16,0.472,NA,NA,NA,3.41471157435437,NA,NA,NA
2552402,"Nick Boyle","BAL","TE",27,5,NA,2.15333333333333,1.8,2.456,0.42442117446392,40,0.187833333333333,13,0.656,NA,NA,NA,4.29737241073559,NA,NA,NA
2562665,"Travis Homer","SEA","RB",50,1,NA,2.11,1.95,2.27,0.282842712474619,75,0.357833333333333,23,0.32,NA,NA,NA,3.89085470510326,NA,NA,NA
2564418,"Bryan Edwards","LVR","WR",50,0,NA,2.095,1.15,2.898,1.13493391878118,102,0.294,16,1.748,NA,NA,NA,5.98068379938753,NA,NA,NA
2553318,"James OShaughnessy","JAC","TE",NA,NA,NA,2.056,1.7664,2.336,0.356606225408363,41,0.189666666666667,13,0.5696,NA,NA,NA,4.02555228553762,NA,NA,NA
2562740,"Kaden Smith","NYG","TE",NA,1,NA,1.875,1.655,2.095,0.388908729652601,42,0.0486666666666666,13,0.44,NA,NA,NA,4.15502920574711,NA,NA,NA
2505629,"Jason Witten","LVR","TE",38,17,NA,1.85766666666667,1.3064,2.512,0.785847525499275,43,0.0776666666666663,13,1.2056,NA,NA,NA,5.74606414252165,NA,NA,NA
2561067,"Cam Sims","FA","WR",50,2,NA,1.81,1.202,2.418,1.07480230740355,104,0.0440000000000003,16,1.216,NA,NA,NA,5.76570923015581,NA,NA,NA
2560751,"Ryan Izzo","NE","TE",25,2,NA,1.795,1.303,2.287,0.869741340859454,44,0.0305000000000002,13,0.984,NA,NA,NA,6.08233258645807,NA,NA,NA
2561482,"Chad Beebe","MIN","WR",50,2,NA,1.792,0.856,2.7008,1.15450292333974,105,0.0719999999999996,16,1.8448,NA,NA,NA,6.05064431148576,NA,NA,NA
2562744,"Jace Sternberger","GB","TE",NA,1,NA,1.765,1.633,1.897,0.233345237791561,45,0.0336666666666667,13,0.264,NA,NA,NA,3.53148987669356,NA,NA,NA
2558144,"Adam Shaheen","MIA","TE",26,3,NA,1.764,1.3104,2.1264,0.54688938552508,46,0.0838333333333336,13,0.816,NA,NA,NA,4.78825716294775,NA,NA,NA
2564640,"J.J. Taylor","NE","RB",50,0,NA,1.76,1.744,1.776,0.0282842712474618,76,0.0278333333333334,24,0.0319999999999998,NA,NA,NA,3.34324794162422,NA,NA,NA
2495469,"Dion Lewis","NYG","RB",30,9,NA,1.74433333333333,1.5454,1.9662,0.267645910361682,77,0.0810833333333334,24,0.4208,NA,NA,NA,3.85816330590951,NA,NA,NA
2565195,"Freddie Swain","SEA","WR",50,0,NA,1.74,1.74,1.74,NA,106,0.0794999999999999,16,0,NA,NA,NA,NA,NA,NA,NA
2506581,"Ryan Fitzpatrick","MIA","QB",38,15,NA,1.72066666666667,0.1264,3.6544,2.32426361098162,33,0.6615,9,3.528,NA,NA,NA,6.455377930205,NA,NA,NA
2562409,"Devine Ozigbo","JAC","RB",50,1,NA,1.72,1.504,1.936,0.381837661840736,78,0.197166666666667,24,0.432,NA,NA,NA,4.10381289090067,NA,NA,NA
2562844,"Jalen Guyton","LAC","WR",NA,1,NA,1.7,1.7,1.7,NA,107,0.116166666666667,16,0,NA,NA,NA,NA,NA,NA,NA
2560880,"Durham Smythe","MIA","TE",NA,2,NA,1.69866666666667,1.512,1.9408,0.293675557943342,47,0.0496666666666665,14,0.4288,NA,NA,NA,3.77330964365168,NA,NA,NA
2558956,"Jacob Hollister","SEA","TE",27,3,NA,1.66166666666667,1.417,1.913,0.310335839588877,48,0.0533333333333332,14,0.496,NA,NA,NA,3.84008842776626,NA,NA,NA
2563704,"Cole Kmet","CHI","TE",50,0,NA,1.63633333333333,1.4152,1.904,0.321683591955408,49,0.0790000000000002,14,0.4888,NA,NA,NA,3.88557319936816,NA,NA,NA
2560883,"Equanimeous St. Brown","GB","WR",24,2,NA,1.621,0.474,2.6044,1.37780731599161,109,0.107666666666667,16,2.1304,NA,NA,NA,6.84897258704816,NA,NA,NA
2564994,"Anthony McFarland","PIT","RB",50,0,NA,1.6065,1.2984,1.9404,0.405119426836087,80,0.216916666666667,24,0.642,NA,NA,NA,4.15389668272357,NA,NA,NA
2552633,"Jesse James","DET","TE",26,5,NA,1.58033333333333,1.2888,1.944,0.438269703873463,50,0.0883333333333334,14,0.6552,NA,NA,NA,4.35288095347336,NA,NA,NA
2558129,"Isaiah McKenzie","BUF","WR",25,3,NA,1.54666666666667,0.663,2.195,1.0846235906218,110,0.151833333333333,16,1.532,NA,NA,NA,5.80082098054426,NA,NA,NA
2552401,"MyCole Pruitt","TEN","TE",28,5,NA,1.53433333333333,1.194,1.9244,0.469027007040462,51,0.148666666666667,14,0.7304,NA,NA,NA,4.47616430196864,NA,NA,NA
2560844,"Byron Pringle","KC","WR",50,2,NA,1.48,0.944,2.016,0.947523086789974,111,0.174,16,1.072,NA,NA,NA,5.31067742580714,NA,NA,NA
2540215,"Vance McDonald","PIT","TE",30,7,NA,1.44966666666667,1.1338,1.7738,0.400400216450158,53,0.134,14,0.64,NA,NA,NA,4.20109010269571,NA,NA,NA
2560935,"Darrel Williams","KC","RB",NA,2,NA,1.43916666666667,0.9219,1.8467,0.624922461856936,81,0.111666666666667,24,0.9248,NA,NA,NA,4.62673752834781,NA,NA,NA
2560949,"Josh Adams","FA","RB",24,2,NA,1.34,1.324,1.356,0.0282842712474618,83,0.0801666666666669,25,0.0319999999999998,NA,NA,NA,3.34324794162422,NA,NA,NA
2558886,"Darrell Daniels","ARI","TE",26,4,NA,1.32166666666667,0.408,2.148,1.10381535291612,55,0.0228333333333333,14,1.74,NA,NA,NA,7.0205626986817,NA,NA,NA
2562797,"Qadree Ollison","ATL","RB",50,1,NA,1.315,1.295,1.335,0.0353553390593274,84,0.178666666666667,25,0.0400000000000003,NA,NA,NA,3.35845924060975,NA,NA,NA
2541316,"Ryan Griffin","NYJ","TE",30,7,NA,1.30966666666667,0.9992,1.536,0.38175952291113,56,0.0386666666666668,15,0.5368,NA,NA,NA,4.12637330762144,NA,NA,NA
2558091,"Noah Brown","DAL","WR",NA,3,NA,1.30966666666667,0.9752,1.608,0.403162911654003,112,0.0382500000000001,17,0.6328,NA,NA,NA,3.36455305834499,NA,NA,NA
2560801,"Ray-Ray McCloud","PIT","WR",NA,2,NA,1.30233333333333,0.8176,1.652,0.597893245766611,113,0.0805833333333332,17,0.8344,NA,NA,NA,4.06072714603598,NA,NA,NA
2495888,"Marcedes Lewis","GB","TE",36,14,NA,1.288,0.4832,2.288,1.20457129303333,57,0.108333333333333,15,1.8048,NA,NA,NA,7.42441896693112,NA,NA,NA
2541834,"Josh Hill","NO","TE",30,7,NA,1.254,1.0816,1.464,0.252483662837816,59,0.206833333333333,15,0.3824,NA,NA,NA,3.60820171036173,NA,NA,NA
2565069,"Joe Reed","LAC","WR",50,0,NA,1.2405,0.8504,1.594,0.471457050005618,114,0.0862500000000002,17,0.7436,NA,NA,NA,3.6087092124349,NA,NA,NA
2565258,"Ke'Shawn Vaughn","TB","RB",50,0,NA,1.20466666666667,0.562,1.7012,0.779131140010033,86,0.13675,25,1.1392,NA,NA,NA,4.95847162734963,NA,NA,NA
2565225,"Tyler Johnson","TB","WR",50,0,NA,1.203,0.7602,1.685,0.584197740495459,116,0.10175,17,0.9248,NA,NA,NA,4.0117647903195,NA,NA,NA
2558008,"Mitchell Trubisky","CHI","QB",26,3,NA,1.16233333333333,0.1244,2.3684,1.44897078415451,34,0.257333333333333,9,2.244,NA,NA,NA,5.29409957279449,NA,NA,NA
2558821,"Jamal Agnew","DET","WR",NA,3,NA,1.1055,0.5265,1.8577,0.912601090290824,117,0.022,17,1.3312,NA,NA,NA,5.18582893127786,NA,NA,NA
2556463,"Stephen Anderson","LAC","TE",27,4,NA,1.10533333333333,0.3128,1.852,0.967111851511155,60,0.135833333333333,15,1.5392,NA,NA,NA,6.47261916433713,NA,NA,NA
2560051,"Justin Watson","TB","WR",NA,2,NA,1.097,0.6146,1.5794,0.852770778110976,118,0.0295000000000003,17,0.9648,NA,NA,NA,4.97193152701425,NA,NA,NA
2560836,"Dante Pettis","SF","WR",25,2,NA,1.07,0.742,1.398,0.579827560572969,119,0.0463333333333333,17,0.656,NA,NA,NA,3.99614110213322,NA,NA,NA
79607,"LeSean McCoy","TB","RB",32,11,NA,1.068,0.3516,1.7132,0.864849119789111,87,0.00174999999999992,25,1.3616,NA,NA,NA,5.14286836254529,NA,NA,NA
2560862,"Jaylen Samuels","PIT","RB",24,2,NA,1.06783333333333,0.8542,1.2802,0.266264123256088,88,0.00916666666666677,26,0.426,NA,NA,NA,3.85519080198835,NA,NA,NA
2563128,"Darrius Shepherd","FA","WR",50,1,NA,1.065,0.621,1.509,0.784888527117068,120,0.120083333333333,17,0.888,NA,NA,NA,4.72924789802829,NA,NA,NA
2561099,"Mike Boone","MIN","RB",50,2,NA,1.06466666666667,0.4056,1.6712,0.799135366088458,89,0.04575,26,1.2656,NA,NA,NA,5.00150476915354,NA,NA,NA
2560733,"Royce Freeman","DEN","RB",24,2,NA,1.05266666666667,0.576,1.4304,0.575357569980037,90,0.0905833333333333,26,0.8544,NA,NA,NA,4.52011340741098,NA,NA,NA
2557886,"Jeremy Sprinkle","WAS","TE",26,3,NA,0.989,0.4976,1.42,0.591145498164369,61,0.0498333333333334,15,0.9224,NA,NA,NA,4.96564728482975,NA,NA,NA
2552471,"T.J. Yeldon","BUF","RB",27,5,NA,0.985166666666667,0.2708,1.5696,0.859113254078491,92,0.0469166666666665,28,1.2988,NA,NA,NA,5.13052935370158,NA,NA,NA
2507166,"Ted Ginn","CHI","WR",35,13,NA,0.982333333333333,0.5296,1.34,0.546723269427352,121,0.100833333333333,17,0.8104,NA,NA,NA,3.87779102692804,NA,NA,NA
2563839,"Ben DiNucci","DAL","QB",50,0,NA,0.956,0.5592,1.3528,0.701449926937055,35,0.147166666666667,9,0.7936,NA,NA,NA,4.30234028196798,NA,NA,NA
2565129,"Charlie Woerner","SF","TE",50,0,NA,0.95,0.67,1.23,0.494974746830583,62,0.029,15,0.56,NA,NA,NA,4.58016965737452,NA,NA,NA
2559924,"Ito Smith","ATL","RB",25,2,NA,0.939,0.4336,1.332,0.611966502351232,94,0.00558333333333327,28,0.8984,NA,NA,NA,4.59886663544604,NA,NA,NA
2495340,"Anthony Sherman","KC","RB",32,9,NA,0.9375,0.3515,1.5235,1.03591143443829,95,0.0295000000000001,28,1.172,NA,NA,NA,5.51085804706209,NA,NA,NA
2552374,"Ameer Abdullah","MIN","RB",27,5,NA,0.929333333333333,0.243,1.5958,0.846593369530694,96,0.05775,28,1.3528,NA,NA,NA,5.10359654635369,NA,NA,NA
2495347,"Lee Smith","BUF","TE",33,9,NA,0.928333333333333,0.218,1.614,0.874132903701338,63,0.0318333333333334,15,1.396,NA,NA,NA,6.09993512362901,NA,NA,NA
2541187,"Demetrius Harris","CHI","TE",29,7,NA,0.913666666666667,0.6088,1.296,0.461086036801521,64,0.0713333333333334,15,0.6872,NA,NA,NA,4.44433480781427,NA,NA,NA
2562677,"KeeSean Johnson","ARI","WR",50,1,NA,0.9075,0.3119,1.5031,1.05288199718677,122,0.0647499999999999,17,1.1912,NA,NA,NA,5.6873426416291,NA,NA,NA
2562832,"Darwin Thompson","KC","RB",NA,1,NA,0.886666666666667,0.4728,1.2504,0.497973225518535,97,0.0559166666666666,28,0.7776,NA,NA,NA,4.35364400961679,NA,NA,NA
2564586,"Devin Asiasi","NE","TE",50,0,NA,0.879333333333333,0.3324,1.286,0.668910557050293,65,0.151,15,0.9536,NA,NA,NA,5.27735006329947,NA,NA,NA
2560835,"Rashaad Penny","SEA","RB",24,2,NA,0.8565,0.2217,1.4913,1.12217846174305,98,0.1185,28,1.2696,NA,NA,NA,5.69643589468555,NA,NA,NA
2556861,"Jaydon Mickens","TB","WR",26,4,NA,0.8555,0.4511,1.2599,0.7148849557796,123,0.0516666666666666,17,0.8088,NA,NA,NA,4.47898040563653,NA,NA,NA
2560860,"Mason Rudolph","PIT","QB",25,2,NA,0.854,0.7948,0.9132,0.104651803615609,36,0.127833333333333,9,0.1184,NA,NA,NA,3.51054955420814,NA,NA,NA
2564202,"Collin Johnson","JAC","WR",50,0,NA,0.83,0.83,0.83,NA,124,0.0531666666666667,17,0,NA,NA,NA,NA,NA,NA,NA
2560896,"Jordan Thomas","FA","TE",24,2,NA,0.805333333333333,0.1608,1.636,1.00622330192325,66,0.164666666666667,15,1.4752,NA,NA,NA,6.62938812893491,NA,NA,NA
2560817,"Ryan Nall","CHI","RB",25,2,NA,0.805,0.721,0.889,0.148492424049175,99,0.15475,28,0.168,NA,NA,NA,3.60184002437821,NA,NA,NA
2561261,"Brandon Powell","ATL","WR",50,2,NA,0.777666666666667,0.2544,1.316,0.664301387423911,125,0.0184166666666667,17,1.0616,NA,NA,NA,4.2981407346492,NA,NA,NA
2557863,"Zay Jones","LVR","WR",25,3,NA,0.776,0.1144,1.596,0.987465442433304,126,0.0933333333333333,17,1.4816,NA,NA,NA,5.45347404312381,NA,NA,NA
2555261,"Jacoby Brissett","IND","QB",28,4,NA,0.763666666666667,0.0132,1.6492,1.06349439741511,37,0.0903333333333334,9,1.636,NA,NA,NA,4.78267599945623,NA,NA,NA
2562713,"Riley Ridley","CHI","WR",50,1,NA,0.7425,0.1925,1.2925,0.972271824131503,128,0.161083333333333,17,1.1,NA,NA,NA,5.39915583220827,NA,NA,NA
2505982,"Matt Schaub","ATL","QB",39,16,NA,0.688666666666667,0.1792,1.1152,0.611935726472424,38,0.0513333333333333,9,0.936,NA,NA,NA,4.18357899375167,NA,NA,NA
2533457,"Alfred Morris","FA","RB",32,8,NA,0.671,0.671,0.671,NA,100,0.05375,28,0,NA,NA,NA,NA,NA,NA,NA
2563043,"David Blough","FA","QB",50,1,NA,0.658,0.4516,0.8644,0.364867099092259,39,0.0596666666666666,9,0.4128,NA,NA,NA,3.8557853217622,NA,NA,NA
2559248,"Ricky Seals-Jones","KC","TE",25,3,NA,0.651333333333333,0.1552,1.28,0.759305823323734,70,0.0295,16,1.1248,NA,NA,NA,5.63967802989016,NA,NA,NA
2552478,"Blake Bell","DAL","TE",29,5,NA,0.63,0.224,0.92,0.502294734194974,72,0.0233333333333333,16,0.696,NA,NA,NA,4.60951008908681,NA,NA,NA
2561137,"Trenton Cannon","CAR","RB",NA,2,NA,0.6295,0.4727,0.8207,0.229898347101496,101,0.0367500000000001,28,0.348,NA,NA,NA,3.77696065222228,NA,NA,NA
2560761,"Richie James","SF","WR",25,2,NA,0.622833333333333,0.033,1.4206,0.977134884922923,130,0.102833333333333,17,1.3876,NA,NA,NA,5.41654160276775,NA,NA,NA
2539308,"Matt Barkley","BUF","QB",30,7,NA,0.616666666666667,-0.0920000000000001,1.276,0.861645712188793,40,0.0800000000000001,9,1.368,NA,NA,NA,4.51487703842191,NA,NA,NA
2552622,"Chris Manhertz","CAR","TE",NA,NA,NA,0.613666666666667,0.45,0.7628,0.198015992620125,74,0.0371666666666667,16,0.3128,NA,NA,NA,3.38988098397313,NA,NA,NA
2552429,"Ty Montgomery","NO","RB",27,5,NA,0.605,0.593,0.617,0.0212132034355964,102,0.0326666666666666,28,0.024,NA,NA,NA,3.32803664263869,NA,NA,NA
2541199,"Luke Willson","SEA","TE",30,7,NA,0.599666666666667,0.2014,1.067,0.561285429468228,75,0.0583333333333333,16,0.8656,NA,NA,NA,4.84596028772302,NA,NA,NA
2556803,"C.J. Ham","MIN","RB",27,4,NA,0.5805,0.4836,0.7136,0.163727670233226,103,0.0629166666666666,28,0.23,NA,NA,NA,3.63461412455512,NA,NA,NA
2557922,"C.J. Beathard","SF","QB",27,3,NA,0.58,-0.0840000000000001,1.164,0.798999374217527,41,0.118833333333333,9,1.248,NA,NA,NA,4.43176218333876,NA,NA,NA
2562407,"Justice Hill","BAL","RB",50,1,NA,0.564166666666667,0.4763,0.6339,0.106035764406795,104,0.130833333333333,28,0.1576,NA,NA,NA,3.51050715062704,NA,NA,NA
2555289,"Nick Vannett","DEN","TE",NA,4,NA,0.553333333333333,0.41,0.69,0.175594229214212,76,0.0346666666666667,16,0.28,NA,NA,NA,3.30000866789778,NA,NA,NA
2562562,"Ashton Dulin","IND","WR",NA,1,NA,0.54,0.428,0.652,0.197989898732233,131,0.0761666666666667,18,0.224,NA,NA,NA,2.63104568908722,NA,NA,NA
2534241,"Derek Carrier","LVR","TE",30,8,NA,0.529333333333333,0.1464,1.02,0.593735069987729,77,0.0389999999999999,16,0.8736,NA,NA,NA,4.97602696876431,NA,NA,NA
2495234,"Luke Stocker","ATL","TE",32,9,NA,0.508,0.1312,1.008,0.60946862101342,78,0.0521666666666666,16,0.8768,NA,NA,NA,5.03909117317901,NA,NA,NA
2564760,"Austin Mack","FA","WR",NA,0,NA,0.5,0.5,0.5,NA,133,0.0821666666666666,18,0,NA,NA,NA,NA,NA,NA,NA
2552033,"Jameis Winston","NO","QB",26,5,NA,0.493333333333333,0.0589999999999999,0.839,0.523935428591476,42,0.0646666666666667,9,0.78,NA,NA,NA,4.06682624742189,NA,NA,NA
2557859,"Jake Butt","DEN","TE",25,3,NA,0.472666666666667,0.1404,0.726,0.403932337568229,79,0.0583333333333334,16,0.5856,NA,NA,NA,4.21524777173328,NA,NA,NA
2556118,"Dwayne Washington","NO","RB",NA,4,NA,0.471,0.1374,0.811,0.421227966782834,105,0.07975,28,0.6736,NA,NA,NA,4.18854941465455,NA,NA,NA
2564703,"Adam Trautman","NO","TE",50,0,NA,0.439,0.3278,0.5502,0.19657568516986,81,0.0733333333333333,16,0.2224,NA,NA,NA,3.38410785346272,NA,NA,NA
2562718,"Brett Rypien","FA","QB",NA,1,NA,0.429,0.1338,0.7242,0.521844804515672,44,0.0273333333333333,9,0.5904,NA,NA,NA,4.06405255110187,NA,NA,NA
252,"Chad Henne","KC","QB",35,12,NA,0.428333333333333,0.059,0.851,0.508289615606431,45,0.06,9,0.792,NA,NA,NA,4.04606845820353,NA,NA,NA
2561272,"Trent Sherfield","ARI","WR",50,2,NA,0.427666666666667,0.1604,0.718,0.352060127440375,134,0.0206666666666667,18,0.5576,NA,NA,NA,3.18185715562128,NA,NA,NA
2555209,"Chris Moore","BAL","WR",27,4,NA,0.408,0.1052,0.734,0.396196920735131,135,0.0148333333333334,18,0.6288,NA,NA,NA,3.33964917064352,NA,NA,NA
2553502,"DeAndre Carter","HOU","WR",27,5,NA,0.406,0.0984,0.644,0.37281094404537,136,0.0383333333333333,18,0.5456,NA,NA,NA,3.25604272555139,NA,NA,NA
2559362,"Dare Ogunbowale","FA","RB",NA,3,NA,0.395666666666667,0.1318,0.6566,0.328061477978341,106,0.0278333333333334,28,0.5248,NA,NA,NA,3.98812942797884,NA,NA,NA
2540203,"Levine Toilolo","NYG","TE",29,7,NA,0.389666666666667,0.1832,0.672,0.346857799873858,83,0.0788333333333333,18,0.4888,NA,NA,NA,3.98647803588948,NA,NA,NA
2555220,"Derek Watt","PIT","RB",28,4,NA,0.386833333333333,0.1371,0.6531,0.324480482207071,107,0.0538333333333334,28,0.516,NA,NA,NA,3.98042598080622,NA,NA,NA
4487,"Matthew Slater","NE","WR",35,12,NA,0.380333333333333,0.1008,0.684,0.368225927024881,137,0.0313333333333333,18,0.5832,NA,NA,NA,3.23965098023944,NA,NA,NA
2506340,"Alex Smith","WAS","QB",36,15,NA,0.375,0.059,0.723,0.420743389728229,46,0.0291666666666667,9,0.664,NA,NA,NA,3.92991814339533,NA,NA,NA
2495240,"Tyrod Taylor","LAC","QB",31,9,NA,0.361666666666667,0.011,0.835,0.579446575046685,47,0.0338333333333333,9,0.824,NA,NA,NA,4.140474620855,NA,NA,NA
2560243,"Brandon Zylstra","CAR","WR",27,3,NA,0.355,0.129,0.561,0.273450178277506,138,0.0236666666666667,18,0.432,NA,NA,NA,2.90082128162001,NA,NA,NA
2558833,"Alexander Armah","CAR","RB",26,3,NA,0.348833333333333,0.1925,0.4997,0.192364454443469,108,0.0456666666666666,29,0.3072,NA,NA,NA,3.69621764727556,NA,NA,NA
2555317,"Tajae Sharpe","MIN","WR",26,4,NA,0.343,0.1054,0.5806,0.420021428024809,139,0.0321666666666666,18,0.4752,NA,NA,NA,3.42482339222878,NA,NA,NA
2561027,"Tyler Conklin","MIN","TE",NA,2,NA,0.341666666666667,0.124,0.616,0.331071492782652,84,0.0791666666666667,18,0.492,NA,NA,NA,3.92320237130954,NA,NA,NA
2562745,"Easton Stick","LAC","QB",NA,1,NA,0.33,0.282,0.378,0.0848528137423857,49,0.00733333333333336,9,0.096,NA,NA,NA,3.48428161537251,NA,NA,NA
2552466,"Marcus Mariota","LVR","QB",27,5,NA,0.325666666666667,0.007,0.7606,0.534047126509762,50,0.0128333333333334,9,0.7536,NA,NA,NA,4.08024175316954,NA,NA,NA
2555419,"Pharoh Cooper","CAR","WR",25,4,NA,0.319666666666667,0.0772,0.614,0.353794196296849,140,0.0186666666666667,18,0.5368,NA,NA,NA,3.18805656882339,NA,NA,NA
81284,"Chase Daniel","DET","QB",34,11,NA,0.319666666666667,0.005,0.7522,0.532175096498637,51,0.0321666666666667,9,0.7472,NA,NA,NA,4.07775807242898,NA,NA,NA
2550400,"Keith Smith","ATL","RB",28,6,NA,0.317166666666667,0.2092,0.408,0.129669130225098,109,0.0308333333333333,29,0.1988,NA,NA,NA,3.56134730703077,NA,NA,NA
2543497,"AJ McCarron","HOU","QB",30,6,NA,0.306,0.002,0.7284,0.521371268867014,52,0.0416666666666667,9,0.7264,NA,NA,NA,4.06342429655277,NA,NA,NA
497320,"Andre Roberts","BUF","WR",32,10,NA,0.302,0.1848,0.436,0.161158307263386,141,0.002,19,0.2512,NA,NA,NA,2.49937026365399,NA,NA,NA
2560987,"Deon Cain","FA","WR",24,2,NA,0.3,0.3,0.3,NA,142,0.0125,19,0,NA,NA,NA,NA,NA,NA,NA
2565048,"K.J. Hill","LAC","WR",50,0,NA,0.3,0.3,0.3,NA,142,0.056,19,0,NA,NA,NA,NA,NA,NA,NA
2552636,"Michael Burton","NO","RB",28,5,NA,0.289166666666667,0.1635,0.4595,0.208751247501262,110,0.0204166666666667,29,0.296,NA,NA,NA,3.73146895800374,NA,NA,NA
2558990,"Patrick Ricard","BAL","RB",26,3,NA,0.2835,0.1232,0.4684,0.22222679856399,111,0.0721666666666666,29,0.3452,NA,NA,NA,3.76045759757893,NA,NA,NA
2562394,"Donald Parham","LAC","TE",NA,1,NA,0.28,0.28,0.28,NA,85,0.0425,18,0,NA,NA,NA,NA,NA,NA,NA
2561671,"Malik Turner","DAL","WR",50,2,NA,0.275,0.095,0.455,0.318198051533946,144,0.0725,19,0.36,NA,NA,NA,3.06079794874985,NA,NA,NA
382,"Joe Flacco","NYJ","QB",35,12,NA,0.269,0.0324,0.4524,0.286658333212206,53,0.0395,9,0.42,NA,NA,NA,3.7520233070482,NA,NA,NA
2552588,"Brett Hundley","ARI","QB",27,5,NA,0.259666666666667,-0.024,0.6232,0.439909460381717,54,0.0701666666666667,9,0.6472,NA,NA,NA,3.95534636851534,NA,NA,NA
2556762,"Elijhaa Penny","NYG","RB",27,4,NA,0.254,0.2114,0.2874,0.0515072810387036,112,0.09025,29,0.076,NA,NA,NA,3.39320533910324,NA,NA,NA
2562777,"Trevon Wesco","NYJ","TE",NA,1,NA,0.245,0.129,0.361,0.205060966544099,86,0.0218333333333333,18,0.232,NA,NA,NA,3.41811908959291,NA,NA,NA
2561293,"Deon Yelder","KC","TE",NA,2,NA,0.23,0.206,0.254,0.0424264068711929,87,0.0433333333333333,18,0.048,NA,NA,NA,2.76623706376421,NA,NA,NA
2553454,"Geoff Swaim","TEN","TE",NA,NA,NA,0.216333333333333,0.0318,0.4238,0.249980665919053,88,0.0785833333333333,18,0.392,NA,NA,NA,3.59816904138087,NA,NA,NA
2561029,"Keke Coutee","HOU","WR",23,2,NA,0.213,-0.1148,0.454,0.402115655004875,145,0.0365,19,0.5688,NA,NA,NA,3.36080904514023,NA,NA,NA
2495441,"Blaine Gabbert","TB","QB",31,9,NA,0.199333333333333,0.002,0.4724,0.336632341484495,55,0.0255,9,0.4704,NA,NA,NA,3.81832538614787,NA,NA,NA
2560729,"Robert Foster","FA","WR",NA,2,NA,0.192,0.192,0.192,NA,146,0.0615,20,0,NA,NA,NA,NA,NA,NA,NA
2533033,"Robert Griffin","BAL","QB",30,8,NA,0.179666666666667,0.00899999999999998,0.4042,0.273148921530606,56,0.0286666666666666,9,0.3952,NA,NA,NA,3.73409994822889,NA,NA,NA
2495467,"Taiwan Jones","BUF","RB",32,9,NA,0.168666666666667,0.0438,0.339,0.209117989023741,113,0.0276666666666667,29,0.2952,NA,NA,NA,3.73225789329573,NA,NA,NA
497123,"Colt McCoy","NYG","QB",34,10,NA,0.168,-0.08,0.4832,0.380883184191689,57,0.038,9,0.5632,NA,NA,NA,3.87703436257044,NA,NA,NA
2558262,"Mack Hollins","MIA","WR",27,3,NA,0.161,0.0724,0.246,0.108779593674549,147,0.061,20,0.1736,NA,NA,NA,2.31211282729562,NA,NA,NA
2550633,"Senorise Perry","TEN","RB",29,6,NA,0.158833333333333,0.0897,0.2305,0.0881707623497344,114,0.042,30,0.1408,NA,NA,NA,3.47207591295583,NA,NA,NA
2564616,"Dalton Keene","NE","TE",50,0,NA,0.157,0.1226,0.1914,0.0608111831820431,89,0.04775,18,0.0688,NA,NA,NA,2.83992807537963,NA,NA,NA
2560942,"Logan Woodside","TEN","QB",25,2,NA,0.134,-0.3892,0.6572,0.924895669792004,59,0.00900000000000006,9,1.0464,NA,NA,NA,4.59879273454157,NA,NA,NA
2549982,"Garrett Gilbert","FA","QB",29,6,NA,0.126,0.002,0.2964,0.209637782854141,60,0.024,9,0.2944,NA,NA,NA,3.64983773501411,NA,NA,NA
2561187,"Tim Boyle","GB","QB",50,2,NA,0.124,0.0408,0.2072,0.147078210486802,61,0.054,9,0.1664,NA,NA,NA,3.56683799457022,NA,NA,NA
2561344,"Buddy Howell","HOU","RB",50,2,NA,0.123166666666667,0.0473,0.2161,0.111783645196126,115,0.0244166666666667,30,0.1688,NA,NA,NA,3.52287200633851,NA,NA,NA
2553900,"Daniel Brown","NYJ","TE",NA,NA,NA,0.1185,0.0533,0.1837,0.115258405333407,90,0.0185,18,0.1304,NA,NA,NA,3.05816684054837,NA,NA,NA
2495262,"Nick Bellore","SEA","RB",31,9,NA,0.1105,0.0709,0.1501,0.0700035713374682,116,0.067,30,0.0792,NA,NA,NA,3.43299460563884,NA,NA,NA
2562691,"Isaac Nauta","FA","TE",50,1,NA,0.1,0.1,0.1,NA,91,NA,18,0,NA,NA,NA,NA,NA,NA,NA
2562804,"Penny Hart","FA","WR",50,1,NA,0.1,0.1,0.1,NA,148,0.0455,20,0,NA,NA,NA,NA,NA,NA,NA
2564130,"Dezmon Patmon","IND","WR",50,0,NA,0.1,0.1,0.1,NA,148,0.0955,20,0,NA,NA,NA,NA,NA,NA,NA
2555464,"DeAndre Washington","FA","RB",27,4,NA,0.087,0.087,0.087,NA,117,0.087,30,0,NA,NA,NA,NA,NA,NA,NA
2558167,"Joshua Dobbs","PIT","QB",25,3,NA,0.08,0.016,0.144,0.113137084989848,63,0.025,9,0.128,NA,NA,NA,3.52180724228056,NA,NA,NA
2558191,"Nathan Peterman","LVR","QB",26,3,NA,0.06,0.012,0.108,0.0848528137423857,64,0.0175,9,0.096,NA,NA,NA,3.48428161537251,NA,NA,NA
2562660,"Dwayne Haskins","WAS","QB",50,1,NA,0.05,-0.038,0.138,0.15556349186104,65,0.0325,9,0.176,NA,NA,NA,3.57809568264263,NA,NA,NA
2552576,"Sean Mannion","MIN","QB",28,5,NA,0.035,-0.004,0.072,0.0476969600708473,66,0.235,10,0.076,NA,NA,NA,3.43498578271239,NA,NA,NA
2556805,"Johnny Holton","FA","WR",29,4,NA,0.009,0.009,0.009,NA,152,0.109,0,0,NA,NA,NA,NA,NA,NA,NA
2562906,"Cullen Gillaspia","HOU","RB",50,1,NA,0,0,0,NA,118,NA,30,0,NA,NA,NA,NA,NA,NA,NA
2563881,"Tyrie Cleveland","DEN","WR",50,0,NA,0,0,0,NA,153,0.2,0,0,NA,NA,NA,NA,NA,NA,NA
2564007,"Jordan Love","GB","QB",50,0,NA,0,0,0,NA,67,0.4,10,0,NA,NA,NA,NA,NA,NA,NA
2553432,"Kevin White","FA","WR",27,5,NA,-0.2,-0.2,-0.2,NA,163,NA,0,0,NA,NA,NA,NA,NA,NA,NA
2562404,"Will Grier","CAR","QB",50,1,NA,-0.4,-0.4,-0.4,NA,74,NA,10,0,NA,NA,NA,NA,NA,NA,NA
