"playerId","player","team","position","age","exp","bye","points","lower","upper","sdPts","positionRank","dropoff","tier","ptSpread","overallECR","positionECR","sdRank","risk","sleeper","actualPoints","salary"
2540175,"LeVeon Bell","PIT","RB",24,3,8,22.92,18.936,26.904,7.04278354061801,1,7.6325,1,7.96799999999999,NA,1.2,0.4,6.030064114166,NA,NA,NA
2504211,"Tom Brady","NE","QB",39,16,9,21.085,19.153,23.017,3.41532575313102,1,1.6325,1,3.864,NA,2.7,1.1,6.37267855927051,NA,NA,NA
2506363,"Aaron Rodgers","GB","QB",33,11,4,20.5,18.58,22.42,3.39411254969543,2,2.235,1,3.84,NA,1.4,0.6,4.89060636240096,NA,NA,NA
2532975,"Russell Wilson","SEA","QB",28,4,5,18.405,15.609,21.201,4.94267640049397,3,0.940000000000001,1,5.592,NA,4.5,0.6,6.12333941247457,NA,NA,NA
310,"Matt Ryan","ATL","QB",31,8,11,18.125,17.025,19.225,1.94454364826301,4,2.8525,2,2.2,NA,2.2,0.7,4.02971525339525,NA,NA,NA
2555224,"Ezekiel Elliott","DAL","RB",21,0,7,17.525,16.585,18.465,1.66170093578839,2,4.5825,2,1.88,NA,1.9,0.5,2.01331812418748,NA,NA,NA
2506340,"Alex Smith","KC","QB",32,11,5,16.805,14.729,18.881,3.66988419435818,5,3.3675,2,4.152,NA,6.8,0.4,4.52405998873514,NA,NA,NA
2508061,"Antonio Brown","PIT","WR",28,6,8,14.155,12.519,15.791,2.89206673505298,1,0.927500000000002,1,3.272,NA,1.8,1.3,4.78598372167473,NA,NA,NA
2495454,"Julio Jones","ATL","WR",27,5,11,13.825,12.085,15.565,3.07591449816148,2,1.5425,1,3.48,NA,2.5,1.9,5.33433678790587,NA,NA,NA
2555260,"Dak Prescott","DAL","QB",23,0,7,13.74,10.908,16.572,5.00631601080076,6,2.9775,3,5.664,NA,4.8,1.2,7.93222220611711,NA,NA,NA
2506109,"Ben Roethlisberger","PIT","QB",34,12,8,13.135,11.963,14.307,2.07182286887659,7,8.849,3,2.344,NA,5.6,1,5.01014704371421,NA,NA,NA
497149,"LeGarrette Blount","NE","RB",30,6,9,13.05,12.13,13.97,1.62634559672906,3,0.359999999999999,3,1.84,NA,4,1,3.1626631940499,NA,NA,NA
2553733,"Thomas Rawls","SEA","RB",23,1,5,12.835,11.743,13.927,1.93040151263927,4,1.62,3,2.184,NA,5.3,1.1,3.63838886614586,NA,NA,NA
2530747,"Doug Baldwin","SEA","WR",28,5,5,12.63,10.334,14.926,4.05879292401078,3,0.875000000000002,1,4.592,NA,4.3,1.5,5.72503116733595,NA,NA,NA
2543583,"Devonta Freeman","ATL","RB",24,2,11,12.545,10.821,14.269,3.04763022691402,5,2.6675,3,3.448,NA,3.7,1.6,5.69852110132935,NA,NA,NA
238498,"Julian Edelman","NE","WR",30,7,9,11.935,9.723,14.147,3.91030049996161,4,0.502499999999998,1,4.424,NA,5.8,1,5.27129528132706,NA,NA,NA
2543495,"Davante Adams","GB","WR",24,2,4,11.575,9.075,14.075,4.41941738241592,5,0.942499999999999,1,5,NA,4.1,1,5.61959555316966,NA,NA,NA
497278,"Dez Bryant","DAL","WR",28,6,7,11.29,9.762,12.818,2.70114790413261,6,1.3675,2,3.056,NA,3.2,1.5,4.79623044242234,NA,NA,NA
100021,"Patriots","NE","DST",NA,NA,9,10.6,10.6,10.6,NA,1,2.25,1,0,NA,1.4,0.9,3.95922206642573,NA,NA,NA
2540258,"Travis Kelce","KC","TE",27,3,5,10.445,8.241,12.649,3.89615836433788,1,2.6275,1,4.408,NA,1,0,4.02859173102461,NA,NA,NA
100016,"Chiefs","KC","DST",NA,NA,5,10.2,10.2,10.2,NA,2,3.8,1,0,NA,2.1,0.6,2.29397737270689,NA,NA,NA
80429,"Jeremy Maclin","KC","WR",28,7,5,9.975,7.555,12.395,4.27799602617861,7,0.645000000000001,2,4.84,NA,11.6,1.8,6.08628276841217,NA,NA,NA
2495469,"Dion Lewis","NE","RB",26,5,9,9.885,6.833,12.937,5.39522474045336,6,0.614999999999998,3,6.104,NA,8.2,1.2,6.61179467872354,NA,NA,NA
2495448,"Randall Cobb","GB","WR",26,5,4,9.87,8.166,11.574,3.01227488785469,8,1.71,2,3.408,NA,7.4,1.1,4.7273619631712,NA,NA,NA
2540204,"Spencer Ware","KC","RB",25,3,5,9.87,8.054,11.686,3.21026478658693,7,1.65,4,3.632,NA,5.9,1,4.41429708995125,NA,NA,NA
2550617,"Taylor Gabriel","ATL","WR",25,2,11,8.79,7.822,9.758,1.71119841047145,9,1.63,3,1.936,NA,11.6,2.2,4.61198754324955,NA,NA,NA
2533034,"Lamar Miller","HOU","RB",25,4,9,8.67,8.294,9.046,0.664680374315356,8,2.3775,4,0.751999999999999,NA,7.3,1.4,3.3445692755694,NA,NA,NA
2533436,"Brock Osweiler","HOU","QB",26,4,9,8.39,7.902,8.878,0.862670273047588,8,8.217,4,0.975999999999999,NA,8,0,1.11723117389225,NA,NA,NA
71265,"Jared Cook","GB","TE",29,7,4,7.965,5.377,10.553,4.57498087427696,2,0.955,1,5.176,NA,3.7,0.6,5.86115465736267,NA,NA,NA
2552453,"Tevin Coleman","ATL","RB",23,1,11,7.77,6.514,9.026,2.22031529292576,9,3.4775,4,2.512,NA,8,1.1,3.86748257030638,NA,NA,NA
2543721,"C.J. Fiedorowicz","HOU","TE",25,2,9,7.67,5.006,10.334,4.70933116270241,3,1.715,1,5.328,NA,5.5,1,6.84848959662582,NA,NA,NA
2543491,"Paul Richardson","SEA","WR",24,2,5,7.53,5.154,9.906,4.20021428024809,10,1.4925,3,4.752,NA,13.3,1.5,5.82178124284778,NA,NA,NA
2540165,"DeAndre Hopkins","HOU","WR",24,3,9,6.79,6.558,7.022,0.410121933088198,11,1.7725,4,0.464,NA,9.7,1.9,3.5105978645078,NA,NA,NA
100030,"Seahawks","SEA","DST",NA,NA,5,6.5,6.5,6.5,NA,3,0.399999999999999,1,0,NA,3.6,1.3,6.17954832471751,NA,NA,NA
497236,"Jimmy Graham","SEA","TE",30,6,5,6.35,5.43,7.27,1.62634559672906,4,1.6375,2,1.84,NA,2.1,0.3,3.02300903217008,NA,NA,NA
100027,"Steelers","PIT","DST",NA,NA,8,6.3,6.3,6.3,NA,4,0.950000000000001,0,0,NA,4,1.3,6.17954832471751,NA,NA,NA
100001,"Falcons","ATL","DST",NA,NA,11,5.9,5.9,5.9,NA,5,1.15,0,0,NA,5.6,1.4,6.73462988929045,NA,NA,NA
1062,"Martellus Bennett","NE","TE",29,8,9,5.56,4.712,6.408,1.49906637611548,5,2.3775,2,1.696,NA,3.5,0.8,4.03973101583036,NA,NA,NA
2535698,"Cole Beasley","DAL","WR",27,4,7,5.285,4.657,5.913,1.11015764646288,12,0.65,5,1.256,NA,11.9,1.8,3.91908107694708,NA,NA,NA
2543773,"James White","NE","RB",24,2,9,4.815,3.123,6.507,2.9910616844191,10,1.2875,5,3.384,NA,10.3,1,4.24107989900062,NA,NA,NA
100013,"Texans","HOU","DST",NA,NA,9,4.8,4.8,4.8,NA,6,0.35,0,0,NA,6.7,1.6,7.84479301843634,NA,NA,NA
2556214,"Tyreek Hill","KC","WR",22,0,5,4.75,4.31,5.19,0.777817459305203,13,0.2475,5,0.880000000000001,NA,7.8,1.3,3.33957009277281,NA,NA,NA
100008,"Cowboys","DAL","DST",NA,NA,7,4.7,4.7,4.7,NA,7,0.5,0,0,NA,7.1,0.7,2.84905893727984,NA,NA,NA
2533040,"Mohamed Sanu","ATL","WR",27,4,11,4.52,4.264,4.776,0.45254833995939,14,0.1275,5,0.512,NA,17.1,1.9,3.53962288716135,NA,NA,NA
2530515,"Chris Hogan","NE","WR",28,5,9,4.485,3.057,5.913,2.52437120883597,15,0.1875,5,2.856,NA,15.8,2.9,5.66130810685264,NA,NA,NA
2556460,"Geronimo Allison","GB","WR",22,0,4,4.3,4.06,4.54,0.424264068711929,16,0.00750000000000028,6,0.48,NA,17.5,2.8,4.15413982415761,NA,NA,NA
2532841,"Michael Floyd","NE","WR",27,4,9,4.295,4.059,4.531,0.417193000900063,17,0.085,6,0.472,NA,20.1,2.7,4.07887265903773,NA,NA,NA
2552418,"Justin Hardy","ATL","WR",25,1,11,4.29,4.29,4.29,NA,18,0.305,6,0,NA,26.7,2.1,4.6371805324688,NA,NA,NA
100011,"Packers","GB","DST",NA,NA,4,4.2,4.2,4.2,NA,8,NA,0,0,NA,5.2,0.9,3.95922206642573,NA,NA,NA
2532887,"Jermaine Kearse","SEA","WR",26,4,5,4.13,4.026,4.234,0.183847763108502,19,0.41,6,0.208,NA,21.6,2.2,3.56708672772174,NA,NA,NA
2505629,"Jason Witten","DAL","TE",34,13,7,3.865,3.733,3.997,0.233345237791561,6,1.405,3,0.264,NA,5.3,0.4,2.21906744262746,NA,NA,NA
2649,"Danny Amendola","NE","WR",31,8,9,3.84,3.84,3.84,NA,20,0.2825,6,0,NA,27.3,2.5,5.20061782322314,NA,NA,NA
2539322,"Christine Michael","GB","RB",26,3,4,3.77,2.674,4.866,1.93747258045114,11,0.7275,5,2.192,NA,11.6,0.8,2.93760652158643,NA,NA,NA
2539205,"Terrance Williams","DAL","WR",27,3,7,3.6,2.88,4.32,1.27279220613579,21,0.0925000000000007,6,1.44,NA,17,2.3,4.38249197050715,NA,NA,NA
2555346,"Will Fuller","HOU","WR",22,0,9,3.515,3.503,3.527,0.0212132034355966,22,0.149999999999999,7,0.0240000000000005,NA,20.2,1.9,3.24453515685025,NA,NA,NA
2553737,"Eli Rogers","PIT","WR",NA,NA,8,3.5,3.5,3.5,NA,23,0.285,7,0,NA,15.6,1.9,4.35546188709163,NA,NA,NA
2550268,"Charcandrick West","KC","RB",25,2,5,3.285,2.417,4.153,1.53442171517481,12,0.575,5,1.736,NA,11.3,1,3.09002372687705,NA,NA,NA
2552652,"Chris Conley","KC","WR",24,1,5,3.23,3.23,3.23,NA,24,0.085,7,0,NA,24,1.7,4.07374324171446,NA,NA,NA
2541388,"Brice Butler","DAL","WR",26,3,7,3.2,3.2,3.2,NA,25,0.1125,7,0,NA,31.3,2.6,5.34147714591172,NA,NA,NA
2495331,"Aldrick Robinson","ATL","WR",28,5,11,3.09,3.09,3.09,NA,26,0.1675,7,0,NA,27.3,2.6,5.34147714591172,NA,NA,NA
2552470,"Sammie Coates","PIT","WR",23,1,8,3.085,2.217,3.953,1.53442171517481,27,0.47,7,1.736,NA,24.9,2.9,4.9840575782698,NA,NA,NA
2506922,"Stephen Gostkowski","NE","K",32,10,9,2.95,2.91,2.99,0.0707106781186548,1,0.175,1,0.0800000000000001,NA,1.8,1.1,3.55220783660144,NA,NA,NA
4433,"Marcel Reece","SEA","RB",31,8,5,2.8,2.8,2.8,NA,13,0.22,5,0,NA,18.7,1.4,4.70931275889695,NA,NA,NA
2495259,"Dan Bailey","DAL","K",28,5,7,2.8,2.64,2.96,0.282842712474619,2,0.0749999999999997,1,0.32,NA,3.1,1.3,5.58407734445063,NA,NA,NA
2550272,"Albert Wilson","KC","WR",24,2,5,2.76,2.76,2.76,NA,28,0.295,7,0,NA,29.4,2,4.49632120978021,NA,NA,NA
2504797,"Matt Bryant","ATL","K",41,14,11,2.75,2.55,2.95,0.353553390593274,3,0.0999999999999996,1,0.4,NA,2.2,1.6,6.99994952216316,NA,NA,NA
2507232,"Mason Crosby","GB","K",32,9,4,2.7,2.46,2.94,0.424264068711929,4,0.35,1,0.48,NA,5.1,1,5.56700409593345,NA,NA,NA
2555430,"Alex Collins","SEA","RB",22,0,5,2.62,1.244,3.996,2.43244732728172,14,0.15,5,2.752,NA,13.5,0.6,2.85782878346866,NA,NA,NA
2550636,"Cairo Santos","KC","K",25,2,5,2.6,2.28,2.92,0.565685424949238,5,0.725,1,0.64,NA,5.2,1,6.49953671539702,NA,NA,NA
2543600,"Alfred Blue","HOU","RB",25,2,9,2.54,1.868,3.212,1.1879393923934,15,0.27,5,1.344,NA,16.8,1.4,3.75805547332252,NA,NA,NA
2555415,"Austin Hooper","ATL","TE",NA,0,11,2.5,2.5,2.5,NA,7,0.22,4,0,NA,10.1,2.1,9.90836068024061,NA,NA,NA
2539203,"Cobi Hamilton","PIT","WR",26,3,8,2.47,2.47,2.47,NA,29,0.24,0,0,NA,27.9,1.4,3.6511652736487,NA,NA,NA
2552429,"Ty Montgomery","GB","WR",23,1,4,2.46,2.46,2.46,NA,30,0.5925,0,0,NA,17.6,9.6,15.2016297341127,NA,NA,NA
2552633,"Jesse James","PIT","TE",22,1,8,2.42,1.956,2.884,0.820243866176395,8,0.3275,4,0.927999999999999,NA,9,1.8,5.76067674542351,NA,NA,NA
2535708,"Lance Dunbar","DAL","RB",26,4,7,2.4,2.4,2.4,NA,16,0.305,6,0,NA,18.9,1.4,4.70931275889695,NA,NA,NA
284,"Darren McFadden","DAL","RB",29,8,7,2.14,1.788,2.492,0.622253967444162,17,0.3575,6,0.704,NA,15.1,1.1,2.60467337176305,NA,NA,NA
2541199,"Luke Willson","SEA","TE",26,3,5,2.14,1.228,3.052,1.61220346110533,9,0.115,4,1.824,NA,7.8,1.1,4.78934675221143,NA,NA,NA
2507374,"Steven Hauschka","SEA","K",NA,NA,5,2.1,2.02,2.18,0.14142135623731,6,0.475,2,0.16,NA,NA,NA,1.83084617604177,NA,NA,NA
2552477,"Aaron Ripkowski","GB","RB",NA,NA,4,2.05,0.81,3.29,2.1920310216783,18,0.695,6,2.48,NA,14.5,1.6,5.02241529148979,NA,NA,NA
2550313,"Richard Rodgers","GB","TE",24,2,4,2.045,1.209,2.881,1.47785317267988,10,0.1225,4,1.672,NA,10.8,1.3,5.13457755892249,NA,NA,NA
2541316,"Ryan Griffin","HOU","TE",26,3,9,2.005,1.761,2.249,0.431335136523794,11,0.21,4,0.488,NA,8.6,0.8,3.25327711754971,NA,NA,NA
2555216,"Malcolm Mitchell","NE","WR",23,0,9,2,2,2,NA,31,0.3025,8,0,NA,NA,NA,NA,NA,NA,NA
2550521,"Xavier Grimble","PIT","TE",24,2,8,1.84,1.84,1.84,NA,12,0.11,4,0,NA,15.1,1.7,8.13160635227501,NA,NA,NA
2541187,"Demetrius Harris","KC","TE",25,3,5,1.75,1.75,1.75,NA,13,0.13,0,0,NA,13.7,1,5.02228627833521,NA,NA,NA
80427,"Darrius Heyward-Bey","PIT","WR",29,7,8,1.735,1.147,2.323,1.03944696834423,32,0.41,8,1.176,NA,27.3,4.2,5.56101791145418,NA,NA,NA
2540203,"Levine Toilolo","ATL","TE",25,3,11,1.71,1.71,1.71,NA,14,0.2,0,0,NA,11.6,0.6,3.24553195036961,NA,NA,NA
2543750,"Jeff Janis","GB","WR",25,2,4,1.66,1.66,1.66,NA,33,0.865,8,0,NA,30.7,2.8,5.62319579128889,NA,NA,NA
2506194,"Nick Novak","HOU","K",NA,NA,9,1.65,1.37,1.93,0.494974746830583,7,0.85,3,0.56,NA,8,0,2.86791751239606,NA,NA,NA
2550545,"Chris Boswell","PIT","K",27,2,8,1.6,1.12,2.08,0.848528137423857,8,1.6,3,0.96,NA,6.8,0.6,7.09846079701649,NA,NA,NA
2556463,"Stephen Anderson","HOU","TE",23,0,9,1.53,1.53,1.53,NA,15,0.65,0,0,NA,18.1,1.3,6.35485202430941,NA,NA,NA
2495979,"DeAngelo Williams","PIT","RB",33,10,8,1.515,0.463,2.567,1.85969083452062,19,0.6175,6,2.104,NA,17.3,1.9,5.46616567528376,NA,NA,NA
2540211,"Gavin Escobar","DAL","TE",25,3,7,1.49,1.49,1.49,NA,16,1.25,0,0,NA,16.3,0.8,4.13390911435241,NA,NA,NA
2534770,"Jonathan Grimes","HOU","RB",27,4,9,1.195,0.799,1.591,0.700035713374682,20,0.73,7,0.792,NA,19.7,2.1,5.02070418922865,NA,NA,NA
2556612,"Tanner McEvoy","SEA","WR",23,0,5,0.99,0.99,0.99,NA,34,0.53,8,0,NA,NA,NA,NA,NA,NA,NA
2540279,"Nick Williams","ATL","WR",26,3,11,0.6,0.6,0.6,NA,35,0.325,0,0,NA,NA,NA,NA,NA,NA,NA
2533457,"Alfred Morris","DAL","RB",28,4,7,0.6,0.6,0.6,NA,21,0.295,7,0,NA,22,2,7.53479274241862,NA,NA,NA
497206,"James Starks","GB","RB",30,6,4,0.33,0.33,0.33,NA,22,0.075,0,0,NA,NA,NA,NA,NA,NA,NA
2555413,"Trevor Davis","GB","WR",23,0,4,0.32,0.32,0.32,NA,36,0.12,0,0,NA,NA,NA,NA,NA,NA,NA
2540178,"Knile Davis","KC","RB",25,3,5,0.28,0.28,0.28,NA,23,0.05,0,0,NA,22.9,1.9,7.06387941183167,NA,NA,NA
2555289,"Nick Vannett","SEA","TE",NA,0,5,0.27,0.27,0.27,NA,17,0.09,0,0,NA,NA,NA,NA,NA,NA,NA
2550738,"Fitzgerald Toussaint","PIT","RB",26,2,8,0.23,0.23,0.23,NA,24,0.02,0,0,NA,23.8,2.7,10.8311860565272,NA,NA,NA
2553660,"Akeem Hunt","HOU","RB",23,1,9,0.23,0.23,0.23,NA,24,0.05,0,0,NA,NA,NA,NA,NA,NA,NA
2552420,"Keith Mumphery","HOU","WR",24,1,9,0.23,0.23,0.23,NA,37,0.0649999999999999,0,0,NA,32,1.9,4.35546188709163,NA,NA,NA
79589,"David Johnson","PIT","TE",29,7,8,0.21,0.21,0.21,NA,18,0.115,0,0,NA,NA,NA,NA,NA,NA,NA
2532797,"Brandon Bolden","NE","RB",26,4,9,0.19,0.19,0.19,NA,26,0.025,0,0,NA,NA,NA,NA,NA,NA,NA
2505354,"Tony Romo","DAL","QB",36,13,7,0.182,0.182,0.182,NA,9,0.065,4,0,NA,NA,NA,NA,NA,NA,NA
2530763,"Patrick DiMarco","ATL","RB",27,5,11,0.17,0.17,0.17,NA,27,0.055,0,0,NA,23.3,1.9,7.06387941183167,NA,NA,NA
2543638,"DeAnthony Thomas","KC","WR",23,2,5,0.17,0.17,0.17,NA,38,0.02,0,0,NA,NA,NA,NA,NA,NA,NA
2532842,"Nick Foles","KC","QB",27,4,5,0.164,0.164,0.164,NA,10,0.101,4,0,NA,NA,NA,NA,NA,NA,NA
2508101,"James Develin","NE","RB",28,6,9,0.16,0.16,0.16,NA,28,0.095,0,0,NA,27.2,1.8,6.59296608124473,NA,NA,NA
2555478,"Demarcus Robinson","KC","WR",NA,0,5,0.16,0.16,0.16,NA,39,0.07,0,0,NA,NA,NA,NA,NA,NA,NA
2539645,"Brandon Williams","SEA","TE",29,4,5,0.15,0.15,0.15,NA,19,0.13,0,0,NA,20,0.6,3.24553195036961,NA,NA,NA
2541828,"Frankie Hammond","FA","WR",NA,NA,NA,0.14,0.14,0.14,NA,40,0.12,0,0,NA,NA,NA,NA,NA,NA,NA
2543640,"Tom Savage","HOU","QB",26,2,9,0.07,0.07,0.07,NA,11,0.014,4,0,NA,NA,NA,NA,NA,NA,NA
2495340,"Anthony Sherman","KC","RB",28,5,5,0.07,0.07,0.07,NA,29,0.025,0,0,NA,25.4,1.4,4.70931275889695,NA,NA,NA
2543695,"Jay Prosch","HOU","RB",24,2,9,0.06,0.06,0.06,NA,30,0.04,0,0,NA,NA,NA,NA,NA,NA,NA
2539287,"Landry Jones","PIT","QB",27,3,8,0.056,0.056,0.056,NA,12,0.014,0,0,NA,NA,NA,NA,NA,NA,NA
2543801,"Jimmy Garoppolo","NE","QB",25,2,9,0.056,0.056,0.056,NA,12,0.034,4,0,NA,NA,NA,NA,NA,NA,NA
2507029,"Eric Weems","ATL","WR",31,9,11,0.04,0.04,0.04,NA,41,0.04,0,0,NA,NA,NA,NA,NA,NA,NA
2553318,"James OShaughnessy","KC","TE",NA,NA,5,0.04,0.04,0.04,NA,20,0.04,0,0,NA,NA,NA,NA,NA,NA,NA
2550235,"Roosevelt Nix","PIT","RB",NA,NA,8,0.03,0.03,0.03,NA,31,0.025,0,0,NA,NA,NA,NA,NA,NA,NA
2505982,"Matt Schaub","ATL","QB",35,12,11,0.028,0.028,0.028,NA,14,0.016,0,0,NA,NA,NA,NA,NA,NA,NA
2556477,"Trevone Boykin","SEA","QB",23,0,5,0.016,0.016,0.016,NA,15,0.012,0,0,NA,NA,NA,NA,NA,NA,NA
2555234,"Tyler Ervin","HOU","RB",23,0,9,0.01,0.01,0.01,NA,32,0.01,0,0,NA,26.4,2.1,8.00570607300556,NA,NA,NA
2552588,"Brett Hundley","GB","QB",23,1,4,0.008,0.008,0.008,NA,16,0.008,0,0,NA,NA,NA,NA,NA,NA,NA
4487,"Matthew Slater","NE","WR",31,8,9,0,0,0,NA,42,0,0,0,NA,NA,NA,NA,NA,NA,NA
79858,"Mark Sanchez","DAL","QB",30,7,7,0,0,0,NA,17,0,0,0,NA,NA,NA,NA,NA,NA,NA
2495181,"Jerrod Johnson","DAL","QB",28,5,7,0,0,0,NA,17,0,0,0,NA,NA,NA,NA,NA,NA,NA
2495470,"Stevan Ridley","FA","RB",27,5,NA,0,0,0,NA,33,0,0,0,NA,NA,NA,NA,NA,NA,NA
2504162,"Shayne Graham","FA","K",NA,NA,NA,0,0,0,NA,9,NA,3,0,NA,NA,NA,NA,NA,NA,NA
2532970,"Brandon Weeden","HOU","QB",33,4,9,0,0,0,NA,17,0,0,0,NA,NA,NA,NA,NA,NA,NA
2534889,"Matt Simms","FA","QB",28,4,NA,0,0,0,NA,17,0,0,0,NA,NA,NA,NA,NA,NA,NA
2535876,"Griff Whalen","FA","WR",26,4,NA,0,0,0,NA,42,0,0,0,NA,NA,NA,NA,NA,NA,NA
2539674,"Rodney Smith","FA","WR",26,3,NA,0,0,0,NA,42,0,0,0,NA,NA,NA,NA,NA,NA,NA
2543587,"Aaron Murray","FA","QB",26,2,NA,0,0,0,NA,17,0,0,0,NA,NA,NA,NA,NA,NA,NA
2543605,"Zach Mettenberger","PIT","QB",25,2,8,0,0,0,NA,17,0,0,0,NA,NA,NA,NA,NA,NA,NA
2543682,"Bishop Sankey","MIN","RB",24,2,6,0,0,0,NA,33,0,0,0,NA,NA,NA,NA,NA,NA,NA
2550243,"Justin Perillo","FA","TE",25,2,NA,0,0,0,NA,21,0,0,0,NA,NA,NA,NA,NA,NA,NA
2550247,"Bryn Renner","FA","QB",26,2,NA,0,0,0,NA,17,0,0,0,NA,NA,NA,NA,NA,NA,NA
2550413,"Corey Washington","FA","WR",25,2,NA,0,0,0,NA,42,0,0,0,NA,NA,NA,NA,NA,NA,NA
2552383,"Terrence Magee","BAL","RB",23,1,8,0,0,0,NA,33,0,0,0,NA,NA,NA,NA,NA,NA,NA
2552634,"Joey Iosefa","FA","RB",NA,NA,NA,0,0,0,NA,33,0,0,0,NA,NA,NA,NA,NA,NA,NA
2555462,"Kelvin Taylor","SEA","RB",23,0,5,0,0,0,NA,33,NA,0,0,NA,NA,NA,NA,NA,NA,NA
2555471,"Kenny Lawler","FA","WR",22,0,NA,0,0,0,NA,42,0,0,0,NA,NA,NA,NA,NA,NA,NA
2556375,"Rico Gathers","FA","TE",22,0,NA,0,0,0,NA,21,NA,0,0,NA,NA,NA,NA,NA,NA,NA
2556492,"Joe Callahan","GB","QB",23,0,4,0,0,0,NA,17,NA,0,0,NA,NA,NA,NA,NA,NA,NA
2556528,"D.J. Foster","NE","WR",NA,0,9,0,0,0,NA,42,0,0,0,NA,NA,NA,NA,NA,NA,NA
2556569,"Andy Jones","FA","WR",NA,0,NA,0,0,0,NA,42,NA,0,0,NA,NA,NA,NA,NA,NA,NA
