"playerId","player","team","position","age","exp","bye","points","lower","upper","sdPts","positionRank","dropoff","tier","ptSpread","overallECR","positionECR","sdRank","risk","sleeper","actualPoints","salary"
2558125,"Patrick Mahomes","KC","QB",NA,3,NA,25.0395333333333,23.887,26.4234,1.2596635339116,1,0.877533333333332,1,2.5364,NA,NA,NA,4.92238478895651,NA,NA,NA
2562382,"Kyler Murray","ARI","QB",50,1,NA,24.4393333333333,23.2511,25.711,1.24322025509025,2,2.11711666666666,1,2.4599,NA,NA,NA,4.90075167506412,NA,NA,NA
2532975,"Russell Wilson","SEA","QB",32,8,NA,23.8846666666667,22.5637,25.611,1.48855756041433,3,3.42125333333333,1,3.0473,NA,NA,NA,5.22352245124519,NA,NA,NA
2565045,"Justin Herbert","LAC","QB",50,0,NA,20.7597666666667,19.61688,21.9418,1.34181336506485,4,0.833036666666668,2,2.32492,NA,NA,NA,5.03046278683561,NA,NA,NA
2560757,"Lamar Jackson","BAL","QB",23,2,NA,20.16706,19.2951,20.90712,0.808276820155076,5,0.62556,2,1.61202,NA,NA,NA,4.32853119720632,NA,NA,NA
2558063,"Deshaun Watson","HOU","QB",25,3,NA,19.6864,18.819,20.6554,0.868129649303605,6,0.723100000000002,3,1.8364,NA,NA,NA,4.40727480326078,NA,NA,NA
2506109,"Ben Roethlisberger","PIT","QB",38,16,NA,19.3966,17.5469,21.689,2.3536088850954,7,1.2431,3,4.1421,NA,NA,NA,6.36160166481994,NA,NA,NA
2557991,"Dalvin Cook","MIN","RB",25,3,NA,19.2669333333333,19.0003,19.443,0.239003319363282,1,3.144625,1,0.442699999999999,NA,NA,NA,3.25099405241959,NA,NA,NA
2506363,"Aaron Rodgers","GB","QB",37,15,NA,18.53,17.6814,19.3506,0.896409692049345,8,0.799199999999999,4,1.6692,NA,NA,NA,4.44448060584111,NA,NA,NA
2495455,"Cam Newton","NE","QB",31,9,NA,17.777,16.7085,18.5095,1.13979325610686,9,0.412866666666666,4,1.801,NA,NA,NA,4.76468100005669,NA,NA,NA
310,"Matt Ryan","ATL","QB",35,12,NA,17.6846,16.947,18.857,0.936073116802314,10,0.888016666666672,4,1.91,NA,NA,NA,4.49666261858721,NA,NA,NA
2558019,"Alvin Kamara","NO","RB",24,3,NA,17.19765,16.16,18.2956,1.10168041532016,2,2.62076666666666,2,2.1356,NA,NA,NA,6.15298951494827,NA,NA,NA
2504211,"Tom Brady","TB","QB",43,20,NA,17.0436666666667,15.549,18.303,1.66693655148199,11,0.57705,5,2.754,NA,NA,NA,5.45820149985238,NA,NA,NA
2564499,"Tua Tagovailoa","MIA","QB",50,0,NA,16.5495,15.5298,18.0408,1.57325511811234,12,0.408466666666666,5,2.511,NA,NA,NA,5.33495229026912,NA,NA,NA
2563722,"Joe Burrow","CIN","QB",50,0,NA,16.3837333333333,15.6614333333333,16.90958,0.760773799058126,13,0.547946666666665,5,1.24814666666666,NA,NA,NA,4.26603525118557,NA,NA,NA
79860,"Matthew Stafford","DET","QB",32,11,NA,15.8983333333333,14.3956,17.1244,1.53059537522713,14,0.161813333333335,5,2.7288,NA,NA,NA,5.27882826011172,NA,NA,NA
2543499,"Derek Carr","LVR","QB",29,6,NA,15.77324,15.04428,16.5852,0.783254931679336,15,0.0967299999999991,5,1.54092,NA,NA,NA,4.29561188901483,NA,NA,NA
2555259,"Carson Wentz","PHI","QB",28,4,NA,15.6998,14.6418,16.722,1.12387107801562,16,0.120039999999999,5,2.0802,NA,NA,NA,4.74373345694167,NA,NA,NA
2552033,"Jameis Winston","NO","QB",26,5,NA,15.65322,14.1995,16.71264,1.41735205294944,17,0.326803333333334,5,2.51314,NA,NA,NA,5.12984302942856,NA,NA,NA
2532956,"Ryan Tannehill","TEN","QB",32,8,NA,15.5063,14.8856,16.3042,0.733586702442186,18,0.4084,6,1.4186,NA,NA,NA,4.23026735088502,NA,NA,NA
2506340,"Alex Smith","WAS","QB",36,15,NA,15.1465333333333,14.0585333333333,16.04424,1.12316049313236,19,0.134705,6,1.98570666666667,NA,NA,NA,4.74279859693736,NA,NA,NA
2555334,"Jared Goff","LAR","QB",26,4,NA,15.0492666666667,13.9008,16.122,1.04269439946068,20,0.385496666666667,6,2.2212,NA,NA,NA,4.63693575852246,NA,NA,NA
2556075,"Derrick Henry","TEN","RB",26,4,NA,15.0469666666667,14.375,15.65965,0.665330885099036,3,0.984141666666666,3,1.28465,NA,NA,NA,4.68513513152608,NA,NA,NA
2532820,"Kirk Cousins","MIN","QB",32,8,NA,14.97439,14.24385,15.62448,0.759123827514326,21,0.668719999999999,6,1.38063,NA,NA,NA,4.26386451487963,NA,NA,NA
2556214,"Tyreek Hill","KC","WR",26,4,NA,14.7681666666667,13.023,16.8245,1.89307753847186,1,0.872416666666666,1,3.8015,NA,NA,NA,6.60665352656111,NA,NA,NA
2495143,"Andy Dalton","DAL","QB",33,9,NA,14.35315,13.59402,15.3268,0.981510242772161,22,0.725505,7,1.73278,NA,NA,NA,4.55644063072993,NA,NA,NA
2506121,"Philip Rivers","IND","QB",39,16,NA,14.25819,12.72365,15.316,1.55458700480224,23,1.26674,7,2.59235,NA,NA,NA,5.31039213862412,NA,NA,NA
2562377,"Josh Jacobs","LVR","RB",50,1,NA,14.1068,13.3695,15.135,0.992598891798696,4,0.162658333333335,4,1.7655,NA,NA,NA,5.78604562854094,NA,NA,NA
2540165,"DeAndre Hopkins","ARI","WR",28,7,NA,14.0648333333333,12.77125,15.96125,1.54459498466966,2,0.469033333333332,1,3.19,NA,NA,NA,5.82263410220193,NA,NA,NA
2561021,"Nick Chubb","CLE","RB",25,2,NA,14.01885,12.559,15.9477,1.75039238101061,5,0.250283333333332,4,3.3887,NA,NA,NA,8.33521875198814,NA,NA,NA
2558116,"Aaron Jones","GB","RB",26,3,NA,13.8694333333333,13.375,14.51555,0.55495432845115,6,0.223233333333333,4,1.14055,NA,NA,NA,4.31383482917319,NA,NA,NA
2543495,"Davante Adams","GB","WR",28,6,NA,13.7266666666667,11.91,15.75,1.80796755133124,3,0.579783333333337,1,3.84,NA,NA,NA,6.41517225326018,NA,NA,NA
2553439,"Mike Davis","CAR","RB",27,5,NA,13.6677,12.164,15.8891,1.75679842326887,7,0.210349999999998,4,3.7251,NA,NA,NA,8.35676830471577,NA,NA,NA
2562722,"Miles Sanders","PHI","RB",50,1,NA,13.6247,12.7136,14.8978,1.24522245000642,8,0.362349999999999,4,2.1842,NA,NA,NA,6.63585655209804,NA,NA,NA
2562685,"DK Metcalf","SEA","WR",50,1,NA,13.4649333333333,11.9033333333333,15.602,1.93559623888868,4,0.775583333333334,1,3.69866666666667,NA,NA,NA,6.70231251052339,NA,NA,NA
2564223,"James Robinson","JAC","RB",50,0,NA,13.29,13.114,13.466,0.311126983722081,9,0.366333333333335,4,0.352,NA,NA,NA,3.49361385499823,NA,NA,NA
2557978,"James Conner","PIT","RB",25,3,NA,13.2347,12.56,14.2511,0.900249332129716,10,0.934883333333334,4,1.6911,NA,NA,NA,5.47538709317245,NA,NA,NA
2560800,"Baker Mayfield","CLE","QB",25,2,NA,12.9971,11.5816,13.97508,1.45749448483805,24,0.532999999999999,8,2.39348,NA,NA,NA,5.1826552337583,NA,NA,NA
2562305,"Drew Lock","DEN","QB",50,1,NA,12.9858,9.6334,15.25596,3.52280700956874,25,1.3874,8,5.62256,NA,NA,NA,7.89982262818796,NA,NA,NA
2540154,"Keenan Allen","LAC","WR",28,7,NA,12.8288333333333,11.0685,15.28775,2.07012759671153,5,0.291816666666666,1,4.21925,NA,NA,NA,7.00498246219736,NA,NA,NA
2555224,"Ezekiel Elliott","DAL","RB",25,4,NA,12.6126333333333,11.9704,13.5425,1.01234622865237,11,0.842133333333333,5,1.5721,NA,NA,NA,5.85247451857981,NA,NA,NA
2495454,"Julio Jones","ATL","WR",31,9,NA,12.5498666666667,11.0156,14.222,1.82139082388523,6,0.152783333333332,2,3.2064,NA,NA,NA,6.44537206184737,NA,NA,NA
2562489,"Terry McLaurin","WAS","WR",50,1,NA,12.5241666666667,11.00275,14.70975,1.77539614358787,7,0.511066666666665,2,3.707,NA,NA,NA,6.34189278468735,NA,NA,NA
2540258,"Travis Kelce","KC","TE",31,7,NA,12.3606666666667,10.68825,14.05375,1.51983458529758,1,2.64725,1,3.3655,NA,NA,NA,7.75990183829498,NA,NA,NA
100027,"Steelers","PIT","DST",NA,NA,NA,12.3053333333333,11.688,13.076,0.822670448397575,1,1.54658333333333,1,1.388,NA,NA,NA,4.83893545687062,NA,NA,NA
2552430,"Tyler Lockett","SEA","WR",28,5,NA,12.27,10.5525,14.3875,1.84304910406641,8,0.554833333333335,2,3.835,NA,NA,NA,6.4940990703446,NA,NA,NA
2565276,"Antonio Gibson","WAS","RB",50,0,NA,11.987,11.4322,12.7642,0.800757141710269,12,0.549774999999999,5,1.332,NA,NA,NA,5.14070116432671,NA,NA,NA
2543465,"Teddy Bridgewater","CAR","QB",28,6,NA,11.9424,3.66,16.966,7.52514257672238,26,1.1602,8,13.306,NA,NA,NA,13.1653771505255,NA,NA,NA
2541785,"Adam Thielen","MIN","WR",30,6,NA,11.7562,10.1206,13.024,1.48369882388576,9,0.082258333333332,2,2.9034,NA,NA,NA,5.68562932993269,NA,NA,NA
2556370,"Michael Thomas","NO","WR",26,4,NA,11.6741333333333,10.896,12.7836,1.11767162738734,10,0.0626750000000005,2,1.8876,NA,NA,NA,4.86213779852768,NA,NA,NA
2562238,"A.J. Brown","TEN","WR",NA,1,NA,11.67375,9.992,13.3525,1.86497709994877,11,0.29025,2,3.3605,NA,NA,NA,6.54343288783836,NA,NA,NA
2563965,"D'Andre Swift","DET","RB",50,0,NA,11.554,8.0518,15.0086,3.87815273895532,13,0.335700000000001,5,6.9568,NA,NA,NA,15.4928805620017,NA,NA,NA
2560854,"Calvin Ridley","ATL","WR",26,2,NA,11.5491666666667,9.85375,13.65875,1.76677719780018,12,0.655125,2,3.805,NA,NA,NA,6.32250179698563,NA,NA,NA
2552475,"Todd Gurley","ATL","RB",26,5,NA,11.32045,10.83,12.0593,0.760104524062316,14,0.377708333333334,6,1.2293,NA,NA,NA,5.00394812833308,NA,NA,NA
382,"Joe Flacco","NYJ","QB",35,12,NA,11.2544,10.0687,12.36202,1.28489407086084,27,2.8574,9,2.29332,NA,NA,NA,4.95557859934671,NA,NA,NA
2555346,"Will Fuller","HOU","WR",26,4,NA,11.2178333333333,9.308,13.7805,2.09998387295395,13,0.680958333333331,2,4.4725,NA,NA,NA,7.07215340162515,NA,NA,NA
2562281,"Damien Harris","NE","RB",50,1,NA,11.11615,9.5468,13.0591,1.79014436917808,15,0.372399999999999,6,3.5123,NA,NA,NA,8.46894212291007,NA,NA,NA
100020,"Vikings","MIN","DST",NA,NA,NA,10.895,6.594,11.152,2.53836561590327,2,1.92941666666667,2,4.558,NA,NA,NA,10.4045208025594,NA,NA,NA
2560770,"Ronald Jones","TB","RB",23,2,NA,10.7693333333333,9.815,12.1705,1.46990226432463,16,0.0565000000000015,6,2.3555,NA,NA,NA,7.39166635014304,NA,NA,NA
2560967,"Kalen Ballage","FA","RB",NA,2,NA,10.7181666666667,9.499,11.594,1.27414359037311,17,0.391591666666667,6,2.095,NA,NA,NA,6.7331455823837,NA,NA,NA
2555230,"Kenyan Drake","ARI","RB",NA,4,NA,10.7075,9.661,11.9865,1.2692309088578,18,0.767174999999998,6,2.3255,NA,NA,NA,6.71661960814246,NA,NA,NA
100028,"Chargers","LAC","DST",NA,NA,NA,10.6225,10.077,11.11,0.562753646515655,3,3.37016666666667,2,1.033,NA,NA,NA,3.99578501205392,NA,NA,NA
2564970,"Chase Claypool","PIT","WR",50,0,NA,10.57025,8.53095,12.80475,2.33173385059273,14,0.136000000000001,2,4.2738,NA,NA,NA,7.59354674565678,NA,NA,NA
2564556,"Justin Jefferson","MIN","WR",50,0,NA,10.5035,8.5938,12.63,2.19240028279509,15,0.138875000000001,3,4.0362,NA,NA,NA,7.28007273547542,NA,NA,NA
2543468,"Mike Evans","TB","WR",27,6,NA,10.365,7.959,12.828,2.42006714782875,16,0.0410416666666666,3,4.869,NA,NA,NA,7.7922798532259,NA,NA,NA
2562674,"Diontae Johnson","PIT","WR",NA,1,NA,10.36425,8.45215,12.95875,2.6621804503076,17,0.100791666666669,3,4.5066,NA,NA,NA,8.33698870584443,NA,NA,NA
2564205,"Jake Luton","JAC","QB",50,0,NA,10.31,9.468,11.236,1.11986606342009,28,4.317,9,1.768,NA,NA,NA,4.7384643778348,NA,NA,NA
2558846,"Mike Williams","LAC","WR",26,3,NA,10.2836666666667,8.9038,12.1838,2.33908108737883,18,0.0756666666666668,3,3.28,NA,NA,NA,7.6100766301311,NA,NA,NA
2563731,"Tee Higgins","CIN","WR",50,0,NA,10.24325,8.21115,12.79075,2.60233512125809,19,0.0713749999999997,3,4.5796,NA,NA,NA,8.20234810498777,NA,NA,NA
2555466,"Tyler Boyd","CIN","WR",26,4,NA,10.17275,8.0341,13.1092,2.9785758761529,20,0.0189166666666676,3,5.0751,NA,NA,NA,9.0488181989843,NA,NA,NA
2557898,"Cooper Kupp","LAR","WR",27,3,NA,10.171,7.99715,13.00365,2.88479759544178,21,0.0370999999999988,3,5.0065,NA,NA,NA,8.83783491486197,NA,NA,NA
2562653,"Travis Fulgham","FA","WR",NA,1,NA,10.1366666666667,8.472,12.24,2.53929780319941,22,0.0767249999999997,3,3.768,NA,NA,NA,8.06052613634608,NA,NA,NA
2560781,"Christian Kirk","ARI","WR",24,2,NA,10.1311333333333,8.0394,12.377,2.2154262268617,23,0.238008333333331,3,4.3376,NA,NA,NA,7.33187672742698,NA,NA,NA
2552487,"Amari Cooper","DAL","WR",26,5,NA,9.98875,8.3712,12.2815,2.47532693126921,24,0.235624999999999,3,3.9103,NA,NA,NA,7.91660384916343,NA,NA,NA
2552461,"Duke Johnson","HOU","RB",27,5,NA,9.94565,8.8197,10.7576,1.0043364662801,19,0.137025000000001,7,1.9379,NA,NA,NA,5.82553014487477,NA,NA,NA
2552408,"Darren Waller","LVR","TE",28,5,NA,9.9365,8.135,12.69875,2.233313457623,2,1.19393333333333,2,4.56375,NA,NA,NA,10.3237521900838,NA,NA,NA
2565090,"Salvon Ahmed","FA","RB",NA,0,NA,9.935,9.371,10.499,0.997020561473032,20,0.344208333333333,7,1.128,NA,NA,NA,5.80091986757181,NA,NA,NA
2558105,"Chris Godwin","TB","WR",24,3,NA,9.7975,8.4375,11.6735,1.93721664594679,25,0.0936250000000012,3,3.236,NA,NA,NA,6.70595811801526,NA,NA,NA
2552409,"DeVante Parker","MIA","WR",27,5,NA,9.70875,8.4435,11.567,1.9113536869629,26,0.0126666666666662,3,3.1235,NA,NA,NA,6.64777138242825,NA,NA,NA
2552415,"Jamison Crowder","NYJ","WR",27,5,NA,9.699,8.3582,11.435,1.87468504021342,27,0.0666666666666664,3,3.0768,NA,NA,NA,6.56527390586053,NA,NA,NA
2556462,"Robby Anderson","CAR","WR",27,4,NA,9.69316666666667,7.41075,12.08875,2.44348617075413,28,0.138166666666667,3,4.678,NA,NA,NA,7.84496819780061,NA,NA,NA
2557917,"Kareem Hunt","CLE","RB",25,3,NA,9.68225,8.272,10.58075,1.38110248081017,21,0.771666666666667,7,2.30875,NA,NA,NA,7.0929490548303,NA,NA,NA
2543498,"Brandin Cooks","HOU","WR",27,6,NA,9.5715,8.45405,11.22575,1.69636125279965,29,0.0590000000000011,3,2.7717,NA,NA,NA,6.16407932199321,NA,NA,NA
2561018,"D.J. Chark","JAC","WR",24,2,NA,9.5385,7.4398,12.12,2.70509808817844,30,0.168625,3,4.6802,NA,NA,NA,8.43354522315419,NA,NA,NA
2543743,"Carlos Hyde","SEA","RB",29,6,NA,9.49933333333333,8.488,10.3276,1.10218157407127,22,1.21583333333333,7,1.8396,NA,NA,NA,6.15467538377282,NA,NA,NA
2560957,"Mark Andrews","BAL","TE",24,2,NA,9.49033333333333,8.115,11.4125,1.53966056865358,3,1.98285,2,3.2975,NA,NA,NA,7.83114550979456,NA,NA,NA
2563896,"Jerry Jeudy","DEN","WR",50,0,NA,9.4865,7.6973,11.7545,2.4291903315028,31,0.3185,3,4.0572,NA,NA,NA,7.81280528020755,NA,NA,NA
2543488,"Jarvis Landry","CLE","WR",28,6,NA,9.25325,7.4899,11.8624,2.7477522177227,32,0.372841666666666,3,4.3725,NA,NA,NA,8.5295088968789,NA,NA,NA
2532884,"Marvin Jones","DET","WR",30,8,NA,9.08275,7.4833,11.376,2.39714627213276,33,0.405966666666668,3,3.8927,NA,NA,NA,7.74071224511207,NA,NA,NA
2558149,"JuJu Smith-Schuster","PIT","WR",24,3,NA,8.67806666666667,7.0548,9.96666666666667,1.50478674015069,34,0.0188833333333314,3,2.91186666666667,NA,NA,NA,5.73307312816755,NA,NA,NA
2562492,"Jakobi Meyers","NE","WR",50,1,NA,8.6755,7.8215,9.3839,1.02612097240043,35,0.195500000000001,4,1.5624,NA,NA,NA,4.6561662483327,NA,NA,NA
2560813,"D.J. Moore","CAR","WR",23,2,NA,8.64286666666667,7.6544,9.194,0.950707911681255,36,0.350299999999999,4,1.5396,NA,NA,NA,4.48650121400283,NA,NA,NA
2564271,"Clyde Edwards-Helaire","KC","RB",50,0,NA,8.32183333333333,6.8566,9.5064,1.477552668736,23,0.383791666666665,8,2.6498,NA,NA,NA,7.41740186461581,NA,NA,NA
2540169,"Robert Woods","LAR","WR",28,7,NA,8.31713333333333,7.7622,8.65,0.51860007070317,37,0.187258333333334,4,0.8878,NA,NA,NA,3.51434080870167,NA,NA,NA
2564136,"Michael Pittman","IND","WR",50,0,NA,8.268,5.8875,11.7433,3.63014517616031,38,0.314291666666667,4,5.8558,NA,NA,NA,10.5147251201437,NA,NA,NA
2552469,"Melvin Gordon","DEN","RB",27,5,NA,8.24516666666667,7.2343,9.0691,1.0242841945042,24,0.727833333333335,8,1.8348,NA,NA,NA,5.89263313980229,NA,NA,NA
2562378,"T.J. Hockenson","DET","TE",50,1,NA,7.9948,5.3056,11.224,2.96597626423409,4,0.978966666666667,2,5.9184,NA,NA,NA,12.9565390424121,NA,NA,NA
2564850,"Jalen Reagor","PHI","WR",50,0,NA,7.99175,5.8704,10.8605,3.01749602319539,39,0.284916666666667,4,4.9901,NA,NA,NA,9.13638112271548,NA,NA,NA
2564433,"Henry Ruggs","LVR","WR",50,0,NA,7.91566666666667,5.3542,11.3702,4.22802558333477,40,0.423166666666667,4,6.016,NA,NA,NA,11.8598422502672,NA,NA,NA
2540156,"Giovani Bernard","CIN","RB",29,7,NA,7.63091666666667,7.4954,7.7625,0.150897408121471,25,0.227499999999999,8,0.2671,NA,NA,NA,2.95461090298395,NA,NA,NA
2562580,"Mecole Hardman","KC","WR",50,1,NA,7.498,5.3832,9.94,2.93478227471818,41,0.141249999999999,4,4.5568,NA,NA,NA,8.95029093036541,NA,NA,NA
2558066,"Curtis Samuel","CAR","WR",24,3,NA,7.487,6.67165,8.26975,0.892932528246116,42,0.351500000000001,5,1.5981,NA,NA,NA,4.35651759683541,NA,NA,NA
2564808,"Lamical Perine","NYJ","RB",50,0,NA,7.40375,6.168,8.6429,1.35156955055964,26,0.0485416666666669,8,2.4749,NA,NA,NA,6.99360199903866,NA,NA,NA
2564148,"Jonathan Taylor","IND","RB",50,0,NA,7.40308333333333,6.3027,8.163,1.13483441033875,27,0.120333333333335,8,1.8603,NA,NA,NA,6.26451762153595,NA,NA,NA
100007,"Browns","CLE","DST",NA,NA,NA,7.30866666666667,6.90666666666667,7.6,0.358915031727566,4,0.350333333333333,2,0.693333333333333,NA,NA,NA,3.33454796433326,NA,NA,NA
2557976,"Joe Mixon","CIN","RB",24,3,NA,7.30733333333333,6.5428,8.1828,1.05276318957937,28,0.0700416666666657,8,1.64,NA,NA,NA,5.98843481910138,NA,NA,NA
2557973,"Leonard Fournette","TB","RB",24,3,NA,7.25816666666667,6.4623,8.0255,0.848390043945983,29,0.148108333333333,8,1.5632,NA,NA,NA,5.30093547076994,NA,NA,NA
2508061,"Antonio Brown","FA","WR",32,10,NA,7.2265,6.0188,8.1842,1.27989413624721,43,0.192916666666666,5,2.1654,NA,NA,NA,5.22710756997458,NA,NA,NA
2560742,"Nyheim Hines","IND","RB",24,2,NA,7.21641666666667,5.6245,8.5072,1.66620767846562,30,0.277966666666667,8,2.8827,NA,NA,NA,8.0520263200285,NA,NA,NA
100019,"Dolphins","MIA","DST",NA,NA,NA,7.196,6.468,10.3,2.46679549213144,5,0.500333333333333,2,3.832,NA,NA,NA,10.1723527347127,NA,NA,NA
2562379,"Marquise Brown","BAL","WR",50,1,NA,7.0445,5.6855,8.3609,1.47873465052614,44,0.205291666666668,5,2.6754,NA,NA,NA,5.67446088463359,NA,NA,NA
2558052,"Kenny Golladay","DET","WR",27,3,NA,7.02266666666667,5.7524,8.114,1.52599355612445,45,0.451416666666666,5,2.3616,NA,NA,NA,5.78078442811881,NA,NA,NA
71265,"Jared Cook","NO","TE",33,11,NA,7.02016666666667,5.48675,9.06875,2.25914976632065,5,0.400666666666666,3,3.582,NA,NA,NA,10.4165936626386,NA,NA,NA
2543466,"Eric Ebron","PIT","TE",27,6,NA,7.0115,5.702,8.6775,1.76863605640052,6,1.035,3,2.9755,NA,NA,NA,8.65395737932846,NA,NA,NA
2562574,"Darrell Henderson","LAR","RB",50,1,NA,7.0037,5.647,7.826,1.37582418934979,31,0.305433333333333,8,2.179,NA,NA,NA,7.07519319004645,NA,NA,NA
2560711,"Chase Edmonds","ARI","RB",24,2,NA,6.8732,5.7244,7.52,1.13188833371495,32,0.464075000000001,9,1.7956,NA,NA,NA,6.25460719150994,NA,NA,NA
100031,"Buccaneers","TB","DST",NA,NA,NA,6.72066666666667,5.99,7.46266666666667,0.857018086156879,6,0.244083333333332,3,1.47266666666667,NA,NA,NA,4.95035659565609,NA,NA,NA
100032,"Redskins","WAS","DST",NA,NA,NA,6.67066666666667,5.976,7.14,0.65849322952733,7,0.462416666666668,3,1.164,NA,NA,NA,4.30635697746127,NA,NA,NA
2563848,"CeeDee Lamb","DAL","WR",50,0,NA,6.65575,5.207,7.8407,1.57761536820608,46,0.217375,5,2.6337,NA,NA,NA,5.89692368086198,NA,NA,NA
2556440,"J.D. McKissic","WAS","RB",27,4,NA,6.52333333333333,5.9094,7.2078,0.825743503355208,33,0.5045,9,1.2984,NA,NA,NA,5.22475382836352,NA,NA,NA
2557848,"Corey Davis","TEN","WR",25,3,NA,6.48675,5.7451,7.263,0.833607971411023,47,0.141250000000001,6,1.5179,NA,NA,NA,4.22304863435009,NA,NA,NA
2558904,"Phillip Walker","CAR","QB",25,3,NA,6.484,2.7288,10.2392,6.63831846177931,29,1.68433333333333,10,7.5104,NA,NA,NA,11.9986532088153,NA,NA,NA
2558985,"Tim Patrick","DEN","WR",27,3,NA,6.39,6.145,6.611,0.252850416913505,48,0.106624999999999,6,0.466000000000001,NA,NA,NA,2.91645466400219,NA,NA,NA
497322,"Emmanuel Sanders","NO","WR",33,10,NA,6.301,5.465,7.0322,0.880555127935403,49,0.199249999999999,6,1.5672,NA,NA,NA,4.32867080174972,NA,NA,NA
2539265,"Rex Burkhead","NE","RB",30,7,NA,6.29491666666667,5.7966,6.7553,0.533565392222713,34,0.606375,9,0.958699999999999,NA,NA,NA,4.2418836945318,NA,NA,NA
100026,"Cardinals","ARI","DST",NA,NA,NA,6.2825,5.889,6.57,0.404011138460315,8,0.1975,3,0.681,NA,NA,NA,3.48083632343862,NA,NA,NA
2560735,"Michael Gallup","DAL","WR",24,2,NA,6.26575,5.6265,6.915,0.692678917921813,50,0.444750000000001,6,1.2885,NA,NA,NA,3.90598508500865,NA,NA,NA
2555341,"Hunter Henry","LAC","TE",26,4,NA,6.2275,5.34375,6.815,0.827009673462167,7,0.513,3,1.47125,NA,NA,NA,5.27027045208751,NA,NA,NA
100022,"Saints","NO","DST",NA,NA,NA,6.134,5.504,6.72,0.598063541774618,9,0.106000000000001,3,1.216,NA,NA,NA,4.11032764138171,NA,NA,NA
100021,"Patriots","NE","DST",NA,NA,NA,6.036,5.32,6.632,0.747983957047209,10,0.0226666666666659,3,1.312,NA,NA,NA,4.59665812832582,NA,NA,NA
100016,"Chiefs","KC","DST",NA,NA,NA,6.02,5.76,8.66,1.95754948851875,11,0.0529166666666665,3,2.9,NA,NA,NA,8.520397219108,NA,NA,NA
100006,"Bengals","CIN","DST",NA,NA,NA,6.00666666666667,5.124,6.7,0.888994438177828,12,0.111583333333334,3,1.576,NA,NA,NA,5.05408546287387,NA,NA,NA
2552597,"Breshad Perriman","NYJ","WR",27,5,NA,5.93775,5.3975,6.3766,0.544890432411263,51,0.266958333333334,6,0.979099999999999,NA,NA,NA,3.5734891190767,NA,NA,NA
100025,"Eagles","PHI","DST",NA,NA,NA,5.9275,5.537,6.3,0.431692405925021,13,0.140166666666667,4,0.763,NA,NA,NA,3.57063226124244,NA,NA,NA
100014,"Colts","IND","DST",NA,NA,NA,5.86266666666667,4.808,7.02666666666667,1.24368270337199,14,0.161666666666667,4,2.21866666666667,NA,NA,NA,6.20466736602296,NA,NA,NA
2558204,"Jamaal Williams","GB","RB",NA,3,NA,5.74275,4.963,6.3259,0.798856422227006,35,0.336666666666667,10,1.3629,NA,NA,NA,5.13430725478417,NA,NA,NA
497240,"Rob Gronkowski","TB","TE",31,10,NA,5.7255,4.70625,6.72525,1.04922399896304,8,0.0565833333333332,3,2.019,NA,NA,NA,6.06878642600983,NA,NA,NA
100002,"Ravens","BAL","DST",NA,NA,NA,5.712,5.348,6.088,0.367314579073578,15,0.035333333333333,4,0.74,NA,NA,NA,3.36179546056964,NA,NA,NA
2552600,"Nelson Agholor","LVR","WR",27,5,NA,5.70425,5.0954,6.4465,0.810314085195776,52,0.0680833333333331,6,1.3511,NA,NA,NA,4.17064182355769,NA,NA,NA
2562383,"Noah Fant","DEN","TE",50,1,NA,5.7035,5.14375,6.175,0.580442072906505,9,0.126833333333333,3,1.03125,NA,NA,NA,4.38424221222671,NA,NA,NA
100017,"Rams","LAR","DST",NA,NA,NA,5.69,5.278,6.07,0.43096790290384,16,0.102083333333333,4,0.792000000000001,NA,NA,NA,3.5682820282442,NA,NA,NA
100012,"Titans","TEN","DST",NA,NA,NA,5.66333333333333,5.618,5.698,0.0550757054728614,17,0.189583333333333,4,0.0800000000000001,NA,NA,NA,2.34891617281543,NA,NA,NA
2560787,"Allen Lazard","GB","WR",25,2,NA,5.63733333333333,5.3,5.9576,0.412657646643478,53,0.00620833333333248,7,0.6576,NA,NA,NA,3.27599051707232,NA,NA,NA
2558194,"Josh Reynolds","LAR","WR",25,3,NA,5.635,5.1635,6.1445,0.551407290484992,54,0.00825000000000031,7,0.981,NA,NA,NA,3.58815080948228,NA,NA,NA
2560747,"Hayden Hurst","ATL","TE",27,2,NA,5.63433333333333,5.108,6,0.499656548707877,10,0.179233333333334,3,0.891999999999999,NA,NA,NA,4.09394350448638,NA,NA,NA
2541161,"Latavius Murray","NO","RB",30,7,NA,5.63433333333333,4.8451,6.3309,0.846224425183874,36,0.471083333333333,10,1.4858,NA,NA,NA,5.29365045549521,NA,NA,NA
2532865,"T.Y. Hilton","IND","WR",31,8,NA,5.62725,4.776,6.5323,0.985046657101412,55,0.0232499999999991,7,1.7563,NA,NA,NA,4.56375685599634,NA,NA,NA
2495448,"Randall Cobb","HOU","WR",30,9,NA,5.62625,4.48225,6.62225,1.22035257883395,56,0.0911249999999999,7,2.14,NA,NA,NA,5.09315039748699,NA,NA,NA
2564802,"Denzel Mims","NYJ","WR",50,0,NA,5.58175,3.792,7.0489,1.82484307544512,57,0.135875,7,3.2569,NA,NA,NA,6.45313897083949,NA,NA,NA
2558207,"Jonnu Smith","TEN","TE",25,3,NA,5.519,4.879,6.319,0.769291362228902,11,0.152200000000001,3,1.44,NA,NA,NA,5.06286261101472,NA,NA,NA
100030,"Seahawks","SEA","DST",NA,NA,NA,5.5125,5.084,5.891,0.445224662389675,18,0.113333333333333,4,0.807,NA,NA,NA,3.61452987761404,NA,NA,NA
2558954,"Taysom Hill","NO","QB",30,3,NA,5.502,3.4552,7.7992,2.76859747886904,30,2.13183333333333,10,4.344,NA,NA,NA,6.90756914555702,NA,NA,NA
2560907,"Marquez Valdes-Scantling","GB","WR",26,2,NA,5.4885,4.80565,6.17615,0.777658129685961,58,0.124000000000001,7,1.3705,NA,NA,NA,4.09717213860113,NA,NA,NA
100013,"Texans","HOU","DST",NA,NA,NA,5.435,4.728,6.05,0.740877857679659,19,0.078333333333334,4,1.322,NA,NA,NA,4.57360647949327,NA,NA,NA
2559153,"Keelan Cole","JAC","WR",27,3,NA,5.40325,4.4687,6.7576,1.44161191610872,59,0.0856249999999994,7,2.2889,NA,NA,NA,5.59094179723301,NA,NA,NA
2560995,"Dallas Goedert","PHI","TE",26,2,NA,5.3912,4.7576,6.094,0.665760617639704,12,0.209166666666667,3,1.3364,NA,NA,NA,4.69083010068846,NA,NA,NA
100001,"Falcons","ATL","DST",NA,NA,NA,5.36333333333333,4.568,5.984,0.962410168968166,20,0.0658333333333339,4,1.416,NA,NA,NA,5.29224054028413,NA,NA,NA
100010,"Lions","DET","DST",NA,NA,NA,5.35,4.072,6.288,1.5684705926475,21,0.109999999999999,4,2.216,NA,NA,NA,7.25825471140023,NA,NA,NA
2555415,"Austin Hooper","CLE","TE",NA,4,NA,5.3424,4.576,6.0232,0.724153851056528,13,0.386649999999999,3,1.4472,NA,NA,NA,4.90066324059611,NA,NA,NA
2556190,"Jakeem Grant","MIA","WR",28,4,NA,5.32575,4.61,6.0779,0.798391560159132,60,0.038125,7,1.4679,NA,NA,NA,4.14381841126875,NA,NA,NA
2495450,"A.J. Green","CIN","WR",32,9,NA,5.3095,4.451,6.1956,0.950186472926937,61,0.0866250000000006,7,1.7446,NA,NA,NA,4.48532807604359,NA,NA,NA
2555468,"Rashard Higgins","CLE","WR",26,4,NA,5.26575,4.562,5.7401,0.731199186268694,62,0.0971250000000001,7,1.1781,NA,NA,NA,3.9926483577779,NA,NA,NA
100004,"Panthers","CAR","DST",NA,NA,NA,5.245,4.134,6.08,1.14663275143643,22,0.0475000000000003,4,1.946,NA,NA,NA,5.88984466294473,NA,NA,NA
100009,"Broncos","DEN","DST",NA,NA,NA,5.235,4.766,5.5,0.516752681012236,23,0.238333333333334,5,0.734,NA,NA,NA,3.84656135954136,NA,NA,NA
2562712,"Hunter Renfrow","LVR","WR",50,1,NA,5.18,4.624,5.552,0.5939696961967,63,0.1865,7,0.928,NA,NA,NA,3.68390812204025,NA,NA,NA
2552382,"Malcolm Brown","LAR","RB",27,5,NA,5.17783333333333,4.7217,5.7117,0.544412323315497,37,0.0687083333333334,10,0.989999999999999,NA,NA,NA,4.27837213842482,NA,NA,NA
100011,"Packers","GB","DST",NA,NA,NA,5.16,4.53,5.542,0.681762421962373,24,0.413333333333334,5,1.012,NA,NA,NA,4.38184047760469,NA,NA,NA
2550256,"Willie Snead","BAL","WR",28,6,NA,5.15725,4.017,6.1397,1.21221158081692,64,0.342375,7,2.1227,NA,NA,NA,5.0748347013083,NA,NA,NA
2563548,"J.K. Dobbins","BAL","RB",50,0,NA,5.14866666666667,4.6511,5.7333,0.596944255726148,38,0.13175,10,1.0822,NA,NA,NA,4.45508649679605,NA,NA,NA
2559947,"Phillip Lindsay","DEN","RB",26,2,NA,5.06958333333333,3.9883,6.1008,1.16734657569112,39,0.106583333333333,10,2.1125,NA,NA,NA,6.37388665054084,NA,NA,NA
2560994,"Mike Gesicki","MIA","TE",25,2,NA,5.02166666666667,4.5,5.39,0.50484320998372,14,0.20135,4,0.89,NA,NA,NA,4.11258151025288,NA,NA,NA
2543773,"James White","NE","RB",28,6,NA,4.96425,4.5302,5.6417,0.72313778078593,40,0.0519999999999996,11,1.1115,NA,NA,NA,4.87959415886372,NA,NA,NA
2560933,"Jordan Wilkins","IND","RB",26,2,NA,4.96175,3.6595,6.0294,1.35264885194446,41,0.123083333333334,11,2.3699,NA,NA,NA,6.99723270598117,NA,NA,NA
2543767,"Logan Thomas","WAS","TE",29,6,NA,4.88983333333333,4.235,5.64,0.769693553738543,15,0.327333333333334,4,1.405,NA,NA,NA,5.06430786592481,NA,NA,NA
2540175,"LeVeon Bell","NYJ","RB",28,7,NA,4.86275,4.404,5.4409,0.586780694410896,42,0.0745416666666667,11,1.0369,NA,NA,NA,4.42089686899878,NA,NA,NA
100015,"Jaguars","JAC","DST",NA,NA,NA,4.83333333333333,4.54,5.18,0.416333199893226,25,0.186666666666667,5,0.64,NA,NA,NA,3.52080815866818,NA,NA,NA
2552652,"Chris Conley","JAC","WR",28,5,NA,4.82975,4.542,5.2537,0.45339487940058,65,0.0756250000000005,8,0.7117,NA,NA,NA,3.36764153784146,NA,NA,NA
2555223,"Devontae Booker","LVR","RB",28,4,NA,4.81458333333333,4.2471,5.2184,0.591902793258037,43,0.139500000000001,11,0.9713,NA,NA,NA,4.43812731093666,NA,NA,NA
2559278,"Greg Ward","PHI","WR",50,3,NA,4.8,4.112,5.488,1.21622366364086,66,0.118875,8,1.376,NA,NA,NA,5.08386112409987,NA,NA,NA
2495466,"Mark Ingram","BAL","RB",31,9,NA,4.76183333333333,3.53,5.6646,1.28382947119589,44,0.282375,11,2.1346,NA,NA,NA,6.76572832084982,NA,NA,NA
2555364,"Tyler Higbee","LAR","TE",27,4,NA,4.7508,3.6896,5.896,1.1835722200187,16,0.4306,4,2.2064,NA,NA,NA,6.55155998410147,NA,NA,NA
2558877,"Zach Pascal","IND","WR",26,3,NA,4.70825,3.7115,5.3184,1.0612864442113,67,0.130249999999999,8,1.6069,NA,NA,NA,4.73528186736633,NA,NA,NA
100008,"Cowboys","DAL","DST",NA,NA,NA,4.66,3.808,5.296,1.04096109437385,26,0.643333333333334,5,1.488,NA,NA,NA,5.54705380059292,NA,NA,NA
2543457,"Sammy Watkins","KC","WR",27,6,NA,4.654,2.21225,6.14795,2.61518192483812,68,0.164124999999999,8,3.9357,NA,NA,NA,8.23125096809463,NA,NA,NA
100024,"Jets","NYJ","DST",NA,NA,NA,4.63333333333333,4.1,5.06,0.642910050732864,27,1.23333333333333,6,0.960000000000001,NA,NA,NA,4.25580632418653,NA,NA,NA
2507164,"Adrian Peterson","DET","RB",35,13,NA,4.58833333333333,3.2164,5.5924,1.43484548142145,45,0.224541666666667,11,2.376,NA,NA,NA,7.27373737603132,NA,NA,NA
2558856,"David Moore","SEA","WR",25,3,NA,4.502,3.8215,5.0669,0.693358493133242,69,0.0927916666666668,8,1.2454,NA,NA,NA,3.90751399990055,NA,NA,NA
2649,"Danny Amendola","DET","WR",35,12,NA,4.47775,4.1915,4.7744,0.329223455017004,70,0.210541666666666,8,0.582900000000001,NA,NA,NA,3.08827946474804,NA,NA,NA
2559270,"Robert Tonyan","GB","TE",26,3,NA,4.3742,3.9866,4.592,0.379536822982962,17,0.1731,5,0.6054,NA,NA,NA,3.66229932691901,NA,NA,NA
2564319,"Cam Akers","LAR","RB",50,0,NA,4.37058333333333,3.7609,4.7982,0.630525728614181,46,0.0325833333333332,11,1.0373,NA,NA,NA,4.56805261401747,NA,NA,NA
2561324,"Gus Edwards","BAL","RB",25,2,NA,4.357,3.4476,5.0568,0.949540941718681,47,0.133500000000001,11,1.6092,NA,NA,NA,5.64120119446055,NA,NA,NA
2562659,"N'Keal Harry","NE","WR",50,1,NA,4.34066666666667,3.959,4.8286,0.590191776741538,71,0.188791666666667,8,0.869599999999999,NA,NA,NA,3.67540852226346,NA,NA,NA
2565054,"Joshua Kelley","LAC","RB",50,0,NA,4.319,2.9048,5.534,1.48781853732234,48,0.276291666666666,11,2.6292,NA,NA,NA,7.45193564810919,NA,NA,NA
2560866,"Dalton Schultz","DAL","TE",24,2,NA,4.2662,3.73,4.8344,0.597262253955497,18,0.581399999999999,5,1.1044,NA,NA,NA,4.44468468469832,NA,NA,NA
2561061,"Russell Gage","ATL","WR",24,2,NA,4.19375,3.7155,4.697,0.572689197267302,72,0.102875,9,0.9815,NA,NA,NA,3.63603104946182,NA,NA,NA
2550284,"Trey Burton","IND","TE",29,6,NA,4.136,3.793,4.6174,0.502529601118183,19,0.93895,5,0.824400000000001,NA,NA,NA,4.10426767345422,NA,NA,NA
2565144,"DeeJay Dallas","SEA","RB",50,0,NA,4.128,3.344,4.8844,0.82690950734245,49,0.205708333333333,12,1.5404,NA,NA,NA,5.22867619780642,NA,NA,NA
2506106,"Larry Fitzgerald","ARI","WR",37,16,NA,4.11,3.2255,4.9225,0.961084456920063,73,0.17275,9,1.697,NA,NA,NA,4.50984646597084,NA,NA,NA
2549982,"Garrett Gilbert","FA","QB",29,6,NA,4.09733333333333,-0.00960000000000004,9.6224,6.75776896122776,31,1.74083333333333,10,9.632,NA,NA,NA,12.1558047287248,NA,NA,NA
2563890,"KJ Hamler","DEN","WR",50,0,NA,4.07175,3.608,4.6897,0.621661952618409,74,0.28775,9,1.0817,NA,NA,NA,3.74621042871836,NA,NA,NA
2562699,"Tony Pollard","DAL","RB",NA,1,NA,3.95741666666667,3.1624,4.42316666666667,0.87233022862777,50,0.132708333333333,12,1.26076666666667,NA,NA,NA,5.38146885648779,NA,NA,NA
2558918,"Matt Breida","MIA","RB",25,3,NA,3.88716666666667,2.9355,4.7819,1.16056455371226,51,0.157291666666667,12,1.8464,NA,NA,NA,6.35107232395021,NA,NA,NA
2553499,"Damiere Byrd","NE","WR",NA,NA,NA,3.80275,3.458,4.1413,0.370751826248593,75,0.0418750000000001,9,0.6833,NA,NA,NA,3.18171039651872,NA,NA,NA
2533039,"Alshon Jeffery","PHI","WR",30,8,NA,3.76525,1.561,6.1033,2.45161108593241,76,0.127375,9,4.5423,NA,NA,NA,7.86324771065295,NA,NA,NA
2558112,"Brian Hill","ATL","RB",25,3,NA,3.76225,3.2365,4.3278,0.598164066122331,52,0.085541666666666,12,1.0913,NA,NA,NA,4.45918986786207,NA,NA,NA
2555478,"Demarcus Robinson","KC","WR",NA,4,NA,3.7565,3.094,4.6338,0.93208493890489,77,0.245625,9,1.5398,NA,NA,NA,4.44460306949982,NA,NA,NA
2562682,"Alexander Mattison","MIN","RB",NA,1,NA,3.6975,2.6003,4.6523,1.16785801077585,53,0.119041666666666,12,2.052,NA,NA,NA,6.37560708835267,NA,NA,NA
2506404,"Frank Gore","NYJ","RB",37,15,NA,3.65591666666667,3.3567,4.0464,0.408020730682482,54,0.194666666666667,12,0.6897,NA,NA,NA,3.81955877151951,NA,NA,NA
2560920,"James Washington","PIT","WR",24,2,NA,3.51925,1.622,5.4051,2.05237803129281,79,0.208,9,3.7831,NA,NA,NA,6.96504931802592,NA,NA,NA
2557034,"Marvin Hall","DET","WR",27,4,NA,3.5025,2.839,4.1924,0.749960221167319,80,0.395,10,1.3534,NA,NA,NA,4.0348571157806,NA,NA,NA
2561146,"Boston Scott","PHI","RB",25,2,NA,3.501,3.0153,4.1151,0.618014562935211,55,0.3745,12,1.0998,NA,NA,NA,4.52596578199019,NA,NA,NA
2560765,"Kerryon Johnson","DET","RB",23,2,NA,3.4215,1.53,5.361,2.16545368610522,56,0.6075,12,3.831,NA,NA,NA,9.731460787045,NA,NA,NA
100018,"Raiders","LVR","DST",NA,NA,NA,3.4,3.4,3.4,NA,28,NA,6,0,NA,NA,NA,NA,NA,NA,NA
2540928,"Darren Fells","HOU","TE",34,8,NA,3.2336,3.02,3.4968,0.251166876797081,20,0.081725,6,0.4768,NA,NA,NA,3.20100839812796,NA,NA,NA
2495700,"Greg Olsen","SEA","TE",35,13,NA,3.1605,2.408,3.8766,0.789346354059273,21,0.0289999999999999,6,1.4686,NA,NA,NA,5.1349292129196,NA,NA,NA
2540148,"Tyler Eifert","JAC","TE",30,7,NA,3.14325,2.566,3.7031,0.620748674317285,22,0.0451250000000001,6,1.1371,NA,NA,NA,4.52908195200713,NA,NA,NA
2562865,"Scott Miller","TB","WR",50,1,NA,3.12,2.52,3.72,1.06066017177982,81,0.0825,10,1.2,NA,NA,NA,4.73387287358496,NA,NA,NA
2495438,"Kyle Rudolph","MIN","TE",31,9,NA,3.11975,2.322,3.7337,0.801914532021129,23,0.109375,6,1.4117,NA,NA,NA,5.18009232669734,NA,NA,NA
2561067,"Cam Sims","FA","WR",50,2,NA,3.095,2.315,3.875,1.37885822331377,82,0.19,10,1.56,NA,NA,NA,5.44975793145636,NA,NA,NA
2560951,"Jordan Akins","HOU","TE",28,2,NA,3.0765,2.3838,3.748,0.77766895270417,25,0.162375,6,1.3642,NA,NA,NA,5.09296705996238,NA,NA,NA
2562631,"Miles Boykin","BAL","WR",50,1,NA,2.98,2.788,3.1,0.201990098767242,83,0.16,10,0.312,NA,NA,NA,2.80202862768936,NA,NA,NA
2557889,"Gerald Everett","LAR","TE",26,3,NA,2.94425,2.2221,3.585,0.741798883345974,26,0.073916666666666,6,1.3629,NA,NA,NA,4.96406977440863,NA,NA,NA
2558942,"Anthony Firkser","TEN","TE",50,2,NA,2.884,2.7404,3.0204,0.175692913915161,27,0.0329166666666669,7,0.28,NA,NA,NA,2.92979651815312,NA,NA,NA
2562720,"Drew Sample","CIN","TE",NA,1,NA,2.85666666666667,2.81,2.906,0.0602771377334169,28,0.0736666666666665,7,0.0959999999999996,NA,NA,NA,2.51505574608078,NA,NA,NA
2562738,"Irv Smith Jr.","MIN","TE",50,1,NA,2.8455,1.5436,4.389,1.56628786200579,29,0.236583333333333,7,2.8454,NA,NA,NA,7.92682934582146,NA,NA,NA
2558138,"Samaje Perine","CIN","RB",25,3,NA,2.8315,2.6167,3.0463,0.379716341497176,57,0.0460000000000007,13,0.4296,NA,NA,NA,3.72434445625559,NA,NA,NA
2560878,"Tre'Quan Smith","NO","WR",NA,2,NA,2.83,1.8805,4.1455,1.32827582476934,84,0.047499999999999,10,2.265,NA,NA,NA,5.33595716135519,NA,NA,NA
2563803,"Donovan Peoples-Jones","CLE","WR",50,0,NA,2.81,2.81,2.81,NA,85,0.1315,10,0,NA,NA,NA,NA,NA,NA,NA
2562743,"Benny Snell","PIT","RB",50,1,NA,2.7965,2.4085,3.2593,0.491608584139862,58,0.0410833333333329,13,0.8508,NA,NA,NA,4.1007434379407,NA,NA,NA
2560809,"Sony Michel","NE","RB",25,2,NA,2.7745,2.0902,3.7322,1.18472285788702,59,0.284291666666667,13,1.642,NA,NA,NA,6.43233945092754,NA,NA,NA
2564232,"Laviska Shenault","JAC","WR",50,0,NA,2.755,2.1726,3.3374,1.02954747340761,86,0.154,10,1.1648,NA,NA,NA,4.66387522348198,NA,NA,NA
2555464,"DeAndre Washington","FA","RB",27,4,NA,2.73633333333333,2.558,2.9252,0.230630295783822,60,0.553291666666667,13,0.3672,NA,NA,NA,3.22282768918922,NA,NA,NA
2558954,"Taysom Hill","NO","TE",30,3,NA,2.7205,2.6473,2.7937,0.129400540957138,30,0.257083333333334,7,0.1464,NA,NA,NA,2.76344721013965,NA,NA,NA
2562718,"Brett Rypien","FA","QB",NA,1,NA,2.643,0.888600000000001,4.3974,3.1013703422842,32,0.702333333333333,10,3.5088,NA,NA,NA,7.34537193007292,NA,NA,NA
2530700,"Dontrelle Inman","WAS","WR",31,7,NA,2.602,1.0488,3.716,1.91913834832198,88,0.0455000000000005,11,2.6672,NA,NA,NA,6.66528538894301,NA,NA,NA
2560975,"Braxton Berrios","NYJ","WR",25,2,NA,2.6,2.544,2.656,0.0989949493661164,89,0.123,11,0.111999999999999,NA,NA,NA,2.57030914312919,NA,NA,NA
2553895,"Adam Humphries","TEN","WR",NA,NA,NA,2.513,2.1212,2.802,0.480194752157914,90,0.0818749999999997,11,0.6808,NA,NA,NA,3.42793615110933,NA,NA,NA
2540232,"Jack Doyle","IND","TE",30,7,NA,2.49733333333333,2.316,2.7256,0.275429361785074,31,0.129333333333333,8,0.4096,NA,NA,NA,3.28819441453934,NA,NA,NA
2540202,"Kenny Stills","HOU","WR",28,7,NA,2.441,2.3564,2.538,0.116631899581547,91,0.0865416666666667,11,0.1816,NA,NA,NA,2.60998892452565,NA,NA,NA
2560894,"Ian Thomas","CAR","TE",24,2,NA,2.4295,1.57,3.3646,1.01135602040033,32,0.146625,8,1.7946,NA,NA,NA,5.9327097544707,NA,NA,NA
2562669,"Andy Isabella","ARI","WR",NA,1,NA,2.42125,1.5055,3.339,0.983074471577137,92,0.142416666666666,11,1.8335,NA,NA,NA,4.55931981390456,NA,NA,NA
2558832,"Mo Alie-Cox","IND","TE",27,4,NA,2.3065,1.53,3.0682,0.874548836067299,33,0.0492083333333331,8,1.5382,NA,NA,NA,5.4411000358307,NA,NA,NA
2561002,"DaeSean Hamilton","DEN","WR",25,2,NA,2.28766666666667,1.9346,2.6146,0.42874973275016,93,0.0426666666666669,11,0.68,NA,NA,NA,3.31219464823597,NA,NA,NA
2565195,"Freddie Swain","SEA","WR",50,0,NA,2.27,2.27,2.27,NA,94,0.0531250000000005,11,0,NA,NA,NA,NA,NA,NA,NA
2559385,"Dan Arnold","ARI","TE",50,3,NA,2.25925,1.66,2.8271,0.65114431324144,34,0.0280833333333335,8,1.1671,NA,NA,NA,4.63830714783464,NA,NA,NA
2550313,"Richard Rodgers","FA","TE",28,6,NA,2.25533333333333,1.7188,2.666,0.651709546756324,35,0.0608333333333335,8,0.9472,NA,NA,NA,4.64033828596948,NA,NA,NA
2557994,"DOnta Foreman","FA","RB",24,3,NA,2.24408333333333,1.5307,2.78913333333333,0.71706688437458,62,0.198083333333333,13,1.25843333333333,NA,NA,NA,4.85917201722835,NA,NA,NA
2562932,"Tyron Johnson","FA","WR",50,1,NA,2.22,1.556,2.884,1.17379725676967,95,0.0246249999999999,11,1.328,NA,NA,NA,4.98840978305035,NA,NA,NA
2563551,"Devin Duvernay","BAL","WR",50,0,NA,2.21375,1.294,3.0681,0.97089730833561,96,0.0560833333333335,11,1.7741,NA,NA,NA,4.53192351411629,NA,NA,NA
2560880,"Durham Smythe","MIA","TE",NA,2,NA,2.207,2.112,2.3208,0.1367004023403,36,0.0533333333333328,9,0.2088,NA,NA,NA,2.78967889393742,NA,NA,NA
2558956,"Jacob Hollister","SEA","TE",27,3,NA,2.182,1.492,2.9048,0.885851003273124,37,0.0693333333333337,9,1.4128,NA,NA,NA,5.481713803793,NA,NA,NA
2560936,"Cedrick Wilson","DAL","WR",NA,2,NA,2.177,1.54705,2.62795,0.646285153782756,97,0.0407083333333333,11,1.0809,NA,NA,NA,3.80160794515675,NA,NA,NA
2558262,"Mack Hollins","MIA","WR",27,3,NA,2.13833333333333,1.695,2.463,0.544433956815088,98,0.101208333333334,11,0.768,NA,NA,NA,3.57246213585977,NA,NA,NA
2560890,"Auden Tate","CIN","WR",23,2,NA,2.13425,1.3611,2.79,0.794211716105976,99,0.262125,11,1.4289,NA,NA,NA,4.13441455763903,NA,NA,NA
2550656,"Cameron Brate","TB","TE",29,6,NA,2.12533333333333,1.5308,2.79,0.801514399953821,38,0.0916666666666672,9,1.2592,NA,NA,NA,5.17865447228942,NA,NA,NA
2556466,"Peyton Barber","WAS","RB",26,4,NA,2.122,1.9442,2.2922,0.218121525760297,63,0.190583333333334,14,0.348,NA,NA,NA,3.18074891600721,NA,NA,NA
2563767,"Harrison Bryant","CLE","TE",50,0,NA,2.1,1.38,2.82,1.27279220613579,39,0.1625,9,1.44,NA,NA,NA,6.87216750545292,NA,NA,NA
2555262,"Jeff Driskel","DEN","QB",27,4,NA,2.07,0.414,3.726,2.92742207411231,33,0.280333333333334,10,3.312,NA,NA,NA,7.11652203111838,NA,NA,NA
2555417,"C.J. Prosise","FA","RB",26,4,NA,1.97,1.938,2.002,0.056568542494924,64,0.0852500000000003,14,0.0640000000000001,NA,NA,NA,2.63729409775443,NA,NA,NA
2541316,"Ryan Griffin","NYJ","TE",30,7,NA,1.96733333333333,1.8956,2.062,0.115244667266357,40,0.0710000000000002,10,0.1664,NA,NA,NA,2.71257879181676,NA,NA,NA
2562844,"Jalen Guyton","LAC","WR",NA,1,NA,1.94,1.94,1.94,NA,101,0.206625,11,0,NA,NA,NA,NA,NA,NA,NA
2552468,"Maxx Williams","ARI","TE",26,5,NA,1.90766666666667,1.7926,2.0486,0.169517943986273,42,0.0298333333333332,10,0.256,NA,NA,NA,2.90760707507562,NA,NA,NA
2560935,"Darrel Williams","KC","RB",NA,2,NA,1.89283333333333,1.0301,2.7897,1.01080314601806,65,0.112,14,1.7596,NA,NA,NA,5.84728367854933,NA,NA,NA
2558144,"Adam Shaheen","MIA","TE",26,3,NA,1.885,1.18,2.616,0.899263587609328,43,0.0171666666666668,10,1.436,NA,NA,NA,5.52991124929926,NA,NA,NA
2562409,"Devine Ozigbo","JAC","RB",50,1,NA,1.87666666666667,1.55,2.142,0.393107279674815,66,0.201916666666667,14,0.592,NA,NA,NA,3.76939079168357,NA,NA,NA
2553318,"James OShaughnessy","JAC","TE",NA,NA,NA,1.87066666666667,1.5204,2.1364,0.426287852669219,44,0.00704166666666661,10,0.616,NA,NA,NA,3.83029679475843,NA,NA,NA
2562317,"Foster Moreau","LVR","TE",50,1,NA,1.865,1.837,1.893,0.0494974746830584,45,0.00575000000000014,11,0.0560000000000003,NA,NA,NA,2.4763195704548,NA,NA,NA
2560738,"Chris Herndon","NYJ","TE",NA,2,NA,1.86225,1.5097,2.081,0.376740737554798,46,0.0536249999999998,11,0.5713,NA,NA,NA,3.65225173492057,NA,NA,NA
2561046,"Will Dissly","SEA","TE",NA,2,NA,1.85625,1.3165,2.429,0.601738799923466,47,0.20875,11,1.1125,NA,NA,NA,4.46077092691229,NA,NA,NA
2562660,"Dwayne Haskins","WAS","QB",50,1,NA,1.81133333333333,0.0587999999999999,4.0028,2.64184222339892,34,0.0793333333333333,11,3.944,NA,NA,NA,6.74080733923866,NA,NA,NA
2556855,"Marcus Johnson","FA","WR",26,4,NA,1.80425,1.1651,2.424,0.695321688141539,102,0.142166666666667,11,1.2589,NA,NA,NA,3.91193081504241,NA,NA,NA
2506581,"Ryan Fitzpatrick","MIA","QB",38,15,NA,1.768,0.1448,3.7608,2.39748451506991,35,0.126,11,3.616,NA,NA,NA,6.41932534089765,NA,NA,NA
2495288,"Virgil Green","LAC","TE",32,9,NA,1.761,0.1538,3.3682,2.84115504680755,48,0.244166666666666,11,3.2144,NA,NA,NA,12.5080002914794,NA,NA,NA
2564832,"Jalen Hurts","PHI","QB",50,0,NA,1.696,1.5392,1.8528,0.277185858225127,36,0.5495,11,0.3136,NA,NA,NA,3.62981706655894,NA,NA,NA
2564640,"J.J. Taylor","NE","RB",50,0,NA,1.685,1.657,1.713,0.0494974746830584,67,0.0819166666666669,15,0.056,NA,NA,NA,2.61350743783099,NA,NA,NA
2557531,"Troymaine Pope","FA","RB",27,4,NA,1.6645,1.2562,2.024,0.431867649479174,68,0.126666666666666,15,0.7678,NA,NA,NA,3.89977841623667,NA,NA,NA
2556661,"Kalif Raymond","TEN","WR",26,4,NA,1.6625,1.06,2.053,0.63778915011154,104,0.0156666666666667,11,0.993,NA,NA,NA,3.78249355381927,NA,NA,NA
2564418,"Bryan Edwards","LVR","WR",50,0,NA,1.66166666666667,1.169,2.113,0.596748132241177,105,0.0609166666666667,11,0.944,NA,NA,NA,3.69015907436036,NA,NA,NA
2561653,"KhaDarel Hodge","CLE","WR",50,2,NA,1.632,0.9602,2.1802,0.808094672671464,106,0.0722499999999999,11,1.22,NA,NA,NA,4.165648567767,NA,NA,NA
2560860,"Mason Rudolph","PIT","QB",25,2,NA,1.588,0.8504,2.3256,1.30390490450799,37,0.896,11,1.4752,NA,NA,NA,4.98058964087599,NA,NA,NA
2560988,"Antonio Callaway","FA","WR",23,2,NA,1.5695,1.5379,1.6011,0.0558614357137372,107,0.03725,11,0.0632000000000001,NA,NA,NA,2.47326694639551,NA,NA,NA
2563926,"Quintez Cephus","DET","WR",50,0,NA,1.55,1.51,1.59,0.0707106781186548,108,0.0444166666666665,11,0.0800000000000001,NA,NA,NA,2.50667491576284,NA,NA,NA
2557977,"Jeremy McNichols","FA","RB",25,3,NA,1.54166666666667,1.3324,1.764,0.235257778239578,69,0.0371666666666666,15,0.4316,NA,NA,NA,3.23839427041929,NA,NA,NA
2557986,"David Njoku","CLE","TE",24,3,NA,1.534,1.0184,2.0984,0.683218852198913,50,0.0549999999999999,11,1.08,NA,NA,NA,4.75356538627632,NA,NA,NA
2560733,"Royce Freeman","DEN","RB",24,2,NA,1.534,1.34,1.7336,0.246298599265201,70,0.0802499999999999,15,0.3936,NA,NA,NA,3.27553494874391,NA,NA,NA
2556381,"Mike Thomas","CIN","WR",26,4,NA,1.5145,1.3581,1.6709,0.27647875144394,109,0.0548333333333335,11,0.3128,NA,NA,NA,2.96961391985301,NA,NA,NA
2505629,"Jason Witten","LVR","TE",38,17,NA,1.49966666666667,1.2952,1.664,0.246333784392912,51,0.0854999999999999,12,0.3688,NA,NA,NA,3.18364092427373,NA,NA,NA
2562465,"Olabisi Johnson","MIN","WR",50,1,NA,1.49666666666667,1.182,1.726,0.386953916291505,110,0.075333333333333,11,0.544,NA,NA,NA,3.21816201560341,NA,NA,NA
2562293,"Ty Johnson","DET","RB",NA,1,NA,1.475,1.415,1.535,0.106066017177982,71,0.0518333333333332,16,0.12,NA,NA,NA,2.8038007172185,NA,NA,NA
2552633,"Jesse James","DET","TE",26,5,NA,1.45833333333333,1.08,1.884,0.512843380900381,53,0.0933333333333335,12,0.804,NA,NA,NA,4.14132972104741,NA,NA,NA
2559150,"Corey Clement","PHI","RB",NA,3,NA,1.4325,1.0985,1.7665,0.590434162290767,72,0.0275416666666666,16,0.668,NA,NA,NA,4.43318692197407,NA,NA,NA
2558071,"Isaiah Ford","MIA","WR",24,3,NA,1.42266666666667,0.7504,2.216,0.952765098717062,111,0.0173333333333332,11,1.4656,NA,NA,NA,4.49112949331844,NA,NA,NA
2560844,"Byron Pringle","KC","WR",50,2,NA,1.42,1.068,1.772,0.622253967444162,112,0.035666666666667,11,0.704,NA,NA,NA,3.74754234940659,NA,NA,NA
2556885,"Jalen Richard","LVR","RB",27,4,NA,1.41383333333333,0.7873,1.77143333333333,0.690048871055119,73,0.0232916666666669,16,0.984133333333334,NA,NA,NA,4.76828499539008,NA,NA,NA
2564994,"Anthony McFarland","PIT","RB",50,0,NA,1.39608333333333,0.6075,2.151,0.84716574857318,74,0.0488333333333333,16,1.5435,NA,NA,NA,5.29681701250402,NA,NA,NA
2561482,"Chad Beebe","MIN","WR",50,2,NA,1.39066666666667,0.6514,2.0474,0.890610090518479,113,0.0571666666666668,11,1.396,NA,NA,NA,4.35129255394456,NA,NA,NA
2560949,"Josh Adams","FA","RB",24,2,NA,1.385,1.381,1.389,0.00707106781186548,76,0.0769166666666665,17,0.00799999999999979,NA,NA,NA,2.47078747829035,NA,NA,NA
2561521,"Cameron Batson","FA","WR",50,2,NA,1.378,1.2676,1.4884,0.195161471607487,114,0.1095,11,0.2208,NA,NA,NA,2.78666551617476,NA,NA,NA
2560751,"Ryan Izzo","NE","TE",25,2,NA,1.37,0.802,1.938,1.0040916292849,55,0.0375000000000001,12,1.136,NA,NA,NA,5.90660553129148,NA,NA,NA
2562744,"Jace Sternberger","GB","TE",NA,1,NA,1.36,0.94,1.724,0.504777178564959,56,0.0758333333333332,12,0.784,NA,NA,NA,4.11234422967908,NA,NA,NA
2564043,"Darrynton Evans","TEN","RB",50,0,NA,1.3095,0.3091,2.3099,1.76847405974756,77,0.0210000000000001,17,2.0008,NA,NA,NA,8.39604446521901,NA,NA,NA
2561344,"Buddy Howell","HOU","RB",50,2,NA,1.30666666666667,0.8672,1.7328,0.541769631239454,78,0.0797083333333335,17,0.8656,NA,NA,NA,4.26948227633218,NA,NA,NA
2559018,"Pharaoh Brown","FA","TE",50,3,NA,1.305,0.981,1.629,0.572756492761104,58,0.0963333333333334,12,0.648,NA,NA,NA,4.35662446750602,NA,NA,NA
497278,"Dez Bryant","FA","WR",32,10,NA,1.289,1.1602,1.4178,0.227688383542068,115,0.0473333333333334,11,0.2576,NA,NA,NA,2.85984487764606,NA,NA,NA
2555234,"Tyler Ervin","GB","RB",27,4,NA,1.27033333333333,1.0392,1.5056,0.291637331858137,79,0.121041666666666,17,0.4664,NA,NA,NA,3.42805180224349,NA,NA,NA
2541834,"Josh Hill","NO","TE",30,7,NA,1.26333333333333,0.828,1.684,0.535941539100426,63,0.111333333333333,12,0.856,NA,NA,NA,4.22433178785542,NA,NA,NA
2565225,"Tyler Johnson","TB","WR",50,0,NA,1.248,0.6718,2.0038,0.918834587942792,116,0.0283333333333333,11,1.332,NA,NA,NA,4.41479230158471,NA,NA,NA
2557863,"Zay Jones","LVR","WR",25,3,NA,1.23533333333333,0.846,1.5148,0.480942130961027,117,0.0497500000000002,11,0.6688,NA,NA,NA,3.42961761117843,NA,NA,NA
2558821,"Jamal Agnew","DET","WR",NA,3,NA,1.204,0.9724,1.5244,0.394953161779976,118,0.0542499999999999,11,0.552,NA,NA,NA,3.23615879557059,NA,NA,NA
2561137,"Trenton Cannon","CAR","RB",NA,2,NA,1.18358333333333,0.968533333333333,1.3495,0.221349961724766,80,0.0721666666666665,18,0.380966666666666,NA,NA,NA,3.19160918639559,NA,NA,NA
2560801,"Ray-Ray McCloud","PIT","WR",NA,2,NA,1.16716666666667,1.0115,1.3827,0.265751920657845,119,0.1525,11,0.3712,NA,NA,NA,2.94548059206844,NA,NA,NA
2495888,"Marcedes Lewis","GB","TE",36,14,NA,1.154,0.7176,1.612,0.560952760934466,64,0.0440000000000003,12,0.8944,NA,NA,NA,4.31420835236933,NA,NA,NA
2561027,"Tyler Conklin","MIN","TE",NA,2,NA,1.15,0.474,1.658,0.824560488987921,65,0.107666666666666,12,1.184,NA,NA,NA,5.26146943117511,NA,NA,NA
2564358,"Van Jefferson","LAR","WR",50,0,NA,1.13233333333333,1.0676,1.198,0.081525047275873,120,0.237166666666667,11,0.1304,NA,NA,NA,2.53100518822251,NA,NA,NA
2563986,"AJ Dillon","GB","RB",50,0,NA,1.115,1.103,1.127,0.0212132034355964,81,0.0325833333333336,18,0.0239999999999998,NA,NA,NA,2.51836079813723,NA,NA,NA
2565258,"Ke'Shawn Vaughn","TB","RB",50,0,NA,1.10783333333333,0.368,1.6588,0.904462040847118,83,0.0548333333333335,18,1.2908,NA,NA,NA,5.48955839972522,NA,NA,NA
2562654,"Zach Gentry","PIT","TE",50,1,NA,1.07,0.614,1.526,0.806101730552664,68,0.0706666666666667,12,0.912,NA,NA,NA,5.19513881348832,NA,NA,NA
2560862,"Jaylen Samuels","PIT","RB",24,2,NA,1.057,0.9744,1.1304,0.0995138181359755,84,0.00966666666666649,18,0.156,NA,NA,NA,2.78175950159031,NA,NA,NA
2561099,"Mike Boone","MIN","RB",50,2,NA,1.049,0.6612,1.4508,0.494429974819488,85,0.0261666666666669,18,0.7896,NA,NA,NA,4.11023443171886,NA,NA,NA
2561461,"Dontrell Hilliard","FA","RB",50,2,NA,1.04566666666667,0.5302,1.6038,0.677328822163455,86,0.0470833333333334,18,1.0736,NA,NA,NA,4.72549549241178,NA,NA,NA
2552478,"Blake Bell","DAL","TE",29,5,NA,1.01466666666667,0.8952,1.132,0.148072054532019,69,0.0415000000000001,13,0.2368,NA,NA,NA,2.83054235269287,NA,NA,NA
2563680,"Rodney Smith","FA","RB",50,0,NA,1,1,1,NA,88,0.00649999999999995,18,0,NA,NA,NA,NA,NA,NA,NA
2559362,"Dare Ogunbowale","FA","RB",NA,3,NA,0.997166666666667,0.6852,1.268,0.374978777177234,89,0.01475,18,0.5828,NA,NA,NA,3.70840756605143,NA,NA,NA
2559924,"Ito Smith","ATL","RB",25,2,NA,0.989833333333333,0.9269,1.0509,0.0776053048014974,90,0.05375,19,0.124,NA,NA,NA,2.70806053985204,NA,NA,NA
2558929,"Cethan Carter","CIN","TE",27,3,NA,0.984,0.7456,1.264,0.336285592911739,70,0.0346666666666666,13,0.5184,NA,NA,NA,3.50687821252499,NA,NA,NA
2552374,"Ameer Abdullah","MIN","RB",27,5,NA,0.975,0.636,1.256,0.407338925220755,91,0.113916666666667,19,0.62,NA,NA,NA,3.81726521769093,NA,NA,NA
2557886,"Jeremy Sprinkle","WAS","TE",26,3,NA,0.962333333333333,0.3456,1.508,0.742614525398833,71,0.0595,13,1.1624,NA,NA,NA,4.96700074299826,NA,NA,NA
2555289,"Nick Vannett","DEN","TE",NA,4,NA,0.936333333333333,0.768,1.0952,0.205524532193442,73,0.1115,13,0.3272,NA,NA,NA,3.03699493422944,NA,NA,NA
2562407,"Justice Hill","BAL","RB",50,1,NA,0.897166666666667,0.8269,0.9861,0.107394521896293,92,0.120916666666667,19,0.1592,NA,NA,NA,2.80826972964801,NA,NA,NA
2558091,"Noah Brown","DAL","WR",NA,3,NA,0.897,0.5828,1.27,0.447969865057908,121,0.142833333333333,12,0.6872,NA,NA,NA,3.35543628803576,NA,NA,NA
2565069,"Joe Reed","LAC","WR",50,0,NA,0.893333333333333,0.5096,1.3032,0.49921671980547,122,0.278666666666667,12,0.7936,NA,NA,NA,3.47073195813754,NA,NA,NA
2552622,"Chris Manhertz","CAR","TE",NA,NA,NA,0.869333333333333,0.3436,1.5356,0.804736809977855,75,0.101666666666667,13,1.192,NA,NA,NA,5.19023404022645,NA,NA,NA
2562797,"Qadree Ollison","ATL","RB",50,1,NA,0.825,0.805,0.845,0.0353553390593274,94,0.1,21,0.04,NA,NA,NA,2.56593411798411,NA,NA,NA
2552401,"MyCole Pruitt","TEN","TE",28,5,NA,0.780333333333333,0.4288,1.164,0.464736843098687,76,0.0290833333333333,13,0.7352,NA,NA,NA,3.96846130314426,NA,NA,NA
2562691,"Isaac Nauta","FA","TE",50,1,NA,0.755,0.231,1.279,0.926309883354377,77,0.00975000000000004,13,1.048,NA,NA,NA,5.62710074929738,NA,NA,NA
2564703,"Adam Trautman","NO","TE",50,0,NA,0.7475,0.3055,1.1895,0.781352993211135,78,0.022,13,0.884,NA,NA,NA,5.10620547376292,NA,NA,NA
2556463,"Stephen Anderson","LAC","TE",27,4,NA,0.743,0.2732,1.09,0.575584051203645,79,0.1085,13,0.8168,NA,NA,NA,4.36678515619465,NA,NA,NA
79607,"LeSean McCoy","TB","RB",32,11,NA,0.7275,0.2191,1.1543,0.610616287041215,95,0.00541666666666663,21,0.9352,NA,NA,NA,4.5010784131525,NA,NA,NA
2556803,"C.J. Ham","MIN","RB",27,4,NA,0.7225,0.4845,0.9605,0.420728534805996,96,0.0280833333333333,21,0.476,NA,NA,NA,3.86230708381153,NA,NA,NA
2555430,"Alex Collins","FA","RB",26,4,NA,0.721666666666667,0.029,1.405,0.860237370342241,97,0.0608333333333334,21,1.376,NA,NA,NA,5.34078918614754,NA,NA,NA
2559248,"Ricky Seals-Jones","KC","TE",25,3,NA,0.708,0.1552,1.416,0.856651621138955,80,0.153333333333333,13,1.2608,NA,NA,NA,5.37678729642116,NA,NA,NA
2563043,"David Blough","FA","QB",50,1,NA,0.705,0.541,0.869,0.289913780286485,38,0.0370000000000001,11,0.328,NA,NA,NA,3.64656218111659,NA,NA,NA
81284,"Chase Daniel","DET","QB",34,11,NA,0.679,0.1804,1.0884,0.599460590864821,39,0.0514999999999999,11,0.908,NA,NA,NA,4.0538082955335,NA,NA,NA
2495340,"Anthony Sherman","KC","RB",32,9,NA,0.667166666666667,0.4396,0.9152,0.300534662448998,99,0.0454166666666667,21,0.4756,NA,NA,NA,3.45798190369664,NA,NA,NA
2562651,"Ryan Finley","CIN","QB",50,1,NA,0.657,0.3234,0.9906,0.589727055509581,40,0.0783333333333334,11,0.6672,NA,NA,NA,4.04100265736344,NA,NA,NA
2552429,"Ty Montgomery","NO","RB",27,5,NA,0.6545,0.2303,1.0335,0.511449655391418,100,0.0963333333333334,21,0.8032,NA,NA,NA,4.16748764502997,NA,NA,NA
2563128,"Darrius Shepherd","FA","WR",50,1,NA,0.615,0.371,0.859,0.431335136523794,123,0.00516666666666654,12,0.488,NA,NA,NA,3.31801131468376,NA,NA,NA
2560883,"Equanimeous St. Brown","GB","WR",24,2,NA,0.614333333333333,0.4136,0.8816,0.326046520198166,124,0.0116666666666667,12,0.468,NA,NA,NA,3.08113196602618,NA,NA,NA
2560243,"Brandon Zylstra","CAR","WR",27,3,NA,0.605333333333333,0.2868,0.922,0.397020570415858,125,0.0153333333333333,12,0.6352,NA,NA,NA,3.24081007154104,NA,NA,NA
2564829,"John Hightower","PHI","WR",50,0,NA,0.6,0.6,0.6,NA,126,0.0429166666666667,12,0,NA,NA,NA,NA,NA,NA,NA
2562746,"Jarrett Stidham","NE","QB",50,1,NA,0.598,0.2796,0.9164,0.562856997824492,41,0.0605,11,0.6368,NA,NA,NA,4.00565185996396,NA,NA,NA
2558833,"Alexander Armah","CAR","RB",26,3,NA,0.589,0.4396,0.746,0.192205619064584,102,0.0702499999999999,22,0.3064,NA,NA,NA,3.09356931660582,NA,NA,NA
2564202,"Collin Johnson","JAC","WR",50,0,NA,0.58,0.58,0.58,NA,127,0.0877500000000001,12,0,NA,NA,NA,NA,NA,NA,NA
2558864,"Mason Schreck","CIN","TE",NA,3,NA,0.561,0.1138,1.0082,0.79054538136656,82,0.0138333333333333,13,0.8944,NA,NA,NA,5.1392378570895,NA,NA,NA
2505982,"Matt Schaub","ATL","QB",39,16,NA,0.559333333333333,0.154,0.8804,0.489286555438971,42,0.0631666666666666,11,0.7264,NA,NA,NA,3.90886108140139,NA,NA,NA
2495234,"Luke Stocker","ATL","TE",32,9,NA,0.548333333333333,0.307,0.875,0.40019786772712,83,0.0153333333333333,14,0.568,NA,NA,NA,3.73654374941043,NA,NA,NA
2560896,"Jordan Thomas","FA","TE",24,2,NA,0.546,0.0944,1.104,0.671735066823223,84,0.0285,14,1.0096,NA,NA,NA,4.71229898257838,NA,NA,NA
2561261,"Brandon Powell","ATL","WR",50,2,NA,0.534166666666667,0.2504,0.8356,0.36774458980838,128,0.0875833333333333,12,0.5852,NA,NA,NA,3.1749446868525,NA,NA,NA
2558990,"Patrick Ricard","BAL","RB",26,3,NA,0.527333333333333,0.3228,0.6988,0.245663048367746,103,0.03225,22,0.376,NA,NA,NA,3.27339699257321,NA,NA,NA
2562394,"Donald Parham","LAC","TE",NA,1,NA,0.52,0.52,0.52,NA,85,0.0268333333333333,14,0,NA,NA,NA,NA,NA,NA,NA
2532888,"Case Keenum","CLE","QB",32,8,NA,0.515666666666667,0.122,0.8476,0.472785716084288,43,0.0448333333333334,11,0.7256,NA,NA,NA,3.8871522396942,NA,NA,NA
2561293,"Deon Yelder","KC","TE",NA,2,NA,0.515,0.263,0.767,0.445477272147525,86,0.0688333333333333,14,0.504,NA,NA,NA,3.89925300606113,NA,NA,NA
2552636,"Michael Burton","NO","RB",28,5,NA,0.510166666666667,0.4354,0.567,0.0909537428220155,104,0.0741666666666666,22,0.1316,NA,NA,NA,2.75296390722894,NA,NA,NA
2555432,"Andy Janovich","CLE","RB",27,4,NA,0.48,0.408,0.552,0.127279220613579,106,0.134833333333333,22,0.144,NA,NA,NA,2.87516069698882,NA,NA,NA
2555261,"Jacoby Brissett","IND","QB",28,4,NA,0.476666666666667,0.026,0.946,0.576418540067314,44,0.0143333333333333,11,0.92,NA,NA,NA,4.02349370228038,NA,NA,NA
2558875,"Johnny Mundt","LAR","TE",50,3,NA,0.471333333333333,0.0392,1.052,0.710003755858611,87,0.0513333333333333,14,1.0128,NA,NA,NA,4.84981558699596,NA,NA,NA
2495240,"Tyrod Taylor","LAC","QB",31,9,NA,0.465,0.093,0.837,0.465,45,0.0131666666666667,11,0.744,NA,NA,NA,3.87690919239109,NA,NA,NA
252,"Chad Henne","KC","QB",35,12,NA,0.459666666666667,0.073,0.8842,0.513585760446426,47,0.0376666666666666,11,0.8112,NA,NA,NA,3.94082961244268,NA,NA,NA
2560051,"Justin Watson","TB","WR",NA,2,NA,0.450333333333333,0.0928,0.884,0.521248820941912,130,0.0586666666666666,12,0.7912,NA,NA,NA,3.52029999264013,NA,NA,NA
2564805,"James Morgan","NYJ","QB",50,0,NA,0.444,0.1528,0.7352,0.514773736703807,48,0.0755999999999999,11,0.5824,NA,NA,NA,3.94239253830173,NA,NA,NA
2556519,"Alex Erickson","CIN","WR",28,4,NA,0.442833333333333,0.2074,0.7126,0.324381848033045,131,0.114083333333333,13,0.5052,NA,NA,NA,3.07738677046788,NA,NA,NA
2553454,"Geoff Swaim","TEN","TE",NA,NA,NA,0.421,0.0686,0.8046,0.464933328553675,89,0.136,14,0.736,NA,NA,NA,3.96916736371933,NA,NA,NA
2534241,"Derek Carrier","LVR","TE",30,8,NA,0.419,0.0696,0.872,0.549375099544928,90,0.3435,14,0.8024,NA,NA,NA,4.27260460994917,NA,NA,NA
2563839,"Ben DiNucci","DAL","QB",50,0,NA,0.4,0.4,0.4,NA,49,0.135433333333333,11,0,NA,NA,NA,NA,NA,NA,NA
2550400,"Keith Smith","ATL","RB",28,6,NA,0.392,0.2984,0.4824,0.11520850663037,107,0.135583333333333,23,0.184,NA,NA,NA,2.83455551879071,NA,NA,NA
2556861,"Jaydon Mickens","TB","WR",26,4,NA,0.3405,0.1089,0.5721,0.409414826307011,133,0.032,13,0.4632,NA,NA,NA,3.26869478847484,NA,NA,NA
2562404,"Will Grier","CAR","QB",50,1,NA,0.3368,0.0206400000000001,0.65296,0.558897199849847,52,0.1448,11,0.63232,NA,NA,NA,4.00044226876825,NA,NA,NA
2555419,"Pharoh Cooper","CAR","WR",25,4,NA,0.317,0.2188,0.402,0.118012711179771,134,0.035,13,0.1832,NA,NA,NA,2.61309548783155,NA,NA,NA
2560987,"Deon Cain","FA","WR",24,2,NA,0.3,0.3,0.3,NA,135,0.0395,13,0,NA,NA,NA,NA,NA,NA,NA
2555220,"Derek Watt","PIT","RB",28,4,NA,0.298333333333333,0.1226,0.5242,0.273463586850852,109,0.0900833333333333,23,0.4016,NA,NA,NA,3.36691638344604,NA,NA,NA
4487,"Matthew Slater","NE","WR",35,12,NA,0.264,0.1152,0.4128,0.263043722601396,136,0.0115000000000001,13,0.2976,NA,NA,NA,2.939387661854,NA,NA,NA
2557870,"Taywan Taylor","FA","WR",NA,3,NA,0.257,0.0778,0.457,0.241240543856127,137,0.013,13,0.3792,NA,NA,NA,2.89033465916403,NA,NA,NA
2561029,"Keke Coutee","HOU","WR",23,2,NA,0.248,0.1264,0.3696,0.21496046148071,138,0.014,13,0.2432,NA,NA,NA,2.83120947533121,NA,NA,NA
2562804,"Penny Hart","FA","WR",50,1,NA,0.24,0.216,0.264,0.0424264068711929,139,0.0146666666666666,13,0.048,NA,NA,NA,2.44304068839649,NA,NA,NA
2561671,"Malik Turner","DAL","WR",50,2,NA,0.228,0.0904,0.3656,0.243244732728172,140,0.0566666666666667,13,0.2752,NA,NA,NA,2.89484370269755,NA,NA,NA
2561272,"Trent Sherfield","ARI","WR",50,2,NA,0.222666666666667,0.1064,0.308,0.142693143960505,141,0.112666666666667,13,0.2016,NA,NA,NA,2.66862176451474,NA,NA,NA
2495262,"Nick Bellore","SEA","RB",31,9,NA,0.2145,0.2109,0.2181,0.00636396103067893,110,0.0135,24,0.00719999999999998,NA,NA,NA,2.46840881229801,NA,NA,NA
2562832,"Darwin Thompson","KC","RB",NA,1,NA,0.202,0.0908,0.3132,0.19657568516986,111,0.01375,24,0.2224,NA,NA,NA,3.10826996423852,NA,NA,NA
2563327,"D'Ernest Johnson","CLE","RB",NA,1,NA,0.2,0.2,0.2,NA,112,0.0355,24,0,NA,NA,NA,NA,NA,NA,NA
2533033,"Robert Griffin","BAL","QB",30,8,NA,0.192333333333333,0.027,0.3806,0.226509013801512,54,0.0245,11,0.3536,NA,NA,NA,3.56314557366302,NA,NA,NA
2495441,"Blaine Gabbert","TB","QB",31,9,NA,0.191666666666667,0.001,0.457,0.327655815351007,55,0.0496666666666667,11,0.456,NA,NA,NA,3.69621637429499,NA,NA,NA
2550633,"Senorise Perry","TEN","RB",29,6,NA,0.1765,0.0907,0.2443,0.103608638635975,114,0.05025,24,0.1536,NA,NA,NA,2.79553423905182,NA,NA,NA
2556118,"Dwayne Washington","NO","RB",NA,4,NA,0.1525,0.1297,0.1753,0.0403050865276332,115,0.0665,25,0.0456,NA,NA,NA,2.58258477993052,NA,NA,NA
2553900,"Daniel Brown","NYJ","TE",NA,NA,NA,0.151,0.0638,0.2382,0.154149278298667,93,0.151,15,0.1744,NA,NA,NA,2.85238054986504,NA,NA,NA
2561187,"Tim Boyle","GB","QB",50,2,NA,0.144,0.0368,0.2512,0.189504617357995,56,0.0376666666666667,11,0.2144,NA,NA,NA,3.51446183293958,NA,NA,NA
2552576,"Sean Mannion","MIN","QB",28,5,NA,0.14,-0.003,0.321,0.218574929943944,57,0.0826666666666667,11,0.324,NA,NA,NA,3.55270733068318,NA,NA,NA
2565048,"K.J. Hill","LAC","WR",50,0,NA,0.12,0.12,0.12,NA,143,0.02,14,0,NA,NA,NA,NA,NA,NA,NA
2559076,"Marcus Kemp","KC","WR",25,3,NA,0.1,0.1,0.1,0,144,0,14,0,NA,NA,NA,2.34758934734697,NA,NA,NA
2562906,"Cullen Gillaspia","HOU","RB",50,1,NA,0.1,0.1,0.1,NA,116,0.059,25,0,NA,NA,NA,NA,NA,NA,NA
2563572,"James Proche","BAL","WR",50,0,NA,0.1,0.1,0.1,NA,144,NA,0,0,NA,NA,NA,NA,NA,NA,NA
2543497,"AJ McCarron","HOU","QB",30,6,NA,0.0726666666666667,0.002,0.1684,0.117308709537414,58,0.0416666666666667,11,0.1664,NA,NA,NA,3.41947942016071,NA,NA,NA
2562784,"Dexter Williams","FA","RB",NA,1,NA,0.072,0.072,0.072,NA,117,0.067,0,0,NA,NA,NA,NA,NA,NA,NA
2560942,"Logan Woodside","TEN","QB",25,2,NA,0.042,-0.2316,0.3156,0.483661038331599,59,0.032,11,0.5472,NA,NA,NA,3.9014600360497,NA,NA,NA
2558191,"Nathan Peterman","LVR","QB",26,3,NA,0.02,0.004,0.036,0.0282842712474619,60,0.02,11,0.032,NA,NA,NA,3.30235704854269,NA,NA,NA
2563938,"Jason Huntley","PHI","RB",50,0,NA,0.01,0.01,0.01,NA,118,0.01,0,0,NA,NA,NA,NA,NA,NA,NA
2539289,"Kenjon Barner","FA","RB",31,7,NA,0,0,0,NA,119,NA,0,0,NA,NA,NA,NA,NA,NA,NA
2541185,"Ryan Griffin","TB","QB",31,7,NA,0,0,0,NA,61,0,12,0,NA,NA,NA,NA,NA,NA,NA
2562745,"Easton Stick","LAC","QB",NA,1,NA,0,0,0,NA,61,0.1055,12,0,NA,NA,NA,NA,NA,NA,NA
2564007,"Jordan Love","GB","QB",50,0,NA,0,0,0,NA,61,0.211,12,0,NA,NA,NA,NA,NA,NA,NA
2564349,"Brycen Hopkins","LAR","TE",50,0,NA,0,0,0,NA,94,NA,15,0,NA,NA,NA,NA,NA,NA,NA
2539275,"Mike Glennon","FA","QB",31,7,NA,-0.211,-0.523,0.1026,0.391015344967432,72,NA,12,0.6256,NA,NA,NA,3.77957346719917,NA,NA,NA
