"playerId","player","team","position","age","exp","bye","points","lower","upper","sdPts","positionRank","dropoff","tier","ptSpread","overallECR","positionECR","sdRank","risk","sleeper","actualPoints","salary"
2504211,"Tom Brady","NE","QB",40,17,9,21.0358,18.51244,23.55916,4.46071241843722,1,0.448149999999998,1,5.04672,NA,1.9,2.3,6.18069005594136,NA,10.68,NA
2506363,"Aaron Rodgers","GB","QB",34,12,8,20.8407,20.53726,21.14414,0.536411204208113,2,0.815550000000005,1,0.606879999999993,NA,2.7,1.7,3.39174068905614,NA,15.54,NA
2532975,"Russell Wilson","SEA","QB",29,5,6,20.3346,19.26628,21.40292,1.88854079119303,3,0.979600000000001,1,2.13664,NA,4.1,2.1,4.45626368360951,NA,7.32,NA
2504775,"Drew Brees","NO","QB",38,16,5,19.7157,16.05626,23.37514,6.46903709836325,4,1.05665,1,7.31888,NA,7.1,2.7,7.65779145961321,NA,15.64,NA
310,"Matt Ryan","ATL","QB",32,9,5,18.9943,18.77374,19.21486,0.38989867914626,5,0.829599999999996,1,0.441119999999994,NA,3.9,2,3.46040710328301,NA,17.94,NA
2540175,"LeVeon Bell","PIT","RB",25,4,9,18.754,18.007,19.3566,0.899573787968502,1,0.656000000000002,1,1.3496,NA,1.5,0.8,1.48516141216103,NA,4.7,NA
2553435,"David Johnson","ARI","RB",26,2,8,18.625,17.457,19.465,1.44198647705171,2,1.6645,1,2.008,NA,1.9,1,2.24184385381513,NA,6,NA
2552466,"Marcus Mariota","TEN","QB",24,2,8,18.3238,16.01484,20.63276,4.08170318372123,6,0.403450000000003,1,4.61792,NA,5.3,2,5.78160524337736,NA,18.84,NA
2555260,"Dak Prescott","DAL","QB",24,1,6,18.0056,16.50608,19.50512,2.65080190131213,7,0.266800000000003,1,2.99904,NA,13.2,2.5,5.14991069875919,NA,17.12,NA
2495143,"Andy Dalton","CIN","QB",30,6,6,17.8351,15.71118,19.95902,3.75459558674433,8,0.235999999999997,1,4.24783999999999,NA,15.9,2.5,5.84391382013197,NA,-8,NA
2495455,"Cam Newton","CAR","QB",28,6,11,17.6425,15.9485,19.3365,2.99459721832503,9,0.369749999999996,1,3.388,NA,7.3,2.5,5.36606977474346,NA,12.14,NA
79607,"LeSean McCoy","BUF","RB",29,8,6,17.571,16.2426,19.2186,1.98423864492152,3,1.7785,1,2.976,NA,3.6,1.5,3.15423969207427,NA,15.9,NA
497095,"Sam Bradford","MIN","QB",30,7,9,17.5557,16.88026,18.23114,1.1940205107116,10,0.84,2,1.35088,NA,14.9,3,4.50194420395381,NA,25.54,NA
2495240,"Tyrod Taylor","BUF","QB",28,6,6,16.9898,15.98996,17.98964,1.76748411025389,11,0.566400000000002,2,1.99968,NA,16.2,3.1,4.9161007945275,NA,17.76,NA
2506109,"Ben Roethlisberger","PIT","QB",35,13,9,16.4416,15.93888,16.94432,0.888691802595253,12,0.126300000000001,3,1.00544,NA,7.5,2.7,4.14918554465505,NA,14.72,NA
2532820,"Kirk Cousins","WAS","QB",29,5,5,16.4052,15.72904,17.08136,1.19529330291774,13,0.324449999999999,3,1.35232,NA,8.7,2.6,4.28836417820729,NA,7.6,NA
2555224,"Ezekiel Elliott","DAL","RB",22,1,6,16.35,15.382,17.318,1.71119841047144,4,1.49416666666667,2,1.936,NA,4.9,2,3.08550468901927,NA,14,NA
79860,"Matthew Stafford","DET","QB",29,8,7,16.2254,15.91772,16.53308,0.543906536088692,14,0.2942,3,0.615359999999999,NA,13.2,3.2,4.20037940133643,NA,26.08,NA
2505245,"Carson Palmer","ARI","QB",38,14,8,15.9361,15.83698,16.03522,0.175221060378025,15,0.204800000000001,3,0.198239999999998,NA,11.8,2.5,3.5934052997034,NA,5.92,NA
2543499,"Derek Carr","OAK","QB",26,3,10,15.9263,15.45934,16.39326,0.825476456357176,16,0.810600000000001,3,0.933920000000001,NA,9.1,2.7,4.10943930567317,NA,18.68,NA
2506340,"Alex Smith","KC","QB",33,12,10,15.5363,14.75734,16.31526,1.37701974568268,17,0.859200000000001,3,1.55792,NA,20.6,2.2,4.18824321496834,NA,31.02,NA
2555418,"Jordan Howard","CHI","RB",23,1,9,15.235,14.519,15.951,1.26572113832392,5,1.19083333333333,2,1.432,NA,7.6,2.1,2.60138184444175,NA,12.6,NA
81294,"Brian Hoyer","SF","QB",32,8,11,14.6951,12.99518,16.39502,3.00506239868659,18,0.360949999999999,3,3.39984,NA,21.9,3,5.64062504601657,NA,1.22,NA
2557983,"DeShone Kizer","CLE","QB",21,0,9,14.6591,13.17838,16.13982,2.61756788259636,19,0.9305,3,2.96144,NA,24.3,3.3,5.55777559620511,NA,17.58,NA
2543583,"Devonta Freeman","ATL","RB",25,3,5,14.4766666666667,13.29,15.802,1.59844716313469,6,0.885000000000002,3,2.512,NA,5.9,2,2.94981873653896,NA,9.9,NA
2495454,"Julio Jones","ATL","WR",28,6,5,14.3433333333333,13.1426,15.873,1.84913934935508,1,0.797499999999999,1,2.7304,NA,2.3,2,3.03688897772839,NA,6.6,NA
2508061,"Antonio Brown","PIT","WR",29,7,9,14.1826666666667,12.1184,16.352,2.65576002931992,2,1.62316666666667,1,4.2336,NA,1.2,0.5,3.41758688527684,NA,18.2,NA
2553457,"Trevor Siemian","DEN","QB",NA,NA,5,14.0092,13.11256,14.90584,1.58505056070777,20,0.934150000000001,4,1.79328,NA,23.2,2.4,4.42623138358607,NA,21.66,NA
2552469,"Melvin Gordon","LAC","RB",24,2,9,13.6116666666667,11.264,16.124,3.0583505903237,7,0.237833333333333,3,4.86,NA,8.6,2,4.70668078220458,NA,13.9,NA
2552475,"Todd Gurley","LAR","RB",23,2,8,13.5716666666667,10.436,17.096,4.24670558590225,8,0.435499999999999,3,6.66,NA,6.3,2.1,6.18872764905695,NA,15.6,NA
382,"Joe Flacco","BAL","QB",32,9,10,13.448,12.2304,14.6656,2.15243304193185,21,0.886949999999999,4,2.4352,NA,23.1,2.1,4.62218422486276,NA,5.84,NA
2540269,"C.J. Anderson","DEN","RB",26,4,5,13.176,11.9444,14.41,1.5410087605202,9,0.125833333333334,3,2.4656,NA,15.4,3.5,3.66022964873972,NA,8.8,NA
2495207,"DeMarco Murray","TEN","RB",29,6,8,13.0963333333333,11.1592,15.656,3.11697615219195,10,0.483166666666666,3,4.4968,NA,6.4,2.1,4.82920021252058,NA,6,NA
2533034,"Lamar Miller","HOU","RB",26,5,7,13.004,10.7964,15.9724,3.63021046221841,11,0.924333333333335,3,5.176,NA,12.1,3,5.91455110305218,NA,9.6,NA
2495450,"A.J. Green","CIN","WR",29,6,6,12.909,11.0256,15.42,3.06424264705,3,0.996999999999998,1,4.3944,NA,3.4,1.5,4.20779481031803,NA,7.4,NA
2505996,"Eli Manning","NYG","QB",36,13,8,12.7021,12.39178,13.01242,0.548573440844524,22,0.574400000000001,5,0.620640000000002,NA,14.7,2.9,4.04252847324192,NA,5.7,NA
2555259,"Carson Wentz","PHI","QB",25,1,10,12.42,11.908,12.932,0.90509667991878,23,0.60675,5,1.024,NA,16.8,2.7,4.15950000488302,NA,14.88,NA
100027,"Steelers","PIT","DST",NA,NA,9,12.275,11.295,13.255,1.73241161390704,1,0.307499999999999,1,1.96,NA,4.5,2.7,4.21626801838443,NA,19,NA
2495328,"Bilal Powell","NYJ","RB",29,6,11,12.2223333333333,10.349,13.9026,2.25999255161014,12,0.357583333333332,4,3.5536,NA,20.1,4.2,4.88924376175775,NA,3.9,NA
2556370,"Michael Thomas","NO","WR",23,1,5,12.21,10.4874,14.517,2.81846287894661,4,0.613666666666667,1,4.0296,NA,8.7,4,4.78540676716591,NA,4.5,NA
100009,"Broncos","DEN","DST",NA,NA,5,12.055,7.459,12.651,4.58912300990069,2,0.379999999999999,1,5.192,NA,3.5,2.1,6.08693817580522,NA,3,NA
2543743,"Carlos Hyde","SF","RB",26,3,11,11.937,10.1162,14.0122,2.49651697370557,13,0.189499999999999,4,3.896,NA,13.4,3.5,4.81009756657823,NA,7.7,NA
100004,"Panthers","CAR","DST",NA,NA,11,11.88,10.904,12.856,1.72534054609518,3,0.419999999999998,1,1.952,NA,5.3,2.4,3.69815342472051,NA,15,NA
2539275,"Mike Glennon","CHI","QB",28,4,9,11.8354,11.13508,12.53572,1.23800255250141,24,0.447050000000001,5,1.40064,NA,25.6,3.1,4.58319269889397,NA,12.52,NA
2556414,"Rob Kelley","WAS","RB",25,1,5,11.7925,11.7345,11.8505,0.102530483272049,14,0.169416666666667,4,0.116,NA,26.5,6.6,3.5401853882896,NA,3,NA
2506121,"Philip Rivers","LAC","QB",36,13,9,11.7911,11.77598,11.80622,0.026728636328852,25,0.805950000000001,6,0.0302399999999992,NA,18.8,2.9,3.71442193668003,NA,16.68,NA
2557973,"Leonard Fournette","JAC","RB",21,0,8,11.7025,10.1285,13.2765,2.78246518396906,15,0.4405,4,3.148,NA,17.1,6,6.45343184783479,NA,18.4,NA
2540165,"DeAndre Hopkins","HOU","WR",25,4,7,11.614,9.2324,13.962,2.95689499306282,5,0.0416666666666679,2,4.7296,NA,15,5.2,5.34556216153165,NA,11.5,NA
2530747,"Doug Baldwin","SEA","WR",29,6,6,11.5786666666667,9.6982,14.051,3.0071881107329,6,0.0824999999999996,2,4.3528,NA,5.7,2.5,4.48436021341201,NA,6.3,NA
1032,"Jordy Nelson","GB","WR",32,9,8,11.566,10.9946,12.1506,0.723065003993417,7,0.335083333333332,2,1.156,NA,6.5,2.6,1.99816328527685,NA,13.9,NA
2552429,"Ty Montgomery","GB","RB",24,2,8,11.5436666666667,8.6172,14.7652,3.89524329578184,16,0.692166666666665,4,6.148,NA,19.4,3.8,6.64924505573056,NA,15.3,NA
100014,"Colts","IND","DST",NA,NA,11,11.47,10.726,12.214,1.31521861300698,4,0.0625000000000018,1,1.488,NA,21.2,4.7,7.2002017865581,NA,NA,NA
100001,"Falcons","ATL","DST",NA,NA,5,11.45,6.93,11.97,4.45477272147525,5,0.239999999999998,1,5.04,NA,9,2.9,7.31344699584771,NA,8,NA
2543498,"Brandin Cooks","NE","WR",24,3,9,11.4263333333333,9.4138,14.153,3.34125804650484,8,0.403416666666667,2,4.7392,NA,8.9,2.8,4.95480527754637,NA,8.8,NA
100013,"Texans","HOU","DST",NA,NA,7,11.365,10.857,11.873,0.898025612106915,6,0.3775,1,1.016,NA,1.4,1.3,0.98695017963218,NA,NA,NA
497240,"Rob Gronkowski","NE","TE",28,7,9,11.1256666666667,10.0024,12.496,1.64774279950887,1,1.27,1,2.4936,NA,1.4,2.2,3.77981660220328,NA,3.3,NA
100011,"Packers","GB","DST",NA,NA,8,11.055,6.939,11.171,3.74059487247684,7,0.309999999999999,2,4.232,NA,18.7,2.6,6.07934734190088,NA,9,NA
2543572,"Martavis Bryant","PIT","WR",26,3,9,11.0355,9.1087,12.9623,3.4061333649756,9,0.052999999999999,2,3.8536,NA,17.9,6.8,6.38444659135415,NA,1.4,NA
497278,"Dez Bryant","DAL","WR",29,7,6,11.0103333333333,9.2152,12.8432,2.26897120592865,10,0.0938333333333325,2,3.628,NA,11,5.1,4.5526015645514,NA,4.3,NA
2555334,"Jared Goff","LAR","QB",23,1,8,10.9856,8.99008,12.98112,3.52761430998345,26,0.128950000000001,6,3.99104,NA,22.5,3,5.96917617138139,NA,16.44,NA
2505076,"Josh McCown","NYJ","QB",38,15,11,10.9847,10.10894,11.86046,1.54813958672983,27,0.439649999999999,6,1.75152,NA,28,3.2,4.83178441925675,NA,7.48,NA
2495663,"Marshawn Lynch","OAK","RB",31,10,10,10.9803333333333,9.1688,13.328,2.84688783293851,17,0.473833333333333,4,4.1592,NA,15.8,3.3,5.12779956831942,NA,9.2,NA
2552487,"Amari Cooper","OAK","WR",23,2,10,10.9546666666667,7.832,14.76,4.57530691138128,11,0.292833333333334,2,6.928,NA,6.8,3.1,6.41822682664188,NA,12.2,NA
100031,"Buccaneers","TB","DST",NA,NA,1,10.92,10.92,10.92,NA,8,0.414999999999999,2,0,NA,NA,NA,NA,NA,NA,NA
2552608,"Stefon Diggs","MIN","WR",24,2,9,10.8783333333333,8.3676,13.698,3.39797974292569,12,0.436,2,5.3304,NA,15.4,4.9,5.73037087073694,NA,21.3,NA
2495425,"Scott Tolzien","IND","QB",30,6,11,10.7286,10.47148,10.98572,0.454528238946711,28,0.79345,7,0.514239999999997,NA,28.1,3.2,4.14418337664616,NA,-0.68,NA
2506404,"Frank Gore","IND","RB",34,12,11,10.7226666666667,7.9846,13.7486,3.6560150893197,18,0.476166666666666,4,5.764,NA,28.7,5.5,7.24482605506177,NA,5.2,NA
100003,"Bills","BUF","DST",NA,NA,6,10.57,6.786,10.354,3.153696244092,9,0.1625,2,3.568,NA,7.8,4.9,9.40239943866774,NA,9,NA
497322,"Emmanuel Sanders","DEN","WR",30,7,5,10.4453333333333,8.3688,13.276,3.47452879299242,13,0.107833333333334,2,4.9072,NA,25.6,5.3,5.9506361897822,NA,2.6,NA
100019,"Dolphins","MIA","DST",NA,NA,1,10.44,10.44,10.44,NA,10,0.390000000000001,2,0,NA,NA,NA,NA,NA,NA,NA
71269,"Michael Crabtree","OAK","WR",30,8,10,10.4393333333333,8.489,12.973,3.07393206387736,14,0.250333333333334,2,4.484,NA,12.6,4.6,5.27098369354965,NA,8.3,NA
100021,"Patriots","NE","DST",NA,NA,9,10.375,6.195,10.555,3.85373195746668,11,0.664999999999999,2,4.36,NA,6.5,2.9,6.70485969460723,NA,NA,NA
2543477,"Blake Bortles","JAC","QB",26,3,8,10.3615,8.6403,12.0827,3.04268047944571,29,5.2547,7,3.4424,NA,24.9,3.6,5.98584759872011,NA,10.3,NA
2552374,"Ameer Abdullah","DET","RB",24,2,7,10.2903333333333,7.4448,14.044,4.5691695452602,19,0.214000000000002,4,6.5992,NA,22.1,4.6,7.87600533948588,NA,4.1,NA
497328,"Demaryius Thomas","DEN","WR",30,7,5,10.2356666666667,8.4832,12.6632,2.99354644749891,15,0.141333333333334,2,4.18,NA,15.4,3.7,4.87672758518679,NA,6.7,NA
949,"Jonathan Stewart","CAR","RB",30,9,11,10.2026666666667,7.4956,13.2476,3.66866751468886,20,0.272833333333333,4,5.752,NA,25.2,5.4,7.20808325088189,NA,14.2,NA
2543471,"Kelvin Benjamin","CAR","WR",26,3,11,10.1423333333333,7.7716,12.886,3.2968995030685,16,0.1625,2,5.1144,NA,16.6,5.2,5.72070037010317,NA,2.5,NA
2346,"Pierre Garcon","SF","WR",31,9,11,10.0463333333333,7.4368,13.0008,3.55678511205461,17,0.151166666666665,2,5.564,NA,27.1,5.5,6.10929541567732,NA,8.1,NA
2495466,"Mark Ingram","NO","RB",28,6,5,9.95,8.702,11.518,1.8914544668059,21,0.296499999999998,5,2.816,NA,23.1,3.8,4.2378660044909,NA,7.1,NA
2506922,"Stephen Gostkowski","NE","K",33,11,9,9.93762557077626,7.93139726027397,12.0241095890411,2.56384004211578,1,0.318235825651813,1,4.09271232876712,NA,1.9,1.7,5.21255363623849,NA,9,NA
2543509,"Allen Robinson","JAC","WR",24,3,8,9.91333333333333,7.9152,12.488,3.11869288858864,18,0.0591666666666661,2,4.5728,NA,NA,NA,8.22722837761891,NA,1.7,NA
2557991,"Dalvin Cook","MIN","RB",22,0,9,9.90966666666667,9.0162,10.933,1.23055285678159,22,0.516749999999998,5,1.9168,NA,11.6,3.8,3.44253055082551,NA,13.7,NA
2506106,"Larry Fitzgerald","ARI","WR",34,13,8,9.877,7.6948,12.71,3.43663163577361,19,0.148,2,5.0152,NA,12.5,7.1,6.51995100846743,NA,7.4,NA
2540258,"Travis Kelce","KC","TE",28,4,10,9.87333333333333,8.3316,11.7796,2.29497741455844,2,0.0714999999999986,1,3.448,NA,3.6,2.4,4.65677570681857,NA,4.4,NA
2495438,"Kyle Rudolph","MIN","TE",28,6,9,9.838,8.838,11.086,1.50410272255588,3,0.138666666666666,1,2.248,NA,6.9,1.9,3.47141612422002,NA,8.6,NA
497326,"Golden Tate","DET","WR",29,7,7,9.83133333333334,7.3364,12.9284,3.73022068158619,20,0.3315,2,5.592,NA,24.2,5.7,6.36855572089168,NA,10.7,NA
2541556,"Brandon McManus","DEN","K",26,3,5,9.82227642276423,8.17273170731707,11.4392682926829,2.04280153035123,2,0.656639659480978,1,3.26653658536585,NA,10.2,4.5,6.57436370190214,NA,6,NA
2540160,"Jordan Reed","WAS","TE",27,4,5,9.76566666666667,8.0548,11.6268,2.25608074619091,4,0.338166666666666,1,3.572,NA,5.6,2.1,4.47588864876054,NA,3.6,NA
100008,"Cowboys","DAL","DST",NA,NA,6,9.725,6.065,9.385,2.93449314192417,12,0.815,2,3.32,NA,18.8,3.8,7.30694334542271,NA,12,NA
100006,"Bengals","CIN","DST",NA,NA,6,9.695,5.931,9.459,3.11834090503267,13,1.795,2,3.528,NA,13.9,3.7,7.32278121340924,NA,7,NA
2495700,"Greg Olsen","CAR","TE",32,10,11,9.633,7.6052,12.102,2.96839468400009,5,0.562166666666666,1,4.4968,NA,2.9,1.5,5.0759820338604,NA,1.8,NA
2495893,"Brandon Marshall","NYG","WR",33,11,8,9.62666666666667,7.2,11.944,2.97443411985092,21,0.277666666666667,2,4.744,NA,24.6,7.8,6.247654110135,NA,1,NA
2543640,"Tom Savage","HOU","QB",27,3,7,9.5088,8.93984,10.07776,1.00578868555975,30,8.8552,8,1.13792,NA,27.8,2.1,3.90123902203246,NA,NA,NA
2504797,"Matt Bryant","ATL","K",42,15,5,9.41650306748466,8.70242944785276,10.0763190184049,0.866679026027714,3,0.548145615721522,1,1.37388957055215,NA,2.4,1.3,2.47275803299946,NA,12,NA
2550189,"Isaiah Crowell","CLE","RB",24,3,9,9.39733333333333,8.91,9.7516,0.599730217125445,23,0.0870833333333341,5,0.8416,NA,13.4,3.6,2.57945471099998,NA,6.6,NA
2557917,"Kareem Hunt","KC","RB",22,0,10,9.3885,8.8137,9.9633,1.01611244456507,24,0.254166666666666,5,1.1496,NA,17.8,4.9,3.75612828509423,NA,39.6,NA
2543457,"Sammy Watkins","LAR","WR",24,3,8,9.373,7.2408,11.7968,2.91664824756089,22,0.0518333333333345,2,4.556,NA,20.8,5.7,5.47091437655092,NA,5.8,NA
2556214,"Tyreek Hill","KC","WR",23,1,10,9.325,9.2234,9.4266,0.179605122421383,23,0.0138333333333325,2,0.203199999999997,NA,23,5.6,2.41709271747556,NA,19.3,NA
2532903,"Rishard Matthews","TEN","WR",28,5,8,9.31733333333333,6.8094,12.0134,3.27790578469445,24,0.174833333333332,2,5.204,NA,36.4,7.2,6.37877508895922,NA,7.1,NA
2507166,"Ted Ginn","NO","WR",32,10,5,9.305,7.7078,11.4998,2.70017166120971,25,0.463500000000002,2,3.792,NA,35.1,7.4,5.80924505557881,NA,5.3,NA
2539663,"Mike Gillislee","NE","RB",27,4,9,9.232,8.0748,10.702,1.77617763751265,25,0.524999999999999,5,2.6272,NA,26.3,6.1,5.29442444075596,NA,22.5,NA
2540158,"Zach Ertz","PHI","TE",27,4,10,9.222,7.4002,11.5562,2.82448703307344,6,0.346833333333334,1,4.156,NA,7.1,2.6,5.39041775576863,NA,9.3,NA
2543603,"Jeremy Hill","CIN","RB",25,3,6,9.03666666666667,8.139,9.975,1.15087285715379,26,0.738999999999999,5,1.836,NA,39.2,6.3,4.64586427257964,NA,2.4,NA
2530515,"Chris Hogan","NE","WR",29,6,9,8.98,7.764,10.644,2.04470046706113,26,0.334499999999998,3,2.88,NA,35.6,9.2,5.69717003661087,NA,0.8,NA
497236,"Jimmy Graham","SEA","TE",31,7,6,8.91966666666667,6.6282,12.033,3.81800017461148,7,0.414333333333335,1,5.4048,NA,4.3,1.8,6.24381668016233,NA,0.8,NA
71309,"Graham Gano","CAR","K",30,8,11,8.91477045908184,8.35149700598802,9.46095808383234,0.694399186576286,4,0.117874669980633,1,1.10946107784431,NA,13.2,4.3,4.48637168733831,NA,11,NA
2540148,"Tyler Eifert","CIN","TE",27,4,6,8.83066666666667,6.8868,11.426,3.16827797601999,8,0.8995,1,4.5392,NA,8.3,2.4,5.71992175790134,NA,0.4,NA
2533444,"Randy Bullock","CIN","K",28,5,6,8.82194444444444,7.26266666666667,10.9366666666667,2.59209272132112,5,0.152418727027829,1,3.674,NA,22.2,4.1,7.06204680051957,NA,0,NA
2550545,"Chris Boswell","PIT","K",28,3,9,8.77184713375796,8.36555414012739,9.26777070063694,0.59634249740729,6,0.368732788098377,1,0.902216560509554,NA,10.3,3.9,4.04400985142477,NA,3,NA
2532865,"T.Y. Hilton","IND","WR",28,5,11,8.703,7.37,9.9452,1.62146137789341,27,0.118500000000001,3,2.5752,NA,23.5,9,5.16229325545743,NA,2.7,NA
2543495,"Davante Adams","GB","WR",25,3,8,8.588,8.0818,8.9658,0.618495755846392,28,0.152000000000001,3,0.883999999999999,NA,24.2,5.8,2.96923836448598,NA,4.7,NA
2552415,"Jamison Crowder","WAS","WR",24,2,5,8.581,5.5244,11.866,3.99422871152867,29,0.298749999999998,3,6.3416,NA,28.2,5.9,6.72774761390731,NA,NA,NA
2507232,"Mason Crosby","GB","K",33,10,8,8.56720430107527,7.84425806451613,9.30051612903226,0.910437930400931,7,0.399230567491781,1,1.45625806451613,NA,6.7,2.9,3.74156148667668,NA,6,NA
2552461,"Duke Johnson","CLE","RB",24,2,9,8.37733333333333,5.7514,11.8754,4.26792061000827,27,0.190833333333336,5,6.124,NA,36.5,4.7,7.5654482844546,NA,2,NA
2532977,"Kendall Wright","CHI","WR",28,5,9,8.291,5.8886,11.111,3.38690832471149,30,0.0565833333333323,3,5.2224,NA,48,9.4,7.24597541987606,NA,3.4,NA
2543496,"Odell Beckham","NYG","WR",25,3,8,8.2735,7.5587,8.9883,1.26359981798036,31,0.114500000000001,3,1.4296,NA,NA,NA,4.13365743510526,NA,0,NA
2495150,"Kai Forbath","MIN","K",30,6,9,8.2390243902439,6.70926829268293,9.70439024390244,1.87713511192867,8,0.176804462520618,1,2.99512195121951,NA,17.6,5.3,6.93931820831449,NA,12,NA
4327,"Danny Woodhead","BAL","RB",32,9,10,8.218,5.9058,10.9658,3.30012833083806,28,0.0830000000000002,5,5.06,NA,30.8,5.4,6.76457959688011,NA,3.7,NA
2507763,"Mike Wallace","BAL","WR",31,8,10,8.19533333333333,5.9576,10.684,3.00354396227745,32,0.0998333333333346,3,4.7264,NA,40,4,4.98961284090313,NA,0.8,NA
2495966,"Delanie Walker","TEN","TE",33,11,8,8.18,6.14,10.892,3.30721937585035,9,0.704166666666667,2,4.752,NA,6.2,1.9,5.66650958251731,NA,7.6,NA
2540020,"Theo Riddick","DET","RB",26,4,7,8.155,6.007,10.527,2.86632604565496,29,0.424833333333332,5,4.52,NA,35.1,4.3,5.67088026805993,NA,8.6,NA
100028,"Chargers","LAC","DST",NA,NA,9,8.125,6.945,9.305,2.08596500450032,14,0.64,2,2.36,NA,12.9,2.7,4.57426054852589,NA,8,NA
2543847,"John Brown","ARI","WR",27,3,8,8.12266666666667,5.7204,11.242,3.78413019508226,33,0.101833333333332,3,5.5216,NA,37.9,6.9,6.83545453763169,NA,3.2,NA
2552453,"Tevin Coleman","ATL","RB",24,2,5,8.115,6.033,9.985,2.51228481665595,30,0.833083333333334,5,3.952,NA,26.4,4.7,5.45269902042167,NA,5.8,NA
2556601,"Wil Lutz","NO","K",23,1,5,8.09692307692308,6.93138461538462,9.26246153846154,2.06040037471896,9,0.0851374767769784,1,2.33107692307692,NA,NA,NA,7.6472976250252,NA,14,NA
71217,"Kenny Britt","CLE","WR",29,8,9,8.06833333333333,6.0704,10.2264,2.62053550507016,34,0.101833333333333,3,4.156,NA,36.7,6.1,5.28000962829115,NA,1.3,NA
2536340,"Justin Tucker","BAL","K",28,5,10,8.02751677852349,7.46496644295302,8.55114093959731,0.684070423632674,10,0.0958114067195961,2,1.08617449664429,NA,2.9,1.9,2.66262982006094,NA,8,NA
2539637,"Caleb Sturgis","PHI","K",28,4,10,7.99605442176871,7.28223129251701,8.51183673469388,0.880023863891255,11,0.156965301945057,2,1.22960544217687,NA,17,4,4.5269459124354,NA,13,NA
2535698,"Cole Beasley","DAL","WR",28,5,6,7.97333333333333,6.472,10.064,2.58225837849998,35,0.0998333333333346,3,3.592,NA,50.4,5.2,4.93221320786614,NA,3.2,NA
2533039,"Alshon Jeffery","PHI","WR",27,5,10,7.95966666666667,6.8668,8.8308,1.31803654476397,36,0.179499999999999,3,1.964,NA,19.3,5.4,3.6052586043654,NA,3.8,NA
2507374,"Steven Hauschka","BUF","K",NA,NA,6,7.86735632183908,7.34303448275862,8.43655172413793,0.690319105701983,12,0.106461491967229,2,1.09351724137931,NA,13.1,4.5,4.63125171114791,NA,3,NA
2556771,"Aldrick Rosas","NYG","K",23,1,8,7.81082191780822,7.21016438356165,8.4114794520548,1.06182253909136,13,0.142267871401881,2,1.20131506849315,NA,22.5,4,4.78813613512992,NA,3,NA
2540154,"Keenan Allen","LAC","WR",25,4,9,7.78733333333333,7.18,8.6184,1.02119603080571,37,0.118333333333332,3,1.4384,NA,25.7,6,3.48145399338531,NA,9.5,NA
2531332,"Terrelle Pryor","WAS","WR",28,6,5,7.773,6.0308,9.4828,2.15864008116221,38,0.4905,3,3.452,NA,15.1,5.8,4.66853048014324,NA,6.6,NA
2495259,"Dan Bailey","DAL","K",29,6,6,7.71096774193548,6.58077419354839,8.79754838709678,1.38869780070602,14,0.0865182561520594,2,2.21677419354839,NA,5.3,2.2,3.90108104486879,NA,15,NA
1062,"Martellus Bennett","GB","TE",30,9,8,7.68233333333333,5.1476,10.558,3.46112645439795,10,0.4265,2,5.4104,NA,10.7,1.9,5.85387428833832,NA,4.3,NA
100020,"Vikings","MIN","DST",NA,NA,9,7.675,6.615,8.735,1.87383297014435,15,0.415000000000001,2,2.12,NA,13.2,3.7,6.06264750731131,NA,5,NA
2503471,"Adam Vinatieri","IND","K",45,21,11,7.62614035087719,7.02042105263158,8.37831578947369,0.905985075264506,15,0.0187660156567437,2,1.35789473684211,NA,11.7,5.6,5.77017941411493,NA,3,NA
2534797,"Greg Zuerlein","LAR","K",30,5,8,7.62275862068966,6.76151724137931,8.44206896551724,1.05426081875387,16,0.238195520696663,2,1.68055172413793,NA,21,3.3,4.2496756375814,NA,17,NA
2539227,"Dustin Hopkins","WAS","K",27,4,5,7.59199004975124,6.40489552238806,9.04788059701492,1.75138178800971,17,0.422504100237737,2,2.64298507462687,NA,11.4,3.3,5.25122958732573,NA,5,NA
2539964,"Marquise Goodwin","SF","WR",27,4,11,7.565,4.69,11.15,4.32022858191555,39,0.739333333333334,3,6.46,NA,64.6,10.5,8.64920560732936,NA,2.1,NA
2541161,"Latavius Murray","MIN","RB",27,4,9,7.34533333333333,6.2652,8.6412,1.55672262568941,31,0.156416666666668,6,2.376,NA,46.5,5.4,4.66654814046376,NA,0.6,NA
100026,"Cardinals","ARI","DST",NA,NA,8,7.295,6.811,7.779,0.855599205235723,16,0.174999999999999,2,0.968,NA,9.3,3,3.83940128669471,NA,9,NA
2495139,"Charles Clay","BUF","TE",28,6,6,7.26933333333333,5.6396,9.526,2.78252427362877,11,0.150333333333332,2,3.8864,NA,16.6,3.7,5.82896001509365,NA,11.3,NA
2532838,"Coby Fleener","NO","TE",29,5,5,7.24233333333333,4.8356,10.31,3.70868121214716,12,0.40525,2,5.4744,NA,13.8,2.9,6.60036027325905,NA,11.4,NA
100017,"Rams","LAR","DST",NA,NA,8,7.225,7.085,7.365,0.247487373415292,17,0.285000000000001,2,0.280000000000001,NA,5.3,3.5,4.07524537328655,NA,28,NA
2555460,"Paul Perkins","NYG","RB",23,1,8,7.2185,5.5957,8.8413,2.86873221127382,32,0.355333333333333,6,3.2456,NA,31.2,4.5,5.77771358420504,NA,2.5,NA
2507463,"Connor Barth","CHI","K",31,9,9,7.17713615023474,6.31470422535211,8.24901408450704,1.29119103831608,18,0.0959350514377357,2,1.93430985915493,NA,26.6,3,4.36396055386075,NA,7,NA
2550636,"Cairo Santos","KC","K",26,3,10,7.16183574879227,6.36463768115942,8.18376811594203,1.2366950670197,19,0.181552524391399,2,1.81913043478261,NA,10.2,5.7,6.3206815181349,NA,6,NA
2543664,"Terrance West","BAL","RB",26,3,10,7.15933333333333,6.26,7.8104,1.10809807026875,33,0.7135,6,1.5504,NA,27.9,5.4,4.12666896798332,NA,14,NA
100015,"Jaguars","JAC","DST",NA,NA,8,7.015,7.163,10.867,3.27390439689371,18,0.195,2,3.704,NA,8.8,3.7,7.48029792667148,NA,28,NA
2506677,"Matt Prater","DET","K",33,11,7,7.00056644880174,6.48452287581699,7.42883660130719,0.620036066321452,20,0.157719226579522,3,0.944313725490196,NA,10.4,3.7,3.92730853300622,NA,7,NA
2541785,"Adam Thielen","MIN","WR",27,3,9,7,5.865,7.8226,1.39800679540552,40,0.44,4,1.9576,NA,32.8,7.2,4.30462042811231,NA,15.7,NA
2540232,"Jack Doyle","IND","TE",27,4,11,6.99566666666667,4.6754,10.0754,3.75424111283936,13,0.416666666666667,2,5.4,NA,15.9,3.6,6.9674053426116,NA,4.1,NA
2535686,"Giorgio Tavecchio","OAK","K",27,5,10,6.96,6.96,6.96,NA,21,0.242152777777778,3,0,NA,NA,NA,NA,NA,19,NA
100018,"Raiders","OAK","DST",NA,NA,10,6.865,6.037,7.693,1.46371103705615,19,0.129999999999999,2,1.656,NA,20.6,3,4.45514843853801,NA,NA,NA
100010,"Lions","DET","DST",NA,NA,7,6.775,6.035,7.515,1.30814754519511,20,0.112500000000001,2,1.48,NA,23,4.1,6.1711324498331,NA,19,NA
2532968,"Blair Walsh","SEA","K",27,5,6,6.72569444444444,6.33791666666667,7.16125,0.524877355604074,22,0.0215569153069151,3,0.823333333333333,NA,14.3,4,4.01670679497974,NA,10,NA
2507225,"Nick Folk","TB","K",33,10,1,6.71,6.71,6.71,NA,23,0.11232350982351,3,0,NA,NA,NA,NA,NA,0,NA
2550325,"Chandler Catanzaro","NYJ","K",26,3,11,6.69827505827506,6.63026573426573,6.77706293706294,0.0946695438140426,24,0.232971391353745,3,0.146797202797203,NA,22.2,4.9,4.07696552419383,NA,9,NA
100032,"Redskins","WAS","DST",NA,NA,5,6.695,6.051,7.339,1.13844191771034,21,0.185,2,1.288,NA,19.7,3.6,5.14770479693005,NA,12,NA
2557858,"Evan Engram","NYG","TE",23,0,8,6.6785,2.8461,10.5109,6.77479007054831,14,0.207583333333334,2,7.6648,NA,20,4.1,10.8671447108127,NA,4.4,NA
497284,"Eric Decker","TEN","WR",30,7,8,6.65133333333333,4.826,8.3732,2.22828865574757,41,0.212833333333334,4,3.5472,NA,32,6.2,4.88118227661986,NA,1,NA
100025,"Eagles","PHI","DST",NA,NA,10,6.63,5.854,7.406,1.3717871555019,22,0.2825,2,1.552,NA,16.4,3.5,5.21366161913638,NA,22,NA
2507164,"Adrian Peterson","NO","RB",32,10,5,6.567,4.7828,8.894,2.82549411607952,34,0.376666666666665,6,4.1112,NA,28.2,5.4,6.19340014627141,NA,1.8,NA
2556521,"Kaimi Fairbairn","HOU","K",23,1,7,6.49707792207792,6.37474025974026,6.61941558441558,0.216264476583678,25,0.0859014514896863,3,0.244675324675324,NA,21.1,4.7,4.10091913078704,NA,1,NA
2555415,"Austin Hooper","ATL","TE",NA,1,5,6.4795,4.0639,8.8951,4.27021785158556,15,0.209166666666667,2,4.8312,NA,16.5,3,7.3284800815822,NA,18.8,NA
2495448,"Randall Cobb","GB","WR",27,6,8,6.46866666666667,4.357,8.265,2.53612072530732,42,0.0856666666666657,4,3.908,NA,38.8,6.4,5.28872668035398,NA,8.5,NA
2555341,"Hunter Henry","LAC","TE",23,1,9,6.46233333333333,3.9062,9.671,3.87008337550153,16,0.8395,2,5.7648,NA,12.6,2.6,6.66331470732745,NA,0,NA
89802,"Ryan Succop","TEN","K",31,8,8,6.43352941176471,4.59411764705882,8.05811764705882,2.21439588487427,26,0.0448232431658795,3,3.464,NA,17,4.5,6.82089337337342,NA,12,NA
2543500,"Jordan Matthews","BUF","WR",25,3,6,6.40833333333333,5.642,7.246,1.01432654176716,43,0.190666666666668,4,1.604,NA,43,6.7,3.71153554972357,NA,6.1,NA
100022,"Saints","NO","DST",NA,NA,5,6.39,6.302,6.478,0.15556349186104,23,0.134999999999999,3,0.176,NA,25.8,2.9,2.96025782932759,NA,NA,NA
2506264,"Robbie Gould","SF","K",35,12,11,6.38882352941176,6.21670588235294,6.58705882352941,0.238277410946724,27,0.0145291255188207,4,0.370352941176469,NA,24.9,2.9,2.77586822422872,NA,4,NA
2559205,"Younghoe Koo","LAC","K",23,0,9,6.38858880778589,6.31125547445255,6.48935766423358,0.122332594364511,28,0.094019271362046,4,0.178102189781021,NA,19.9,4.7,3.96596716148399,NA,3,NA
2550380,"Cody Parkey","MIA","K",25,3,1,6.36,6.36,6.36,NA,29,0.281201438632849,4,0,NA,NA,NA,NA,NA,NA,NA
2553432,"Kevin White","CHI","WR",24,2,9,6.35766666666667,5.914,6.71,0.535358135581531,44,0.343333333333334,4,0.796,NA,NA,NA,2.52667122108334,NA,0.6,NA
2540168,"Eddie Lacy","SEA","RB",26,4,6,6.32466666666667,4.0412,8.926,3.1296054596919,35,0.317,6,4.8848,NA,34.6,5.8,6.76724613382124,NA,0.3,NA
100002,"Ravens","BAL","DST",NA,NA,10,6.305,6.229,6.381,0.134350288425444,24,0.2075,3,0.152,NA,15.4,2.7,2.59814178214505,NA,25,NA
2500351,"Phil Dawson","ARI","K",42,19,8,6.22913907284768,3.94,7.92993377483444,2.80020651528105,30,0.396021159015484,4,3.98993377483444,NA,15.4,3.7,7.05956020892731,NA,5,NA
100030,"Seahawks","SEA","DST",NA,NA,6,6.205,5.889,6.521,0.558614357137372,25,0.3575,3,0.631999999999999,NA,11.4,4.1,5.41218828593321,NA,10,NA
2543721,"C.J. Fiedorowicz","HOU","TE",26,3,7,6.07833333333333,5.6272,6.5432,0.573271605204142,17,0.984833333333333,2,0.915999999999999,NA,18,3.1,2.87237184350873,NA,4.6,NA
80429,"Jeremy Maclin","BAL","WR",29,8,10,6.07766666666667,5.1998,6.9838,1.1166782586463,45,0.163666666666667,4,1.784,NA,35.4,6.5,3.75656046875282,NA,11.6,NA
2557997,"Christian McCaffrey","CAR","RB",21,0,11,6.056,5.4448,6.6672,1.08045916165304,36,0.231833333333334,6,1.2224,NA,16.1,4.3,3.52175061422024,NA,5.5,NA
100024,"Jets","NYJ","DST",NA,NA,11,5.99,5.838,6.142,0.268700576850888,26,0.2925,4,0.303999999999999,NA,24,4.4,5.6295891542783,NA,4,NA
497149,"LeGarrette Blount","PHI","RB",31,7,10,5.95933333333333,4.082,8.0324,2.50510405638834,37,0.274166666666668,6,3.9504,NA,32,5.6,5.91177733157279,NA,10.7,NA
2553913,"Tyrell Williams","LAC","WR",NA,NA,9,5.951,4.315,7.6686,2.10343243295334,46,0.107,4,3.3536,NA,41.5,5.8,4.60761805798691,NA,5.4,NA
2553112,"Jason Myers","JAC","K",NA,NA,8,5.92845804988662,5.43891156462585,6.42312925170068,0.61523611073182,31,1.55956916099773,4,0.984217687074829,NA,26.4,3.4,3.69429961884154,NA,12,NA
2543614,"Donte Moncrief","IND","WR",24,3,11,5.877,4.806,6.866,1.29968265357356,47,0.0724999999999989,4,2.06,NA,44.7,7.6,4.33194237727415,NA,5,NA
497302,"Brandon LaFell","CIN","WR",31,7,6,5.811,4.44,6.9544,1.64694656865364,48,0.0272500000000004,4,2.5144,NA,69.4,9.3,5.29226657574858,NA,2.4,NA
2533040,"Mohamed Sanu","ATL","WR",28,5,5,5.798,4.829,6.5962,1.16476049040135,49,0.0554999999999994,4,1.7672,NA,61.6,9.4,4.79420630148921,NA,4.7,NA
2556462,"Robby Anderson","NYJ","WR",24,1,11,5.7695,5.6251,5.9139,0.255265548008344,50,0.144416666666666,5,0.288799999999999,NA,47.6,8.7,3.55306959414679,NA,2.2,NA
2558178,"Zane Gonzalez","CLE","K",NA,0,9,5.73777777777778,5.392,6.08355555555555,0.611254528625705,32,4.23777777777778,5,0.691555555555555,NA,28.3,2.5,3.01024082970674,NA,4,NA
2557863,"Zay Jones","BUF","WR",22,0,6,5.7155,5.5871,5.8439,0.226981276760882,51,0.196,5,0.2568,NA,47.6,6.8,2.87678306321643,NA,2.1,NA
100005,"Bears","CHI","DST",NA,NA,9,5.705,5.541,5.869,0.289913780286485,27,0.0549999999999997,5,0.328000000000001,NA,27.9,2.2,1.90406725697214,NA,2,NA
100016,"Chiefs","KC","DST",NA,NA,10,5.69,5.282,6.098,0.721248916810279,28,0.085,5,0.816,NA,17.5,4.4,6.08781959285937,NA,3,NA
2543773,"James White","NE","RB",25,3,9,5.689,4.328,6.7656,1.64322639949582,38,0.124833333333333,7,2.4376,NA,39.1,6.3,5.23836733509745,NA,6.8,NA
2506467,"Darren Sproles","PHI","RB",34,12,10,5.68133333333333,5.1282,6.377,0.839291566342313,39,0.365666666666666,7,1.2488,NA,39.4,5.9,4.06302887759859,NA,4.5,NA
100029,"49ers","SF","DST",NA,NA,11,5.61,5.538,5.682,0.127279220613578,29,0.0300000000000002,5,0.144,NA,26.1,2.8,2.76130017922925,NA,4,NA
100012,"Titans","TEN","DST",NA,NA,8,5.6,5.52,5.68,0.14142135623731,30,0.345,5,0.160000000000001,NA,22.8,2.9,2.94593812812194,NA,2,NA
100023,"Giants","NYG","DST",NA,NA,8,5.56,5.272,5.848,0.509116882454314,31,0.609999999999999,5,0.576,NA,14.1,3.6,4.51047809327826,NA,5,NA
2550617,"Taylor Gabriel","ATL","WR",26,3,5,5.53466666666667,3.63,7.2236,2.29405238243013,52,0.0835000000000008,5,3.5936,NA,54.9,4.9,4.51237134360576,NA,3.6,NA
2532884,"Marvin Jones","DET","WR",27,5,7,5.50433333333333,4.331,6.6622,1.45738475816558,53,0.160083333333334,5,2.3312,NA,43.3,7.1,4.33618254029552,NA,9.7,NA
234,"Matt Forte","NYJ","RB",32,9,11,5.447,4.6128,6.444,1.19754624127839,40,0.327166666666667,7,1.8312,NA,37.2,5.9,4.49415605310592,NA,3.6,NA
2543475,"Marqise Lee","JAC","WR",26,3,8,5.398,3.789,6.8954,1.95647719128029,54,0.138083333333332,5,3.1064,NA,58.3,5.8,4.44547748490892,NA,0,NA
2555295,"Sterling Shepard","NYG","WR",NA,1,8,5.2905,4.2973,6.2837,1.7557461376862,55,0.131333333333332,5,1.9864,NA,43.9,8.3,5.0727931767431,NA,4.4,NA
2552656,"J.J. Nelson","ARI","WR",25,2,8,5.22933333333333,3.115,7.055,2.54057244205579,56,0.1515,5,3.94,NA,60,6.1,5.19178373913867,NA,10.3,NA
925,"Jamaal Charles","DEN","RB",31,9,5,5.18433333333333,4.5586,5.9826,0.965213102549553,41,0.159166666666667,7,1.424,NA,42.9,4.8,3.64290666322428,NA,1,NA
71265,"Jared Cook","OAK","TE",30,8,10,5.16733333333333,3.314,6.9476,2.27650309319652,18,0.2225,3,3.6336,NA,19.7,2.9,4.8568431168504,NA,5.6,NA
2543491,"Paul Richardson","SEA","WR",25,3,6,5.089,3.967,6.0582,1.34821808324915,57,0.0231666666666666,5,2.0912,NA,53.6,9.1,4.8947664571668,NA,5.9,NA
2552458,"Devin Funchess","CAR","WR",23,2,11,5.06666666666667,4.303,5.6254,0.938065207399429,58,0.0064166666666674,5,1.3224,NA,58.6,7.4,3.86505479062129,NA,2,NA
2556569,"Andy Jones","HOU","WR",NA,1,7,5.065,5.065,5.065,NA,59,0.07925,5,0,NA,128.3,6.2,3.49996098813233,NA,0,NA
2555333,"Corey Coleman","CLE","WR",23,1,9,5.0555,4.3903,5.7207,1.17591857711323,60,0.143833333333333,5,1.3304,NA,42.5,5.2,3.38055204394148,NA,11.3,NA
2540011,"Chris Thompson","WAS","RB",27,4,5,5.05533333333333,4.8402,5.2842,0.279088396988004,42,0.083333333333333,7,0.444,NA,47,5.1,2.97312405939338,NA,11.6,NA
2543466,"Eric Ebron","DET","TE",24,3,7,5.01966666666667,3.627,6.091,1.68985453022837,19,0.515333333333333,3,2.464,NA,13.9,2.7,4.05364077464146,NA,0.9,NA
2556075,"Derrick Henry","TEN","RB",23,1,8,4.995,4.079,5.911,1.61927452891719,43,0.0688333333333331,7,1.832,NA,36.4,4.2,4.11819743425473,NA,2.5,NA
100007,"Browns","CLE","DST",NA,NA,9,4.95,4.91,4.99,0.0707106781186545,32,NA,6,0.0800000000000001,NA,28.7,2.3,1.85243013597147,NA,3,NA
2553733,"Thomas Rawls","SEA","RB",24,2,6,4.949,2.8378,7.0602,3.7321095911026,44,0.094333333333334,7,4.2224,NA,NA,NA,10.511613751084,NA,0,NA
2552597,"Breshad Perriman","BAL","WR",24,2,10,4.916,3.488,6.1296,1.715013994112,61,0.0328333333333344,5,2.6416,NA,63.8,7.1,4.62043338757686,NA,0.5,NA
2539205,"Terrance Williams","DAL","WR",28,4,6,4.90733333333333,3.682,6.0436,1.4885433595745,62,0.181166666666666,5,2.3616,NA,66.2,6.8,4.26870618723776,NA,6.8,NA
2540156,"Giovani Bernard","CIN","RB",26,4,6,4.90333333333333,3.796,6.428,1.8768146774078,45,0.381333333333333,7,2.632,NA,47.1,5.2,4.94781232945676,NA,7.9,NA
2505629,"Jason Witten","DAL","TE",35,14,6,4.87,4.008,5.808,1.13696965658719,20,0.915,3,1.8,NA,12.4,2.5,3.29154195917009,NA,11.9,NA
2552430,"Tyler Lockett","SEA","WR",25,2,6,4.859,3.4782,5.9182,1.67643580252869,63,0.279333333333333,5,2.44,NA,53.6,5.5,4.03464390163577,NA,0.8,NA
2557976,"Joe Mixon","CIN","RB",21,0,6,4.806,3.9548,5.6572,1.50472323036497,46,0.6565,7,1.7024,NA,28.3,5.4,4.60397156016285,NA,2.4,NA
2539336,"Tavon Austin","LAR","WR",26,4,8,4.59333333333333,3.512,5.6368,1.33052821591026,64,0.028083333333333,6,2.1248,NA,67.5,10.3,5.2826673116127,NA,NA,NA
2540169,"Robert Woods","LAR","WR",25,4,8,4.566,3.521,6.0082,1.77651540944626,65,0.00700000000000056,6,2.4872,NA,67.6,7.1,4.68828993092894,NA,5.3,NA
2553737,"Eli Rogers","PIT","WR",NA,NA,9,4.5645,3.6609,5.4681,1.59735421870041,66,0.116916666666666,6,1.8072,NA,76.6,7.3,4.55851858183853,NA,1.1,NA
2552470,"Sammie Coates","CLE","WR",24,2,9,4.5535,2.9091,6.1979,2.9069159774579,67,0.212666666666667,6,3.2888,NA,105.4,11.7,7.49726978891565,NA,NA,NA
2495459,"Torrey Smith","PHI","WR",28,6,10,4.34166666666667,3.5238,5.4038,1.28853029973429,68,0.0310000000000006,6,1.88,NA,57,7.9,4.42149228421916,NA,3,NA
2540151,"Justin Hunter","PIT","WR",26,4,9,4.34,0.434,3.906,3.06884343034962,69,0.110833333333333,7,3.472,NA,118,19.3,10.2562479374239,NA,0,NA
2532790,"Travis Benjamin","LAC","WR",28,5,9,4.28133333333333,3.144,5.4512,1.44371927095725,70,0.118333333333333,7,2.3072,NA,77.6,8.2,4.69457207050081,NA,10.3,NA
2495473,"Shane Vereen","NYG","RB",28,6,8,4.238,3.821,4.6922,0.550424381727409,47,0.18325,8,0.8712,NA,47.2,5.5,3.50752785990221,NA,5.1,NA
2557848,"Corey Davis","TEN","WR",22,0,8,4.177,2.8466,5.5074,2.35183715422646,71,0.0295000000000005,7,2.6608,NA,50.6,8.3,5.73048008826893,NA,6.9,NA
2555466,"Tyler Boyd","CIN","WR",23,1,6,4.149,3.1002,5.1978,1.85403398027113,72,0.0148333333333328,7,2.0976,NA,75.1,6.9,4.70591561950729,NA,1.1,NA
2552652,"Chris Conley","KC","WR",25,2,10,4.146,4.0596,4.2116,0.105133248784578,73,0.0644999999999998,8,0.152,NA,67.7,6.8,2.74234410847363,NA,4.3,NA
2505299,"Antonio Gates","LAC","TE",37,14,9,4.13866666666667,2.592,5.9008,2.11996352169874,21,0.414,3,3.3088,NA,19.7,3.4,4.8888314806166,NA,1.7,NA
2550353,"Allen Hurns","JAC","WR",26,3,8,4.12233333333333,2.7406,5.6366,1.83260370329576,74,0.0891666666666664,8,2.896,NA,71.6,13.2,6.82121890179893,NA,4.2,NA
2533460,"Robert Turbin","IND","RB",28,5,11,4.061,3.53,4.4444,0.654777061296438,48,0.1625,8,0.9144,NA,58.2,6.5,4.15279545855869,NA,0.3,NA
2558019,"Alvin Kamara","NO","RB",21,0,5,4.0485,3.0793,5.0177,1.713319730815,49,0.362,8,1.9384,NA,54.9,6.2,5.2707494782619,NA,3.8,NA
2555214,"Laquon Treadwell","MIN","WR",22,1,9,4.04066666666667,3.208,4.8,1.00758787871497,75,0.0610833333333343,8,1.592,NA,73.9,7.9,4.11151922965241,NA,0.7,NA
2550328,"Brandon Coleman","NO","WR",25,3,5,4.02566666666667,3.6206,4.3726,0.486560719061181,76,0.103166666666668,8,0.752,NA,66.3,8.8,3.8422167534277,NA,1.3,NA
2555343,"Josh Doctson","WAS","WR",NA,1,5,3.9335,1.6043,6.2627,4.11748278684927,77,0.0879999999999996,8,4.6584,NA,64.6,6.5,7.06744724188576,NA,0,NA
2558052,"Kenny Golladay","DET","WR",24,0,7,3.9115,3.1895,4.6335,1.27632774004172,78,0.138416666666667,8,1.444,NA,69.7,6.7,4.00061012747745,NA,18.9,NA
2541944,"Russell Shepard","CAR","WR",27,4,11,3.7795,3.0759,4.4831,1.24380082810714,79,0.0275000000000003,8,1.4072,NA,104.1,6.8,3.99867366674446,NA,11.3,NA
497238,"Jermaine Gresham","ARI","TE",29,7,8,3.77133333333333,3.1828,4.2548,0.707562953618499,22,0.111166666666667,3,1.072,NA,25.2,3.2,3.08036815249996,NA,1.5,NA
2550597,"Seth Roberts","OAK","WR",NA,NA,10,3.76666666666667,3.1592,4.3912,0.770886070268061,80,0.0469999999999997,8,1.232,NA,81.4,8.8,4.15592230663179,NA,7.9,NA
2555461,"Wendell Smallwood","PHI","RB",23,1,10,3.7485,3.6753,3.8217,0.129400540957138,50,0.1785,9,0.1464,NA,52.2,7.4,3.98827192993076,NA,0.9,NA
2552600,"Nelson Agholor","PHI","WR",24,2,10,3.73733333333333,3.4578,4.0458,0.372800661658926,81,0.0528333333333335,9,0.588,NA,74.6,6.8,3.03767040798941,NA,14.6,NA
497270,"Arrelious Benn","JAC","WR",29,7,8,3.702,3.702,3.702,NA,82,0.0754999999999999,9,0,NA,124.8,8.6,5.12963566612675,NA,1.2,NA
2540200,"Dion Sims","CHI","TE",26,4,9,3.678,3.6444,3.7116,0.0593969696196697,23,0.148333333333333,3,0.0671999999999997,NA,32.9,7.5,4.20529573586922,NA,3.1,NA
2649,"Danny Amendola","NE","WR",32,9,9,3.667,3.281,4.1818,0.62827700896977,83,0.0978333333333334,9,0.9008,NA,62.8,10.9,4.71155968956799,NA,10,NA
2534820,"Garrett Celek","SF","TE",29,5,11,3.64233333333333,2.624,4.5816,1.23541747329934,24,0.2435,3,1.9576,NA,33.9,4.9,4.47966881178844,NA,0,NA
2557994,"DOnta Foreman","HOU","RB",21,0,7,3.6245,3.0209,4.2281,1.0670241328105,51,0.11525,9,1.2072,NA,58.5,7.6,5.22055503268272,NA,0.4,NA
2550272,"Albert Wilson","KC","WR",25,3,10,3.586,2.814,4.19,0.933755856742008,84,0.100083333333333,9,1.376,NA,86.2,6.6,3.58868769534113,NA,3.7,NA
2530660,"Kamar Aiken","IND","WR",28,6,11,3.55233333333333,3.0414,4.1534,0.721876951656813,85,0.142916666666666,9,1.112,NA,84.2,6.8,3.42281781112948,NA,0.3,NA
2555464,"DeAndre Washington","OAK","RB",24,1,10,3.5155,3.2239,3.8071,0.515480843484993,52,0.0415000000000001,9,0.583199999999999,NA,52.5,5.3,3.36153875169346,NA,2.2,NA
2495469,"Dion Lewis","NE","RB",27,6,9,3.503,1.3808,5.2968,2.54868338559343,53,0.16225,9,3.916,NA,54.9,6.6,6.48390968672352,NA,0.9,NA
2539265,"Rex Burkhead","NE","RB",27,4,9,3.445,2.81,4.334,1.09985226280624,54,0.275583333333334,9,1.524,NA,42.7,8.3,5.62384272027814,NA,2.3,NA
2539291,"Markus Wheaton","CHI","WR",26,4,9,3.4195,2.6287,4.2103,1.3979501064058,86,0.0443333333333333,9,1.5816,NA,105,24.8,10.280031700579,NA,0,NA
238457,"Zach Miller","CHI","TE",33,8,9,3.417,2.628,4.2688,1.03447426260879,25,0.0763333333333338,3,1.6408,NA,20.7,3.9,3.78992718771792,NA,3.9,NA
2495453,"Andre Holmes","BUF","WR",29,6,6,3.39933333333333,2.2234,4.741,1.6138947714561,87,0.0920833333333331,9,2.5176,NA,84.7,7.7,4.71257454330805,NA,6.1,NA
2552633,"Jesse James","PIT","TE",23,2,9,3.38066666666667,2.367,4.2302,1.21751399718169,26,0.119083333333333,3,1.8632,NA,25.3,4.5,4.27982705708521,NA,16.1,NA
2495189,"Jeremy Kerley","NYJ","WR",29,6,11,3.351,1.3982,5.3038,3.45209530575273,88,0.11725,9,3.9056,NA,NA,NA,8.96293618047282,NA,0,NA
2541316,"Ryan Griffin","HOU","TE",27,4,7,3.30066666666667,2.4944,4.2464,1.13587029775997,27,0.241666666666667,4,1.752,NA,33,4.6,4.22494652443891,NA,0,NA
2534436,"Deonte Thompson","CHI","WR",28,5,9,3.2635,2.9447,3.5823,0.563564104605679,89,0.21,10,0.6376,NA,83.7,8.7,3.89322557685766,NA,1.5,NA
2558918,"Matt Breida","SF","RB",22,0,11,3.2365,2.9513,3.5217,0.504167134986008,55,0.142833333333333,10,0.5704,NA,60.7,6.5,3.97155000197066,NA,1.1,NA
2552580,"A.J. Derby","DEN","TE",26,2,5,3.2225,2.8277,3.6173,0.697914393031122,28,0.329416666666667,4,0.7896,NA,37.9,6.8,4.67103852656214,NA,3.4,NA
2532887,"Jermaine Kearse","NYJ","WR",27,5,11,3.204,2.325,3.881,1.06631374369835,90,0.32575,10,1.556,NA,69.7,10.4,5.02510231139567,NA,5.9,NA
2507999,"Chris Ivory","JAC","RB",29,7,8,3.10233333333333,2.643,3.6126,0.615951567360075,56,0.0325000000000002,10,0.9696,NA,64.4,7.3,4.5218233316172,NA,5.3,NA
284,"Darren McFadden","DAL","RB",30,9,6,3.085,2.502,3.594,0.701052779753422,57,0.0473333333333339,10,1.092,NA,50.6,10.8,6.44314493829003,NA,0,NA
2552477,"Aaron Ripkowski","GB","RB",NA,NA,8,3.05466666666667,2.5398,3.4318,0.632242305871201,58,0.0443333333333333,10,0.892,NA,84.8,10.1,5.99655574656021,NA,0,NA
2550268,"Charcandrick West","KC","RB",26,3,10,3.02066666666667,2.868,3.1336,0.18696612883978,59,0.0371666666666663,10,0.2656,NA,54.5,6.6,3.6417960689939,NA,8.5,NA
2504257,"Sebastian Janikowski","OAK","K",39,17,10,3,0.3,2.7,2.12132034355964,33,3,6,2.4,NA,NA,NA,7.82234510774781,NA,0,NA
2558865,"Chris Carson","SEA","RB",23,0,6,3,0.3,2.7,2.12132034355964,60,0.0476666666666663,11,2.4,NA,59.3,11.8,8.67199736344029,NA,4.9,NA
2558250,"Tarik Cohen","CHI","RB",22,0,9,2.967,2.2126,3.7214,1.33360338931783,61,0.0751666666666666,11,1.5088,NA,58.7,6.8,5.12560826236461,NA,17.3,NA
2539980,"Kerwynn Williams","ARI","RB",26,4,8,2.93766666666667,1.9116,4.2036,1.52373105675947,62,0.113916666666667,11,2.292,NA,69.7,6,4.93865890293077,NA,7.2,NA
2557898,"Cooper Kupp","LAR","WR",24,0,8,2.903,1.6622,4.1438,2.19344523524067,91,0.0570000000000004,10,2.4816,NA,57,9.8,6.06499438815311,NA,13.6,NA
2552397,"Clive Walford","OAK","TE",26,2,10,2.8955,2.3607,3.4303,0.945401766446414,29,0.0116666666666663,4,1.0696,NA,42.9,4.7,4.03758389411489,NA,NA,NA
2506122,"Benjamin Watson","BAL","TE",37,13,10,2.89066666666667,2.13,3.7236,1.00821442825092,30,0.0751666666666666,4,1.5936,NA,28.2,4.9,4.20307444004894,NA,0,NA
2495288,"Virgil Green","DEN","TE",29,6,5,2.877,2.5424,3.2744,0.477276649334534,31,0.17225,4,0.732,NA,35.2,5.1,3.64574003402758,NA,4.4,NA
2530700,"Dontrelle Inman","LAC","WR",28,4,9,2.8535,2.6987,3.0083,0.273650324319194,92,0.0967500000000001,10,0.3096,NA,92,9.6,3.87891812734983,NA,0,NA
2507428,"Mike Tolbert","BUF","RB",32,9,6,2.846,1.1086,5.1126,2.75231775055134,63,0.0802499999999999,11,4.004,NA,63.3,8.3,7.61243583070162,NA,11.4,NA
2555348,"Braxton Miller","HOU","WR",25,1,7,2.8385,2.6253,3.0517,0.37688791437243,93,0.178,10,0.4264,NA,82.2,9.2,3.85701734793544,NA,0,NA
2556885,"Jalen Richard","OAK","RB",24,1,10,2.8015,2.0403,3.5627,1.345624204598,64,0.0849999999999995,11,1.5224,NA,60.8,6,4.72432337716386,NA,2.8,NA
2540215,"Vance McDonald","PIT","TE",27,4,9,2.754,2.082,3.522,0.923688259100439,32,0.12225,4,1.44,NA,25.6,4.4,3.87761541849154,NA,0,NA
2557934,"Elijah McGuire","NYJ","RB",23,0,11,2.73,2.73,2.73,NA,65,0.0600000000000001,11,0,NA,85.2,7.5,6.23993835130658,NA,0,NA
2559163,"Justin Davis","LAR","RB",NA,0,8,2.703,2.703,2.703,NA,66,0.141666666666667,11,0,NA,91.3,6.7,5.40843664783282,NA,NA,NA
2553606,"Jordan Taylor","DEN","WR",25,2,5,2.675,2.3806,2.9694,0.520430590953299,94,0.108,11,0.5888,NA,112.3,11,4.62652072945469,NA,0,NA
2553830,"Will Tye","NYJ","TE",NA,NA,11,2.6555,2.4991,2.8119,0.27647875144394,33,0.0837500000000002,4,0.312799999999999,NA,38.6,10.2,5.6713809137576,NA,3.4,NA
2495331,"Aldrick Robinson","SF","WR",29,6,11,2.646,1.286,4.006,2.40416305603426,95,0.200666666666667,11,2.72,NA,84.8,9,6.02587387495795,NA,0.7,NA
2550658,"Branden Oliver","LAC","RB",26,3,9,2.637,2.5302,2.7542,0.141799153735133,67,0.194416666666667,11,0.224,NA,66.7,7.7,4.15909911106769,NA,1,NA
2495888,"Marcedes Lewis","JAC","TE",33,11,8,2.608,2.064,3.2432,0.76299213626354,34,0.0749999999999997,4,1.1792,NA,33.5,4.7,3.81552051002198,NA,0,NA
2557986,"David Njoku","CLE","TE",21,0,9,2.5355,2.1871,2.8839,0.615890006413483,35,0.0285000000000002,4,0.6968,NA,26.3,4.6,3.59192850317404,NA,2,NA
2555364,"Tyler Higbee","LAR","TE",24,1,8,2.5305,2.5301,2.5309,0.000707106781186784,36,0.123916666666666,4,0.000799999999999912,NA,27.5,3.6,2.39789625004093,NA,1.7,NA
2540145,"Cordarrelle Patterson","OAK","WR",26,4,10,2.488,2.3144,2.6616,0.306884343034961,96,0.107166666666667,11,0.3472,NA,90.7,9.6,3.91558631814665,NA,0.2,NA
2552631,"Javorius Allen","BAL","RB",26,2,10,2.48566666666667,1.2976,3.54,1.43109619988781,68,0.12625,11,2.2424,NA,70.7,6.3,4.98308778064885,NA,7.1,NA
2541834,"Josh Hill","NO","TE",27,4,5,2.4835,2.2783,2.6887,0.362745778748699,37,0.202666666666667,4,0.410399999999999,NA,37.5,7.8,4.70812378601872,NA,0,NA
2541966,"Jaron Brown","ARI","WR",27,4,8,2.40266666666667,1.098,4.074,2.02232745452692,97,0.144916666666666,11,2.976,NA,79.4,12.6,6.82683804966045,NA,0,NA
2555417,"C.J. Prosise","SEA","RB",23,1,6,2.3995,1.6079,3.1911,1.39936431996818,69,0.121833333333333,11,1.5832,NA,45.8,6.3,4.94490132637375,NA,1.1,NA
2541388,"Brice Butler","DAL","WR",27,4,6,2.359,1.6526,3.0654,1.24875057557544,98,0.242,11,1.4128,NA,103.1,8,4.41155355614898,NA,3,NA
2550284,"Trey Burton","PHI","TE",26,3,10,2.32966666666667,1.344,3.1464,1.1843885905113,38,0.0991666666666666,4,1.8024,NA,40.7,5.4,4.6401046734711,NA,0,NA
2540230,"Kyle Juszczyk","SF","RB",26,4,11,2.31933333333333,1.9034,2.661,0.500056330160246,70,0.0988333333333329,11,0.7576,NA,64.7,8.8,5.16188671802957,NA,1.7,NA
2543715,"Jerick McKinnon","MIN","RB",25,3,9,2.236,1.062,3.7804,1.8787517132394,71,0.0340000000000003,11,2.7184,NA,65.1,6.3,5.52180079843709,NA,3.7,NA
2552396,"Ben Koyack","JAC","TE",24,2,8,2.232,1.6264,2.8376,1.07055966671643,39,0.0734999999999997,4,1.2112,NA,45,11.8,7.35027095530408,NA,0,NA
2495826,"Vernon Davis","WAS","TE",33,11,5,2.229,1.2164,3.3084,1.31547443912833,40,0.1495,4,2.092,NA,29.5,3.6,3.99847886633761,NA,0,NA
2559169,"Austin Ekeler","LAC","RB",NA,NA,9,2.205,2.205,2.205,NA,72,0.0845000000000002,11,0,NA,92.7,3.7,2.29030525980624,NA,1.8,NA
2552471,"T.J. Yeldon","JAC","RB",24,2,8,2.199,2.0302,2.3678,0.298399061660723,73,0.2395,11,0.3376,NA,NA,NA,2.24729216291667,NA,NA,NA
2552651,"Kaelin Clay","BUF","WR",25,2,6,2.1565,0.7377,3.5753,2.50810775286868,99,0.08575,11,2.8376,NA,124.2,6.5,5.29177059819327,NA,0,NA
2556365,"Seth DeValve","CLE","TE",24,1,9,2.088,2.088,2.088,NA,41,0.0219999999999998,5,0,NA,35.6,7.1,5.87891607022928,NA,4.2,NA
2532933,"Brian Quick","WAS","WR",28,5,5,2.0775,1.8747,2.2803,0.35850313806158,100,0.0234999999999999,12,0.4056,NA,95.6,16.4,6.28124483384798,NA,1.1,NA
2552402,"Nick Boyle","BAL","TE",24,2,10,2.071,1.6054,2.5366,0.823072293301141,42,0.0379999999999998,5,0.9312,NA,33.6,8.5,5.5801009567643,NA,1.4,NA
2558928,"Austin Carr","NO","WR",24,0,5,2.064,2.064,2.064,NA,101,0.028,12,0,NA,130.5,0.5,-0.370516372104428,NA,NA,NA
2541187,"Demetrius Harris","KC","TE",26,4,10,2.061,1.6394,2.4826,0.745290547370621,43,0.0585000000000004,5,0.8432,NA,52.4,4.6,3.74945923222375,NA,7.5,NA
2558149,"JuJu Smith-Schuster","PIT","WR",21,0,9,2.044,2.044,2.044,NA,102,0.0215000000000001,12,0,NA,88.3,9.5,5.74076367037466,NA,0,NA
2558138,"Samaje Perine","WAS","RB",22,0,5,2.042,1.9524,2.1316,0.158391918985787,74,0.20325,11,0.1792,NA,56.5,6,3.29559644691952,NA,0,NA
2557870,"Taywan Taylor","TEN","WR",NA,0,8,2.028,1.6208,2.4352,0.719834703247905,103,0.0109999999999997,12,0.8144,NA,88.1,8.8,4.09959564682146,NA,1.4,NA
2552424,"Phillip Dorsett","NE","WR",24,2,9,2.017,1.2066,2.8274,1.43259833868395,104,0.0575000000000001,12,1.6208,NA,89.8,16.3,7.43237799763855,NA,NA,NA
2557905,"Amara Darboh","SEA","WR",23,0,6,2.017,2.017,2.017,NA,104,0.1275,12,0,NA,115.8,14.5,9.1359192495297,NA,0,NA
2495187,"Lance Kendricks","GB","TE",29,6,8,2.005,1.753,2.257,0.445477272147525,44,0.0369999999999999,5,0.504,NA,50.6,8.1,4.94237485549332,NA,1.8,NA
2558266,"George Kittle","SF","TE",24,0,11,2,0.2,1.8,1.4142135623731,45,0.1185,5,1.6,NA,27.8,5.7,5.05342565045407,NA,2.7,NA
2552468,"Maxx Williams","BAL","TE",23,2,10,1.936,1.0514,2.809,1.09878705853318,46,0.12675,5,1.7576,NA,38.9,12.3,7.60719249338274,NA,0.5,NA
2550198,"Bennie Fowler","DEN","WR",26,3,5,1.902,0.6908,3.1132,2.14111933343287,106,0.0465,12,2.4224,NA,100.7,8.4,5.53193971092323,NA,14.1,NA
2553617,"Terrell Watson","PIT","RB",24,2,9,1.877,1.877,1.877,NA,75,0.134416666666667,11,0,NA,86.8,8.2,6.96750234184612,NA,NA,NA
2557960,"Ryan Switzer","DAL","WR",23,0,6,1.877,1.877,1.877,NA,107,0.07975,12,0,NA,117.7,14.9,9.4075316958621,NA,0,NA
2543836,"T.J. Jones","DET","WR",25,3,7,1.834,1.7284,1.9396,0.186676190233249,108,0.0822500000000002,12,0.2112,NA,NA,NA,1.75724660176285,NA,3.2,NA
2555311,"Jerell Adams","NYG","TE",25,1,8,1.827,1.827,1.827,NA,47,0.0542499999999999,5,0,NA,61.6,7.7,6.41305487711529,NA,0,NA
2558204,"Jamaal Williams","GB","RB",NA,0,8,1.8005,1.6969,1.9041,0.183140656327316,76,0.122666666666666,11,0.2072,NA,52.9,6.4,3.53325474506822,NA,0.9,NA
2552660,"Randall Telfer","CLE","TE",25,2,9,1.7915,1.1183,2.4647,1.19006071273696,48,0.0870000000000002,5,1.3464,NA,58.2,7.9,5.75979903079013,NA,0,NA
2558202,"Trent Taylor","SF","WR",23,0,11,1.7605,1.5449,1.9761,0.381130555059549,109,0.0225000000000002,12,0.4312,NA,87.7,10.4,4.26911706306768,NA,0.8,NA
497224,"Ed Dickson","CAR","TE",30,7,11,1.754,1.0452,2.4628,1.25299321626256,49,0.1415,5,1.4176,NA,55.6,3.2,3.74436867587143,NA,0,NA
2555477,"Charone Peake","NYJ","WR",25,1,11,1.743,1.743,1.743,NA,110,0.0179999999999998,12,0,NA,92.8,10.7,6.55560100937187,NA,0,NA
2543646,"Bruce Ellington","HOU","WR",26,3,7,1.733,1.733,1.733,NA,111,0.0309999999999999,0,0,NA,79.5,11.2,6.89511656728737,NA,0,NA
2558066,"Curtis Samuel","CAR","WR",21,0,11,1.717,1.717,1.717,NA,112,0.0454999999999999,13,0,NA,78.9,7.4,4.31479832712954,NA,0,NA
2555331,"Cody Core","CIN","WR",23,1,6,1.687,1.687,1.687,NA,113,0.0575000000000001,13,0,NA,128.5,7.7,4.51850766187884,NA,0,NA
2550481,"Orleans Darkwa","NYG","RB",25,3,8,1.68466666666667,0.6422,2.867,1.42309182182083,77,0.0386666666666668,11,2.2248,NA,67.7,6.6,5.12936180329186,NA,1.3,NA
2558116,"Aaron Jones","GB","RB",23,0,8,1.671,1.671,1.671,NA,78,0.0505,11,0,NA,78,7.6,6.3438760642408,NA,0,NA
2558150,"ArDarius Stewart","NYJ","WR",NA,0,11,1.656,1.4008,1.9112,0.451134126397017,114,0.111,13,0.5104,NA,78.4,11,4.55006365077197,NA,1,NA
2558144,"Adam Shaheen","CHI","TE",23,0,9,1.655,1.655,1.655,NA,50,0.100833333333333,5,0,NA,41.9,10.7,9.08374891154532,NA,0,NA
2558123,"Marlon Mack","IND","RB",NA,0,11,1.621,1.0282,2.2138,1.04793224971846,79,0.0102500000000001,11,1.1856,NA,63.6,7.7,5.24954853053363,NA,10.5,NA
2552375,"Cameron Artis-Payne","CAR","RB",25,2,11,1.62,0.162,1.458,1.14551298552221,80,0.0332500000000002,11,1.296,NA,94.8,4.3,3.60003702135691,NA,0,NA
2558912,"Victor Bolden","SF","WR",22,0,11,1.603,1.603,1.603,NA,115,0.12225,13,0,NA,129.4,10.6,6.48769789778876,NA,NA,NA
2557850,"DeAngelo Henderson","DEN","RB",25,0,5,1.6015,1.0483,2.1547,0.977928678380995,81,0.0334999999999999,11,1.1064,NA,76,8.3,5.47711868774356,NA,0,NA
2556118,"Dwayne Washington","DET","RB",NA,1,7,1.572,1.572,1.572,NA,82,0.0299999999999998,11,0,NA,81.2,9.7,8.52656803585941,NA,2.2,NA
2558207,"Jonnu Smith","TEN","TE",22,0,8,1.57,1.57,1.57,NA,51,0.0718333333333334,5,0,NA,49.5,6.5,5.34477726334327,NA,0,NA
2559254,"Shane Smith","NYG","RB",NA,NA,8,1.564,1.564,1.564,NA,83,0.0447499999999998,11,0,NA,NA,NA,NA,NA,NA,NA
2533046,"Dwayne Allen","NE","TE",27,5,9,1.53833333333333,0.699,2.4334,1.09069534395877,52,0.0958333333333332,5,1.7344,NA,24.8,4.8,4.25897419016489,NA,0,NA
2552635,"Matt Jones","FA","RB",25,2,NA,1.52,0.152,1.368,1.07480230740355,84,0.00225000000000009,11,1.216,NA,82.7,8.7,5.80157278510901,NA,NA,NA
2553631,"Zach Zenner","DET","RB",NA,NA,7,1.5185,0.6317,2.4053,1.56765573389058,85,0.0229999999999999,11,1.7736,NA,71.9,6.6,5.30333142728083,NA,0,NA
2557987,"Matthew Dayes","CLE","RB",NA,0,9,1.517,1.517,1.517,NA,86,0.0645,11,0,NA,91.6,5.3,3.95330866675375,NA,1.6,NA
2539235,"Tavarres King","NYG","WR",27,4,8,1.487,1.487,1.487,NA,116,0.0697500000000002,13,0,NA,125.4,13.7,8.59269435686489,NA,0,NA
2555473,"Ricardo Louis","CLE","WR",NA,1,9,1.4745,1.0245,1.9245,0.795495128834866,117,0.13175,13,0.9,NA,95.1,5.8,3.16452762020811,NA,3.2,NA
2541544,"Benny Cunningham","CHI","RB",27,4,9,1.474,0.71,2.0636,0.926438341175494,87,0.0665,11,1.3536,NA,73.5,7.1,4.79152843535051,NA,0,NA
2541199,"Luke Willson","SEA","TE",27,4,6,1.458,1.3044,1.6116,0.271529003975634,53,0.0514999999999997,6,0.3072,NA,42.2,4.4,3.0836842482165,NA,0,NA
2557978,"James Conner","PIT","RB",22,0,9,1.431,0.5902,2.2718,1.48633845405412,88,0.0569999999999999,11,1.6816,NA,65.5,6,4.89366027955732,NA,1.1,NA
2557889,"Gerald Everett","LAR","TE",23,0,8,1.427,1.0814,1.7726,0.610940258945177,54,0.106,6,0.6912,NA,35.6,7.3,4.78771505307549,NA,3.9,NA
2540203,"Levine Toilolo","ATL","TE",26,4,5,1.386,1.2748,1.4972,0.19657568516986,55,0.13325,6,0.2224,NA,45.6,5,3.25950634412252,NA,0,NA
2552382,"Malcolm Brown","LAR","RB",24,2,8,1.384,1.384,1.384,NA,89,0.100666666666667,11,0,NA,73.8,5.9,4.57693494435907,NA,7.6,NA
2558850,"Donnel Pumphrey","PHI","RB",23,0,10,1.364,1.364,1.364,NA,90,0.1745,11,0,NA,NA,NA,NA,NA,0,NA
2543759,"Ryan Grant","WAS","WR",27,3,5,1.36,0.552,2.168,1.42835569799683,118,0.11575,13,1.616,NA,105.9,14.6,6.85052050354856,NA,6.1,NA
2532978,"Jarius Wright","MIN","WR",28,5,9,1.3255,0.8051,1.8459,0.919945922323698,119,0.17775,13,1.0408,NA,103.1,6.9,3.67530540583515,NA,2.1,NA
2553451,"Neal Sterling","FA","TE",NA,NA,NA,1.256,1.256,1.256,NA,56,0.0447500000000001,7,0,NA,NA,NA,NA,NA,0,NA
2550313,"Richard Rodgers","GB","TE",25,3,8,1.2495,1.2235,1.2755,0.0459619407771256,57,0.163,7,0.052,NA,39.6,12.2,6.28098374670858,NA,0,NA
2533457,"Alfred Morris","DAL","RB",29,5,6,1.20266666666667,0.4936,1.9176,0.890090632089415,91,0.0457499999999997,11,1.424,NA,72.3,9,5.73519552004085,NA,0.1,NA
2539217,"Andre Ellington","ARI","RB",28,4,8,1.17633333333333,0.5038,1.8238,0.826783123517488,92,0.0425833333333334,11,1.32,NA,76,7.3,4.77554008585127,NA,3.5,NA
497246,"Michael Hoomanawanui","NO","TE",29,7,5,1.173,0.949,1.397,0.395979797464467,58,0.2195,7,0.448,NA,73.9,6.3,4.08090898924365,NA,0,NA
2557866,"Jehu Chesson","KC","WR",24,0,10,1.163,1.163,1.163,NA,120,0.0317499999999999,13,0,NA,122.3,12.6,7.84576012945078,NA,0,NA
2555432,"Andy Janovich","DEN","RB",24,1,5,1.1375,0.4835,1.1915,0.625789501350095,93,0.0162500000000001,11,0.708,NA,90.3,7.1,4.42972468455059,NA,0,NA
2543590,"Cody Latimer","DEN","WR",25,3,5,1.1325,0.4961,1.7689,1.1250068888678,121,0.012,13,1.2728,NA,116,7.8,4.20711994691817,NA,0,NA
2495472,"Jordan Todman","HOU","RB",27,6,7,1.13,1.13,1.13,NA,94,0.0782499999999999,11,0,NA,99.5,8.8,7.59112861945143,NA,0,NA
2558194,"Josh Reynolds","LAR","WR",22,0,8,1.13,1.13,1.13,NA,122,0.02525,14,0,NA,117.8,16,10.1544659232762,NA,0,NA
2540037,"Fozzy Whittaker","CAR","RB",28,5,11,1.1125,0.5825,1.6425,0.936916485072175,95,0.165,11,1.06,NA,85.4,5.8,4.12854280200139,NA,0.1,NA
2555419,"Pharoh Cooper","LAR","WR",22,1,8,1.111,1.111,1.111,NA,123,0.0622499999999999,14,0,NA,125.2,8.3,4.92592633137745,NA,0,NA
2552418,"Justin Hardy","ATL","WR",26,2,5,1.0985,1.0653,1.1317,0.0586898628384834,124,0.10025,14,0.0664,NA,95.1,10,3.77755137174516,NA,0,NA
2557885,"Jordan Leggett","NYJ","TE",22,0,11,1,0.1,0.9,0.707106781186548,59,0.12575,8,0.8,NA,48.7,16.2,8.86631655469732,NA,0,NA
2552428,"Tre McBride","CHI","WR",25,2,9,0.999,0.999,0.999,NA,125,0.0135000000000001,14,0,NA,NA,NA,NA,NA,0,NA
2558129,"Isaiah McKenzie","DEN","WR",22,0,5,0.9975,0.5627,1.4323,0.768625071149777,126,0.03775,14,0.8696,NA,NA,NA,3.04141345392359,NA,0,NA
2553762,"Terron Ward","ATL","RB",NA,NA,5,0.991,0.991,0.991,NA,96,0.124,11,0,NA,82.7,3.8,2.39424297274045,NA,0,NA
2531049,"Chris Matthews","BAL","WR",28,4,10,0.9735,0.2195,1.7275,1.33289628253664,127,0.06175,14,1.508,NA,131.6,4.1,3.18028361867895,NA,0,NA
2558069,"Chad Hansen","NYJ","WR",22,0,11,0.946,0.946,0.946,NA,128,0.0720000000000001,14,0,NA,118.5,11,6.75931034412117,NA,0,NA
2507218,"Brent Celek","PHI","TE",32,10,10,0.907,0.661,1.1218,0.295815821077913,60,0.0727499999999999,8,0.4608,NA,51.5,6.4,4.00348208460468,NA,1.1,NA
2535696,"Joe Banyard","BUF","RB",29,5,6,0.904,0.1808,1.6272,1.27844906038528,97,0.0884999999999999,11,1.4464,NA,81.7,8.6,5.99467442054802,NA,0,NA
80427,"Darrius Heyward-Bey","PIT","WR",30,8,9,0.8775,0.6355,1.1195,0.427799602617861,129,0.0387499999999998,14,0.484,NA,116.1,13.7,5.44100990615884,NA,0,NA
2558047,"Rodney Adams","MIN","WR",23,0,9,0.8705,0.5637,1.1773,0.542350901170082,130,0.0705,14,0.6136,NA,145,3,1.9345816685711,NA,0,NA
2552399,"Jeff Heuerman","DEN","TE",25,2,5,0.8415,0.6083,1.0747,0.412243253431757,61,0.0190000000000001,8,0.4664,NA,59.9,9.3,5.43605495054689,NA,2,NA
2555234,"Tyler Ervin","HOU","RB",24,1,7,0.83,0.83,0.83,NA,98,0.0790000000000001,11,0,NA,87.9,10.7,9.5659451652016,NA,2.6,NA
2532835,"Rhett Ellison","NYG","TE",29,5,8,0.827,0.427,1.1614,0.480471643283972,62,0.0219999999999999,8,0.7344,NA,57.5,10.8,6.18678891559304,NA,0.9,NA
2533028,"James Hanna","DAL","TE",28,5,6,0.818,0.818,0.818,NA,63,0.027,8,0,NA,76.5,4.6,3.65333770820425,NA,0,NA
2553499,"Damiere Byrd","CAR","WR",NA,NA,11,0.807,0.807,0.807,NA,131,0.0455,14,0,NA,132.5,7.6,4.45060455029574,NA,0,NA
2553728,"Raheem Mostert","SF","RB",NA,NA,11,0.801,0.801,0.801,NA,99,0.137,0,0,NA,87.4,8.8,7.59112861945143,NA,0,NA
2557896,"Stacy Coley","MIN","WR",NA,0,9,0.793,0.5354,1.0506,0.455376767084137,132,0.0670000000000001,14,0.5152,NA,NA,NA,2.35017904869004,NA,0,NA
2540928,"Darren Fells","DET","TE",31,5,7,0.792,0.5024,1.0816,0.51194530957906,64,0.02,8,0.5792,NA,58.4,7.3,4.66719974123419,NA,0,NA
2558049,"Michael Roberts","DET","TE",23,0,7,0.79,0.79,0.79,NA,65,0.0605,8,0,NA,77.5,3.3,2.49603695995124,NA,0,NA
2556463,"Stephen Anderson","HOU","TE",24,1,7,0.754,0.754,0.754,NA,66,0.0525,8,0,NA,63.5,9.6,8.10449443225431,NA,1.4,NA
2556855,"Marcus Johnson","PHI","WR",23,1,10,0.73,0.73,0.73,NA,133,0.0265,14,0,NA,150,11,6.75931034412117,NA,NA,NA
2558258,"Shelton Gibson","PHI","WR",22,0,10,0.722,0.722,0.722,NA,134,0.043,14,0,NA,149.5,12.5,7.77785701786768,NA,0,NA
2553454,"Geoff Swaim","DAL","TE",NA,NA,6,0.705,0.4858,0.9242,0.387494516090228,67,0.0115000000000001,8,0.4384,NA,58.2,4.5,3.26937089504253,NA,0,NA
2533436,"Brock Osweiler","DEN","QB",27,5,5,0.7048,0.7048,0.7048,NA,31,0.1186,8,0,NA,NA,NA,NA,NA,0,NA
2506147,"John Kuhn","NO","RB",35,11,5,0.701,0.701,0.701,NA,100,0.0774999999999999,0,0,NA,95,3,1.5627412692667,NA,0.2,NA
2543628,"Troy Niklas","ARI","TE",25,3,8,0.698,0.6404,0.7556,0.101823376490863,68,0.0434999999999999,8,0.1152,NA,57,7.4,4.21243358798928,NA,0,NA
2558023,"Eric Saubert","ATL","TE",23,0,5,0.689,0.689,0.689,NA,69,0.09075,8,0,NA,73,0,-0.441726477921804,NA,0,NA
2555413,"Trevor Davis","GB","WR",24,1,8,0.685,0.685,0.685,NA,135,0.0204999999999999,0,0,NA,125.5,11,6.75931034412117,NA,0,NA
2556612,"Tanner McEvoy","SEA","WR",24,1,6,0.673,0.673,0.673,NA,136,0.0209999999999999,0,0,NA,114.6,11,6.75931034412117,NA,0,NA
2558262,"Mack Hollins","PHI","WR",24,0,10,0.656,0.656,0.656,NA,137,0.00949999999999995,14,0,NA,106.1,7.7,4.51850766187884,NA,0,NA
2556592,"Roger Lewis","NYG","WR",24,1,8,0.648,0.648,0.648,NA,138,0.029,14,0,NA,100.3,13.7,8.59269435686489,NA,5.4,NA
2535988,"Brittan Golden","ARI","WR",29,5,8,0.645,0.281,1.009,0.643467170879758,139,0.0635,14,0.728,NA,123.2,9.3,4.18509460437377,NA,0,NA
2555218,"Dan Vitale","CLE","RB",NA,1,9,0.627,0.627,0.627,NA,101,0.0469999999999999,11,0,NA,93.4,6.6,5.3044989348986,NA,0,NA
497204,"C.J. Spiller","KC","RB",30,7,10,0.62,0.048,0.848,0.52204725201205,102,0.10475,11,0.8,NA,79.4,6.3,3.88912939653142,NA,0,NA
2552559,"C.J. Uzomah","CIN","TE",24,2,6,0.62,0.62,0.62,NA,70,0.05525,8,0,NA,68,11.5,9.79593398739334,NA,0,NA
2557922,"C.J. Beathard","SF","QB",24,0,11,0.6024,0.6024,0.6024,NA,32,0.039,8,0,NA,NA,NA,NA,NA,0,NA
497320,"Andre Roberts","ATL","WR",29,7,5,0.593,0.5746,0.6114,0.0325269119345811,140,0.023,15,0.0367999999999999,NA,121.6,6.5,2.5603804709668,NA,0,NA
2552478,"Blake Bell","MIN","TE",26,2,9,0.5765,0.5377,0.6153,0.0685893577750952,71,0.0245,8,0.0776000000000001,NA,70.3,9,4.88415995200486,NA,0,NA
2535964,"Josh Bellamy","CHI","WR",28,5,9,0.57,0.0570000000000001,0.513,0.403050865276332,141,0.0397500000000001,16,0.456,NA,109.3,8.9,3.78402912863487,NA,2.7,NA
2540279,"Nick Williams","ATL","WR",27,4,5,0.57,0.57,0.57,NA,141,0.0800000000000001,16,0,NA,140,20,12.8705903866003,NA,0,NA
2532888,"Case Keenum","MIN","QB",29,5,9,0.57,0.57,0.57,NA,33,0.0134,0,0,NA,38,2,3.91192439689766,NA,0,NA
2555261,"Jacoby Brissett","IND","QB",25,1,11,0.5568,0.5568,0.5568,NA,34,0.00659999999999994,0,0,NA,NA,NA,NA,NA,2.04,NA
2558063,"Deshaun Watson","HOU","QB",22,0,7,0.5564,0.5564,0.5564,NA,35,0.0352000000000001,0,0,NA,31.6,1.8,3.69754411130586,NA,3.68,NA
2495211,"Niles Paul","WAS","TE",28,6,5,0.553,0.553,0.553,NA,72,0.033,8,0,NA,59.7,7.8,6.50207801159629,NA,0,NA
2541096,"Ifeanyi Momah","ARI","TE",28,4,8,0.551,0.399,0.703,0.268700576850888,73,0.08175,8,0.304,NA,NA,NA,2.68519046794268,NA,0,NA
2552576,"Sean Mannion","LAR","QB",25,2,8,0.544,0.544,0.544,NA,36,0.0476,0,0,NA,NA,NA,NA,NA,NA,NA
2536044,"Jamize Olawale","OAK","RB",28,5,10,0.54,0.0540000000000001,0.486,0.381837661840736,103,0.06025,11,0.432,NA,91.2,4.3,2.68102267670898,NA,0,NA
2559242,"Cooper Rush","DAL","QB",NA,0,6,0.4984,0.4984,0.4984,NA,37,0.0117,0,0,NA,NA,NA,NA,NA,NA,NA
2558191,"Nathan Peterman","BUF","QB",23,0,6,0.4944,0.4944,0.4944,NA,38,0.0404,0,0,NA,32.4,0.8,2.62564268334687,NA,0,NA
2495467,"Taiwan Jones","BUF","RB",29,6,6,0.4905,0.1941,0.7869,0.523966124859232,104,0.0625,11,0.5928,NA,90.7,11.8,6.74972569255169,NA,0,NA
2543750,"Jeff Janis","GB","WR",26,3,8,0.4905,0.3469,0.6341,0.253851334445971,143,0.01275,16,0.2872,NA,117.4,11.2,4.40029814039101,NA,0,NA
2556752,"Tommylee Lewis","NO","WR",25,1,5,0.4895,0.3259,0.6531,0.289206673505298,144,0.0295000000000001,16,0.3272,NA,103.7,11,4.37140374242154,NA,5.2,NA
2552586,"Tyler Kroft","CIN","TE",25,2,6,0.489,0.3898,0.5882,0.175362481734264,74,0.04125,8,0.1984,NA,59.1,8.6,4.83609805510026,NA,0.5,NA
2558008,"Mitchell Trubisky","CHI","QB",23,0,9,0.479,0.479,0.479,NA,39,0.0619,0,0,NA,NA,NA,NA,NA,0,NA
2556603,"Tre Madden","SEA","RB",24,1,6,0.469,0.469,0.469,NA,105,0.0915,11,0,NA,NA,NA,NA,NA,0,NA
2553467,"Quan Bray","IND","WR",NA,NA,11,0.466,0.466,0.466,NA,145,0.0207499999999999,16,0,NA,110.9,8.1,4.79012010821124,NA,0,NA
2543638,"DeAnthony Thomas","KC","WR",24,3,10,0.454,0.454,0.454,NA,146,0.03325,16,0,NA,126,0,-0.710031930019932,NA,-0.2,NA
2552403,"Nick OLeary","BUF","TE",25,2,6,0.4495,0.3811,0.5179,0.1209152595829,75,0.0157500000000001,8,0.1368,NA,58.2,7.5,4.28018739394204,NA,2.2,NA
2550521,"Xavier Grimble","PIT","TE",25,3,9,0.446,0.446,0.446,NA,76,0.02675,8,0,NA,60.1,11.7,9.97398025635534,NA,0,NA
2543792,"Matt Hazel","IND","WR",25,3,11,0.4365,0.0993000000000001,0.7737,0.59609101654026,147,0.0405,16,0.6744,NA,136.5,16.4,6.54338338933158,NA,0.1,NA
2552588,"Brett Hundley","GB","QB",24,2,8,0.429,0.429,0.429,NA,40,0.0261,0,0,NA,NA,NA,NA,NA,0,NA
2555306,"David Morgan","MIN","TE",24,1,9,0.4215,0.3411,0.5019,0.142128463018496,77,0.032,8,0.1608,NA,61.6,6.1,3.68285016225531,NA,0,NA
2555289,"Nick Vannett","SEA","TE",NA,1,6,0.417,0.417,0.417,NA,78,0.05975,8,0,NA,69.5,5.2,4.18747651509026,NA,1,NA
497123,"Colt McCoy","WAS","QB",31,7,5,0.4052,0.4052,0.4052,NA,41,0.00510000000000005,0,0,NA,39.5,0.5,2.30407225495917,NA,0,NA
81306,"Brandon Tate","BUF","WR",30,8,6,0.405,0.3562,0.4538,0.0862670273047588,148,0.055,16,0.0976,NA,117.5,7.8,3.06104394094968,NA,0,NA
2556232,"Jake Rudock","DET","QB",24,1,7,0.4006,0.4006,0.4006,NA,42,0.0107,0,0,NA,NA,NA,NA,NA,0,NA
2543801,"Jimmy Garoppolo","NE","QB",26,3,9,0.3996,0.3996,0.3996,NA,43,0.0256999999999999,0,0,NA,33.8,2.4,4.34068496808125,NA,0,NA
2530763,"Patrick DiMarco","BUF","RB",28,6,6,0.387,0.1974,0.5766,0.335168614282424,106,0.024,11,0.3792,NA,90.9,7.6,4.33983295239512,NA,0.5,NA
2555209,"Chris Moore","BAL","WR",24,1,10,0.387,0.387,0.387,NA,149,0.112,16,0,NA,111.8,8.5,5.06173255454365,NA,0,NA
2555387,"Cody Kessler","CLE","QB",24,1,9,0.3802,0.3802,0.3802,NA,44,0.0352,0,0,NA,31.3,1.7,3.59035396850996,NA,0,NA
2556440,"J.D. McKissic","SEA","RB",24,1,6,0.368,0.368,0.368,NA,107,0.0155,11,0,NA,NA,NA,NA,NA,0,NA
2543497,"AJ McCarron","CIN","QB",27,3,6,0.3676,0.3676,0.3676,NA,45,0.0681,0,0,NA,NA,NA,NA,NA,0,NA
2507828,"Logan Paulsen","FA","TE",30,7,NA,0.362,0.362,0.362,NA,79,0.03775,8,0,NA,NA,NA,NA,NA,0,NA
2508101,"James Develin","NE","RB",29,7,9,0.358,0.358,0.358,NA,108,0.0519999999999999,11,0,NA,109.5,9.5,8.31869260999097,NA,0,NA
2495347,"Lee Smith","OAK","TE",30,6,10,0.3525,0.2305,0.4745,0.215667568261897,80,0.05925,8,0.244,NA,70.9,5.8,3.63884112075877,NA,0,NA
2553650,"Corey Grant","JAC","RB",NA,NA,8,0.347,0.2966,0.3974,0.089095454429505,109,0.088,11,0.1008,NA,79.6,12.5,6.59018007489694,NA,0,NA
2506562,"Matt Cassel","TEN","QB",35,12,8,0.3224,0.3224,0.3224,NA,46,0.0508000000000001,0,0,NA,NA,NA,NA,NA,0,NA
2543774,"Jared Abbrederis","DET","WR",27,3,7,0.313,0.1154,0.5106,0.349310749906155,150,0.077,16,0.3952,NA,133,3,1.72159409224067,NA,0,NA
2552622,"Chris Manhertz","CAR","TE",NA,NA,11,0.296,0.296,0.296,NA,81,0.00924999999999998,8,0,NA,65.5,4.5,3.56431457372325,NA,0,NA
2550206,"Ryan Hewitt","CIN","TE",26,3,6,0.2905,0.2061,0.3749,0.149199530830362,82,0.0130000000000001,8,0.1688,NA,NA,NA,2.39423207221153,NA,0,NA
2535535,"Phillip Supernaw","TEN","TE",27,5,8,0.283,0.2118,0.3542,0.125865007051205,83,0.0115,8,0.1424,NA,65,6.4,3.79658591988859,NA,0,NA
2558125,"Patrick Mahomes","KC","QB",NA,0,10,0.2766,0.2766,0.2766,NA,47,0.0151000000000001,0,0,NA,NA,NA,NA,NA,0,NA
2534241,"Derek Carrier","LAR","TE",27,5,8,0.272,0.1784,0.3656,0.165462986797652,84,0.0315,8,0.1872,NA,66.2,17.6,8.83008757556119,NA,1.2,NA
2553318,"James OShaughnessy","FA","TE",NA,NA,NA,0.271,0.1054,0.4366,0.292742207411231,85,0.0659999999999999,8,0.3312,NA,NA,NA,2.74372647655131,NA,1.8,NA
2555426,"Cardale Jones","LAC","QB",25,1,9,0.2666,0.2666,0.2666,NA,48,0.0115999999999999,0,0,NA,NA,NA,NA,NA,0,NA
2555220,"Derek Watt","LAC","RB",25,1,9,0.265,0.237,0.293,0.0494974746830583,110,0.02725,11,0.0559999999999999,NA,96.7,3.4,1.81336154074154,NA,0,NA
2532842,"Nick Foles","PHI","QB",28,5,10,0.2564,0.2564,0.2564,NA,49,0.0192000000000001,0,0,NA,NA,NA,NA,NA,0,NA
2506546,"Derek Anderson","CAR","QB",34,12,11,0.2536,0.2536,0.2536,NA,50,0.039,0,0,NA,38.8,9.4,11.8439949637942,NA,0,NA
2543695,"Jay Prosch","HOU","RB",25,3,7,0.253,0.0906,0.4154,0.287085353161738,111,0.03175,11,0.3248,NA,98.8,2.6,1.68352626289513,NA,0,NA
2555478,"Demarcus Robinson","KC","WR",NA,1,10,0.237,0.237,0.237,NA,151,0.0345,16,0,NA,108.2,14.6,9.2038223611128,NA,0,NA
2556519,"Alex Erickson","CIN","WR",25,1,6,0.235,0.235,0.235,NA,152,0.06525,16,0,NA,136.1,9.3,5.60495744720845,NA,0,NA
2495340,"Anthony Sherman","KC","RB",29,6,10,0.2225,0.0845,0.3605,0.243951839509359,112,0.0465,11,0.276,NA,99,10.2,5.58125206270702,NA,0,NA
81284,"Chase Daniel","NO","QB",31,8,5,0.2208,0.2208,0.2208,NA,51,0.0134,0,0,NA,NA,NA,NA,NA,0,NA
2555219,"Daniel Lasco","FA","RB",25,1,NA,0.22,0.022,0.198,0.15556349186104,113,0.10075,11,0.176,NA,NA,NA,1.9035127228817,NA,0,NA
2554630,"Ross Travis","KC","TE",24,2,10,0.21,0.21,0.21,NA,86,0.01925,8,0,NA,67.2,11.5,9.79593398739334,NA,0,NA
2495443,"Ryan Mallett","BAL","QB",29,6,10,0.2084,0.2084,0.2084,NA,52,0.0111,0,0,NA,39.3,6.8,9.05705125110082,NA,0,NA
2539228,"EJ Manuel","OAK","QB",27,4,10,0.2064,0.2064,0.2064,NA,53,0.0217,0,0,NA,NA,NA,NA,NA,0,NA
2543767,"Logan Thomas","BUF","TE",26,3,6,0.2,0.2,0.2,NA,87,0.06275,8,0,NA,NA,NA,NA,NA,0,NA
2539335,"Geno Smith","NYG","QB",27,4,8,0.1882,0.1882,0.1882,NA,54,0.0148,0,0,NA,34,1,2.84002296893867,NA,0,NA
2539645,"Brandon Williams","IND","TE",30,5,11,0.1815,0.1483,0.2147,0.0586898628384835,88,0.135,8,0.0664,NA,59.1,9.2,4.96113155530173,NA,0,NA
2533349,"Austin Davis","SEA","QB",28,5,6,0.1812,0.1812,0.1812,NA,55,0.0226,0,0,NA,40,8,10.3433329646516,NA,0,NA
2550163,"Michael Campanaro","BAL","WR",26,3,10,0.17,0.017,0.153,0.120208152801713,153,0.02975,16,0.136,NA,122.2,10.3,3.94728120080753,NA,0,NA
2495159,"Dwayne Harris","NYG","WR",30,6,8,0.1695,0.0731,0.2659,0.170412734265958,154,0.082,16,0.1928,NA,124.8,17.9,6.58299181429672,NA,0,NA
2505982,"Matt Schaub","ATL","QB",36,13,5,0.1656,0.1656,0.1656,NA,56,0.0252,0,0,NA,NA,NA,NA,NA,0,NA
2539287,"Landry Jones","PIT","QB",28,4,9,0.1516,0.1516,0.1516,NA,57,0.0327,0,0,NA,NA,NA,NA,NA,0,NA
2552464,"Jalston Fowler","TEN","RB",NA,NA,8,0.132,0.1144,0.1496,0.0311126983722081,114,0.02875,11,0.0352,NA,89.3,6.2,3.24636510241242,NA,0,NA
2495748,"Drew Stanton","ARI","QB",33,10,8,0.1292,0.1292,0.1292,NA,58,0.0233,0,0,NA,36.9,7.1,9.37862167948851,NA,0,NA
2552431,"Vince Mayle","BAL","WR",NA,NA,10,0.111,0.0278,0.1942,0.147078210486802,155,0.05275,16,0.1664,NA,NA,NA,1.66986708326831,NA,0,NA
2552369,"Bryce Petty","NYJ","QB",26,2,11,0.1086,0.1086,0.1086,NA,59,0.0218,0,0,NA,NA,NA,NA,NA,0,NA
2550235,"Roosevelt Nix","PIT","RB",NA,NA,9,0.1065,0.0453,0.1677,0.108187337521542,115,0.0115,11,0.1224,NA,91.7,18,9.47144253920417,NA,0,NA
2506895,"Kellen Clemens","LAC","QB",34,11,9,0.1032,0.1032,0.1032,NA,60,0.068,0,0,NA,NA,NA,NA,NA,0,NA
2550400,"Keith Smith","DAL","RB",25,3,6,0.1,0.1,0.1,NA,116,0.055,11,0,NA,NA,NA,NA,NA,0,NA
2535943,"Sean McGrath","LAC","TE",30,5,9,0.093,0.0714,0.1146,0.0381837661840736,89,0.093,8,0.0432,NA,75,17,8.4080699140365,NA,0,NA
2552636,"Michael Burton","DET","RB",25,2,7,0.09,0.09,0.09,NA,117,0.09,11,0,NA,NA,NA,NA,NA,0.7,NA
252,"Chad Henne","JAC","QB",32,9,8,0.0704,0.0704,0.0704,NA,61,0.0704,0,0,NA,35.7,3.4,5.41258639604025,NA,0,NA
2556805,"Johnny Holton","OAK","WR",26,1,10,0.064,0.064,0.064,NA,156,0.03775,16,0,NA,132.2,8.4,4.99382944296055,NA,0,NA
2507029,"Eric Weems","TEN","WR",32,10,8,0.0525,0.0345,0.0705,0.0318198051533946,157,0.0525,16,0.036,NA,NA,NA,1.41553027050744,NA,0,NA
184,"Donnie Avery","FA","WR",33,9,NA,0,0,0,NA,158,0,16,0,NA,NA,NA,NA,NA,NA,NA
206,"Andre Caldwell","FA","WR",32,9,NA,0,0,0,NA,158,0,16,0,NA,NA,NA,NA,NA,NA,NA
222,"Harry Douglas","TEN","WR",33,9,8,0,0,0,NA,158,0,16,0,NA,NA,NA,NA,NA,0,NA
230,"Jerome Felton","FA","RB",31,9,NA,0,0,0,NA,118,0,0,0,NA,NA,NA,NA,NA,0,NA
262,"Chris Johnson","FA","RB",32,9,NA,0,0,0,NA,118,0,0,0,NA,NA,NA,NA,NA,0,NA
324,"Jacob Tamme","FA","TE",32,9,NA,0,0,0,NA,90,0,8,0,NA,NA,NA,NA,NA,0,NA
768,"Steve Johnson","FA","WR",31,9,NA,0,0,0,NA,158,0,16,0,NA,NA,NA,NA,NA,0,NA
927,"Justin Forsett","FA","RB",32,9,NA,0,0,0,NA,118,0,0,0,NA,NA,NA,NA,NA,0,NA
1060,"Gary Barnidge","FA","TE",32,9,NA,0,0,0,NA,90,0,8,0,NA,NA,NA,NA,NA,0,NA
1581,"DeSean Jackson","TB","WR",31,9,1,0,0,0,NA,158,0,16,0,NA,NA,NA,NA,NA,0,NA
1990,"Eddie Royal","FA","WR",31,9,NA,0,0,0,NA,158,0,16,0,NA,NA,NA,NA,NA,0,NA
4383,"Tim Hightower","FA","RB",31,9,NA,0,0,0,NA,118,0,0,0,NA,75.3,11.3,10.1895714428069,NA,0,NA
4433,"Marcel Reece","FA","RB",32,9,NA,0,0,0,NA,118,0,0,0,NA,NA,NA,NA,NA,0,NA
4487,"Matthew Slater","NE","WR",32,9,9,0,0,0,0,158,0,16,0,NA,NA,NA,1.3453145860029,NA,0,NA
71345,"Rashad Jennings","FA","RB",32,8,NA,0,0,0,NA,118,0,0,0,NA,NA,NA,NA,NA,0,NA
71417,"Jordan Norwood","FA","WR",31,8,NA,0,0,0,NA,158,0,16,0,NA,NA,NA,NA,NA,0,NA
71435,"John Phillips","NO","TE",30,8,5,0,0,0,NA,90,0,8,0,NA,NA,NA,NA,NA,0,NA
79589,"David Johnson","FA","TE",30,8,NA,0,0,0,NA,90,0,8,0,NA,NA,NA,NA,NA,0,NA
79629,"Cedric Peerman","CIN","RB",31,8,6,0,0,0,0,118,0,11,0,NA,NA,NA,1.52909947135847,NA,0,NA
79858,"Mark Sanchez","CHI","QB",31,8,9,0,0,0,NA,62,0,0,0,NA,NA,NA,NA,NA,0,NA
89766,"Brandon Myers","FA","TE",32,8,NA,0,0,0,NA,90,0,8,0,NA,NA,NA,NA,NA,0,NA
89798,"Antone Smith","FA","RB",32,8,NA,0,0,0,NA,118,0,0,0,NA,NA,NA,NA,NA,0,NA
163982,"Will Johnson","NYG","RB",28,6,8,0,0,0,NA,118,0,0,0,NA,NA,NA,NA,NA,NA,NA
238498,"Julian Edelman","NE","WR",31,8,9,0,0,0,NA,158,0,16,0,NA,NA,NA,NA,NA,0,NA
497135,"Tim Tebow","FA","QB",30,7,NA,0,0,0,NA,62,0,0,0,NA,NA,NA,NA,NA,NA,NA
497188,"Ryan Mathews","FA","RB",30,7,NA,0,0,0,NA,118,0,0,0,NA,75,10.5,9.35806973933317,NA,0,NA
497190,"Dexter McCluster","FA","WR",29,7,NA,0,0,0,NA,158,0,16,0,NA,NA,NA,NA,NA,0,NA
497206,"James Starks","FA","RB",31,7,NA,0,0,0,NA,118,0,0,0,NA,NA,NA,NA,NA,0,NA
497226,"Jim Dray","FA","TE",31,7,NA,0,0,0,NA,90,0,8,0,NA,NA,NA,NA,NA,0,NA
497242,"Clay Harbor","NO","TE",30,7,5,0,0,0,NA,90,0,8,0,NA,NA,NA,NA,NA,0,NA
497254,"Dennis Pitta","FA","TE",32,7,NA,0,0,0,NA,90,0,8,0,NA,NA,NA,NA,NA,0,NA
497286,"Marcus Easley","BUF","WR",30,7,6,0,0,0,NA,158,0,16,0,NA,NA,NA,NA,NA,NA,NA
1037347,"Joe Webb","BUF","QB",31,7,6,0,0,0,NA,62,0,0,0,NA,NA,NA,NA,NA,0,NA
1037885,"Marc Mariani","FA","WR",30,7,NA,0,0,0,NA,158,0,16,0,NA,NA,NA,NA,NA,0,NA
2495186,"Colin Kaepernick","FA","QB",30,6,NA,0,0,0,NA,62,0,0,0,NA,NA,NA,NA,NA,0,NA
2495234,"Luke Stocker","TB","TE",29,6,1,0,0,0,NA,90,0,8,0,NA,NA,NA,NA,NA,0,NA
2495258,"Matt Asiata","FA","RB",30,6,NA,0,0,0,NA,118,0,0,0,NA,NA,NA,NA,NA,0,NA
2495341,"Cecil Shorts","FA","WR",30,6,NA,0,0,0,NA,158,0,16,0,NA,NA,NA,NA,NA,0,NA
2495441,"Blaine Gabbert","ARI","QB",28,6,8,0,0,0,NA,62,0,0,0,NA,NA,NA,NA,NA,0,NA
2495461,"Shaun Draughn","FA","RB",30,6,NA,0,0,0,NA,118,0,0,0,NA,NA,NA,NA,NA,0,NA
2495471,"Jacquizz Rodgers","TB","RB",27,6,1,0,0,0,NA,118,0,0,0,NA,NA,NA,NA,NA,0,NA
2495824,"Jay Cutler","MIA","QB",34,11,1,0,0,0,NA,62,0,0,0,NA,NA,NA,NA,NA,0,NA
2495835,"Anthony Fasano","MIA","TE",33,11,1,0,0,0,NA,90,0,8,0,NA,NA,NA,NA,NA,0,NA
2495979,"DeAngelo Williams","FA","RB",34,11,NA,0,0,0,NA,118,0,0,0,NA,74.8,7.2,5.92812521250392,NA,0,NA
2499277,"David Ausberry","FA","TE",30,6,NA,0,0,0,NA,90,0,8,0,NA,NA,NA,NA,NA,NA,NA
2504162,"Shayne Graham","FA","K",NA,NA,NA,0,0,0,NA,34,0,6,0,NA,NA,NA,NA,NA,NA,NA
2504833,"Shaun Hill","FA","QB",NA,NA,NA,0,0,0,NA,62,0,0,0,NA,NA,NA,NA,NA,0,NA
2505354,"Tony Romo","FA","QB",37,14,NA,0,0,0,NA,62,0,0,0,NA,NA,NA,NA,NA,0,NA
2505587,"Anquan Boldin","FA","WR",37,14,NA,0,0,0,NA,158,0,16,0,NA,NA,NA,NA,NA,0,NA
2506053,"Luke McCown","FA","QB",36,13,NA,0,0,0,NA,62,0,0,0,NA,NA,NA,NA,NA,0,NA
2506194,"Nick Novak","FA","K",NA,NA,NA,0,0,0,0,34,0,6,0,NA,20.4,4.3,3.48872812375833,NA,0,NA
2506386,"Mike Nugent","FA","K",35,12,NA,0,0,0,0,34,0,6,0,NA,10.5,7.5,5.90059816349778,NA,0,NA
2506400,"Vincent Jackson","FA","WR",34,12,NA,0,0,0,NA,158,0,16,0,NA,NA,NA,NA,NA,0,NA
2506581,"Ryan Fitzpatrick","TB","QB",35,12,1,0,0,0,NA,62,0,0,0,NA,NA,NA,NA,NA,0,NA
2507282,"Matt Moore","MIA","QB",33,10,1,0,0,0,NA,62,0,0,0,NA,NA,NA,NA,NA,0,NA
2507401,"Dan Carpenter","FA","K",32,9,NA,0,0,0,NA,34,0,6,0,NA,NA,NA,NA,NA,0,NA
2507405,"Matthew Mulligan","DET","TE",32,9,7,0,0,0,NA,90,0,8,0,NA,NA,NA,NA,NA,NA,NA
2507486,"Kellen Davis","FA","TE",32,9,NA,0,0,0,NA,90,0,8,0,NA,NA,NA,NA,NA,0,NA
2507855,"Victor Cruz","FA","WR",31,7,NA,0,0,0,NA,158,0,16,0,NA,81,5,2.68512364913511,NA,0,NA
2507883,"Jeff Cumberland","FA","TE",30,7,NA,0,0,0,NA,90,0,8,0,NA,NA,NA,NA,NA,0,NA
2508097,"Andrew Hawkins","FA","WR",31,6,NA,0,0,0,NA,158,0,16,0,NA,NA,NA,NA,NA,0,NA
2530598,"Jeremy Ross","FA","WR",29,6,NA,0,0,0,NA,158,0,16,0,NA,NA,NA,NA,NA,0,NA
2530690,"DuJuan Harris","FA","RB",29,6,NA,0,0,0,NA,118,0,0,0,NA,NA,NA,NA,NA,0,NA
2532797,"Brandon Bolden","NE","RB",27,5,9,0,0,0,NA,118,0,0,0,NA,113,7,5.72024978663548,NA,0,NA
2532841,"Michael Floyd","MIN","WR",28,5,9,0,0,0,NA,158,0,16,0,NA,NA,NA,NA,NA,0,NA
2532853,"Ladarius Green","FA","TE",27,5,NA,0,0,0,NA,90,0,8,0,NA,39.7,8.8,7.3923093564063,NA,0,NA
2532899,"Doug Martin","TB","RB",28,5,1,0,0,0,NA,118,0,0,0,NA,NA,NA,NA,NA,0,NA
2532917,"Kellen Moore","DAL","QB",28,5,6,0,0,0,NA,62,0,0,0,NA,NA,NA,NA,NA,0,NA
2532956,"Ryan Tannehill","MIA","QB",29,5,1,0,0,0,NA,62,0,0,0,NA,NA,NA,NA,NA,0,NA
2533031,"Andrew Luck","IND","QB",28,5,11,0,0,0,NA,62,0,0,0,NA,NA,NA,NA,NA,0,NA
2533033,"Robert Griffin","FA","QB",27,5,NA,0,0,0,NA,62,0,0,0,NA,NA,NA,NA,NA,0,NA
2533038,"Justin Blackmon","FA","WR",27,5,NA,0,0,0,NA,158,0,16,0,NA,NA,NA,NA,NA,NA,NA
2533353,"Cory Harkey","FA","TE",27,5,NA,0,0,0,NA,90,0,8,0,NA,NA,NA,NA,NA,0,NA
2533437,"Ronnie Hillman","FA","RB",26,5,NA,0,0,0,NA,118,0,0,0,NA,NA,NA,NA,NA,0,NA
2533533,"Rueben Randle","CHI","WR",26,5,9,0,0,0,NA,158,0,16,0,NA,NA,NA,NA,NA,0,NA
2534437,"Austin Johnson","FA","RB",28,4,NA,0,0,0,NA,118,0,0,0,NA,NA,NA,NA,NA,0,NA
2534571,"Bobby Rainey","FA","RB",30,5,NA,0,0,0,NA,118,0,0,0,NA,NA,NA,NA,NA,0,NA
2534770,"Jonathan Grimes","FA","RB",28,5,NA,0,0,0,NA,118,0,0,0,NA,NA,NA,NA,NA,0,NA
2534789,"Daryl Richardson","FA","RB",27,5,NA,0,0,0,NA,118,0,0,0,NA,NA,NA,NA,NA,0,NA
2534871,"Derrick Coleman","ATL","RB",27,5,5,0,0,0,NA,118,0,0,0,NA,96,8.9,7.69506633238565,NA,0,NA
2535138,"Greg Scruggs","NE","TE",27,5,9,0,0,0,NA,90,0,8,0,NA,NA,NA,NA,NA,NA,NA
2535708,"Lance Dunbar","LAR","RB",27,5,8,0,0,0,NA,118,0,0,0,NA,79,10.4,9.25413202639895,NA,0,NA
2535724,"Dominique Jones","FA","TE",30,5,NA,0,0,0,NA,90,0,8,0,NA,NA,NA,NA,NA,NA,NA
2535890,"Travaris Cadet","FA","RB",28,5,NA,0,0,0,NA,118,0,0,0,NA,NA,NA,NA,NA,0,NA
2535966,"Brenton Bersin","CAR","WR",27,4,11,0,0,0,NA,158,0,16,0,NA,NA,NA,NA,NA,0,NA
2536071,"Cooper Helfet","OAK","TE",28,6,10,0,0,0,NA,90,0,8,0,NA,NA,NA,NA,NA,0,NA
2536342,"Brandon Bostick","FA","TE",28,5,NA,0,0,0,NA,90,0,8,0,NA,NA,NA,NA,NA,NA,NA
2537931,"Josh Gordon","CLE","WR",26,5,9,0,0,0,NA,158,0,16,0,NA,NA,NA,NA,NA,0,NA
2537933,"Larry Donnell","FA","TE",29,5,NA,0,0,0,NA,90,0,8,0,NA,NA,NA,NA,NA,0,NA
2539202,"Chris Gragg","NYJ","TE",27,4,11,0,0,0,0,90,0,8,0,NA,NA,NA,2.0309644893756,NA,0,NA
2539203,"Cobi Hamilton","FA","WR",27,4,NA,0,0,0,NA,158,0,16,0,NA,NA,NA,NA,NA,0,NA
2539250,"Quinton Patton","FA","WR",27,4,NA,0,0,0,NA,158,0,16,0,NA,NA,NA,NA,NA,0,NA
2539260,"Denard Robinson","FA","RB",27,4,NA,0,0,0,NA,118,0,0,0,NA,NA,NA,NA,NA,0,NA
2539283,"Jake Stoneburner","NO","TE",28,4,5,0,0,0,NA,90,0,8,0,NA,NA,NA,NA,NA,0,NA
2539289,"Kenjon Barner","FA","RB",28,4,NA,0,0,0,NA,118,0,0,0,NA,NA,NA,NA,NA,0,NA
2539303,"Zach Line","FA","RB",27,4,NA,0,0,0,NA,118,0,0,0,NA,NA,NA,NA,NA,0,NA
2539308,"Matt Barkley","FA","QB",27,4,NA,0,0,0,NA,62,0,0,0,NA,NA,NA,NA,NA,0,NA
2539315,"Stepfan Taylor","FA","RB",26,4,NA,0,0,0,NA,118,0,0,0,NA,NA,NA,NA,NA,0,NA
2539322,"Christine Michael","IND","RB",27,4,11,0,0,0,NA,118,0,0,0,NA,NA,NA,NA,NA,0,NA
2539961,"Ryan Nassib","FA","QB",27,4,NA,0,0,0,NA,62,0,0,0,NA,NA,NA,NA,NA,0,NA
2539995,"Mychal Rivera","JAC","TE",27,4,8,0,0,0,NA,90,0,8,0,NA,NA,NA,NA,NA,0,NA
2540005,"Marlon Brown","DEN","WR",26,4,5,0,0,0,NA,158,0,16,0,NA,NA,NA,NA,NA,0,NA
2540157,"Stedman Bailey","FA","WR",27,4,NA,0,0,0,NA,158,0,16,0,NA,NA,NA,NA,NA,NA,NA
2540173,"Tyler Bray","KC","QB",26,4,10,0,0,0,NA,62,0,0,0,NA,NA,NA,NA,NA,0,NA
2540178,"Knile Davis","FA","RB",26,4,NA,0,0,0,NA,118,0,0,0,NA,NA,NA,NA,NA,0,NA
2540181,"Josh Boyce","FA","WR",26,4,NA,0,0,0,NA,158,0,16,0,NA,NA,NA,NA,NA,0,NA
2540204,"Spencer Ware","KC","RB",26,4,10,0,0,0,NA,118,0,0,0,NA,NA,NA,NA,NA,0,NA
2540211,"Gavin Escobar","FA","TE",26,4,NA,0,0,0,NA,90,0,8,0,NA,NA,NA,NA,NA,0,NA
2540224,"Mike James","DET","RB",26,4,7,0,0,0,0,118,0,11,0,NA,NA,NA,1.52909947135847,NA,0,NA
2540225,"Tommy Bohanon","JAC","RB",27,4,8,0,0,0,NA,118,0,0,0,NA,100,6,4.68087265729329,NA,6.1,NA
2540259,"MarQueis Gray","MIA","TE",27,4,1,0,0,0,NA,90,0,8,0,NA,NA,NA,NA,NA,0,NA
2540261,"Corey Fuller","NO","WR",27,4,5,0,0,0,NA,158,0,16,0,NA,NA,NA,NA,NA,0,NA
2541147,"Charles Johnson","CAR","WR",28,4,11,0,0,0,NA,158,0,16,0,NA,NA,NA,NA,NA,0,NA
2541512,"Brian Leonhardt","OAK","TE",27,4,10,0,0,0,NA,90,0,8,0,NA,NA,NA,NA,NA,NA,NA
2541828,"Frankie Hammond","FA","WR",NA,NA,NA,0,0,0,NA,158,0,16,0,NA,NA,NA,NA,NA,0,NA
2541883,"Eric Rogers","FA","WR",26,4,NA,0,0,0,NA,158,0,16,0,NA,NA,NA,NA,NA,0,NA
2541910,"George Winn","NYG","RB",27,4,8,0,0,0,0,118,0,11,0,NA,NA,NA,1.52909947135847,NA,0,NA
2541940,"Rashad Ross","FA","WR",27,4,NA,0,0,0,NA,158,0,16,0,NA,NA,NA,NA,NA,0,NA
2542022,"Khiry Robinson","FA","RB",28,4,NA,0,0,0,NA,118,0,0,0,NA,NA,NA,NA,NA,0,NA
2542060,"Jordan Gay","FA","K",NA,NA,NA,0,0,0,NA,34,0,6,0,NA,NA,NA,NA,NA,0,NA
2542065,"Matt McGloin","FA","QB",28,4,NA,0,0,0,NA,62,0,0,0,NA,NA,NA,NA,NA,0,NA
2543465,"Teddy Bridgewater","MIN","QB",25,3,9,0,0,0,NA,62,0,0,0,NA,NA,NA,NA,NA,0,NA
2543468,"Mike Evans","TB","WR",24,3,1,0,0,0,NA,158,0,16,0,NA,NA,NA,NA,NA,0,NA
2543481,"Jace Amaro","FA","TE",25,3,NA,0,0,0,NA,90,0,8,0,NA,NA,NA,NA,NA,0,NA
2543488,"Jarvis Landry","MIA","WR",25,3,1,0,0,0,NA,158,0,16,0,NA,NA,NA,NA,NA,0,NA
2543502,"Tre Mason","FA","RB",24,3,NA,0,0,0,NA,118,0,0,0,NA,NA,NA,NA,NA,NA,NA
2543533,"Patrick Murray","CLE","K",26,3,9,0,0,0,NA,34,0,6,0,NA,NA,NA,NA,NA,0,NA
2543551,"KaDeem Carey","FA","RB",25,3,NA,0,0,0,NA,118,0,0,0,NA,NA,NA,NA,NA,0,NA
2543565,"Andre Williams","FA","RB",25,3,NA,0,0,0,NA,118,0,0,0,NA,NA,NA,NA,NA,0,NA
2543570,"Storm Johnson","FA","RB",25,3,NA,0,0,0,NA,118,0,0,0,NA,NA,NA,NA,NA,0,NA
2543587,"Aaron Murray","FA","QB",27,3,NA,0,0,0,NA,62,0,0,0,NA,NA,NA,NA,NA,0,NA
2543596,"Dri Archer","FA","RB",26,3,NA,0,0,0,NA,118,0,0,0,NA,NA,NA,NA,NA,NA,NA
2543600,"Alfred Blue","HOU","RB",26,3,7,0,0,0,NA,118,0,0,0,NA,NA,NA,NA,NA,0,NA
2543605,"Zach Mettenberger","FA","QB",26,3,NA,0,0,0,NA,62,0,0,0,NA,NA,NA,NA,NA,0,NA
2543619,"Walt Powell","BUF","WR",26,3,6,0,0,0,NA,158,0,16,0,NA,NA,NA,NA,NA,0,NA
2543682,"Bishop Sankey","MIN","RB",25,3,9,0,0,0,0,118,0,11,0,NA,NA,NA,1.52909947135847,NA,0,NA
2543683,"Austin Seferian-Jenkins","NYJ","TE",25,3,11,0,0,0,NA,90,0,8,0,NA,NA,NA,NA,NA,0,NA
2543689,"Kevin Norwood","NYG","WR",28,3,8,0,0,0,NA,158,0,16,0,NA,NA,NA,NA,NA,0,NA
2543704,"Lorenzo Taliaferro","FA","RB",26,3,NA,0,0,0,NA,118,0,0,0,NA,NA,NA,NA,NA,0,NA
2543746,"Josh Huff","FA","WR",26,3,NA,0,0,0,NA,158,0,16,0,NA,NA,NA,NA,NA,0,NA
2543770,"Charles Sims","TB","RB",27,3,1,0,0,0,NA,118,0,0,0,NA,NA,NA,NA,NA,0,NA
2543794,"Crockett Gillmore","FA","TE",26,3,NA,0,0,0,NA,90,0,8,0,NA,NA,NA,NA,NA,0,NA
2543828,"Quincy Enunwa","NYJ","WR",25,3,11,0,0,0,NA,158,0,16,0,NA,NA,NA,NA,NA,0,NA
2550182,"Isaiah Burse","LAC","WR",26,3,9,0,0,0,NA,158,0,16,0,NA,NA,NA,NA,NA,0,NA
2550183,"Jeremy Butler","BUF","WR",26,3,6,0,0,0,NA,158,0,16,0,NA,NA,NA,NA,NA,0,NA
2550216,"Jonathan Krause","FA","WR",NA,NA,NA,0,0,0,NA,158,0,16,0,NA,NA,NA,NA,NA,0,NA
2550223,"Freddie Martino","FA","WR",26,3,NA,0,0,0,NA,158,0,16,0,NA,NA,NA,NA,NA,0,NA
2550243,"Justin Perillo","FA","TE",26,3,NA,0,0,0,NA,90,0,8,0,NA,NA,NA,NA,NA,0,NA
2550252,"Connor Shaw","FA","QB",26,3,NA,0,0,0,NA,62,0,0,0,NA,NA,NA,NA,NA,0,NA
2550256,"Willie Snead","NO","WR",25,3,5,0,0,0,NA,158,0,16,0,NA,NA,NA,NA,NA,0,NA
2550263,"Juwan Thompson","FA","RB",25,3,NA,0,0,0,NA,118,0,0,0,NA,NA,NA,NA,NA,0,NA
2550359,"Seantavius Jones","FA","WR",25,3,NA,0,0,0,NA,158,0,16,0,NA,NA,NA,NA,NA,0,NA
2550376,"Stephen Morris","FA","QB",25,3,NA,0,0,0,NA,62,0,0,0,NA,NA,NA,NA,NA,0,NA
2550405,"Erik Swoope","IND","TE",25,3,11,0,0,0,NA,90,0,8,0,NA,NA,NA,NA,NA,0,NA
2550454,"Asante Cleveland","LAC","TE",25,3,9,0,0,0,NA,90,0,8,0,NA,NA,NA,NA,NA,0,NA
2550459,"Javontee Herndon","FA","WR",26,3,NA,0,0,0,NA,158,0,16,0,NA,NA,NA,NA,NA,0,NA
2550474,"Antonio Andrews","FA","RB",25,3,NA,0,0,0,NA,118,0,0,0,NA,NA,NA,NA,NA,0,NA
2550512,"Damien Williams","MIA","RB",25,3,1,0,0,0,NA,118,0,0,0,NA,NA,NA,NA,NA,0,NA
2550540,"George Atkinson","FA","RB",25,3,NA,0,0,0,NA,118,0,0,0,NA,NA,NA,NA,NA,0,NA
2550542,"Kapri Bibbs","FA","RB",24,3,NA,0,0,0,NA,118,0,0,0,NA,NA,NA,NA,NA,0,NA
2550546,"Philly Brown","FA","WR",26,3,NA,0,0,0,NA,158,0,16,0,NA,NA,NA,NA,NA,0,NA
2550596,"Darrin Reaves","FA","RB",24,3,NA,0,0,0,NA,118,0,0,0,NA,NA,NA,NA,NA,0,NA
2550608,"RaShaun Allen","SEA","TE",27,3,6,0,0,0,0,90,0,8,0,NA,NA,NA,2.0309644893756,NA,0,NA
2550656,"Cameron Brate","TB","TE",26,3,1,0,0,0,NA,90,0,8,0,NA,NA,NA,NA,NA,0,NA
2550738,"Fitzgerald Toussaint","FA","RB",27,3,NA,0,0,0,NA,118,0,0,0,NA,NA,NA,NA,NA,0,NA
2551357,"Glenn Winston","CLE","RB",28,3,9,0,0,0,NA,118,0,0,0,NA,NA,NA,NA,NA,NA,NA
2551359,"Jerome Cunningham","FA","TE",26,3,NA,0,0,0,NA,90,0,8,0,NA,NA,NA,NA,NA,0,NA
2552371,"Garrett Grayson","FA","QB",26,2,NA,0,0,0,NA,62,0,0,0,NA,NA,NA,NA,NA,NA,NA
2552376,"David Cobb","FA","RB",24,2,NA,0,0,0,NA,118,0,0,0,NA,NA,NA,NA,NA,0,NA
2552379,"Jeremy Langford","FA","RB",26,2,NA,0,0,0,NA,118,0,0,0,NA,NA,NA,NA,NA,0,NA
2552380,"Karlos Williams","FA","RB",24,2,NA,0,0,0,NA,118,0,0,0,NA,NA,NA,NA,NA,NA,NA
2552401,"MyCole Pruitt","FA","TE",25,2,NA,0,0,0,NA,90,0,8,0,NA,NA,NA,NA,NA,0,NA
2552409,"DeVante Parker","MIA","WR",24,2,1,0,0,0,NA,158,0,16,0,NA,NA,NA,NA,NA,NA,NA
2552411,"Dezmin Lewis","FA","WR",25,2,NA,0,0,0,NA,158,0,16,0,NA,NA,NA,NA,NA,0,NA
2552420,"Keith Mumphery","FA","WR",25,2,NA,0,0,0,NA,158,0,16,0,NA,NA,NA,NA,NA,0,NA
2552421,"Kenny Bell","BAL","WR",25,2,10,0,0,0,NA,158,0,16,0,NA,NA,NA,NA,NA,0,NA
2552425,"Rashad Greene","JAC","WR",25,2,8,0,0,0,0,158,0,16,0,NA,NA,NA,1.3453145860029,NA,0,NA
2552462,"Gerald Christian","FA","TE",26,2,NA,0,0,0,NA,90,0,8,0,NA,NA,NA,NA,NA,0,NA
2552479,"DaRon Brown","KC","WR",26,2,10,0,0,0,NA,158,0,16,0,NA,NA,NA,NA,NA,0,NA
2552491,"Dorial Green-Beckham","FA","WR",24,2,NA,0,0,0,NA,158,0,16,0,NA,NA,NA,NA,NA,NA,NA
2552582,"Jay Ajayi","MIA","RB",24,2,1,0,0,0,NA,118,0,0,0,NA,NA,NA,NA,NA,0,NA
2552627,"DeAndre Smelter","FA","WR",26,2,NA,0,0,0,NA,158,0,16,0,NA,NA,NA,NA,NA,0,NA
2552647,"Marcus Murphy","FA","RB",26,2,NA,0,0,0,NA,118,0,11,0,NA,NA,NA,NA,NA,NA,NA
2552650,"Mario Alford","FA","WR",NA,NA,NA,0,0,0,NA,158,0,16,0,NA,NA,NA,NA,NA,0,NA
2552654,"Geremy Davis","FA","WR",25,2,NA,0,0,0,NA,158,0,16,0,NA,NA,NA,NA,NA,0,NA
2553292,"Kennard Backman","FA","TE",24,2,NA,0,0,0,NA,90,0,8,0,NA,NA,NA,NA,NA,0,NA
2553434,"Devin Smith","FA","WR",NA,NA,NA,0,0,0,NA,158,0,16,0,NA,NA,NA,NA,NA,NA,NA
2553439,"Mike Davis","FA","RB",24,2,NA,0,0,0,NA,118,0,11,0,NA,NA,NA,NA,NA,0,NA
2553465,"Rory Anderson","SF","TE",25,2,11,0,0,0,NA,90,0,8,0,NA,NA,NA,NA,NA,0,NA
2553511,"John Crockett","FA","RB",25,2,NA,0,0,0,NA,118,0,11,0,NA,NA,NA,NA,NA,0,NA
2553554,"Matt Lengel","FA","TE",NA,NA,NA,0,0,0,NA,90,0,8,0,NA,NA,NA,NA,NA,0,NA
2553568,"Cameron Meredith","CHI","WR",NA,NA,9,0,0,0,NA,158,0,16,0,NA,NA,NA,NA,NA,0,NA
2553648,"Andrew Franks","FA","K",24,2,NA,0,0,0,NA,34,0,6,0,NA,NA,NA,NA,NA,NA,NA
2553652,"Chris Harper","FA","WR",NA,NA,NA,0,0,0,NA,158,0,16,0,NA,NA,NA,NA,NA,0,NA
2553660,"Akeem Hunt","FA","RB",24,2,NA,0,0,0,NA,118,0,11,0,NA,NA,NA,NA,NA,0,NA
2553682,"Wes Saxton","WAS","TE",24,2,5,0,0,0,NA,90,0,8,0,NA,NA,NA,NA,NA,0,NA
2553716,"Rannell Hall","CLE","WR",24,2,9,0,0,0,NA,158,0,16,0,NA,NA,NA,NA,NA,0,NA
2553725,"Bradley Marquez","LAR","WR",NA,NA,8,0,0,0,NA,158,0,16,0,NA,NA,NA,NA,NA,0,NA
2553743,"Rod Smith","DAL","RB",NA,NA,6,0,0,0,NA,118,0,11,0,NA,109.3,3.8,2.39424297274045,NA,0,NA
2553791,"E.J. Bibbs","FA","TE",26,2,NA,0,0,0,NA,90,0,8,0,NA,NA,NA,NA,NA,0,NA
2553833,"Josh Lambo","FA","K",27,2,NA,0,0,0,0,34,0,6,0,NA,18.9,2.8,2.35816404263047,NA,NA,NA
2553867,"Mack Brown","WAS","RB",NA,NA,5,0,0,0,NA,118,0,11,0,NA,NA,NA,NA,NA,0,NA
2553876,"Donteea Dye","FA","WR",NA,NA,NA,0,0,0,NA,158,0,16,0,NA,NA,NA,NA,NA,0,NA
2553895,"Adam Humphries","TB","WR",NA,NA,1,0,0,0,NA,158,0,16,0,NA,NA,NA,NA,NA,0,NA
2553896,"Darius Jennings","NYJ","WR",NA,NA,11,0,0,0,NA,158,0,16,0,NA,NA,NA,NA,NA,0,NA
2553900,"Daniel Brown","CHI","TE",NA,NA,9,0,0,0,NA,90,0,8,0,NA,NA,NA,NA,NA,0,NA
2555215,"Leonte Carroo","MIA","WR",23,1,1,0,0,0,NA,158,0,16,0,NA,NA,NA,NA,NA,0,NA
2555216,"Malcolm Mitchell","NE","WR",24,1,9,0,0,0,NA,158,0,16,0,NA,NA,NA,NA,NA,0,NA
2555223,"Devontae Booker","DEN","RB",25,1,5,0,0,0,NA,118,0,11,0,NA,NA,NA,NA,NA,0,NA
2555227,"Jonathan Williams","FA","RB",23,1,NA,0,0,0,NA,118,0,11,0,NA,NA,NA,NA,NA,0,NA
2555229,"Kenneth Dixon","BAL","RB",23,1,10,0,0,0,NA,118,0,11,0,NA,NA,NA,NA,NA,0,NA
2555230,"Kenyan Drake","MIA","RB",NA,1,1,0,0,0,NA,118,0,11,0,NA,NA,NA,NA,NA,0,NA
2555262,"Jeff Driskel","CIN","QB",24,1,6,0,0,0,NA,62,0,0,0,NA,NA,NA,NA,NA,0,NA
2555263,"Kevin Hogan","CLE","QB",25,1,9,0,0,0,NA,62,0,0,0,NA,NA,NA,NA,NA,0,NA
2555316,"Paxton Lynch","DEN","QB",23,1,5,0,0,0,NA,62,0,0,0,NA,32,1,2.84002296893867,NA,0,NA
2555317,"Tajae Sharpe","TEN","WR",23,1,8,0,0,0,NA,158,0,16,0,NA,NA,NA,NA,NA,0,NA
2555332,"Connor Cook","OAK","QB",24,1,10,0,0,0,NA,62,0,0,0,NA,NA,NA,NA,NA,0,NA
2555346,"Will Fuller","HOU","WR",23,1,7,0,0,0,NA,158,0,16,0,NA,NA,NA,NA,NA,0,NA
2555350,"Kolby Listenbee","FA","WR",23,1,NA,0,0,0,NA,158,0,16,0,NA,NA,NA,NA,NA,0,NA
2555356,"Keenan Reynolds","FA","WR",24,1,NA,0,0,0,NA,158,0,16,0,NA,NA,NA,NA,NA,0,NA
2555362,"Aaron Burbridge","SF","WR",24,1,11,0,0,0,NA,158,0,16,0,NA,NA,NA,NA,NA,0,NA
2555365,"Brandon Allen","LAR","QB",25,1,8,0,0,0,NA,62,0,0,0,NA,NA,NA,NA,NA,0,NA
2555370,"Jordan Payton","FA","WR",24,1,NA,0,0,0,NA,158,0,16,0,NA,NA,NA,NA,NA,0,NA
2555408,"Roberto Aguayo","FA","K",23,1,NA,0,0,0,NA,34,0,6,0,NA,NA,NA,NA,NA,NA,NA
2555416,"Christian Hackenberg","NYJ","QB",22,1,11,0,0,0,NA,62,0,0,0,NA,NA,NA,NA,NA,0,NA
2555427,"Nate Sudfeld","WAS","QB",24,1,5,0,0,0,NA,62,0,0,0,NA,NA,NA,NA,NA,0,NA
2555430,"Alex Collins","FA","RB",23,1,NA,0,0,0,NA,118,0,11,0,NA,NA,NA,NA,NA,0,NA
2555459,"Keith Marshall","WAS","RB",23,1,5,0,0,0,NA,118,0,11,0,NA,NA,NA,NA,NA,0,NA
2555462,"Kelvin Taylor","FA","RB",24,1,NA,0,0,0,NA,118,0,11,0,NA,NA,NA,NA,NA,0,NA
2555465,"Demarcus Ayers","FA","WR",23,1,NA,0,0,0,NA,158,0,16,0,NA,NA,NA,NA,NA,0,NA
2555468,"Rashard Higgins","FA","WR",23,1,NA,0,0,0,NA,158,0,16,0,NA,NA,NA,NA,NA,0,NA
2555471,"Kenny Lawler","FA","WR",23,1,NA,0,0,0,NA,158,0,16,0,NA,NA,NA,NA,NA,0,NA
2555483,"Thomas Duarte","MIA","TE",22,1,1,0,0,0,NA,90,0,8,0,NA,NA,NA,NA,NA,0,NA
2555486,"Temarrick Hemingway","LAR","TE",24,1,8,0,0,0,NA,90,0,8,0,NA,NA,NA,NA,NA,0,NA
2555487,"Beau Sandland","FA","TE",24,1,NA,0,0,0,NA,90,0,8,0,NA,NA,NA,NA,NA,0,NA
2556144,"Daniel Braverman","FA","WR",24,1,NA,0,0,0,NA,158,0,16,0,NA,NA,NA,NA,NA,0,NA
2556185,"Devin Lucien","FA","WR",24,1,NA,0,0,0,NA,158,0,16,0,NA,NA,NA,NA,NA,0,NA
2556190,"Jakeem Grant","MIA","WR",25,1,1,0,0,0,NA,158,0,16,0,NA,NA,NA,NA,NA,0,NA
2556212,"Devin Fuller","ATL","WR",23,1,5,0,0,0,NA,158,0,16,0,NA,NA,NA,NA,NA,0,NA
2556261,"Moritz Boehringer","FA","WR",NA,1,NA,0,0,0,NA,158,0,16,0,NA,NA,NA,NA,NA,0,NA
2556273,"Darius Jackson","CLE","RB",24,1,9,0,0,0,NA,118,0,11,0,NA,NA,NA,NA,NA,0,NA
2556375,"Rico Gathers","DAL","TE",23,1,6,0,0,0,NA,90,0,8,0,NA,NA,NA,NA,NA,0,NA
2556379,"Zac Brooks","FA","RB",24,1,NA,0,0,0,NA,118,0,11,0,NA,NA,NA,NA,NA,0,NA
2556392,"Mekale McKay","FA","WR",24,1,NA,0,0,0,NA,158,0,16,0,NA,NA,NA,NA,NA,NA,NA
2556396,"Chester Rogers","IND","WR",23,1,11,0,0,0,NA,158,0,16,0,NA,102.8,11.9,7.37043834836908,NA,0,NA
2556399,"Tevaun Smith","FA","WR",24,1,NA,0,0,0,NA,158,0,16,0,NA,NA,NA,NA,NA,0,NA
2556404,"Maurice Harris","WAS","WR",25,1,5,0,0,0,NA,158,0,16,0,NA,NA,NA,NA,NA,0,NA
2556411,"Josh Ferguson","FA","RB",24,1,NA,0,0,0,NA,118,0,11,0,NA,NA,NA,NA,NA,0,NA
2556444,"Joshua Perkins","FA","TE",24,1,NA,0,0,0,NA,90,0,8,0,NA,NA,NA,NA,NA,0,NA
2556454,"Brandon Wilds","FA","RB",24,1,NA,0,0,0,NA,118,0,11,0,NA,NA,NA,NA,NA,0,NA
2556460,"Geronimo Allison","GB","WR",23,1,8,0,0,0,NA,158,0,16,0,NA,NA,NA,NA,NA,0,NA
2556466,"Peyton Barber","TB","RB",23,1,1,0,0,0,NA,118,0,11,0,NA,NA,NA,NA,NA,0,NA
2556473,"Jace Billingsley","FA","WR",24,1,NA,0,0,0,NA,158,0,16,0,NA,NA,NA,NA,NA,0,NA
2556477,"Trevone Boykin","FA","QB",24,1,NA,0,0,0,NA,62,0,0,0,NA,NA,NA,NA,NA,0,NA
2556478,"Ben Braunecker","FA","TE",23,1,NA,0,0,0,NA,90,0,8,0,NA,NA,NA,NA,NA,0,NA
2556493,"Tra Carson","CIN","RB",25,1,6,0,0,0,NA,118,0,11,0,NA,NA,NA,NA,NA,0,NA
2556508,"Alan Cross","TB","RB",24,1,1,0,0,0,NA,118,0,11,0,NA,NA,NA,NA,NA,0,NA
2556528,"D.J. Foster","FA","RB",NA,1,NA,0,0,0,NA,118,0,11,0,NA,NA,NA,NA,NA,0,NA
2556541,"Aaron Green","FA","RB",25,1,NA,0,0,0,NA,118,0,11,0,NA,NA,NA,NA,NA,0,NA
2556544,"Glenn Gronkowski","FA","RB",24,1,NA,0,0,0,NA,118,0,11,0,NA,NA,NA,NA,NA,0,NA
2556563,"Don Jackson","FA","RB",24,1,NA,0,0,0,NA,118,0,11,0,NA,NA,NA,NA,NA,0,NA
2556577,"Marshall Koehn","FA","K",25,1,NA,0,0,0,NA,34,0,6,0,NA,NA,NA,NA,NA,0,NA
2556606,"Jalin Marshall","NYJ","WR",NA,1,11,0,0,0,NA,158,0,16,0,NA,NA,NA,NA,NA,0,NA
2556636,"Marquez North","FA","WR",22,1,NA,0,0,0,NA,158,0,16,0,NA,NA,NA,NA,NA,0,NA
2556656,"Jhurell Pressley","FA","RB",25,1,NA,0,0,0,NA,118,0,11,0,NA,NA,NA,NA,NA,0,NA
2556686,"Nelson Spruce","FA","WR",25,1,NA,0,0,0,NA,158,0,16,0,NA,NA,NA,NA,NA,0,NA
2556687,"Joel Stave","FA","QB",25,1,NA,0,0,0,NA,62,0,0,0,NA,NA,NA,NA,NA,0,NA
2556728,"Brandon Burks","FA","RB",24,1,NA,0,0,0,NA,118,0,11,0,NA,NA,NA,NA,NA,0,NA
2556743,"Chris Hubert","ARI","WR",24,1,8,0,0,0,NA,158,0,16,0,NA,NA,NA,NA,NA,0,NA
2556801,"Kenneth Farrow","LAC","RB",24,1,9,0,0,0,NA,118,0,11,0,NA,NA,NA,NA,NA,0,NA
2556803,"C.J. Ham","MIN","RB",24,1,9,0,0,0,0,118,0,11,0,NA,NA,NA,1.52909947135847,NA,0,NA
2556818,"Ryan OMalley","OAK","TE",24,2017,10,0,0,0,NA,90,0,8,0,NA,NA,NA,NA,NA,0,NA
2556841,"Byron Marshall","FA","WR",23,1,NA,0,0,0,NA,158,0,16,0,NA,NA,NA,NA,NA,0,NA
2556851,"Keyarris Garrett","CAR","WR",25,1,11,0,0,0,NA,158,0,16,0,NA,NA,NA,NA,NA,0,NA
2556854,"Devon Johnson","FA","RB",24,1,NA,0,0,0,NA,118,0,11,0,NA,NA,NA,NA,NA,0,NA
2556882,"Jake Lampman","FA","WR",24,1,NA,0,0,0,NA,158,0,16,0,NA,NA,NA,NA,NA,0,NA
2557531,"Troymaine Pope","FA","RB",24,1,NA,0,0,0,NA,118,0,11,0,NA,NA,NA,NA,NA,0,NA
2557856,"O.J. Howard","TB","TE",23,0,1,0,0,0,NA,90,0,8,0,NA,NA,NA,NA,NA,0,NA
2557859,"Jake Butt","DEN","TE",22,0,5,0,0,0,NA,90,0,8,0,NA,NA,NA,NA,NA,0,NA
2557869,"Chad Kelly","DEN","QB",23,0,5,0,0,0,NA,62,0,0,0,NA,NA,NA,NA,NA,0,NA
2557886,"Jeremy Sprinkle","WAS","TE",23,0,5,0,0,0,NA,90,0,8,0,NA,NA,NA,NA,NA,0,NA
2557897,"Davis Webb","NYG","QB",22,0,8,0,0,0,NA,62,0,0,0,NA,NA,NA,NA,NA,0,NA
2557936,"Joe Williams","SF","RB",24,0,11,0,0,0,NA,118,0,11,0,NA,NA,NA,NA,NA,0,NA
2557952,"Wayne Gallman","NYG","RB",23,0,8,0,0,0,NA,118,0,11,0,NA,75.4,6,4.68087265729329,NA,0,NA
2557977,"Jeremy McNichols","FA","RB",22,0,NA,0,0,0,NA,118,0,11,0,NA,NA,NA,NA,NA,0,NA
2558003,"Carlos Henderson","DEN","WR",23,0,5,0,0,0,NA,158,0,16,0,NA,NA,NA,NA,NA,0,NA
2558010,"John Ross","CIN","WR",NA,0,6,0,0,0,NA,158,0,16,0,NA,NA,NA,NA,NA,0,NA
2558011,"Bucky Hodges","MIN","TE",22,0,9,0,0,0,NA,90,0,8,0,NA,NA,NA,NA,NA,0,NA
2558016,"Brad Kaaya","CAR","QB",22,0,11,0,0,0,NA,62,0,0,0,NA,NA,NA,NA,NA,0,NA
2558071,"Isaiah Ford","MIA","WR",21,0,1,0,0,0,NA,158,0,16,0,NA,NA,NA,NA,NA,0,NA
2558091,"Noah Brown","DAL","WR",NA,0,6,0,0,0,NA,158,0,16,0,NA,147,8,4.72221699662814,NA,0,NA
2558095,"Malachi Dupre","FA","WR",22,0,NA,0,0,0,NA,158,0,16,0,NA,NA,NA,NA,NA,0,NA
2558105,"Chris Godwin","TB","WR",21,0,1,0,0,0,NA,158,0,16,0,NA,NA,NA,NA,NA,0,NA
2558112,"Brian Hill","ATL","RB",22,0,5,0,0,0,NA,118,0,11,0,NA,NA,NA,NA,NA,0,NA
2558113,"Elijah Hood","OAK","RB",NA,0,10,0,0,0,NA,118,0,11,0,NA,NA,NA,NA,NA,0,NA
2558127,"Josh Malone","CIN","WR",21,0,6,0,0,0,NA,158,0,16,0,NA,NA,NA,NA,NA,0,NA
2558167,"Joshua Dobbs","PIT","QB",22,0,9,0,0,0,NA,62,NA,0,0,NA,NA,NA,NA,NA,0,NA
2558172,"Jake Elliott","FA","K",22,0,NA,0,0,0,NA,34,0,6,0,NA,NA,NA,NA,NA,0,NA
2558196,"Sam Rogers","FA","RB",22,0,NA,0,0,0,NA,118,0,11,0,NA,NA,NA,NA,NA,0,NA
2558245,"Harrison Butker","CAR","K",22,0,11,0,0,0,NA,34,NA,6,0,NA,18.1,9,12.3353827977373,NA,0,NA
2558254,"Robert Davis","FA","WR",22,0,NA,0,0,0,NA,158,0,16,0,NA,NA,NA,NA,NA,0,NA
2558273,"T.J. Logan","ARI","RB",23,0,8,0,0,0,NA,118,0,11,0,NA,NA,NA,NA,NA,0,NA
2558786,"Brandon Wilson","FA","RB",23,0,NA,0,0,0,NA,118,0,11,0,NA,NA,NA,NA,NA,0,NA
2558832,"Mo Alie-Cox","FA","TE",24,1,NA,0,0,0,NA,90,0,8,0,NA,NA,NA,NA,NA,0,NA
2558837,"Devante Mays","GB","RB",NA,0,8,0,0,0,NA,118,0,11,0,NA,87.5,7.5,6.23993835130658,NA,0,NA
2558856,"David Moore","FA","WR",22,0,NA,0,0,0,NA,158,0,16,0,NA,NA,NA,NA,NA,0,NA
2558860,"Marquez Williams","FA","RB",NA,0,NA,0,0,0,NA,118,0,11,0,NA,NA,NA,NA,NA,0,NA
2558861,"Khalfani Muhammad","TEN","RB",23,0,8,0,0,0,NA,118,0,11,0,NA,NA,NA,NA,NA,0,NA
2558864,"Mason Schreck","CIN","TE",NA,0,6,0,0,0,NA,90,0,8,0,NA,NA,NA,NA,NA,0,NA
2558906,"Quincy Adeboyejo","FA","WR",NA,NA,NA,0,0,0,NA,158,0,16,0,NA,NA,NA,NA,NA,NA,NA
2558950,"Keon Hatcher","OAK","WR",23,0,10,0,0,0,NA,158,0,16,0,NA,NA,NA,NA,NA,NA,NA
2558956,"Jacob Hollister","NE","TE",24,0,9,0,0,0,NA,90,0,8,0,NA,NA,NA,NA,NA,NA,NA
2558975,"Taquan Mizzell","CHI","RB",24,0,9,0,0,0,NA,118,0,11,0,NA,NA,NA,NA,NA,NA,NA
2558993,"Fred Ross","CAR","WR",NA,0,11,0,0,0,NA,158,0,16,0,NA,NA,NA,NA,NA,NA,NA
2559101,"Travin Dural","NO","WR",NA,0,5,0,0,0,NA,158,0,16,0,NA,NA,NA,NA,NA,NA,NA
2559103,"Devine Redding","FA","RB",NA,NA,NA,0,0,0,NA,118,0,11,0,NA,NA,NA,NA,NA,NA,NA
2559150,"Corey Clement","PHI","RB",NA,0,10,0,0,0,NA,118,0,11,0,NA,76.8,9.8,8.63050574879363,NA,0,NA
2559161,"Sean Culkin","LAC","TE",NA,NA,9,0,0,0,NA,90,NA,8,0,NA,NA,NA,NA,NA,NA,NA
2559170,"Amba Etta-Tawo","FA","WR",24,0,NA,0,0,0,NA,158,0,16,0,NA,NA,NA,NA,NA,NA,NA
2559176,"Tanner Gentry","FA","WR",NA,0,NA,0,0,0,NA,158,0,16,0,NA,NA,NA,NA,NA,NA,NA
2559180,"Tion Green","DET","RB",NA,NA,7,0,0,0,NA,118,0,11,0,NA,NA,NA,NA,NA,NA,NA
2559235,"Brandon Reilly","BUF","WR",24,0,6,0,0,0,NA,158,0,16,0,NA,NA,NA,NA,NA,NA,NA
2559241,"Travis Rudolph","FA","WR",NA,0,NA,0,0,0,NA,158,0,16,0,NA,NA,NA,NA,NA,NA,NA
2559246,"Artavis Scott","FA","WR",NA,0,NA,0,0,0,NA,158,0,16,0,NA,NA,NA,NA,NA,NA,NA
2559286,"Krishawn Hogan","FA","WR",NA,0,NA,0,0,0,NA,158,0,16,0,NA,NA,NA,NA,NA,NA,NA
2559325,"Trey Edmunds","NO","RB",NA,NA,5,0,0,0,NA,118,0,11,0,NA,NA,NA,NA,NA,NA,NA
2559362,"Dare Ogunbowale","HOU","RB",NA,0,7,0,0,0,NA,118,NA,11,0,NA,NA,NA,NA,NA,NA,NA
2559394,"Lance Lenoir","FA","WR",22,0,NA,0,0,0,NA,158,NA,16,0,NA,NA,NA,NA,NA,NA,NA
