"playerId","player","team","position","age","exp","bye","points","lower","upper","sdPts","positionRank","dropoff","tier","ptSpread","overallECR","positionECR","sdRank","risk","sleeper","actualPoints","salary"
2495455,"Cam Newton","CAR","QB",27,5,7,23.5433333333333,21.216,26.056,3.30478945370705,1,3.59666666666667,1,4.84,NA,NA,NA,9.73215022337714,NA,23.98,NA
2506363,"Aaron Rodgers","GB","QB",33,11,4,20.6466666666667,18.864,23.44,2.99501808564378,2,1.48666666666666,1,4.576,NA,5.7,1.7,5.62259243144813,NA,10.46,NA
2504211,"Tom Brady","NE","QB",39,16,9,19.2466666666667,16.744,22.696,4.05607363509753,3,0.296666666666663,2,5.95199999999999,NA,2.9,1.5,6.34082257736332,NA,27.24,NA
2504775,"Drew Brees","NO","QB",37,15,5,19.0733333333333,16.664,22.904,4.28627266203789,4,0.34,2,6.24,NA,3,1.6,6.71108744486247,NA,31.6,NA
2532975,"Russell Wilson","SEA","QB",28,4,5,18.8266666666667,18.704,19.2,0.328836332137028,5,0.585000000000001,2,0.496000000000002,NA,NA,NA,4.0255009877891,NA,11.5,NA
2505245,"Carson Palmer","ARI","QB",37,13,9,18.64,16.6,21.992,3.3753814599242,6,0.851666666666663,2,5.392,NA,7.2,2,6.43593696131981,NA,12.42,NA
2553435,"David Johnson","ARI","RB",25,1,9,18.34,16.116,17.3,0.752861208988747,1,0.611666666666668,1,1.184,NA,3,1.2,2.48423917343158,NA,31.8,NA
2540175,"LeVeon Bell","PIT","RB",24,3,8,18.24,16.646,20.19,2.34527183925446,2,1.25833333333333,1,3.544,NA,1.1,0.6,3.76853369754562,NA,10.8,NA
79860,"Matthew Stafford","DET","QB",28,7,10,17.8433333333333,16.336,19.496,2.11178439556062,7,0.641666666666666,2,3.16,NA,11.5,3,6.71992354698216,NA,28.2,NA
2495240,"Tyrod Taylor","BUF","QB",27,5,10,17.7333333333333,15.612,21.324,3.85291231840712,8,1.245,2,5.712,NA,15.4,3.7,9.43616644414401,NA,18.96,NA
2495207,"DeMarco Murray","TEN","RB",28,5,13,17.2166666666667,15.6,18.44,1.96871362400257,3,0.518333333333338,1,2.84,NA,3.1,1.3,3.70249222624227,NA,12.5,NA
2555418,"Jordan Howard","CHI","RB",22,0,9,16.7466666666667,13.852,19.9,3.78213343674352,4,0.275000000000002,1,6.048,NA,9.2,2.5,5.96696387108008,NA,10,NA
2506109,"Ben Roethlisberger","PIT","QB",34,12,8,16.67,16.344,17.376,0.646451854355761,9,0.664999999999996,2,1.032,NA,3.7,2,3.81945689402378,NA,5.56,NA
2533034,"Lamar Miller","HOU","RB",25,4,9,16.65,13.38,20.14,4.2252218876646,5,1.14833333333333,1,6.76,NA,6.2,2.1,6.22508220396638,NA,29.8,NA
2543477,"Blake Bortles","JAC","QB",25,2,5,16.3066666666667,14.2,18.232,2.5503986616475,10,1.03,2,4.032,NA,11.2,3.4,7.73867018377883,NA,8.94,NA
79607,"LeSean McCoy","BUF","RB",28,7,10,16.2933333333333,14.344,17.88,2.23788590713051,6,1.78666666666667,1,3.536,NA,3.5,1.3,3.96276898404113,NA,32.2,NA
2543499,"Derek Carr","OAK","QB",25,2,10,15.7033333333333,12.642,19.682,4.66605114988395,11,0.948333333333334,2,7.04,NA,9.7,3.1,9.3184895298107,NA,7.8,NA
2508061,"Antonio Brown","PIT","WR",28,6,8,15.6,14.5,16.82,1.47309198626562,1,2.41,1,2.32,NA,1.1,0.3,2.56432176091534,NA,3.9,NA
2552466,"Marcus Mariota","TEN","QB",23,1,13,14.85,15.04,16.56,1.04403065089106,12,0.248333333333333,3,1.52,NA,13.3,3,5.69616815805315,NA,26.76,NA
2539322,"Christine Michael","SEA","RB",26,3,5,14.71,9.946,15.466,3.69260070952709,7,0.461666666666666,2,5.52,NA,9,2.9,6.05071705779352,NA,20.3,NA
2555259,"Carson Wentz","PHI","QB",24,0,4,14.66,13.744,15.68,1.36923336214102,13,0.416666666666666,3,1.936,NA,16.4,3.2,6.30707347237648,NA,7.36,NA
2506340,"Alex Smith","KC","QB",32,11,5,14.5433333333333,10.62,17.348,4.48364063383021,14,0.631666666666668,3,6.728,NA,14.7,3.3,9.44269856276942,NA,8.86,NA
2555224,"Ezekiel Elliott","DAL","RB",21,0,7,14.3033333333333,9.182,16.542,4.60348056728095,8,0.268333333333334,2,7.36,NA,6.9,2.4,6.71858560085752,NA,17.4,NA
2552475,"Todd Gurley","LA","RB",22,1,8,14.1933333333333,10.496,15.216,2.96245393775723,9,0.353333333333335,2,4.72,NA,7.4,2.9,5.34469995876242,NA,9.7,NA
2533031,"Andrew Luck","IND","QB",27,4,10,13.9433333333333,12.778,15.962,2.21888109941324,15,0.206666666666665,4,3.184,NA,NA,NA,7.64982640078947,NA,22.38,NA
2533436,"Brock Osweiler","HOU","QB",26,4,9,13.88,14.5,15.724,0.843386032609031,16,0.299999999999999,4,1.224,NA,22.8,3.9,6.84975515022422,NA,15.36,NA
2552469,"Melvin Gordon","SD","RB",23,1,11,13.8766666666667,10.624,14.52,2.59126095431034,10,0.555,2,3.896,NA,14.7,3.7,5.32642817644986,NA,9.4,NA
2540269,"C.J. Anderson","DEN","RB",25,3,11,13.8033333333333,12.388,14.86,1.72917128513439,11,1.04833333333334,2,2.472,NA,9.7,2.9,4.15217446340269,NA,7.1,NA
100012,"Titans","TEN","DST",NA,NA,13,13.8,12.04,15.56,3.11126983722081,1,1.5,1,3.52,NA,8.3,3.6,7.0672442626187,NA,6,NA
2553457,"Trevor Siemian","DEN","QB",NA,NA,11,13.5933333333333,14.296,15.176,0.603434613966859,17,0.106666666666666,4,0.879999999999999,NA,NA,NA,4.55206710327659,NA,13.3,NA
81294,"Brian Hoyer","CHI","QB",31,7,9,13.5666666666667,10.996,17.268,4.22716611139583,18,0.210000000000003,4,6.272,NA,15.5,3.1,8.89768939165565,NA,12.08,NA
310,"Matt Ryan","ATL","QB",31,8,11,13.4066666666667,12.376,14.52,1.36386705119426,19,0.18,4,2.144,NA,18.1,4.1,7.64789204343307,NA,19.6,NA
2505996,"Eli Manning","NYG","QB",35,12,8,13.3066666666667,13.52,15.232,1.07820839049478,20,0.324999999999999,4,1.712,NA,18.3,3.9,7.07490130918332,NA,22.12,NA
1032,"Jordy Nelson","GB","WR",31,8,4,13.2566666666667,12.834,13.794,0.649332991101894,2,0.338333333333333,2,0.959999999999999,NA,6.6,3.6,3.00213582473306,NA,3.8,NA
2555260,"Dak Prescott","DAL","QB",23,0,7,13.1466666666667,12.232,14.04,1.22740919555515,21,0.518333333333334,4,1.808,NA,15.6,4.1,7.51705713344597,NA,16.48,NA
2540165,"DeAndre Hopkins","HOU","WR",24,3,9,13.1233333333333,11.876,14.54,1.70488513787098,3,0.418333333333333,2,2.664,NA,9.4,4.1,3.90635307788641,NA,7.1,NA
2543743,"Carlos Hyde","SF","RB",25,2,8,12.84,11.516,14.22,1.84683513070333,12,0.243333333333332,2,2.704,NA,11.2,2.9,4.26594978929786,NA,5.2,NA
2495143,"Andy Dalton","CIN","QB",29,5,9,12.8166666666667,10.762,14.746,2.49524213921882,22,0.388333333333332,4,3.984,NA,19.3,3.5,7.8353379949476,NA,21.86,NA
2530747,"Doug Baldwin","SEA","WR",28,5,5,12.7133333333333,7.488,14.368,4.31584676898211,4,0.0483333333333356,2,6.88,NA,14.5,3.9,5.69777159288688,NA,3.1,NA
2543496,"Odell Beckham","NYG","WR",24,2,8,12.6966666666667,11.152,13.96,1.85769570525782,5,0.0866666666666678,2,2.808,NA,4.5,2.7,3.58101253252396,NA,31.2,NA
925,"Jamaal Charles","KC","RB",30,8,5,12.67,8.962,14.082,3.38093182421651,13,0.295,2,5.12,NA,19.3,6.2,7.15454638313197,NA,10.7,NA
2543509,"Allen Robinson","JAC","WR",23,2,5,12.6333333333333,7.86,13.86,3.76342043005207,6,0.0899999999999999,2,6,NA,3.8,2.6,4.90280509242951,NA,4.9,NA
2543471,"Kelvin Benjamin","CAR","WR",25,2,7,12.5866666666667,6.872,14.072,4.70175853626421,7,0.113333333333333,2,7.2,NA,NA,NA,9.31536467975159,NA,8.6,NA
100009,"Broncos","DEN","DST",NA,NA,11,12.55,8.57,13.13,4.03050865276332,2,0.850000000000001,1,4.56,NA,3.2,2.3,6.03376991035397,NA,6,NA
2495466,"Mark Ingram","NO","RB",27,5,5,12.5233333333333,8.514,13.634,3.2071222822545,14,0.328333333333333,2,5.12,NA,NA,NA,8.54637115209056,NA,6,NA
497328,"Demaryius Thomas","DEN","WR",29,6,11,12.5,11.48,13.48,1.25299640861417,8,0.091666666666665,2,2,NA,14.8,4.2,3.61656639525832,NA,0.5,NA
2495893,"Brandon Marshall","NYJ","WR",32,10,11,12.4466666666667,9.112,15.56,4.05839048556609,9,0.0983333333333327,2,6.448,NA,NA,NA,8.40197470782762,NA,7,NA
2506581,"Ryan Fitzpatrick","NYJ","QB",34,11,11,12.44,10.072,15.208,3.23907394173088,23,0.210000000000001,4,5.136,NA,26.4,2.3,6.75390077900636,NA,4.16,NA
2532956,"Ryan Tannehill","MIA","QB",28,4,8,12.4166666666667,10.218,13.914,2.55229961668557,24,0.403333333333336,4,3.696,NA,23.9,3.3,7.59094127881502,NA,10.38,NA
2532884,"Marvin Jones","DET","WR",26,4,10,12.37,9.988,14.62,2.90907201698411,10,0.0983333333333327,2,4.632,NA,12.4,4.1,4.76114546189651,NA,7,NA
497322,"Emmanuel Sanders","DEN","WR",29,6,11,12.3266666666667,11.144,13.24,1.43392235959041,11,0.125,2,2.096,NA,16.5,4.4,3.80697004056763,NA,4,NA
2543583,"Devonta Freeman","ATL","RB",24,2,11,12.2266666666667,8.604,13.98,3.71377615552329,15,0.135000000000002,2,5.376,NA,15.1,3.3,6.24151976703124,NA,5,NA
2495454,"Julio Jones","ATL","WR",27,5,11,12.2166666666667,8.84,13.52,3.139400155019,12,0.0433333333333366,3,4.68,NA,NA,NA,7.0972836351112,NA,19.9,NA
2552487,"Amari Cooper","OAK","WR",22,1,10,12.1866666666667,7.132,15.452,5.48821768275761,13,0.0933333333333319,3,8.32,NA,15.3,4.1,6.59195271498628,NA,12.9,NA
497149,"LeGarrette Blount","NE","RB",30,6,9,12.1633333333333,7.458,12.658,3.69364770021903,16,0.565,2,5.2,NA,NA,NA,9.48726489421746,NA,13,NA
2495450,"A.J. Green","CIN","WR",28,5,9,12.16,7.956,13.796,3.68439954402342,14,0.184999999999997,3,5.84,NA,NA,NA,7.8710195644617,NA,8.8,NA
2495700,"Greg Olsen","CAR","TE",31,9,7,12.0933333333333,7.836,12.796,3.32447489587955,1,1.84166666666667,1,4.96,NA,1.3,0.6,4.77364633510559,NA,9.4,NA
100013,"Texans","HOU","DST",NA,NA,9,12.05,10.45,12.45,1.76776695296637,3,0.925000000000001,1,2,NA,10.2,3.5,5.07764968040096,NA,5,NA
2506121,"Philip Rivers","SD","QB",35,12,11,12.0433333333333,8.842,15.914,4.65149796660531,25,0.268333333333334,4,7.072,NA,20.6,3.8,10.3513967303202,NA,11.12,NA
2506106,"Larry Fitzgerald","ARI","WR",33,12,9,12.0266666666667,10.744,13.08,1.54211975324011,15,0.164999999999999,3,2.336,NA,11.2,4.5,3.91476064478294,NA,4.9,NA
2550189,"Isaiah Crowell","CLE","RB",23,2,13,12.02,7.712,14.112,4.08548650713719,17,0.948333333333332,2,6.4,NA,20.1,4.1,6.94160007194187,NA,3.6,NA
2532820,"Kirk Cousins","WAS","QB",28,4,9,11.9833333333333,11.81,12.29,0.332916405923969,26,1.03833333333333,5,0.479999999999999,NA,21.7,3.5,5.7621140581254,NA,16.32,NA
2543488,"Jarvis Landry","MIA","WR",24,2,8,11.9233333333333,9.416,13.76,3.0789013191938,16,0.136666666666667,3,4.344,NA,18.7,4.5,5.00564545780449,NA,9.1,NA
2532865,"T.Y. Hilton","IND","WR",27,4,10,11.8,7.4,14.2,4.44409720865779,17,0.0366666666666671,3,6.8,NA,NA,NA,8.94956275263858,NA,4.9,NA
2555346,"Will Fuller","HOU","WR",22,0,9,11.7733333333333,6.224,13.184,4.63466647487533,18,0.153333333333332,3,6.96,NA,NA,NA,9.22011404366264,NA,NA,NA
2550256,"Willie Snead","NO","WR",24,2,5,11.7533333333333,9.308,13.66,2.95948193664589,19,0.331666666666667,3,4.352,NA,27,5.9,5.35468874481649,NA,4.7,NA
382,"Joe Flacco","BAL","QB",31,8,8,11.5666666666667,10.904,12.168,0.801082600818001,27,1.465,5,1.264,NA,24.1,2.9,5.31367960957807,NA,12.28,NA
1581,"DeSean Jackson","WAS","WR",30,8,9,11.4866666666667,9.408,13.52,2.57187350647992,20,0.231666666666669,3,4.112,NA,30.3,4.9,4.76967824639176,NA,5.5,NA
2543498,"Brandin Cooks","NO","WR",23,2,5,11.3566666666667,6.654,13.854,4.68055908341443,21,0.241666666666664,3,7.2,NA,12.9,5.3,6.39047589681791,NA,23.3,NA
100026,"Cardinals","ARI","DST",NA,NA,9,11.35,10.21,11.89,1.48492424049175,4,0.525,2,1.68,NA,1.8,1.6,1.37057612716399,NA,12,NA
234,"Matt Forte","NYJ","RB",31,8,11,11.1766666666667,8.086,14.086,3.77049510453645,18,0.408333333333333,2,6,NA,NA,NA,9.63588044265779,NA,2.2,NA
80429,"Jeremy Maclin","KC","WR",28,7,5,11.1533333333333,6.612,12.772,3.85363897288437,22,0.0783333333333331,3,6.16,NA,17.3,4.5,5.55559319221951,NA,4.9,NA
71269,"Michael Crabtree","OAK","WR",29,7,10,11.0766666666667,6.746,12.266,3.45233737246714,23,0.261666666666667,3,5.52,NA,20.2,4.3,5.20875583215143,NA,1,NA
2543500,"Jordan Matthews","PHI","WR",24,2,4,11.0733333333333,6.684,12.684,3.7804937949074,24,0.545000000000002,3,6,NA,23.7,4.7,5.5656443774638,NA,7.5,NA
2540168,"Eddie Lacy","GB","RB",25,3,4,10.9666666666667,8.02,13.78,3.60289235661202,19,0.533333333333333,2,5.76,NA,NA,NA,9.31175271805684,NA,7.1,NA
100010,"Lions","DET","DST",NA,NA,10,10.9,10.06,10.54,0.424264068711928,5,0.225,2,0.479999999999999,NA,13,3.8,3.78806651759645,NA,3,NA
100003,"Bills","BUF","DST",NA,NA,10,10.75,8.29,10.61,2.05060966544099,6,0.199999999999999,2,2.32,NA,3,2.6,3.88464329774526,NA,9,NA
2506194,"Nick Novak","HOU","K",NA,NA,9,10.6111111111111,9.76666666666667,11.6333333333333,1.22851913263867,1,0.316666666666666,1,1.86666666666667,NA,15.7,5.1,6.37725983748354,NA,8,NA
100027,"Steelers","PIT","DST",NA,NA,8,10.6,8.3,10.7,2.12132034355964,7,0.225000000000001,2,2.4,NA,5.8,2.7,4.15515098035459,NA,0,NA
2506404,"Frank Gore","IND","RB",33,11,10,10.57,8.988,11.7,1.7806459502102,20,0.438333333333333,2,2.712,NA,NA,NA,5.78770201671873,NA,10.8,NA
238498,"Julian Edelman","NE","WR",30,7,9,10.5566666666667,5.754,12.874,4.50184776878709,25,0.16,3,7.12,NA,NA,NA,9.03155125430238,NA,3,NA
100005,"Bears","CHI","DST",NA,NA,9,10.5,9.3,11.7,2.12132034355964,8,0.6,2,2.4,NA,17.1,5.4,8.88022806139395,NA,10,NA
2543847,"John Brown","ARI","WR",26,2,9,10.5,7.32,13.16,3.81968585095686,26,0.246666666666666,3,5.84,NA,25,5.8,5.93431807272985,NA,5.4,NA
2507401,"Dan Carpenter","BUF","K",31,8,10,10.3555555555556,8.65333333333333,11.8,2.04432366793012,2,0.577777777777776,1,3.14666666666667,NA,14.7,4.3,6.39738451843197,NA,10,NA
2495966,"Delanie Walker","TEN","TE",32,10,13,10.3366666666667,6.342,11.702,3.37031650343604,2,0.323333333333334,1,5.36,NA,3.6,1.1,5.03868447231138,NA,2.1,NA
2532888,"Case Keenum","LA","QB",28,4,8,10.3233333333333,10.148,10.828,0.451700490738423,28,0.675000000000001,6,0.68,NA,28.3,2,3.63273054536909,NA,28.54,NA
497188,"Ryan Mathews","PHI","RB",29,6,4,10.2966666666667,9.472,10.84,0.892767233568377,21,0.826666666666668,3,1.368,NA,NA,NA,4.07062928545011,NA,6,NA
2553913,"Tyrell Williams","SD","WR",NA,NA,11,10.2933333333333,7.044,12.66,3.99651514864304,27,0.361666666666666,3,5.616,NA,43.4,6.2,6.18378701733275,NA,2.8,NA
100030,"Seahawks","SEA","DST",NA,NA,5,10.25,8.23,10.07,1.62634559672906,9,0.800000000000001,3,1.84,NA,6.6,3.6,5.06164287974222,NA,8,NA
2550545,"Chris Boswell","PIT","K",27,2,8,10.2333333333333,9.16,11.5333333333333,1.56240555270106,3,1.04444444444444,1,2.37333333333333,NA,9.4,4.1,5.63350876107995,NA,1,NA
2533039,"Alshon Jeffery","CHI","WR",26,4,9,10.2133333333333,6.412,12.54,4.32232961877427,28,0.618333333333334,3,6.128,NA,NA,NA,8.77668923897207,NA,9.3,NA
497240,"Rob Gronkowski","NE","TE",27,6,9,10.1666666666667,5.9,11.98,3.87341365378568,3,0.628333333333332,1,6.08,NA,NA,NA,9.00063691279843,NA,22.2,NA
2543664,"Terrance West","BAL","RB",25,2,8,9.96666666666667,6.92,11.56,3.32014055927356,22,1.61166666666667,3,4.64,NA,21.7,4.5,6.37187411175497,NA,24.3,NA
2495186,"Colin Kaepernick","SF","QB",29,5,8,9.88,9.3,10.292,0.623858958419289,29,4.97866666666667,7,0.991999999999999,NA,26.5,2.4,4.39600108489958,NA,18.08,NA
2540258,"Travis Kelce","KC","TE",27,3,5,9.86,5.276,11.436,3.85003896084182,4,0.771666666666665,1,6.16,NA,4.4,3.3,6.42841908910589,NA,3.2,NA
2553568,"Cameron Meredith","CHI","WR",NA,NA,9,9.65,7.61,11.69,3.60624458405139,29,0.215000000000002,3,4.08,NA,36.4,7.6,6.34056651902462,NA,11.3,NA
100021,"Patriots","NE","DST",NA,NA,9,9.55,8.15,9.35,1.06066017177982,10,0.700000000000001,3,1.2,NA,5,2.5,2.37257285430763,NA,8,NA
2539336,"Tavon Austin","LA","WR",25,3,8,9.54,5.536,12.24,4.81526738613755,30,0.258333333333333,3,6.704,NA,37.4,5.5,6.54807193193077,NA,2.4,NA
2555387,"Cody Kessler","CLE","QB",23,0,13,9.41666666666667,6.424,9.696,2.26213026444839,30,9.04266666666667,7,3.272,NA,NA,NA,7.73276044057616,NA,21.74,NA
100014,"Colts","IND","DST",NA,NA,10,9.35,7.23,11.47,3.7476659402887,11,1.275,3,4.24,NA,19.3,2.8,6.52676487359643,NA,3,NA
2495448,"Randall Cobb","GB","WR",26,5,4,9.33,7.018,11.258,2.77735485669369,31,0.623333333333333,3,4.24,NA,24.3,4.4,4.76060596442132,NA,11.3,NA
2505459,"Josh Brown","NYG","K",37,13,8,9.32222222222222,7.79333333333333,11.26,2.34054441276985,4,0.327777777777779,1,3.46666666666667,NA,12.9,3.6,5.9468258745036,NA,9,NA
2543828,"Quincy Enunwa","NYJ","WR",24,2,11,9.23333333333333,4.88,12,4.78574271491201,32,1.17166666666667,3,7.12,NA,NA,NA,9.43459706391169,NA,4.2,NA
497236,"Jimmy Graham","SEA","TE",30,6,5,9.21666666666667,5.61,10.97,3.71965500192334,5,0.318333333333333,1,5.36,NA,NA,NA,8.75334961025344,NA,8.9,NA
2541556,"Brandon McManus","DEN","K",25,2,11,9.05555555555556,6.83333333333333,11.3666666666667,2.83986175980712,5,0.205555555555556,1,4.53333333333333,NA,9.9,3.4,6.2829830251375,NA,8,NA
2552635,"Matt Jones","WAS","RB",24,1,9,8.97333333333333,6.144,12.384,4.09806458384117,23,1.245,3,6.24,NA,26.7,3.8,6.82601717481976,NA,19.5,NA
1060,"Gary Barnidge","CLE","TE",31,8,13,8.96,5.016,10.936,3.8163857247401,6,0.186666666666667,1,5.92,NA,NA,NA,8.90891990973811,NA,5.9,NA
2539637,"Caleb Sturgis","PHI","K",27,3,4,8.93333333333333,8.84,9,0.115470053837925,6,0.283333333333335,2,0.16,NA,15.1,4.6,4.57042429851776,NA,8,NA
2540158,"Zach Ertz","PHI","TE",26,3,4,8.83666666666667,5.908,11.02,3.5793900783979,7,0.203333333333335,1,5.112,NA,9.9,2.6,5.89133417622139,NA,2.2,NA
2536340,"Justin Tucker","BAL","K",27,4,8,8.76666666666667,6.8,10.24,2.40069434400411,7,0.416666666666666,2,3.44,NA,5,4.2,6.68509463887962,NA,11,NA
2495353,"Julius Thomas","JAC","TE",28,5,5,8.71,4.546,10.466,3.79609009376753,8,0.234999999999999,1,5.92,NA,NA,NA,8.8762788077522,NA,2.8,NA
497254,"Dennis Pitta","BAL","TE",31,6,8,8.55666666666667,4.534,10.774,4.10702244129897,9,0.19,1,6.24,NA,10.8,2.9,6.45253005425307,NA,3.6,NA
2506922,"Stephen Gostkowski","NE","K",32,10,9,8.53333333333333,8.12,8.92,0.503322295684717,8,0.394444444444444,3,0.800000000000001,NA,1.5,1.1,1.09202045478192,NA,10,NA
2555341,"Hunter Henry","SD","TE",22,0,11,8.39333333333333,5.744,10.56,3.18624125472842,10,0.375000000000002,1,4.816,NA,16.4,4,6.21407709541347,NA,14.3,NA
100022,"Saints","NO","DST",NA,NA,5,8.35,4.45,8.05,3.18198051533946,12,0.649999999999999,4,3.6,NA,27.6,4.1,8.03776336464126,NA,2,NA
238457,"Zach Miller","CHI","TE",32,7,9,8.34,3.864,10.664,4.47557817494008,11,0.978333333333333,1,6.8,NA,NA,NA,9.96908739230633,NA,3.6,NA
2555295,"Sterling Shepard","NYG","WR",NA,0,8,8.18,6.688,9.968,2.1478361203779,33,0.32,4,3.28,NA,34.6,5.8,4.74755508627319,NA,2.5,NA
2507374,"Steven Hauschka","SEA","K",NA,NA,5,8.16666666666667,8,8.4,0.288675134594813,9,0.116666666666665,3,0.4,NA,4,3.1,3.08750787469367,NA,10,NA
71309,"Graham Gano","CAR","K",29,7,7,8.11111111111111,4.26666666666667,11.4666666666667,4.62280979171438,10,0.183333333333333,3,7.2,NA,6,3.4,8.2817912457421,NA,7,NA
89802,"Ryan Succop","TEN","K",30,7,13,7.98888888888889,5.59333333333333,10.9266666666667,3.53401460937264,11,0.147222222222222,3,5.33333333333333,NA,21.5,5.1,8.96187993240187,NA,4,NA
2556370,"Michael Thomas","NO","WR",22,0,5,7.94333333333333,5.386,10.906,3.55986422962075,34,0.286666666666666,4,5.52,NA,37.8,8.5,6.58652330566507,NA,13.8,NA
2534797,"Greg Zuerlein","LA","K",29,4,8,7.86666666666667,6.88,8.8,1.20554275466834,12,0.0750000000000002,3,1.92,NA,22.3,4.9,6.12788955129213,NA,4,NA
2503471,"Adam Vinatieri","IND","K",44,20,10,7.81666666666667,6.79,8.79,1.25532200384337,13,0.108333333333333,3,2,NA,5.6,3.5,4.61841031013064,NA,12,NA
100028,"Chargers","SD","DST",NA,NA,11,7.8,6.18,7.62,1.27279220613579,13,0.200000000000001,4,1.44,NA,21.8,4,5.28413016037534,NA,12,NA
2532790,"Travis Benjamin","SD","WR",27,4,11,7.77666666666667,5.446,10.646,3.45291664152689,35,0.408333333333332,4,5.2,NA,36.4,7,6.04580670803515,NA,-1.3,NA
2507463,"Connor Barth","CHI","K",30,8,9,7.76666666666667,6.76,8.76,1.25033328890074,14,0.191666666666667,3,2,NA,20.7,4.3,5.5072663162838,NA,10,NA
2555464,"DeAndre Washington","OAK","RB",23,0,10,7.73666666666667,4.402,11.042,4.16641732587283,24,0.106666666666667,3,6.64,NA,32.9,5.1,7.44567397078095,NA,4.9,NA
2506467,"Darren Sproles","PHI","RB",33,11,4,7.72,5.612,9.772,2.61862559370369,25,0.183333333333334,4,4.16,NA,34.6,4.8,5.82128790083106,NA,2.4,NA
2533046,"Dwayne Allen","IND","TE",26,4,10,7.69666666666667,3.238,9.558,3.97429658346396,12,1.02,2,6.32,NA,16.6,2.3,6.07198971724596,NA,0.9,NA
2506677,"Matt Prater","DET","K",32,10,10,7.65,6.69,8.69,1.2619429464124,15,0.433333333333334,3,2,NA,15.5,4,5.184863283463,NA,7,NA
100024,"Jets","NYJ","DST",NA,NA,11,7.6,6.52,7.48,0.848528137423857,14,0.0750000000000002,4,0.96,NA,17,3.5,3.83608691957266,NA,0,NA
100018,"Raiders","OAK","DST",NA,NA,10,7.6,4.4,7.6,2.82842712474619,15,0.35,4,3.2,NA,18.5,3.9,7.21023351615453,NA,1,NA
2552453,"Tevin Coleman","ATL","RB",23,1,11,7.54,5.12,9.376,2.66022555434685,26,0.089999999999999,4,4.256,NA,24.5,5.4,6.11700367298003,NA,1.7,NA
2535698,"Cole Beasley","DAL","WR",27,4,7,7.53666666666667,5.802,9.802,2.75136935603589,36,0.343333333333335,4,4,NA,42.7,5,4.92808007894502,NA,17.8,NA
949,"Jonathan Stewart","CAR","RB",29,8,7,7.53333333333333,5.44,9.28,2.42091580467668,27,0.436666666666666,4,3.84,NA,NA,NA,7.0259228312866,NA,20.5,NA
2553112,"Jason Myers","JAC","K",NA,NA,5,7.5,5.7,8.9,2.17944947177034,16,0.616666666666666,3,3.2,NA,21,4.9,7.21970642840162,NA,5,NA
100025,"Eagles","PHI","DST",NA,NA,4,7.45,4.59,7.71,2.75771644662753,16,0.475,4,3.12,NA,7.8,3,5.53970299471873,NA,8,NA
2540156,"Giovani Bernard","CIN","RB",25,3,9,7.36666666666667,6.02,8.18,1.53079500042734,28,0.568333333333334,4,2.16,NA,24.8,3.8,4.34358995088083,NA,9.4,NA
2532841,"Michael Floyd","ARI","WR",27,4,9,7.2,3.76,10.8,4.41361529814278,37,0.0366666666666662,4,7.04,NA,42.7,9.1,7.37847866335256,NA,8.2,NA
2552415,"Jamison Crowder","WAS","WR",23,1,9,7.18666666666667,5.272,9.592,2.90147089134689,38,0.081666666666667,4,4.32,NA,53.4,8.4,6.08817596035293,NA,11.2,NA
497326,"Golden Tate","DET","WR",28,6,10,7.14,4.724,9.844,3.26018404388464,39,0.116666666666667,4,5.12,NA,47,8,6.21886196985706,NA,22.5,NA
2552470,"Sammie Coates","PIT","WR",23,1,8,7.07,1.2,7.712,4.21977882516766,40,0.101666666666667,5,6.512,NA,NA,NA,8.63109782144444,NA,0,NA
100032,"Redskins","WAS","DST",NA,NA,9,7.05,6.09,6.81,0.636396103067893,17,0.275,4,0.720000000000001,NA,20.7,3.8,4.07458100086452,NA,9,NA
2532838,"Coby Fleener","NO","TE",28,4,5,7.02666666666667,5.556,8.996,2.40585397173921,13,0.751666666666667,2,3.44,NA,9.5,2.3,4.810740551907,NA,19.6,NA
2543495,"Davante Adams","GB","WR",24,2,4,6.97666666666667,4.326,9.846,3.48233159439668,41,0.0966666666666658,5,5.52,NA,NA,NA,7.58414358633996,NA,3.4,NA
2346,"Pierre Garcon","WAS","WR",30,8,9,6.96,4.356,10.036,3.69415754942856,42,0.163333333333334,5,5.68,NA,61.4,8.3,6.61987814554858,NA,7.7,NA
2550380,"Cody Parkey","CLE","K",24,2,13,6.93333333333333,5.36,8.56,2.00333056017556,17,0.266666666666667,4,3.2,NA,26.7,3.4,5.3451736169591,NA,9,NA
100015,"Jaguars","JAC","DST",NA,NA,5,6.9,6.12,7.08,0.848528137423857,18,0.325,4,0.96,NA,19.5,4.1,4.88610404869251,NA,5,NA
2507232,"Mason Crosby","GB","K",32,9,4,6.83333333333333,5.4,8.2,1.75594229214212,18,0.416666666666668,4,2.8,NA,5.8,2.9,4.50880379760602,NA,11,NA
71345,"Rashad Jennings","NYG","RB",31,7,8,6.82666666666667,4.78,8.044,2.09955550851444,29,0.111666666666666,4,3.264,NA,NA,NA,6.40444267739844,NA,3.5,NA
2553737,"Eli Rogers","PIT","WR",NA,NA,8,6.8,3.76,9.84,5.37401153701776,43,0.115000000000001,5,6.08,NA,NA,NA,10.2697626309986,NA,3.5,NA
2552409,"DeVante Parker","MIA","WR",23,1,8,6.79333333333333,5.46,7.684,1.43113008959121,44,0.39,5,2.224,NA,34.2,4.7,3.89794791156886,NA,2.8,NA
927,"Justin Forsett","FA","RB",31,8,NA,6.77,5.956,6.084,0.113137084989848,30,0.15,4,0.128000000000001,NA,NA,NA,2.56289895752613,NA,0.5,NA
2543773,"James White","NE","RB",24,2,9,6.66,4.516,9.156,2.99846627461441,31,0.331666666666667,4,4.64,NA,31.5,5,6.2737392517434,NA,18.6,NA
100004,"Panthers","CAR","DST",NA,NA,7,6.65,2.49,6.41,3.46482322781408,19,0.15,4,3.92,NA,14.7,4.5,9.11979409507859,NA,-1,NA
2552471,"T.J. Yeldon","JAC","RB",23,1,5,6.58,4.11,8.582,2.88594871749309,32,0.625,4,4.472,NA,26.1,4.8,6.07977660975768,NA,2.6,NA
2507855,"Victor Cruz","NYG","WR",30,6,8,6.57666666666667,4.086,9.446,3.44885971493961,45,0.371666666666666,5,5.36,NA,56,7.1,6.07391355246604,NA,3.1,NA
100007,"Browns","CLE","DST",NA,NA,13,6.5,6.04,6.36,0.282842712474619,20,0.25,4,0.32,NA,24.8,4.1,4.12206542664433,NA,4,NA
100029,"49ers","SF","DST",NA,NA,8,6.5,4.2,5.8,1.4142135623731,20,0.525,4,1.6,NA,23.8,4.2,5.82514552559401,NA,3,NA
2556601,"Wil Lutz","NO","K",22,0,5,6.5,5.3,7.7,2.12132034355964,19,0.183333333333334,4,2.4,NA,NA,NA,6.96996252493503,NA,13,NA
2550325,"Chandler Catanzaro","ARI","K",25,2,9,6.33333333333333,5.2,7.6,1.52752523165195,20,0.083333333333333,4,2.4,NA,7.5,2.9,4.25273245393051,NA,4,NA
1062,"Martellus Bennett","NE","TE",29,8,9,6.32666666666667,3.2,8.144,3.09905361898327,14,0.164999999999999,2,4.944,NA,NA,NA,7.75524745415272,NA,4.8,NA
2553833,"Josh Lambo","SD","K",26,1,11,6.3,4.38,8.38,2.52388589282479,21,0.316666666666666,4,4,NA,19.6,6.5,9.39474091229824,NA,13,NA
2550353,"Allen Hurns","JAC","WR",25,2,5,6.23,5.54,6.412,0.58025856305616,46,0.158333333333334,5,0.871999999999999,NA,35.4,4.7,3.29395652678574,NA,7.4,NA
2552633,"Jesse James","PIT","TE",22,1,8,6.22333333333333,3.994,8.554,2.85843197108718,15,0.298333333333334,2,4.56,NA,14.8,3,5.49412214477889,NA,1.3,NA
2504797,"Matt Bryant","ATL","K",41,14,11,6.2,5.32,6.92,1.05830052442584,22,1.48333333333333,4,1.6,NA,17.2,4.8,5.85101472639441,NA,6,NA
2540169,"Robert Woods","BUF","WR",24,3,10,6.18,4.9,6.612,1.19716331383817,47,0.356666666666666,5,1.712,NA,41.9,6.2,4.19666635519913,NA,10.4,NA
2553830,"Will Tye","NYG","TE",NA,NA,8,6.1,3.7,8.5,4.24264068711928,16,0.4825,2,4.8,NA,23.5,3.9,7.01793629253743,NA,1.5,NA
2556885,"Jalen Richard","OAK","RB",23,0,10,6.07666666666667,4.36,7.264,1.83647306904657,33,0.36,4,2.904,NA,35.6,5.3,5.27789254835404,NA,1.2,NA
100017,"Rams","LA","DST",NA,NA,8,6,6,6,NA,22,0.0999999999999996,4,0,NA,9.7,2.8,2.38429066279254,NA,1,NA
2495189,"Jeremy Kerley","SF","WR",28,5,8,5.96333333333333,5.618,5.938,0.209841209807162,48,0.284999999999999,5,0.319999999999999,NA,NA,NA,2.93818720529454,NA,1.2,NA
100011,"Packers","GB","DST",NA,NA,4,5.95,5.37,5.93,0.494974746830583,23,0.15,4,0.56,NA,11.3,3.2,2.83355421623262,NA,6,NA
100002,"Ravens","BAL","DST",NA,NA,8,5.85,5.11,5.99,0.777817459305202,24,0.0999999999999996,4,0.88,NA,12.9,2.9,2.69056496269678,NA,7,NA
2543603,"Jeremy Hill","CIN","RB",24,2,9,5.83333333333333,3.86,6.82,2.03059925473574,34,0.253333333333334,4,2.96,NA,NA,NA,6.27108786125679,NA,4.1,NA
2553648,"Andrew Franks","MIA","K",23,1,8,5.76666666666667,5.06,6.66,1.0785793124909,23,2.68333333333333,4,1.6,NA,27.6,3.3,4.19665733765783,NA,12,NA
100001,"Falcons","ATL","DST",NA,NA,11,5.75,4.17,5.53,1.20208152801713,25,0.0750000000000002,4,1.36,NA,25.9,3.5,4.31361105835277,NA,1,NA
100016,"Chiefs","KC","DST",NA,NA,5,5.75,5.25,5.65,0.353553390593274,25,0.175000000000001,4,0.4,NA,14,3.8,3.69256168984043,NA,10,NA
2550313,"Richard Rodgers","GB","TE",24,2,4,5.75,3.73,8.37,3.17765636908713,17,0.345000000000001,2,4.64,NA,19.7,2.7,5.61391859306097,NA,1.5,NA
2507763,"Mike Wallace","BAL","WR",30,7,8,5.68333333333333,4,6.52,1.6630794729457,49,0.108333333333333,5,2.52,NA,NA,NA,5.00135035883723,NA,9.7,NA
2552597,"Breshad Perriman","BAL","WR",23,1,8,5.67333333333333,2.404,9.764,4.93174749286025,50,0.215,5,7.36,NA,68.6,9.6,7.9012082172153,NA,4.8,NA
2552375,"Cameron Artis-Payne","CAR","RB",24,1,7,5.6,2.45,6.05,3.18198051533946,35,0.0716666666666663,5,3.6,NA,44.5,9,8.15445939922606,NA,NA,NA
100008,"Cowboys","DAL","DST",NA,NA,7,5.6,4.14,5.26,0.989949493661167,27,0.3,4,1.12,NA,23.3,4.4,5.60212226876449,NA,13,NA
79555,"Arian Foster","MIA","RB",30,7,8,5.56,4.524,6.7,1.51089377522048,36,0.155,5,2.176,NA,NA,NA,5.26602704558402,NA,1.5,NA
100023,"Giants","NYG","DST",NA,NA,8,5.55,5.05,5.45,0.353553390593274,28,0.625,4,0.399999999999999,NA,16.2,3.1,2.46754170586726,NA,2,NA
2540011,"Chris Thompson","WAS","RB",26,3,9,5.49666666666667,2.378,8.778,4.0154742351724,37,0.185,5,6.4,NA,46.5,4.1,6.873901544659,NA,6.6,NA
497238,"Jermaine Gresham","ARI","TE",28,6,9,5.485,3.553,7.417,3.41532575313102,18,0.165833333333334,2,3.864,NA,40.6,6.4,7.49353343504367,NA,1.4,NA
2552652,"Chris Conley","KC","WR",24,1,5,5.47666666666667,3.384,8.32,3.48692319005357,51,0.0566666666666666,5,4.936,NA,67.4,9.3,6.78263932785601,NA,2.6,NA
2543475,"Marqise Lee","JAC","WR",25,2,5,5.44,3.204,8.244,3.38153811156994,52,0.0466666666666669,5,5.04,NA,77.4,6.8,5.93316532936356,NA,6.1,NA
2552424,"Phillip Dorsett","IND","WR",23,1,10,5.4,4.16,6.4,1.4422205101856,53,0.0199999999999996,5,2.24,NA,54,6.6,4.49456689224355,NA,1.2,NA
2505551,"Andre Johnson","TEN","WR",35,13,13,5.38666666666667,3.952,6.992,1.93559637665845,54,0.0499999999999998,5,3.04,NA,72.2,6.5,4.81380323052042,NA,NA,NA
71217,"Kenny Britt","LA","WR",28,7,8,5.37333333333333,5.204,5.364,0.110151410945722,55,0.13,5,0.160000000000001,NA,51,10.2,4.66451685490242,NA,25.6,NA
2543721,"C.J. Fiedorowicz","HOU","TE",25,2,9,5.325,3.425,7.225,3.3587572106361,19,0.0333333333333323,2,3.8,NA,NA,NA,8.17292411730772,NA,14.5,NA
2495826,"Vernon Davis","WAS","TE",32,10,9,5.31333333333333,3.552,7.6,2.77390218524975,20,0.118333333333333,2,4.048,NA,23.7,6.3,6.9321033790073,NA,11,NA
2539663,"Mike Gillislee","BUF","RB",26,3,10,5.31333333333333,2.488,7.768,3.32062243161329,38,0.155,5,5.28,NA,50.1,4.7,6.45750359085383,NA,12.1,NA
2552461,"Duke Johnson","CLE","RB",23,1,13,5.31,5.04,5.624,0.3772267222772,39,0.389166666666667,5,0.584000000000001,NA,34.5,4.1,3.3558897504207,NA,13.4,NA
2539205,"Terrance Williams","DAL","WR",27,3,7,5.3,4.26,5.94,1.13578166916005,56,0.128333333333333,5,1.68,NA,NA,NA,4.25274537966128,NA,7.5,NA
2552559,"C.J. Uzomah","CIN","TE",23,1,9,5.27,3.108,8.14,3.49867117631823,21,0.2,2,5.032,NA,NA,NA,8.39794525753522,NA,0.6,NA
2505587,"Anquan Boldin","DET","WR",36,13,10,5.18666666666667,4.52,5.368,0.585263473431696,57,0.0450000000000008,5,0.848000000000001,NA,NA,NA,3.47117439739952,NA,12,NA
2552458,"Devin Funchess","CAR","WR",22,1,7,5.15666666666667,1.834,8.474,4.15001606422594,58,0.0383333333333322,5,6.64,NA,72.8,12.2,8.15194897646269,NA,8.8,NA
2530515,"Chris Hogan","NE","WR",28,5,9,5.12666666666667,4.056,5.576,1.06401754371501,59,0.0350000000000001,5,1.52,NA,NA,NA,4.1508618116876,NA,3.9,NA
2495139,"Charles Clay","BUF","TE",27,5,10,5.12,3.54,6.228,1.70270373230342,22,0.175000000000001,2,2.688,NA,NA,NA,5.50952278953211,NA,5.2,NA
2532977,"Kendall Wright","TEN","WR",27,4,13,5.11,3.402,5.018,1.42835569799683,60,0.0366666666666662,5,1.616,NA,80.7,8.1,4.94952477463848,NA,19.3,NA
497302,"Brandon LaFell","CIN","WR",30,6,9,5.07333333333333,4.52,5.176,0.42442117446392,61,0.0166666666666675,5,0.656,NA,53.9,7.5,4.05096165052011,NA,7.3,NA
2539964,"Marquise Goodwin","BUF","WR",26,3,10,5.07333333333333,3.8,5.576,1.11181533238813,62,0.0533333333333337,5,1.776,NA,67.6,8.4,4.81778847454512,NA,2.2,NA
100006,"Bengals","CIN","DST",NA,NA,9,5.05,3.23,5.07,1.62634559672906,29,0.25,4,1.84,NA,19.5,4.2,6.11166000886207,NA,-1,NA
2540202,"Kenny Stills","MIA","WR",24,3,8,5.04,3.66,6.156,1.72127859453373,63,0.043333333333333,5,2.496,NA,67.8,7.5,4.97153624326031,NA,1.2,NA
2556708,"Cole Wick","DET","TE",23,0,10,5.02,3.132,7.612,3.1879774152274,23,0.170000000000001,2,4.48,NA,36,6.2,7.21944328615877,NA,NA,NA
2556118,"Dwayne Washington","DET","RB",NA,0,10,5.00666666666667,1.94,7.636,3.64556351382517,40,0.2025,5,5.696,NA,NA,NA,9.39427466513031,NA,NA,NA
2543491,"Paul Richardson","SEA","WR",24,2,5,5,2.36,7.64,4.66690475583121,64,0.0183333333333326,5,5.28,NA,92.7,5.6,6.47374333328566,NA,NA,NA
2552463,"Jaelen Strong","HOU","WR",22,1,9,4.99333333333333,3.196,7.196,2.64955342149075,65,0.0316666666666672,5,4,NA,82.1,11.2,6.77697861224179,NA,3.6,NA
2540151,"Justin Hunter","BUF","WR",25,3,10,4.97,3.854,4.286,0.381837661840735,66,0.0533333333333319,5,0.431999999999999,NA,91,7.6,4.05172038736354,NA,9,NA
2555466,"Tyler Boyd","CIN","WR",22,0,9,4.95333333333333,2.892,7.692,3.33924143082427,67,0.0733333333333333,5,4.8,NA,77,5.7,5.56228781541159,NA,7.9,NA
2543759,"Ryan Grant","WAS","WR",26,2,9,4.88,3.424,6.336,2.57386868351903,68,0.0900000000000007,5,2.912,NA,128.5,2.5,4.02741480639271,NA,0,NA
1990,"Eddie Royal","CHI","WR",30,8,9,4.88,4.02,5.332,0.919347594764896,69,0.194999999999999,5,1.312,NA,NA,NA,3.9454738063827,NA,5.4,NA
2541316,"Ryan Griffin","HOU","TE",26,3,9,4.87,3.002,7.482,3.23027862575351,24,0.186666666666667,2,4.48,NA,NA,NA,7.96629429644497,NA,3.1,NA
2540230,"Kyle Juszczyk","BAL","RB",25,3,8,4.835,2.365,7.285,4.34870670429727,41,0.130833333333332,5,4.92,NA,69.8,8.1,8.89939207718451,NA,2.5,NA
2505629,"Jason Witten","DAL","TE",34,13,7,4.83,4.04,5.072,0.720208303201233,25,0.519166666666667,2,1.032,NA,NA,NA,3.92939288150595,NA,4.2,NA
100019,"Dolphins","MIA","DST",NA,NA,8,4.8,3.2,4.8,1.4142135623731,30,NA,4,1.6,NA,25.8,5.3,7.75017692898041,NA,10,NA
2555223,"Devontae Booker","DEN","RB",24,0,11,4.77333333333333,3.864,5.784,1.2198907054869,42,0.257500000000001,5,1.92,NA,41.8,4.7,4.42619622024501,NA,5.3,NA
2531332,"Terrelle Pryor","CLE","WR",27,5,13,4.7,4.7,4.7,NA,70,0.0533333333333337,5,0,NA,NA,NA,NA,NA,19.5,NA
2543590,"Cody Latimer","DEN","WR",24,2,11,4.67,2.806,6.534,3.29511760032931,71,0.103333333333333,5,3.728,NA,107.6,9.1,6.58451276801916,NA,NA,NA
2535890,"Travaris Cadet","NO","RB",27,4,5,4.635,1.848,4.632,2.46073159852919,43,0.271666666666667,5,2.784,NA,60.8,6.6,6.43508372310781,NA,3,NA
2541966,"Jaron Brown","ARI","WR",26,3,9,4.62333333333333,3.094,6.614,2.41611947828193,72,0.133333333333334,5,3.52,NA,81.6,6.3,5.09292937529598,NA,3.5,NA
2540200,"Dion Sims","MIA","TE",25,3,8,4.53666666666667,2.682,7.002,3.00633220608324,26,0.559166666666667,2,4.32,NA,31.2,2.3,5.29360977913221,NA,1.2,NA
2532933,"Brian Quick","LA","WR",27,4,8,4.51,2.98,5.084,1.35768184785685,73,0.0433333333333339,5,2.104,NA,NA,NA,4.56777718419348,NA,6.1,NA
2532887,"Jermaine Kearse","SEA","WR",26,4,5,4.47,3.862,4.582,0.495681349255749,74,0.0633333333333344,5,0.72,NA,72.9,6.6,3.82266581113724,NA,3.5,NA
2555317,"Tajae Sharpe","TEN","WR",22,0,13,4.46333333333333,4.02,4.572,0.372871738448134,75,0.16,5,0.552,NA,55.4,8,4.16930254369601,NA,0,NA
2540037,"Fozzy Whittaker","CAR","RB",27,4,7,4.39666666666667,3.38,5.212,1.22312441449484,44,0.0899999999999999,5,1.832,NA,42.9,4.6,4.38674129683589,NA,0.3,NA
2552430,"Tyler Lockett","SEA","WR",24,1,5,4.35,3.32,4.8,1.00374299499424,76,0.126666666666668,5,1.48,NA,NA,NA,4.06529000204604,NA,2.3,NA
2495979,"DeAngelo Williams","PIT","RB",33,10,8,4.33,2.48,5.512,1.91642897076829,45,0.0549999999999997,5,3.032,NA,NA,NA,6.0502934243058,NA,1,NA
2534571,"Bobby Rainey","NYG","RB",29,4,8,4.28333333333333,2.57,5.53,1.93799724802006,46,0.0299999999999994,5,2.96,NA,42,5.8,5.5889704153728,NA,2.9,NA
2507999,"Chris Ivory","JAC","RB",28,6,5,4.26666666666667,2.08,6,2.4704925284917,47,0.0316666666666663,5,3.92,NA,38.2,5,5.7632138245083,NA,9.5,NA
2530660,"Kamar Aiken","BAL","WR",27,5,8,4.25666666666667,3.574,4.614,0.669800965461632,77,0.0999999999999988,5,1.04,NA,62.2,15.1,6.58013033235538,NA,6.4,NA
2555460,"Paul Perkins","NYG","RB",22,0,8,4.24,0.424,3.816,2.99813275223096,48,0.0883333333333329,5,3.392,NA,62.9,7.4,7.29537912989811,NA,2.6,NA
2506147,"John Kuhn","NO","RB",34,10,5,4.23,0.886,3.974,2.72943217538007,49,0.225833333333334,5,3.088,NA,72.7,6.2,6.52457730037299,NA,NA,NA
80427,"Darrius Heyward-Bey","PIT","WR",29,7,8,4.19,1.222,7.158,5.24673231640418,78,0.0783333333333331,5,5.936,NA,87.6,13.9,9.4572264395305,NA,0,NA
2550597,"Seth Roberts","OAK","WR",NA,NA,10,4.12333333333333,3.02,4.516,0.954794916897515,79,0.0650000000000004,5,1.496,NA,71.8,6.1,3.99363442776613,NA,2.9,NA
497278,"Dez Bryant","DAL","WR",28,6,7,4.1,3.22,4.98,1.5556349186104,80,0.106666666666667,5,1.76,NA,NA,NA,4.84881126653819,NA,NA,NA
2539995,"Mychal Rivera","OAK","TE",26,3,10,4.085,1.353,6.817,4.82953931550412,27,0.253333333333333,2,5.464,NA,45.7,11.8,11.0950508616846,NA,1.6,NA
2553631,"Zach Zenner","DET","RB",NA,NA,10,4.07333333333333,1.916,7.02,3.43571438471438,50,0.149166666666666,5,5.104,NA,51.8,7.2,7.6333361635725,NA,7.7,NA
2532903,"Rishard Matthews","TEN","WR",27,4,13,4.01666666666667,3.22,4.3,0.718215380880508,81,0.0566666666666662,5,1.08,NA,66.2,8,4.41444482230555,NA,13,NA
2649,"Danny Amendola","NE","WR",31,8,9,3.97,3.266,3.474,0.183847763108502,82,0.0550000000000006,5,0.208,NA,81.7,6.7,3.63229730997918,NA,3,NA
2556396,"Chester Rogers","IND","WR",22,0,10,3.95,0.790000000000001,7.11,5.58614357137373,83,0.0716666666666668,5,6.32,NA,90.2,6.3,7.34317184089988,NA,6.3,NA
497204,"C.J. Spiller","SEA","RB",29,6,5,3.935,2.317,4.053,1.53442171517481,51,0.0550000000000002,5,1.736,NA,51.2,5,4.85807800023599,NA,3.5,NA
2543600,"Alfred Blue","HOU","RB",25,2,9,3.91333333333333,1.408,7.328,4.00606207307542,52,0.141666666666666,5,5.92,NA,59.9,4.7,7.1202910274852,NA,1.3,NA
2532900,"Keshawn Martin","SF","WR",26,4,8,3.88,1.144,6.616,4.83661038331598,84,0.0291666666666663,5,5.472,NA,NA,NA,9.50681392044495,NA,-3,NA
2541388,"Brice Butler","DAL","WR",26,3,7,3.87666666666667,2.286,4.846,1.67021954644691,85,0.0541666666666663,5,2.56,NA,63.1,11.5,6.17475815901288,NA,8,NA
2537933,"Larry Donnell","NYG","TE",28,4,8,3.87,1.282,6.562,3.30767289797525,28,0.193333333333333,2,5.28,NA,NA,NA,8.0907661266694,NA,3.4,NA
2540204,"Spencer Ware","KC","RB",25,3,5,3.84666666666667,2.22,6.572,3.11231960655286,53,0.198333333333334,5,4.352,NA,27.6,5.5,6.59673882155725,NA,22.3,NA
2543619,"Walt Powell","BUF","WR",25,2,10,3.825,1.125,6.525,4.7729707730092,86,0.0133333333333332,5,5.4,NA,91.4,7,6.98284749268743,NA,NA,NA
2508097,"Andrew Hawkins","CLE","WR",30,5,13,3.82,2.66,4.708,1.30965644349959,87,0.0666666666666673,5,2.048,NA,81.3,5.4,4.02862639493068,NA,4.8,NA
2552600,"Nelson Agholor","PHI","WR",23,1,4,3.80333333333333,3.22,4.108,0.61403040098462,88,0.108333333333333,5,0.888,NA,67.6,5.7,3.62779602386932,NA,3.4,NA
2505299,"Antonio Gates","SD","TE",36,13,11,3.79333333333333,2.26,4.724,1.59816561511419,29,0.238333333333333,2,2.464,NA,16.7,3,4.48069017239211,NA,1.6,NA
2533040,"Mohamed Sanu","ATL","WR",27,4,11,3.70333333333333,3.22,4.108,0.61403040098462,89,0.0266666666666668,5,0.888,NA,NA,NA,3.51201482011152,NA,10.7,NA
2552582,"Jay Ajayi","MIA","RB",23,1,8,3.69666666666667,2.58,5.132,1.73782431026077,54,0.136666666666667,5,2.552,NA,40.1,6.6,5.73606685928666,NA,32.7,NA
2530700,"Dontrelle Inman","SD","WR",27,3,11,3.68666666666667,3.52,3.648,0.0808290376865479,90,0.0883333333333329,5,0.128000000000001,NA,66.9,5.5,3.18732958120709,NA,1.1,NA
2495459,"Torrey Smith","SF","WR",27,5,8,3.66666666666667,2.6,4.52,1.26622799421484,91,0.176666666666667,5,1.92,NA,62.7,10,5.4231848225614,NA,13.6,NA
2500351,"Phil Dawson","SF","K",41,18,8,3.66666666666667,2.4,4.8,1.52752523165195,24,1.23333333333333,5,2.4,NA,28.1,2,3.24647766519991,NA,12,NA
2556411,"Josh Ferguson","IND","RB",23,0,10,3.6,2.55,3.75,1.06066017177982,55,0.143333333333333,5,1.2,NA,54.7,5,4.39997318702228,NA,NA,NA
2495835,"Anthony Fasano","TEN","TE",32,10,13,3.56,0.888000000000001,6.232,4.72347329832614,30,0.133333333333333,2,5.344,NA,50.8,3.3,7.13078353705919,NA,7.5,NA
2552397,"Clive Walford","OAK","TE",25,1,10,3.55,2.68,4.16,0.973396116696589,31,0.275,3,1.48,NA,NA,NA,4.3365903346456,NA,2.5,NA
2543750,"Jeff Janis","GB","WR",25,2,4,3.53,0.994000000000001,6.066,4.48305699272271,92,0.0925000000000002,5,5.072,NA,90.5,10.3,7.7996117276392,NA,1.4,NA
2556075,"Derrick Henry","TEN","RB",22,0,13,3.52,2.72,4.208,0.949315542904465,56,0.138333333333334,5,1.488,NA,40.2,5.6,4.54779883682965,NA,2.7,NA
497320,"Andre Roberts","DET","WR",28,6,10,3.45,0.690000000000001,6.21,4.87903679018718,93,0.0350000000000001,5,5.52,NA,104,5.9,6.71728528025222,NA,7.3,NA
2535876,"Griff Whalen","SD","WR",26,4,11,3.425,0.805000000000001,6.045,4.63154941677189,94,0.024166666666666,5,5.24,NA,116.5,11.5,8.27685897376324,NA,0,NA
2550272,"Albert Wilson","KC","WR",24,2,5,3.405,3.101,3.109,0.00707106781186564,95,0.0466666666666669,5,0.00800000000000001,NA,93.4,8.3,4.00259880266641,NA,2.6,NA
2550546,"Philly Brown","CAR","WR",25,2,7,3.39666666666667,2.3,3.972,1.07751256759879,96,0.0816666666666666,5,1.672,NA,78.2,8.2,4.73146533787261,NA,0.3,NA
2556414,"Rob Kelley","WAS","RB",24,0,9,3.39333333333333,1.056,6.336,3.41469373931738,57,0.110833333333333,5,5.28,NA,NA,NA,8.94779454701145,NA,5.9,NA
2555417,"C.J. Prosise","SEA","RB",22,0,5,3.37,0.337,3.033,2.38294985259867,58,0.2725,5,2.696,NA,NA,NA,6.95250030205156,NA,NA,NA
2552491,"Dorial Green-Beckham","PHI","WR",23,1,4,3.32,3.04,3.408,0.230651251893416,97,0.0166666666666666,5,0.368,NA,61.2,10.5,4.84301366442884,NA,2.3,NA
2555473,"Ricardo Louis","CLE","WR",NA,0,13,3.31,2.698,3.322,0.551543289325507,98,0.0550000000000002,5,0.624,NA,89.7,8.3,4.38909255735479,NA,6.5,NA
2540215,"Vance McDonald","SF","TE",26,3,8,3.30333333333333,2.26,3.948,1.14150485471299,32,0.0983333333333336,3,1.688,NA,NA,NA,4.6069566252888,NA,2.5,NA
2556214,"Tyreek Hill","KC","WR",22,0,5,3.29666666666667,2.2,4.112,1.37986714336321,99,0.23,5,1.912,NA,83.1,11.1,5.84470480713389,NA,2,NA
324,"Jacob Tamme","ATL","TE",31,8,11,3.24666666666667,2.892,3.42,0.332465537061112,33,0.291666666666667,3,0.528,NA,20.9,3.1,3.50852372406684,NA,1.6,NA
2539250,"Quinton Patton","SF","WR",26,3,8,3.21333333333333,3.02,3.212,0.120554275466834,100,0.353333333333333,5,0.192,NA,85.2,4.5,2.90566200332687,NA,5.2,NA
2536044,"Jamize Olawale","OAK","RB",27,4,10,3.195,1.579,3.011,1.26572113832392,59,0.206666666666667,5,1.432,NA,54.9,6,5.02407501756829,NA,NA,NA
2495288,"Virgil Green","DEN","TE",28,5,11,3.16333333333333,1.88,4.032,1.34537479288611,34,0.4925,3,2.152,NA,NA,NA,4.93483701751531,NA,2.1,NA
497206,"James Starks","GB","RB",30,6,4,3,3,3,NA,60,0.0366666666666662,5,0,NA,NA,NA,NA,NA,NA,NA
2495328,"Bilal Powell","NYJ","RB",28,5,11,2.97666666666667,2.066,3.586,0.975004273494908,61,0.0350000000000006,5,1.52,NA,34.4,4.3,4.0190756589523,NA,2.2,NA
2550512,"Damien Williams","MIA","RB",24,2,8,2.95,2.95,2.95,NA,62,0.0183333333333335,5,0,NA,NA,NA,NA,NA,7.7,NA
2539217,"Andre Ellington","ARI","RB",27,3,9,2.93333333333333,1.74,4.3,1.7925772879665,63,0.0433333333333334,5,2.56,NA,60.4,7.7,6.25740980034459,NA,2.5,NA
2553650,"Corey Grant","JAC","RB",NA,NA,5,2.93,0.293,2.637,2.07182286887658,64,0.135,6,2.344,NA,NA,NA,6.35081039812907,NA,NA,NA
2552418,"Justin Hardy","ATL","WR",25,1,11,2.92,1.52,3.968,1.62148080469674,101,0.145,5,2.448,NA,95.6,8.2,5.1176013390863,NA,3,NA
2555461,"Wendell Smallwood","PHI","RB",22,0,4,2.85,1.52,3.96,1.52561463023924,65,0.121666666666667,6,2.44,NA,57,8,6.12701494220394,NA,2,NA
2495453,"Andre Holmes","OAK","WR",28,5,10,2.8,1.24,3.16,1.69705627484771,102,0.126666666666667,5,1.92,NA,100.1,8.6,5.2951952266443,NA,7.1,NA
2555419,"Pharoh Cooper","LA","WR",21,0,8,2.75,0.275,2.475,1.94454364826301,103,0.241666666666667,5,2.2,NA,107.4,9.2,5.65679413528898,NA,NA,NA
2540232,"Jack Doyle","IND","TE",26,3,10,2.74666666666667,2.02,3.092,0.671217798731033,35,0.159166666666666,3,1.072,NA,26.5,3.4,3.91783334993597,NA,11.3,NA
2550268,"Charcandrick West","KC","RB",25,2,5,2.74,2.278,2.902,0.551543289325507,66,0.0649999999999995,6,0.624,NA,NA,NA,3.41073473123509,NA,1.9,NA
2550481,"Orleans Darkwa","NYG","RB",24,2,8,2.71666666666667,1.38,3.82,1.56710986638887,67,0.0850000000000004,6,2.44,NA,48.7,5.6,5.14517647777582,NA,NA,NA
2555229,"Kenneth Dixon","BAL","RB",22,0,8,2.63333333333333,2.12,3.32,0.838649708360608,68,0.00499999999999989,6,1.2,NA,48.5,4.8,4.10013612764847,NA,1.2,NA
497145,"Joique Bell","CHI","RB",30,6,9,2.63,2.224,2.736,0.452548339959391,69,0.0116666666666667,6,0.512,NA,79.9,10.5,6.15395517078702,NA,NA,NA
2552631,"Javorius Allen","BAL","RB",25,1,8,2.62666666666667,2.236,3.116,0.590028247911347,70,0.0916666666666668,6,0.88,NA,56.8,5.9,4.32813045849863,NA,NA,NA
2555230,"Kenyan Drake","MIA","RB",NA,0,8,2.61,1.792,2.528,0.650538238691624,71,0.298333333333334,6,0.736,NA,65.1,7.2,4.9402036881126,NA,NA,NA
2507166,"Ted Ginn","CAR","WR",31,9,7,2.59666666666667,2.172,2.82,0.405010287935175,104,0.208333333333333,5,0.648000000000001,NA,60.6,8.4,4.31606272129387,NA,5.4,NA
2543683,"Austin Seferian-Jenkins","NYJ","TE",24,2,11,2.595,1.359,2.631,1.12429978208661,36,0.0249999999999999,4,1.272,NA,NA,NA,4.57928601327226,NA,NA,NA
497224,"Ed Dickson","CAR","TE",29,6,7,2.58,1.036,2.924,1.66877200360025,37,0.0283333333333329,4,1.888,NA,NA,NA,5.45495099431888,NA,8.3,NA
2540928,"Darren Fells","ARI","TE",30,4,9,2.56,0.256,2.304,1.81019335983756,38,0.0500000000000003,4,2.048,NA,NA,NA,5.68239644394137,NA,0.8,NA
2534820,"Garrett Celek","SF","TE",28,4,8,2.54333333333333,1.84,3.224,0.946379064293655,39,0.0850000000000009,4,1.384,NA,29.2,3.9,4.36727684892799,NA,NA,NA
2550636,"Cairo Santos","KC","K",25,2,5,2.5,2.1,2.9,0.5,25,0.25,6,0.8,NA,12.1,3.5,3.77164203451766,NA,9,NA
2495187,"Lance Kendricks","LA","TE",28,5,8,2.47666666666667,2.1,2.604,0.332615894589139,40,0.0916666666666668,4,0.504,NA,25,3.5,3.69118464595899,NA,9.4,NA
2535708,"Lance Dunbar","DAL","RB",26,4,7,2.46,1.163,2.467,1.15258405333407,72,0.343333333333333,6,1.304,NA,NA,NA,4.57309022744899,NA,NA,NA
2495888,"Marcedes Lewis","JAC","TE",32,10,5,2.44,1.548,2.732,1.04651803615609,41,0.1175,4,1.184,NA,NA,NA,4.45419101597989,NA,0,NA
71417,"Jordan Norwood","DEN","WR",30,7,11,2.42,1.944,2.296,0.311126983722081,105,0.0650000000000004,5,0.352,NA,93.5,7.9,4.0944863578686,NA,3.9,NA
2539227,"Dustin Hopkins","WAS","K",26,3,9,2.36666666666667,2.02,2.82,0.55075705472861,26,0.283333333333334,6,0.8,NA,17.4,4.9,5.39382943492753,NA,11,NA
2550328,"Brandon Coleman","NO","WR",24,2,5,2.35666666666667,2.074,2.394,0.222785397486759,106,0.0249999999999995,5,0.32,NA,89.9,6.3,3.53599058085046,NA,0.6,NA
2555348,"Braxton Miller","HOU","WR",24,0,9,2.35333333333333,1.732,2.772,0.650025640519921,107,0.0508333333333328,5,1.04,NA,NA,NA,3.56311728128109,NA,1.3,NA
2541199,"Luke Willson","SEA","TE",26,3,5,2.33,1.606,2.454,0.749533188057741,42,0.0800000000000001,4,0.848,NA,39.7,7.4,5.80621010541245,NA,0.9,NA
2543794,"Crockett Gillmore","BAL","TE",25,2,8,2.315,1.763,2.267,0.445477272147525,43,0.225,4,0.504,NA,31,4.7,4.32956115780406,NA,0,NA
2555477,"Charone Peake","NYJ","WR",24,0,11,2.31,1.202,2.818,1.42835569799683,108,0.0800000000000005,5,1.616,NA,107.5,9.7,5.44531125261415,NA,4.3,NA
2556606,"Jalin Marshall","NYJ","WR",NA,0,11,2.295,0.851,3.739,2.55265548008344,109,0.1525,5,2.888,NA,NA,NA,6.26428190059175,NA,1.1,NA
2550284,"Trey Burton","PHI","TE",25,2,4,2.185,1.497,2.273,0.685893577750951,44,0.2025,4,0.776,NA,40.6,8.9,6.43955992883861,NA,0.7,NA
2556462,"Robby Anderson","NYJ","WR",23,0,11,2.165,0.853,2.877,1.78898015640197,110,0.0699999999999998,5,2.024,NA,NA,NA,5.18009162769966,NA,2.4,NA
2533457,"Alfred Morris","DAL","RB",28,4,7,2.16333333333333,1.34,2.852,0.95552777737402,73,0.110833333333333,6,1.512,NA,51.3,5.1,4.3408969423961,NA,0.2,NA
2504257,"Sebastian Janikowski","OAK","K",38,16,10,2.13333333333333,1.28,2.88,1.02632028788938,27,0.183333333333333,6,1.6,NA,17.5,3.4,4.24987743955355,NA,5,NA
2543746,"Josh Huff","PHI","WR",25,2,4,2.12,1.436,2.204,0.678822509939085,111,0.085,5,0.768,NA,95.3,9.7,4.91325491499117,NA,0,NA
497190,"Dexter McCluster","SD","RB",28,6,11,2.07,1.504,2.336,0.73539105243401,74,0.0575000000000001,6,0.832,NA,NA,NA,3.76627876537111,NA,1.5,NA
2550162,"James Wright","CIN","WR",25,2,9,2.07,1.074,2.466,1.23036579926459,112,0.1125,5,1.392,NA,NA,NA,4.38702652067674,NA,0.1,NA
2532797,"Brandon Bolden","NE","RB",26,4,9,2.035,0.637,2.533,1.67584307141212,75,0.0633333333333332,6,1.896,NA,NA,NA,5.58502324768227,NA,NA,NA
2495259,"Dan Bailey","DAL","K",28,5,7,2.03333333333333,2,2.08,0.0577350269189626,28,0.283333333333333,7,0.0800000000000001,NA,NA,NA,2.3431184206702,NA,13,NA
2504595,"Steve Smith","BAL","WR",37,15,8,2,2,2,NA,113,0.0999999999999996,5,0,NA,NA,NA,NA,NA,NA,NA
2553454,"Geoff Swaim","DAL","TE",NA,NA,7,1.995,0.819,2.571,1.54856385079854,45,0.0874999999999999,4,1.752,NA,52.4,5.1,5.39913842455612,NA,NA,NA
2495467,"Taiwan Jones","OAK","RB",28,5,10,1.99,0.199,1.791,1.40714249456123,76,0.0783333333333334,6,1.592,NA,NA,NA,5.06538196702194,NA,NA,NA
71435,"John Phillips","DEN","TE",29,7,11,1.97,0.514,2.226,1.51320851173921,46,0.1425,4,1.712,NA,51.5,6.3,5.91832778302629,NA,3.1,NA
2541544,"Benny Cunningham","LA","RB",26,3,8,1.95333333333333,1.06,2.948,1.2002222016499,77,0.125,6,1.888,NA,65.1,6.9,5.34397656211387,NA,2.3,NA
2555468,"Rashard Higgins","CLE","WR",22,0,13,1.915,0.883,2.347,1.29400540957138,114,0.0325,5,1.464,NA,107.4,13,6.37250227461975,NA,1.4,NA
2552425,"Rashad Greene","JAC","WR",24,1,5,1.885,0.557,2.613,1.81726442764943,115,0.0550000000000002,5,2.056,NA,NA,NA,5.22024682299196,NA,NA,NA
2550198,"Bennie Fowler","DEN","WR",25,2,11,1.88,1.2,2.272,0.69656299069072,116,0.125,5,1.072,NA,NA,NA,3.62918638266062,NA,8.2,NA
2495461,"Shaun Draughn","SF","RB",29,5,8,1.87,1.3,2.508,0.769220384545288,78,0.101666666666667,6,1.208,NA,61,7.4,5.1401271933409,NA,0.2,NA
2506386,"Mike Nugent","CIN","K",34,11,9,1.86666666666667,1.68,2,0.23094010767585,29,1.05,7,0.32,NA,18.6,5.4,5.5943229267629,NA,5,NA
2550521,"Xavier Grimble","PIT","TE",24,2,8,1.845,1.189,1.901,0.629325035256027,47,0.0675000000000001,4,0.712,NA,46.8,5.3,4.75121071989517,NA,1.1,NA
2555415,"Austin Hooper","ATL","TE",NA,0,11,1.81,1.182,1.838,0.579827560572969,48,0.0891666666666666,4,0.656,NA,35.1,6.3,5.16775779927205,NA,NA,NA
2507428,"Mike Tolbert","CAR","RB",31,8,7,1.78666666666667,1.1,2.348,0.796576005999009,79,0.0933333333333335,6,1.248,NA,70.4,4.6,3.97428933292106,NA,1.2,NA
2535964,"Josh Bellamy","CHI","WR",27,4,9,1.78,0.616,2.344,1.52735064736294,117,0.1025,5,1.728,NA,108.8,6.4,4.49302323355086,NA,0,NA
2543551,"KaDeem Carey","CHI","RB",24,2,9,1.75,0.497,2.073,1.3930003589375,80,0.125,6,1.576,NA,NA,NA,5.03803242593455,NA,5,NA
2540203,"Levine Toilolo","ATL","TE",25,3,11,1.745,0.609,2.281,1.47785317267988,49,0.0566666666666666,4,1.672,NA,64.3,4.9,5.25100705553834,NA,12.9,NA
2552656,"J.J. Nelson","ARI","WR",24,1,9,1.73,1.166,1.694,0.466690475583121,118,0.1175,5,0.528,NA,107.3,18.8,7.58245852613166,NA,1.6,NA
2495211,"Niles Paul","WAS","TE",27,5,9,1.69666666666667,0.68,2.432,1.10906867836637,50,0.0483333333333333,4,1.752,NA,28.2,5.9,5.41080232008813,NA,NA,NA
2552399,"Jeff Heuerman","DEN","TE",24,1,11,1.68,0.168,1.512,1.1879393923934,51,0.176666666666667,4,1.344,NA,NA,NA,4.68163646560238,NA,NA,NA
2533460,"Robert Turbin","IND","RB",27,4,10,1.63666666666667,1.32,1.888,0.382143079661707,81,0.11,6,0.568,NA,NA,NA,3.0831308871143,NA,2.4,NA
2507225,"Nick Folk","NYJ","K",32,9,11,1.63333333333333,1.18,1.98,0.55075705472861,30,1.63333333333333,8,0.8,NA,24.3,3.7,4.05215638328673,NA,3,NA
2534436,"Deonte Thompson","CHI","WR",27,4,9,1.625,0.425,2.225,1.59099025766973,119,0.0316666666666667,5,1.8,NA,123,11,5.96358395243474,NA,NA,NA
2552586,"Tyler Kroft","CIN","TE",24,1,9,1.61666666666667,0.84,2.4,1.07276900278361,52,0.248333333333333,4,1.56,NA,41.4,5.8,5.33597725576955,NA,1.9,NA
4383,"Tim Hightower","NO","RB",30,8,5,1.61333333333333,0.908,2.268,0.857049201232539,82,0.195833333333333,6,1.36,NA,63.1,8,5.48054406408771,NA,NA,NA
2556697,"Bryce Treggs","PHI","WR",22,0,4,1.6,1.6,1.6,NA,120,0.0191666666666666,6,0,NA,NA,NA,NA,NA,NA,NA
2555216,"Malcolm Mitchell","NE","WR",23,0,9,1.58666666666667,0.84,2.328,1.02104521610619,121,0.156666666666667,6,1.488,NA,NA,NA,4.08985397478065,NA,NA,NA
2543774,"Jared Abbrederis","GB","WR",26,2,4,1.575,0.815,1.735,0.81317279836453,122,0.3125,6,0.92,NA,113.5,7.7,4.3888904063408,NA,0,NA
2555432,"Andy Janovich","DEN","RB",23,0,11,1.44,0.628,1.652,0.905096679918781,83,0.075,6,1.024,NA,73.8,13.5,7.86900080117258,NA,NA,NA
2539289,"Kenjon Barner","PHI","RB",27,3,4,1.395,1.231,1.559,0.289913780286484,84,0.1775,6,0.328,NA,66.3,7.5,4.71924233654717,NA,0.6,NA
2541187,"Demetrius Harris","KC","TE",25,3,5,1.39,0.76,1.936,0.776723889165255,53,0.216666666666667,4,1.176,NA,42.2,7.3,5.78244026237457,NA,1.1,NA
2507218,"Brent Celek","PHI","TE",31,9,4,1.34666666666667,0.74,1.892,0.780085465403204,54,0.349166666666667,4,1.152,NA,37.5,8.6,6.37839848696362,NA,NA,NA
2555234,"Tyler Ervin","HOU","RB",23,0,9,1.335,0.957,1.413,0.403050865276332,85,0.268333333333333,6,0.456,NA,92,13,7.17063761804025,NA,0.4,NA
2543638,"DeAnthony Thomas","KC","WR",23,2,5,1.285,0.873,1.697,0.728319984622144,123,0.0649999999999999,6,0.824,NA,NA,NA,3.67427180423842,NA,1.4,NA
2555209,"Chris Moore","BAL","WR",23,0,8,1.24,1.192,1.288,0.0848528137423856,124,0.0649999999999999,6,0.0959999999999999,NA,103.7,4,2.72538603663371,NA,0,NA
2495331,"Aldrick Robinson","ATL","WR",28,5,11,1.2,1.2,1.2,NA,125,0.0800000000000001,6,0,NA,96.3,9.8,6.28448292725241,NA,0.8,NA
2556686,"Nelson Spruce","LA","WR",24,0,8,1.15,1.03,1.27,0.212132034355964,126,0.1175,6,0.24,NA,NA,NA,2.94143949015395,NA,NA,NA
2550542,"Kapri Bibbs","DEN","RB",23,2,11,1.1,1.1,1.1,NA,86,0.0683333333333334,6,0,NA,NA,NA,NA,NA,NA,NA
2528181,"Bryan Walters","JAC","WR",29,6,5,1.09,0.762,1.418,0.579827560572969,127,0.185833333333333,6,0.656,NA,NA,NA,3.46345702895385,NA,0,NA
2506874,"Reggie Bush","BUF","RB",31,10,10,1.03333333333333,0.44,1.64,0.750555349946514,87,0.0933333333333335,6,1.2,NA,69.6,9.7,6.10145960786215,NA,0.6,NA
2555430,"Alex Collins","SEA","RB",22,0,5,1.03,0.494,1.566,0.947523086789974,88,0.1925,6,1.072,NA,79.1,3,3.43893970734781,NA,7.1,NA
2540160,"Jordan Reed","WAS","TE",26,3,9,1,1,1,NA,55,0.0149999999999999,5,0,NA,NA,NA,NA,NA,NA,NA
2541834,"Josh Hill","NO","TE",26,3,5,0.995,0.539,0.851,0.275771644662754,56,0.0475000000000001,5,0.312,NA,NA,NA,3.21461331553728,NA,8.3,NA
2540211,"Gavin Escobar","DAL","TE",25,3,7,0.975,0.455,0.895,0.388908729652601,57,0.245,5,0.44,NA,NA,NA,3.39656967523527,NA,NA,NA
2556752,"Tommylee Lewis","NO","WR",24,0,5,0.975,0.635,1.315,0.601040764008565,128,0.195833333333333,6,0.68,NA,115.7,4.8,3.33969543266378,NA,2.4,NA
2540259,"MarQueis Gray","MIA","TE",26,3,8,0.92,0.0920000000000001,0.828,0.650538238691624,58,0.39,5,0.736,NA,NA,NA,3.81734375703689,NA,8.1,NA
2557531,"Troymaine Pope","NYJ","RB",23,0,11,0.85,0.41,1.29,0.777817459305202,89,0.0525,6,0.88,NA,NA,NA,3.84832738863327,NA,NA,NA
2550617,"Taylor Gabriel","ATL","WR",25,2,11,0.833333333333333,0.2,1.4,0.763762615825973,129,0.120833333333333,6,1.2,NA,104.3,9.9,5.03552298202913,NA,0.6,NA
2552382,"Malcolm Brown","LA","RB",23,1,8,0.825,0.365,1.285,0.81317279836453,90,0.0674999999999999,6,0.92,NA,80.6,4.8,4.07550117097516,NA,NA,NA
2552477,"Aaron Ripkowski","GB","RB",NA,NA,4,0.77,0.394,1.146,0.664680374315355,91,0.0374999999999999,6,0.752,NA,68.2,11.4,6.74231262083863,NA,0.2,NA
2539260,"Denard Robinson","JAC","RB",26,3,5,0.745,0.621,0.869,0.21920310216783,92,0.0575000000000001,6,0.248,NA,81.2,10.2,5.80057615951735,NA,NA,NA
2552429,"Ty Montgomery","GB","WR",23,1,4,0.725,0.585,0.865,0.247487373415292,130,0.025,6,0.28,NA,98.8,12.5,5.47469788734481,NA,7.4,NA
2555219,"Daniel Lasco","NO","RB",24,0,5,0.72,0.336,1.104,0.678822509939086,93,0.0775,6,0.768,NA,73.6,9,5.73402501299242,NA,0.9,NA
2553606,"Jordan Taylor","DEN","WR",24,1,11,0.7,0.7,0.7,NA,131,0.035,6,0,NA,115,18,11.366294326503,NA,-2.9,NA
2556381,"Mike Thomas","LA","WR",22,0,8,0.7,0.7,0.7,NA,131,0.0825000000000001,6,0,NA,89.9,13,8.26762883915508,NA,NA,NA
2540178,"Knile Davis","KC","RB",25,3,5,0.655,0.539,0.771,0.205060966544099,94,0.0325,6,0.232,NA,NA,NA,2.74067097459414,NA,NA,NA
2553439,"Mike Davis","SF","RB",23,1,8,0.63,0.254,1.006,0.664680374315355,95,0.0725,6,0.752,NA,85.8,6.5,4.65580609829257,NA,1.9,NA
2555413,"Trevor Davis","GB","WR",23,0,4,0.63,0.414,0.846,0.381837661840736,133,0.0275,6,0.432,NA,127.3,23.2,8.88563854762629,NA,0,NA
2550474,"Antonio Andrews","TEN","RB",24,2,13,0.615,0.603,0.627,0.0212132034355964,96,0.12,6,0.0239999999999999,NA,82,18,8.93050710167285,NA,NA,NA
2535869,"Rod Streater","SF","WR",28,4,8,0.605,0.449,0.761,0.275771644662754,134,0.00499999999999989,7,0.312,NA,120,11.4,5.15392228138269,NA,1.6,NA
2553725,"Bradley Marquez","LA","WR",NA,NA,8,0.6,0.6,0.6,NA,135,0.03,7,0,NA,137.3,14.8,9.38314841460033,NA,1.3,NA
2553900,"Daniel Brown","BAL","WR",NA,NA,8,0.6,0.6,0.6,NA,135,0.0800000000000001,7,0,NA,NA,NA,NA,NA,NA,NA
2535966,"Brenton Bersin","CAR","WR",26,3,7,0.54,0.492,0.588,0.0848528137423858,137,0.055,7,0.0960000000000001,NA,NA,NA,2.7607411113386,NA,NA,NA
2543481,"Jace Amaro","TEN","TE",24,2,13,0.54,0.0540000000000001,0.486,0.381837661840736,59,0.03,6,0.432,NA,NA,NA,3.38519740275415,NA,NA,NA
497242,"Clay Harbor","DET","TE",29,6,10,0.52,0.424,0.616,0.169705627484771,60,0.02,6,0.192,NA,51.7,8.7,5.93320197666539,NA,0.3,NA
497258,"Andrew Quarless","FA","TE",28,6,NA,0.5,0.05,0.45,0.353553390593274,61,0.0275,6,0.4,NA,NA,NA,3.33970831282965,NA,NA,NA
2541096,"Ifeanyi Momah","ARI","TE",27,3,9,0.5,0.5,0.5,NA,61,0.0775,6,0,NA,NA,NA,NA,NA,0,NA
2556592,"Roger Lewis","NYG","WR",23,0,8,0.5,0.18,0.82,0.565685424949238,138,0.0399999999999999,7,0.64,NA,NA,NA,3.4433794313077,NA,8.4,NA
2556801,"Kenneth Farrow","SD","RB",23,0,11,0.5,0.18,0.82,0.565685424949238,97,0.0449999999999999,6,0.64,NA,74.7,6.4,4.51750093872047,NA,0.5,NA
2550738,"Fitzgerald Toussaint","PIT","RB",26,2,8,0.49,0.316,0.66,0.2151743479135,98,0.0875,6,0.344,NA,81.6,12.5,6.77606115895566,NA,NA,NA
2555370,"Jordan Payton","CLE","WR",23,0,13,0.47,0.366,0.574,0.183847763108502,139,0.045,7,0.208,NA,NA,NA,2.90128429486165,NA,0,NA
2556519,"Alex Erickson","CIN","WR",24,0,9,0.45,0.17,0.73,0.494974746830583,140,0.05,7,0.56,NA,131.5,8.5,4.41091067180945,NA,0,NA
2552403,"Nick OLeary","BUF","TE",24,1,10,0.445,0.401,0.489,0.0777817459305202,63,0.045,6,0.088,NA,43.1,4.7,4.03388207329481,NA,2.9,NA
2543695,"Jay Prosch","HOU","RB",24,2,9,0.42,0.224,0.416,0.169705627484771,99,0.0525,6,0.192,NA,81.7,5.6,3.7939532373671,NA,NA,NA
2539235,"Tavarres King","NYG","WR",26,3,8,0.4,0.4,0.4,NA,141,0,7,0,NA,NA,NA,NA,NA,NA,NA
2541940,"Rashad Ross","WAS","WR",26,3,9,0.4,0.16,0.64,0.424264068711929,141,0.005,7,0.48,NA,127.5,15.2,6.43682255421718,NA,NA,NA
2552580,"A.J. Derby","NE","TE",25,1,9,0.4,0.4,0.4,NA,64,0.0025,6,0,NA,NA,NA,NA,NA,NA,NA
2553451,"Neal Sterling","JAC","TE",NA,NA,5,0.4,0.4,0.4,NA,64,0.0175,6,0,NA,NA,NA,NA,NA,NA,NA
2553621,"Lucky Whitehead","DAL","WR",NA,NA,7,0.4,0.4,0.4,NA,141,0.015,7,0,NA,112,10.8,6.904216024722,NA,3.5,NA
2555364,"Tyler Higbee","LA","TE",23,0,8,0.395,0.151,0.639,0.431335136523794,66,0.03,6,0.488,NA,42.6,12.2,7.74081413327906,NA,NA,NA
2552408,"Darren Waller","BAL","WR",24,1,8,0.39,0.222,0.558,0.29698484809835,144,0.0175,7,0.336,NA,NA,NA,3.06190507603085,NA,NA,NA
2555334,"Jared Goff","LA","QB",22,0,8,0.386,0.3282,0.3938,0.0579827560572969,31,0.036,8,0.0656,NA,NA,NA,3.50611567163995,NA,NA,NA
2539315,"Stepfan Taylor","ARI","RB",25,3,9,0.385,0.213,0.557,0.304055915910215,100,0.035,6,0.344,NA,82.5,8.6,5.20131653051957,NA,1.4,NA
2556190,"Jakeem Grant","MIA","WR",24,0,8,0.38,0.364,0.396,0.0282842712474619,145,0.0175,8,0.032,NA,NA,NA,2.680430720754,NA,0,NA
2552478,"Blake Bell","SF","TE",25,1,8,0.37,0.266,0.474,0.183847763108502,67,0.0375,6,0.208,NA,54,1.4,2.61321900780255,NA,NA,NA
2555215,"Leonte Carroo","MIA","WR",22,0,8,0.365,0.177,0.553,0.332340187157677,146,0.00499999999999995,8,0.376,NA,121.8,8.7,4.35743779509105,NA,NA,NA
2495748,"Drew Stanton","ARI","QB",32,9,9,0.362,0.1396,0.5844,0.39315137033972,32,0.0340000000000001,8,0.4448,NA,NA,NA,4.148830673642,NA,0.38,NA
2550206,"Ryan Hewitt","CIN","TE",25,2,9,0.36,0.312,0.408,0.0848528137423857,68,0.0575000000000001,6,0.096,NA,NA,NA,2.9075619585469,NA,NA,NA
2552420,"Keith Mumphery","HOU","WR",24,1,9,0.36,0.248,0.472,0.197989898732233,147,0.005,8,0.224,NA,NA,NA,2.9213618925078,NA,NA,NA
2555362,"Aaron Burbridge","SF","WR",23,0,8,0.36,0.168,0.552,0.339411254969543,147,0.015,8,0.384,NA,123.8,5.2,3.27792427393081,NA,NA,NA
2530763,"Patrick DiMarco","ATL","RB",27,5,11,0.35,0.23,0.47,0.212132034355964,101,0.025,6,0.24,NA,76.7,8.2,4.94210345892058,NA,0.3,NA
2543641,"Devin Street","IND","WR",25,2,10,0.35,0.0700000000000001,0.63,0.494974746830583,149,0.025,8,0.56,NA,NA,NA,3.34299144307695,NA,NA,NA
2556273,"Darius Jackson","DAL","RB",23,0,7,0.35,0.035,0.315,0.247487373415292,101,0.055,6,0.28,NA,NA,NA,2.8227195978563,NA,NA,NA
222,"Harry Douglas","TEN","WR",32,8,13,0.34,0.034,0.306,0.240416305603426,150,0.035,9,0.272,NA,NA,NA,2.98159468544625,NA,NA,NA
2543801,"Jimmy Garoppolo","NE","QB",25,2,9,0.338,0.1284,0.5476,0.370523953341751,33,0.0379999999999999,8,0.4192,NA,NA,NA,4.10544063131275,NA,NA,NA
2556477,"Trevone Boykin","SEA","QB",23,0,5,0.318,0.0764000000000001,0.5596,0.427092495836675,34,0.039,8,0.4832,NA,NA,NA,4.21391573713588,NA,NA,NA
2555478,"Demarcus Robinson","KC","WR",NA,0,5,0.31,0.31,0.31,NA,151,0.0175,9,0,NA,NA,NA,NA,NA,NA,NA
2507486,"Kellen Davis","NYJ","TE",31,8,11,0.305,0.0690000000000001,0.541,0.417193000900063,69,0.00499999999999995,6,0.472,NA,69.5,2.5,3.30284654010801,NA,NA,NA
2550243,"Justin Perillo","GB","TE",25,2,4,0.3,0.3,0.3,NA,70,0,6,0,NA,47.7,5.9,6.2668145398698,NA,0.4,NA
2550405,"Erik Swoope","IND","TE",24,2,10,0.3,0.3,0.3,NA,70,0,6,0,NA,NA,NA,NA,NA,4.2,NA
2553446,"Malcolm Johnson","CLE","RB",24,1,13,0.3,0.3,0.3,NA,103,0.03,6,0,NA,NA,NA,NA,NA,NA,NA
2555311,"Jerell Adams","NYG","TE",24,0,8,0.3,0.0600000000000001,0.54,0.424264068711929,70,0.015,6,0.48,NA,NA,NA,3.4534310376409,NA,NA,NA
2555331,"Cody Core","CIN","WR",22,0,9,0.3,0.03,0.27,0.212132034355964,152,0.0325,9,0.24,NA,134.5,17.5,6.99893363396108,NA,NA,NA
2556478,"Ben Braunecker","CHI","TE",22,0,9,0.3,0.0600000000000001,0.54,0.424264068711929,70,0.0575000000000001,6,0.48,NA,NA,NA,3.4534310376409,NA,NA,NA
2555227,"Jonathan Williams","BUF","RB",22,0,10,0.29,0.29,0.29,NA,104,0.04,6,0,NA,73.3,11.5,9.94025771327557,NA,-0.9,NA
2495159,"Dwayne Harris","NYG","WR",29,5,8,0.285,0.273,0.297,0.0212132034355964,153,0.0675,9,0.024,NA,NA,NA,2.67039192193093,NA,0,NA
2532842,"Nick Foles","KC","QB",27,4,5,0.282,0.2106,0.3434,0.117379725676967,35,0.00900000000000001,8,0.1328,NA,NA,NA,3.62001453275424,NA,NA,NA
2539228,"EJ Manuel","BUF","QB",26,3,10,0.276,0.1288,0.4232,0.260215295476649,36,0.00600000000000001,8,0.2944,NA,NA,NA,3.89391417495764,NA,1.1,NA
79858,"Mark Sanchez","DAL","QB",30,7,7,0.27,0.212,0.308,0.0848528137423857,37,0.02,9,0.096,NA,NA,NA,3.55764134690594,NA,NA,NA
2539335,"Geno Smith","NYJ","QB",26,3,11,0.27,0.203,0.307,0.0919238815542512,37,0.041,9,0.104,NA,32.5,1.7,2.83912447280847,NA,-1.56,NA
2555289,"Nick Vannett","SEA","TE",NA,0,5,0.27,0.27,0.27,NA,74,0.0625,6,0,NA,NA,NA,NA,NA,NA,NA
1037885,"Marc Mariani","TEN","WR",29,6,13,0.25,0.05,0.45,0.353553390593274,154,0.0825,9,0.4,NA,NA,NA,3.14221546661545,NA,0,NA
2495472,"Jordan Todman","IND","RB",26,5,10,0.25,0.21,0.29,0.0707106781186548,105,0.0225,6,0.08,NA,NA,NA,2.48085033426398,NA,NA,NA
2550540,"George Atkinson","CLE","RB",24,2,13,0.25,0.05,0.45,0.353553390593274,105,0.05,6,0.4,NA,NA,NA,3.02784115601169,NA,NA,NA
2543640,"Tom Savage","HOU","QB",26,2,9,0.23,0.062,0.398,0.29698484809835,39,0.013,9,0.336,NA,NA,NA,3.96442299374268,NA,NA,NA
2543497,"AJ McCarron","CIN","QB",26,2,9,0.228,0.1454,0.3006,0.13717871555019,40,0.023,9,0.1552,NA,NA,NA,3.65798081979233,NA,NA,NA
79589,"David Johnson","PIT","TE",29,7,8,0.215,0.123,0.307,0.162634559672906,75,0.015,6,0.184,NA,65,3,3.32632065197817,NA,0,NA
2495443,"Ryan Mallett","BAL","QB",28,5,8,0.206,0.1468,0.2652,0.104651803615609,41,0.005,9,0.1184,NA,NA,NA,3.59560763394403,NA,NA,NA
2552464,"Jalston Fowler","TEN","RB",NA,NA,13,0.205,0.191,0.199,0.00707106781186548,107,0.0175,6,0.00800000000000001,NA,85,8,4.65865575450454,NA,NA,NA
2495441,"Blaine Gabbert","SF","QB",27,5,8,0.204,0.1298,0.2082,0.0692964645562817,42,0.00900000000000001,10,0.0784,NA,NA,NA,3.52781069280458,NA,NA,NA
2535535,"Phillip Supernaw","TEN","TE",26,4,13,0.2,0.04,0.36,0.282842712474619,76,0,6,0.32,NA,NA,NA,3.2259855880184,NA,2.5,NA
2535943,"Sean McGrath","SD","TE",29,4,11,0.2,0.04,0.36,0.282842712474619,76,0,6,0.32,NA,64,2,2.96663493500691,NA,NA,NA
2552462,"Gerald Christian","BUF","TE",25,1,10,0.2,0.04,0.36,0.282842712474619,76,0.01,6,0.32,NA,NA,NA,3.2259855880184,NA,NA,NA
2555486,"Temarrick Hemingway","LA","TE",23,0,8,0.2,0.02,0.18,0.14142135623731,76,0.0325,6,0.16,NA,NA,NA,2.9985401383959,NA,NA,NA
2506562,"Matt Cassel","TEN","QB",34,11,13,0.198,0.1234,0.2626,0.123036579926459,43,0.011,10,0.1392,NA,NA,NA,3.63086204333655,NA,NA,NA
2552647,"Marcus Murphy","NO","RB",25,1,5,0.195,0.108,0.172,0.0565685424949238,108,0.0225,6,0.064,NA,NA,NA,2.45350079317659,NA,NA,NA
2539287,"Landry Jones","PIT","QB",27,3,8,0.192,0.0576,0.3264,0.23758787847868,44,0.011,10,0.2688,NA,NA,NA,3.85052413262839,NA,-0.1,NA
81306,"Brandon Tate","BUF","WR",29,7,10,0.185,0.117,0.253,0.120208152801713,155,0.06,9,0.136,NA,113.5,14.5,6.00408179540672,NA,0,NA
2506053,"Luke McCown","NO","QB",35,12,5,0.182,0.0716,0.2924,0.195161471607487,45,0.01,10,0.2208,NA,NA,NA,3.76916780326104,NA,NA,NA
230,"Jerome Felton","BUF","RB",30,8,10,0.18,0.164,0.196,0.0282842712474619,109,0.0175,6,0.032,NA,83.8,5.2,3.48687846886519,NA,0,NA
2553318,"James OShaughnessy","KC","TE",NA,NA,5,0.18,0.018,0.162,0.127279220613579,80,0.04,6,0.144,NA,NA,NA,2.97579559343365,NA,NA,NA
2539308,"Matt Barkley","CHI","QB",26,3,9,0.18,0.036,0.324,0.254558441227157,46,0.016,10,0.288,NA,NA,NA,3.88306666437533,NA,NA,NA
2508101,"James Develin","NE","RB",28,6,9,0.165,0.119,0.191,0.0636396103067893,110,0.015,6,0.072,NA,NA,NA,2.46717556372028,NA,NA,NA
2506895,"Kellen Clemens","SD","QB",33,10,11,0.164,0.0392,0.2888,0.220617315730203,47,0.002,10,0.2496,NA,NA,NA,3.81798160088145,NA,NA,NA
2555263,"Kevin Hogan","CLE","QB",24,0,13,0.164,0.0392,0.2888,0.220617315730203,47,0.00499999999999998,10,0.2496,NA,NA,NA,3.81798160088145,NA,NA,NA
2539265,"Rex Burkhead","CIN","RB",26,3,9,0.16,0.128,0.192,0.0565685424949238,111,0.04,6,0.064,NA,NA,NA,2.45350079317659,NA,1.6,NA
2543605,"Zach Mettenberger","PIT","QB",25,2,8,0.16,0.032,0.288,0.226274169979695,49,0.005,10,0.256,NA,NA,NA,3.82882911146377,NA,NA,NA
2542065,"Matt McGloin","OAK","QB",27,3,10,0.158,0.0604,0.2556,0.172534054609518,50,0.00700000000000001,10,0.1952,NA,NA,NA,3.72577776093179,NA,NA,NA
2536342,"Brandon Bostick","NYJ","TE",27,4,11,0.155,0.119,0.191,0.0636396103067893,81,0.0425,6,0.072,NA,69.5,1.5,2.56218969501907,NA,NA,NA
2506481,"Dan Orlovsky","DET","QB",33,11,10,0.152,0.0496,0.2544,0.181019335983756,51,0.00499999999999998,10,0.2048,NA,NA,NA,3.74204902680526,NA,NA,NA
2541828,"Frankie Hammond","FA","WR",NA,NA,NA,0.15,0.015,0.135,0.106066017177982,156,0.05,9,0.12,NA,NA,NA,2.79085750780783,NA,NA,NA
2539961,"Ryan Nassib","NYG","QB",26,3,8,0.15,0.046,0.254,0.183847763108502,52,0.016,10,0.208,NA,NA,NA,3.74747278209642,NA,NA,NA
2552588,"Brett Hundley","GB","QB",23,1,4,0.144,0.0352,0.2528,0.192333044482741,53,0.02,10,0.2176,NA,NA,NA,3.76374404796989,NA,NA,NA
2495340,"Anthony Sherman","KC","RB",28,5,5,0.14,0.014,0.126,0.0989949493661167,112,0.055,6,0.112,NA,82,4.9,3.42750702428491,NA,0,NA
2533353,"Cory Harkey","LA","TE",26,4,8,0.125,0.065,0.185,0.106066017177982,82,0.025,6,0.12,NA,NA,NA,2.94167877599028,NA,NA,NA
2495425,"Scott Tolzien","IND","QB",29,5,10,0.124,0.0312,0.2168,0.164048773235279,54,0.011,10,0.1856,NA,NA,NA,3.70950649505832,NA,NA,NA
2507282,"Matt Moore","MIA","QB",32,9,8,0.124,0.0312,0.2168,0.164048773235279,54,0.029,10,0.1856,NA,NA,NA,3.70950649505832,NA,NA,NA
252,"Chad Henne","JAC","QB",31,8,5,0.102,0.0786,0.1154,0.0325269119345812,56,0.022,11,0.0368,NA,NA,NA,3.45730187401954,NA,NA,NA
4487,"Matthew Slater","NE","WR",31,8,9,0.1,0.02,0.18,0.14142135623731,157,0.025,9,0.16,NA,NA,NA,2.8410515019232,NA,NA,NA
2507828,"Logan Paulsen","CHI","TE",29,6,9,0.1,0.02,0.18,0.14142135623731,83,0.05,6,0.16,NA,49.5,4.1,3.81124727962338,NA,NA,NA
2539645,"Brandon Williams","SEA","TE",29,4,5,0.1,0.01,0.09,0.0707106781186548,83,0.1,6,0.08,NA,NA,NA,2.88481741358465,NA,NA,NA
2553467,"Quan Bray","IND","WR",NA,NA,10,0.1,0.1,0.1,NA,157,0.075,9,0,NA,NA,NA,NA,NA,0,NA
2553743,"Rod Smith","DAL","RB",NA,NA,7,0.1,0.1,0.1,NA,113,0.035,6,0,NA,83.5,4.5,3.97881050600111,NA,NA,NA
2505982,"Matt Schaub","ATL","QB",35,12,11,0.088,0.0624,0.1136,0.045254833995939,57,0.052,11,0.0512,NA,NA,NA,3.48170877282974,NA,NA,NA
81284,"Chase Daniel","PHI","QB",30,7,4,0.072,0.0336,0.1104,0.0678822509939086,58,0.072,11,0.0768,NA,NA,NA,3.525098815159,NA,NA,NA
2550235,"Roosevelt Nix","PIT","RB",NA,NA,8,0.07,0.07,0.07,NA,114,0.04,6,0,NA,NA,NA,NA,NA,NA,NA
2552636,"Michael Burton","DET","RB",24,1,10,0.06,0.00600000000000001,0.054,0.0424264068711929,115,0.06,6,0.048,NA,NA,NA,2.4261512520892,NA,NA,NA
2507029,"Eric Weems","ATL","WR",31,9,11,0.05,0.01,0.09,0.0707106781186548,159,0.05,9,0.08,NA,NA,NA,2.74066351369245,NA,0,NA
184,"Donnie Avery","FA","WR",32,8,NA,0,0,0,NA,160,0,9,0,NA,NA,NA,NA,NA,NA,NA
206,"Andre Caldwell","DET","WR",31,8,10,0,0,0,0,160,0,9,0,NA,NA,NA,2.6402755254617,NA,NA,NA
216,"Fred Davis","FA","TE",30,8,NA,0,0,0,NA,85,0,6,0,NA,NA,NA,NA,NA,NA,NA
262,"Chris Johnson","ARI","RB",31,8,9,0,0,0,NA,116,0,6,0,NA,NA,NA,NA,NA,NA,NA
264,"Josh Johnson","NYG","QB",30,8,8,0,0,0,0,59,0,12,0,NA,NA,NA,3.39492868817124,NA,NA,NA
284,"Darren McFadden","DAL","RB",29,8,7,0,0,0,NA,116,0,6,0,NA,NA,NA,NA,NA,NA,NA
318,"Jerome Simpson","FA","WR",30,8,NA,0,0,0,NA,160,0,9,0,NA,NA,NA,NA,NA,NA,NA
367,"Matt Flynn","NO","QB",31,8,5,0,0,0,NA,59,0,12,0,NA,NA,NA,NA,NA,NA,NA
768,"Steve Johnson","SD","WR",30,8,11,0,0,0,NA,160,0,9,0,NA,NA,NA,NA,NA,NA,NA
941,"Ray Rice","FA","RB",29,8,NA,0,0,0,NA,116,0,6,0,NA,NA,NA,NA,NA,NA,NA
1966,"John Carlson","FA","TE",32,8,NA,0,0,0,NA,85,0,6,0,NA,NA,NA,NA,NA,NA,NA
4231,"Jed Collins","FA","RB",30,8,NA,0,0,0,NA,116,0,6,0,NA,NA,NA,NA,NA,NA,NA
4381,"Garrett Hartley","FA","K",30,8,NA,0,0,0,NA,31,0,8,0,NA,NA,NA,NA,NA,NA,NA
4433,"Marcel Reece","FA","RB",31,8,NA,0,0,0,0,116,0,6,0,NA,NA,NA,2.34410262882705,NA,NA,NA
71247,"James Casey","FA","TE",32,7,NA,0,0,0,NA,85,0,6,0,NA,NA,NA,NA,NA,NA,NA
71255,"Chase Coffman","IND","TE",30,7,10,0,0,0,0,85,0,6,0,NA,NA,NA,2.77109468877341,NA,NA,NA
71265,"Jared Cook","GB","TE",29,7,4,0,0,0,NA,85,0,6,0,NA,NA,NA,NA,NA,NA,NA
71431,"Brandon Pettigrew","DET","TE",31,7,10,0,0,0,NA,85,0,6,0,NA,NA,NA,NA,NA,NA,NA
79557,"Josh Freeman","FA","QB",28,7,NA,0,0,0,NA,59,0,12,0,NA,NA,NA,NA,NA,NA,NA
79563,"Shonn Greene","FA","RB",31,7,NA,0,0,0,NA,116,0,6,0,NA,NA,NA,NA,NA,NA,NA
79619,"Knowshon Moreno","FA","RB",29,7,NA,0,0,0,NA,116,0,6,0,NA,NA,NA,NA,NA,NA,NA
79625,"Bear Pascoe","NE","TE",30,7,9,0,0,0,NA,85,0,6,0,NA,NA,NA,NA,NA,NA,NA
79629,"Cedric Peerman","CIN","RB",30,7,9,0,0,0,NA,116,0,6,0,NA,NA,NA,NA,NA,NA,NA
80674,"Chris Ogbonnaya","FA","RB",30,7,NA,0,0,0,NA,116,0,6,0,NA,NA,NA,NA,NA,NA,NA
81288,"Brandon Gibson","NE","WR",29,7,9,0,0,0,NA,160,0,9,0,NA,NA,NA,NA,NA,NA,NA
81831,"Brian Hartline","FA","WR",30,7,NA,0,0,0,NA,160,0,9,0,NA,NA,NA,NA,NA,NA,NA
89798,"Antone Smith","NYJ","RB",31,7,11,0,0,0,NA,116,0,6,0,NA,NA,NA,NA,NA,NA,NA
163982,"Will Johnson","NYG","RB",27,5,8,0,0,0,NA,116,0,6,0,NA,NA,NA,NA,NA,NA,NA
496812,"Erik Lorig","FA","RB",30,6,NA,0,0,0,NA,116,0,6,0,NA,NA,NA,NA,NA,NA,NA
497108,"Jimmy Clausen","FA","QB",28,6,NA,0,0,0,NA,59,0,12,0,NA,NA,NA,NA,NA,NA,NA
497121,"Thad Lewis","SF","QB",29,6,8,0,0,0,NA,59,0,12,0,NA,NA,NA,NA,NA,NA,NA
497172,"Anthony Dixon","FA","RB",29,6,NA,0,0,0,NA,116,0,6,0,NA,NA,NA,NA,NA,NA,NA
497174,"Jonathan Dwyer","FA","RB",27,6,NA,0,0,0,NA,116,0,6,0,NA,NA,NA,NA,NA,NA,NA
497176,"Toby Gerhart","FA","RB",29,6,NA,0,0,0,NA,116,0,6,0,NA,NA,NA,NA,NA,NA,NA
497218,"Trindon Holliday","FA","WR",30,6,NA,0,0,0,NA,160,0,9,0,NA,NA,NA,NA,NA,NA,NA
497226,"Jim Dray","FA","TE",30,6,NA,0,0,0,0,85,0,6,0,NA,NA,NA,2.77109468877341,NA,NA,NA
497234,"Garrett Graham","DEN","TE",30,6,11,0,0,0,NA,85,0,6,0,NA,NA,NA,NA,NA,NA,NA
497246,"Michael Hoomanawanui","NO","TE",28,6,5,0,0,0,NA,85,0,6,0,NA,NA,NA,NA,NA,NA,NA
497250,"Anthony McCoy","FA","TE",29,6,NA,0,0,0,NA,85,0,6,0,NA,NA,NA,NA,NA,NA,NA
497256,"Tony Moeaki","FA","TE",29,6,NA,0,0,0,0,85,0,6,0,NA,NA,NA,2.77109468877341,NA,NA,NA
497260,"Seyi Ajirotutu","PHI","WR",29,6,4,0,0,0,NA,160,0,9,0,NA,NA,NA,NA,NA,NA,NA
497282,"Riley Cooper","FA","WR",29,6,NA,0,0,0,0,160,0,9,0,NA,NA,NA,2.6402755254617,NA,NA,NA
497284,"Eric Decker","NYJ","WR",29,6,11,0,0,0,NA,160,0,9,0,NA,NA,NA,NA,NA,NA,NA
497286,"Marcus Easley","BUF","WR",29,6,10,0,0,0,NA,160,0,9,0,NA,NA,NA,NA,NA,NA,NA
497288,"Jacoby Ford","FA","WR",29,6,NA,0,0,0,NA,160,0,9,0,NA,NA,NA,NA,NA,NA,NA
1037347,"Joe Webb","CAR","QB",30,6,7,0,0,0,NA,59,0,12,0,NA,NA,NA,NA,NA,NA,NA
1037366,"Michael Palmer","FA","TE",28,6,NA,0,0,0,NA,85,0,6,0,NA,NA,NA,NA,NA,NA,NA
1037847,"Deji Karim","FA","RB",30,6,NA,0,0,0,NA,116,0,6,0,NA,NA,NA,NA,NA,NA,NA
2495150,"Kai Forbath","FA","K",29,5,NA,0,0,0,0,31,0,9,0,NA,NA,NA,2.21366849351892,NA,NA,NA
2495158,"Leonard Hankerson","FA","WR",28,5,NA,0,0,0,NA,160,0,9,0,NA,NA,NA,NA,NA,NA,NA
2495161,"Roy Helu","FA","RB",28,5,NA,0,0,0,NA,116,0,6,0,NA,NA,NA,NA,NA,NA,NA
2495162,"Alex Henery","FA","K",29,5,NA,0,0,0,NA,31,0,8,0,NA,NA,NA,NA,NA,NA,NA
2495172,"Kendall Hunter","NO","RB",28,5,5,0,0,0,NA,116,0,6,0,NA,NA,NA,NA,NA,NA,NA
2495179,"Jerrel Jernigan","FA","WR",27,5,NA,0,0,0,NA,160,0,9,0,NA,NA,NA,NA,NA,NA,NA
2495181,"Jerrod Johnson","DAL","QB",28,5,7,0,0,0,NA,59,0,12,0,NA,NA,NA,NA,NA,NA,NA
2495192,"Greg Little","FA","WR",27,5,NA,0,0,0,NA,160,0,9,0,NA,NA,NA,NA,NA,NA,NA
2495215,"Christian Ponder","SF","QB",28,5,8,0,0,0,0,59,0,12,0,NA,NA,NA,3.39492868817124,NA,NA,NA
2495267,"Jordan Cameron","MIA","TE",28,5,8,0,0,0,NA,85,0,6,0,NA,NA,NA,NA,NA,NA,NA
2495306,"Ricardo Lockette","FA","WR",30,5,NA,0,0,0,NA,160,0,9,0,NA,NA,NA,NA,NA,NA,NA
2495314,"Bruce Miller","FA","RB",29,5,NA,0,0,0,0,116,0,6,0,NA,NA,NA,2.34410262882705,NA,NA,NA
2495449,"Tandon Doss","FA","WR",27,5,NA,0,0,0,NA,160,0,9,0,NA,NA,NA,NA,NA,NA,NA
2495469,"Dion Lewis","NE","RB",26,5,9,0,0,0,NA,116,0,6,0,NA,NA,NA,NA,NA,NA,NA
2495470,"Stevan Ridley","FA","RB",27,5,NA,0,0,0,0,116,0,6,0,NA,NA,NA,2.34410262882705,NA,NA,NA
2495558,"Dwayne Bowe","FA","WR",32,9,NA,0,0,0,0,160,0,9,0,NA,NA,NA,2.6402755254617,NA,NA,NA
2495560,"Ahmad Bradshaw","FA","RB",30,9,NA,0,0,0,NA,116,0,6,0,NA,NA,NA,NA,NA,NA,NA
2495573,"Scott Chandler","FA","TE",31,9,NA,0,0,0,NA,85,0,6,0,NA,NA,NA,NA,NA,NA,NA
2495651,"Jacoby Jones","FA","WR",32,9,NA,0,0,0,NA,160,0,9,0,NA,NA,NA,NA,NA,NA,NA
2495660,"Brian Leonard","FA","RB",32,9,NA,0,0,0,NA,116,0,6,0,NA,NA,NA,NA,NA,NA,NA
2495663,"Marshawn Lynch","FA","RB",30,9,NA,0,0,0,NA,116,0,6,0,NA,NA,NA,NA,NA,NA,NA
2495801,"Miles Austin","FA","WR",32,10,NA,0,0,0,NA,160,0,9,0,NA,NA,NA,NA,NA,NA,NA
2495802,"Jason Avant","KC","WR",33,10,5,0,0,0,NA,160,0,9,0,NA,NA,NA,NA,NA,NA,NA
2495821,"Marques Colston","FA","WR",33,10,NA,0,0,0,NA,160,0,9,0,NA,NA,NA,NA,NA,NA,NA
2495824,"Jay Cutler","CHI","QB",33,10,9,0,0,0,NA,59,0,12,0,NA,NA,NA,NA,NA,NA,NA
2495825,"Owen Daniels","FA","TE",34,10,NA,0,0,0,NA,85,0,6,0,NA,NA,NA,NA,NA,NA,NA
2495838,"Bruce Gradkowski","PIT","QB",33,10,8,0,0,0,NA,59,0,12,0,NA,NA,NA,NA,NA,NA,NA
2495843,"Derek Hagan","FA","WR",32,10,NA,0,0,0,NA,160,0,9,0,NA,NA,NA,NA,NA,NA,NA
2495863,"Tarvaris Jackson","FA","QB",33,10,NA,0,0,0,NA,59,0,12,0,NA,NA,NA,NA,NA,NA,NA
2495867,"Greg Jennings","FA","WR",33,10,NA,0,0,0,NA,160,0,9,0,NA,NA,NA,NA,NA,NA,NA
2495974,"Charlie Whitehurst","CLE","QB",34,10,13,0,0,0,NA,59,0,12,0,NA,NA,NA,NA,NA,NA,NA
2499248,"Kris Durham","FA","WR",28,5,NA,0,0,0,NA,160,0,9,0,NA,NA,NA,NA,NA,NA,NA
2499255,"Richard Gordon","BAL","TE",29,5,8,0,0,0,NA,85,0,6,0,NA,NA,NA,NA,NA,NA,NA
2499277,"David Ausberry","FA","TE",29,5,NA,0,0,0,NA,85,0,6,0,NA,NA,NA,NA,NA,NA,NA
2504162,"Shayne Graham","FA","K",NA,NA,NA,0,0,0,0,31,0,8,0,NA,NA,NA,2.21366849351892,NA,NA,NA
2504941,"Billy Cundiff","FA","K",36,14,NA,0,0,0,NA,31,0,8,0,NA,NA,NA,NA,NA,NA,NA
2505076,"Josh McCown","CLE","QB",37,14,13,0,0,0,NA,59,0,12,0,NA,NA,NA,NA,NA,NA,NA
2505354,"Tony Romo","DAL","QB",36,13,7,0,0,0,NA,59,0,12,0,NA,NA,NA,NA,NA,NA,NA
2505936,"Steven Jackson","NE","RB",33,12,9,0,0,0,NA,116,0,6,0,NA,NA,NA,NA,NA,NA,NA
2506004,"Jerricho Cotchery","FA","WR",34,12,NA,0,0,0,NA,160,0,9,0,NA,NA,NA,NA,NA,NA,NA
2506063,"Josh Scobee","FA","K",34,12,NA,0,0,0,NA,31,0,8,0,NA,NA,NA,NA,NA,NA,NA
2506222,"Josh Cribbs","FA","WR",33,11,NA,0,0,0,NA,160,0,9,0,NA,NA,NA,NA,NA,NA,NA
2506264,"Robbie Gould","FA","K",34,11,NA,0,0,0,0,31,0,8,0,NA,NA,NA,2.21366849351892,NA,NA,NA
2506341,"Ronnie Brown","FA","RB",35,11,NA,0,0,0,NA,116,0,6,0,NA,NA,NA,NA,NA,NA,NA
2506619,"Daniel Fells","NYG","TE",33,10,8,0,0,0,NA,85,0,6,0,NA,NA,NA,NA,NA,NA,NA
2506871,"Fred Jackson","FA","RB",35,10,NA,0,0,0,NA,116,0,6,0,NA,NA,NA,NA,NA,NA,NA
2506885,"Santonio Holmes","FA","WR",32,10,NA,0,0,0,NA,160,0,9,0,NA,NA,NA,NA,NA,NA,NA
2506897,"Devin Hester","BAL","WR",34,10,8,0,0,0,NA,160,0,9,0,NA,NA,NA,NA,NA,NA,NA
2507170,"Zach Miller","FA","TE",31,9,NA,0,0,0,NA,85,0,6,0,NA,NA,NA,NA,NA,NA,NA
2507183,"James Jones","FA","WR",32,9,NA,0,0,0,0,160,0,9,0,NA,95.5,1.5,1.89048687185828,NA,NA,NA
2507237,"Jordan Palmer","FA","QB",32,9,NA,0,0,0,NA,59,0,12,0,NA,NA,NA,NA,NA,NA,NA
2507278,"Jackie Battle","FA","RB",33,9,NA,0,0,0,NA,116,0,6,0,NA,NA,NA,NA,NA,NA,NA
2507405,"Matthew Mulligan","FA","TE",31,8,NA,0,0,0,NA,85,0,6,0,NA,NA,NA,NA,NA,NA,NA
2507779,"Donald Brown","FA","RB",29,7,NA,0,0,0,NA,116,0,6,0,NA,NA,NA,NA,NA,NA,NA
2507883,"Jeff Cumberland","SD","TE",29,6,11,0,0,0,NA,85,0,6,0,NA,NA,NA,NA,NA,NA,NA
2508051,"John Conner","FA","RB",29,6,NA,0,0,0,NA,116,0,6,0,NA,NA,NA,NA,NA,NA,NA
2508096,"Tyler Clutts","FA","RB",32,6,NA,0,0,0,NA,116,0,6,0,NA,NA,NA,NA,NA,NA,NA
2508112,"Rob Housler","FA","TE",28,5,NA,0,0,0,0,85,0,6,0,NA,NA,NA,2.77109468877341,NA,NA,NA
2508115,"Vincent Brown","FA","WR",27,5,NA,0,0,0,0,160,0,9,0,NA,NA,NA,2.6402755254617,NA,NA,NA
2530516,"Robert Hughes","FA","RB",27,5,NA,0,0,0,NA,116,0,6,0,NA,NA,NA,NA,NA,NA,NA
2530575,"Drew Davis","FA","WR",27,4,NA,0,0,0,NA,160,0,9,0,NA,NA,NA,NA,NA,NA,NA
2530598,"Jeremy Ross","NYJ","WR",28,5,11,0,0,0,NA,160,0,9,0,NA,NA,NA,NA,NA,NA,NA
2530690,"DuJuan Harris","FA","RB",28,5,NA,0,0,0,0,116,0,6,0,NA,NA,NA,2.34410262882705,NA,NA,NA
2530699,"Henry Hynoski","FA","RB",28,5,NA,0,0,0,NA,116,0,6,0,NA,NA,NA,NA,NA,NA,NA
2531218,"Chase Reynolds","LA","RB",29,4,8,0,0,0,NA,116,0,6,0,NA,NA,NA,NA,NA,NA,NA
2532799,"Jarrett Boykin","FA","WR",27,4,NA,0,0,0,NA,160,0,9,0,NA,NA,NA,NA,NA,NA,NA
2532802,"LaVon Brazill","FA","WR",27,4,NA,0,0,0,NA,160,0,9,0,NA,NA,NA,NA,NA,NA,NA
2532807,"Ryan Broyles","FA","WR",28,4,NA,0,0,0,NA,160,0,9,0,NA,NA,NA,NA,NA,NA,NA
2532823,"Juron Criner","FA","WR",27,4,NA,0,0,0,NA,160,0,9,0,NA,NA,NA,NA,NA,NA,NA
2532850,"T.J. Graham","FA","WR",27,4,NA,0,0,0,NA,160,0,9,0,NA,NA,NA,NA,NA,NA,NA
2532851,"Cyrus Gray","ATL","RB",27,4,11,0,0,0,NA,116,0,6,0,NA,NA,NA,NA,NA,NA,NA
2532853,"Ladarius Green","PIT","TE",26,4,8,0,0,0,NA,85,0,6,0,NA,NA,NA,NA,NA,NA,NA
2532862,"Junior Hemingway","FA","WR",28,4,NA,0,0,0,NA,160,0,9,0,NA,NA,NA,NA,NA,NA,NA
2532864,"Dan Herron","FA","RB",27,4,NA,0,0,0,0,116,0,6,0,NA,NA,NA,2.34410262882705,NA,NA,NA
2532876,"A.J. Jenkins","FA","WR",26,4,NA,0,0,0,NA,160,0,9,0,NA,NA,NA,NA,NA,NA,NA
2532894,"Ryan Lindley","FA","QB",27,4,NA,0,0,0,NA,59,0,12,0,NA,NA,NA,NA,NA,NA,NA
2532917,"Kellen Moore","DAL","QB",27,4,7,0,0,0,NA,59,0,12,0,NA,NA,NA,NA,NA,NA,NA
2532926,"Isaiah Pead","MIA","RB",27,4,8,0,0,0,0,116,0,6,0,NA,NA,NA,2.34410262882705,NA,NA,NA
2532960,"Nick Toon","FA","WR",28,4,NA,0,0,0,NA,160,0,9,0,NA,NA,NA,NA,NA,NA,NA
2532970,"Brandon Weeden","HOU","QB",33,4,9,0,0,0,NA,59,0,12,0,NA,NA,NA,NA,NA,NA,NA
2533012,"Vick Ballard","FA","RB",26,4,NA,0,0,0,NA,116,0,6,0,NA,NA,NA,NA,NA,NA,NA
2533028,"James Hanna","DAL","TE",27,4,7,0,0,0,NA,85,0,6,0,NA,NA,NA,NA,NA,NA,NA
2533030,"Jonas Gray","FA","RB",26,4,NA,0,0,0,NA,116,0,6,0,NA,NA,NA,NA,NA,NA,NA
2533032,"Trent Richardson","FA","RB",25,4,NA,0,0,0,NA,116,0,6,0,NA,NA,NA,NA,NA,NA,NA
2533033,"Robert Griffin","CLE","QB",26,4,13,0,0,0,NA,59,0,12,0,NA,NA,NA,NA,NA,NA,NA
2533036,"LaMichael James","FA","RB",27,4,NA,0,0,0,NA,116,0,6,0,NA,NA,NA,NA,NA,NA,NA
2533037,"Chris Polk","HOU","RB",27,4,9,0,0,0,NA,116,0,6,0,NA,NA,NA,NA,NA,NA,NA
2533038,"Justin Blackmon","JAC","WR",26,4,5,0,0,0,NA,160,0,9,0,NA,NA,NA,NA,NA,NA,NA
2533047,"Orson Charles","DET","TE",25,4,10,0,0,0,0,85,0,6,0,NA,NA,NA,2.77109468877341,NA,NA,NA
2533349,"Austin Davis","DEN","QB",27,4,11,0,0,0,0,59,0,12,0,NA,NA,NA,3.39492868817124,NA,NA,NA
2533444,"Randy Bullock","FA","K",27,4,NA,0,0,0,0,31,0,8,0,NA,NA,NA,2.21366849351892,NA,NA,NA
2533533,"Rueben Randle","FA","WR",25,4,NA,0,0,0,NA,160,0,9,0,NA,94,1.4,1.07872490850791,NA,NA,NA
2533537,"Stephen Hill","FA","WR",25,4,NA,0,0,0,NA,160,0,9,0,NA,NA,NA,NA,NA,NA,NA
2533540,"Edwin Baker","FA","RB",25,4,NA,0,0,0,NA,116,0,6,0,NA,NA,NA,NA,NA,NA,NA
2533545,"Bernard Pierce","FA","RB",25,4,NA,0,0,0,NA,116,0,6,0,NA,NA,NA,NA,NA,NA,NA
2534241,"Derek Carrier","WAS","TE",26,4,9,0,0,0,NA,85,0,6,0,NA,NA,NA,NA,NA,NA,NA
2534244,"Chase Ford","FA","TE",26,4,NA,0,0,0,NA,85,0,6,0,NA,NA,NA,NA,NA,NA,NA
2534437,"Austin Johnson","FA","RB",27,3,NA,0,0,0,0,116,0,6,0,NA,NA,NA,2.34410262882705,NA,NA,NA
2534770,"Jonathan Grimes","HOU","RB",27,4,9,0,0,0,NA,116,0,6,0,NA,NA,NA,NA,NA,NA,NA
2534789,"Daryl Richardson","FA","RB",26,4,NA,0,0,0,0,116,0,6,0,NA,NA,NA,2.34410262882705,NA,NA,NA
2534796,"Bryce Brown","FA","RB",25,4,NA,0,0,0,NA,116,0,6,0,NA,NA,NA,NA,NA,NA,NA
2534870,"Alex Tanney","FA","QB",29,4,NA,0,0,0,NA,59,0,12,0,NA,NA,NA,NA,NA,NA,NA
2534871,"Derrick Coleman","FA","RB",26,4,NA,0,0,0,NA,116,0,6,0,NA,NA,NA,NA,NA,NA,NA
2534889,"Matt Simms","FA","QB",28,4,NA,0,0,0,NA,59,0,12,0,NA,NA,NA,NA,NA,NA,NA
2535634,"Chris Givens","FA","WR",27,4,NA,0,0,0,0,160,0,9,0,NA,NA,NA,2.6402755254617,NA,NA,NA
2535696,"Joe Banyard","JAC","RB",28,4,5,0,0,0,0,116,0,6,0,NA,NA,NA,2.34410262882705,NA,NA,NA
2535882,"Mike Brown","FA","WR",27,4,NA,0,0,0,NA,160,0,9,0,NA,NA,NA,NA,NA,NA,NA
2535988,"Brittan Golden","ARI","WR",28,4,9,0,0,0,0,160,0,9,0,NA,NA,NA,2.6402755254617,NA,NA,NA
2536031,"Damaris Johnson","FA","WR",27,4,NA,0,0,0,NA,160,0,9,0,NA,NA,NA,NA,NA,NA,NA
2536071,"Cooper Helfet","FA","TE",27,5,NA,0,0,0,NA,85,0,6,0,NA,NA,NA,NA,NA,NA,NA
2536532,"Jorvorskie Lane","FA","RB",29,4,NA,0,0,0,NA,116,0,6,0,NA,NA,NA,NA,NA,NA,NA
2537931,"Josh Gordon","CLE","WR",25,4,13,0,0,0,NA,160,0,9,0,NA,NA,NA,NA,NA,NA,NA
2539202,"Chris Gragg","BUF","TE",26,3,10,0,0,0,NA,85,0,6,0,NA,NA,NA,NA,NA,NA,NA
2539203,"Cobi Hamilton","FA","WR",26,3,NA,0,0,0,NA,160,0,9,0,NA,NA,NA,NA,NA,9.6,NA
2539214,"Kenbrell Thompkins","FA","WR",28,3,NA,0,0,0,NA,160,0,9,0,NA,NA,NA,NA,NA,NA,NA
2539246,"Chris Harper","FA","WR",27,3,NA,0,0,0,NA,160,0,9,0,NA,NA,NA,NA,NA,NA,NA
2539256,"Aaron Dobson","FA","WR",25,3,NA,0,0,0,0,160,0,9,0,NA,NA,NA,2.6402755254617,NA,NA,NA
2539258,"Zac Dysert","ARI","QB",26,3,9,0,0,0,NA,59,0,12,0,NA,NA,NA,NA,NA,NA,NA
2539327,"Joseph Fauria","FA","TE",26,3,NA,0,0,0,NA,85,0,6,0,NA,NA,NA,NA,NA,NA,NA
2539341,"Montee Ball","FA","RB",26,3,NA,0,0,0,NA,116,0,6,0,NA,NA,NA,NA,NA,NA,NA
2539674,"Rodney Smith","FA","WR",26,3,NA,0,0,0,NA,160,0,9,0,NA,NA,NA,NA,NA,NA,NA
2539980,"Kerwynn Williams","FA","RB",25,3,NA,0,0,0,NA,116,0,6,0,NA,NA,NA,NA,NA,NA,NA
2540005,"Marlon Brown","FA","WR",25,3,NA,0,0,0,0,160,0,9,0,NA,NA,NA,2.6402755254617,NA,NA,NA
2540020,"Theo Riddick","DET","RB",25,3,10,0,0,0,NA,116,0,6,0,NA,NA,NA,NA,NA,NA,NA
2540148,"Tyler Eifert","CIN","TE",26,3,9,0,0,0,NA,85,0,6,0,NA,NA,NA,NA,NA,NA,NA
2540154,"Keenan Allen","SD","WR",24,3,11,0,0,0,NA,160,0,9,0,NA,NA,NA,NA,NA,NA,NA
2540157,"Stedman Bailey","LA","WR",26,3,8,0,0,0,NA,160,0,9,0,NA,NA,NA,NA,NA,NA,NA
2540171,"Joseph Randle","FA","RB",25,3,NA,0,0,0,NA,116,0,6,0,NA,NA,NA,NA,NA,NA,NA
2540173,"Tyler Bray","KC","QB",25,3,5,0,0,0,NA,59,0,12,0,NA,NA,NA,NA,NA,NA,NA
2540181,"Josh Boyce","FA","WR",25,3,NA,0,0,0,NA,160,0,9,0,NA,NA,NA,NA,NA,NA,NA
2540224,"Mike James","FA","RB",25,3,NA,0,0,0,NA,116,0,6,0,NA,NA,NA,NA,NA,NA,NA
2540225,"Tommy Bohanon","FA","RB",26,3,NA,0,0,0,0,116,0,6,0,NA,NA,NA,2.34410262882705,NA,NA,NA
2540233,"Nick Kasa","FA","TE",26,3,NA,0,0,0,NA,85,0,6,0,NA,NA,NA,NA,NA,NA,NA
2540257,"Justice Cunningham","FA","TE",25,3,NA,0,0,0,NA,85,0,6,0,NA,NA,NA,NA,NA,NA,NA
2540261,"Corey Fuller","DET","WR",26,3,10,0,0,0,NA,160,0,9,0,NA,NA,NA,NA,NA,NA,NA
2540263,"Sean Renfree","FA","QB",26,3,NA,0,0,0,NA,59,0,12,0,NA,NA,NA,NA,NA,NA,NA
2540279,"Nick Williams","FA","WR",26,3,NA,0,0,0,NA,160,0,9,0,NA,NA,NA,NA,NA,NA,NA
2541161,"Latavius Murray","OAK","RB",26,3,10,0,0,0,NA,116,0,6,0,NA,NA,NA,NA,NA,NA,NA
2541314,"Justin Brown","FA","WR",25,3,NA,0,0,0,NA,160,0,9,0,NA,NA,NA,NA,NA,NA,NA
2541390,"Kevin Dorsey","NE","WR",26,3,9,0,0,0,NA,160,0,9,0,NA,NA,NA,NA,NA,NA,NA
2541429,"B.J. Daniels","FA","QB",27,3,NA,0,0,0,NA,59,0,12,0,NA,NA,NA,NA,NA,NA,NA
2541432,"Michael Cox","FA","RB",27,3,NA,0,0,0,NA,116,0,6,0,NA,NA,NA,NA,NA,NA,NA
2541512,"Brian Leonhardt","OAK","TE",26,3,10,0,0,0,NA,85,0,6,0,NA,NA,NA,NA,NA,NA,NA
2541778,"Kendall Gaskins","FA","RB",26,3,NA,0,0,0,NA,116,0,6,0,NA,NA,NA,NA,NA,NA,NA
2541910,"George Winn","FA","RB",26,3,NA,0,0,0,NA,116,0,6,0,NA,NA,NA,NA,NA,NA,NA
2542022,"Khiry Robinson","FA","RB",27,3,NA,0,0,0,0,116,0,6,0,NA,61,0,1.245277107933,NA,NA,NA
2542060,"Jordan Gay","BUF","K",NA,NA,10,0,0,0,NA,31,0,8,0,NA,NA,NA,NA,NA,NA,NA
2543462,"Johnny Manziel","FA","QB",24,2,NA,0,0,0,NA,59,0,12,0,NA,NA,NA,NA,NA,NA,NA
2543466,"Eric Ebron","DET","TE",23,2,10,0,0,0,NA,85,0,6,0,NA,NA,NA,NA,NA,NA,NA
2543502,"Tre Mason","LA","RB",23,2,8,0,0,0,NA,116,0,6,0,NA,NA,NA,NA,NA,NA,NA
2543533,"Patrick Murray","CLE","K",25,2,13,0,0,0,NA,31,0,8,0,NA,NA,NA,NA,NA,NA,NA
2543565,"Andre Williams","FA","RB",24,2,NA,0,0,0,NA,116,0,6,0,NA,NA,NA,NA,NA,NA,NA
2543570,"Storm Johnson","FA","RB",24,2,NA,0,0,0,NA,116,0,6,0,NA,NA,NA,NA,NA,NA,NA
2543572,"Martavis Bryant","PIT","WR",25,2,8,0,0,0,NA,160,0,9,0,NA,NA,NA,NA,NA,NA,NA
2543587,"Aaron Murray","FA","QB",26,2,NA,0,0,0,0,59,0,12,0,NA,NA,NA,3.39492868817124,NA,NA,NA
2543596,"Dri Archer","BUF","RB",25,2,10,0,0,0,0,116,0,6,0,NA,NA,NA,2.34410262882705,NA,NA,NA
2543628,"Troy Niklas","ARI","TE",24,2,9,0,0,0,NA,85,0,6,0,NA,NA,NA,NA,NA,NA,NA
2543646,"Bruce Ellington","SF","WR",25,2,8,0,0,0,NA,160,0,9,0,NA,NA,NA,NA,NA,NA,NA
2543655,"Tyler Gaffney","FA","RB",25,2,NA,0,0,0,NA,116,0,6,0,NA,NA,NA,NA,NA,NA,NA
2543682,"Bishop Sankey","FA","RB",24,2,NA,0,0,0,NA,116,0,6,0,NA,NA,NA,NA,NA,NA,NA
2543690,"Marion Grice","FA","RB",24,2,NA,0,0,0,NA,116,0,6,0,NA,NA,NA,NA,NA,NA,NA
2543751,"David Fales","FA","QB",26,2,NA,0,0,0,0,59,0,12,0,NA,NA,NA,3.39492868817124,NA,NA,NA
2543767,"Logan Thomas","FA","QB",25,2,NA,0,0,0,NA,59,0,12,0,NA,NA,NA,NA,NA,NA,NA
2543777,"Robert Herron","FA","WR",24,2,NA,0,0,0,NA,160,0,9,0,NA,NA,NA,NA,NA,NA,NA
2543781,"Zach Hocker","FA","K",25,2,NA,0,0,0,NA,31,0,8,0,NA,NA,NA,NA,NA,NA,NA
2543784,"Keith Wenning","FA","QB",25,2,NA,0,0,0,NA,59,0,12,0,NA,NA,NA,NA,NA,NA,NA
2543792,"Matt Hazel","FA","WR",24,2,NA,0,0,0,NA,160,0,9,0,NA,NA,NA,NA,NA,NA,NA
2543836,"T.J. Jones","FA","WR",24,2,NA,0,0,0,0,160,0,9,0,NA,NA,NA,2.6402755254617,NA,NA,NA
2550158,"Nate Freese","FA","K",26,2,NA,0,0,0,NA,31,0,8,0,NA,NA,NA,NA,NA,NA,NA
2550163,"Michael Campanaro","FA","WR",25,2,NA,0,0,0,NA,160,0,9,0,NA,NA,NA,NA,NA,NA,NA
2550182,"Isaiah Burse","SD","WR",25,2,11,0,0,0,NA,160,0,9,0,NA,NA,NA,NA,NA,NA,NA
2550183,"Jeremy Butler","FA","WR",25,2,NA,0,0,0,0,160,0,9,0,NA,NA,NA,2.6402755254617,NA,NA,NA
2550216,"Jonathan Krause","FA","WR",NA,NA,NA,0,0,0,NA,160,0,9,0,NA,NA,NA,NA,NA,NA,NA
2550233,"Rajion Neal","CLE","RB",24,2,13,0,0,0,NA,116,0,6,0,NA,NA,NA,NA,NA,NA,NA
2550247,"Bryn Renner","FA","QB",26,2,NA,0,0,0,NA,59,0,12,0,NA,NA,NA,NA,NA,NA,NA
2550252,"Connor Shaw","CLE","QB",25,2,13,0,0,0,NA,59,0,12,0,NA,NA,NA,NA,NA,NA,NA
2550263,"Juwan Thompson","FA","RB",24,2,NA,0,0,0,NA,116,0,6,0,NA,NA,NA,NA,NA,NA,NA
2550310,"Carey Spear","FA","K",24,2,NA,0,0,0,NA,31,0,8,0,NA,NA,NA,NA,NA,NA,NA
2550330,"Kain Colter","FA","WR",24,2,NA,0,0,0,NA,160,0,9,0,NA,NA,NA,NA,NA,NA,NA
2550355,"Nic Jacobs","FA","TE",25,2,NA,0,0,0,0,85,0,6,0,NA,NA,NA,2.77109468877341,NA,NA,NA
2550356,"Marcel Jensen","WAS","TE",26,2,9,0,0,0,0,85,0,6,0,NA,NA,NA,2.77109468877341,NA,NA,NA
2550359,"Seantavius Jones","FA","WR",24,2,NA,0,0,0,NA,160,0,9,0,NA,NA,NA,NA,NA,NA,NA
2550376,"Stephen Morris","FA","QB",24,2,NA,0,0,0,NA,59,0,12,0,NA,NA,NA,NA,NA,NA,NA
2550413,"Corey Washington","FA","WR",25,2,NA,0,0,0,NA,160,0,9,0,NA,NA,NA,NA,NA,NA,NA
2550454,"Asante Cleveland","SD","TE",24,2,11,0,0,0,0,85,0,6,0,NA,NA,NA,2.77109468877341,NA,NA,NA
2550459,"Javontee Herndon","SD","WR",25,2,11,0,0,0,NA,160,0,9,0,NA,NA,NA,NA,NA,NA,NA
2550485,"Gator Hoskins","FA","TE",25,2,NA,0,0,0,NA,85,0,6,0,NA,NA,NA,NA,NA,NA,NA
2550529,"Silas Redd","WAS","RB",24,2,9,0,0,0,NA,116,0,6,0,NA,NA,NA,NA,NA,NA,NA
2550551,"Travis Coons","FA","K",24,2,NA,0,0,0,NA,31,0,8,0,NA,NA,NA,NA,NA,NA,NA
2550596,"Darrin Reaves","FA","RB",23,2,NA,0,0,0,NA,116,0,6,0,NA,NA,NA,NA,NA,NA,NA
2550608,"RaShaun Allen","SEA","TE",26,2,5,0,0,0,0,85,0,6,0,NA,NA,NA,2.77109468877341,NA,NA,NA
2550658,"Branden Oliver","SD","RB",25,2,11,0,0,0,NA,116,0,6,0,NA,NA,NA,NA,NA,NA,NA
2551247,"Josh Harris","PIT","RB",25,2,8,0,0,0,NA,116,0,6,0,NA,NA,NA,NA,NA,NA,NA
2551359,"Jerome Cunningham","FA","TE",25,2,NA,0,0,0,0,85,0,6,0,NA,NA,NA,2.77109468877341,NA,NA,NA
2552369,"Bryce Petty","NYJ","QB",25,1,11,0,0,0,0,59,0,12,0,NA,NA,NA,3.39492868817124,NA,NA,NA
2552371,"Garrett Grayson","FA","QB",25,1,NA,0,0,0,0,59,0,12,0,NA,NA,NA,3.39492868817124,NA,NA,NA
2552374,"Ameer Abdullah","DET","RB",23,1,10,0,0,0,NA,116,0,6,0,NA,NA,NA,NA,NA,NA,NA
2552376,"David Cobb","FA","RB",23,1,NA,0,0,0,0,116,0,6,0,NA,NA,NA,2.34410262882705,NA,NA,NA
2552379,"Jeremy Langford","CHI","RB",25,1,9,0,0,0,NA,116,0,6,0,NA,NA,NA,NA,NA,NA,NA
2552380,"Karlos Williams","FA","RB",23,1,NA,0,0,0,NA,116,0,6,0,NA,NA,NA,NA,NA,NA,NA
2552383,"Terrence Magee","BAL","RB",23,1,8,0,0,0,NA,116,0,6,0,NA,NA,NA,NA,NA,NA,NA
2552396,"Ben Koyack","JAC","TE",23,1,5,0,0,0,NA,85,0,6,0,NA,NA,NA,NA,NA,NA,NA
2552402,"Nick Boyle","BAL","TE",23,1,8,0,0,0,NA,85,0,6,0,NA,NA,NA,NA,NA,NA,NA
2552411,"Dezmin Lewis","FA","WR",24,1,NA,0,0,0,NA,160,0,9,0,NA,NA,NA,NA,NA,NA,NA
2552421,"Kenny Bell","FA","WR",24,1,NA,0,0,0,NA,160,0,9,0,NA,NA,NA,NA,NA,NA,NA
2552431,"Vince Mayle","FA","WR",NA,NA,NA,0,0,0,NA,160,0,9,0,NA,NA,NA,NA,NA,NA,NA
2552476,"Kenny Hilliard","FA","RB",25,1,NA,0,0,0,NA,116,0,6,0,NA,NA,NA,NA,NA,NA,NA
2552479,"DaRon Brown","KC","WR",25,1,5,0,0,0,NA,160,0,9,0,NA,NA,NA,NA,NA,NA,NA
2552576,"Sean Mannion","LA","QB",24,1,8,0,0,0,0,59,0,12,0,NA,NA,NA,3.39492868817124,NA,NA,NA
2552616,"Duron Carter","FA","WR",25,1,NA,0,0,0,NA,160,0,9,0,NA,NA,NA,NA,NA,NA,NA
2552622,"Chris Manhertz","NO","TE",NA,NA,5,0,0,0,NA,85,0,6,0,NA,NA,NA,NA,NA,NA,NA
2552634,"Joey Iosefa","FA","RB",NA,NA,NA,0,0,0,0,116,0,6,0,NA,NA,NA,2.34410262882705,NA,NA,NA
2552650,"Mario Alford","FA","WR",NA,NA,NA,0,0,0,NA,160,0,9,0,NA,NA,NA,NA,NA,NA,NA
2552651,"Kaelin Clay","BAL","WR",24,1,8,0,0,0,NA,160,0,9,0,NA,NA,NA,NA,NA,NA,NA
2552654,"Geremy Davis","FA","WR",24,1,NA,0,0,0,0,160,0,9,0,NA,NA,NA,2.6402755254617,NA,NA,NA
2553117,"Jarryd Hayne","FA","RB",28,1,NA,0,0,0,NA,116,0,6,0,NA,NA,NA,NA,NA,NA,NA
2553292,"Kennard Backman","FA","TE",23,1,NA,0,0,0,NA,85,0,6,0,NA,NA,NA,NA,NA,NA,NA
2553453,"Andre Debose","FA","WR",NA,NA,NA,0,0,0,NA,160,0,9,0,NA,NA,NA,NA,NA,NA,NA
2553462,"Josh Robinson","FA","RB",24,1,NA,0,0,0,NA,116,0,6,0,NA,NA,NA,NA,NA,NA,NA
2553465,"Rory Anderson","SF","TE",24,1,8,0,0,0,NA,85,0,6,0,NA,NA,NA,NA,NA,NA,NA
2553497,"Kyle Brindza","FA","K",23,1,NA,0,0,0,NA,31,0,8,0,NA,NA,NA,NA,NA,NA,NA
2553502,"DeAndre Carter","FA","WR",23,1,NA,0,0,0,NA,160,0,9,0,NA,NA,NA,NA,NA,NA,NA
2553511,"John Crockett","GB","RB",24,1,4,0,0,0,NA,116,0,6,0,NA,NA,NA,NA,NA,NA,NA
2553533,"Alonzo Harris","FA","RB",NA,NA,NA,0,0,0,NA,116,0,6,0,NA,NA,NA,NA,NA,NA,NA
2553548,"Jake Kumerow","FA","WR",NA,NA,NA,0,0,0,NA,160,0,9,0,NA,NA,NA,NA,NA,NA,NA
2553652,"Chris Harper","SF","WR",NA,NA,8,0,0,0,NA,160,0,9,0,NA,NA,NA,NA,NA,NA,NA
2553653,"Josh Harper","OAK","WR",25,1,10,0,0,0,NA,160,0,9,0,NA,NA,NA,NA,NA,NA,NA
2553660,"Akeem Hunt","FA","RB",23,1,NA,0,0,0,0,116,0,6,0,NA,NA,NA,2.34410262882705,NA,NA,NA
2553662,"Gus Johnson","FA","RB",23,1,NA,0,0,0,0,116,0,6,0,NA,NA,NA,2.34410262882705,NA,NA,NA
2553703,"Devante Davis","FA","WR",24,1,NA,0,0,0,NA,160,0,9,0,NA,NA,NA,NA,NA,NA,NA
2553728,"Raheem Mostert","FA","RB",NA,NA,NA,0,0,0,NA,116,0,6,0,NA,NA,NA,NA,NA,NA,NA
2553733,"Thomas Rawls","SEA","RB",23,1,5,0,0,0,NA,116,0,6,0,NA,NA,NA,NA,NA,NA,NA
2553773,"Mitchell Henry","FA","TE",NA,NA,NA,0,0,0,NA,85,0,6,0,NA,NA,NA,NA,NA,NA,NA
2553791,"E.J. Bibbs","FA","TE",25,1,NA,0,0,0,NA,85,0,6,0,NA,NA,NA,NA,NA,NA,NA
2553797,"Michael Dyer","FA","RB",26,1,NA,0,0,0,NA,116,0,6,0,NA,NA,NA,NA,NA,NA,NA
2553867,"Mack Brown","FA","RB",NA,NA,NA,0,0,0,NA,116,0,6,0,NA,NA,NA,NA,NA,NA,NA
2553879,"Jahwan Edwards","SD","RB",24,1,11,0,0,0,NA,116,0,6,0,NA,NA,NA,NA,NA,NA,NA
2553896,"Darius Jennings","FA","WR",NA,NA,NA,0,0,0,NA,160,0,9,0,NA,NA,NA,NA,NA,NA,NA
2555261,"Jacoby Brissett","NE","QB",24,0,9,0,0,0,NA,59,0,12,0,NA,NA,NA,NA,NA,NA,NA
2555262,"Jeff Driskel","CIN","QB",23,0,9,0,0,0,0,59,0,12,0,NA,NA,NA,3.39492868817124,NA,NA,NA
2555332,"Connor Cook","OAK","QB",23,0,10,0,0,0,0,59,0,12,0,NA,NA,NA,3.39492868817124,NA,NA,NA
2555333,"Corey Coleman","CLE","WR",22,0,13,0,0,0,NA,160,0,9,0,NA,NA,NA,NA,NA,NA,NA
2555343,"Josh Doctson","WAS","WR",NA,0,9,0,0,0,NA,160,0,9,0,NA,NA,NA,NA,NA,NA,NA
2555350,"Kolby Listenbee","BUF","WR",22,0,10,0,0,0,NA,160,0,9,0,NA,NA,NA,NA,NA,NA,NA
2555416,"Christian Hackenberg","NYJ","QB",21,0,11,0,0,0,0,59,0,12,0,NA,NA,NA,3.39492868817124,NA,NA,NA
2555426,"Cardale Jones","BUF","QB",24,0,10,0,0,0,0,59,0.4685,12,0,NA,NA,NA,3.39492868817124,NA,NA,NA
2555459,"Keith Marshall","WAS","RB",22,0,9,0,0,0,NA,116,0,6,0,NA,NA,NA,NA,NA,NA,NA
2555471,"Kenny Lawler","FA","WR",22,0,NA,0,0,0,0,160,0,9,0,NA,NA,NA,2.6402755254617,NA,NA,NA
2555483,"Thomas Duarte","FA","TE",21,0,NA,0,0,0,0,85,0,6,0,NA,NA,NA,2.77109468877341,NA,NA,NA
2555487,"Beau Sandland","FA","TE",23,0,NA,0,0,0,NA,85,0,6,0,NA,NA,NA,NA,NA,NA,NA
2555573,"Anthony Dable","FA","WR",NA,2016,NA,0,0,0,NA,160,0,9,0,NA,NA,NA,NA,NA,NA,NA
2556144,"Daniel Braverman","FA","WR",23,0,NA,0,0,0,0,160,0,9,0,NA,NA,NA,2.6402755254617,NA,NA,NA
2556212,"Devin Fuller","ATL","WR",22,0,11,0,0,0,NA,160,0,9,0,NA,NA,NA,NA,NA,NA,NA
2556261,"Moritz Boehringer","FA","WR",NA,0,NA,0,0,0,NA,160,0,9,0,NA,NA,NA,NA,NA,NA,NA
2556375,"Rico Gathers","FA","TE",22,0,NA,0,0,0,0,85,0,6,0,NA,NA,NA,2.77109468877341,NA,NA,NA
2556379,"Zac Brooks","FA","RB",23,0,NA,0,0,0,NA,116,0,6,0,NA,NA,NA,NA,NA,NA,NA
2556454,"Brandon Wilds","FA","RB",23,0,NA,0,0,0,NA,116,0,6,0,NA,NA,NA,NA,NA,NA,NA
2556460,"Geronimo Allison","FA","WR",22,0,NA,0,0,0,0,160,0,9,0,NA,NA,NA,2.6402755254617,NA,NA,NA
2556463,"Stephen Anderson","HOU","TE",23,0,9,0,0,0,NA,85,NA,6,0,NA,NA,NA,NA,NA,NA,NA
2556473,"Jace Billingsley","FA","WR",23,0,NA,0,0,0,0,160,0,9,0,NA,NA,NA,2.6402755254617,NA,NA,NA
2556490,"Devon Cajuste","FA","WR",23,0,NA,0,0,0,0,160,0,9,0,NA,NA,NA,2.6402755254617,NA,NA,NA
2556492,"Joe Callahan","GB","QB",23,0,4,0,0,0,0,59,1.0955,12,0,NA,NA,NA,3.39492868817124,NA,NA,NA
2556507,"Marshaun Coprich","FA","RB",22,0,NA,0,0,0,0,116,0,6,0,NA,NA,NA,2.34410262882705,NA,NA,NA
2556521,"Kaimi Fairbairn","HOU","K",22,0,9,0,0,0,NA,31,0,8,0,NA,NA,NA,NA,NA,NA,NA
2556528,"D.J. Foster","NE","RB",NA,0,9,0,0,0,NA,116,0,6,0,NA,NA,NA,NA,NA,NA,NA
2556528,"D.J. Foster","NE","WR",NA,0,9,0,0,0,NA,160,0,9,0,NA,NA,NA,NA,NA,NA,NA
2556541,"Aaron Green","FA","RB",24,0,NA,0,0,0,0,116,0,6,0,NA,NA,NA,2.34410262882705,NA,NA,NA
2556544,"Glenn Gronkowski","FA","RB",23,0,NA,0,0,0,0,116,0,6,0,NA,NA,NA,2.34410262882705,NA,NA,NA
2556569,"Andy Jones","FA","WR",NA,0,NA,0,0,0,0,160,0,9,0,NA,NA,NA,2.6402755254617,NA,NA,NA
2556577,"Marshall Koehn","FA","K",24,0,NA,0,0,0,NA,31,NA,8,0,NA,NA,NA,NA,NA,NA,NA
2556603,"Tre Madden","SEA","RB",23,0,5,0,0,0,NA,116,0,6,0,NA,NA,NA,NA,NA,NA,NA
2556785,"Paul Turner","PHI","WR",23,0,4,0,0,0,NA,160,0,9,0,NA,NA,NA,NA,NA,NA,NA
2556851,"Keyarris Garrett","FA","WR",24,0,NA,0,0,0,0,160,NA,9,0,NA,NA,NA,2.6402755254617,NA,NA,NA
2556854,"Devon Johnson","CAR","RB",23,0,7,0,0,0,NA,116,NA,6,0,NA,NA,NA,NA,NA,NA,NA
2555316,"Paxton Lynch","DEN","QB",22,0,11,-0.937,-1.7394,-0.1346,1.41845620306021,102,0.344,12,1.6048,NA,31.7,1.2,3.36323744674745,NA,NA,NA
497123,"Colt McCoy","WAS","QB",30,6,9,-1.254,-2.3638,-0.1542,1.95302892963724,103,0.054,12,2.2096,NA,NA,NA,7.14003171671486,NA,NA,NA
2506546,"Derek Anderson","CAR","QB",33,11,7,-1.308,-2.4376,-0.1784,1.99686955007081,104,NA,12,2.2592,NA,30.7,1.5,4.36647101037056,NA,NA,NA
