"playerId","player","team","position","age","exp","bye","points","lower","upper","sdPts","positionRank","dropoff","tier","ptSpread","overallECR","positionECR","sdRank","risk","sleeper","actualPoints","salary"
2558125,"Patrick Mahomes","KC","QB",NA,3,NA,26.39362,23.90534,28.146,2.21183817717301,1,3.3951,1,4.24066,NA,2.5,1.3,5.4065410592515,NA,NA,NA
2560757,"Lamar Jackson","BAL","QB",23,2,NA,23.01927,20.96025,24.51356,1.90668804199848,2,0.239424999999997,2,3.55331,NA,3.3,0.7,4.66447376906288,NA,NA,NA
2555260,"Dak Prescott","DAL","QB",27,4,NA,22.97777,22.06175,23.53,0.833650999819468,3,0.683815000000003,2,1.46825,NA,3.8,0.7,3.55097053069482,NA,NA,NA
2532975,"Russell Wilson","SEA","QB",32,8,NA,22.58192,20.7096,24.11144,1.91563243655979,4,1.00274,2,3.40184,NA,1.2,0.4,4.46105078146897,NA,NA,NA
2558063,"Deshaun Watson","HOU","QB",25,3,NA,22.00599,20.89353,22.708,0.983386178212811,5,1.052185,2,1.81447,NA,8,1.8,4.48626970033407,NA,NA,NA
2560955,"Josh Allen","BUF","QB",24,2,NA,21.15237,20.16876,22.3449,1.16353390990551,6,0.86731,3,2.17614,NA,4.2,1.2,4.247801750232,NA,NA,NA
2562382,"Kyler Murray","ARI","QB",50,1,NA,20.75524,18.25188,22.47,2.26641944220394,7,2.014795,3,4.21812,NA,6,0,4.5414603533038,NA,NA,NA
310,"Matt Ryan","ATL","QB",35,12,NA,19.81488,17.48336,21.65,2.15325090781358,8,2.499115,3,4.16664,NA,7.7,0.5,4.77853184526783,NA,NA,NA
2504775,"Drew Brees","NO","QB",41,19,NA,17.66601,17.198,18.28908,0.623396282873102,9,0.894500000000001,4,1.09108,NA,13.2,3.6,5.38893207549498,NA,NA,NA
2558019,"Alvin Kamara","NO","RB",24,3,NA,17.58025,16.5582,18.44,0.981420462900586,1,1.150025,1,1.8818,NA,4.7,3.7,4.70520744417909,NA,NA,NA
2564271,"Clyde Edwards-Helaire","KC","RB",50,0,NA,17.13275,16.2283,18.041,1.04191022485945,2,1.5838,1,1.8127,NA,5.3,1.1,4.10484891196034,NA,NA,NA
2555334,"Jared Goff","LAR","QB",26,4,NA,16.96552,15.954,17.91104,0.994704153002289,10,0.411474999999999,4,1.95704,NA,12.2,3,5.34883326348312,NA,NA,NA
2506109,"Ben Roethlisberger","PIT","QB",38,16,NA,16.5775,14.9258,17.75,1.6702727322207,11,0.472204999999999,4,2.8242,NA,14.3,6.8,8.7441382017533,NA,NA,NA
2543465,"Teddy Bridgewater","CAR","QB",28,6,NA,16.53059,14.63685,17.69328,2.02616337334875,12,0.888506666666666,4,3.05643,NA,15.7,4.2,7.27000947080874,NA,NA,NA
2555224,"Ezekiel Elliott","DAL","RB",25,4,NA,15.7277,15.32,16.3968,0.596245503127696,3,0.399749999999999,2,1.0768,NA,2.3,1.9,3.60799035347727,NA,NA,NA
2562796,"Gardner Minshew","JAC","QB",50,1,NA,15.68,14.48,17,1.47986485869487,13,0.380281666666667,5,2.52,NA,11.5,2.5,5.49778245031267,NA,NA,NA
2565045,"Justin Herbert","LAC","QB",50,0,NA,15.6041666666667,14.61,16.7032666666667,1.13256449411649,14,0.636265,5,2.09326666666667,NA,16.7,3,5.49189257107371,NA,NA,NA
2557991,"Dalvin Cook","MIN","RB",25,3,NA,15.3702,15.2636,15.465,0.117771813266163,4,0.4937,2,0.201399999999998,NA,2.5,0.5,2.46908223374613,NA,NA,NA
2556075,"Derrick Henry","TEN","RB",26,4,NA,15.2857,15.1807,15.4564,0.185703931030014,5,0.87805,3,0.275699999999997,NA,17.7,22.2,8.39394950274048,NA,NA,NA
2504211,"Tom Brady","TB","QB",43,20,NA,14.99527,13.92985,16.15864,1.11279768579019,15,0.170120000000001,5,2.22879,NA,15.7,3.1,5.54228188402425,NA,NA,NA
2532956,"Ryan Tannehill","TEN","QB",32,8,NA,14.9405333333333,14.07846,15.5950333333333,0.933849585794677,16,0.272983333333331,5,1.51657333333333,NA,19,5.1,6.77461660068812,NA,NA,NA
2562299,"Daniel Jones","NYG","QB",50,1,NA,14.7097666666667,14.086,15.40428,0.719472921272541,17,0.219650000000003,5,1.31828,NA,17.3,3,5.06322255687717,NA,NA,NA
2532820,"Kirk Cousins","MIN","QB",32,8,NA,14.6253333333333,13.04,16.5632,1.96694551695431,18,0.374023333333334,5,3.5232,NA,13.8,4.2,7.20855840036804,NA,NA,NA
2562377,"Josh Jacobs","LVR","RB",50,1,NA,14.4673,13.4786,15.08,0.874366313395021,6,0.165633333333334,4,1.6014,NA,5.5,1.9,4.05187669648539,NA,NA,NA
2506121,"Philip Rivers","IND","QB",39,16,NA,14.3549,14.0955,14.56222,0.276129269244195,19,0.356573333333332,6,0.466719999999999,NA,22,2.7,4.39045491037937,NA,NA,NA
2553439,"Mike Davis","CAR","RB",27,5,NA,14.348,12.5343,15.5761,1.94676774851718,7,0.155208333333334,4,3.0418,NA,19.3,15.6,9.43558498300014,NA,NA,NA
2564148,"Jonathan Taylor","IND","RB",50,0,NA,14.2553333333333,13.0504,15.476,1.31339526080731,8,0.359333333333332,4,2.4256,NA,5.7,2.1,4.80618342529802,NA,NA,NA
2556214,"Tyreek Hill","KC","WR",26,4,NA,14.199,12.8252,15.21,1.23784813284991,1,1.323125,1,2.3848,NA,1.8,0.7,3.97283128883625,NA,NA,NA
2543499,"Derek Carr","LVR","QB",29,6,NA,14.14772,12.7442,15.55464,1.43176373469927,20,0.474548333333333,6,2.81044,NA,23,1.2,4.52614701399683,NA,NA,NA
2552475,"Todd Gurley","ATL","RB",26,5,NA,14.13025,13.5246,14.49,0.553232659014272,9,0.595208333333334,4,0.965400000000002,NA,16.5,3.7,4.02181119560249,NA,NA,NA
2563722,"Joe Burrow","CIN","QB",50,0,NA,13.8489333333333,12.6910333333333,14.55798,1.26699191262875,21,0.553644999999999,6,1.86694666666667,NA,13.3,2.6,5.34778323866448,NA,NA,NA
100027,"Steelers","PIT","DST",NA,NA,NA,13.7326666666667,12.138,14.84,1.54863811137399,1,1.19933333333333,1,2.702,NA,NA,NA,5.82220687128564,NA,NA,NA
2557978,"James Conner","PIT","RB",25,3,NA,13.66175,13.1431,13.979,0.562807471521123,10,0.469033333333334,5,0.835899999999999,NA,13,1.9,3.55462259019136,NA,NA,NA
2506581,"Ryan Fitzpatrick","MIA","QB",38,15,NA,13.49741,12.27,14.85507,1.32519863246987,22,1.11190166666667,6,2.58507,NA,15.5,5,7.10982257425381,NA,NA,NA
2564223,"James Robinson","JAC","RB",50,0,NA,13.4083333333333,12.672,14.436,1.27018043337682,11,0.528658333333334,5,1.764,NA,9,1,4.44236880359769,NA,NA,NA
2560854,"Calvin Ridley","ATL","WR",26,2,NA,13.25305,12.30205,13.77,0.941489352037505,2,0.83215,1,1.46795,NA,8,7.5,4.85258646985991,NA,NA,NA
2560800,"Baker Mayfield","CLE","QB",25,2,NA,13.0931666666667,12.329,13.8402666666667,0.854206779545926,23,1.47864166666667,7,1.51126666666667,NA,19,4.5,6.26656093466923,NA,NA,NA
2558865,"Chris Carson","SEA","RB",26,3,NA,12.9771,12.2116,13.39,0.765937203692313,12,0.355550000000001,5,1.1784,NA,8,2.1,3.93242948114141,NA,NA,NA
2543715,"Jerick McKinnon","SF","RB",28,6,NA,12.78225,11.8226,13.3721,1.02151183913844,13,0.435725,6,1.5495,NA,19.3,3.3,4.66197847855118,NA,NA,NA
100021,"Patriots","NE","DST",NA,NA,NA,12.6493333333333,11.352,13.408,1.24689480978416,2,0.543333333333331,1,2.056,NA,NA,NA,5.04559668026574,NA,NA,NA
2552430,"Tyler Lockett","SEA","WR",28,5,NA,12.4987,11.4439,13.42,1.12691046671863,3,0.211550000000001,2,1.9761,NA,7.3,3,4.25107061453437,NA,NA,NA
2557917,"Kareem Hunt","CLE","RB",25,3,NA,12.46085,11.84,13.0233,0.599748791161766,14,0.297708333333334,6,1.1833,NA,15,6.5,4.84656106200841,NA,NA,NA
100017,"Rams","LAR","DST",NA,NA,NA,12.4173333333333,11.6453333333333,12.908,0.682846981394807,3,0.82625,2,1.26266666666667,NA,NA,NA,3.59388163160741,NA,NA,NA
2540165,"DeAndre Hopkins","ARI","WR",28,7,NA,12.3431,10.8003,14.024,1.88847472845151,4,0.128425,2,3.2237,NA,1.3,0.5,5.10643395869819,NA,NA,NA
2540258,"Travis Kelce","KC","TE",31,7,NA,12.253,10.6358,13.6968,1.61780854862372,1,1.1937,1,3.061,NA,1.7,0.5,6.13908738041303,NA,NA,NA
2557976,"Joe Mixon","CIN","RB",24,3,NA,12.2322,11.5183,12.676,0.631624552246031,15,0.504033333333332,6,1.1577,NA,11.7,4.5,4.36135741431597,NA,NA,NA
2552487,"Amari Cooper","DAL","WR",26,5,NA,12.2312,10.7124,13.934,1.83405757815833,5,0.328666666666667,2,3.2216,NA,8.7,3.7,5.6740540387146,NA,NA,NA
2541785,"Adam Thielen","MIN","WR",30,6,NA,12.19815,11.2797,13.2605,1.05317077200234,6,0.790591666666666,2,1.9808,NA,5.5,1.3,3.76410862890748,NA,NA,NA
2553435,"David Johnson","HOU","RB",29,5,NA,12.0940833333333,10.986,13.5353,1.44878524786955,16,0.783483333333333,6,2.5493,NA,14.3,4.9,5.77277773120927,NA,NA,NA
2558266,"George Kittle","SF","TE",27,3,NA,11.8031,9.455,14.0938,2.40533452455163,2,2.60365,1,4.6388,NA,1.3,0.5,7.92045862906298,NA,NA,NA
100002,"Ravens","BAL","DST",NA,NA,NA,11.7946666666667,7.81866666666667,11.7786666666667,2.11205744871362,4,0.473583333333334,3,3.96,NA,NA,NA,7.27230434450283,NA,NA,NA
2555259,"Carson Wentz","PHI","QB",28,4,NA,11.67785,10.7989,12.7742,1.07008772420769,24,0.7485,8,1.9753,NA,20.2,3.2,5.56886281530209,NA,NA,NA
2562685,"DK Metcalf","SEA","WR",50,1,NA,11.6069166666667,10.1649666666667,13.178,1.75868265882292,7,0.574741666666666,2,3.01303333333333,NA,NA,NA,7.92845798999504,NA,NA,NA
2532842,"Nick Foles","CHI","QB",31,8,NA,11.5512,10.2063,12.57706,1.45732321740923,25,1.43053333333333,8,2.37076,NA,23.3,3,5.82889854184655,NA,NA,NA
100029,"49ers","SF","DST",NA,NA,NA,11.3875,9.767,12.57,1.63632464179127,5,1.68683333333333,4,2.803,NA,NA,NA,6.04788960484903,NA,NA,NA
2555230,"Kenyan Drake","ARI","RB",NA,4,NA,11.36225,10.976,11.9375,0.591684811928333,17,0.112024999999999,7,0.961500000000003,NA,13.3,6.5,4.83369079081733,NA,NA,NA
2553728,"Raheem Mostert","SF","RB",NA,NA,NA,11.25895,7.9496,13.27,3.27267649638641,18,0.111775,7,5.3204,NA,NA,NA,13.2384889914714,NA,NA,NA
100026,"Cardinals","ARI","DST",NA,NA,NA,11.2546666666667,7.944,12.0666666666667,2.25552359035916,6,3.458,4,4.12266666666667,NA,NA,NA,7.64154955087922,NA,NA,NA
2562722,"Miles Sanders","PHI","RB",50,1,NA,11.2415,10.759,11.9532,0.730330290576348,19,0.2852,7,1.1942,NA,16.2,5.3,4.73332493370294,NA,NA,NA
2552608,"Stefon Diggs","BUF","WR",27,5,NA,11.2082,10.3587,11.66,0.905859577970008,8,0.474300000000003,3,1.3013,NA,7.7,2.7,3.78935856331906,NA,NA,NA
2552469,"Melvin Gordon","DEN","RB",27,5,NA,11.05285,10.75995,11.5306,0.518741493906165,20,0.865724999999998,7,0.77065,NA,18,1.4,3.3502729147221,NA,NA,NA
2562734,"Devin Singletary","BUF","RB",50,1,NA,10.85975,10.0846,11.3427,0.844808607516125,21,1.44875,7,1.2581,NA,16.7,4.4,4.67479950541564,NA,NA,NA
2557898,"Cooper Kupp","LAR","WR",27,3,NA,10.85615,9.59345,12.17,1.3584829728414,9,0.276866666666667,3,2.57655,NA,12.8,2.4,4.5444996465257,NA,NA,NA
2556462,"Robby Anderson","CAR","WR",27,4,NA,10.61165,8.36495,12.836,2.30489096542548,10,0.0706916666666668,3,4.47105,NA,21.5,5.4,6.87828357661199,NA,NA,NA
2540154,"Keenan Allen","LAC","WR",28,7,NA,10.5469166666667,10.3070666666667,10.9403,0.429215595916292,11,0.135491666666665,3,0.633233333333333,NA,16.2,2.8,2.94920967461498,NA,NA,NA
2543468,"Mike Evans","TB","WR",27,6,NA,10.535,9.218,11.98,1.53656272244253,12,0.322025,3,2.762,NA,11.4,5.8,5.57369683376965,NA,NA,NA
2560957,"Mark Andrews","BAL","TE",24,2,NA,10.3155,8.821,11.52,1.44355940300356,3,2.3699,2,2.699,NA,3,0,5.47777967392448,NA,NA,NA
2561036,"Sam Darnold","NYJ","QB",23,2,NA,10.3075,7.9684,12.513,2.51316248314085,26,0.906483333333334,8,4.5446,NA,24.8,3.7,7.42086639133039,NA,NA,NA
2543509,"Allen Robinson","CHI","WR",27,6,NA,10.28785,8.7122,12.07,1.85466868335021,13,0.155775,3,3.3578,NA,7.8,3.6,5.69047393983304,NA,NA,NA
2555346,"Will Fuller","HOU","WR",26,4,NA,10.1381,7.4059,12.69,2.71859790149261,14,0.0425333333333349,3,5.2841,NA,20.8,8.7,8.3122827047987,NA,NA,NA
2562489,"Terry McLaurin","WAS","WR",50,1,NA,10.12605,9.69615,10.404,0.38040999263952,15,0.0668416666666669,4,0.707849999999999,NA,13.8,4.9,3.29805812243943,NA,NA,NA
2558149,"JuJu Smith-Schuster","PIT","WR",24,3,NA,10.0650833333333,9.2399,10.697,0.82942619054112,16,0.0296666666666674,4,1.4571,NA,19.7,4.9,4.10911293202302,NA,NA,NA
2562736,"Darius Slayton","NYG","WR",NA,1,NA,10.0533333333333,9.394,10.778,0.876489208908663,17,0.100958333333333,4,1.384,NA,29.3,6.1,4.44384005594843,NA,NA,NA
2543496,"Odell Beckham","CLE","WR",28,6,NA,10.0175,9.57,10.437,0.432268724290805,18,0.197416666666667,4,0.867000000000001,NA,17.8,4.7,3.35011059845419,NA,NA,NA
2562660,"Dwayne Haskins","WAS","QB",50,1,NA,9.93383333333333,8.95593333333333,11.5388,1.75143931287004,27,1.39818333333333,9,2.58286666666667,NA,25.7,1.9,5.35418909219194,NA,NA,NA
2540169,"Robert Woods","LAR","WR",28,7,NA,9.88725,9.38995,10.18,0.454927398053799,19,0.340833333333332,4,0.790049999999999,NA,14.2,3,3.03727230982646,NA,NA,NA
2560813,"D.J. Moore","CAR","WR",23,2,NA,9.75291666666667,8.43216666666667,10.762,1.3686370450602,20,0.430875,4,2.32983333333333,NA,18.7,1.6,4.39636252672111,NA,NA,NA
2562574,"Darrell Henderson","LAR","RB",50,1,NA,9.5145,8.559,10.3864,0.987009456219477,22,0.217333333333332,8,1.8274,NA,25.7,9.7,6.32236157712816,NA,NA,NA
2495454,"Julio Jones","ATL","WR",31,9,NA,9.33991666666667,6.3811,11.87,3.04975081404658,21,0.0934583333333343,4,5.4889,NA,21.4,13.1,9.82607280943356,NA,NA,NA
2562502,"David Montgomery","CHI","RB",50,1,NA,9.3075,8.363,10.4216,1.14329305079669,23,0.0395000000000003,8,2.0586,NA,18.7,3.4,4.88314761351779,NA,NA,NA
2561018,"D.J. Chark","JAC","WR",24,2,NA,9.30416666666667,8.73266666666667,9.767,0.578102739811686,22,0.11725,5,1.03433333333333,NA,20.7,4.9,3.65514914535374,NA,NA,NA
2495466,"Mark Ingram","BAL","RB",31,9,NA,9.28683333333333,8.846,9.8866,0.604244523719036,24,0.384333333333334,8,1.0406,NA,18,5.7,4.63930514209261,NA,NA,NA
2560770,"Ronald Jones","TB","RB",23,2,NA,9.24916666666667,8.4407,9.7783,0.840333994446389,25,0.822791666666667,8,1.3376,NA,19.3,4.7,4.74806963341285,NA,NA,NA
2562379,"Marquise Brown","BAL","WR",50,1,NA,9.18875,7.8245,10.054,1.4294309765311,23,0.102333333333332,5,2.2295,NA,17,5.3,5.2761365441011,NA,NA,NA
2563848,"CeeDee Lamb","DAL","WR",50,0,NA,9.18508333333333,8.5402,9.60603333333333,0.699078301924914,24,0.212166666666665,5,1.06583333333333,NA,20.7,4.7,3.8320468675563,NA,NA,NA
2560735,"Michael Gallup","DAL","WR",24,2,NA,8.98775,7.5883,9.997,1.41197506469956,25,0.075308333333334,5,2.4087,NA,21,5.6,5.30703543393614,NA,NA,NA
2564556,"Justin Jefferson","MIN","WR",50,0,NA,8.95808333333333,8.3313,9.434,0.630031061844484,26,0.0984333333333325,5,1.1027,NA,32.5,10.8,4.97672473500942,NA,NA,NA
2543801,"Jimmy Garoppolo","SF","QB",29,6,NA,8.8682,7.93916,9.9798,1.21894715225887,28,2.59098333333333,9,2.04064,NA,NA,NA,5.30777824162593,NA,NA,NA
2555466,"Tyler Boyd","CIN","WR",26,4,NA,8.8668,8.1574,9.32,0.627318659056146,27,0.122675000000001,5,1.1626,NA,26.7,2.5,3.24461246741609,NA,NA,NA
2552415,"Jamison Crowder","NYJ","WR",27,5,NA,8.8525,7.731,9.78,1.14185156653569,28,0.2325,5,2.049,NA,46.3,11.1,5.96365190450581,NA,NA,NA
2552409,"DeVante Parker","MIA","WR",27,5,NA,8.63575,8.0241,9.548,0.989009057929536,29,0.221375000000002,5,1.5239,NA,18.5,4.3,4.27250758438942,NA,NA,NA
238498,"Julian Edelman","NE","WR",34,11,NA,8.60425,8.273,9.0177,0.417250024965049,30,0.440000000000001,6,0.744700000000002,NA,31.8,5.4,3.46865098277214,NA,NA,NA
2565276,"Antonio Gibson","WAS","RB",50,0,NA,8.55583333333333,8.24,8.9494,0.397715839373904,26,0.331041666666666,9,0.7094,NA,23.2,3.7,3.77360325934607,NA,NA,NA
2562270,"Myles Gaskin","MIA","RB",50,1,NA,8.29691666666667,7.4721,8.8682,0.867952523663208,27,0.325666666666666,9,1.3961,NA,28.5,5.3,4.95297275402541,NA,NA,NA
2562721,"Deebo Samuel","SF","WR",50,1,NA,8.2245,7.5308,8.727,0.699673495281906,31,0.141291666666667,6,1.1962,NA,53.2,13.6,5.6851935965372,NA,NA,NA
81294,"Brian Hoyer","NE","QB",35,11,NA,8.2031,5.67272,10.679,2.68583812617216,29,3.97406666666667,9,5.00628,NA,25.7,2.6,6.82013674690737,NA,NA,NA
2565054,"Joshua Kelley","LAC","RB",50,0,NA,8.15266666666667,6.519,10.2028666666667,2.06795594193343,28,0.417791666666666,9,3.68386666666667,NA,23.2,5.4,6.89500596882517,NA,NA,NA
100031,"Buccaneers","TB","DST",NA,NA,NA,8.14666666666667,8.3,9.96,0.897403662424737,7,0.869583333333333,5,1.66,NA,NA,NA,4.14609572935646,NA,NA,NA
2532865,"T.Y. Hilton","IND","WR",31,8,NA,8.104,8.0018,8.207,0.116721891691319,32,0.132708333333332,7,0.205200000000001,NA,28,5.9,3.02985809134711,NA,NA,NA
2552408,"Darren Waller","LVR","TE",28,5,NA,8.0834,7.36,8.8242,0.858552735712839,4,0.309900000000001,3,1.4642,NA,4.3,0.7,4.52852635420336,NA,NA,NA
2563896,"Jerry Jeudy","DEN","WR",50,0,NA,8.06241666666667,7.469,8.80056666666667,0.744913883911721,33,0.2875,7,1.33156666666667,NA,35.7,5,3.97726873884947,NA,NA,NA
2560878,"Tre'Quan Smith","NO","WR",NA,2,NA,7.88016666666667,7.18866666666667,8.3558,0.728651799177388,34,0.265333333333334,7,1.16713333333333,NA,44.2,9.6,4.90514515741138,NA,NA,NA
2558207,"Jonnu Smith","TEN","TE",25,3,NA,7.8078,6.5914,9.18,1.46272492287511,5,0.251449999999998,3,2.5886,NA,13.7,5.7,8.56674331334857,NA,NA,NA
2539265,"Rex Burkhead","NE","RB",30,7,NA,7.78983333333333,7.132,8.7778,1.04939617558543,29,0.116541666666667,9,1.6458,NA,35,1.8,4.30442393681755,NA,NA,NA
2555341,"Hunter Henry","LAC","TE",26,4,NA,7.7392,7.08,8.2996,0.728637907331207,6,0.432549999999999,3,1.2196,NA,7,1.9,4.87584245234336,NA,NA,NA
2543583,"Devonta Freeman","FA","RB",28,6,NA,7.67991666666667,7.126,8.47536666666667,0.808994454726222,30,0.0221250000000008,10,1.34936666666667,NA,41,14.6,7.35163718590554,NA,NA,NA
2543457,"Sammy Watkins","KC","WR",27,6,NA,7.66966666666667,6.67526666666667,8.489,1.00722798919719,35,0.111124999999999,7,1.81373333333333,NA,42.8,8.7,5.22104723304846,NA,NA,NA
2562281,"Damien Harris","NE","RB",50,1,NA,7.66666666666667,5.816,9.124,1.92138260404093,31,0.0547083333333331,10,3.308,NA,42.5,21.7,11.0301076759836,NA,NA,NA
2541161,"Latavius Murray","NO","RB",30,7,NA,7.64891666666667,7.0771,8.088,0.574950650056159,32,0.13725,10,1.0109,NA,30.2,3.5,4.00286574150365,NA,NA,NA
2552382,"Malcolm Brown","LAR","RB",27,5,NA,7.575,6.9196,8.2708,0.849017667660691,33,0.308333333333334,10,1.3512,NA,26.8,5.4,4.94955624717549,NA,NA,NA
2562238,"A.J. Brown","TEN","WR",NA,1,NA,7.56,6.9724,8.1916,0.767931637582409,36,0.0625416666666663,8,1.2192,NA,NA,NA,4.34928474576802,NA,NA,NA
2543847,"John Brown","BUF","WR",30,6,NA,7.55708333333333,6.9081,8.038,0.653935288167806,37,0.144541666666667,8,1.1299,NA,34.7,1.6,3.10540175502874,NA,NA,NA
2540175,"LeVeon Bell","NYJ","RB",28,7,NA,7.44833333333333,5.532,8.824,2.36718362898473,34,0.522833333333333,10,3.292,NA,29,6,7.53340270569314,NA,NA,NA
100022,"Saints","NO","DST",NA,NA,NA,7.44666666666667,6.528,8.116,0.825065653953268,8,0.394583333333333,6,1.588,NA,NA,NA,3.95991617116566,NA,NA,NA
2556370,"Michael Thomas","NO","WR",26,4,NA,7.43783333333333,6.6536,8.35233333333333,0.978843365065797,38,0.15025,8,1.69873333333333,NA,NA,NA,5.11122149447513,NA,NA,NA
2558066,"Curtis Samuel","CAR","WR",24,3,NA,7.38725,6.0705,8.485,1.33499347688793,39,0.276541666666668,8,2.4145,NA,46.8,5.8,5.20960371901074,NA,NA,NA
2540158,"Zach Ertz","PHI","TE",30,7,NA,7.3735,7.07,7.7065,0.344309090789076,7,0.199800000000002,4,0.6365,NA,5.5,1.6,3.84620142982435,NA,NA,NA
2560747,"Hayden Hurst","ATL","TE",27,2,NA,7.2398,5.8916,8.84,1.72453767717612,8,0.173100000000001,4,2.9484,NA,9.3,1.9,7.12855191306754,NA,NA,NA
2543488,"Jarvis Landry","CLE","WR",28,6,NA,7.18791666666667,6.787,7.5805,0.44256277018696,40,0.168208333333333,8,0.793500000000001,NA,32,5.3,3.493563423307,NA,NA,NA
2560866,"Dalton Schultz","DAL","TE",24,2,NA,7.1076,5.3088,8.93,2.08304555879126,9,0.370099999999999,4,3.6212,NA,12,1.6,7.77919570271652,NA,NA,NA
100008,"Cowboys","DAL","DST",NA,NA,NA,7.1075,5.541,8.14,1.64100325004756,9,0.190416666666666,6,2.599,NA,NA,NA,6.05993114755265,NA,NA,NA
2563327,"D'Ernest Johnson","CLE","RB",NA,1,NA,7.085,6.625,7.545,0.81317279836453,35,0.488000000000001,10,0.92,NA,NA,NA,5.38765538372727,NA,NA,NA
2535698,"Cole Beasley","BUF","WR",31,8,NA,7.0335,6.3712,7.521,0.667439635223041,41,0.109624999999999,8,1.1498,NA,52.3,2.4,3.29627291166547,NA,NA,NA
2558832,"Mo Alie-Cox","IND","TE",27,4,NA,7.0258,5.1196,9.07,2.10172505337877,10,0.709075,4,3.9504,NA,16.7,3.4,8.78322048737092,NA,NA,NA
497326,"Golden Tate","NYG","WR",32,10,NA,7.00591666666667,6.706,7.37456666666667,0.372645236414237,42,0.21975,8,0.668566666666667,NA,41,5.9,3.49213063428047,NA,NA,NA
100025,"Eagles","PHI","DST",NA,NA,NA,6.99666666666667,6.01666666666667,8.28,1.23807646505914,10,0.217916666666667,6,2.26333333333333,NA,NA,NA,5.0229005132082,NA,NA,NA
497322,"Emmanuel Sanders","NO","WR",33,10,NA,6.84183333333333,6.2882,7.33,0.611602721453142,43,0.119083333333333,9,1.0418,NA,44.8,3.3,3.38270322877929,NA,NA,NA
100012,"Titans","TEN","DST",NA,NA,NA,6.8375,6.545,7,0.325,11,0.1585,6,0.455,NA,NA,NA,2.67287489802735,NA,NA,NA
2563617,"Zack Moss","BUF","RB",50,0,NA,6.766,6.3524,7.154,0.447577181426102,36,0.40525,11,0.801600000000001,NA,40.8,8.2,5.0593584440101,NA,NA,NA
2565093,"Brandon Aiyuk","SF","WR",50,0,NA,6.7305,5.6632,7.787,1.21791885334505,44,0.135124999999999,9,2.1238,NA,39.5,6.8,5.20623058404172,NA,NA,NA
100014,"Colts","IND","DST",NA,NA,NA,6.72,6.24,9.94,2.67338736437502,12,0.101000000000001,6,3.7,NA,NA,NA,8.71702417997265,NA,NA,NA
2562865,"Scott Miller","TB","WR",50,1,NA,6.715,6.356,7.208,0.606403331125415,45,0.289291666666667,9,0.851999999999999,NA,55.5,2.1,3.12359408261724,NA,NA,NA
100016,"Chiefs","KC","DST",NA,NA,NA,6.638,6.274,9.28,1.91578182473892,13,0.0416666666666661,6,3.006,NA,NA,NA,6.76714101850881,NA,NA,NA
100001,"Falcons","ATL","DST",NA,NA,NA,6.6,6.06,7.14,0.636396103067893,14,0.0186666666666673,7,1.08,NA,NA,NA,3.47432893466123,NA,NA,NA
100030,"Seahawks","SEA","DST",NA,NA,NA,6.59266666666667,5.874,7.04,0.644810049549478,15,0.0772500000000003,7,1.166,NA,NA,NA,3.49598428392621,NA,NA,NA
100015,"Jaguars","JAC","DST",NA,NA,NA,6.57,6.546,8.97,1.42253295216666,16,0.11625,7,2.424,NA,NA,NA,5.49764439959332,NA,NA,NA
2562712,"Hunter Renfrow","LVR","WR",50,1,NA,6.47575,6.067,6.7079,0.450576205171408,46,0.189583333333332,9,0.6409,NA,43.8,6.6,3.77856535225536,NA,NA,NA
100020,"Vikings","MIN","DST",NA,NA,NA,6.46083333333333,5.869,7.02,0.643637665495459,17,0.040166666666666,7,1.151,NA,NA,NA,3.49296686680595,NA,NA,NA
2555364,"Tyler Higbee","LAR","TE",27,4,NA,6.4492,5.9744,6.72,0.44308373926381,11,0.438825000000001,5,0.7456,NA,7.3,1.6,4.0696281157582,NA,NA,NA
100024,"Jets","NYJ","DST",NA,NA,NA,6.44666666666667,5.888,6.816,0.499065793925677,18,0.144333333333334,7,0.928000000000001,NA,NA,NA,3.12087579401544,NA,NA,NA
2558112,"Brian Hill","ATL","RB",25,3,NA,6.428,5.53,6.934,0.994722071736624,37,0.361791666666666,11,1.404,NA,43,3.7,4.72643707635468,NA,NA,NA
100019,"Dolphins","MIA","DST",NA,NA,NA,6.39466666666667,5.03066666666667,7.204,1.23049583501936,19,0.185916666666667,7,2.17333333333333,NA,NA,NA,5.00338990762981,NA,NA,NA
2560781,"Christian Kirk","ARI","WR",24,2,NA,6.37566666666667,5.21906666666667,7.29,1.1658596256268,47,0.190833333333334,9,2.07093333333333,NA,58.3,7.1,5.17462574704327,NA,NA,NA
2543773,"James White","NE","RB",28,6,NA,6.2935,6.1567,6.4731,0.194594450075021,38,0.535583333333334,12,0.3164,NA,38,3.7,3.44941748340235,NA,NA,NA
100004,"Panthers","CAR","DST",NA,NA,NA,6.21,1.77,7.37,3.62621933515703,20,0.0782499999999997,7,5.6,NA,NA,NA,11.1693703130601,NA,NA,NA
100013,"Texans","HOU","DST",NA,NA,NA,6.2075,5.049,7,1.18133751880372,21,0.1915,7,1.951,NA,NA,NA,4.87686895705593,NA,NA,NA
2558877,"Zach Pascal","IND","WR",26,3,NA,6.19666666666667,5.885,6.487,0.336352989184477,48,0.0311250000000003,10,0.601999999999999,NA,55.3,11.2,4.5294952663794,NA,NA,NA
2557858,"Evan Engram","NYG","TE",26,3,NA,6.18425,5.519,6.9745,0.807716689192442,12,0.515499999999999,5,1.4555,NA,10.5,1.6,4.89442205674276,NA,NA,NA
2560920,"James Washington","PIT","WR",24,2,NA,6.173,5.6126,6.647,0.574127744205648,49,0.0212083333333322,10,1.0344,NA,80,5,3.66877893232097,NA,NA,NA
2562674,"Diontae Johnson","PIT","WR",NA,1,NA,6.15808333333333,4.2803,7.907,2.03478069388871,50,0.0279999999999996,10,3.6267,NA,23.3,5.2,6.3487656999471,NA,NA,NA
2495450,"A.J. Green","CIN","WR",32,9,NA,6.1455,5.413,7.0744,0.935699916283706,51,0.0582500000000001,10,1.6614,NA,34,8.3,5.00860740190461,NA,NA,NA
2564232,"Laviska Shenault","JAC","WR",50,0,NA,6.11466666666667,4.8952,7.276,1.49331354153551,52,0.0893333333333333,10,2.3808,NA,NA,NA,6.96978923863712,NA,NA,NA
2561061,"Russell Gage","ATL","WR",24,2,NA,6.05983333333333,5.66453333333333,6.463,0.465813625104862,53,0.0830833333333336,10,0.798466666666666,NA,38.5,8.3,4.159855089184,NA,NA,NA
100007,"Browns","CLE","DST",NA,NA,NA,6.056,5.864,6.22,0.195140974682407,22,0.0989999999999993,8,0.355999999999999,NA,NA,NA,2.3386509337299,NA,NA,NA
2558105,"Chris Godwin","TB","WR",24,3,NA,5.99083333333333,5.097,7.42933333333333,1.56807826477011,54,0.0287500000000005,10,2.33233333333333,NA,NA,NA,7.23988322923252,NA,NA,NA
100032,"Redskins","WAS","DST",NA,NA,NA,5.976,5.444,6.3,0.472525131606775,23,0.179333333333333,8,0.856000000000001,NA,NA,NA,3.05256690787057,NA,NA,NA
2557848,"Corey Davis","TEN","WR",25,3,NA,5.96266666666667,5.6,6.57386666666667,0.657829427401629,55,0.0263333333333327,10,0.973866666666667,NA,49,12.3,5.3390836326234,NA,NA,NA
2562580,"Mecole Hardman","KC","WR",50,1,NA,5.9615,4.0964,7.385,1.87460760338442,56,0.0594583333333327,10,3.2886,NA,48.2,7.6,6.55888121751539,NA,NA,NA
100003,"Bills","BUF","DST",NA,NA,NA,5.938,5.224,6.486,0.774222190330398,24,0.647833333333335,8,1.262,NA,NA,NA,3.82905808156358,NA,NA,NA
2562659,"N'Keal Harry","NE","WR",50,1,NA,5.91116666666667,5.643,6.3336,0.442970904487216,57,0.0416666666666661,10,0.6906,NA,50.3,4,3.2237733159021,NA,NA,NA
2543498,"Brandin Cooks","HOU","WR",27,6,NA,5.89291666666667,5.53336666666667,6.2,0.370409720594791,58,0.0575416666666664,10,0.666633333333334,NA,36.7,6.2,3.55052201870049,NA,NA,NA
2495448,"Randall Cobb","HOU","WR",30,9,NA,5.84608333333333,5.28833333333333,6.2247,0.604215952012744,59,0.0389999999999997,10,0.936366666666666,NA,52.8,6.6,4.05608374958983,NA,NA,NA
2552461,"Duke Johnson","HOU","RB",27,5,NA,5.83891666666667,5.683,6.1129,0.302771320012682,39,0.212416666666667,13,0.4299,NA,49.5,5.6,4.13134401503663,NA,NA,NA
2543466,"Eric Ebron","PIT","TE",27,6,NA,5.8365,5.217,6.4932,0.686737941284738,13,0.339624999999999,6,1.2762,NA,15,5.1,6.49088239840757,NA,NA,NA
2558846,"Mike Williams","LAC","WR",26,3,NA,5.82466666666667,4.2112,7.4,1.99470933555075,60,0.131291666666668,10,3.1888,NA,NA,NA,8.78112465210996,NA,NA,NA
2559153,"Keelan Cole","JAC","WR",27,3,NA,5.7895,5.2602,6.28,0.571891306689188,61,0.341666666666667,10,1.0198,NA,52.2,13.3,5.39195214437505,NA,NA,NA
2559947,"Phillip Lindsay","DEN","RB",26,2,NA,5.67691666666667,3.8251,7.04,1.86348580920572,40,0.128791666666667,13,3.2149,NA,NA,NA,8.74029628066714,NA,NA,NA
100023,"Giants","NYG","DST",NA,NA,NA,5.65533333333333,4.46133333333333,6.37333333333333,1.10137187180353,25,0.779916666666667,8,1.912,NA,NA,NA,4.67105780544247,NA,NA,NA
2560810,"Anthony Miller","CHI","WR",26,2,NA,5.59725,4.9791,5.98,0.65285392700052,62,0.331166666666666,11,1.0009,NA,50.3,11.4,5.14280827823413,NA,NA,NA
2560756,"Justin Jackson","LAC","RB",25,2,NA,5.57608333333333,4.526,6.7621,1.24125314143051,41,0.126458333333334,13,2.2361,NA,64.7,13.8,7.82709944593521,NA,NA,NA
2560711,"Chase Edmonds","ARI","RB",24,2,NA,5.52016666666667,5.373,5.73906666666667,0.225315334586885,42,0.272208333333333,14,0.366066666666666,NA,33.7,4.1,3.60566422513309,NA,NA,NA
2558954,"Taysom Hill","NO","TE",30,3,NA,5.501,5.501,5.501,NA,14,0.060975,7,0,NA,28.5,1.8,4.31179643396636,NA,NA,NA
71265,"Jared Cook","NO","TE",33,11,NA,5.49275,3.9307,6.461,1.6695,15,0.362000000000001,8,2.5303,NA,NA,NA,9.58945512630484,NA,NA,NA
2560994,"Mike Gesicki","MIA","TE",25,2,NA,5.3873,4.922,5.88,0.47943868221077,16,0.5647,8,0.958,NA,7.5,1.1,3.88470351241691,NA,NA,NA
2561324,"Gus Edwards","BAL","RB",25,2,NA,5.37908333333333,4.8765,5.694,0.531061227899173,43,0.307124999999999,14,0.8175,NA,41.2,6.1,4.62971874610749,NA,NA,NA
2563731,"Tee Higgins","CIN","WR",50,0,NA,5.29841666666667,3.81376666666667,6.127,1.64784270588346,63,0.165666666666666,11,2.31323333333333,NA,46.5,10.8,6.81519077032361,NA,NA,NA
2558985,"Tim Patrick","DEN","WR",27,3,NA,5.23375,5.002,5.4525,0.260044066778434,64,0.277875,11,0.4505,NA,64,9.9,4.12113167741744,NA,NA,NA
2562682,"Alexander Mattison","MIN","RB",NA,1,NA,5.11683333333333,4.7288,5.357,0.411377226183247,44,0.131875000000001,15,0.6282,NA,33.8,3.2,3.66138760527985,NA,NA,NA
2558914,"Kendrick Bourne","SF","WR",25,3,NA,5.03175,4.6549,5.31,0.379129155653673,65,0.180958333333334,12,0.655100000000001,NA,61,10.3,4.41947341300366,NA,NA,NA
2506404,"Frank Gore","NYJ","RB",37,15,NA,5.02708333333333,4.203,5.9931,0.993695809144383,45,0.0928750000000003,15,1.7901,NA,37.2,10,6.41344482876412,NA,NA,NA
2560742,"Nyheim Hines","IND","RB",24,2,NA,4.94283333333333,4.253,6.0956,1.23754411818102,46,0.0739583333333336,15,1.8426,NA,40.8,2.1,4.68512349353308,NA,NA,NA
2557973,"Leonard Fournette","TB","RB",24,3,NA,4.92558333333333,4.0305,5.72913333333333,0.931105809120412,47,0.555958333333333,15,1.69863333333333,NA,NA,NA,5.76410224373785,NA,NA,NA
100005,"Bears","CHI","DST",NA,NA,NA,4.925,4.074,5.5,0.870765946356042,26,0.157083333333333,9,1.426,NA,NA,NA,4.0775370516478,NA,NA,NA
2559278,"Greg Ward","PHI","WR",50,3,NA,4.88,3.472,6.288,2.48901586977665,66,0.0616666666666665,12,2.816,NA,55.3,7.4,7.62706297330425,NA,NA,NA
497236,"Jimmy Graham","CHI","TE",34,10,NA,4.8742,4.6164,5.03,0.232783590486958,17,0.23995,8,0.4136,NA,17.3,1.8,3.70079608232202,NA,NA,NA
100006,"Bengals","CIN","DST",NA,NA,NA,4.82583333333333,4.314,5.15833333333333,0.542425110038243,27,0.705833333333334,9,0.844333333333333,NA,NA,NA,3.2324715994277,NA,NA,NA
2558856,"David Moore","SEA","WR",25,3,NA,4.82158333333333,3.78263333333333,5.797,1.13194416087249,67,0.0215416666666668,12,2.01436666666667,NA,68.7,7.2,5.13417427454284,NA,NA,NA
2562669,"Andy Isabella","ARI","WR",NA,1,NA,4.81508333333333,3.06903333333333,6.5,1.94957198294053,68,0.0913333333333339,12,3.43096666666667,NA,52.6,7.9,6.7567182315949,NA,NA,NA
2563548,"J.K. Dobbins","BAL","RB",50,0,NA,4.81216666666667,3.7786,5.67,1.05349255125775,48,0.920500000000001,15,1.8914,NA,28.3,0.7,4.01611893594866,NA,NA,NA
2540202,"Kenny Stills","HOU","WR",28,7,NA,4.785,4.551,5.055,0.298496231131986,69,0.125875000000001,12,0.504,NA,74.3,9.4,4.08653858396633,NA,NA,NA
2555415,"Austin Hooper","CLE","TE",NA,4,NA,4.771,3.838,5.8728,1.12596210711847,18,0.3355,8,2.0348,NA,15,2.3,5.98831060671349,NA,NA,NA
100009,"Broncos","DEN","DST",NA,NA,NA,4.71,4,5.724,1.02820231472216,28,3.48,9,1.724,NA,NA,NA,4.48273805351291,NA,NA,NA
2564433,"Henry Ruggs","LVR","WR",50,0,NA,4.6625,3.0139,5.9627,1.99138889973807,70,0.0235833333333328,12,2.9488,NA,NA,NA,8.76912929226158,NA,NA,NA
2552652,"Chris Conley","JAC","WR",28,5,NA,4.65575,4.0189,5.28,0.721280516396591,71,0.050583333333333,12,1.2611,NA,69.6,4.8,3.89296036552155,NA,NA,NA
2540145,"Cordarrelle Patterson","CHI","WR",29,7,NA,4.62208333333333,4.0469,5.004,0.593832397791386,72,0.111833333333332,12,0.957099999999999,NA,60.4,6.2,3.9540888337891,NA,NA,NA
2562805,"Preston Williams","MIA","WR",50,1,NA,4.58825,4.125,4.9489,0.470764183712681,73,0.17625,13,0.823899999999999,NA,41.7,10.1,4.54337353429195,NA,NA,NA
2495700,"Greg Olsen","SEA","TE",35,13,NA,4.4975,4.136,5.077,0.613045675296711,19,0.143625,8,0.941,NA,16.5,3.4,5.41585138002321,NA,NA,NA
2562631,"Miles Boykin","BAL","WR",50,1,NA,4.43225,3.831,5.0793,0.72928749475087,74,0.0582083333333339,13,1.2483,NA,69,7.3,4.42766815577744,NA,NA,NA
1581,"DeSean Jackson","PHI","WR",34,12,NA,4.39175,2.7819,6.327,1.97962258608386,75,0.0940833333333337,13,3.5451,NA,NA,NA,8.72662247257482,NA,NA,NA
2562383,"Noah Fant","DEN","TE",50,1,NA,4.3735,1.7105,6.54,2.68012569667917,20,0.0418749999999992,8,4.8295,NA,9,0,8.27487298885664,NA,NA,NA
2552597,"Breshad Perriman","NYJ","WR",27,5,NA,4.35633333333333,3.3999,5.82983333333333,1.6016725286053,76,0.127833333333333,13,2.42993333333333,NA,NA,NA,7.36124539560995,NA,NA,NA
2557922,"C.J. Beathard","SF","QB",27,3,NA,4.35133333333333,2.864,6.3376,2.42489614897903,30,0.322966666666667,10,3.4736,NA,NA,NA,7.81063333491841,NA,NA,NA
2543767,"Logan Thomas","WAS","TE",29,6,NA,4.33425,3.687,4.7301,0.692497111907335,21,0.0962499999999995,8,1.0431,NA,17.2,2.3,5.00781967261382,NA,NA,NA
2540928,"Darren Fells","HOU","TE",34,8,NA,4.329,3.9652,4.54,0.395782768700205,22,0.1972,8,0.574800000000001,NA,26,3.5,4.97783791762738,NA,NA,NA
2506106,"Larry Fitzgerald","ARI","WR",37,16,NA,4.239,2.66,5.8548,1.82481889512357,77,0.0560833333333326,13,3.1948,NA,62.2,8.6,6.67704615948381,NA,NA,NA
2530700,"Dontrelle Inman","WAS","WR",31,7,NA,4.218,4.0744,4.3,0.157403938959608,78,0.0783333333333331,14,0.2256,NA,72.7,5.6,3.04091240708025,NA,NA,NA
2550256,"Willie Snead","BAL","WR",28,6,NA,4.14783333333333,3.84433333333333,4.4416,0.345216357279509,79,0.0670833333333336,14,0.597266666666667,NA,76.8,13.8,5.08655974107478,NA,NA,NA
2495438,"Kyle Rudolph","MIN","TE",31,9,NA,4.147,4.048,4.2316,0.107436803129406,23,0.0617000000000001,9,0.1836,NA,23.5,4.8,5.02021708129933,NA,NA,NA
2564970,"Chase Claypool","PIT","WR",50,0,NA,4.1315,3.3676,4.867,0.849252808846302,80,0.126499999999999,14,1.4994,NA,NA,NA,4.64306446856103,NA,NA,NA
2560951,"Jordan Akins","HOU","TE",28,2,NA,4.1166,3.576,4.4538,0.587467275684357,24,0.15185,9,0.8778,NA,21.2,3.3,5.30456166501546,NA,NA,NA
2562305,"Drew Lock","DEN","QB",50,1,NA,4.10673333333333,1.5276,6.27656,3.09756737026547,31,0.787733333333334,10,4.74896,NA,NA,NA,9.20671111008713,NA,NA,NA
2560894,"Ian Thomas","CAR","TE",24,2,NA,4.054,3.7622,4.521,0.499917326498425,25,0.184625,9,0.758799999999999,NA,26.5,3.8,5.37368397741505,NA,NA,NA
2563602,"Gabriel Davis","BUF","WR",50,0,NA,4.03,3.574,4.486,0.806101730552664,81,0.0995416666666666,14,0.911999999999999,NA,NA,NA,4.48717748830361,NA,NA,NA
2562932,"Tyron Johnson","FA","WR",50,1,NA,3.98,3.98,3.98,NA,82,0.139916666666667,14,0,NA,NA,NA,NA,NA,NA,NA
2555262,"Jeff Driskel","DEN","QB",27,4,NA,3.95,0.550000000000001,7.35,6.01040764008565,32,1.42166666666667,10,6.8,NA,NA,NA,15.2520887546598,NA,NA,NA
2560935,"Darrel Williams","KC","RB",NA,2,NA,3.92708333333333,2.9851,4.587,0.955709291573541,49,0.0815416666666668,16,1.6019,NA,48.7,9.7,6.27240589201822,NA,NA,NA
2560936,"Cedrick Wilson","DAL","WR",NA,2,NA,3.88091666666667,2.7759,4.8,1.12709016941858,83,0.0829166666666663,14,2.0241,NA,78.8,6.5,4.97973798822504,NA,NA,NA
2540232,"Jack Doyle","IND","TE",30,7,NA,3.8755,3.45,4.5806,0.753083218066459,26,0.0523750000000001,9,1.1306,NA,25.8,2.5,5.25172804514182,NA,NA,NA
2540148,"Tyler Eifert","JAC","TE",30,7,NA,3.86325,3.3899,4.21,0.476545468274889,27,0.172125,9,0.820100000000001,NA,22.3,1.9,4.30561335938189,NA,NA,NA
2540011,"Chris Thompson","JAC","RB",30,7,NA,3.85625,3.17,4.6371,0.815602180395974,50,0.0339583333333335,16,1.4671,NA,50.2,6.4,5.16426346318864,NA,NA,NA
2556440,"J.D. McKissic","WAS","RB",27,4,NA,3.83483333333333,3.6688,4.0028,0.208791961850387,51,0.0409166666666665,16,0.334,NA,NA,NA,3.4584477200031,NA,NA,NA
2543743,"Carlos Hyde","SEA","RB",29,6,NA,3.80975,3.49,4.2013,0.39724079599155,52,0.035708333333333,16,0.7113,NA,NA,NA,4.05998389236404,NA,NA,NA
2553499,"Damiere Byrd","NE","WR",NA,NA,NA,3.79925,3.463,4.1789,0.396949514002306,84,0.0348750000000004,15,0.7159,NA,64.8,3.4,3.01578643905344,NA,NA,NA
2558194,"Josh Reynolds","LAR","WR",25,3,NA,3.79675,3.5232,4.2757,0.529620854951917,85,0.22575,15,0.7525,NA,75,8.2,4.25429984735811,NA,NA,NA
2557986,"David Njoku","CLE","TE",24,3,NA,3.783,2.1572,4.958,2.00420732460492,28,0.341708333333334,9,2.8008,NA,NA,NA,11.1036604299743,NA,NA,NA
2560933,"Jordan Wilkins","IND","RB",26,2,NA,3.77808333333333,3.553,4.08563333333333,0.309998611108,53,0.0474166666666664,16,0.532633333333334,NA,53.8,2.3,3.25835022165557,NA,NA,NA
2562409,"Devine Ozigbo","JAC","RB",50,1,NA,3.77,3.77,3.77,0,54,0.130833333333334,16,0,NA,NA,NA,2.7919754750375,NA,NA,NA
2558071,"Isaiah Ford","MIA","WR",24,3,NA,3.732,3.6584,3.8056,0.130107647738325,86,0.328958333333333,15,0.1472,NA,70.6,3.6,2.57541143453783,NA,NA,NA
2540156,"Giovani Bernard","CIN","RB",29,7,NA,3.69133333333333,2.8892,4.25,0.814326715759713,55,0.153625,16,1.3608,NA,48.3,8.2,5.64469799281553,NA,NA,NA
497240,"Rob Gronkowski","TB","TE",31,10,NA,3.59925,3.246,4.1519,0.578862893956764,29,0.335916666666666,10,0.9059,NA,13,1.9,4.53705375108556,NA,NA,NA
2564319,"Cam Akers","LAR","RB",50,0,NA,3.587,3.0326,4.3174,0.888824504612694,56,0.162833333333333,16,1.2848,NA,52,10.6,6.40689154044471,NA,NA,NA
100028,"Chargers","LAC","DST",NA,NA,NA,3.53,2.94,4.144,0.703041013502531,29,4.6,10,1.204,NA,NA,NA,3.64585591256082,NA,NA,NA
2556885,"Jalen Richard","LVR","RB",27,4,NA,3.48841666666667,3.42096666666667,3.537,0.0687331797605785,57,0.1775,16,0.116033333333333,NA,53.7,7.4,4.24028468640605,NA,NA,NA
2562465,"Olabisi Johnson","MIN","WR",50,1,NA,3.41,2.946,3.874,0.820243866176395,87,0.0519583333333338,15,0.928,NA,82.7,16.9,6.58970220264661,NA,NA,NA
2552600,"Nelson Agholor","LVR","WR",27,5,NA,3.39608333333333,2.5093,4.27,1.00945377143615,88,0.166541666666667,15,1.7607,NA,71.7,5.7,4.60077383821524,NA,NA,NA
2562699,"Tony Pollard","DAL","RB",NA,1,NA,3.35991666666667,3.1115,3.5,0.273979774192671,58,0.104041666666666,16,0.388500000000001,NA,48,8.2,4.78229353046238,NA,NA,NA
2564829,"John Hightower","PHI","WR",50,0,NA,3.32,3.32,3.32,NA,89,0.184458333333334,16,0,NA,NA,NA,NA,NA,NA,NA
2562681,"Dawson Knox","BUF","TE",50,1,NA,3.28333333333333,2.954,3.738,0.560119034967866,30,0.0999166666666667,10,0.783999999999999,NA,25.8,3,5.08240503480876,NA,NA,NA
2557952,"Wayne Gallman","NYG","RB",26,3,NA,3.26191666666667,2.9146,3.5789,0.383340326023177,59,0.0615000000000001,16,0.6643,NA,55,8.5,5.03724684500262,NA,NA,NA
2564994,"Anthony McFarland","PIT","RB",50,0,NA,3.24983333333333,2.57573333333333,3.687,0.700272407313357,60,0.188041666666666,16,1.11126666666667,NA,NA,NA,5.02727284593931,NA,NA,NA
2562720,"Drew Sample","CIN","TE",NA,1,NA,3.24333333333333,2.812,3.844,0.741911944460617,31,0.225208333333333,10,1.032,NA,19.2,1.8,4.85243633212145,NA,NA,NA
2564043,"Darrynton Evans","TEN","RB",50,0,NA,3.151,1.9764,4.08,1.18408276737735,61,0.260208333333333,16,2.1036,NA,NA,NA,6.57161475427638,NA,NA,NA
2563890,"KJ Hamler","DEN","WR",50,0,NA,3.13908333333333,2.4613,3.614,0.688518397236656,90,0.0380833333333337,16,1.1527,NA,56,10.6,5.04075041147886,NA,NA,NA
2555478,"Demarcus Robinson","KC","WR",NA,4,NA,3.132,2.282,3.6756,0.920769243621875,91,0.1095,16,1.3936,NA,70.8,11.4,5.62674183591501,NA,NA,NA
2560738,"Chris Herndon","NYJ","TE",NA,2,NA,3.1235,2.5,4.0338,0.927934444523606,32,0.2725,10,1.5338,NA,18.2,1.9,5.32664805388778,NA,NA,NA
2560975,"Braxton Berrios","NYJ","WR",25,2,NA,3.07,1.95,3.87,1.3856406460551,92,0.15,16,1.92,NA,72.8,16.8,7.59016464769089,NA,NA,NA
2533039,"Alshon Jeffery","PHI","WR",30,8,NA,2.975,1.08,4.294,2.021690711591,93,0.11,16,3.214,NA,NA,NA,8.87859719278397,NA,NA,NA
2565258,"Ke'Shawn Vaughn","TB","RB",50,0,NA,2.97258333333333,1.893,3.7209,1.11624869043098,63,0.194333333333333,16,1.8279,NA,59.3,5.6,5.42967007243508,NA,NA,NA
2550656,"Cameron Brate","TB","TE",29,6,NA,2.91275,1.8667,3.497,1.16117623554739,33,0.188,10,1.6303,NA,NA,NA,7.28981456413932,NA,NA,NA
2556661,"Kalif Raymond","TEN","WR",26,4,NA,2.865,2.2978,3.4322,1.00267741572252,94,0.0215416666666668,16,1.1344,NA,NA,NA,5.19732405160931,NA,NA,NA
2563707,"Darnell Mooney","CHI","WR",50,0,NA,2.865,1.797,3.933,1.88797510576808,94,0.0742916666666664,16,2.136,NA,NA,NA,8.39553807052562,NA,NA,NA
2557863,"Zay Jones","LVR","WR",25,3,NA,2.82191666666667,2.09196666666667,3.417,0.739638969738315,96,0.150500000000001,16,1.32503333333333,NA,84,14.3,5.90305150838626,NA,NA,NA
2561146,"Boston Scott","PHI","RB",25,2,NA,2.809,2.518,3.1056,0.325082553617795,64,0.0838749999999999,17,0.5876,NA,40.3,8.8,5.02467798134014,NA,NA,NA
2557889,"Gerald Everett","LAR","TE",26,3,NA,2.78925,2.7313,2.893,0.115167631447961,34,0.140875000000001,11,0.1617,NA,29,1.6,3.32788708843007,NA,NA,NA
2564418,"Bryan Edwards","LVR","WR",50,0,NA,2.7595,1.8484,3.667,1.04565179035215,97,0.186333333333333,16,1.8186,NA,NA,NA,5.35257267468837,NA,NA,NA
2560733,"Royce Freeman","DEN","RB",24,2,NA,2.7475,2.4711,3.0239,0.488610785799905,65,0.0694166666666671,17,0.5528,NA,63.7,11.1,5.90216198688931,NA,NA,NA
2495469,"Dion Lewis","NYG","RB",30,9,NA,2.70275,2.4387,3.029,0.354114270634024,66,0.0618750000000001,17,0.5903,NA,49.5,8,4.856581980465,NA,NA,NA
2562746,"Jarrett Stidham","NE","QB",50,1,NA,2.688,0.0348,6.3148,4.45520953491528,33,0.333333333333333,10,6.28,NA,29.7,1.2,7.66361250422284,NA,NA,NA
2559385,"Dan Arnold","ARI","TE",50,3,NA,2.66025,1.82,3.2767,0.908904239547086,35,0.10375,11,1.4567,NA,26,1.2,4.90957956293657,NA,NA,NA
2555418,"Jordan Howard","MIA","RB",26,4,NA,2.65341666666667,2.5775,2.7066,0.0779887812444841,67,0.0804583333333335,17,0.1291,NA,41,9.6,4.84474260618034,NA,NA,NA
2553318,"James OShaughnessy","JAC","TE",NA,NA,NA,2.6365,2.575,2.7192,0.0894930164873214,36,0.18525,12,0.1442,NA,NA,NA,2.44155372589873,NA,NA,NA
2562743,"Benny Snell","PIT","RB",50,1,NA,2.62833333333333,1.643,3.8894,1.26912375720854,68,0.134666666666667,17,2.2464,NA,NA,NA,6.84306897552414,NA,NA,NA
2564358,"Van Jefferson","LAR","WR",50,0,NA,2.58333333333333,1.34533333333333,3.77,1.37424524739946,98,0.0699999999999998,16,2.42466666666667,NA,80.5,17.1,7.63201059997675,NA,NA,NA
2560051,"Justin Watson","TB","WR",NA,2,NA,2.563,2.0006,3.1254,0.994192134348286,99,0.1495,16,1.1248,NA,74.3,1.8,3.76162489757596,NA,NA,NA
2555223,"Devontae Booker","LVR","RB",28,4,NA,2.51758333333333,2.41,2.63443333333333,0.1256583772686,69,0.0837083333333331,18,0.224433333333333,NA,65.6,3.6,3.31259024075278,NA,NA,NA
2562738,"Irv Smith Jr.","MIN","TE",50,1,NA,2.4765,1.691,3.3472,0.973712312064845,37,0.07525,12,1.6562,NA,28,3.9,6.49883249047178,NA,NA,NA
2540230,"Kyle Juszczyk","SF","RB",29,7,NA,2.46975,1.7465,3.09,0.746425426058536,70,0.128791666666666,18,1.3435,NA,71,3.7,4.33015069301899,NA,NA,NA
2530515,"Chris Hogan","NYJ","WR",32,9,NA,2.46366666666667,1.496,3.2808,1.16213610792081,100,0.167,16,1.7848,NA,73.8,7.1,5.16789998312177,NA,NA,NA
2558942,"Anthony Firkser","TEN","TE",50,2,NA,2.426,2.2888,2.56,0.154867685460848,38,0.0877500000000002,13,0.2712,NA,NA,NA,2.73730665153965,NA,NA,NA
2561137,"Trenton Cannon","CAR","RB",NA,2,NA,2.398,0.535,3.811,1.87245347071696,71,0.142541666666667,18,3.276,NA,NA,NA,8.76892141281552,NA,NA,NA
2541316,"Ryan Griffin","NYJ","TE",30,7,NA,2.3765,1.9082,2.79,0.49039677812971,39,0.107125,13,0.8818,NA,NA,NA,4.2552296078248,NA,NA,NA
2558979,"Nick Mullens","SF","QB",50,3,NA,2.36866666666667,0.5722,4.16086666666667,2.09296196281198,34,0.15895,10,3.58866666666667,NA,25,1,5.07047711298558,NA,NA,NA
2563551,"Devin Duvernay","BAL","WR",50,0,NA,2.36333333333333,0.812333333333333,3.877,1.7473726308693,101,0.140333333333333,16,3.06466666666667,NA,88,15.7,8.01465086503026,NA,NA,NA
2562718,"Brett Rypien","FA","QB",NA,1,NA,2.34066666666667,0.8196,3.4308,1.87986949901671,35,0.446283333333334,10,2.6112,NA,27.8,1.9,5.48746261636416,NA,NA,NA
2562394,"Donald Parham","LAC","TE",NA,1,NA,2.3,2.3,2.3,NA,40,0.0693749999999995,13,0,NA,NA,NA,NA,NA,NA,NA
2558918,"Matt Breida","MIA","RB",25,3,NA,2.28391666666667,1.6728,2.8211,0.632791368988758,72,0.0694166666666667,18,1.1483,NA,50.4,8.5,5.4353756693618,NA,NA,NA
2552402,"Nick Boyle","BAL","TE",27,5,NA,2.23875,1.75,2.7565,0.567455945426603,41,0.141875,13,1.0065,NA,31,1,4.03036538239661,NA,NA,NA
2562562,"Ashton Dulin","IND","WR",NA,1,NA,2.23,2.23,2.23,NA,103,0.0337499999999999,17,0,NA,NA,NA,NA,NA,NA,NA
2559150,"Corey Clement","PHI","RB",NA,3,NA,2.227,1.7646,2.6894,0.817415439051649,73,0.0526666666666671,18,0.9248,NA,61,12.8,6.88260704777552,NA,NA,NA
2540215,"Vance McDonald","PIT","TE",30,7,NA,2.2225,1.775,2.62,0.470203856499143,42,0.311875,13,0.845,NA,NA,NA,4.16387747184846,NA,NA,NA
2561054,"Damion Ratley","NYG","WR",25,2,NA,2.216,1.8608,2.5712,0.627910821693654,104,0.0532500000000002,17,0.7104,NA,108.5,12.5,5.32666145224687,NA,NA,NA
2556466,"Peyton Barber","WAS","RB",26,4,NA,2.202,1.9,2.6056,0.40572897357719,74,0.163666666666666,19,0.7056,NA,52.6,10,5.47503806876972,NA,NA,NA
2556190,"Jakeem Grant","MIA","WR",28,4,NA,2.1765,1.9465,2.4065,0.406586399182265,105,0.032,17,0.46,NA,85.3,6.7,3.71991666782787,NA,NA,NA
2556855,"Marcus Johnson","FA","WR",26,4,NA,2.149,1.7578,2.5402,0.691550432000444,106,0.032,17,0.7824,NA,NA,NA,4.0733510737154,NA,NA,NA
2560938,"Jeffery Wilson","SF","RB",50,2,NA,2.14666666666667,1.42,3.164,1.25862358683338,75,0.229041666666667,19,1.744,NA,32,5.9,5.73731493732979,NA,NA,NA
2565195,"Freddie Swain","SEA","WR",50,0,NA,2.14,2.14,2.14,NA,107,0.0617499999999995,17,0,NA,NA,NA,NA,NA,NA,NA
2560890,"Auden Tate","CIN","WR",23,2,NA,2.094,1.5052,2.6828,1.0408611819066,108,0.0477499999999997,17,1.1776,NA,93.3,18.4,7.30034861783249,NA,NA,NA
382,"Joe Flacco","NYJ","QB",35,12,NA,2.07876666666667,0.542,4.79588,2.99231433954835,36,0.5801,10,4.25388,NA,NA,NA,8.98826647873765,NA,NA,NA
2561002,"DaeSean Hamilton","DEN","WR",25,2,NA,2.0625,1.4205,2.7045,1.13490638380441,109,0.126,17,1.284,NA,NA,NA,5.67501256721422,NA,NA,NA
2562653,"Travis Fulgham","FA","WR",NA,1,NA,2.03,0.662,3.398,2.41830519165799,111,0.203,17,2.736,NA,NA,NA,10.3114011010266,NA,NA,NA
2541187,"Demetrius Harris","CHI","TE",29,7,NA,1.97125,1.1495,2.56,0.829682419162095,43,0.13125,13,1.4105,NA,NA,NA,5.79014706957006,NA,NA,NA
2562797,"Qadree Ollison","ATL","RB",50,1,NA,1.93,1.93,1.93,0,76,0.057375,19,0,NA,78.5,7.5,4.15738906470797,NA,NA,NA
2564808,"Lamical Perine","NYJ","RB",50,0,NA,1.90525,0.613,3.4961,1.61126603948572,77,0.0967499999999999,19,2.8831,NA,63,10.3,7.4795108948409,NA,NA,NA
2563767,"Harrison Bryant","CLE","TE",50,0,NA,1.85,1.81,1.89,0.0707106781186547,44,0.0283333333333333,14,0.0799999999999998,NA,NA,NA,2.3565830237884,NA,NA,NA
2550597,"Seth Roberts","CAR","WR",NA,NA,NA,1.843,1.1846,2.5014,1.16389776183306,112,0.194,17,1.3168,NA,NA,NA,5.77974641288161,NA,NA,NA
2565108,"JaMycal Hasty","FA","RB",50,0,NA,1.84,1.84,1.84,0,78,0.0673333333333335,20,0,NA,69.7,9.5,4.6934670608704,NA,NA,NA
2560751,"Ryan Izzo","NE","TE",25,2,NA,1.83,1.22,2.268,0.753458691634784,45,0.0472083333333333,14,1.048,NA,NA,NA,5.4453133476802,NA,NA,NA
2562317,"Foster Moreau","LVR","TE",50,1,NA,1.81333333333333,1.57,2.154,0.421465696508427,46,0.0620833333333333,14,0.584,NA,NA,NA,3.94338758434407,NA,NA,NA
2560939,"Javon Wims","CHI","WR",26,2,NA,1.811,1.3222,2.2998,0.864084486609961,113,0.3315,17,0.9776,NA,NA,NA,4.69664517963839,NA,NA,NA
79607,"LeSean McCoy","TB","RB",32,11,NA,1.777,1.777,1.777,NA,79,0.0478333333333332,20,0,NA,55.4,9,6.32691964862208,NA,NA,NA
2564640,"J.J. Taylor","NE","RB",50,0,NA,1.76833333333333,1.652,1.928,0.196362759537885,80,0.114333333333333,20,0.276,NA,67.5,11.4,5.51614002568936,NA,NA,NA
2552401,"MyCole Pruitt","TEN","TE",28,5,NA,1.75225,1.4387,2.04,0.336412816838677,47,0.0462500000000001,14,0.6013,NA,NA,NA,3.55861105864266,NA,NA,NA
2558956,"Jacob Hollister","SEA","TE",27,3,NA,1.75025,1.27,2.2667,0.55944637812752,48,0.10425,14,0.9967,NA,NA,NA,4.56760780467589,NA,NA,NA
2560860,"Mason Rudolph","PIT","QB",25,2,NA,1.71,0.93,2.802,1.35099962990372,37,0.5495,11,1.872,NA,NA,NA,5.58184307948741,NA,NA,NA
2560817,"Ryan Nall","CHI","RB",25,2,NA,1.69,1.37,2.01,0.565685424949238,81,0.0765833333333334,20,0.64,NA,65.5,12.9,6.50764483997774,NA,NA,NA
2541834,"Josh Hill","NO","TE",30,7,NA,1.66175,1.1549,2.038,0.510997961509307,49,0.03525,14,0.8831,NA,NA,NA,4.34842870698426,NA,NA,NA
2550284,"Trey Burton","IND","TE",29,6,NA,1.63025,0.6273,2.617,1.13770540270025,50,0.0172500000000002,14,1.9897,NA,NA,NA,7.18363326195053,NA,NA,NA
2561046,"Will Dissly","SEA","TE",NA,2,NA,1.62275,1.5327,1.759,0.146367972361898,51,0.0232916666666665,15,0.2263,NA,33,5.7,5.58916480002796,NA,NA,NA
2560862,"Jaylen Samuels","PIT","RB",24,2,NA,1.618,1.6004,1.6356,0.0311126983722081,82,0.0702499999999999,21,0.0352000000000001,NA,NA,NA,2.89128844545693,NA,NA,NA
2559924,"Ito Smith","ATL","RB",25,2,NA,1.60883333333333,1.471,1.81773333333333,0.226747289583213,83,0.1925,21,0.346733333333334,NA,61.4,5.9,4.09041985032468,NA,NA,NA
2552478,"Blake Bell","DAL","TE",29,5,NA,1.60325,1.1611,1.86,0.480744821431634,52,0.0504166666666666,15,0.6989,NA,NA,NA,4.21156446234205,NA,NA,NA
2559248,"Ricky Seals-Jones","KC","TE",25,3,NA,1.59566666666667,0.5596,2.338,1.28057265835771,53,0.110666666666667,15,1.7784,NA,NA,NA,7.82996018799728,NA,NA,NA
2552586,"Tyler Kroft","BUF","TE",28,5,NA,1.51,0.985,2.259,0.810308583195316,54,0.0800000000000001,15,1.274,NA,36.5,13.5,11.2586668624327,NA,NA,NA
2556519,"Alex Erickson","CIN","WR",28,4,NA,1.487,1.1006,1.8734,0.683065150626205,117,0.0332500000000002,18,0.7728,NA,NA,NA,4.04269726522739,NA,NA,NA
2564889,"Eno Benjamin","ARI","RB",50,0,NA,1.48666666666667,1.384,1.56,0.127017059221718,84,0.148666666666667,22,0.176,NA,74.5,17.5,7.0405007974932,NA,NA,NA
2558129,"Isaiah McKenzie","BUF","WR",25,3,NA,1.472,1.2896,1.6544,0.322440692221066,118,0.0762499999999999,18,0.3648,NA,106,2,2.58986456557089,NA,NA,NA
2562740,"Kaden Smith","NYG","TE",NA,1,NA,1.46,1.18,1.852,0.484974226119286,55,0.0604999999999998,15,0.672,NA,NA,NA,4.23069815479102,NA,NA,NA
2558010,"John Ross","CIN","WR",NA,3,NA,1.4355,0.8559,2.0151,1.02459772593931,119,0.104,18,1.1592,NA,NA,NA,5.27651305687002,NA,NA,NA
2562771,"Kahale Warring","HOU","TE",50,1,NA,1.4,1.4,1.4,0,56,0.0105000000000002,16,0,NA,NA,NA,2.03669016228704,NA,NA,NA
2540203,"Levine Toilolo","NYG","TE",29,7,NA,1.399,0.2398,2.467,1.24553228246668,57,0.0288749999999998,16,2.2272,NA,NA,NA,7.67143864061438,NA,NA,NA
2565129,"Charlie Woerner","SF","TE",50,0,NA,1.38,1.38,1.38,0,58,0.022,16,0,NA,NA,NA,2.03669016228704,NA,NA,NA
2495347,"Lee Smith","BUF","TE",33,9,NA,1.36025,0.7427,1.79,0.627056815607645,59,0.00625000000000009,16,1.0473,NA,NA,NA,4.8734752760157,NA,NA,NA
2558091,"Noah Brown","DAL","WR",NA,3,NA,1.356,1.2312,1.4808,0.220617315730203,120,0.0610000000000002,18,0.2496,NA,NA,NA,2.37206470263053,NA,NA,NA
2550313,"Richard Rodgers","FA","TE",28,6,NA,1.35575,0.68,2.1389,0.810501233805353,60,0.0114999999999998,16,1.4589,NA,NA,NA,5.70337199635609,NA,NA,NA
2505629,"Jason Witten","LVR","TE",38,17,NA,1.35225,0.6623,2.196,0.921607427270419,61,0.0681250000000002,16,1.5337,NA,NA,NA,6.20601288601666,NA,NA,NA
2556118,"Dwayne Washington","NO","RB",NA,4,NA,1.346,1.2292,1.4628,0.206475180106472,86,0.0218333333333334,22,0.2336,NA,NA,NA,3.45105246054829,NA,NA,NA
2555289,"Nick Vannett","DEN","TE",NA,4,NA,1.33625,0.8885,1.691,0.465212764943812,62,0.115125,16,0.8025,NA,NA,NA,4.14129793220706,NA,NA,NA
2562600,"Trayveon Williams","CIN","RB",50,1,NA,1.33,1.33,1.33,0,87,0.0205416666666669,23,0,NA,NA,NA,2.7919754750375,NA,NA,NA
2562665,"Travis Homer","SEA","RB",50,1,NA,1.31833333333333,0.872,1.94,0.767892136522659,88,0.0397083333333332,23,1.068,NA,55.2,6.4,5.08811728455739,NA,NA,NA
2507166,"Ted Ginn","CHI","WR",35,13,NA,1.307,1.1206,1.4934,0.329511760032931,121,0.0354999999999999,18,0.3728,NA,NA,NA,2.7654552448934,NA,NA,NA
2495340,"Anthony Sherman","KC","RB",32,9,NA,1.30058333333333,0.8723,1.71,0.47431965897366,89,0.0579166666666666,23,0.8377,NA,NA,NA,4.30602268809073,NA,NA,NA
2564832,"Jalen Hurts","PHI","QB",50,0,NA,1.28733333333333,1.2052,1.346,0.101613647377374,38,0.287333333333333,11,0.1408,NA,30,1.6,3.42944078126409,NA,NA,NA
2533040,"Mohamed Sanu","FA","WR",31,8,NA,1.283,0.5654,2.0006,1.26854956544867,122,0.0262499999999997,18,1.4352,NA,NA,NA,6.15781005090047,NA,NA,NA
2557895,"Dede Westbrook","JAC","WR",27,3,NA,1.26,0.252,2.268,1.7819090885901,123,0.0529999999999997,18,2.016,NA,NA,NA,8.01236546442543,NA,NA,NA
2560949,"Josh Adams","FA","RB",24,2,NA,1.25666666666667,1.238,1.27,0.0230940107675849,90,0.0698333333333334,24,0.0319999999999998,NA,56.3,9.1,4.62310996199666,NA,NA,NA
2562677,"KeeSean Johnson","ARI","WR",50,1,NA,1.2535,0.7411,1.7659,0.905803786699967,124,0.12425,18,1.0248,NA,112.5,13.5,6.03671550279924,NA,NA,NA
2558929,"Cethan Carter","CIN","TE",27,3,NA,1.232,0.9856,1.4784,0.435577777210913,63,0.0497499999999997,16,0.4928,NA,NA,NA,4.0072301891354,NA,NA,NA
2562832,"Darwin Thompson","KC","RB",NA,1,NA,1.22866666666667,0.7053,1.70696666666667,0.586069582520331,91,0.0995833333333334,24,1.00166666666667,NA,65,4.9,4.39586637610572,NA,NA,NA
2561060,"Ross Dwelley","SF","TE",50,2,NA,1.21025,0.6687,1.64,0.546193112979893,64,0.0637500000000002,16,0.9713,NA,NA,NA,4.50765045417225,NA,NA,NA
2560985,"Deontay Burnett","FA","WR",23,2,NA,1.1605,0.9521,1.3689,0.368402632998191,125,0.1165,18,0.4168,NA,101.5,23.5,7.14699093295654,NA,NA,NA
2495288,"Virgil Green","LAC","TE",32,9,NA,1.15425,0.9411,1.3,0.217375826622925,65,0.0159999999999998,17,0.3589,NA,NA,NA,3.02009149642423,NA,NA,NA
2552471,"T.J. Yeldon","BUF","RB",27,5,NA,1.145,0.7952,1.4028,0.378423043695809,92,0.0422499999999999,24,0.6076,NA,70.8,2.3,3.36755697653527,NA,NA,NA
2558886,"Darrell Daniels","ARI","TE",26,4,NA,1.13875,0.65,1.9925,0.934669059079202,66,0.0598750000000001,17,1.3425,NA,NA,NA,6.2651032933831,NA,NA,NA
2557859,"Jake Butt","DEN","TE",25,3,NA,1.13775,0.108,2.7897,1.80350221790826,67,0.16025,17,2.6817,NA,NA,NA,10.195676903195,NA,NA,NA
2562407,"Justice Hill","BAL","RB",50,1,NA,1.11316666666667,0.455,1.55,0.677162954292884,93,0.0719166666666669,24,1.095,NA,79,12,6.44433009502294,NA,NA,NA
2565069,"Joe Reed","LAC","WR",50,0,NA,1.098,0.258,1.938,1.48492424049175,126,0.19075,18,1.68,NA,NA,NA,6.93948216734487,NA,NA,NA
2561461,"Dontrell Hilliard","FA","RB",50,2,NA,1.09233333333333,0.817,1.4666,0.459038487856229,94,0.12075,24,0.6496,NA,NA,NA,4.25724458221884,NA,NA,NA
2558008,"Mitchell Trubisky","CHI","QB",26,3,NA,1.03366666666667,0.1462,2.32086666666667,1.39335996784751,39,0.129,11,2.17466666666667,NA,NA,NA,5.66975872754925,NA,NA,NA
2560896,"Jordan Thomas","FA","TE",24,2,NA,1.02,0.12,1.84,0.960832971957145,68,0.096125,17,1.72,NA,NA,NA,6.38346800407861,NA,NA,NA
2555432,"Andy Janovich","CLE","RB",27,4,NA,0.990166666666667,0.4976,1.417,0.509683234960696,95,0.0411666666666667,24,0.9194,NA,NA,NA,4.41890462889543,NA,NA,NA
2555468,"Rashard Higgins","CLE","WR",26,4,NA,0.99,0.174,1.806,1.44249783362056,127,0.1765,18,1.632,NA,NA,NA,6.7862131249048,NA,NA,NA
2495143,"Andy Dalton","DAL","QB",33,9,NA,0.966333333333333,0.2952,1.56573333333333,0.747497454473555,40,0.158166666666667,11,1.27053333333333,NA,NA,NA,4.32932037935949,NA,NA,NA
2558833,"Alexander Armah","CAR","RB",26,3,NA,0.953,0.8066,1.057,0.148669656173231,96,0.0296666666666667,25,0.2504,NA,81,6,3.99261029480822,NA,NA,NA
2565144,"DeeJay Dallas","SEA","RB",50,0,NA,0.945,0.909,0.981,0.0636396103067893,97,0.0470416666666666,25,0.072,NA,72.3,3.8,3.267214855191,NA,NA,NA
2495234,"Luke Stocker","ATL","TE",32,9,NA,0.935,0.552,1.15,0.423359579238894,69,0.024875,17,0.598,NA,NA,NA,3.95195544965262,NA,NA,NA
2560880,"Durham Smythe","MIA","TE",NA,2,NA,0.91275,0.58,1.3837,0.476665763402408,70,0.0073333333333333,17,0.8037,NA,NA,NA,4.19311093339965,NA,NA,NA
2552622,"Chris Manhertz","CAR","TE",NA,NA,NA,0.9075,0.233,1.46,0.684853999039211,71,0.0258333333333335,17,1.227,NA,NA,NA,5.1349478977832,NA,NA,NA
2562626,"Andrew Beck","DEN","TE",50,1,NA,0.903333333333333,0.662,1.078,0.297377425729213,72,0.0449999999999999,17,0.416,NA,NA,NA,3.38201618932352,NA,NA,NA
2560967,"Kalen Ballage","FA","RB",NA,2,NA,0.901666666666667,0.326,1.26,0.606639193517128,98,0.0495416666666667,25,0.934,NA,60,8,5.2596167782899,NA,NA,NA
2558990,"Patrick Ricard","BAL","RB",26,3,NA,0.89425,0.2689,1.407,0.634475308161529,99,0.20225,25,1.1381,NA,NA,NA,4.81724588898507,NA,NA,NA
2564616,"Dalton Keene","NE","TE",50,0,NA,0.86,0.172,1.548,1.21622366364086,73,0.00879166666666664,17,1.376,NA,NA,NA,7.53884738011038,NA,NA,NA
2562654,"Zach Gentry","PIT","TE",50,1,NA,0.856666666666667,0.256,1.288,0.741911944460617,74,0.0176666666666667,17,1.032,NA,NA,NA,5.39307623027654,NA,NA,NA
2563704,"Cole Kmet","CHI","TE",50,0,NA,0.84575,0.3769,1.27,0.498269254520084,75,0.0572916666666667,17,0.8931,NA,NA,NA,4.29084444092529,NA,NA,NA
2552033,"Jameis Winston","NO","QB",26,5,NA,0.843,0.2072,1.4124,0.708699278020422,41,0.0703333333333334,11,1.2052,NA,NA,NA,4.24879772557373,NA,NA,NA
2564586,"Devin Asiasi","NE","TE",50,0,NA,0.83225,0.2023,1.44,0.664489967318293,76,0.0949166666666665,17,1.2377,NA,NA,NA,5.04282166519386,NA,NA,NA
2560836,"Dante Pettis","SF","WR",25,2,NA,0.8245,0.7801,0.8689,0.0784888527117068,128,0.0469999999999999,19,0.0888,NA,114,35,9.01644797507241,NA,NA,NA
2559362,"Dare Ogunbowale","FA","RB",NA,3,NA,0.81,0.8044,0.8156,0.00989949493661175,100,0.238,26,0.0112,NA,80.5,7.9,4.280404454689,NA,NA,NA
2565273,"Antonio Gandy-Golden","WAS","WR",50,0,NA,0.8025,0.5525,1.0525,0.441941738241592,129,0.0529999999999999,19,0.5,NA,NA,NA,3.17161820735961,NA,NA,NA
2505982,"Matt Schaub","ATL","QB",39,16,NA,0.773333333333333,0.27,1.17533333333333,0.547884821634783,42,0.0153333333333333,11,0.905333333333334,NA,NA,NA,3.91503959622122,NA,NA,NA
2558904,"Phillip Walker","CAR","QB",25,3,NA,0.772,0.772,0.772,0,43,0.0318333333333334,11,0,NA,NA,NA,2.77794646865469,NA,NA,NA
2558202,"Trent Taylor","SF","WR",26,3,NA,0.7525,0.6305,0.8745,0.215667568261897,130,0.02925,19,0.244,NA,92,4.3,2.87562627459102,NA,NA,NA
2561482,"Chad Beebe","MIN","WR",50,2,NA,0.7465,0.3093,1.1837,0.772867711836897,131,0.0465,19,0.8744,NA,110.5,7.5,4.54800638360977,NA,NA,NA
2564703,"Adam Trautman","NO","TE",50,0,NA,0.744666666666667,0.3752,1.212,0.564291886644964,77,0.0156666666666666,18,0.8368,NA,NA,NA,4.58952873127871,NA,NA,NA
2564205,"Jake Luton","JAC","QB",50,0,NA,0.744,0.744,0.744,0,44,0.00849999999999995,11,0,NA,NA,NA,2.77794646865469,NA,NA,NA
2561177,"Kyle Allen","WAS","QB",50,2,NA,0.736333333333333,-0.0222,1.75113333333333,1.02458815574302,45,0.0200000000000001,11,1.77333333333333,NA,NA,NA,4.90440097966883,NA,NA,NA
2562651,"Ryan Finley","CIN","QB",50,1,NA,0.734666666666667,0.5284,0.882,0.255188818981815,46,0.0515,12,0.3536,NA,NA,NA,3.3075713840342,NA,NA,NA
2564349,"Brycen Hopkins","LAR","TE",50,0,NA,0.73,0.226,1.234,0.89095454429505,78,0.00424999999999986,18,1.008,NA,NA,NA,6.06734021720414,NA,NA,NA
2541199,"Luke Willson","SEA","TE",30,7,NA,0.728,0.1188,1.282,0.649551640236043,79,0.0247500000000002,18,1.1632,NA,NA,NA,4.97524114802833,NA,NA,NA
2557886,"Jeremy Sprinkle","WAS","TE",26,3,NA,0.7235,0.2608,1.357,0.685202403187068,80,0.0445,18,1.0962,NA,NA,NA,5.13652406708014,NA,NA,NA
2558911,"C.J. Board","NYG","WR",50,3,NA,0.7,0.7,0.7,NA,132,0.027,19,0,NA,NA,NA,NA,NA,NA,NA
2564130,"Dezmon Patmon","IND","WR",50,0,NA,0.7,0.7,0.7,NA,132,0.0615,19,0,NA,NA,NA,NA,NA,NA,NA
2555261,"Jacoby Brissett","IND","QB",28,4,NA,0.698,0.0348,1.7148,1.10475577995018,47,0.0463333333333333,12,1.68,NA,NA,NA,5.07078276456168,NA,NA,NA
2534241,"Derek Carrier","LVR","TE",30,8,NA,0.683,0.1388,1.172,0.575781208446403,81,0.0155,18,1.0332,NA,NA,NA,4.64150605812042,NA,NA,NA
2564178,"Tyler Davis","JAC","TE",50,0,NA,0.675,0.135,1.215,0.954594154601839,82,0.125666666666667,18,1.08,NA,NA,NA,6.35524379255536,NA,NA,NA
2539308,"Matt Barkley","BUF","QB",30,7,NA,0.668333333333333,0.0844000000000001,1.18693333333333,0.649198137876429,48,0.0401666666666667,12,1.10253333333333,NA,NA,NA,4.12530765089302,NA,NA,NA
2559018,"Pharaoh Brown","FA","TE",50,3,NA,0.66,0.66,0.66,0,83,0.228666666666667,18,0,NA,NA,NA,2.03669016228704,NA,NA,NA
2561671,"Malik Turner","DAL","WR",50,2,NA,0.646,0.4492,0.8428,0.347896536343781,134,0.04025,19,0.3936,NA,NA,NA,2.83187182995076,NA,NA,NA
2495240,"Tyrod Taylor","LAC","QB",31,9,NA,0.635,0.012,1.4572,0.826709945103682,49,0.0344166666666667,12,1.4452,NA,NA,NA,4.49371985741802,NA,NA,NA
2555317,"Tajae Sharpe","MIN","WR",26,4,NA,0.631,0.4158,0.8462,0.380423448278363,135,0.0635,19,0.4304,NA,NA,NA,2.94937809582149,NA,NA,NA
2552466,"Marcus Mariota","LVR","QB",27,5,NA,0.621333333333333,0.1864,0.932,0.538090450884731,50,0.0422499999999999,12,0.7456,NA,NA,NA,3.89471212732823,NA,NA,NA
2555209,"Chris Moore","BAL","WR",27,4,NA,0.5805,0.3057,0.8553,0.485782358675158,136,0.04925,19,0.5496,NA,NA,NA,3.32999621788102,NA,NA,NA
2495441,"Blaine Gabbert","TB","QB",31,9,NA,0.579833333333333,0.223,0.788,0.387128603380783,51,0.00866666666666671,12,0.565,NA,NA,NA,3.58140233566565,NA,NA,NA
252,"Chad Henne","KC","QB",35,12,NA,0.578333333333333,0.142,0.9208,0.439308041760626,52,0.0398333333333334,12,0.7788,NA,NA,NA,3.68969677719619,NA,NA,NA
2561099,"Mike Boone","MIN","RB",50,2,NA,0.574,0.5172,0.6308,0.10040916292849,101,0.0105000000000002,27,0.1136,NA,66,11,5.25578057844175,NA,NA,NA
2562293,"Ty Johnson","DET","RB",NA,1,NA,0.57,0.57,0.57,0,102,0.0185000000000001,27,0,NA,NA,NA,2.7919754750375,NA,NA,NA
2558954,"Taysom Hill","NO","QB",30,3,NA,0.564,0.53,0.6116,0.0588897274573419,53,0.0781666666666667,12,0.0816,NA,28.5,1.8,3.52690879170641,NA,NA,NA
2556803,"C.J. Ham","MIN","RB",27,4,NA,0.557,0.3778,0.7362,0.316783837971573,103,0.02925,27,0.3584,NA,80.3,6.8,4.47535507000461,NA,NA,NA
2561272,"Trent Sherfield","ARI","WR",50,2,NA,0.5545,0.4381,0.6709,0.205768073325285,137,0.05675,20,0.2328,NA,NA,NA,2.3184205377765,NA,NA,NA
2556762,"Elijhaa Penny","NYG","RB",27,4,NA,0.546,0.542,0.55,0.00707106781186548,104,0.0442499999999999,27,0.00800000000000001,NA,NA,NA,2.81454660467828,NA,NA,NA
2533033,"Robert Griffin","BAL","QB",30,8,NA,0.513,0.03,0.976,0.536182804647818,54,0.0550833333333334,12,0.946,NA,NA,NA,3.89075295317307,NA,NA,NA
2555220,"Derek Watt","PIT","RB",28,4,NA,0.5095,0.1678,0.77,0.343442862787975,105,0.0207083333333334,27,0.6022,NA,NA,NA,3.88825875027074,NA,NA,NA
2562466,"JJ Arcega-Whiteside","PHI","WR",NA,1,NA,0.508,0.4696,0.5464,0.0678822509939086,138,0.06425,20,0.0768,NA,NA,NA,1.82029614984625,NA,NA,NA
2557977,"Jeremy McNichols","FA","RB",25,3,NA,0.494,0.2676,0.7204,0.400222438151586,106,0.0279999999999999,27,0.4528,NA,NA,NA,4.06950141270568,NA,NA,NA
2561261,"Brandon Powell","ATL","WR",50,2,NA,0.4875,0.0975000000000001,0.8775,0.689429111656884,139,0.0875,20,0.78,NA,NA,NA,4.0656876215934,NA,NA,NA
2495262,"Nick Bellore","SEA","RB",31,9,NA,0.483583333333333,0.0932333333333333,0.86,0.435578064185974,107,0.036875,27,0.766766666666667,NA,NA,NA,4.18235797694539,NA,NA,NA
2539335,"Geno Smith","SEA","QB",30,7,NA,0.458666666666667,0.1376,0.688,0.397216985202463,55,0.00283333333333335,12,0.5504,NA,NA,NA,3.6023400020961,NA,NA,NA
2532888,"Case Keenum","CLE","QB",32,8,NA,0.457166666666667,0.049,0.8076,0.420625063975561,56,0.0154166666666667,12,0.7586,NA,NA,NA,3.65092168286434,NA,NA,NA
2506340,"Alex Smith","WAS","QB",36,15,NA,0.4545,0.057,0.814,0.422299656642058,57,0.0590000000000001,12,0.757,NA,NA,NA,3.65439717212295,NA,NA,NA
2550400,"Keith Smith","ATL","RB",28,6,NA,0.448416666666667,0.24,0.7961,0.372464800723206,108,0.0129166666666667,27,0.5561,NA,NA,NA,3.98089793023498,NA,NA,NA
2562622,"Ryquell Armstead","JAC","RB",NA,1,NA,0.445,0.0890000000000001,0.801,0.629325035256027,109,0.0865,27,0.712,NA,66.5,3.5,4.08964834139787,NA,NA,NA
2559044,"Antony Auclair","TB","TE",27,3,NA,0.438666666666667,0.2548,0.57,0.227476006060713,84,0.0233333333333333,18,0.3152,NA,NA,NA,3.06578438734248,NA,NA,NA
497123,"Colt McCoy","NYG","QB",34,10,NA,0.429,-0.012,0.8588,0.495974461708127,58,0.101666666666667,12,0.8708,NA,NA,NA,3.80730360648166,NA,NA,NA
2552374,"Ameer Abdullah","MIN","RB",27,5,NA,0.426,0.378,0.474,0.0848528137423857,110,0.1375,28,0.096,NA,91.5,3.5,3.22065985022781,NA,NA,NA
2561027,"Tyler Conklin","MIN","TE",NA,2,NA,0.424,0.2378,0.587,0.192935222289762,85,0.0273333333333333,18,0.3492,NA,NA,NA,2.90952297883997,NA,NA,NA
2561293,"Deon Yelder","KC","TE",NA,2,NA,0.406666666666667,0.38,0.444,0.0461880215351701,86,0.03,18,0.064,NA,NA,NA,2.24564330443028,NA,NA,NA
4487,"Matthew Slater","NE","WR",35,12,NA,0.4,0.0800000000000001,0.72,0.565685424949238,140,0.04675,20,0.64,NA,NA,NA,3.6186529144765,NA,NA,NA
2563803,"Donovan Peoples-Jones","CLE","WR",50,0,NA,0.4,0.4,0.4,NA,140,0.09675,21,0,NA,NA,NA,NA,NA,NA,NA
2563911,"Albert Okwuegbunam","DEN","TE",50,0,NA,0.386666666666667,0.116,0.58,0.334863156129983,87,0.0468333333333334,18,0.464,NA,NA,NA,3.5516004428255,NA,NA,NA
2562777,"Trevon Wesco","NYJ","TE",NA,1,NA,0.366666666666667,0.11,0.55,0.317542648054294,88,0.0761666666666667,18,0.44,NA,NA,NA,3.47324301452179,NA,NA,NA
2543497,"AJ McCarron","HOU","QB",30,6,NA,0.362,0.018,0.774,0.417411068372653,59,0.0756666666666667,13,0.756,NA,NA,NA,3.64425128031296,NA,NA,NA
2558875,"Johnny Mundt","LAR","TE",50,3,NA,0.313,0.1426,0.4834,0.301227488785469,89,0.049,18,0.3408,NA,NA,NA,3.39943375228282,NA,NA,NA
2555419,"Pharoh Cooper","CAR","WR",25,4,NA,0.3065,0.2301,0.3829,0.135057395206631,143,0.02925,21,0.1528,NA,NA,NA,2.0629721337097,NA,NA,NA
2565048,"K.J. Hill","LAC","WR",50,0,NA,0.3,0.3,0.3,NA,144,0.05175,21,0,NA,NA,NA,NA,NA,NA,NA
2560942,"Logan Woodside","TEN","QB",25,2,NA,0.292666666666667,-0.2412,0.674,0.660488707952932,60,0.0192499999999999,13,0.9152,NA,NA,NA,4.14874036728402,NA,NA,NA
2550633,"Senorise Perry","TEN","RB",29,6,NA,0.291,0.291,0.291,NA,111,0.078,29,0,NA,NA,NA,NA,NA,NA,NA
2552636,"Michael Burton","NO","RB",28,5,NA,0.286,0.2236,0.3484,0.110308657865101,112,0.151,29,0.1248,NA,NA,NA,3.14408509743367,NA,NA,NA
2562745,"Easton Stick","LAC","QB",NA,1,NA,0.28,0.28,0.28,NA,61,0.0177666666666667,13,0,NA,NA,NA,NA,NA,NA,NA
2553454,"Geoff Swaim","TEN","TE",NA,NA,NA,0.268,0.0664,0.46,0.222566843891897,90,0.00812499999999999,19,0.3936,NA,NA,NA,3.04357549364298,NA,NA,NA
2552588,"Brett Hundley","ARI","QB",27,5,NA,0.266833333333333,0.013,0.4928,0.266508494757255,62,0.0350166666666667,13,0.4798,NA,NA,NA,3.33106450708172,NA,NA,NA
2553900,"Daniel Brown","NYJ","TE",NA,NA,NA,0.26,0.26,0.26,NA,91,0.125125,19,0,NA,NA,NA,NA,NA,NA,NA
2558144,"Adam Shaheen","MIA","TE",26,3,NA,0.25975,0.148,0.3673,0.126360265379061,92,0.25475,19,0.2193,NA,NA,NA,2.60833998870152,NA,NA,NA
2555427,"Nate Sudfeld","PHI","QB",27,4,NA,0.257633333333333,0.00436,0.588,0.332084065662095,63,0.0616333333333333,13,0.58364,NA,NA,NA,3.46716159914873,NA,NA,NA
2550198,"Bennie Fowler","FA","WR",29,6,NA,0.2545,0.2125,0.2965,0.0742462120245875,146,0.01925,21,0.084,NA,NA,NA,1.84328650621226,NA,NA,NA
2558127,"Josh Malone","FA","WR",24,3,NA,0.242,0.1476,0.3364,0.166877200360025,147,0.02775,21,0.1888,NA,NA,NA,2.17792391553976,NA,NA,NA
2553502,"DeAndre Carter","HOU","WR",27,5,NA,0.2285,-0.0303,0.4873,0.457498087427696,148,0.02875,21,0.5176,NA,NA,NA,3.2278168562543,NA,NA,NA
2564499,"Tua Tagovailoa","MIA","QB",50,0,NA,0.206,-0.168,0.532,0.388974720686748,64,0.0659999999999999,13,0.7,NA,NA,NA,3.58523381122109,NA,NA,NA
2560844,"Byron Pringle","KC","WR",50,2,NA,0.2,0.2,0.2,NA,150,0.0145,21,0,NA,NA,NA,NA,NA,NA,NA
2558262,"Mack Hollins","MIA","WR",27,3,NA,0.1995,0.0711000000000001,0.3279,0.226981276760882,151,0.06025,21,0.2568,NA,NA,NA,2.39505505899654,NA,NA,NA
2564115,"Jacob Eason","IND","QB",50,0,NA,0.186,0.186,0.186,0,65,0.1125,13,0,NA,NA,NA,2.77794646865469,NA,NA,NA
497320,"Andre Roberts","BUF","WR",32,10,NA,0.1715,0.0687,0.2743,0.181726442764943,153,0.06725,21,0.2056,NA,NA,NA,2.23156808039379,NA,NA,NA
2555417,"C.J. Prosise","FA","RB",26,4,NA,0.14,0.14,0.14,NA,113,0.0225,30,0,NA,69.3,5.6,4.50425446166985,NA,NA,NA
2564412,"Lynn Bowden","MIA","RB",50,0,NA,0.13,0.074,0.186,0.0989949493661166,114,0.0275,30,0.112,NA,NA,NA,3.10797129000843,NA,NA,NA
2560761,"Richie James","SF","WR",25,2,NA,0.107,0.107,0.107,NA,154,0.00625000000000001,22,0,NA,NA,NA,NA,NA,NA,NA
2558138,"Samaje Perine","CIN","RB",25,3,NA,0.105,0.105,0.105,NA,115,0.005,30,0,NA,89,0,1.50221768316028,NA,NA,NA
2560801,"Ray-Ray McCloud","PIT","WR",NA,2,NA,0.1015,0.0771,0.1259,0.0431335136523794,155,0.0015,22,0.0488,NA,NA,NA,1.73088920842287,NA,NA,NA
2539289,"Kenjon Barner","FA","RB",31,7,NA,0.1,0.1,0.1,NA,116,0.023,30,0,NA,NA,NA,NA,NA,NA,NA
2562804,"Penny Hart","FA","WR",50,1,NA,0.1,0.1,0.1,NA,156,0.0105,22,0,NA,NA,NA,NA,NA,NA,NA
2562860,"Jason Moore","LAC","WR",NA,1,NA,0.1,0.1,0.1,NA,156,0.0494999999999999,22,0,NA,NA,NA,NA,NA,NA,NA
2562906,"Cullen Gillaspia","HOU","RB",50,1,NA,0.1,0.1,0.1,NA,116,0.0615,30,0,NA,NA,NA,NA,NA,NA,NA
2563608,"Jake Fromm","BUF","QB",50,0,NA,0.094,0.094,0.094,0,66,0.0575,13,0,NA,NA,NA,2.77794646865469,NA,NA,NA
2560243,"Brandon Zylstra","CAR","WR",27,3,NA,0.079,0.0622,0.0958,0.029698484809835,158,0.0634999999999999,22,0.0336,NA,NA,NA,1.68235401165017,NA,NA,NA
2561344,"Buddy Howell","HOU","RB",50,2,NA,0.054,0.014,0.094,0.0707106781186548,118,0.0425,30,0.08,NA,NA,NA,3.0176867714453,NA,NA,NA
2552576,"Sean Mannion","MIN","QB",28,5,NA,0.053,0.008,0.086,0.0452990066116245,67,0.043,14,0.078,NA,NA,NA,2.87196109922973,NA,NA,NA
2495467,"Taiwan Jones","BUF","RB",32,9,NA,0.023,0.007,0.039,0.0282842712474619,119,0.113,31,0.032,NA,NA,NA,2.88225999360062,NA,NA,NA
2561029,"Keke Coutee","HOU","WR",23,2,NA,0.0220000000000001,-0.2484,0.2924,0.478004184082106,161,0.0135000000000001,22,0.5408,NA,NA,NA,3.30189689343367,NA,NA,NA
2558191,"Nathan Peterman","LVR","QB",26,3,NA,0.02,0.004,0.0359999999999999,0.0282842712474618,68,0.035,14,0.0319999999999999,NA,NA,NA,2.83664831470647,NA,NA,NA
2558864,"Mason Schreck","CIN","TE",NA,3,NA,0.01,0.01,0.01,NA,94,0.01,21,0,NA,NA,NA,NA,NA,NA,NA
2563881,"Tyrie Cleveland","DEN","WR",50,0,NA,0.009,0.009,0.009,NA,163,0.005,22,0,NA,NA,NA,NA,NA,NA,NA
2556805,"Johnny Holton","FA","WR",29,4,NA,0.008,0.008,0.008,NA,164,0.008,0,0,NA,NA,NA,NA,NA,NA,NA
2541185,"Ryan Griffin","TB","QB",31,7,NA,0,0,0,NA,69,0.0699999999999999,15,0,NA,NA,NA,NA,NA,NA,NA
2561067,"Cam Sims","FA","WR",50,2,NA,0,0,0,NA,165,NA,0,0,NA,NA,NA,NA,NA,NA,NA
2562491,"Hakeem Butler","FA","TE",50,1,NA,0,0,0,0,96,NA,21,0,NA,NA,NA,2.03669016228704,NA,NA,NA
2563878,"LaVante Bellamy","DEN","RB",50,0,NA,0,0,0,NA,120,0.18,31,0,NA,NA,NA,NA,NA,NA,NA
2558167,"Joshua Dobbs","PIT","QB",25,3,NA,-0.03,-0.054,-0.00600000000000001,0.0424264068711929,75,0.145,15,0.048,NA,NA,NA,2.86599923773237,NA,NA,NA
2539275,"Mike Glennon","FA","QB",31,7,NA,-0.11,-0.742,0.522,1.11722871427475,76,0.13,15,1.264,NA,NA,NA,5.09666938770034,NA,NA,NA
2563938,"Jason Huntley","PHI","RB",50,0,NA,-0.18,-0.18,-0.18,NA,129,NA,31,0,NA,NA,NA,NA,NA,NA,NA
2562404,"Will Grier","CAR","QB",50,1,NA,-0.24,-0.24,-0.24,NA,77,NA,15,0,NA,NA,NA,NA,NA,NA,NA
100018,"Raiders","LVR","DST",NA,NA,NA,-1.07,-0.373999999999999,2.234,2.30516810666814,31,NA,11,2.608,NA,NA,NA,7.76932185631459,NA,NA,NA
