"playerId","player","team","position","age","exp","bye","points","lower","upper","sdPts","positionRank","dropoff","tier","ptSpread","overallECR","positionECR","sdRank","risk","sleeper","actualPoints","salary"
2504775,"Drew Brees","NO","QB",37,15,5,20.6553333333333,19.7552,21.5392,1.11555606463025,1,0.902000000000001,1,1.784,NA,1.1,0.4,0.674024676391191,NA,4.04,NA
2504211,"Tom Brady","NE","QB",39,16,9,20.3606666666667,18.4924,22.8444,3.02886469379755,2,1.24466666666667,1,4.352,NA,NA,NA,10.9234883887715,NA,14.86,NA
2553435,"David Johnson","ARI","RB",25,1,9,20.21,20.082,20.338,0.16,1,3.21333333333333,1,0.256,NA,NA,NA,2.82575466575283,NA,29.5,NA
2543499,"Derek Carr","OAK","QB",25,2,10,19.146,16.1676,22.7276,4.30296967221476,3,0.234999999999999,1,6.56,NA,11,2.4,9.81087978938061,NA,18.8,NA
2495186,"Colin Kaepernick","SF","QB",29,5,8,19.086,17.2816,21.0816,2.41080650405627,4,0.570666666666664,1,3.8,NA,8.8,3,9.11355538982714,NA,2.16,NA
79860,"Matthew Stafford","DET","QB",28,7,10,18.736,17.7664,20.08,1.65770564335168,5,0.474666666666668,2,2.3136,NA,6.8,2.4,6.61769550609912,NA,23.84,NA
2532975,"Russell Wilson","SEA","QB",28,4,5,18.2946666666667,16.9788,19.8028,1.8134236497116,6,0.463666666666668,2,2.824,NA,7.8,2.4,6.8056677784723,NA,14.98,NA
2506363,"Aaron Rodgers","GB","QB",33,11,4,18.228,17.502,18.7612,0.89084903322617,7,1.17733333333333,2,1.2592,NA,NA,NA,5.76175184356886,NA,14.96,NA
2540175,"LeVeon Bell","PIT","RB",24,3,8,17.65,16.474,18.522,1.43930538802577,2,1.49833333333333,2,2.048,NA,1.9,0.5,3.28660134107203,NA,15.2,NA
310,"Matt Ryan","ATL","QB",31,8,11,17.434,15.2904,19.5704,2.67504542017514,8,0.786333333333335,2,4.28,NA,5.9,2.1,7.0523757890022,NA,15.18,NA
2506121,"Philip Rivers","SD","QB",35,12,11,16.6673333333333,15.5096,17.844,1.45957573744336,9,0.137,3,2.3344,NA,9.6,2.2,5.84960400651654,NA,12.8,NA
2495240,"Tyrod Taylor","BUF","QB",27,5,10,16.628,16.3372,16.95,0.388911300941488,10,0.229333333333336,3,0.6128,NA,13.9,2.3,4.82163134856167,NA,10.64,NA
2533031,"Andrew Luck","IND","QB",27,4,10,16.4326666666667,13.7296,19.2896,3.49093129885613,11,0.567,3,5.56,NA,6.5,2.4,8.83064184604582,NA,29.72,NA
2506109,"Ben Roethlisberger","PIT","QB",34,12,8,16.3646666666667,16.016,16.7792,0.497860756972603,12,1.175,3,0.763199999999998,NA,4.7,1.8,3.63084167396716,NA,16.56,NA
2555224,"Ezekiel Elliott","DAL","RB",21,0,7,16.3433333333333,15.106,17.586,1.55004301015595,3,0.823333333333334,2,2.48,NA,3.7,1.2,3.95032692278921,NA,16.5,NA
2552469,"Melvin Gordon","SD","RB",23,1,11,15.96,15.568,16.432,0.567097875150314,4,1.07166666666667,3,0.864000000000003,NA,4.9,1.8,2.80296151682319,NA,19.8,NA
2505245,"Carson Palmer","ARI","QB",37,13,9,15.3666666666667,15.056,15.792,0.522717259456135,13,0.390000000000001,4,0.735999999999997,NA,NA,NA,4.87298415811083,NA,23.9,NA
79607,"LeSean McCoy","BUF","RB",28,7,10,15.08,13.146,17.122,2.49597676271235,5,1.01,3,3.976,NA,4.2,1.3,5.52615831666046,NA,19.1,NA
2506340,"Alex Smith","KC","QB",32,11,5,15.0126666666667,14.7344,15.296,0.351171373168904,14,0.111333333333334,4,0.561599999999999,NA,20,2.8,6.09838036179837,NA,11.5,NA
2555260,"Dak Prescott","DAL","QB",23,0,7,14.9406666666667,14.6984,15.2024,0.317807069357075,15,0.123333333333333,4,0.503999999999998,NA,14.8,2.1,4.20687667373403,NA,10.26,NA
2508061,"Antonio Brown","PIT","WR",28,6,8,14.9166666666667,13.87,16.318,1.71188005810376,1,0.709999999999999,1,2.448,NA,1.4,0.7,3.25886475760051,NA,11.4,NA
2552033,"Jameis Winston","TB","QB",22,1,6,14.862,14.6412,15.1692,0.37933099003377,16,0.256333333333334,5,0.528,NA,14.7,2.8,6.13237275159953,NA,12.3,NA
2495455,"Cam Newton","CAR","QB",27,5,7,14.7726666666667,12.5276,16.8156,2.71549651690687,17,0.418666666666667,5,4.288,NA,14.2,2.5,8.15905051055621,NA,12.48,NA
2555418,"Jordan Howard","CHI","RB",22,0,9,14.6966666666667,13.044,16.316,2.04627303489376,6,1.415,3,3.272,NA,5.9,1.7,5.08861223094567,NA,29.7,NA
2495454,"Julio Jones","ATL","WR",27,5,11,14.52,12.162,17.098,3.12155410012385,2,0.796666666666669,1,4.936,NA,2.3,1.1,5.00239609720783,NA,11.3,NA
2506581,"Ryan Fitzpatrick","NYJ","QB",34,11,11,14.4386666666667,13.5212,15.5772,1.37124225916989,18,0.246333333333332,5,2.056,NA,NA,NA,6.92154843259794,NA,0.54,NA
2532820,"Kirk Cousins","WAS","QB",28,4,9,14.2693333333333,12.3876,15.8196,2.2618667806335,19,0.326333333333334,5,3.432,NA,13.3,2.5,7.61145929527786,NA,14.84,NA
2505996,"Eli Manning","NYG","QB",35,12,8,14.1153333333333,12.9732,15.1012,1.37235758216776,20,0.398666666666664,5,2.128,NA,15.6,3.1,8.12447112782019,NA,9.7,NA
2543468,"Mike Evans","TB","WR",23,2,6,13.8933333333333,13.036,14.956,1.27970048579085,3,0.998333333333335,1,1.92,NA,NA,NA,5.34113892539278,NA,3.8,NA
2533436,"Brock Osweiler","HOU","QB",26,4,9,13.7706666666667,11.8764,15.9644,2.63598204343909,21,0.177666666666667,5,4.088,NA,26.9,2.4,7.79860478070447,NA,18.08,NA
2495143,"Andy Dalton","CIN","QB",29,5,9,13.6626666666667,13.2644,14.082,0.513031513002206,22,0.196000000000002,6,0.817600000000001,NA,23.6,2.6,5.76484456011865,NA,22.18,NA
2543496,"Odell Beckham","NYG","WR",24,2,8,13.5533333333333,11.744,15.568,2.4309943096053,4,1.465,1,3.824,NA,NA,NA,7.94471653061917,NA,10,NA
382,"Joe Flacco","BAL","QB",31,8,8,13.5233333333333,12.8,14.072,0.880359774940526,23,0.167333333333334,6,1.272,NA,23.6,2.3,5.41487479272965,NA,28.24,NA
234,"Matt Forte","NYJ","RB",31,8,11,13.4433333333333,12.37,14.738,1.55564563231262,7,0.51,4,2.368,NA,NA,NA,7.27030609265258,NA,7.9,NA
2553457,"Trevor Siemian","DEN","QB",NA,NA,11,13.41,13.41,13.41,NA,24,0.403333333333332,6,0,NA,NA,NA,NA,NA,NA,NA
2555259,"Carson Wentz","PHI","QB",24,0,4,13.302,12.3212,14.4812,1.41669050960328,25,1.03733333333333,6,2.16,NA,23.1,2.7,7.12014196061924,NA,8.92,NA
100009,"Broncos","DEN","DST",NA,NA,11,13.2,13.2,13.2,NA,1,1.95,1,0,NA,1.1,0.3,-0.0814139995362329,NA,17,NA
2543743,"Carlos Hyde","SF","RB",25,2,8,13.12,11.16,15.416,2.75768018450291,8,0.423333333333334,4,4.256,NA,9.9,2.8,6.987292912967,NA,9.8,NA
2533034,"Lamar Miller","HOU","RB",25,4,9,12.7466666666667,11.41,14.234,1.79489089733424,9,0.101666666666668,4,2.824,NA,12.1,3,5.59350783568815,NA,1.8,NA
497095,"Sam Bradford","MIN","QB",29,6,6,12.7113333333333,11.1948,14.2508,1.91064526622116,26,1.02966666666667,6,3.056,NA,NA,NA,8.22381027540627,NA,14.88,NA
2532899,"Doug Martin","TB","RB",27,4,6,12.6466666666667,11.114,14.546,2.28718895881677,10,0.0483333333333338,4,3.432,NA,12.6,3.1,6.44701863779352,NA,12.8,NA
2543603,"Jeremy Hill","CIN","RB",24,2,9,12.6433333333333,11.036,14.276,2.02574266216944,11,0.318333333333333,4,3.24,NA,NA,NA,8.76736980027106,NA,10.5,NA
2543583,"Devonta Freeman","ATL","RB",24,2,11,12.5533333333333,10.736,14.304,2.23466626889416,12,0.541666666666666,4,3.568,NA,9.3,2.5,5.94561665888703,NA,22.5,NA
2530747,"Doug Baldwin","SEA","WR",28,5,5,12.2366666666667,10.744,14.208,2.40025693069166,5,0.418333333333337,2,3.464,NA,9.7,3.3,5.009542673998,NA,6.5,NA
497149,"LeGarrette Blount","NE","RB",30,6,9,12.0966666666667,11.292,13.22,1.38853639971494,13,0.185,4,1.928,NA,13.8,3.4,5.22498639293304,NA,14.8,NA
2532865,"T.Y. Hilton","IND","WR",27,4,10,11.94,9.1,15.068,3.78175885005906,6,0.26,2,5.968,NA,NA,NA,10.9993844483254,NA,14.6,NA
2553733,"Thomas Rawls","SEA","RB",23,1,5,11.9266666666667,10.406,13.646,2.07017712607722,14,0.0433333333333348,4,3.24,NA,18.9,3.4,6.31035763361336,NA,23.8,NA
2540020,"Theo Riddick","DET","RB",25,3,10,11.8966666666667,9.206,14.822,3.54658051273806,15,0.194999999999999,4,5.616,NA,NA,NA,13.6106064230428,NA,7.7,NA
2495466,"Mark Ingram","NO","RB",27,5,5,11.87,11.006,13.054,1.45547243189282,16,0.348333333333334,5,2.048,NA,NA,NA,6.95129607280593,NA,5.3,NA
2539308,"Matt Barkley","CHI","QB",26,3,9,11.818,11.1548,12.4188,0.801468651913472,27,1.04,7,1.264,NA,22.8,2.7,6.37748763754562,NA,7.98,NA
2552487,"Amari Cooper","OAK","WR",22,1,10,11.6966666666667,9.93,13.722,2.43526863679006,7,0.0449999999999982,2,3.792,NA,7.6,3.2,5.01173421015233,NA,11.9,NA
2506106,"Larry Fitzgerald","ARI","WR",33,12,9,11.6633333333333,10.42,13.164,1.80322858599051,8,0.175000000000001,2,2.744,NA,NA,NA,6.5250643571045,NA,7.8,NA
2495893,"Brandon Marshall","NYJ","WR",32,10,11,11.64,9.826,13.77,2.55818294889165,9,0.378333333333334,2,3.944,NA,NA,NA,8.23234553203953,NA,4.3,NA
2532956,"Ryan Tannehill","MIA","QB",28,4,8,11.5453333333333,11.252,11.8728,0.394975104700706,28,1.66833333333333,7,0.620799999999999,NA,24.3,2.7,5.88679604984311,NA,4.04,NA
2541161,"Latavius Murray","OAK","RB",26,3,10,11.5333333333333,11.354,11.682,0.21548395145192,17,0.18,5,0.327999999999999,NA,NA,NA,3.00244799670034,NA,22.5,NA
2552582,"Jay Ajayi","MIA","RB",23,1,8,11.51,9.44,13.368,2.49753878848758,18,0.421666666666665,5,3.928,NA,15,4,7.40861280055565,NA,8.7,NA
2543498,"Brandin Cooks","NO","WR",23,2,5,11.3366666666667,9.468,13.492,2.59045041128629,10,0.223333333333333,2,4.024,NA,12.7,5.7,6.12212192610232,NA,7.3,NA
100030,"Seahawks","SEA","DST",NA,NA,5,11.3,11.3,11.3,NA,2,0.300000000000001,1,0,NA,3.5,1.5,1.51311446920913,NA,8,NA
100024,"Jets","NYJ","DST",NA,NA,11,11.2,11.2,11.2,NA,3,0.449999999999999,0,0,NA,18.2,7,8.82136995095872,NA,-1,NA
71345,"Rashad Jennings","NYG","RB",31,7,8,11.1966666666667,10.174,12.606,1.73529056164474,19,0.328333333333333,5,2.432,NA,24.5,3.4,5.77712035498857,NA,11.3,NA
1032,"Jordy Nelson","GB","WR",31,8,4,11.1866666666667,9.486,13.094,2.29896353458104,11,0.150000000000002,2,3.608,NA,6.4,2.6,4.63323055078943,NA,17.8,NA
71269,"Michael Crabtree","OAK","WR",29,7,10,11.04,9.188,13.252,2.65689668598536,12,0.0133333333333319,2,4.064,NA,NA,NA,8.45558035698966,NA,13.4,NA
2540165,"DeAndre Hopkins","HOU","WR",24,3,9,11.0333333333333,9.316,13.188,2.59864067029925,13,0.0466666666666669,2,3.872,NA,20.8,4.6,5.72001761782564,NA,11.8,NA
2556370,"Michael Thomas","NO","WR",22,0,5,11.02,9.546,12.834,2.18286508973871,14,0.116666666666667,2,3.288,NA,10.9,3.1,4.68894010796548,NA,4.2,NA
2540204,"Spencer Ware","KC","RB",25,3,5,10.98,8.954,12.69,2.43316666095851,20,0.265000000000001,5,3.736,NA,8.2,2.6,6.33131571114707,NA,17.2,NA
2553913,"Tyrell Williams","SD","WR",NA,NA,11,10.9533333333333,8.952,13.512,3.09492056979389,15,0.225000000000001,2,4.56,NA,NA,NA,9.4461434529157,NA,10.7,NA
497278,"Dez Bryant","DAL","WR",28,6,7,10.8533333333333,8.948,12.9,2.48888194443476,16,0.261666666666665,2,3.952,NA,11.7,4.5,5.55851460148565,NA,14.4,NA
100026,"Cardinals","ARI","DST",NA,NA,9,10.8,10.8,10.8,NA,4,0.150000000000002,0,0,NA,9.1,3.6,4.30353928951352,NA,6,NA
2552453,"Tevin Coleman","ATL","RB",23,1,11,10.7566666666667,9.502,12.478,2.11670341175454,21,0.535,5,2.976,NA,28,3.3,6.31481265949876,NA,4.9,NA
100025,"Eagles","PHI","DST",NA,NA,4,10.7,10.7,10.7,NA,5,0.199999999999999,0,0,NA,6.1,2.8,3.24052031034994,NA,4,NA
2506404,"Frank Gore","IND","RB",33,11,10,10.6733333333333,8.946,12.33,2.12052666414109,22,0.981666666666667,5,3.384,NA,21.6,2.6,5.83350146955542,NA,7.9,NA
238498,"Julian Edelman","NE","WR",30,7,9,10.6033333333333,8.484,13.052,2.94269151175133,17,0.0616666666666656,2,4.568,NA,NA,NA,9.10188714042097,NA,10.1,NA
100021,"Patriots","NE","DST",NA,NA,9,10.6,10.6,10.6,NA,6,0.199999999999999,0,0,NA,2.7,2,2.17750133118637,NA,12,NA
497326,"Golden Tate","DET","WR",28,6,10,10.58,8.434,13.114,3.04323840669771,18,0.194999999999999,2,4.68,NA,21.4,5,6.37231967926042,NA,20.5,NA
497236,"Jimmy Graham","SEA","TE",30,6,5,10.54,9.096,12.52,2.43439930989146,1,0.651666666666667,1,3.424,NA,NA,NA,9.7734147701895,NA,12.3,NA
2552608,"Stefon Diggs","MIN","WR",23,1,6,10.5033333333333,9.028,12.028,1.8780397581876,19,0.359999999999999,2,3,NA,NA,NA,6.69424505496297,NA,5.9,NA
100002,"Ravens","BAL","DST",NA,NA,8,10.4,10.4,10.4,NA,7,0.0499999999999989,0,0,NA,4.5,2.7,3.1076429379545,NA,15,NA
100027,"Steelers","PIT","DST",NA,NA,8,10.4,10.4,10.4,NA,7,0.15,0,0,NA,12.4,3.9,4.70217140669986,NA,12,NA
100011,"Packers","GB","DST",NA,NA,4,10.3,10.3,10.3,NA,9,0.800000000000001,0,0,NA,8.3,3.7,4.43641666190897,NA,8,NA
497328,"Demaryius Thomas","DEN","WR",29,6,11,10.2666666666667,9.054,11.894,1.98912878751813,20,0.270000000000001,2,2.84,NA,19.5,5.6,5.40479982775687,NA,6.1,NA
100008,"Cowboys","DAL","DST",NA,NA,7,10.2,10.2,10.2,NA,10,1.9,0,0,NA,13.1,3.8,4.56929403430441,NA,9,NA
2543457,"Sammy Watkins","BUF","WR",23,2,10,10.02,7.41,13.034,3.62219546684052,21,0.186666666666667,2,5.624,NA,NA,NA,10.638542026896,NA,3.8,NA
2555334,"Jared Goff","LA","QB",22,0,8,10.0106666666667,8.1744,12.1904,2.61783905795091,29,1.91266666666667,7,4.016,NA,28.3,2.2,7.24778134934147,NA,4.34,NA
2540148,"Tyler Eifert","CIN","TE",26,3,9,9.98666666666667,8.12,12.216,2.67771046480633,2,0.253333333333336,1,4.096,NA,3.6,1.5,5.71598386751793,NA,8.5,NA
2552415,"Jamison Crowder","WAS","WR",23,1,9,9.97333333333333,6.888,13.4,4.13654848071836,22,0.324999999999999,2,6.512,NA,25.4,6.4,8.1321008915958,NA,10.2,NA
2540258,"Travis Kelce","KC","TE",27,3,5,9.79,7.882,11.978,2.63079835791343,3,0.494999999999999,1,4.096,NA,2.2,1,5.28608753247797,NA,14,NA
2555229,"Kenneth Dixon","BAL","RB",22,0,8,9.77,7.35,12.406,3.19441700471307,23,0.18,5,5.056,NA,28.2,2.7,7.61307714588594,NA,7.7,NA
2543477,"Blake Bortles","JAC","QB",25,2,5,9.74333333333333,8.204,11.012,1.85025223505698,30,6.235,8,2.808,NA,NA,NA,8.07800548932138,NA,7.14,NA
2543471,"Kelvin Benjamin","CAR","WR",25,2,7,9.69333333333333,7.972,11.684,2.39216080841847,23,0.211666666666666,3,3.712,NA,NA,NA,7.85689704272549,NA,1.8,NA
2495700,"Greg Olsen","CAR","TE",31,9,7,9.67666666666667,7.168,12.552,3.45737376245805,4,1.13166666666667,1,5.384,NA,3.5,1.6,6.89746514646675,NA,3,NA
2555223,"Devontae Booker","DEN","RB",24,0,11,9.61333333333333,8.672,10.736,1.34841882712061,24,0.918333333333333,6,2.064,NA,NA,NA,6.61037482400967,NA,9.7,NA
2543495,"Davante Adams","GB","WR",24,2,4,9.60333333333333,7.088,12.44,3.41658211277489,24,0.296666666666665,3,5.352,NA,18.6,4.7,6.68227567307842,NA,1.7,NA
2552475,"Todd Gurley","LA","RB",22,1,8,9.56666666666667,8.756,10.372,1.01006600444393,25,1.88333333333333,6,1.616,NA,20.4,2.9,4.27420882924269,NA,4.7,NA
2543614,"Donte Moncrief","IND","WR",23,2,10,9.36,7.102,11.814,2.97541593731028,25,0.185,3,4.712,NA,18.5,5.9,6.63220309640231,NA,8.6,NA
2556214,"Tyreek Hill","KC","WR",22,0,5,9.25333333333333,6.52,12.104,3.49923324934668,26,0.225,3,5.584,NA,24.5,5.6,7.11230232496601,NA,5.3,NA
2550256,"Willie Snead","NO","WR",24,2,5,9.09666666666667,7.448,10.928,2.21066355046021,27,0.185,3,3.48,NA,30.7,5.4,5.58049953165788,NA,3.8,NA
71217,"Kenny Britt","LA","WR",28,7,8,8.96,6.908,11.372,2.89682584909759,28,0.338333333333335,3,4.464,NA,34.2,6.6,6.80511770211941,NA,12.7,NA
2543466,"Eric Ebron","DET","TE",23,2,10,8.91333333333333,7.29,10.834,2.30664980726016,5,0.760000000000002,1,3.544,NA,6.1,1.8,5.40616373133177,NA,3.8,NA
2507763,"Mike Wallace","BAL","WR",30,7,8,8.86333333333333,6.632,11.376,3.02691812464978,29,0.613333333333333,3,4.744,NA,32.6,6.2,6.80262805785917,NA,5.9,NA
100031,"Buccaneers","TB","DST",NA,NA,6,8.8,8.8,8.8,NA,11,1.25,0,0,NA,19,5.8,7.22684148221335,NA,12,NA
80429,"Jeremy Maclin","KC","WR",28,7,5,8.38,8.38,8.38,NA,30,0.323333333333332,3,0,NA,NA,NA,NA,NA,NA,NA
2550656,"Cameron Brate","TB","TE",25,2,6,8.17666666666667,6.79,9.878,2.04671281164049,6,0.048333333333332,2,3.088,NA,9.1,2.2,5.32702038373415,NA,14.6,NA
2505299,"Antonio Gates","SD","TE",36,13,11,8.13,6.854,9.846,2.09866624311728,7,0.0999999999999996,2,2.992,NA,8.8,3.2,6.12726396247093,NA,3.7,NA
2540158,"Zach Ertz","PHI","TE",26,3,4,8.12666666666667,5.298,11.402,3.93566174020753,8,0.21,2,6.104,NA,10,2.8,8.44931741536472,NA,13.9,NA
2535698,"Cole Beasley","DAL","WR",27,4,7,8.12,6.338,10.362,2.70501386318074,31,0.149999999999999,3,4.024,NA,42,5.7,6.25166089850016,NA,2.3,NA
2555295,"Sterling Shepard","NYG","WR",NA,0,8,7.99333333333333,6.048,9.984,2.46195721598352,32,0.163333333333333,3,3.936,NA,40.4,5.2,5.78984816631573,NA,8.1,NA
497322,"Emmanuel Sanders","DEN","WR",29,6,11,7.94666666666667,6.524,9.212,1.71418590979314,33,0.268333333333333,3,2.688,NA,NA,NA,6.32370001998958,NA,2.8,NA
2540215,"Vance McDonald","SF","TE",26,3,8,7.93333333333333,5.158,11.294,4.03896438871814,9,0.205,2,6.136,NA,12.8,3.6,9.17731945414878,NA,0.9,NA
2543721,"C.J. Fiedorowicz","HOU","TE",25,2,9,7.9,5.77,10.53,3.16583322365535,10,0.615,2,4.76,NA,NA,NA,11.8539216315489,NA,4.4,NA
2555461,"Wendell Smallwood","PHI","RB",22,0,4,7.82333333333333,6.28,9.616,2.15374866995509,26,0.321666666666666,6,3.336,NA,28.8,3.3,6.37379953674864,NA,1.9,NA
100032,"Redskins","WAS","DST",NA,NA,9,7.8,7.8,7.8,NA,12,0.550000000000001,0,0,NA,16.8,5.6,6.96108673742246,NA,2,NA
2543475,"Marqise Lee","JAC","WR",25,2,5,7.71333333333333,4.49,11.09,4.13833702510239,34,0.221666666666667,3,6.6,NA,47.6,5.7,7.87234538765491,NA,3.4,NA
2552491,"Dorial Green-Beckham","PHI","WR",23,1,4,7.64333333333333,4.666,11.226,4.30437374461528,35,0.413333333333333,3,6.56,NA,51.6,9.9,9.63075317813845,NA,2.9,NA
2495826,"Vernon Davis","WAS","TE",32,10,9,7.55666666666667,5.574,10.054,3.01357484282925,11,1.15,2,4.48,NA,12.9,3.7,7.79163454389435,NA,4.7,NA
497206,"James Starks","GB","RB",30,6,4,7.54333333333333,6.14,8.804,1.69340879096966,27,0.106666666666666,7,2.664,NA,29.7,3.6,5.84968917217646,NA,0.1,NA
2543664,"Terrance West","BAL","RB",25,2,8,7.46,6.596,8.276,1.05513032370414,28,0.163333333333333,7,1.68,NA,31.8,2.6,4.13707914161231,NA,18.8,NA
4383,"Tim Hightower","NO","RB",30,8,5,7.41333333333333,6.854,7.95,0.686755657663869,29,0.366666666666666,7,1.096,NA,25.9,3.8,4.38606003297229,NA,0.9,NA
2504595,"Steve Smith","BAL","WR",37,15,8,7.34,6.726,7.838,0.738985791473693,36,0.245000000000001,4,1.112,NA,28,5.3,3.87904996934408,NA,5.3,NA
100004,"Panthers","CAR","DST",NA,NA,7,7.3,7.3,7.3,NA,13,0.149999999999999,0,0,NA,19.7,5.8,7.22684148221335,NA,1,NA
100016,"Chiefs","KC","DST",NA,NA,5,7.2,7.2,7.2,NA,14,0.350000000000001,0,0,NA,12.7,4.7,5.76519038586344,NA,10,NA
2556414,"Rob Kelley","WAS","RB",24,0,9,7.18,5.596,8.764,2.80014285349873,30,0.286666666666667,7,3.168,NA,NA,NA,11.2335126345812,NA,6.3,NA
2543509,"Allen Robinson","JAC","WR",23,2,5,7.12,6.606,7.67,0.669552089086428,37,0.221666666666666,4,1.064,NA,28.9,5.9,4.02492103175696,NA,3.1,NA
100015,"Jaguars","JAC","DST",NA,NA,5,7.1,7.1,7.1,NA,15,0.55,0,0,NA,18.7,6.4,8.02410571658604,NA,6,NA
2543488,"Jarvis Landry","MIA","WR",24,2,8,7.07,6.73,7.546,0.588897274573418,38,0.41,4,0.815999999999999,NA,32.6,5.7,3.85892950092687,NA,8.7,NA
1062,"Martellus Bennett","NE","TE",29,8,9,7.01333333333333,4.712,9.64,3.159514730672,12,1.22333333333333,2,4.928,NA,NA,NA,11.8359491698433,NA,0.4,NA
949,"Jonathan Stewart","CAR","RB",29,8,7,6.91333333333333,5.35,8.062,1.91808063785998,31,0.128333333333334,7,2.712,NA,NA,NA,8.42451098805621,NA,2.3,NA
2506467,"Darren Sproles","PHI","RB",33,11,4,6.87333333333333,5.88,7.976,1.33121498389003,32,0.408333333333333,7,2.096,NA,32.7,3.3,5.06408552932692,NA,10.9,NA
2543828,"Quincy Enunwa","NYJ","WR",24,2,11,6.72666666666667,5.75,7.694,1.21516802679026,39,0.266666666666667,4,1.944,NA,37.7,6.6,4.90363670949715,NA,1,NA
2543715,"Jerick McKinnon","MIN","RB",24,2,6,6.69666666666667,5.972,7.276,0.873632264361461,33,0.671666666666667,7,1.304,NA,34.1,3.2,4.26585169690656,NA,11.5,NA
100028,"Chargers","SD","DST",NA,NA,11,6.6,6.6,6.6,NA,16,0.100000000000001,0,0,NA,9.5,3.5,4.17066191711807,NA,3,NA
2495448,"Randall Cobb","GB","WR",26,5,4,6.59333333333333,5.616,7.36,1.18158086195289,40,0.276666666666667,4,1.744,NA,34.1,5.9,4.6038812496837,NA,7.9,NA
100001,"Falcons","ATL","DST",NA,NA,11,6.5,6.5,6.5,NA,17,0.0499999999999998,0,0,NA,19.6,3.3,3.90490717232718,NA,3,NA
100005,"Bears","CHI","DST",NA,NA,9,6.5,6.5,6.5,NA,17,0.149999999999999,0,0,NA,17.4,5.8,7.22684148221335,NA,15,NA
2555316,"Paxton Lynch","DEN","QB",22,0,11,6.45266666666667,1.7688,10.2792,5.63357518218523,31,5.96416666666667,8,8.5104,NA,28.4,1.8,9.83032966725427,NA,5.26,NA
100029,"49ers","SF","DST",NA,NA,8,6.4,6.4,6.4,NA,19,0.0999999999999996,0,0,NA,16.4,4.6,5.63231301346799,NA,3,NA
2555216,"Malcolm Mitchell","NE","WR",23,0,9,6.32666666666667,2.712,10.024,4.57350339819851,41,0.0783333333333331,4,7.312,NA,46.9,9.3,9.71068194876281,NA,8.2,NA
2532841,"Michael Floyd","ARI","WR",27,4,9,6.30666666666667,5.326,7.206,1.18812176704803,42,0.121666666666666,5,1.88,NA,NA,NA,5.13403948969516,NA,7.8,NA
100014,"Colts","IND","DST",NA,NA,10,6.3,6.3,6.3,NA,20,0.0500000000000007,0,0,NA,21.3,5.5,6.82820936502701,NA,11,NA
100019,"Dolphins","MIA","DST",NA,NA,8,6.3,6.3,6.3,NA,20,0.15,0,0,NA,7.9,3.2,3.77202979993173,NA,0,NA
2495328,"Bilal Powell","NYJ","RB",28,5,11,6.23333333333333,5.864,6.616,0.470885690304275,34,0.42,8,0.752,NA,35.7,2.5,3.13716252632905,NA,0.3,NA
100018,"Raiders","OAK","DST",NA,NA,10,6.2,6.2,6.2,NA,22,0.100000000000001,0,0,NA,17.4,3.3,3.90490717232718,NA,8,NA
1581,"DeSean Jackson","WAS","WR",30,8,9,6.19,5.902,6.542,0.423320209770335,43,0.0450000000000008,5,0.640000000000001,NA,NA,NA,3.40448951228523,NA,5.9,NA
2540177,"Marquess Wilson","CHI","WR",24,3,9,6.18,5.948,6.428,0.30199337741083,44,0.154999999999999,5,0.48,NA,36.6,7,4.02068091429991,NA,0,NA
2540169,"Robert Woods","BUF","WR",24,3,10,6.11,6.11,6.11,NA,45,0.198333333333333,5,0,NA,NA,NA,NA,NA,NA,NA
100006,"Bengals","CIN","DST",NA,NA,9,6.1,6.1,6.1,NA,23,0.0499999999999998,0,0,NA,15.6,4.1,4.96792615149075,NA,11,NA
100022,"Saints","NO","DST",NA,NA,5,6.1,6.1,6.1,NA,23,0.199999999999999,0,0,NA,24.2,5.6,6.96108673742246,NA,2,NA
100013,"Texans","HOU","DST",NA,NA,9,6,6,6,NA,25,0.35,0,0,NA,19.9,4,4.83504877909531,NA,3,NA
2533040,"Mohamed Sanu","ATL","WR",27,4,11,5.94,5.212,6.684,0.920651942918712,46,0.0700000000000003,5,1.472,NA,46.2,6.3,4.45843152874172,NA,2.6,NA
2346,"Pierre Garcon","WAS","WR",30,8,9,5.88333333333333,5.38,6.54,0.797391580927045,47,0.0300000000000002,5,1.16,NA,48.1,5.8,4.13207462846521,NA,7.8,NA
2555466,"Tyler Boyd","CIN","WR",22,0,9,5.85666666666667,5.186,6.354,0.820812605491249,48,0.086666666666666,5,1.168,NA,41.3,4.7,3.74719202297172,NA,6.6,NA
2505587,"Anquan Boldin","DET","WR",36,13,10,5.85,5.178,6.506,0.830722577037605,49,0.246666666666666,5,1.328,NA,45.1,7.8,4.91769928588151,NA,4,NA
2552471,"T.J. Yeldon","JAC","RB",23,1,5,5.81666666666667,5.28,6.44,0.748888064622032,35,0.0116666666666667,8,1.16,NA,NA,NA,4.70111845961437,NA,8.2,NA
2495258,"Matt Asiata","MIN","RB",29,5,6,5.81,4.962,6.578,1.02474387043788,36,0.258333333333334,8,1.616,NA,35.4,2.5,4.01906660993726,NA,2.7,NA
100020,"Vikings","MIN","DST",NA,NA,6,5.8,5.8,5.8,NA,26,0.350000000000001,0,0,NA,12.3,4.4,5.3665582686771,NA,11,NA
497240,"Rob Gronkowski","NE","TE",27,6,9,5.8,5.8,5.8,NA,13,0.194999999999999,2,0,NA,NA,NA,NA,NA,NA,NA
2507999,"Chris Ivory","JAC","RB",28,6,5,5.8,5.8,5.8,NA,37,0.899999999999999,9,0,NA,NA,NA,NA,NA,NA,NA
2532853,"Ladarius Green","PIT","TE",26,4,8,5.78,3.338,8.578,3.36447618508439,14,0.45,2,5.24,NA,17.5,4.3,8.72650322676771,NA,17,NA
2553568,"Cameron Meredith","CHI","WR",NA,NA,9,5.69,5.666,5.714,0.0424264068711926,50,0.201666666666668,5,0.048,NA,49.3,5.4,3.12883447748218,NA,6.7,NA
2550617,"Taylor Gabriel","ATL","WR",25,2,11,5.51666666666667,4.418,6.674,1.41570948055501,51,0.0716666666666663,5,2.256,NA,45.4,6.9,5.24258307198026,NA,4.4,NA
100010,"Lions","DET","DST",NA,NA,10,5.5,5.5,5.5,NA,27,0.35,0,0,NA,28.3,3.2,3.77202979993173,NA,11,NA
2541785,"Adam Thielen","MIN","WR",26,2,6,5.46,4.764,5.996,0.844334057112468,52,0.0316666666666672,5,1.232,NA,NA,NA,4.35658549487155,NA,5.6,NA
2540160,"Jordan Reed","WAS","TE",26,3,9,5.43,5.43,5.43,NA,15,0.446666666666665,3,0,NA,NA,NA,NA,NA,NA,NA
2555346,"Will Fuller","HOU","WR",22,0,9,5.43,5.244,5.588,0.223383079036887,53,0.0283333333333333,6,0.344000000000001,NA,NA,NA,2.95234443405825,NA,5.9,NA
2543500,"Jordan Matthews","PHI","WR",24,2,4,5.42666666666667,2.248,7.88,3.85441737923299,54,0.164999999999999,6,5.632,NA,NA,NA,11.163697081185,NA,NA,NA
100003,"Bills","BUF","DST",NA,NA,10,5.4,5.4,5.4,NA,28,0.5,0,0,NA,16.2,4.7,5.76519038586344,NA,-4,NA
497302,"Brandon LaFell","CIN","WR",30,6,9,5.37666666666667,5.074,5.746,0.444109596083369,55,0.245000000000001,6,0.672000000000001,NA,NA,NA,3.45150338442752,NA,15.5,NA
2495469,"Dion Lewis","NE","RB",26,5,9,5.30333333333333,4.488,6.064,0.992085345791043,38,0.816666666666667,9,1.576,NA,30.7,2.6,4.03669311235995,NA,3.8,NA
2495438,"Kyle Rudolph","MIN","TE",27,5,6,5.23,4.578,6.018,0.946942448092808,16,0.705,3,1.44,NA,6,1.9,3.54500831628405,NA,4.5,NA
2540202,"Kenny Stills","MIA","WR",24,3,8,5.14666666666667,4.872,5.48,0.400666112035113,56,0.0633333333333335,6,0.608000000000001,NA,52,8.3,4.61841081676658,NA,2.1,NA
2532790,"Travis Benjamin","SD","WR",27,4,11,5.11666666666667,4.194,5.986,1.12593664712245,57,0.0666666666666664,6,1.792,NA,54.3,6.1,4.61575699657039,NA,2.4,NA
2532884,"Marvin Jones","DET","WR",26,4,10,5.05,2.188,7.236,3.47794479542157,58,0.0275000000000007,6,5.048,NA,NA,NA,10.3123283272507,NA,NA,NA
2543847,"John Brown","ARI","WR",26,2,9,5.05,3.956,6.172,1.3863260799682,58,0.0691666666666668,6,2.216,NA,NA,NA,5.58226591087799,NA,0,NA
2553895,"Adam Humphries","TB","WR",NA,NA,6,4.995,4.631,5.359,0.643467170879758,60,0.118333333333332,7,0.728,NA,69.9,5.4,3.808442167818,NA,1.9,NA
1990,"Eddie Royal","CHI","WR",30,8,9,4.96666666666667,4.518,5.566,0.731733102526689,61,0.198333333333333,7,1.048,NA,NA,NA,4.1019456126603,NA,NA,NA
100023,"Giants","NYG","DST",NA,NA,8,4.9,4.9,4.9,NA,29,NA,0,0,NA,17.5,4.8,5.89806775825888,NA,6,NA
2530700,"Dontrelle Inman","SD","WR",27,3,11,4.78666666666667,3.504,5.776,1.55554920633625,62,0.0750000000000002,7,2.272,NA,NA,NA,5.9649532257795,NA,10.9,NA
2507855,"Victor Cruz","NYG","WR",30,6,8,4.75,4.432,5.064,0.395094925302769,63,0.133333333333333,7,0.632000000000001,NA,70.8,5.7,3.63979367045331,NA,NA,NA
2505629,"Jason Witten","DAL","TE",34,13,7,4.73666666666667,4.26,5.308,0.68631868205181,17,0.445000000000001,3,1.048,NA,13.9,2.6,3.682794685721,NA,NA,NA
2552430,"Tyler Lockett","SEA","WR",24,1,5,4.67333333333333,4.43,4.934,0.317227573412736,64,0.118333333333333,7,0.504,NA,61.9,7,4.03790649595585,NA,6.3,NA
2553737,"Eli Rogers","PIT","WR",NA,NA,8,4.56,4.112,5.008,0.791959594928934,65,0.0300000000000002,7,0.896000000000001,NA,54.9,5.3,3.9389484094672,NA,1.8,NA
2495189,"Jeremy Kerley","SF","WR",28,5,8,4.55,4.254,4.926,0.454312667664022,66,0.0500000000000007,7,0.672,NA,66.6,5.7,3.70675224551671,NA,1.8,NA
2552424,"Phillip Dorsett","IND","WR",23,1,10,4.51,3.676,5.492,1.17936423550996,67,0.0483333333333329,7,1.816,NA,76.7,8.3,5.49889890485247,NA,0,NA
2540011,"Chris Thompson","WAS","RB",26,3,9,4.49666666666667,4.248,4.768,0.328684245642126,39,0.0283333333333324,10,0.52,NA,NA,NA,3.36294389724987,NA,4.5,NA
2550353,"Allen Hurns","JAC","WR",25,2,5,4.49,4.49,4.49,NA,68,0.115,7,0,NA,NA,NA,NA,NA,NA,NA
2556885,"Jalen Richard","OAK","RB",23,0,10,4.47666666666667,4.28,4.624,0.240069434400411,40,0.0966666666666658,10,0.344,NA,42.6,4.7,4.30146078567993,NA,5.3,NA
2539265,"Rex Burkhead","CIN","RB",26,3,9,4.46,3.858,5.05,0.745452882481516,41,0.188333333333333,10,1.192,NA,41.2,3.1,3.99212424363983,NA,3.6,NA
2539964,"Marquise Goodwin","BUF","WR",26,3,10,4.43333333333333,3.994,4.882,0.555367746032603,69,0.136666666666667,7,0.888,NA,NA,NA,3.70310659953643,NA,3.5,NA
2552429,"Ty Montgomery","GB","WR",23,1,4,4.31666666666667,3.852,4.74,0.562168420789832,70,0.0416666666666661,8,0.888,NA,70.3,6.9,4.27746871872895,NA,5.6,NA
2555341,"Hunter Henry","SD","TE",22,0,11,4.31333333333333,2.748,5.868,1.95013674734192,18,0.100833333333334,3,3.12,NA,17.8,2.3,5.26230431632966,NA,1.4,NA
2552379,"Jeremy Langford","CHI","RB",25,1,9,4.3,4.02,4.58,0.494974746830583,42,0.081666666666667,10,0.56,NA,46.2,3.8,4.08068877641492,NA,0.2,NA
2532933,"Brian Quick","LA","WR",27,4,8,4.27666666666667,3.73,4.674,0.672780300940309,71,0.0216666666666656,8,0.944,NA,73.7,8.8,5.11307943825092,NA,4.8,NA
2552409,"DeVante Parker","MIA","WR",23,1,8,4.27333333333333,1.678,6.822,3.21658721836255,72,0.148333333333333,8,5.144,NA,NA,NA,9.72128482427023,NA,9.4,NA
71265,"Jared Cook","GB","TE",29,7,4,4.27,3.966,4.51,0.367151195013716,19,0.132499999999999,4,0.544,NA,19.5,3.7,4.02786145808602,NA,1.9,NA
2555460,"Paul Perkins","NYG","RB",22,0,8,4.24333333333333,3.49,4.834,0.910842101208181,43,0.0700000000000003,10,1.344,NA,39.8,3,4.18584379572683,NA,3.8,NA
2539250,"Quinton Patton","SF","WR",26,3,8,4.23666666666667,3.65,4.706,0.70720105580615,73,0.231666666666667,8,1.056,NA,NA,NA,4.04646795254367,NA,NA,NA
2543773,"James White","NE","RB",24,2,9,4.19333333333333,2.614,5.742,1.95612712606654,44,0.261666666666666,10,3.128,NA,38.1,2.9,5.7806146140244,NA,3.5,NA
2553830,"Will Tye","NYG","TE",NA,NA,8,4.155,4.031,4.279,0.21920310216783,20,0.0449999999999982,4,0.248,NA,22.2,3.1,3.38163513919486,NA,2.2,NA
2550268,"Charcandrick West","KC","RB",25,2,5,4.15333333333333,3.916,4.38,0.290918086982115,45,0.590000000000001,11,0.464,NA,44.9,2.5,2.85060150767856,NA,0,NA
497238,"Jermaine Gresham","ARI","TE",28,6,9,4.12,3.968,4.272,0.268700576850888,21,0.0300000000000011,4,0.303999999999999,NA,NA,NA,3.6132532177369,NA,5.2,NA
2532838,"Coby Fleener","NO","TE",28,4,5,4.1,3.266,4.842,1.00493780902104,22,0.106666666666667,4,1.576,NA,15.5,3.7,4.93492865961705,NA,8.6,NA
497254,"Dennis Pitta","BAL","TE",31,6,8,4.08,3.992,4.2,0.147309198626562,23,0.226666666666667,4,0.208,NA,19.8,3,3.20675134841113,NA,18,NA
2539205,"Terrance Williams","DAL","WR",27,3,7,4.01333333333333,3.51,4.462,0.606657509088393,74,0.0300000000000002,8,0.952,NA,83.5,7.9,4.70174168544104,NA,1.3,NA
2556601,"Wil Lutz","NO","K",22,0,5,4,4,4,NA,1,0.766666666666667,1,0,NA,NA,NA,NA,NA,8,NA
2552656,"J.J. Nelson","ARI","WR",24,1,9,3.99666666666667,2.354,5.378,1.97287438356661,75,0.0283333333333329,8,3.024,NA,62.8,6.3,5.6481985219802,NA,10.2,NA
2552470,"Sammie Coates","PIT","WR",23,1,8,3.97,2.794,5.162,1.48040534989576,76,0.00416666666666687,8,2.368,NA,86.8,7.9,5.68970421241957,NA,0,NA
2550597,"Seth Roberts","OAK","WR",NA,NA,10,3.96666666666667,3.638,4.206,0.404268887416944,77,0.00166666666666648,8,0.568000000000001,NA,71.5,7,4.13632568799147,NA,1.8,NA
2539336,"Tavon Austin","LA","WR",25,3,8,3.965,3.593,4.337,0.657609306503489,78,0.0175000000000001,8,0.744,NA,NA,NA,3.93431937220939,NA,NA,NA
2552458,"Devin Funchess","CAR","WR",22,1,7,3.965,3.961,3.969,0.00707106781186532,78,0.0516666666666667,8,0.00800000000000001,NA,77.9,5.5,3.12625438930797,NA,4.4,NA
2532887,"Jermaine Kearse","SEA","WR",26,4,5,3.93,2.906,4.714,1.24374434672082,80,0.0491666666666668,8,1.808,NA,75.7,9.3,5.94566301184876,NA,6.8,NA
2540232,"Jack Doyle","IND","TE",26,3,10,3.90666666666667,3.586,4.218,0.395516539898565,24,0.223333333333334,4,0.632,NA,22.2,3.1,3.63239006732024,NA,0,NA
2530515,"Chris Hogan","NE","WR",28,5,9,3.89666666666667,2.808,4.688,1.33978854052919,81,0.039166666666667,8,1.88,NA,NA,NA,5.4770242314913,NA,8.3,NA
2556462,"Robby Anderson","NYJ","WR",23,0,11,3.865,3.309,4.421,0.982878425849301,82,0.0899999999999999,8,1.112,NA,78.2,8.3,5.27672883705762,NA,12.1,NA
2495459,"Torrey Smith","SF","WR",27,5,8,3.85,2.846,4.718,1.20648249054845,83,0.204999999999999,8,1.872,NA,NA,NA,5.17556109567675,NA,0,NA
2495139,"Charles Clay","BUF","TE",27,5,10,3.8,3.234,4.218,0.693469537903432,25,0.251666666666666,4,0.984,NA,NA,NA,4.82147547997068,NA,NA,NA
2550542,"Kapri Bibbs","DEN","RB",23,2,11,3.71,3.256,4.256,0.655972560401729,46,0.306666666666667,11,1,NA,43.6,2.8,3.64076016734931,NA,4.9,NA
2507166,"Ted Ginn","CAR","WR",31,9,7,3.7,2.744,4.44,1.15857671304062,84,0.175,8,1.696,NA,NA,NA,5.06722523310162,NA,14,NA
2553900,"Daniel Brown","CHI","WR",NA,NA,9,3.59,3.59,3.59,NA,85,0.1675,9,0,NA,NA,NA,NA,NA,1.3,NA
2533046,"Dwayne Allen","IND","TE",26,4,10,3.56666666666667,3.16,3.88,0.493288286231625,26,0.0691666666666673,5,0.72,NA,24.9,3.8,4.2798905124538,NA,25.2,NA
2495187,"Lance Kendricks","LA","TE",28,5,8,3.53,2.574,4.27,1.15857671304062,27,0.0908333333333338,5,1.696,NA,16.7,2.8,4.49971626557153,NA,1.3,NA
2495353,"Julius Thomas","JAC","TE",28,5,5,3.465,3.069,3.861,0.700035713374682,28,0.0683333333333334,5,0.791999999999999,NA,NA,NA,4.84015245524317,NA,NA,NA
2540145,"Cordarrelle Patterson","MIN","WR",25,3,6,3.46,3.04,3.792,0.507148893324239,86,0.142500000000001,9,0.752,NA,64.8,5.7,3.76649512393234,NA,1,NA
2556118,"Dwayne Washington","DET","RB",NA,0,10,3.41666666666667,2.046,4.782,1.71003898591036,47,0.0383333333333336,11,2.736,NA,44.4,4,6.15468297403224,NA,4,NA
2555415,"Austin Hooper","ATL","TE",NA,0,11,3.41333333333333,2.404,4.18,1.22806080196924,29,0.0533333333333328,5,1.776,NA,24.2,3.9,5.39752762310075,NA,0,NA
2495471,"Jacquizz Rodgers","TB","RB",26,5,6,3.39,3.142,3.638,0.43840620433566,48,0.0366666666666666,12,0.496,NA,NA,NA,3.71236274454387,NA,5,NA
2540151,"Justin Hunter","BUF","WR",25,3,10,3.385,3.173,3.597,0.37476659402887,87,0.138333333333334,9,0.424,NA,89.8,7.7,4.36474475340934,NA,2.2,NA
2541834,"Josh Hill","NO","TE",26,3,5,3.38,3.096,3.624,0.34117444218464,30,0.3025,5,0.528,NA,24,4.4,4.49936541416912,NA,0.3,NA
2539663,"Mike Gillislee","BUF","RB",26,3,10,3.36666666666667,1.906,5.082,2.06015371594775,49,0.0616666666666661,12,3.176,NA,NA,NA,8.87695470823806,NA,16.9,NA
2539260,"Denard Robinson","JAC","RB",26,3,5,3.34,1.156,5.14,2.62512856828004,50,0.0733333333333333,12,3.984,NA,43.7,5.9,8.93471295657298,NA,6.4,NA
2552397,"Clive Walford","OAK","TE",25,1,10,3.34,2.868,3.748,0.567186036499489,31,0.635,5,0.88,NA,26.1,3.8,4.38498871311021,NA,1.8,NA
2536044,"Jamize Olawale","OAK","RB",27,4,10,3.27,2.694,3.846,1.01823376490863,51,0.0608333333333335,12,1.152,NA,64.2,6.2,6.5849520804327,NA,NA,NA
2506922,"Stephen Gostkowski","NE","K",32,10,9,3.26666666666667,2.78,3.82,0.665832811847939,2,0.116666666666666,1,1.04,NA,6.5,4.4,8.07108029388349,NA,17,NA
2540037,"Fozzy Whittaker","CAR","RB",27,4,7,3.26333333333333,2.642,4.05,0.950017543697659,52,0.1125,12,1.408,NA,58.9,4.7,5.43190565260983,NA,0.3,NA
2541944,"Russell Shepard","TB","WR",26,3,6,3.25,2.954,3.546,0.523259018078045,88,0.0449999999999999,9,0.592,NA,87.1,6.2,3.97169530804454,NA,1.5,NA
2550272,"Albert Wilson","KC","WR",24,2,5,3.24333333333333,2.256,4.216,1.22541149551215,89,0.0966666666666662,9,1.96,NA,80.5,7.2,5.13960019404267,NA,4.8,NA
2504257,"Sebastian Janikowski","OAK","K",38,16,10,3.2,2.74,3.78,0.7,3,0.266666666666667,0,1.04,NA,12.1,3.4,6.415006332898,NA,15,NA
2552652,"Chris Conley","KC","WR",24,1,5,3.16666666666667,2.21,4.17,1.22915960449949,90,0.0916666666666668,9,1.96,NA,NA,NA,5.22684394355867,NA,0,NA
2495461,"Shaun Draughn","SF","RB",29,5,8,3.155,2.839,3.471,0.558614357137373,53,0.0716666666666663,12,0.632,NA,51.1,3.8,4.18202163421482,NA,2,NA
2541544,"Benny Cunningham","LA","RB",26,3,8,3.14666666666667,2.828,3.548,0.48428641663104,54,0.161666666666667,12,0.72,NA,52.9,4,4.20292666688531,NA,-0.1,NA
2495341,"Cecil Shorts","TB","WR",29,5,6,3.12666666666667,2.498,3.77,0.795633919169698,91,0.145,9,1.272,NA,83.5,5.4,3.98049986929824,NA,1.4,NA
2553833,"Josh Lambo","SD","K",26,1,11,3.1,2.62,3.74,0.781024967590665,4,0.35,0,1.12,NA,11.3,3.3,6.54514010814409,NA,3,NA
2552597,"Breshad Perriman","BAL","WR",23,1,8,3.02333333333333,2.622,3.438,0.510816340119747,92,0.0883333333333329,9,0.816,NA,68.3,10,5.37870586835329,NA,11.9,NA
2550738,"Fitzgerald Toussaint","PIT","RB",26,2,8,3.02,2.236,3.804,1.38592929112563,55,0.1575,12,1.568,NA,67.7,4.5,5.9867477106727,NA,NA,NA
2543600,"Alfred Blue","HOU","RB",25,2,9,2.95,2.614,3.286,0.5939696961967,56,0.214166666666666,12,0.672,NA,NA,NA,4.20776782712118,NA,4.1,NA
2556606,"Jalin Marshall","NYJ","WR",NA,0,11,2.94,2.116,3.764,1.45663996924429,93,0.0274999999999999,9,1.648,NA,NA,NA,5.74127629004345,NA,NA,NA
2530660,"Kamar Aiken","BAL","WR",27,5,8,2.93,2.844,2.996,0.104403065089105,94,0.0425,10,0.151999999999999,NA,NA,NA,2.68327871566707,NA,4.1,NA
2552418,"Justin Hardy","ATL","WR",25,1,11,2.895,2.259,3.531,1.12429978208661,95,0.0449999999999999,10,1.272,NA,110.4,6.7,4.83828717231393,NA,0.5,NA
2543491,"Paul Richardson","SEA","WR",24,2,5,2.88,2.784,2.976,0.169705627484772,96,0.0933333333333333,10,0.192,NA,NA,NA,2.83095629848771,NA,NA,NA
2552600,"Nelson Agholor","PHI","WR",23,1,4,2.82,2.23,3.31,0.708872343937891,97,0.0883333333333338,10,1.08,NA,87.9,11.4,6.12620707016779,NA,2.3,NA
2541316,"Ryan Griffin","HOU","TE",26,3,9,2.815,2.803,2.827,0.0212132034355963,32,0.254999999999999,6,0.0239999999999996,NA,NA,NA,2.90929463883986,NA,6.5,NA
2555464,"DeAndre Washington","OAK","RB",23,0,10,2.775,1.987,3.563,1.3930003589375,57,0.116666666666667,12,1.576,NA,65.1,7.5,8.08685945306256,NA,NA,NA
2550325,"Chandler Catanzaro","ARI","K",25,2,9,2.76666666666667,2.62,2.94,0.208166599946613,5,0.0499999999999998,0,0.32,NA,15.2,3.3,4.36215302449269,NA,7,NA
2649,"Danny Amendola","NE","WR",31,8,9,2.75333333333333,2.622,2.87,0.158219257150744,98,0.0483333333333333,11,0.248,NA,88.9,10.5,5.16700212704872,NA,3,NA
2504797,"Matt Bryant","ATL","K",41,14,11,2.73333333333333,2.54,2.94,0.251661147842358,6,0.0333333333333332,0,0.4,NA,2.7,2.8,3.63476006756979,NA,12,NA
2535964,"Josh Bellamy","CHI","WR",27,4,9,2.71,2.542,2.878,0.21,99,0.0324999999999998,11,0.336,NA,79.7,8.1,4.32802751703016,NA,9.3,NA
2507225,"Nick Folk","NYJ","K",32,9,11,2.7,2.52,2.92,0.264575131106459,7,0,0,0.4,NA,19.4,4,5.82750081694617,NA,4,NA
2507232,"Mason Crosby","GB","K",32,9,4,2.7,2.52,2.92,0.264575131106459,7,0.0166666666666666,0,0.4,NA,11,2.6,3.32671636499906,NA,3,NA
2507374,"Steven Hauschka","SEA","K",NA,NA,5,2.7,2.46,2.94,0.424264068711929,7,0.0666666666666669,0,0.48,NA,NA,NA,5.62945656290742,NA,16,NA
2555348,"Braxton Miller","HOU","WR",24,0,9,2.7,2.092,3.34,0.783070878018076,100,0.0525000000000002,11,1.248,NA,81.8,8.2,5.01340598489465,NA,0,NA
2550512,"Damien Williams","MIA","RB",24,2,8,2.69666666666667,1.64,3.712,1.29808833803148,58,0.121666666666667,12,2.072,NA,49.9,3.5,5.15059506384129,NA,0.9,NA
2506677,"Matt Prater","DET","K",32,10,10,2.66666666666667,2.44,2.92,0.305505046330389,10,0.0666666666666664,0,0.48,NA,8.4,2.8,3.83994260756865,NA,18,NA
2553606,"Jordan Taylor","DEN","WR",24,1,11,2.655,1.995,3.315,1.1667261889578,101,0.0300000000000002,11,1.32,NA,106.2,6.8,4.92365631465376,NA,NA,NA
2495453,"Andre Holmes","OAK","WR",28,5,10,2.64,2.2,3.08,0.777817459305202,102,0.0699999999999998,11,0.88,NA,113.9,4.4,3.5863861272024,NA,0,NA
2506147,"John Kuhn","NO","RB",34,10,5,2.62,2.116,3.124,0.89095454429505,59,0.101666666666667,13,1.008,NA,73,6.2,6.38228636483289,NA,7.5,NA
2552463,"Jaelen Strong","HOU","WR",22,1,9,2.61,2.282,2.938,0.579827560572969,103,0.1525,11,0.656,NA,NA,NA,3.7584209111813,NA,NA,NA
2507401,"Dan Carpenter","BUF","K",31,8,10,2.6,2.28,2.92,0.4,11,0.0166666666666671,0,0.64,NA,19.4,2.5,3.66415143599908,NA,6,NA
2541556,"Brandon McManus","DEN","K",25,2,11,2.6,2.4,2.88,0.346410161513776,11,0.0333333333333337,0,0.48,NA,10.4,3.3,4.8889567273699,NA,9,NA
2540203,"Levine Toilolo","ATL","TE",25,3,11,2.595,1.943,3.247,1.15258405333407,33,0.0741666666666667,6,1.304,NA,41.4,4.7,5.87126761890852,NA,4.2,NA
2495259,"Dan Bailey","DAL","K",28,5,7,2.56666666666667,2.32,2.88,0.378593889720018,13,0.0333333333333332,0,0.56,NA,6,3.2,4.83297155813028,NA,5,NA
2555408,"Roberto Aguayo","TB","K",22,0,6,2.56666666666667,2.32,2.88,0.378593889720018,13,0.083333333333333,0,0.56,NA,21.7,3.6,5.54748140154374,NA,8,NA
2530690,"DuJuan Harris","SF","RB",28,5,8,2.53,2.326,2.806,0.338082830087539,60,0.0866666666666669,13,0.48,NA,58.6,4.8,4.52715517314794,NA,0.8,NA
2550198,"Bennie Fowler","DEN","WR",25,2,11,2.53,2.162,2.898,0.650538238691624,104,0.165,11,0.736,NA,NA,NA,3.91832860302502,NA,NA,NA
2534820,"Garrett Celek","SF","TE",28,4,8,2.525,2.409,2.641,0.205060966544098,34,0.0283333333333333,7,0.232,NA,31.3,2.3,2.78043817147247,NA,NA,NA
2552580,"A.J. Derby","DEN","TE",25,1,11,2.51666666666667,1.892,3.148,0.785132685177056,35,0.0433333333333334,7,1.256,NA,NA,NA,5.08220417089946,NA,0.3,NA
2539217,"Andre Ellington","ARI","RB",27,3,9,2.50666666666667,1.604,3.364,1.10437010704443,61,0.146666666666667,13,1.76,NA,55.5,3.9,5.12065269889442,NA,1.5,NA
2500351,"Phil Dawson","SF","K",41,18,8,2.5,2.16,2.88,0.458257569495584,15,0.0416666666666665,0,0.72,NA,19.5,3.7,6.02968264923277,NA,6,NA
2540200,"Dion Sims","MIA","TE",25,3,8,2.47666666666667,2.324,2.62,0.186100331362771,36,0.0599999999999996,7,0.296,NA,30.1,3,3.26192052794936,NA,3.9,NA
2535724,"Dominique Jones","MIA","TE",29,4,8,2.47,1.79,3.15,1.20208152801713,37,0.133333333333333,7,1.36,NA,62.3,2.4,4.27104736357718,NA,0.7,NA
2503471,"Adam Vinatieri","IND","K",44,20,10,2.46666666666667,2.08,2.88,0.503322295684717,16,0.041666666666667,0,0.8,NA,7,2.9,4.77239077639196,NA,13,NA
2550545,"Chris Boswell","PIT","K",27,2,8,2.45,2.33,2.57,0.212132034355964,17,0.100000000000001,0,0.24,NA,16.3,3.9,5.44902884076551,NA,NA,NA
2506386,"Mike Nugent","CIN","K",34,11,9,2.4,1.98,2.86,0.556776436283002,18,0.2,0,0.88,NA,25.8,2.8,4.7974606080712,NA,14,NA
2539203,"Cobi Hamilton","PIT","WR",26,3,8,2.385,2.357,2.413,0.0494974746830582,105,0.0500000000000003,12,0.056,NA,88.7,6.1,3.39860770558136,NA,1.1,NA
2555430,"Alex Collins","SEA","RB",22,0,5,2.38,1.072,3.856,1.77761075604307,62,0.0750000000000002,13,2.784,NA,61.6,5.1,7.02818957594024,NA,NA,NA
2552396,"Ben Koyack","JAC","TE",23,1,5,2.36333333333333,1.742,2.91,0.747685317050785,38,0.0533333333333328,7,1.168,NA,30.3,3.5,4.42379034380503,NA,0.4,NA
2556697,"Bryce Treggs","PHI","WR",22,0,4,2.345,2.221,2.469,0.219203102167829,106,0.0574999999999997,12,0.248,NA,95.7,12.7,6.05868803171692,NA,NA,NA
2553631,"Zach Zenner","DET","RB",NA,NA,10,2.34,1.796,2.884,0.961665222413705,63,0.0816666666666666,13,1.088,NA,72.9,7.7,7.53930469703883,NA,4,NA
80427,"Darrius Heyward-Bey","PIT","WR",29,7,8,2.325,1.801,2.849,0.926309883354377,107,0.1375,12,1.048,NA,NA,NA,4.54196860121553,NA,NA,NA
2543683,"Austin Seferian-Jenkins","NYJ","TE",24,2,11,2.31,1.936,2.808,0.607536007163362,39,0.0433333333333334,7,0.872,NA,42.1,6.9,6.69407486794066,NA,2.9,NA
2552633,"Jesse James","PIT","TE",22,1,8,2.31,2.03,2.654,0.413884041731498,39,0.12,7,0.624,NA,31,3.4,3.87641898184704,NA,3.2,NA
2550636,"Cairo Santos","KC","K",25,2,5,2.3,2.06,2.54,0.3,19,0.216666666666666,0,0.48,NA,5.3,3.4,4.89072933393981,NA,3,NA
2533457,"Alfred Morris","DAL","RB",28,4,7,2.27,1.868,2.564,0.49386232899463,64,0.0866666666666664,13,0.696,NA,55.5,4.1,4.2878027357212,NA,1.1,NA
2543759,"Ryan Grant","WAS","WR",26,2,9,2.25,1.89,2.61,0.636396103067893,108,0.1275,12,0.72,NA,113.1,4,3.27689109621183,NA,2,NA
2543551,"KaDeem Carey","CHI","RB",24,2,9,2.24666666666667,1.804,2.716,0.572916515151495,65,0.178333333333334,13,0.911999999999999,NA,66,4.6,4.76182219239478,NA,0.8,NA
2495288,"Virgil Green","DEN","TE",28,5,11,2.22333333333333,1.208,3.312,1.32455023813117,41,0.0725000000000002,7,2.104,NA,30.2,5.7,6.84219466749473,NA,0,NA
2539995,"Mychal Rivera","OAK","TE",26,3,10,2.15666666666667,1.976,2.4,0.297713508819021,42,0.0466666666666664,8,0.424,NA,39,5,4.8733676914446,NA,5.7,NA
2540259,"MarQueis Gray","MIA","TE",26,3,8,2.145,1.789,2.501,0.629325035256027,43,0.0758333333333332,8,0.712,NA,44,5,5.34498928505364,NA,NA,NA
2555477,"Charone Peake","NYJ","WR",24,0,11,2.125,1.993,2.257,0.233345237791561,109,0.0083333333333333,13,0.264,NA,105.9,8.9,4.65359907900618,NA,0,NA
2533460,"Robert Turbin","IND","RB",27,4,10,2.12,1.816,2.36,0.367151195013717,66,0.116666666666667,13,0.544,NA,53.5,3.7,3.80752790859724,NA,7.6,NA
2534436,"Deonte Thompson","CHI","WR",27,4,9,2.12,1.304,2.936,1.44249783362056,110,0.0366666666666671,13,1.632,NA,83.9,7.8,5.60944466161615,NA,-1.1,NA
2555214,"Laquon Treadwell","MIN","WR",21,0,6,2.11333333333333,1.382,2.846,0.91500455372273,111,0.0766666666666667,13,1.464,NA,98.9,22.8,10.6225236631833,NA,0,NA
2539227,"Dustin Hopkins","WAS","K",26,3,9,2.1,2.02,2.18,0.1,20,0.0333333333333332,0,0.16,NA,13.2,3.6,4.48584575616745,NA,14,NA
2550284,"Trey Burton","PHI","TE",25,2,4,2.075,1.967,2.183,0.190918830920368,44,0.0408333333333335,8,0.216,NA,41,4.9,4.64884763198988,NA,5.3,NA
2507463,"Connor Barth","CHI","K",30,8,9,2.06666666666667,2.02,2.1,0.0577350269189626,21,0.0166666666666671,0,0.0800000000000001,NA,22,4.3,5.57517916631847,NA,7,NA
2539637,"Caleb Sturgis","PHI","K",27,3,4,2.06666666666667,2.02,2.1,0.0577350269189626,21,0.0333333333333337,0,0.0800000000000001,NA,14.7,3.6,4.32478694034492,NA,2,NA
2541199,"Luke Willson","SEA","TE",26,3,5,2.06333333333333,1.172,3.036,1.17823314048338,45,0.0641666666666667,8,1.864,NA,NA,NA,6.2003478323818,NA,NA,NA
2550546,"Philly Brown","CAR","WR",25,2,7,2.05333333333333,1.932,2.14,0.150111069989303,112,0.0433333333333334,13,0.208,NA,NA,NA,2.78664445556433,NA,0,NA
2495150,"Kai Forbath","MIN","K",29,5,6,2.03333333333333,2,2.08,0.0577350269189626,23,0.0499999999999998,0,0.0800000000000001,NA,23.6,3.7,4.50341440119829,NA,10,NA
2536340,"Justin Tucker","BAL","K",27,4,8,2.03333333333333,2,2.08,0.0577350269189626,23,0.0999999999999999,0,0.0800000000000001,NA,2.4,2.5,2.35988487095791,NA,10,NA
2552411,"Dezmin Lewis","BUF","WR",24,1,10,2.02,2.02,2.02,NA,113,0.02,13,0,NA,NA,NA,NA,NA,0,NA
2539289,"Kenjon Barner","PHI","RB",27,3,4,2.01666666666667,1.442,2.674,0.790527250215534,67,0.0466666666666664,13,1.232,NA,60.2,5.4,5.66534942062165,NA,0.2,NA
2552586,"Tyler Kroft","CIN","TE",24,1,9,2.005,1.577,2.433,0.756604255869606,46,0.053333333333333,8,0.856,NA,NA,NA,5.00105727327678,NA,NA,NA
71417,"Jordan Norwood","DEN","WR",30,7,11,2,1.944,2.056,0.0989949493661167,114,0.03,13,0.112,NA,93.3,5.8,3.34238489336653,NA,0,NA
2556519,"Alex Erickson","CIN","WR",24,0,9,2,1.208,2.792,1.40007142674936,114,0.0833333333333333,13,1.584,NA,116,3.5,3.95340845823436,NA,1.6,NA
2550313,"Richard Rodgers","GB","TE",24,2,4,1.99333333333333,1.208,2.76,0.97084155933568,47,0.0858333333333334,8,1.552,NA,37.8,5.5,6.19387529216785,NA,1.6,NA
2535890,"Travaris Cadet","NO","RB",27,4,5,1.99,1.67,2.31,0.565685424949238,68,0.155,13,0.64,NA,77.6,5.4,5.30733552648645,NA,5.3,NA
2556801,"Kenneth Farrow","SD","RB",23,0,11,1.95,1.398,2.502,0.975807358037436,69,0.311666666666667,13,1.104,NA,70.8,5.2,5.82111266324354,NA,1.5,NA
497320,"Andre Roberts","DET","WR",28,6,10,1.94,1.7,2.18,0.424264068711928,116,0.0483333333333331,13,0.48,NA,92.2,14.3,6.88890354147773,NA,3.5,NA
2506194,"Nick Novak","HOU","K",NA,NA,9,1.93333333333333,1.84,2,0.115470053837925,25,0,0,0.16,NA,19.9,3.2,3.83028753084848,NA,1,NA
2506264,"Robbie Gould","NYG","K",34,11,8,1.93333333333333,1.84,2,0.115470053837925,25,0.0666666666666667,0,0.16,NA,22.6,4.2,5.61656213938213,NA,2,NA
2553648,"Andrew Franks","MIA","K",23,1,8,1.93333333333333,1.84,2,0.115470053837925,25,0.133333333333333,0,0.16,NA,24.2,4.4,5.97381706108886,NA,0,NA
2555311,"Jerell Adams","NYG","TE",24,0,8,1.91,1.646,2.174,0.466690475583121,48,0.0174999999999998,8,0.528,NA,41.2,7.4,6.85694020553489,NA,1,NA
2507828,"Logan Paulsen","CHI","TE",29,6,9,1.905,1.541,2.269,0.643467170879758,49,0.04,8,0.728,NA,39.4,7.8,7.3988959164465,NA,NA,NA
2550328,"Brandon Coleman","NO","WR",24,2,5,1.89333333333333,1.816,1.976,0.100664459136943,117,0.03,14,0.16,NA,92.8,9.6,4.76535236023217,NA,NA,NA
2553652,"Chris Harper","SF","WR",NA,NA,8,1.89,7.56,7.56,NA,118,0.0766666666666667,14,0,NA,105.7,6.8,4.76165787582333,NA,0.6,NA
71431,"Brandon Pettigrew","DET","TE",31,7,10,1.88,1.88,1.88,NA,50,0.0350000000000001,9,0,NA,NA,NA,NA,NA,NA,NA
2543794,"Crockett Gillmore","BAL","TE",25,2,8,1.85,1.85,1.85,0,51,0.0249999999999999,9,0,NA,NA,NA,2.84895533207725,NA,NA,NA
2540211,"Gavin Escobar","DAL","TE",25,3,7,1.84,1.272,2.408,1.0040916292849,52,0.0575000000000001,9,1.136,NA,53,4.3,5.36953811250531,NA,NA,NA
2541388,"Brice Butler","DAL","WR",26,3,7,1.83666666666667,1.172,2.492,0.82524743764118,119,0.0766666666666667,14,1.32,NA,104.9,8.9,5.32287362914095,NA,NA,NA
497224,"Ed Dickson","CAR","TE",29,6,7,1.81,1.626,1.994,0.325269119345812,53,0.1375,9,0.368,NA,48.2,3.7,3.96829630520251,NA,0,NA
71309,"Graham Gano","CAR","K",29,7,7,1.8,1.64,1.96,0.2,28,0.05,0,0.32,NA,18.3,2.9,3.61652277993344,NA,1,NA
2553112,"Jason Myers","JAC","K",NA,NA,5,1.8,1.7,1.94,0.173205080756888,28,0.45,0,0.24,NA,28.5,2.1,2.08539589537848,NA,5,NA
2556592,"Roger Lewis","NYG","WR",23,0,8,1.79,1.718,1.862,0.127279220613579,120,0.125,14,0.144,NA,95.8,7.9,4.15969996225625,NA,0.8,NA
2532835,"Rhett Ellison","MIN","TE",28,4,6,1.755,1.519,1.991,0.417193000900063,54,0.205,9,0.472,NA,52.9,4.5,4.68011533532301,NA,0.6,NA
2555331,"Cody Core","CIN","WR",22,0,9,1.73,1.002,2.458,1.28693434175952,121,0.1375,14,1.456,NA,128,4.5,4.19945065262651,NA,5.8,NA
2535708,"Lance Dunbar","DAL","RB",26,4,7,1.72,1.216,2.224,0.89095454429505,70,0.199166666666667,14,1.008,NA,75.1,6.3,6.45191478269848,NA,NA,NA
2534797,"Greg Zuerlein","LA","K",29,4,8,1.7,1.46,1.94,0.3,30,1.2,0,0.48,NA,27.3,3.2,4.53347441223308,NA,5,NA
2543619,"Walt Powell","BUF","WR",25,2,10,1.6,1.6,1.6,NA,122,0.0225,14,0,NA,NA,NA,NA,NA,NA,NA
2556463,"Stephen Anderson","HOU","TE",23,0,9,1.59,1.43,1.75,0.282842712474619,55,0.105,10,0.32,NA,50.1,6.5,5.94175052757857,NA,NA,NA
2543750,"Jeff Janis","GB","WR",25,2,4,1.585,0.965,2.205,1.09601551083915,123,0.0175000000000001,14,1.24,NA,119.8,8.6,5.51684549489274,NA,0,NA
497270,"Arrelious Benn","JAC","WR",28,6,5,1.57,1.562,1.578,0.014142135623731,124,0.0374999999999999,15,0.016,NA,109.8,13.3,6.0512028872638,NA,NA,NA
2556805,"Johnny Holton","OAK","WR",25,0,10,1.565,1.417,1.713,0.261629509039023,125,0.146666666666667,15,0.296,NA,128.5,3.5,2.6661515388924,NA,NA,NA
2553660,"Akeem Hunt","HOU","RB",23,1,9,1.55666666666667,0.508,2.676,1.3636104037933,71,0.1375,14,2.168,NA,53.3,4.2,5.742324265918,NA,NA,NA
2541187,"Demetrius Harris","KC","TE",25,3,5,1.51,1.086,1.966,0.554346462061408,56,0.3025,10,0.88,NA,49.2,7.6,7.12687648880586,NA,0.6,NA
2550162,"James Wright","CIN","WR",25,2,9,1.5,0.492,2.508,1.7819090885901,126,0.181666666666667,15,2.016,NA,NA,NA,6.47685167252457,NA,2,NA
2540230,"Kyle Juszczyk","BAL","RB",25,3,8,1.485,1.161,1.809,0.572756492761104,72,0.133333333333333,14,0.648,NA,65.2,5.8,5.59710840437101,NA,0.6,NA
2550405,"Erik Swoope","IND","TE",24,2,10,1.46,1.348,1.572,0.197989898732233,57,0.525,10,0.224,NA,48.8,5.2,4.87681063266755,NA,1.5,NA
2539322,"Christine Michael","GB","RB",26,3,4,1.35333333333333,1.202,1.482,0.181750745069541,73,0.0750000000000002,14,0.28,NA,51,6.3,5.32265507492174,NA,1.9,NA
2555432,"Andy Janovich","DEN","RB",23,0,11,1.35,1.35,1.35,NA,74,0.144166666666667,14,0,NA,NA,NA,NA,NA,NA,NA
2535869,"Rod Streater","SF","WR",28,4,8,1.33666666666667,0.612,1.932,0.871225190942809,127,0.0741666666666665,15,1.32,NA,95.2,8.8,5.33746467371162,NA,0,NA
2552408,"Darren Waller","BAL","WR",24,1,8,1.3,1.204,1.396,0.169705627484771,128,0.1125,16,0.192,NA,NA,NA,2.83095629848771,NA,1.5,NA
81306,"Brandon Tate","BUF","WR",29,7,10,1.225,0.621,1.829,1.06773123959169,129,0.0874999999999997,16,1.208,NA,97.7,6.5,4.69953042600301,NA,1.3,NA
2556466,"Peyton Barber","TB","RB",22,0,6,1.20666666666667,0.6,1.832,0.771059876620054,75,0.0666666666666664,14,1.232,NA,55.2,6.9,6.67877794064979,NA,0.6,NA
2552635,"Matt Jones","WAS","RB",24,1,9,1.205,1.201,1.209,0.00707106781186564,76,0.1575,14,0.00800000000000001,NA,NA,NA,2.33873956103406,NA,NA,NA
80425,"Percy Harvin","BUF","WR",28,7,10,1.15,1.15,1.15,NA,130,0.0725,16,0,NA,NA,NA,NA,NA,NA,NA
2555215,"Leonte Carroo","MIA","WR",22,0,8,1.125,0.305,1.945,1.44956890143242,131,0.16,16,1.64,NA,89.4,15.7,8.5717899943587,NA,0,NA
2556411,"Josh Ferguson","IND","RB",23,0,10,1.075,0.495,1.655,1.02530483272049,77,0.1275,14,1.16,NA,76,7.1,7.2228670476452,NA,1.1,NA
2556612,"Tanner McEvoy","SEA","WR",23,0,5,1.03,0.974,1.086,0.0989949493661166,132,0.15,17,0.112,NA,NA,NA,2.67104860664399,NA,1.4,NA
2507428,"Mike Tolbert","CAR","RB",31,8,7,1.02,0.892,1.148,0.226274169979695,78,0.149166666666667,15,0.256,NA,75.7,6.4,5.46317779687618,NA,2.1,NA
2533444,"Randy Bullock","PIT","K",27,4,8,1,0.2,1.8,1.4142135623731,31,1,0,1.6,NA,NA,NA,13.1742427794975,NA,11,NA
2537933,"Larry Donnell","NYG","TE",28,4,8,0.955,0.919,0.991,0.0636396103067893,58,0.0425,11,0.072,NA,NA,NA,3.02997325236506,NA,0,NA
71435,"John Phillips","NO","TE",29,7,5,0.915,0.871,0.959,0.0777817459305203,59,0.115,11,0.0880000000000001,NA,NA,NA,3.07019945687347,NA,NA,NA
2550521,"Xavier Grimble","PIT","TE",24,2,8,0.91,0.486,1.334,0.74953318805774,60,0.2575,11,0.848,NA,NA,NA,4.98094417102258,NA,NA,NA
2528181,"Bryan Walters","JAC","WR",29,6,5,0.9,0.204,1.596,1.23036579926459,133,0.08,17,1.392,NA,102.4,10,6.19231348915827,NA,3.1,NA
2555220,"Derek Watt","SD","RB",24,0,11,0.875,0.535,1.215,0.601040764008565,79,0.0883333333333335,15,0.68,NA,84.8,4,4.38883370847927,NA,0.2,NA
2552477,"Aaron Ripkowski","GB","RB",NA,NA,4,0.866666666666667,0.558,1.206,0.410406302745625,80,0.200833333333333,15,0.648,NA,68.7,5.3,4.9904573669317,NA,7.8,NA
2541147,"Charles Johnson","MIN","WR",27,3,6,0.86,0.372,1.364,0.620966987850401,134,0.1725,17,0.992,NA,117.8,10.2,5.57804887264065,NA,3.6,NA
2555419,"Pharoh Cooper","LA","WR",21,0,8,0.78,0.428,1.132,0.622253967444162,135,0.1925,17,0.704,NA,101.7,17.8,8.42166352759391,NA,0.8,NA
2534571,"Bobby Rainey","NYG","RB",29,4,8,0.706666666666667,0.536,0.92,0.257164020293145,81,0.0966666666666667,16,0.384,NA,76.2,4.1,3.91090985499018,NA,NA,NA
2552399,"Jeff Heuerman","DEN","TE",24,1,11,0.69,0.258,1.122,0.763675323681471,61,0.0875,11,0.864,NA,NA,NA,5.02117037553098,NA,NA,NA
2552375,"Cameron Artis-Payne","CAR","RB",24,1,7,0.625,0.581,0.669,0.0777817459305203,82,0.0475,16,0.0880000000000001,NA,NA,NA,2.56392368947829,NA,NA,NA
2534241,"Derek Carrier","WAS","TE",26,4,9,0.615,0.227,1.003,0.685893577750951,62,0.0349999999999999,11,0.776,NA,49.8,4.7,5.20753524451988,NA,0.6,NA
2556404,"Maurice Harris","WAS","WR",24,0,9,0.595,0.407,0.783,0.332340187157677,136,0.0175000000000001,18,0.376,NA,105.5,6.8,3.9802009327758,NA,-0.2,NA
927,"Justin Forsett","DET","RB",31,8,10,0.595,0.415,0.775,0.318198051533946,83,0.0499999999999999,16,0.36,NA,NA,NA,3.32954972618868,NA,NA,NA
2540928,"Darren Fells","ARI","TE",30,4,9,0.59,0.542,0.638,0.0848528137423857,63,0.0250000000000001,12,0.096,NA,52.4,6.5,5.66016709601975,NA,0.9,NA
2553451,"Neal Sterling","JAC","WR",NA,NA,5,0.58,0.58,0.58,NA,137,0.00499999999999989,18,0,NA,NA,NA,NA,NA,4.3,NA
2532978,"Jarius Wright","MIN","WR",27,4,6,0.575,0.459,0.691,0.205060966544099,138,0.0175,18,0.232,NA,140,5,3.16314098395561,NA,NA,NA
2550183,"Jeremy Butler","SD","WR",25,2,11,0.575,0.531,0.619,0.0777817459305202,138,0.045,18,0.088,NA,123.4,6.7,3.65497025267039,NA,NA,NA
497258,"Andrew Quarless","FA","TE",28,6,NA,0.57,0.57,0.57,NA,64,0.02,12,0,NA,NA,NA,NA,NA,NA,NA
2505354,"Tony Romo","DAL","QB",36,13,7,0.564,0.3368,0.7912,0.401636651713959,32,0.238,9,0.4544,NA,NA,NA,4.58066347523468,NA,NA,NA
2553762,"Terron Ward","ATL","RB",NA,NA,11,0.56,0.56,0.56,NA,84,0.0375,16,0,NA,NA,NA,NA,NA,NA,NA
497242,"Clay Harbor","DET","TE",29,6,10,0.56,0.544,0.576,0.0282842712474618,65,0.0299999999999999,12,0.0319999999999999,NA,NA,NA,2.92940774109406,NA,NA,NA
2507218,"Brent Celek","PHI","TE",31,9,4,0.54,0.468,0.612,0.127279220613579,66,0.0575000000000001,12,0.144,NA,48.1,9.4,7.82693541510454,NA,NA,NA
2555209,"Chris Moore","BAL","WR",23,0,8,0.54,0.412,0.668,0.226274169979695,140,0.04,18,0.256,NA,NA,NA,2.95888245196269,NA,0,NA
79629,"Cedric Peerman","CIN","RB",30,7,9,0.53,0.53,0.53,NA,85,0.0349999999999999,16,0,NA,84.7,5.7,6.91474738442294,NA,NA,NA
2540261,"Corey Fuller","FA","WR",26,3,NA,0.52,0.52,0.52,NA,141,0.04,18,0,NA,NA,NA,NA,NA,NA,NA
2552559,"C.J. Uzomah","CIN","TE",23,1,9,0.52,0.424,0.616,0.169705627484771,67,0.0825,12,0.192,NA,NA,NA,3.33166978617808,NA,NA,NA
2534770,"Jonathan Grimes","HOU","RB",27,4,9,0.515,0.351,0.679,0.289913780286484,86,0.0600000000000001,16,0.328,NA,67.1,6,5.28599698321373,NA,5.8,NA
2531049,"Chris Matthews","BAL","WR",27,3,8,0.48,0.48,0.48,NA,142,0,0,0,NA,NA,NA,NA,NA,NA,NA
2550163,"Michael Campanaro","BAL","WR",25,2,8,0.48,0.48,0.48,NA,142,0.01,18,0,NA,NA,NA,NA,NA,NA,NA
2552651,"Kaelin Clay","BAL","WR",24,1,8,0.48,0.48,0.48,NA,142,0.03,18,0,NA,NA,NA,NA,NA,NA,NA
2506874,"Reggie Bush","BUF","RB",31,10,10,0.475,0.335,0.615,0.247487373415292,87,0.0425000000000001,16,0.28,NA,63.2,7.2,6.05398275906752,NA,0.3,NA
2553621,"Lucky Whitehead","DAL","WR",NA,NA,7,0.46,0.46,0.46,NA,145,0.0225,18,0,NA,126,11.2,8.05257933705412,NA,-3,NA
2552403,"Nick OLeary","BUF","TE",24,1,10,0.445,0.433,0.457,0.0212132034355964,68,0.0549999999999999,13,0.024,NA,49.1,7.1,6.00547103497699,NA,0.8,NA
2535988,"Brittan Golden","ARI","WR",28,4,9,0.44,0.2,0.68,0.424264068711929,146,0.0175000000000001,18,0.48,NA,114.8,8.3,4.64509345427492,NA,NA,NA
2556396,"Chester Rogers","IND","WR",22,0,10,0.435,0.343,0.527,0.162634559672906,147,0.03,18,0.184,NA,107,16.2,7.3036141725144,NA,0,NA
2495467,"Taiwan Jones","OAK","RB",28,5,10,0.435,0.199,0.671,0.417193000900063,88,0.00499999999999989,16,0.472,NA,86.3,3.9,4.02646592363618,NA,1.1,NA
497204,"C.J. Spiller","NYJ","RB",29,6,11,0.43,0.39,0.47,0.0707106781186548,89,0.01,17,0.08,NA,83.5,10.5,8.07024038807665,NA,1.2,NA
163982,"Will Johnson","NYG","RB",27,5,8,0.43,0.43,0.43,NA,90,0.03,17,0,NA,NA,NA,NA,NA,NA,NA
2552402,"Nick Boyle","BAL","TE",23,1,8,0.43,0.414,0.446,0.0282842712474619,69,0.0825,13,0.032,NA,NA,NA,2.92940774109406,NA,2.4,NA
2552369,"Bryce Petty","NYJ","QB",25,1,11,0.413,0.2618,0.5642,0.267286363288515,33,0.19,9,0.3024,NA,NA,NA,4.25630626569077,NA,3.4,NA
2552631,"Javorius Allen","BAL","RB",25,1,8,0.41,0.234,0.586,0.311126983722081,91,0.025,17,0.352,NA,NA,NA,3.30703131334425,NA,NA,NA
2532900,"Keshawn Martin","FA","WR",26,4,NA,0.41,0.41,0.41,NA,148,0.0125,18,0,NA,NA,NA,NA,NA,NA,NA
2556752,"Tommylee Lewis","NO","WR",24,0,5,0.4,0.368,0.432,0.0565685424949239,149,0.00750000000000001,18,0.0640000000000001,NA,132,7.1,3.78057143804068,NA,0,NA
2556460,"Geronimo Allison","GB","WR",22,0,4,0.395,0.367,0.423,0.0494974746830583,150,0.02,18,0.056,NA,131.3,2.4,2.01492481847296,NA,NA,NA
2555227,"Jonathan Williams","BUF","RB",22,0,10,0.39,0.27,0.51,0.212132034355964,92,0.0100000000000001,17,0.24,NA,61.2,5.8,5.02288887683822,NA,NA,NA
2543641,"Devin Street","IND","WR",25,2,10,0.39,0.39,0.39,0,151,0.0375,18,0,NA,NA,NA,2.44717783806278,NA,NA,NA
2556273,"Darius Jackson","DAL","RB",23,0,7,0.38,0.38,0.38,0,93,5.55111512312578e-17,17,0,NA,NA,NA,2.31622114818963,NA,NA,NA
2555230,"Kenyan Drake","MIA","RB",NA,0,8,0.38,0.236,0.524,0.254558441227157,94,0.01,17,0.288,NA,NA,NA,3.12688401058887,NA,0.5,NA
2555234,"Tyler Ervin","HOU","RB",23,0,9,0.38,0.18,0.58,0.353553390593274,94,0.03,17,0.4,NA,NA,NA,3.44214179041079,NA,NA,NA
2553434,"Devin Smith","NYJ","WR",NA,NA,11,0.36,0.328,0.392,0.0565685424949238,152,0.0175,18,0.0639999999999999,NA,NA,NA,2.57510399153776,NA,NA,NA
2495979,"DeAngelo Williams","PIT","RB",33,10,8,0.36,0.36,0.36,NA,96,0.0499999999999999,18,0,NA,NA,NA,NA,NA,NA,NA
2507405,"Matthew Mulligan","DET","TE",31,8,10,0.35,0.35,0.35,NA,70,0.025,13,0,NA,NA,NA,NA,NA,NA,NA
2552431,"Vince Mayle","DAL","WR",NA,NA,7,0.345,0.0690000000000001,0.621,0.487903679018718,153,0.01,18,0.552,NA,NA,NA,3.55054091178446,NA,NA,NA
2556478,"Ben Braunecker","CHI","TE",22,0,9,0.345,0.245,0.445,0.176776695296637,71,0.0475,13,0.2,NA,47.9,7.7,6.66252805887434,NA,NA,NA
2535966,"Brenton Bersin","CAR","WR",26,3,7,0.34,0.34,0.34,0,154,0.0125,19,0,NA,NA,NA,2.44717783806278,NA,0.7,NA
2540178,"Knile Davis","KC","RB",25,3,5,0.34,0.3,0.38,0.0707106781186548,97,0.065,18,0.08,NA,78.6,4.8,4.10142056973811,NA,NA,NA
2553725,"Bradley Marquez","LA","WR",NA,NA,8,0.33,0.33,0.33,NA,155,0.00999999999999995,19,0,NA,119.1,6.7,4.68686420624991,NA,0,NA
2495331,"Aldrick Robinson","ATL","WR",28,5,11,0.325,0.233,0.417,0.162634559672906,156,0.0175,19,0.184,NA,122.2,3,2.36723198066822,NA,7.8,NA
2555413,"Trevor Davis","GB","WR",23,0,4,0.315,0.311,0.319,0.00707106781186548,157,0.0275,20,0.00800000000000001,NA,NA,NA,2.46316860724715,NA,NA,NA
2550206,"Ryan Hewitt","CIN","TE",25,2,9,0.305,0.277,0.333,0.0494974746830583,72,0.0175,14,0.056,NA,NA,NA,2.98974704785666,NA,NA,NA
2556882,"Jake Lampman","NO","WR",23,0,5,0.3,0.3,0.3,NA,158,0.0275,20,0,NA,NA,NA,NA,NA,NA,NA
89766,"Brandon Myers","TB","TE",31,7,6,0.29,0.282,0.298,0.014142135623731,73,0.0175,14,0.0160000000000001,NA,NA,NA,2.88918153658566,NA,0,NA
2555364,"Tyler Higbee","LA","TE",23,0,8,0.285,0.137,0.433,0.261629509039023,74,0.03,14,0.296,NA,55.9,6.8,6.12948732374784,NA,1.6,NA
2532797,"Brandon Bolden","NE","RB",26,4,9,0.28,0.248,0.312,0.0565685424949238,98,0.0125,18,0.064,NA,NA,NA,2.49636845094502,NA,NA,NA
2543638,"DeAnthony Thomas","KC","WR",23,2,5,0.275,0.223,0.327,0.0919238815542512,159,0.005,20,0.104,NA,NA,NA,2.65505783745962,NA,0,NA
81308,"Mike Thomas","LA","WR",29,7,8,0.27,0.27,0.27,NA,160,0,21,0,NA,NA,NA,NA,NA,NA,NA
2530763,"Patrick DiMarco","ATL","RB",27,5,11,0.27,0.198,0.342,0.127279220613579,99,0.00750000000000001,18,0.144,NA,77.8,6.7,5.51443416056198,NA,NA,NA
2556190,"Jakeem Grant","MIA","WR",24,0,8,0.27,0.23,0.31,0.0707106781186548,160,0.0025,20,0.08,NA,131.5,13.5,6.18995963357472,NA,0,NA
2556381,"Mike Thomas","LA","WR",22,0,8,0.27,0.27,0.27,NA,160,0.0225,21,0,NA,NA,NA,NA,NA,0,NA
2495159,"Dwayne Harris","NYG","WR",29,5,8,0.265,0.253,0.277,0.0212132034355964,163,0.0375,21,0.024,NA,NA,NA,2.4951501456159,NA,0,NA
2543695,"Jay Prosch","HOU","RB",24,2,9,0.265,0.261,0.269,0.00707106781186548,100,0.005,19,0.00800000000000001,NA,NA,NA,2.33873956103406,NA,NA,NA
230,"Jerome Felton","BUF","RB",30,8,10,0.26,0.212,0.308,0.0848528137423857,101,0,19,0.096,NA,82,5,4.26319581831371,NA,0,NA
2495472,"Jordan Todman","IND","RB",26,5,10,0.26,0.188,0.332,0.127279220613579,101,0.0025,19,0.144,NA,84,5,4.33075105684698,NA,0.3,NA
2536342,"Brandon Bostick","NYJ","TE",27,4,11,0.26,0.18,0.34,0.14142135623731,75,0.01,14,0.16,NA,NA,NA,3.25121737716128,NA,1.2,NA
2550481,"Orleans Darkwa","NYG","RB",24,2,8,0.26,0.26,0.26,NA,101,0.00750000000000001,19,0,NA,NA,NA,NA,NA,NA,NA
2550263,"Juwan Thompson","DEN","RB",24,2,11,0.255,0.179,0.331,0.134350288425444,104,0.00750000000000001,19,0.152,NA,78.8,9.3,7.33603223148949,NA,0.5,NA
2495234,"Luke Stocker","TB","TE",28,5,6,0.25,0.178,0.322,0.127279220613579,76,0,14,0.144,NA,46.8,8.5,7.17321606645282,NA,NA,NA
2555289,"Nick Vannett","SEA","TE",NA,0,5,0.25,0.242,0.258,0.014142135623731,76,0.005,15,0.016,NA,60,2,2.29100484149019,NA,2.5,NA
2555306,"David Morgan","MIN","TE",23,0,6,0.25,0.218,0.282,0.0565685424949238,76,0.01,15,0.0639999999999999,NA,NA,NA,3.00986015011086,NA,NA,NA
2557531,"Troymaine Pope","SEA","RB",23,0,5,0.25,0.234,0.266,0.0282842712474619,105,0.00750000000000001,19,0.032,NA,NA,NA,2.40629479956733,NA,3.3,NA
2552382,"Malcolm Brown","LA","RB",23,1,8,0.245,0.193,0.297,0.0919238815542512,106,0.01,19,0.104,NA,78.6,8,6.36330756070357,NA,NA,NA
2534789,"Daryl Richardson","FA","RB",26,4,NA,0.24,0.24,0.24,NA,107,0.0125,20,0,NA,NA,NA,NA,NA,NA,NA
2552401,"MyCole Pruitt","FA","TE",24,1,NA,0.24,0.24,0.24,NA,79,0.0025,15,0,NA,NA,NA,NA,NA,NA,NA
2553552,"Khari Lee","DET","TE",NA,NA,10,0.24,0.24,0.24,NA,79,0.00999999999999998,15,0,NA,NA,NA,NA,NA,NA,NA
2495441,"Blaine Gabbert","SF","QB",27,5,8,0.239,0.2158,0.2622,0.0410121933088197,34,0.037,10,0.0464,NA,NA,NA,3.71002043909049,NA,1.5,NA
2535943,"Sean McGrath","SD","TE",29,4,11,0.235,0.207,0.263,0.0494974746830583,81,0.0125,15,0.056,NA,66,6.2,5.39197789083368,NA,NA,NA
2543704,"Lorenzo Taliaferro","BAL","RB",25,2,8,0.23,0.214,0.246,0.0282842712474619,108,0.0175,20,0.032,NA,NA,NA,2.40629479956733,NA,NA,NA
2555478,"Demarcus Robinson","KC","WR",NA,0,5,0.23,0.174,0.286,0.0989949493661167,164,0.00749999999999995,21,0.112,NA,NA,NA,2.67104860664399,NA,NA,NA
2553439,"Mike Davis","SF","RB",23,1,8,0.225,0.125,0.325,0.176776695296637,109,0.0325,20,0.2,NA,NA,NA,2.87918146930021,NA,NA,NA
79589,"David Johnson","PIT","TE",29,7,8,0.225,0.221,0.229,0.00707106781186544,82,0.0125,16,0.00799999999999995,NA,NA,NA,2.86906843433146,NA,0,NA
2555362,"Aaron Burbridge","SF","WR",23,0,8,0.225,0.117,0.333,0.190918830920368,165,0.02,21,0.216,NA,123,3.7,2.66099136254396,NA,NA,NA
2552420,"Keith Mumphery","HOU","WR",24,1,9,0.22,0.22,0.22,0,166,0.0575,22,0,NA,127,1,1.43540143931367,NA,NA,NA
2553454,"Geoff Swaim","DAL","TE",NA,NA,7,0.22,0.22,0.22,NA,83,0.0225,16,0,NA,NA,NA,NA,NA,NA,NA
2543497,"AJ McCarron","CIN","QB",26,2,9,0.207,0.1422,0.2718,0.114551298552221,35,0.0225,10,0.1296,NA,NA,NA,3.88756333273558,NA,NA,NA
2539645,"Brandon Williams","SEA","TE",29,4,5,0.205,0.161,0.249,0.0777817459305202,84,0.025,16,0.088,NA,55.5,6.5,5.65011054489265,NA,NA,NA
2539315,"Stepfan Taylor","ARI","RB",25,3,9,0.2,0.2,0.2,0,110,0.0225,21,0,NA,NA,NA,2.31622114818963,NA,NA,NA
2532888,"Case Keenum","LA","QB",28,4,8,0.197,0.1754,0.2186,0.0381837661840735,36,0.025,11,0.0432,NA,NA,NA,3.70319186625798,NA,NA,NA
2555486,"Temarrick Hemingway","LA","TE",23,0,8,0.19,0.19,0.19,0,85,0.0325,17,0,NA,NA,NA,2.84895533207725,NA,NA,NA
2556399,"Tevaun Smith","IND","WR",23,0,10,0.19,0.19,0.19,NA,167,0.0575,22,0,NA,NA,NA,NA,NA,NA,NA
2553650,"Corey Grant","JAC","RB",NA,NA,5,0.185,0.093,0.277,0.162634559672906,111,0.0225,21,0.184,NA,90,9,7.17218380358157,NA,0.2,NA
2504833,"Shaun Hill","MIN","QB",NA,NA,6,0.172,0.1576,0.1864,0.0254558441227157,37,0.00100000000000003,11,0.0288,NA,NA,NA,3.67246328851172,NA,0.24,NA
2532842,"Nick Foles","KC","QB",27,4,5,0.172,0.1704,0.1736,0.00282842712474617,37,0.0115,11,0.00319999999999998,NA,NA,NA,3.61783470585169,NA,NA,NA
2533353,"Cory Harkey","LA","TE",26,4,8,0.17,0.114,0.226,0.0989949493661166,86,0.0375,17,0.112,NA,NA,NA,3.13053876363607,NA,NA,NA
497123,"Colt McCoy","WAS","QB",30,6,9,0.17,0.1364,0.2036,0.05939696961967,39,0.031,11,0.0672,NA,NA,NA,3.75440616250176,NA,NA,NA
2539303,"Zach Line","MIN","RB",26,3,6,0.17,0.13,0.21,0.0707106781186548,112,0.0175,21,0.08,NA,79.6,5.9,4.86733316625958,NA,NA,NA
2495340,"Anthony Sherman","KC","RB",28,5,5,0.155,0.111,0.199,0.0777817459305202,113,0.025,21,0.088,NA,NA,NA,2.56392368947829,NA,NA,NA
2539287,"Landry Jones","PIT","QB",27,3,8,0.151,0.0718,0.2302,0.140007142674936,40,0.0295,11,0.1584,NA,NA,NA,3.94902048822811,NA,-0.1,NA
2552647,"Marcus Murphy","NO","RB",25,1,5,0.15,0.126,0.174,0.0424264068711928,114,0.04,22,0.048,NA,NA,NA,2.45133162525617,NA,NA,NA
2553318,"James OShaughnessy","KC","TE",NA,NA,5,0.145,0.077,0.213,0.120208152801713,87,0.035,17,0.136,NA,NA,NA,3.19087807039867,NA,NA,NA
2507029,"Eric Weems","ATL","WR",31,9,11,0.135,0.067,0.203,0.120208152801713,168,0.00750000000000001,22,0.136,NA,NA,NA,2.71902091419711,NA,0,NA
2541828,"Frankie Hammond","FA","WR",NA,NA,NA,0.13,0.13,0.13,NA,169,0.005,23,0,NA,NA,NA,NA,NA,NA,NA
81284,"Chase Daniel","PHI","QB",30,7,4,0.127,0.0526,0.2014,0.131521861300698,41,0.011,11,0.1488,NA,NA,NA,3.9285347697306,NA,NA,NA
2543590,"Cody Latimer","DEN","WR",24,2,11,0.125,0.105,0.145,0.0353553390593274,170,0.0025,23,0.04,NA,NA,NA,2.52713168398464,NA,1,NA
2552654,"Geremy Davis","SD","WR",24,1,11,0.125,0.025,0.225,0.176776695296637,170,0.01,23,0.2,NA,NA,NA,2.84694706767208,NA,NA,NA
2552478,"Blake Bell","SF","TE",25,1,8,0.12,0.088,0.152,0.0565685424949238,88,0.07,18,0.064,NA,NA,NA,3.00986015011086,NA,NA,NA
2530598,"Jeremy Ross","NYJ","WR",28,5,11,0.12,0.024,0.216,0.169705627484771,172,0.025,23,0.192,NA,NA,NA,2.83095629848771,NA,0,NA
252,"Chad Henne","JAC","QB",31,8,5,0.116,0.0424,0.1896,0.130107647738325,42,0.002,11,0.1472,NA,NA,NA,3.92512048331435,NA,NA,NA
2539961,"Ryan Nassib","NYG","QB",26,3,8,0.116,0.0392,0.1928,0.135764501987817,42,0.00650000000000001,11,0.1536,NA,NA,NA,3.93877762897935,NA,NA,NA
2543640,"Tom Savage","HOU","QB",26,2,9,0.112,0.0384,0.1856,0.130107647738325,44,0.00599999999999998,11,0.1472,NA,NA,NA,3.92512048331435,NA,NA,NA
2508101,"James Develin","NE","RB",28,6,9,0.11,0.11,0.11,0,115,0.0025,23,0,NA,NA,NA,2.31622114818963,NA,0,NA
2550223,"Freddie Martino","TB","WR",25,2,6,0.11,0.022,0.198,0.15556349186104,173,0.0325,23,0.176,NA,120.8,7.6,4.07949099626486,NA,5.6,NA
2550235,"Roosevelt Nix","PIT","RB",NA,NA,8,0.11,0.038,0.182,0.127279220613579,115,0.01,23,0.144,NA,NA,NA,2.72155257938925,NA,NA,NA
2506053,"Luke McCown","NO","QB",35,12,5,0.107,0.0566,0.1574,0.089095454429505,45,0.00199999999999999,12,0.1008,NA,NA,NA,3.82610617724305,NA,NA,NA
2505982,"Matt Schaub","ATL","QB",35,12,11,0.105,0.0498,0.1602,0.0975807358037435,46,0.001,12,0.1104,NA,NA,NA,3.84659189574056,NA,NA,NA
2531218,"Chase Reynolds","LA","RB",29,4,8,0.105,0.021,0.189,0.148492424049175,117,0.015,23,0.168,NA,NA,NA,2.78910781792252,NA,NA,NA
2539275,"Mike Glennon","TB","QB",27,3,6,0.105,0.0978,0.1122,0.0127279220613579,46,0.0025,12,0.0144,NA,NA,NA,3.64173471076545,NA,NA,NA
2506481,"Dan Orlovsky","DET","QB",33,11,10,0.103,0.043,0.163,0.106066017177982,48,0.0015,12,0.12,NA,NA,NA,3.86707761423807,NA,NA,NA
2506546,"Derek Anderson","CAR","QB",33,11,7,0.102,0.078,0.126,0.0424264068711929,49,0.000999999999999987,12,0.048,NA,NA,NA,3.71343472550674,NA,-3,NA
2495443,"Ryan Mallett","BAL","QB",28,5,8,0.101,0.0746,0.1274,0.0466690475583121,50,0.003,12,0.0528,NA,NA,NA,3.72367758475549,NA,-0.1,NA
2495748,"Drew Stanton","ARI","QB",32,9,9,0.101,0.0778,0.1242,0.0410121933088197,50,0.00650000000000001,12,0.0464,NA,NA,NA,3.71002043909049,NA,NA,NA
2550454,"Asante Cleveland","SD","TE",24,2,11,0.1,0.02,0.18,0.14142135623731,89,0.1,18,0.16,NA,NA,NA,3.25121737716128,NA,NA,NA
2507282,"Matt Moore","MIA","QB",32,9,8,0.095,0.0254,0.1646,0.123036579926459,52,0.00900000000000001,12,0.1392,NA,NA,NA,3.90804905123309,NA,NA,NA
2555219,"Daniel Lasco","NO","RB",24,0,5,0.095,0.091,0.099,0.00707106781186547,118,0.015,24,0.00799999999999999,NA,NA,NA,2.33873956103406,NA,NA,NA
2495425,"Scott Tolzien","IND","QB",29,5,10,0.094,0.0636,0.1244,0.0537401153701776,53,0.0225,12,0.0608,NA,NA,NA,3.74074901683675,NA,0.14,NA
2552636,"Michael Burton","DET","RB",24,1,10,0.085,0.049,0.121,0.0636396103067893,119,0.0125,24,0.072,NA,NA,NA,2.51888686378944,NA,NA,NA
2506897,"Devin Hester","BAL","WR",34,10,8,0.08,0.016,0.144,0.113137084989848,174,0.00750000000000001,23,0.128,NA,NA,NA,2.70303014501273,NA,0,NA
2543801,"Jimmy Garoppolo","NE","QB",25,2,9,0.078,0.0636,0.0924,0.0254558441227157,54,0.0145,12,0.0288,NA,NA,NA,3.67246328851172,NA,NA,NA
2539980,"Kerwynn Williams","ARI","RB",25,3,9,0.075,0.015,0.135,0.106066017177982,120,0.04,24,0.12,NA,NA,NA,2.65399734085598,NA,NA,NA
2556785,"Paul Turner","PHI","WR",23,0,4,0.075,0.015,0.135,0.106066017177982,175,0.01,23,0.12,NA,133.5,10.5,5.10803151293424,NA,8,NA
2539235,"Tavarres King","NYG","WR",26,3,8,0.07,0.07,0.07,NA,176,0.035,23,0,NA,NA,NA,NA,NA,NA,NA
2533437,"Ronnie Hillman","SD","RB",25,4,11,0.07,0.014,0.126,0.0989949493661166,121,0.07,24,0.112,NA,NA,NA,2.63147892801156,NA,NA,NA
2542065,"Matt McGloin","OAK","QB",27,3,10,0.065,0.045,0.085,0.0353553390593274,55,0.0045,12,0.04,NA,NA,NA,3.69636329342548,NA,NA,NA
2539228,"EJ Manuel","BUF","QB",26,3,10,0.062,0.062,0.062,NA,56,0.00650000000000001,12,0,NA,NA,NA,NA,NA,NA,NA
2541940,"Rashad Ross","WAS","WR",26,3,9,0.06,0.012,0.108,0.0848528137423857,177,0.055,23,0.096,NA,NA,NA,2.63906706827524,NA,NA,NA
2506895,"Kellen Clemens","SD","QB",33,10,11,0.059,0.0214,0.0966,0.0664680374315355,57,0.022,12,0.0752,NA,NA,NA,3.77147759458302,NA,NA,NA
2556477,"Trevone Boykin","SEA","QB",23,0,5,0.052,0.0232,0.0808,0.0509116882454314,58,0.03,12,0.0576,NA,NA,NA,3.73392044400425,NA,1.62,NA
2543751,"David Fales","CHI","QB",26,2,9,0.022,0.0044,0.0396,0.0311126983722081,59,0.007,13,0.0352,NA,NA,NA,3.68612043417673,NA,NA,NA
2552588,"Brett Hundley","GB","QB",23,1,4,0.022,0.0108,0.0332,0.0197989898732233,59,0.018,13,0.0224,NA,NA,NA,3.65880614284671,NA,NA,NA
2550182,"Isaiah Burse","SD","WR",25,2,11,0.01,0.01,0.01,NA,178,0.01,23,0,NA,NA,NA,NA,NA,0,NA
2533349,"Austin Davis","DEN","QB",27,4,11,0.008,0.0016,0.0144,0.0113137084989848,61,0.008,13,0.0128,NA,NA,NA,3.6383204243492,NA,NA,NA
206,"Andre Caldwell","DET","WR",31,8,10,0,0,0,NA,179,0,0,0,NA,NA,NA,NA,NA,NA,NA
262,"Chris Johnson","ARI","RB",31,8,9,0,0,0,NA,122,0,24,0,NA,NA,NA,NA,NA,NA,NA
264,"Josh Johnson","NYG","QB",30,8,8,0,0,0,0,62,0,13,0,NA,NA,NA,3.61100613301919,NA,NA,NA
284,"Darren McFadden","DAL","RB",29,8,7,0,0,0,NA,122,0,24,0,NA,NA,NA,NA,NA,NA,NA
318,"Jerome Simpson","FA","WR",30,8,NA,0,0,0,NA,179,0,0,0,NA,NA,NA,NA,NA,NA,NA
4433,"Marcel Reece","FA","RB",31,8,NA,0,0,0,NA,122,0,24,0,NA,NA,NA,NA,NA,NA,NA
4487,"Matthew Slater","NE","WR",31,8,9,0,0,0,NA,179,0,0,0,NA,NA,NA,NA,NA,NA,NA
71255,"Chase Coffman","IND","TE",30,7,10,0,0,0,NA,90,0,18,0,NA,NA,NA,NA,NA,NA,NA
79858,"Mark Sanchez","DAL","QB",30,7,7,0,0,0,0,62,0,13,0,NA,NA,NA,3.61100613301919,NA,NA,NA
497145,"Joique Bell","FA","RB",30,6,NA,0,0,0,NA,122,0,24,0,NA,NA,NA,NA,NA,NA,NA
497226,"Jim Dray","FA","TE",30,6,NA,0,0,0,NA,90,0,18,0,NA,NA,NA,NA,NA,NA,NA
497256,"Tony Moeaki","FA","TE",29,6,NA,0,0,0,NA,90,0,18,0,NA,NA,NA,NA,NA,NA,NA
497282,"Riley Cooper","FA","WR",29,6,NA,0,0,0,NA,179,0,0,0,NA,NA,NA,NA,NA,NA,NA
1037347,"Joe Webb","CAR","QB",30,6,7,0,0,0,0,62,0,13,0,NA,NA,NA,3.61100613301919,NA,NA,NA
2495181,"Jerrod Johnson","DAL","QB",28,5,7,0,0,0,NA,62,0,13,0,NA,NA,NA,NA,NA,NA,NA
2495215,"Christian Ponder","SF","QB",28,5,8,0,0,0,0,62,0,13,0,NA,NA,NA,3.61100613301919,NA,NA,NA
2495314,"Bruce Miller","FA","RB",29,5,NA,0,0,0,NA,122,0,24,0,NA,NA,NA,NA,NA,NA,NA
2495470,"Stevan Ridley","FA","RB",27,5,NA,0,0,0,NA,122,0,24,0,NA,NA,NA,NA,NA,NA,NA
2495620,"Clark Harris","CIN","TE",32,9,9,0,0,0,NA,90,0,18,0,NA,NA,NA,NA,NA,NA,NA
2504162,"Shayne Graham","FA","K",NA,NA,NA,0,0,0,NA,32,0,0,0,NA,NA,NA,NA,NA,NA,NA
2507164,"Adrian Peterson","MIN","RB",31,9,6,0,0,0,NA,122,0,24,0,NA,NA,NA,NA,NA,NA,NA
2507183,"James Jones","FA","WR",32,9,NA,0,0,0,NA,179,0,0,0,NA,NA,NA,NA,NA,NA,NA
2508112,"Rob Housler","FA","TE",28,5,NA,0,0,0,NA,90,0,18,0,NA,NA,NA,NA,NA,NA,NA
2508115,"Vincent Brown","FA","WR",27,5,NA,0,0,0,NA,179,0,0,0,NA,NA,NA,NA,NA,NA,NA
2532864,"Dan Herron","FA","RB",27,4,NA,0,0,0,NA,122,0,24,0,NA,NA,NA,NA,NA,NA,NA
2532926,"Isaiah Pead","FA","RB",27,4,NA,0,0,0,NA,122,0,24,0,NA,NA,NA,NA,NA,NA,NA
2532960,"Nick Toon","FA","WR",28,4,NA,0,0,0,NA,179,0,0,0,NA,NA,NA,NA,NA,NA,NA
2532968,"Blair Walsh","FA","K",26,4,NA,0,0,0,NA,32,0,0,0,NA,NA,NA,NA,NA,NA,NA
2532970,"Brandon Weeden","HOU","QB",33,4,9,0,0,0,0,62,0,13,0,NA,NA,NA,3.61100613301919,NA,NA,NA
2533047,"Orson Charles","DET","TE",25,4,10,0,0,0,NA,90,0,18,0,NA,NA,NA,NA,NA,NA,NA
2533533,"Rueben Randle","FA","WR",25,4,NA,0,0,0,NA,179,0,0,0,NA,NA,NA,NA,NA,NA,NA
2534437,"Austin Johnson","FA","RB",27,3,NA,0,0,0,NA,122,0,24,0,NA,NA,NA,NA,NA,NA,NA
2534889,"Matt Simms","FA","QB",28,4,NA,0,0,0,NA,62,0,13,0,NA,NA,NA,NA,NA,NA,NA
2535634,"Chris Givens","FA","WR",27,4,NA,0,0,0,NA,179,0,0,0,NA,NA,NA,NA,NA,NA,NA
2535696,"Joe Banyard","JAC","RB",28,4,5,0,0,0,NA,122,0,24,0,NA,NA,NA,NA,NA,NA,NA
2535876,"Griff Whalen","FA","WR",26,4,NA,0,0,0,NA,179,0,0,0,NA,NA,NA,NA,NA,NA,NA
2539214,"Kenbrell Thompkins","FA","WR",28,3,NA,0,0,0,NA,179,0,0,0,NA,NA,NA,NA,NA,NA,NA
2539256,"Aaron Dobson","FA","WR",25,3,NA,0,0,0,NA,179,0,0,0,NA,NA,NA,NA,NA,NA,NA
2539258,"Zac Dysert","FA","QB",26,3,NA,0,0,0,NA,62,0,13,0,NA,NA,NA,NA,NA,NA,NA
2539674,"Rodney Smith","FA","WR",26,3,NA,0,0,0,NA,179,0,0,0,NA,NA,NA,NA,NA,NA,NA
2540005,"Marlon Brown","DEN","WR",25,3,11,0,0,0,NA,179,0,0,0,NA,NA,NA,NA,NA,NA,NA
2540224,"Mike James","TB","RB",25,3,6,0,0,0,NA,122,0,24,0,NA,NA,NA,NA,NA,NA,NA
2540225,"Tommy Bohanon","FA","RB",26,3,NA,0,0,0,NA,122,0,24,0,NA,NA,NA,NA,NA,NA,NA
2540279,"Nick Williams","FA","WR",26,3,NA,0,0,0,NA,179,0,0,0,NA,NA,NA,NA,NA,NA,NA
2541185,"Ryan Griffin","TB","QB",27,3,6,0,0,0,NA,62,0,13,0,NA,NA,NA,NA,NA,NA,NA
2541910,"George Winn","FA","RB",26,3,NA,0,0,0,NA,122,0,24,0,NA,NA,NA,NA,NA,NA,NA
2542022,"Khiry Robinson","FA","RB",27,3,NA,0,0,0,NA,122,0,24,0,NA,NA,NA,NA,NA,NA,NA
2542060,"Jordan Gay","BUF","K",NA,NA,10,0,0,0,0,32,NA,0,0,NA,NA,NA,2.39597675579738,NA,NA,NA
2543565,"Andre Williams","FA","RB",24,2,NA,0,0,0,NA,122,0,24,0,NA,NA,NA,NA,NA,NA,NA
2543587,"Aaron Murray","FA","QB",26,2,NA,0,0,0,NA,62,0,13,0,NA,NA,NA,NA,NA,NA,NA
2543596,"Dri Archer","BUF","RB",25,2,10,0,0,0,0,122,0,25,0,NA,NA,NA,2.31622114818963,NA,NA,NA
2543605,"Zach Mettenberger","PIT","QB",25,2,8,0,0,0,0,62,0,13,0,NA,NA,NA,3.61100613301919,NA,NA,NA
2543682,"Bishop Sankey","FA","RB",24,2,NA,0,0,0,NA,122,0,24,0,NA,NA,NA,NA,NA,NA,NA
2543746,"Josh Huff","FA","WR",25,2,NA,0,0,0,NA,179,0,0,0,NA,NA,NA,NA,NA,NA,NA
2543767,"Logan Thomas","BUF","QB",25,2,10,0,0,0,0,62,0,13,0,NA,NA,NA,3.61100613301919,NA,NA,NA
2543784,"Keith Wenning","FA","QB",25,2,NA,0,0,0,NA,62,0,13,0,NA,NA,NA,NA,NA,NA,NA
2543836,"T.J. Jones","FA","WR",24,2,NA,0,0,0,NA,179,0,0,0,NA,NA,NA,NA,NA,4.9,NA
2550216,"Jonathan Krause","FA","WR",NA,NA,NA,0,0,0,NA,179,0,23,0,NA,NA,NA,NA,NA,NA,NA
2550243,"Justin Perillo","FA","TE",25,2,NA,0,0,0,NA,90,0,18,0,NA,NA,NA,NA,NA,NA,NA
2550247,"Bryn Renner","FA","QB",26,2,NA,0,0,0,NA,62,0,13,0,NA,NA,NA,NA,NA,NA,NA
2550330,"Kain Colter","FA","WR",24,2,NA,0,0,0,NA,179,0,23,0,NA,NA,NA,NA,NA,NA,NA
2550355,"Nic Jacobs","FA","TE",25,2,NA,0,0,0,NA,90,0,18,0,NA,NA,NA,NA,NA,NA,NA
2550356,"Marcel Jensen","WAS","TE",26,2,9,0,0,0,NA,90,0,18,0,NA,NA,NA,NA,NA,NA,NA
2550376,"Stephen Morris","FA","QB",24,2,NA,0,0,0,NA,62,0,13,0,NA,NA,NA,NA,NA,NA,NA
2550413,"Corey Washington","FA","WR",25,2,NA,0,0,0,NA,179,0,23,0,NA,NA,NA,NA,NA,NA,NA
2550608,"RaShaun Allen","SEA","TE",26,2,5,0,0,0,NA,90,0,18,0,NA,NA,NA,NA,NA,NA,NA
2552371,"Garrett Grayson","FA","QB",25,1,NA,0,0,0,NA,62,0,13,0,NA,NA,NA,NA,NA,NA,NA
2552383,"Terrence Magee","BAL","RB",23,1,8,0,0,0,NA,122,0,24,0,NA,NA,NA,NA,NA,NA,NA
2552421,"Kenny Bell","FA","WR",24,1,NA,0,0,0,NA,179,0,23,0,NA,NA,NA,NA,NA,NA,NA
2552425,"Rashad Greene","JAC","WR",24,1,5,0,0,0,0,179,0,24,0,NA,NA,NA,2.44717783806278,NA,NA,NA
2552462,"Gerald Christian","FA","TE",25,1,NA,0,0,0,NA,90,0,18,0,NA,NA,NA,NA,NA,1.4,NA
2552576,"Sean Mannion","LA","QB",24,1,8,0,0,0,0,62,0,13,0,NA,NA,NA,3.61100613301919,NA,NA,NA
2552622,"Chris Manhertz","CAR","TE",NA,NA,7,0,0,0,0,90,0,19,0,NA,NA,NA,2.84895533207725,NA,NA,NA
2552634,"Joey Iosefa","FA","RB",NA,NA,NA,0,0,0,NA,122,0,24,0,NA,NA,NA,NA,NA,NA,NA
2553289,"Evan Spencer","FA","WR",NA,NA,NA,0,0,0,NA,179,0,23,0,NA,NA,NA,NA,NA,NA,NA
2553292,"Kennard Backman","FA","TE",23,1,NA,0,0,0,NA,90,0,18,0,NA,NA,NA,NA,NA,NA,NA
2553554,"Matt Lengel","NE","TE",NA,NA,9,0,0,0,NA,90,0,18,0,NA,NA,NA,NA,NA,NA,NA
2553600,"Jameill Showers","DAL","QB",NA,NA,7,0,0,0,NA,62,0,13,0,NA,NA,NA,NA,NA,NA,NA
2553662,"Gus Johnson","FA","RB",23,1,NA,0,0,0,NA,122,0,24,0,NA,NA,NA,NA,NA,NA,NA
2553867,"Mack Brown","WAS","RB",NA,NA,9,0,0,0,NA,122,0,24,0,NA,NA,NA,NA,NA,NA,NA
2555262,"Jeff Driskel","CIN","QB",23,0,9,0,0,0,0,62,0,13,0,NA,NA,NA,3.61100613301919,NA,NA,NA
2555332,"Connor Cook","OAK","QB",23,0,10,0,0,0,0,62,0,13,0,NA,NA,NA,3.61100613301919,NA,NA,NA
2555416,"Christian Hackenberg","NYJ","QB",21,0,11,0,0,0,0,62,0,13,0,NA,NA,NA,3.61100613301919,NA,NA,NA
2555426,"Cardale Jones","BUF","QB",24,0,10,0,0,0,0,62,0,13,0,NA,NA,NA,3.61100613301919,NA,NA,NA
2555427,"Nate Sudfeld","WAS","QB",23,0,9,0,0,0,0,62,0,13,0,NA,NA,NA,3.61100613301919,NA,NA,NA
2555471,"Kenny Lawler","FA","WR",22,0,NA,0,0,0,NA,179,0,23,0,NA,NA,NA,NA,NA,NA,NA
2555483,"Thomas Duarte","MIA","TE",21,0,8,0,0,0,0,90,0,18,0,NA,NA,NA,2.84895533207725,NA,NA,NA
2555487,"Beau Sandland","FA","TE",23,0,NA,0,0,0,NA,90,0,18,0,NA,NA,NA,NA,NA,NA,NA
2555573,"Anthony Dable","FA","WR",NA,2016,NA,0,0,0,NA,179,0,23,0,NA,NA,NA,NA,NA,NA,NA
2556144,"Daniel Braverman","CHI","WR",23,0,9,0,0,0,0,179,0,23,0,NA,NA,NA,2.44717783806278,NA,NA,NA
2556232,"Jake Rudock","DET","QB",23,0,10,0,0,0,0,62,NA,13,0,NA,NA,NA,3.61100613301919,NA,NA,NA
2556261,"Moritz Boehringer","FA","WR",NA,0,NA,0,0,0,NA,179,0,23,0,NA,NA,NA,NA,NA,NA,NA
2556375,"Rico Gathers","FA","TE",22,0,NA,0,0,0,NA,90,0,18,0,NA,NA,NA,NA,NA,NA,NA
2556453,"Hakeem Valles","ARI","TE",24,0,9,0,0,0,0,90,0,18,0,NA,NA,NA,2.84895533207725,NA,NA,NA
2556454,"Brandon Wilds","FA","RB",23,0,NA,0,0,0,NA,122,0,24,0,NA,NA,NA,NA,NA,NA,NA
2556473,"Jace Billingsley","FA","WR",23,0,NA,0,0,0,NA,179,0,23,0,NA,NA,NA,NA,NA,NA,NA
2556490,"Devon Cajuste","FA","WR",23,0,NA,0,0,0,NA,179,0,23,0,NA,NA,NA,NA,NA,NA,NA
2556507,"Marshaun Coprich","FA","RB",22,0,NA,0,0,0,NA,122,0,24,0,NA,NA,NA,NA,NA,NA,NA
2556517,"Ed Eagan","BUF","WR",23,0,10,0,0,0,NA,179,0,23,0,NA,NA,NA,NA,NA,NA,NA
2556528,"D.J. Foster","FA","WR",NA,0,NA,0,0,0,NA,179,0,23,0,NA,NA,NA,NA,NA,NA,NA
2556541,"Aaron Green","FA","RB",24,0,NA,0,0,0,NA,122,0,24,0,NA,NA,NA,NA,NA,NA,NA
2556544,"Glenn Gronkowski","FA","RB",23,0,NA,0,0,0,NA,122,0,24,0,NA,NA,NA,NA,NA,NA,NA
2556563,"Don Jackson","GB","RB",23,0,4,0,0,0,NA,122,NA,24,0,NA,NA,NA,NA,NA,NA,NA
2556569,"Andy Jones","FA","WR",NA,0,NA,0,0,0,NA,179,0,23,0,NA,NA,NA,NA,NA,NA,NA
2556743,"Chris Hubert","ARI","WR",23,0,9,0,0,0,NA,179,0,23,0,NA,NA,NA,NA,NA,NA,NA
2556818,"Ryan OMalley","OAK","TE",23,2016,10,0,0,0,NA,90,NA,18,0,NA,NA,NA,NA,NA,NA,NA
2556851,"Keyarris Garrett","FA","WR",24,0,NA,0,0,0,NA,179,NA,23,0,NA,NA,NA,NA,NA,NA,NA
