"playerId","player","team","position","age","exp","bye","points","lower","upper","sdPts","positionRank","dropoff","tier","ptSpread","overallECR","positionECR","sdRank","risk","sleeper","actualPoints","salary"
2504211,"Tom Brady","NE","QB",38,15,4,24.5666666666667,24.316,25.332,0.635793467513888,1,5.03666666666667,1,1.016,NA,1,0.2,2.65802190030002,NA,16.86,NA
2504775,"Drew Brees","NO","QB",36,14,11,19.8133333333333,18.424,21.208,1.74003831375442,2,0.581666666666667,2,2.784,NA,4,1.9,4.78553223802034,NA,30.38,NA
2506363,"Aaron Rodgers","GB","QB",32,10,7,19.2466666666667,14.992,24.28,5.80749802697628,3,0.720000000000002,2,9.288,NA,6.7,2.2,8.37314714821061,NA,29.96,NA
2506121,"Philip Rivers","SD","QB",34,11,10,19.2166666666667,16.602,22.746,4.32055937736462,4,1.55666666666666,2,6.144,NA,2.9,1.5,6.64090081439813,NA,15.2,NA
2495455,"Cam Newton","CAR","QB",26,4,5,17.8366666666667,16.22,19.796,2.35491684212698,5,0.559999999999999,2,3.576,NA,7.5,1.8,5.2242816904439,NA,32.58,NA
2543583,"Devonta Freeman","ATL","RB",23,1,10,17.78,15.812,19.46,2.36372587243106,1,2.71166666666667,1,3.648,NA,1.5,0.6,3.75829121917914,NA,13.9,NA
310,"Matt Ryan","ATL","QB",30,7,10,17.4833333333333,16.324,18.732,1.51737712297679,6,0.445,3,2.408,NA,9,2.2,4.81465134385541,NA,16.32,NA
2495143,"Andy Dalton","CIN","QB",28,4,7,17.07,15.934,18.158,1.39387947829072,7,0.776666666666667,3,2.224,NA,5.5,1.8,4.42713692376569,NA,21.86,NA
2506109,"Ben Roethlisberger","PIT","QB",33,11,11,17.0066666666667,15.888,18.496,1.81684708584221,8,1.58666666666667,3,2.608,NA,4.1,1.7,4.70670340166863,NA,18.36,NA
2495454,"Julio Jones","ATL","WR",26,4,10,16.6333333333333,16.52,16.76,0.152752523165195,1,1.05166666666667,1,0.240000000000002,NA,1.5,0.8,0.939280713101052,NA,13.7,NA
2508061,"Antonio Brown","PIT","WR",27,5,11,15.7766666666667,13.824,17.56,2.363606002136,2,0.685,1,3.736,NA,2.2,1,3.42275508883517,NA,25.4,NA
2505996,"Eli Manning","NYG","QB",34,11,11,15.58,14.712,16.36,1.04747315001388,9,0.489999999999998,4,1.648,NA,5.9,1.9,4.21107518085075,NA,10.42,NA
2552475,"Todd Gurley","STL","RB",21,0,6,15.4333333333333,13.06,17.78,2.99054064231425,2,0.995000000000001,1,4.72,NA,1.8,0.9,4.49438638123884,NA,16.9,NA
2543496,"Odell Beckham","NYG","WR",23,1,11,15.3866666666667,13.388,17.34,2.47194929829342,3,0.911666666666665,1,3.952,NA,2.7,1.1,3.58386338792811,NA,10.5,NA
2495824,"Jay Cutler","CHI","QB",32,9,7,15.26,14.684,16.06,0.987319603775798,10,0.373333333333333,4,1.376,NA,12.2,2.6,4.6600660514548,NA,15.6,NA
2495240,"Tyrod Taylor","BUF","QB",26,4,8,14.92,12.072,17.768,5.03460028204822,11,0.160000000000002,4,5.696,NA,12,2.1,7.66078777260088,NA,15.64,NA
2543499,"Derek Carr","OAK","QB",24,1,6,14.8533333333333,14.092,15.452,0.920072460914538,12,0.211666666666666,4,1.36,NA,10.5,2.2,4.31920933151286,NA,25.34,NA
2495450,"A.J. Green","CIN","WR",27,4,7,14.7966666666667,13.012,16.62,2.25655341911804,4,0.856666666666666,2,3.608,NA,4.9,1.5,3.52516727533185,NA,5.3,NA
2495466,"Mark Ingram","NO","RB",26,4,11,14.7033333333333,12.502,17.302,3.12090264720534,3,0.604166666666666,2,4.8,NA,3.9,1.5,4.8799362363797,NA,9.6,NA
2501863,"Peyton Manning","DEN","QB",39,17,7,14.6666666666667,14.084,15.252,0.730022830693214,13,0.148333333333332,5,1.168,NA,12.2,2.3,4.23283965706495,NA,13.24,NA
497240,"Rob Gronkowski","NE","TE",26,5,4,14.63,13.78,15.372,1.02210566968391,1,3.08166666666667,1,1.592,NA,1,0,2.41083751697232,NA,4.7,NA
2552466,"Marcus Mariota","TEN","QB",22,0,4,14.6166666666667,13.108,16.092,1.86639581368298,14,0.246666666666664,5,2.984,NA,16.7,2.3,5.17541880171839,NA,31.34,NA
2543477,"Blake Bortles","JAC","QB",24,1,8,14.42,11.788,16.46,3.18891831190452,15,0.186666666666667,5,4.672,NA,19.6,2.4,6.34367147785057,NA,17.44,NA
2533031,"Andrew Luck","IND","QB",26,3,10,14.32,12.856,16.152,2.20871003076456,16,0.945000000000002,5,3.296,NA,14.6,2.2,5.38808629052137,NA,21.48,NA
2507164,"Adrian Peterson","MIN","RB",30,8,5,14.1733333333333,12.426,15.57,2.10656909056725,4,0.245833333333332,2,3.144,NA,4.6,2,4.11487653868133,NA,20.3,NA
497328,"Demaryius Thomas","DEN","WR",28,5,7,14.1533333333333,12.428,15.66,2.0747369311152,5,0.450000000000001,2,3.232,NA,5.7,1.9,3.50286416515811,NA,5,NA
2532956,"Ryan Tannehill","MIA","QB",27,3,5,14.1466666666667,11.84,15.904,2.80466278424579,17,1.57833333333333,5,4.064,NA,14.8,2.3,5.95367637366705,NA,9.58,NA
100024,"Jets","NYJ","DST",NA,NA,5,14.1,5.78,13.62,6.92964645562817,1,2.05,1,7.84,NA,3.1,2.4,8.32141753529972,NA,14,NA
2495469,"Dion Lewis","NE","RB",25,4,4,14.025,13.475,13.675,0.176776695296637,5,0.216666666666665,2,0.199999999999999,NA,11.3,3.5,2.89660666273356,NA,5.3,NA
2543603,"Jeremy Hill","CIN","RB",23,1,7,13.83,11.64,12.672,0.720208303201233,6,0.0683333333333334,3,1.032,NA,7.8,3.7,3.50879781428809,NA,5.2,NA
2495207,"DeMarco Murray","PHI","RB",27,4,8,13.7866666666667,12.048,15.84,2.3829673378654,7,0.348333333333334,3,3.792,NA,13.4,3.7,5.11733825646011,NA,22.1,NA
2507999,"Chris Ivory","NYJ","RB",27,5,5,13.7366666666667,12.228,14.86,1.84446017396238,8,0.665000000000001,4,2.632,NA,6.9,2.3,3.99103368812966,NA,16.8,NA
2533039,"Alshon Jeffery","CHI","WR",25,3,7,13.7266666666667,11.824,15.68,2.4124952504271,6,0.0799999999999983,2,3.856,NA,6.1,2.2,3.99998400624643,NA,15.1,NA
238498,"Julian Edelman","NE","WR",29,6,4,13.68,13.128,14.408,0.886115116675029,7,0.404999999999998,2,1.28,NA,6.7,1.6,2.08358712710541,NA,8.5,NA
2543468,"Mike Evans","TB","WR",22,1,6,13.6133333333333,11.272,15.4,2.84579221541794,8,0.776666666666667,2,4.128,NA,8.8,2.4,4.55696072194117,NA,12,NA
2552379,"Jeremy Langford","CHI","RB",24,0,7,13.14,12.342,13.638,1.14551298552221,9,0.263333333333334,4,1.296,NA,16.9,3.7,3.92023432883789,NA,20.2,NA
2532899,"Doug Martin","TB","RB",26,3,6,13.0033333333333,11.508,14.86,2.12391933305701,10,0.273333333333333,4,3.352,NA,6.3,2.4,4.30462012677093,NA,1.3,NA
497322,"Emmanuel Sanders","DEN","WR",28,5,7,12.9366666666667,11.448,14.48,1.89869253259535,9,0.32,2,3.032,NA,10.5,2.4,3.53050372412878,NA,15,NA
79607,"LeSean McCoy","BUF","RB",27,6,8,12.75,11.34,14.18,1.81727818453862,11,0.173333333333332,4,2.84,NA,9.1,3,4.2674164554167,NA,17.9,NA
497278,"Dez Bryant","DAL","WR",27,5,6,12.7366666666667,9.088,16.28,4.50078141363623,10,0.301666666666666,2,7.192,NA,14.1,4.5,7.26804685588474,NA,16.4,NA
2533437,"Ronnie Hillman","DEN","RB",24,3,7,12.71,11.444,13.66,1.54476535434997,12,0.280000000000001,4,2.216,NA,17.6,3.4,4.17674871187301,NA,0.1,NA
2552033,"Jameis Winston","TB","QB",21,0,6,12.6033333333333,11.29,13.626,1.58985324270303,18,0.116666666666665,6,2.336,NA,15.3,2.2,4.87476759086405,NA,18.28,NA
2506581,"Ryan Fitzpatrick","NYJ","QB",33,10,5,12.5333333333333,7.336,16.328,6.38803047373236,19,0.26,6,8.992,NA,18.2,2.9,9.35356323246156,NA,18.88,NA
2552487,"Amari Cooper","OAK","WR",21,0,6,12.4966666666667,9.252,15.18,3.89923496769986,11,0.156666666666668,2,5.928,NA,9.7,2.4,5.69867125620294,NA,14.8,NA
284,"Darren McFadden","DAL","RB",28,7,6,12.4433333333333,10.304,14.44,2.68935556097243,13,0.0500000000000007,4,4.136,NA,12.7,3.8,5.45697566678804,NA,12.2,NA
2543465,"Teddy Bridgewater","MIN","QB",23,1,5,12.44,10.704,14.224,2.20245317770889,20,0.460000000000001,6,3.52,NA,21.7,1.7,5.02654931994151,NA,10.46,NA
2533034,"Lamar Miller","MIA","RB",24,3,5,12.4166666666667,10.26,14.62,2.72687244537278,14,0.254999999999999,4,4.36,NA,10.2,3.1,5.19059079828783,NA,26.1,NA
2543498,"Brandin Cooks","NO","WR",22,1,11,12.3733333333333,10.576,14,2.17166602711682,12,0.270000000000001,3,3.424,NA,18.1,3.3,4.21953205523491,NA,13.1,NA
2495979,"DeAngelo Williams","PIT","RB",32,9,11,12.37,7.502,14.382,4.30170896272633,15,0.468333333333334,4,6.88,NA,10.5,4.9,7.49239159567304,NA,34.5,NA
2495448,"Randall Cobb","GB","WR",25,4,7,12.3066666666667,9.696,14.88,3.24100807362977,13,0.428333333333333,3,5.184,NA,15.1,3.9,5.64059570660495,NA,15.9,NA
100020,"Vikings","MIN","DST",NA,NA,5,12.25,7.33,11.57,3.7476659402887,2,0.5,1,4.24,NA,7.7,2.6,5.92110032185342,NA,5,NA
2532842,"Nick Foles","STL","QB",26,3,6,12.1066666666667,9.744,14.992,3.46971660706366,21,0.573333333333332,6,5.248,NA,24,1.6,6.00642779528039,NA,6.92,NA
2541161,"Latavius Murray","OAK","RB",25,2,6,11.9533333333333,10.268,13.98,2.32347440987271,16,0.273333333333333,4,3.712,NA,14.5,3.7,5.05978525045957,NA,6.5,NA
2506922,"Stephen Gostkowski","NE","K",31,9,4,11.9333333333333,10.9333333333333,12.9066666666667,1.23468394516348,1,1.33333333333333,1,1.97333333333333,NA,1.6,2.2,2.50920707185491,NA,9,NA
2505587,"Anquan Boldin","SF","WR",35,12,10,11.9,11.9,11.9,NA,14,0.0499999999999989,3,0,NA,45.1,8.4,6.51401431641945,NA,NA,NA
2552608,"Stefon Diggs","MIN","WR",22,0,5,11.8566666666667,9.276,13.86,3.12580123061805,15,0.0233333333333334,3,4.584,NA,16.3,3.8,5.47204876528017,NA,4.2,NA
497095,"Sam Bradford","PHI","QB",28,5,8,11.8533333333333,8.008,14.76,4.68385880800578,22,0.654999999999999,6,6.752,NA,19.2,1.9,7.22732190129124,NA,15.7,NA
100003,"Bills","BUF","DST",NA,NA,8,11.85,4.97,11.13,5.44472221513642,3,0.225,1,6.16,NA,11.2,2.7,7.74912707067201,NA,10,NA
497149,"LeGarrette Blount","NE","RB",29,5,4,11.85,11.22,12.54,0.835164654424504,17,0.419999999999998,5,1.32,NA,16.9,3.9,3.70648526177396,NA,18.9,NA
497284,"Eric Decker","NYJ","WR",28,5,5,11.8433333333333,10.004,13.34,2.21305972204397,16,0.265000000000001,3,3.336,NA,16.6,2.8,4.04595943402186,NA,13.9,NA
2495893,"Brandon Marshall","NYJ","WR",31,9,5,11.8233333333333,9.356,14.02,2.97332025408185,17,0.881666666666668,3,4.664,NA,10.5,2.6,4.7825481870277,NA,10.4,NA
2540148,"Tyler Eifert","CIN","TE",25,2,7,11.67,10.688,12.92,1.51086068186316,2,0.69,2,2.232,NA,3.7,1.3,3.67666863478035,NA,23.3,NA
100006,"Bengals","CIN","DST",NA,NA,7,11.65,10.97,12.33,1.20208152801713,4,0.324999999999999,1,1.36,NA,5.5,3.8,6.75780721745018,NA,7,NA
100027,"Steelers","PIT","DST",NA,NA,11,11.6,8.5,10.9,2.12132034355964,5,0.775000000000002,1,2.4,NA,14.7,2.3,3.62801109521582,NA,4,NA
2540168,"Eddie Lacy","GB","RB",24,2,7,11.51,6.726,16.566,6.17813078527802,18,0.217500000000001,5,9.84,NA,17.5,3.1,8.52931186393056,NA,-2,NA
2495700,"Greg Olsen","CAR","TE",30,8,5,11.4266666666667,9.644,12.86,2.14758779409209,3,0.910000000000002,2,3.216,NA,2.4,0.8,4.05766753125802,NA,12.6,NA
949,"Jonathan Stewart","CAR","RB",28,7,5,11.35,8.03,12.67,2.93214938227915,19,0.285833333333334,5,4.64,NA,11.9,2.8,5.25945482397796,NA,6.8,NA
2543572,"Martavis Bryant","PIT","WR",24,1,11,11.3333333333333,9.4,12.76,2.36924741918891,18,0.928333333333333,3,3.36,NA,12.9,3.3,4.43366875721912,NA,9.1,NA
2550474,"Antonio Andrews","TEN","RB",23,1,4,11.235,10.913,11.257,0.304055915910215,20,0.851666666666667,6,0.344000000000001,NA,25.6,3.6,3.06297538646193,NA,11.1,NA
2506562,"Matt Cassel","DAL","QB",33,10,6,11.2133333333333,9.304,13.4,2.62947396513701,23,0.164166666666665,6,4.096,NA,24.7,1.6,5.30947775987489,NA,22.66,NA
2495441,"Blaine Gabbert","SF","QB",26,4,10,11.1833333333333,9.334,13.238,2.48016800506202,24,0.282499999999999,6,3.904,NA,26.1,1.7,5.25690344516489,NA,12.6,NA
100023,"Giants","NYG","DST",NA,NA,11,11.05,6.37,7.73,1.20208152801713,6,0.850000000000001,1,1.36,NA,13.6,2.8,4.10688349980229,NA,16,NA
2495150,"Kai Forbath","NO","K",28,4,11,11.0444444444444,8.90666666666667,12.8,2.57019958873351,2,0.955555555555556,1,3.89333333333333,NA,12.8,3.9,6.25005112178768,NA,4,NA
2543462,"Johnny Manziel","CLE","QB",23,1,11,10.915,1.806,11.326,6.5111161357584,25,2.78366666666667,7,9.52,NA,23.5,2.2,8.95677221239827,NA,13.82,NA
4327,"Danny Woodhead","SD","RB",30,7,10,10.8933333333333,7.376,14.256,4.3326820023322,21,1.03,6,6.88,NA,20.1,2.5,6.48460010569848,NA,17.1,NA
2532820,"Kirk Cousins","WAS","QB",27,3,8,10.8866666666667,8.5,13.876,3.60446019999297,26,7.78366666666667,7,5.376,NA,19.7,2.1,6.47453974008286,NA,9.68,NA
100001,"Falcons","ATL","DST",NA,NA,10,10.6,8.84,10.76,1.69705627484771,7,1.325,1,1.92,NA,5,2.6,4.03255461624674,NA,8,NA
2550353,"Allen Hurns","JAC","WR",24,1,8,10.55,7.96,12.56,3.1372758884102,19,0.316666666666666,3,4.6,NA,24.3,4.8,5.92135425566081,NA,18.2,NA
1062,"Martellus Bennett","CHI","TE",28,7,7,10.5333333333333,8,12.48,3.07462734869339,4,0.0516666666666676,2,4.48,NA,7,1.8,5.61128906213675,NA,11.7,NA
1060,"Gary Barnidge","CLE","TE",30,7,11,10.5,8,12.4,3.04138126514911,5,0.23,2,4.4,NA,6.1,2.7,6.09657657490837,NA,3.5,NA
2505299,"Antonio Gates","SD","TE",35,12,10,10.4633333333333,9.012,12.14,2.01495243947179,6,0.499999999999998,2,3.128,NA,4.5,2.6,4.95863888664048,NA,6.9,NA
2505785,"Malcom Floyd","SD","WR",34,11,10,10.26,6.604,11.9,3.54327532094248,20,0.0950000000000006,4,5.296,NA,28.4,5.4,6.62349393269437,NA,0,NA
71269,"Michael Crabtree","OAK","WR",28,6,6,10.2066666666667,7.716,12.26,2.99368223653302,21,0.143333333333333,4,4.544,NA,19.2,2.9,4.93567710830094,NA,22.8,NA
2506386,"Mike Nugent","CIN","K",33,10,7,10.1555555555556,8.97333333333333,11.5333333333333,1.65507077167693,3,0.155555555555555,2,2.56,NA,10.7,3.6,4.98410115696469,NA,7,NA
2543488,"Jarvis Landry","MIA","WR",23,1,5,10.1233333333333,7.256,12.56,3.44363664362739,22,0.276666666666667,4,5.304,NA,14.5,3,5.46702005292421,NA,6.7,NA
2495966,"Delanie Walker","TEN","TE",31,9,4,10.0766666666667,6.604,12.58,4.28423077498556,7,0.471666666666668,2,5.976,NA,8.5,2.5,7.28883333343151,NA,21.5,NA
2507401,"Dan Carpenter","BUF","K",30,7,8,10.0222222222222,8.81333333333333,11.48,1.75161301323898,4,0.166666666666668,2,2.66666666666667,NA,14.8,2.7,3.72013062901408,NA,8,NA
2507183,"James Jones","GB","WR",31,8,7,10.0033333333333,7.908,11.82,2.51833939994857,23,0.345000000000001,4,3.912,NA,28.7,5.1,5.38161800016244,NA,5.7,NA
2507225,"Nick Folk","NYJ","K",31,8,5,9.97777777777778,8.78666666666667,11.4533333333333,1.77680528956806,5,0.277777777777779,2,2.66666666666667,NA,13.8,4.2,5.99267241109305,NA,0,NA
2552471,"T.J. Yeldon","JAC","RB",22,0,8,9.87333333333333,7.464,12.824,3.5491031731035,22,0.458333333333334,6,5.36,NA,22.9,3,5.94277077603438,NA,10.1,NA
2540156,"Giovani Bernard","CIN","RB",24,2,7,9.85333333333333,6.492,13.292,4.25329676055332,23,1.01833333333333,6,6.8,NA,19.5,3.5,6.8402011653582,NA,8.6,NA
2540160,"Jordan Reed","WAS","TE",25,2,8,9.85,7.62,11.58,2.70138853184802,8,0.91,2,3.96,NA,6.5,2,5.33413933280223,NA,7.8,NA
100028,"Chargers","SD","DST",NA,NA,10,9.8,7.88,10.12,1.97989898732233,8,1.35,1,2.24,NA,16.6,2.9,5.08832079438341,NA,11,NA
2541556,"Brandon McManus","DEN","K",24,1,7,9.73333333333333,7.96,11.5333333333333,2.23407947734881,6,0.194444444444445,2,3.57333333333333,NA,2.5,1.7,2.65024692861653,NA,6,NA
768,"Steve Johnson","SD","WR",29,7,10,9.69,6.996,12.62,3.55194313017537,24,0.0633333333333326,4,5.624,NA,21.4,4.6,6.28339251769802,NA,6.8,NA
2504797,"Matt Bryant","ATL","K",40,13,10,9.66666666666667,7.8,11.5333333333333,2.33333333333333,7,0.388888888888891,2,3.73333333333333,NA,4.8,3.6,5.5888438144629,NA,11,NA
2532903,"Rishard Matthews","MIA","WR",26,3,5,9.62666666666667,6.804,12.1,3.39531049144748,25,0.0499999999999989,4,5.296,NA,25.2,4.1,5.89520097134124,NA,5.4,NA
2539336,"Tavon Austin","STL","WR",24,2,6,9.62666666666667,5.296,11.936,4.33498942713051,25,0.186666666666667,4,6.64,NA,29,4.2,6.95730237622721,NA,1.5,NA
2543614,"Donte Moncrief","IND","WR",22,1,10,9.52666666666667,7.344,11.2,2.65030815818337,27,0.376666666666669,4,3.856,NA,28.8,4.1,5.08777502427886,NA,3,NA
2506264,"Robbie Gould","CHI","K",33,10,7,9.41111111111111,7.18666666666667,11.5333333333333,2.72566675499028,8,0.316666666666668,2,4.34666666666667,NA,9.6,3.3,5.4886344249228,NA,2,NA
2495353,"Julius Thomas","JAC","TE",27,4,8,9.36,6.724,11.38,3.20106232366694,9,1.25333333333333,2,4.656,NA,12.8,2.5,6.14899562031914,NA,1.4,NA
2507166,"Ted Ginn","CAR","WR",30,8,5,9.35333333333333,5.172,10.772,3.50093320892206,28,0.494999999999997,4,5.6,NA,35.2,3.5,5.74755217381602,NA,2,NA
2503471,"Adam Vinatieri","IND","K",43,19,10,9.14444444444444,7.14666666666667,11.3333333333333,2.64917876862777,9,0.172222222222221,2,4.18666666666667,NA,11.4,4.3,6.92049078517115,NA,12,NA
2495259,"Dan Bailey","DAL","K",27,4,6,9.04444444444444,6.90666666666667,11.3333333333333,2.78594355317574,10,0.194444444444445,2,4.42666666666667,NA,11.4,4.1,6.74242033021569,NA,11,NA
497204,"C.J. Spiller","NO","RB",28,5,11,8.97666666666667,5.166,12.286,4.45540495727755,24,0.438333333333333,6,7.12,NA,30.7,3.5,7.03571909751068,NA,1,NA
2543500,"Jordan Matthews","PHI","WR",23,1,8,8.94666666666667,5.768,10.088,2.81185585216123,29,0.271666666666667,4,4.32,NA,30,5.2,5.74341508132048,NA,19.3,NA
2500351,"Phil Dawson","SF","K",40,17,10,8.9,7.16,11.1333333333333,2.70329017639205,11,0.183333333333334,2,3.97333333333333,NA,20.8,4.4,7.11874216336976,NA,6,NA
2553648,"Andrew Franks","MIA","K",22,0,5,8.8,6.24,11.36,4.5254833995939,12,0.258333333333333,2,5.12,NA,20,2.5,5.89331813800332,NA,6,NA
2543509,"Allen Robinson","JAC","WR",22,1,8,8.77,6.162,11.362,3.2501846101414,30,0.289999999999999,4,5.2,NA,20.5,5,6.13109745383333,NA,12.1,NA
100017,"Rams","STL","DST",NA,NA,6,8.75,8.31,9.19,0.777817459305203,9,0.625,1,0.879999999999999,NA,4.1,1.8,1.06522618789095,NA,3,NA
2552469,"Melvin Gordon","SD","RB",22,0,10,8.69333333333333,4.576,10.656,3.81472585297205,25,0.386666666666667,7,6.08,NA,24.9,3.4,6.37269123153223,NA,5.6,NA
71309,"Graham Gano","CAR","K",28,6,5,8.63333333333333,6.58,11.1133333333333,2.98011931155635,13,0.491666666666667,2,4.53333333333333,NA,12.1,3,5.26548969221769,NA,14,NA
1581,"DeSean Jackson","WAS","WR",29,7,8,8.58,4.448,11.408,4.95511856568539,31,0.34,4,6.96,NA,32.5,6.2,8.5031307717528,NA,1.5,NA
2495139,"Charles Clay","BUF","TE",26,4,8,8.52,6.108,10.38,2.92526921837974,10,0.898333333333333,3,4.272,NA,11.2,2,5.56973302040981,NA,0.6,NA
2553833,"Josh Lambo","SD","K",25,0,10,8.45,8.09,8.81,0.636396103067893,14,0.641666666666666,3,0.720000000000001,NA,4.9,2.2,1.97577031737126,NA,7,NA
2506404,"Frank Gore","IND","RB",32,10,10,8.38333333333333,7.21,10.33,2.11088449076053,26,0.27,7,3.12,NA,22.2,3.2,4.63792851044743,NA,16.2,NA
2550256,"Willie Snead","NO","WR",23,1,11,8.38,6.156,8.204,1.81019335983756,32,0.356666666666667,4,2.048,NA,23.6,3.6,3.95883246897981,NA,9.5,NA
2552461,"Duke Johnson","CLE","RB",22,0,11,8.23,5.918,11.118,3.48104869256378,28,0.914166666666667,7,5.2,NA,27.6,3.5,6.09313425857621,NA,9.8,NA
100009,"Broncos","DEN","DST",NA,NA,7,8.15,5.57,8.53,2.61629509039023,10,0.25,1,2.96,NA,2.4,1.7,2.49331272460112,NA,1,NA
100008,"Cowboys","DAL","DST",NA,NA,6,8.1,8.48,9.12,0.565685424949237,11,0.450000000000001,1,0.640000000000001,NA,11.8,2.4,2.46041362134796,NA,1,NA
2346,"Pierre Garcon","WAS","WR",29,7,8,8.1,5.82,10.78,3.21869538788622,33,0.213333333333333,4,4.96,NA,34.5,4.8,6.0095958806041,NA,7,NA
2495473,"Shane Vereen","NYG","RB",26,4,11,7.99666666666667,5.918,10.318,2.91222137436929,29,1.63416666666667,7,4.4,NA,30.4,2.9,5.28341639458096,NA,10.3,NA
2507763,"Mike Wallace","MIN","WR",29,6,5,7.94666666666667,4.708,11.668,4.47376053598461,34,0.143333333333334,4,6.96,NA,41.6,4.9,7.41350965288787,NA,0.4,NA
2534797,"Greg Zuerlein","STL","K",28,3,6,7.83333333333333,5.4,10.8666666666667,3.65528536657688,15,0.0583333333333327,3,5.46666666666667,NA,19.8,2.9,5.71746613998223,NA,17,NA
497302,"Brandon LaFell","NE","WR",29,5,4,7.82666666666667,5.216,10.496,3.30244353976466,35,0.0849999999999991,4,5.28,NA,31.4,5,6.18773514993108,NA,10.2,NA
2532968,"Blair Walsh","MIN","K",25,3,5,7.78333333333333,6.17,8.97,1.97884646532603,16,0.15,3,2.8,NA,8.7,4.4,6.47282413721771,NA,8,NA
2532790,"Travis Benjamin","CLE","WR",26,3,11,7.78,5.612,10.22,2.93959180839789,36,0.171666666666667,4,4.608,NA,26.8,4.3,5.48867157501171,NA,2.2,NA
2539227,"Dustin Hopkins","WAS","K",25,2,8,7.76666666666667,5.06,11.46,4.53468117218105,17,0.274999999999999,3,6.4,NA,22.4,3.2,6.95155635383596,NA,4,NA
2532884,"Marvin Jones","CIN","WR",25,3,7,7.70333333333333,4.662,10.902,3.9148478046194,37,0.208333333333333,4,6.24,NA,32.2,4.4,6.58933103604915,NA,7.8,NA
100021,"Patriots","NE","DST",NA,NA,4,7.7,5.32,11.08,5.09116882454314,12,0.250000000000001,1,5.76,NA,3.4,2,5.56786913976562,NA,9,NA
2540158,"Zach Ertz","PHI","TE",25,2,8,7.69333333333333,4.244,9.46,3.44704704541921,11,0.279999999999999,3,5.216,NA,16.5,2.6,6.46565789057887,NA,4.4,NA
100015,"Jaguars","JAC","DST",NA,NA,8,7.6,5.48,7.72,1.97989898732233,13,0.324999999999999,1,2.24,NA,18.1,3.4,6.41378265320735,NA,2,NA
2543683,"Austin Seferian-Jenkins","TB","TE",23,1,6,7.55,4.77,10.53,3.62594815186318,12,0.614166666666668,3,5.76,NA,15,4.3,7.63665657994523,NA,NA,NA
2533533,"Rueben Randle","NYG","WR",24,3,11,7.51333333333333,5.308,10.108,3.11617286640734,38,0.321666666666667,4,4.8,NA,36.1,4.2,5.63636139135066,NA,10,NA
2507232,"Mason Crosby","GB","K",31,8,7,7.5,6.8,8,0.866025403784439,18,0.225,4,1.2,NA,7.6,2.7,2.93053581033332,NA,3,NA
2504257,"Sebastian Janikowski","OAK","K",37,15,6,7.48333333333333,6.59,8.59,1.33260396717604,19,0.483333333333333,4,2,NA,12.9,3.7,4.84659331489171,NA,5,NA
2543457,"Sammy Watkins","BUF","WR",22,1,8,7.47666666666667,5.586,9.826,2.82995288535575,39,0.796666666666666,4,4.24,NA,35.1,8.1,7.02994964354497,NA,22.8,NA
100031,"Buccaneers","TB","DST",NA,NA,6,7.3,5.08,7.32,1.97989898732233,14,0.125,1,2.24,NA,20.2,2.8,4.82322842261862,NA,4,NA
2505629,"Jason Witten","DAL","TE",33,12,6,7.27666666666667,4.546,10.546,3.92716606897815,13,0.779166666666666,3,6,NA,12.4,2.3,6.79747148328545,NA,4.3,NA
100004,"Panthers","CAR","DST",NA,NA,5,7.25,6.17,8.33,1.90918830920368,15,0.25,1,2.16,NA,10.1,3.6,6.87884513102635,NA,9,NA
100019,"Dolphins","MIA","DST",NA,NA,5,7.1,7.4,9,1.41421356237309,16,0.25,1,1.6,NA,14.3,2.5,3.50697318163965,NA,3,NA
2505459,"Josh Brown","NYG","K",36,12,11,7.06666666666667,6.24,7.84,1.00664459136943,20,0.2375,4,1.6,NA,5.5,2.7,3.0559126570042,NA,17,NA
89802,"Ryan Succop","TEN","K",29,6,4,6.93333333333333,3.56,10.76,4.60579345317757,21,0.481944444444444,4,7.2,NA,21.1,3.9,8.06499788836826,NA,10,NA
2495821,"Marques Colston","NO","WR",32,9,11,6.90666666666667,3.604,10.564,4.41725404899167,40,0.851666666666667,4,6.96,NA,44,4.7,7.26489462273121,NA,3.7,NA
100011,"Packers","GB","DST",NA,NA,7,6.9,4.92,7.48,2.26274169979695,17,0.15,1,2.56,NA,9.2,1.9,2.69788613957782,NA,-2,NA
100025,"Eagles","PHI","DST",NA,NA,8,6.8,7.04,10.56,3.11126983722081,18,0.0999999999999996,1,3.52,NA,9.1,2.9,6.13027704575261,NA,12,NA
2553112,"Jason Myers","JAC","K",NA,NA,8,6.725,5.705,7.745,1.8031222920257,22,2.31111111111111,4,2.04,NA,22.6,4,5.71612610175315,NA,12,NA
100012,"Titans","TEN","DST",NA,NA,4,6.7,6.62,6.78,0.14142135623731,19,0.0249999999999995,1,0.159999999999999,NA,19.5,3.5,4.98569611649719,NA,8,NA
100029,"49ers","SF","DST",NA,NA,10,6.7,6.3,7.1,0.707106781186548,19,0.0750000000000002,1,0.8,NA,19.3,3.2,4.71139712688742,NA,6,NA
100022,"Saints","NO","DST",NA,NA,11,6.65,4.39,10.71,5.58614357137373,21,0.15,1,6.32,NA,14.6,3.3,9.46992583268189,NA,2,NA
2552380,"Karlos Williams","BUF","RB",22,0,8,6.635,2.037,7.933,5.21137697734486,30,0.578333333333334,7,5.896,NA,36.4,4.8,8.32915773965337,NA,23,NA
100007,"Browns","CLE","DST",NA,NA,11,6.6,5.32,6.28,0.848528137423857,22,0.350000000000001,1,0.96,NA,21.3,4.1,7.22747300419167,NA,2,NA
2532853,"Ladarius Green","SD","TE",25,3,10,6.595,3.631,9.559,5.23966124859232,14,0.419999999999999,3,5.928,NA,20.4,5.7,10.1441095036404,NA,NA,NA
2543495,"Davante Adams","GB","WR",23,1,7,6.45333333333333,4.468,9.22,3.41797210833168,41,0.880000000000001,4,4.752,NA,40.3,5.6,6.5750654606589,NA,9.3,NA
324,"Jacob Tamme","ATL","TE",30,7,10,6.4,4.1,9.46,3.7322915213043,15,0.705,3,5.36,NA,14.2,2.1,6.47678526437587,NA,6.1,NA
100005,"Bears","CHI","DST",NA,NA,7,6.4,4.82,6.58,1.5556349186104,23,0.6,1,1.76,NA,21.8,2.4,3.37212534129601,NA,8,NA
2550551,"Travis Coons","CLE","K",23,1,11,6.17777777777778,2.50666666666667,10.5066666666667,5.19886027395891,23,3.60277777777778,4,8,NA,19.7,3.2,7.54374212048511,NA,4,NA
100014,"Colts","IND","DST",NA,NA,10,6.1,5.28,5.92,0.565685424949238,24,2.475,1,0.64,NA,18.8,2.7,3.25569073664233,NA,5,NA
497188,"Ryan Mathews","PHI","RB",28,5,8,6.09,3.56,7.616,2.85242002517161,31,0.158333333333333,7,4.056,NA,29.5,4.2,5.78768208456785,NA,12.7,NA
2543770,"Charles Sims","TB","RB",25,1,6,6.02333333333333,5.04,6.936,1.21763431839503,32,0.211666666666666,7,1.896,NA,28.4,2.8,3.60084599282657,NA,5.2,NA
2550313,"Richard Rodgers","GB","TE",23,1,7,5.95,3.38,9.5,4.37407133000823,16,0.711666666666668,3,6.12,NA,20.5,2.4,7.3255660637541,NA,13.9,NA
497190,"Dexter McCluster","TEN","RB",27,5,4,5.84,5.316,6.18,0.541109970338748,33,0.136666666666666,7,0.864,NA,38.3,4.3,3.59497809263072,NA,1.7,NA
2550189,"Isaiah Crowell","CLE","RB",22,1,11,5.78333333333333,4.52,6.56,1.28873322814822,34,0.203333333333334,7,2.04,NA,36.5,3.9,4.14526404987432,NA,6.4,NA
2532865,"T.Y. Hilton","IND","WR",26,3,10,5.65666666666667,3.414,8.374,3.42689850058815,42,0.268333333333333,4,4.96,NA,26.7,8.6,7.89534791286644,NA,8.2,NA
2540269,"C.J. Anderson","DEN","RB",24,2,7,5.62333333333333,4.32,6.856,1.60954444900827,35,0.12,7,2.536,NA,23.8,3.6,4.32589506303682,NA,3.8,NA
2552635,"Matt Jones","WAS","RB",23,0,8,5.53666666666667,3.512,7.632,2.57954130289347,36,0.123333333333333,7,4.12,NA,33,4.6,5.69666037979999,NA,1.4,NA
100018,"Raiders","OAK","DST",NA,NA,6,5.5,4.66,5.14,0.424264068711929,25,4.625,1,0.48,NA,20.8,3.3,4.71600043580991,NA,1,NA
80427,"Darrius Heyward-Bey","PIT","WR",28,6,11,5.49,4.502,4.678,0.15556349186104,43,0.221666666666667,5,0.175999999999999,NA,83.7,9.3,4.65571688321254,NA,0,NA
2507141,"Pierre Thomas","SF","RB",31,8,10,5.47,0.547000000000001,4.923,3.86787409309042,37,0.261666666666667,8,4.376,NA,42,4.7,6.98622349505981,NA,1.2,NA
2495825,"Owen Daniels","DEN","TE",33,9,7,5.44,3.544,8.024,3.17156112979082,17,0.766666666666666,4,4.48,NA,26.3,2.8,6.29137530368891,NA,16.2,NA
2539335,"Geno Smith","NYJ","QB",25,2,5,5.376,1.2928,9.4592,7.21814602235228,27,4.802,7,8.1664,NA,24.2,3.4,10.3984603640135,NA,NA,NA
2506467,"Darren Sproles","PHI","RB",32,10,8,5.35666666666667,3.354,6.874,2.28508934909192,38,0.351666666666666,8,3.52,NA,39.7,3.8,5.06589160851088,NA,2.6,NA
2495459,"Torrey Smith","SF","WR",26,4,10,5.28666666666667,3.28,6.848,2.3585023496561,44,0.134166666666667,5,3.568,NA,46.6,4,4.72783192133819,NA,4.4,NA
2539205,"Terrance Williams","DAL","WR",26,2,6,5.25,3.84,6.2,1.64848415218345,45,0.272499999999999,5,2.36,NA,46.3,4.1,4.0020083619246,NA,2.7,NA
71345,"Rashad Jennings","NYG","RB",30,6,11,5.06,3.38,6.564,1.99067827636713,39,0.155,8,3.184,NA,31.3,3.5,4.65136125461641,NA,4.7,NA
2552415,"Jamison Crowder","WAS","WR",22,0,8,5.055,4.239,5.271,0.912167747730646,46,0.19,5,1.032,NA,52.9,5.2,3.68455244645779,NA,5,NA
2506369,"Heath Miller","PIT","TE",33,10,11,5.03666666666667,4.702,5.022,0.228108161479008,18,0.731666666666667,4,0.32,NA,9.8,2.6,3.0783103993809,NA,3.2,NA
2495472,"Jordan Todman","PIT","RB",25,4,11,4.95,0.495,4.455,3.50017856687341,40,0.17,8,3.96,NA,65.5,7.9,8.01419040376705,NA,0.3,NA
2543475,"Marqise Lee","JAC","WR",24,1,8,4.9,4.9,4.9,NA,47,0.263333333333334,5,0,NA,NA,NA,NA,NA,NA,NA
2533457,"Alfred Morris","WAS","RB",27,3,8,4.86,3.5,6.044,1.59084883002754,41,0.23,8,2.544,NA,37.6,3.7,4.35104883731557,NA,1,NA
2495189,"Jeremy Kerley","NYJ","WR",27,4,5,4.83,3.84,5.032,0.745452882481516,48,0.396666666666667,5,1.192,NA,64.8,7.4,4.46498119281172,NA,2.2,NA
2495328,"Bilal Powell","NYJ","RB",27,4,5,4.7,4.7,4.7,NA,42,0.1825,8,0,NA,54.7,8.6,8.00758454833004,NA,NA,NA
2540273,"Zac Stacy","NYJ","RB",24,2,5,4.56,2.98,5.364,1.49090576496303,43,0.2675,8,2.384,NA,50.7,5,4.81648173671532,NA,1.9,NA
2495161,"Roy Helu","OAK","RB",27,4,6,4.475,3.765,4.285,0.459619407771256,44,0.3875,8,0.52,NA,61.2,7.2,4.77009818451134,NA,NA,NA
2506366,"Roddy White","ATL","WR",34,10,10,4.44333333333333,2.38,6.164,2.42973935502007,49,0.0649999999999995,5,3.784,NA,51.7,3.9,4.76135092548384,NA,2,NA
2649,"Danny Amendola","NE","WR",30,7,4,4.42333333333333,2.76,5.616,1.80682963594616,50,0.118333333333334,5,2.856,NA,45.9,6.5,5.2221080810761,NA,2.4,NA
222,"Harry Douglas","TEN","WR",31,7,4,4.33333333333333,3.76,4.8,0.680685928555405,51,0.057500000000001,5,1.04,NA,60.1,11.1,6.01120410751644,NA,7.3,NA
2506122,"Benjamin Watson","NO","TE",35,11,11,4.31,2.08,5.464,2.35272182801112,19,0.0133333333333336,4,3.384,NA,7.8,2,4.96723106672777,NA,6,NA
2495267,"Jordan Cameron","MIA","TE",27,4,5,4.3,3.6,4.88,0.818535277187245,20,0.0683333333333325,4,1.28,NA,16.2,2.4,3.58401129597777,NA,0.6,NA
2495438,"Kyle Rudolph","MIN","TE",26,4,5,4.29333333333333,2.416,5.536,1.95144390986094,21,0.298333333333334,4,3.12,NA,18.9,2.1,4.60276717756939,NA,3,NA
71217,"Kenny Britt","STL","WR",27,6,6,4.27666666666667,3.7,4.444,0.46543886100468,52,0.0108333333333324,6,0.744,NA,57.2,5.6,3.3751399745047,NA,8.7,NA
2552429,"Ty Montgomery","GB","WR",22,0,7,4.275,3.655,3.695,0.0353553390593273,53,0.0266666666666664,7,0.0399999999999996,NA,76,9.3,4.52543651053868,NA,NA,NA
2533040,"Mohamed Sanu","CIN","WR",26,3,7,4.25666666666667,3.534,4.654,0.750755175362337,54,0.0566666666666675,7,1.12,NA,58.7,6.7,4.16491920274719,NA,2.5,NA
2550328,"Brandon Coleman","NO","WR",23,1,11,4.24,3.448,3.832,0.339411254969543,55,0.128333333333334,7,0.384,NA,78.7,8.8,4.63653453136988,NA,5.8,NA
2507486,"Kellen Davis","NYJ","TE",30,7,5,4.17,0.417,3.753,2.9486352775479,22,0.42,5,3.336,NA,46.1,6.4,8.13787827182058,NA,0,NA
2540151,"Justin Hunter","TEN","WR",24,2,4,4.16,3.076,5.156,1.32242202038532,56,0.133333333333333,7,2.08,NA,50.9,5.2,4.12918185209102,NA,7.7,NA
2507779,"Donald Brown","SD","RB",28,6,10,4.11,0.411,3.699,2.90620887067671,45,0.0925000000000002,8,3.288,NA,67.6,5.1,6.22887496939216,NA,1.3,NA
2540011,"Chris Thompson","WAS","RB",25,2,8,4.065,2.263,4.367,1.85969083452062,46,0.15,8,2.104,NA,40.6,5.9,5.56239957263409,NA,2.1,NA
2552491,"Dorial Green-Beckham","TEN","WR",22,0,4,4.06333333333333,2.58,5.052,1.68048604080288,57,0.0883333333333329,7,2.472,NA,43.1,5.2,4.51724799347868,NA,7.7,NA
2530700,"Dontrelle Inman","SD","WR",26,2,10,3.99,2.294,4.934,1.81749828060441,58,0.0483333333333329,7,2.64,NA,53.1,7.7,5.75791389723299,NA,-0.2,NA
2495461,"Shaun Draughn","CLE","RB",28,4,11,3.97,0.54,4.732,2.62040709305507,47,0.125,8,4.192,NA,51.3,8.4,7.37930504142702,NA,9.6,NA
2540177,"Marquess Wilson","CHI","WR",23,2,7,3.96,2.38,5.244,1.80410642701588,59,0.04,7,2.864,NA,47.1,7.2,5.52496525607943,NA,1.5,NA
2532978,"Jarius Wright","MIN","WR",26,3,5,3.92333333333333,3.3,4.236,0.632165590121238,60,0.00666666666666682,7,0.935999999999999,NA,75.2,7.6,4.4295754528603,NA,1.2,NA
2505551,"Andre Johnson","IND","WR",34,12,10,3.91666666666667,2.52,4.72,1.43730071082336,61,0.00999999999999979,7,2.2,NA,47.5,4.8,4.07893845847566,NA,0,NA
2550546,"Philly Brown","CAR","WR",24,1,5,3.91666666666667,3.34,4.02,0.453688586293873,61,0.100833333333333,7,0.68,NA,57.8,6.1,3.58083983287348,NA,11,NA
2540169,"Robert Woods","BUF","WR",23,2,8,3.89666666666667,3.22,4.332,0.775263396100534,63,0.216666666666667,7,1.112,NA,41.4,4.9,3.40511609149516,NA,0,NA
2495467,"Taiwan Jones","OAK","RB",27,4,6,3.86,0.386,3.474,2.72943217538007,48,0.0449999999999999,8,3.088,NA,54.6,4.5,5.7984238958115,NA,-2.4,NA
2495560,"Ahmad Bradshaw","IND","RB",29,8,10,3.83,0.383,3.447,2.70821897194448,49,0.0300000000000002,8,3.064,NA,43.8,4,5.56170353481654,NA,7.1,NA
2532838,"Coby Fleener","IND","TE",27,3,10,3.82,2.94,4.348,0.886115116675029,23,0.180000000000001,5,1.408,NA,19.9,2.6,3.77074299572325,NA,2.2,NA
497206,"James Starks","GB","RB",29,5,7,3.8,2.26,5.14,1.8,50,0.1425,8,2.88,NA,34.6,3.4,4.42366076660404,NA,18.2,NA
2539322,"Christine Michael","DAL","RB",25,2,6,3.8,2.52,4.84,1.4525839046334,50,0.3475,8,2.32,NA,41.8,3.4,4.08757307860567,NA,NA,NA
2495453,"Andre Holmes","OAK","WR",27,4,6,3.735,1.847,3.823,1.74655374953077,64,0.1875,7,1.976,NA,66.6,7.7,5.68102493644268,NA,0,NA
71265,"Jared Cook","STL","TE",28,6,6,3.68,3.288,3.848,0.353836120259083,24,0.155,5,0.56,NA,23.6,2,2.86376755546741,NA,1,NA
318,"Jerome Simpson","SF","WR",29,7,10,3.625,0.65,3.85,2.12622513702885,65,0.18,7,3.2,NA,70.4,9.6,6.9225607311559,NA,0,NA
2534820,"Garrett Celek","SF","TE",27,3,10,3.6,1.58,3.82,1.97989898732233,25,0.194999999999999,5,2.24,NA,24.8,2.8,5.03736772100839,NA,13.2,NA
2540037,"Fozzy Whittaker","CAR","RB",26,3,5,3.515,2.457,4.273,1.60513239329346,52,0.220000000000001,8,1.816,NA,69.6,3.6,4.32162687389911,NA,1.3,NA
2508097,"Andrew Hawkins","CLE","WR",29,4,11,3.47,0.347,3.123,2.45366053071732,66,0.0883333333333334,8,2.776,NA,80.2,13.7,9.06859630806224,NA,NA,NA
71435,"John Phillips","SD","TE",28,6,10,3.45,0.345,3.105,2.43951839509359,26,0.14,5,2.76,NA,35,2.2,5.17418487579369,NA,NA,NA
2541147,"Charles Johnson","MIN","WR",26,2,5,3.42,3.132,3.532,0.255342906696074,67,0.0883333333333329,9,0.399999999999999,NA,72.8,7.4,3.93380498879976,NA,2.5,NA
2550481,"Orleans Darkwa","NYG","RB",23,1,11,3.39,1.808,3.472,1.47078210486802,53,0.243333333333333,8,1.664,NA,39.5,4.7,4.6672949394011,NA,2.3,NA
2540203,"Levine Toilolo","ATL","TE",24,2,10,3.36,0.336,3.024,2.3758787847868,27,0.29,5,2.688,NA,46.5,2.9,5.51187251693415,NA,0.1,NA
2540202,"Kenny Stills","MIA","WR",23,2,5,3.34333333333333,2.72,3.624,0.643920284921459,68,0.118333333333333,9,0.904,NA,58.7,4.7,3.17539388964187,NA,7.4,NA
2532933,"Brian Quick","STL","WR",26,3,6,3.32,2.876,3.164,0.254558441227157,69,0.201666666666667,10,0.288,NA,74.5,7,3.75820704389162,NA,-0.1,NA
2495835,"Anthony Fasano","TEN","TE",31,9,4,3.26,2.372,2.948,0.509116882454314,28,0.403333333333333,5,0.576,NA,29.8,3.2,3.72086959322307,NA,9.3,NA
2495470,"Stevan Ridley","NYJ","RB",26,4,5,3.2,2.42,3.38,0.848528137423857,54,0.151666666666666,8,0.96,NA,59.8,6.9,5.01660620968846,NA,NA,NA
2540157,"Stedman Bailey","STL","WR",25,2,6,3.13,2.7,3.492,0.57157676649773,70,0.0316666666666667,10,0.792,NA,78.6,7,4.10178827859224,NA,1.3,NA
2495159,"Dwayne Harris","NYG","WR",28,4,11,3.10666666666667,1.52,3.936,1.54794487412612,71,0.043333333333333,10,2.416,NA,47.1,4.5,4.06779266474904,NA,0.1,NA
2507428,"Mike Tolbert","CAR","RB",30,7,5,3.09333333333333,2.14,3.724,1.00405843123462,55,0.116666666666667,8,1.584,NA,48.5,3.7,3.78339226900993,NA,0.7,NA
2528181,"Bryan Walters","JAC","WR",28,5,8,3.09,2.318,3.262,0.834386001800126,72,0.0833333333333335,10,0.944,NA,72.7,9.4,5.43510474855722,NA,11.4,NA
2552600,"Nelson Agholor","PHI","WR",22,0,8,3.03666666666667,2.02,3.628,1.00649557044894,73,0.156666666666667,10,1.608,NA,62.8,8.1,5.05370516258371,NA,NA,NA
2552453,"Tevin Coleman","ATL","RB",22,0,10,3.00333333333333,2.14,3.748,1.02031041028372,56,0.118333333333334,8,1.608,NA,42.7,4.1,3.9720734054011,NA,0.3,NA
2506004,"Jerricho Cotchery","CAR","WR",33,11,5,2.97666666666667,2.04,3.744,1.17627944525667,74,0.223333333333333,10,1.704,NA,76.8,8.3,5.32508907285431,NA,8.2,NA
89798,"Antone Smith","CHI","RB",30,6,7,2.95,0.295,2.655,2.08596500450032,57,0.148333333333333,8,2.36,NA,48.3,4.7,5.26241819704802,NA,1.1,NA
2533046,"Dwayne Allen","IND","TE",25,3,10,2.88,2.5,2.932,0.311769145362398,30,0.123333333333334,5,0.432,NA,27.3,3.6,3.7444294368434,NA,0,NA
2495573,"Scott Chandler","NE","TE",30,8,4,2.83333333333333,1.44,3.6,1.43643076176102,31,0.223333333333333,5,2.16,NA,28.4,2.7,4.40765818994858,NA,0.5,NA
163982,"Will Johnson","PIT","RB",26,4,11,2.82,0.282,2.538,1.99404112294606,58,0.0566666666666666,8,2.256,NA,68,6.7,6.03828721066953,NA,NA,NA
2539260,"Denard Robinson","JAC","RB",25,2,8,2.78333333333333,1.99,3.99,1.33260396717605,59,0.108333333333334,8,2,NA,57.7,8,5.96053499778823,NA,0.2,NA
2530515,"Chris Hogan","BUF","WR",27,4,8,2.78333333333333,1.52,3.4,1.29067165976996,75,0.101666666666667,10,1.88,NA,57.4,5.1,4.05108419706864,NA,NA,NA
2543565,"Andre Williams","NYG","RB",23,1,11,2.74333333333333,1.14,3.804,1.69340879096966,60,0.146666666666667,8,2.664,NA,52,5.2,5.09886117145306,NA,3.7,NA
2539291,"Markus Wheaton","PIT","WR",24,2,11,2.72333333333333,1.94,3.516,1.08426626496139,76,0.0983333333333336,10,1.576,NA,60.1,4.8,3.69632331880645,NA,-0.2,NA
2495288,"Virgil Green","DEN","TE",27,4,7,2.68,2.236,2.524,0.254558441227157,32,0.1675,5,0.288,NA,35.7,7.7,6.05435798357635,NA,1.3,NA
2539637,"Caleb Sturgis","PHI","K",26,2,8,2.65,0.46,2.86,1.56950098226581,24,0.375,5,2.4,NA,15.2,4.5,6.25785478403966,NA,11,NA
497282,"Riley Cooper","PHI","WR",28,5,8,2.64,1.68,3.376,1.1264102272263,77,0.0466666666666664,10,1.696,NA,63.2,8.9,5.53316294568575,NA,NA,NA
2543759,"Ryan Grant","WAS","WR",25,1,8,2.61,0.261,2.349,1.84554869889689,78,0.0566666666666666,11,2.088,NA,83.2,14.8,8.89008720370391,NA,NA,NA
4433,"Marcel Reece","OAK","RB",30,7,6,2.60666666666667,1.2,3.776,1.64806957781925,61,0.0466666666666669,8,2.576,NA,50.7,3.5,4.31992420573248,NA,2.1,NA
2533460,"Robert Turbin","CLE","RB",26,3,11,2.58666666666667,2.312,2.792,0.335459883344243,62,0.0575000000000001,8,0.48,NA,46.9,4,3.26631444116139,NA,NA,NA
206,"Andre Caldwell","DEN","WR",30,7,7,2.57666666666667,2.124,2.82,0.435469095727049,79,0.0716666666666668,12,0.696,NA,88.6,11.6,5.96387528613661,NA,0,NA
2539995,"Mychal Rivera","OAK","TE",25,2,6,2.54,2.064,2.864,0.510685813392148,33,0.0641666666666665,5,0.8,NA,33.4,5.7,5.16772329255642,NA,1.6,NA
2541544,"Benny Cunningham","STL","RB",25,2,6,2.53333333333333,1.9,3.1,0.763762615825973,63,0.0108333333333328,8,1.2,NA,60.4,5.8,4.45896717629875,NA,NA,NA
2535869,"Rod Streater","OAK","WR",27,3,6,2.53,1.646,2.814,1.03237590053236,80,0.1175,13,1.168,NA,NA,NA,3.91161530930404,NA,NA,NA
2543551,"KaDeem Carey","CHI","RB",23,1,7,2.525,2.355,2.395,0.0353553390593276,64,0.0750000000000002,8,0.0400000000000005,NA,63.9,6.4,4.01375016068826,NA,2.8,NA
2539303,"Zach Line","MIN","RB",25,2,5,2.52,0.252,2.268,1.7819090885901,65,0.155,8,2.016,NA,78.2,9.4,7.00054618874013,NA,NA,NA
2550545,"Chris Boswell","PIT","K",26,1,11,2.5,0.25,2.25,1.76776695296637,25,1.475,5,2,NA,13.1,4.2,5.98461378010725,NA,12,NA
2495888,"Marcedes Lewis","JAC","TE",31,9,8,2.485,1.613,2.757,1.01116269709676,34,0.0566666666666666,5,1.144,NA,39.1,5.8,5.75219225856292,NA,2.7,NA
2552458,"Devin Funchess","CAR","WR",21,0,5,2.48,1.72,2.952,0.793221280602078,82,0.195833333333334,13,1.232,NA,71.7,7.2,4.42937822195789,NA,13.1,NA
2495826,"Vernon Davis","DEN","TE",31,9,7,2.46666666666667,1.76,3.12,0.907377172587747,35,0.186666666666667,5,1.36,NA,18.4,3.9,4.54462283714552,NA,0,NA
497226,"Jim Dray","CLE","TE",29,5,11,2.39,0.239,2.151,1.68998520703585,36,0.276666666666667,5,1.912,NA,52,8,7.73830780168258,NA,1.3,NA
2550512,"Damien Williams","MIA","RB",23,1,5,2.38,1.536,2.624,0.961665222413705,66,0.0474999999999999,8,1.088,NA,67.4,5.1,4.34773823545073,NA,0,NA
2534437,"Austin Johnson","NO","RB",26,2,11,2.35,0.235,2.115,1.66170093578839,67,0.0425000000000004,8,1.88,NA,NA,NA,5.06909454193666,NA,NA,NA
2540145,"Cordarrelle Patterson","MIN","WR",24,2,5,2.345,1.421,3.269,1.63341666454092,83,0.135833333333333,13,1.848,NA,99,11.3,7.13113785804893,NA,0,NA
497176,"Toby Gerhart","JAC","RB",28,5,8,2.315,1.817,2.513,0.615182899632296,68,0.0200000000000005,8,0.696,NA,63.6,7.2,4.92058912322666,NA,NA,NA
2543502,"Tre Mason","STL","RB",22,1,6,2.3,1.72,3.08,0.953939201416946,69,0.0474999999999999,8,1.36,NA,54.1,4.6,4.12406527215534,NA,-0.1,NA
2533030,"Jonas Gray","MIA","RB",25,3,5,2.29,2.176,2.44,0.182482875908947,70,0.1275,8,0.264,NA,52.7,4.3,3.24804496941634,NA,NA,NA
2535698,"Cole Beasley","DAL","WR",26,3,6,2.22333333333333,1.82,2.516,0.476060220280306,85,0.0308333333333333,13,0.696,NA,69.2,6.7,3.86720760594104,NA,23.2,NA
2495258,"Matt Asiata","MIN","RB",28,4,5,2.215,1.717,2.413,0.615182899632296,71,0.1275,8,0.696,NA,65.5,5.1,4.01255387194843,NA,0.4,NA
2553434,"Devin Smith","NYJ","WR",NA,NA,5,2.195,1.659,2.131,0.417193000900063,86,0.02,13,0.472,NA,91.7,11.4,5.8566939659469,NA,NA,NA
2543750,"Jeff Janis","GB","WR",24,1,7,2.19,1.098,2.682,1.40007142674936,87,0.0466666666666669,13,1.584,NA,72.2,10.8,6.65980597751464,NA,NA,NA
2532835,"Rhett Ellison","MIN","TE",27,3,5,2.17,0.217,1.953,1.53442171517481,37,0.13,5,1.736,NA,53.5,1.5,3.81707855022288,NA,1.1,NA
2495801,"Miles Austin","PHI","WR",31,9,8,2.16,1.5,2.844,0.969948452238571,88,0.0583333333333336,13,1.344,NA,78.8,8.9,5.36359126623204,NA,2.7,NA
2543746,"Josh Huff","PHI","WR",24,1,8,2.12666666666667,1.036,2.876,1.19001400551982,89,0.0508333333333328,13,1.84,NA,77.3,6.8,4.68467038993286,NA,1,NA
2495314,"Bruce Miller","SF","RB",28,4,10,2.11,0.211,1.899,1.49199530830362,72,0.0474999999999999,8,1.688,NA,68.9,4.8,4.73105620491449,NA,0.4,NA
2495867,"Greg Jennings","MIA","WR",32,9,5,2.07666666666667,1.444,2.94,1.06001572315383,90,0.00416666666666687,13,1.496,NA,80.1,7.8,4.98064894750994,NA,0,NA
2543646,"Bruce Ellington","SF","WR",24,1,10,2.075,1.555,1.995,0.388908729652601,91,0.0449999999999999,13,0.44,NA,90.7,9.2,4.86492713992243,NA,0.2,NA
2550617,"Taylor Gabriel","CLE","WR",24,1,11,2.07,1.54,2.508,0.648613906727261,92,0.0949999999999998,13,0.968,NA,63.1,10.1,5.53957540360855,NA,0.3,NA
2543773,"James White","NE","RB",23,1,4,2.065,0.517,3.613,2.73650324319194,73,0.1275,8,3.096,NA,58.5,6.2,6.54034054882249,NA,NA,NA
2543682,"Bishop Sankey","TEN","RB",23,1,4,2.06,0.62,3.724,1.99969997749662,74,0.2625,8,3.104,NA,50.5,6.1,5.78432290029469,NA,NA,NA
2507218,"Brent Celek","PHI","TE",30,8,8,2.05666666666667,0.76,3.056,1.57754027946463,38,0.0533333333333332,5,2.296,NA,30.9,5.2,6.00135296752035,NA,NA,NA
2507463,"Connor Barth","TB","K",29,7,6,2.05,0.4,2.08,1.18462370959446,26,2.05,5,1.68,NA,17.1,4.7,6.21470677005914,NA,14,NA
2541834,"Josh Hill","NO","TE",25,2,11,2.02333333333333,0.76,3.216,1.69252277188029,39,0.0416666666666665,5,2.456,NA,33.5,3.6,5.19742140139501,NA,8.1,NA
2539214,"Kenbrell Thompkins","NYJ","WR",27,2,5,1.99,1.99,1.99,NA,93,0.04,13,0,NA,83.5,11.1,8.87310893083898,NA,4.5,NA
2495187,"Lance Kendricks","STL","TE",27,4,6,1.98333333333333,0.76,2.88,1.45114897006935,40,0.0666666666666664,5,2.12,NA,31.5,2.3,4.19191399662526,NA,2.5,NA
2495347,"Lee Smith","OAK","TE",28,4,6,1.98,0.198,1.782,1.40007142674936,41,0.153333333333333,5,1.584,NA,47.7,4.5,5.40994253860063,NA,1,NA
2550198,"Bennie Fowler","DEN","WR",24,1,7,1.96,0.196,1.764,1.38592929112563,94,0.0900000000000001,13,1.568,NA,87.8,11,6.73185274945526,NA,2.2,NA
2539250,"Quinton Patton","SF","WR",25,2,10,1.94,-0.0759999999999998,1.716,1.58391918985787,95,0.225,13,1.792,NA,78.5,10.1,6.55324975106385,NA,7,NA
497224,"Ed Dickson","CAR","TE",28,5,5,1.85333333333333,1.18,2.268,0.691761037738708,42,0.0549999999999999,5,1.088,NA,39,3.4,4.02868554945588,NA,0.6,NA
2506147,"John Kuhn","GB","RB",33,9,7,1.815,0.563,1.867,1.15258405333407,76,0.0349999999999999,8,1.304,NA,73.2,5.7,4.79187030346005,NA,NA,NA
2540215,"Vance McDonald","SF","TE",25,2,10,1.8,0.18,1.62,1.27279220613579,43,0.0366666666666666,5,1.44,NA,29,4.1,5.04477188769063,NA,1.9,NA
2553432,"Kevin White","CHI","WR",22,0,7,1.8,1.8,1.8,NA,96,0.185,13,0,NA,NA,NA,NA,NA,NA,NA
89766,"Brandon Myers","TB","TE",30,6,6,1.79666666666667,1.338,1.978,0.433628104870214,44,0.0741666666666667,5,0.64,NA,33.2,5.4,4.91320975274603,NA,NA,NA
2507737,"Darrel Young","WAS","RB",28,6,8,1.78,1.78,1.78,NA,77,0.04,8,0,NA,75.1,5.9,5.67263675932889,NA,NA,NA
2534571,"Bobby Rainey","TB","RB",28,3,6,1.78,0.484,3.076,2.29102597104441,77,0.151666666666667,8,2.592,NA,79.5,9.5,7.53630176204246,NA,0.3,NA
100032,"Redskins","WAS","DST",NA,NA,8,1.75,1.63,4.27,2.33345237791561,26,1.75,2,2.64,NA,24.9,2.6,4.61865500764192,NA,4,NA
2540211,"Gavin Escobar","DAL","TE",24,2,6,1.73,0.7,2.212,0.997847683767418,45,0.0250000000000001,5,1.512,NA,43.1,5.4,5.50694820009511,NA,NA,NA
497242,"Clay Harbor","JAC","TE",28,5,8,1.715,0.447,2.983,2.24152849636136,46,0.0624999999999998,5,2.536,NA,55.7,6.8,7.62500947190737,NA,NA,NA
2552582,"Jay Ajayi","MIA","RB",22,0,5,1.7,1.7,1.7,NA,79,0.166666666666667,8,0,NA,NA,NA,NA,NA,4.1,NA
2540200,"Dion Sims","MIA","TE",24,2,5,1.695,0.839,1.951,0.982878425849301,47,0.271666666666667,5,1.112,NA,34.7,3.1,4.16160930959608,NA,0.9,NA
2495315,"Denarius Moore","BUF","WR",27,4,8,1.63,-0.377,1.407,1.576848122046,97,0.0800000000000001,13,1.784,NA,105.2,5.8,4.66704789565528,NA,0,NA
2550206,"Ryan Hewitt","CIN","TE",24,1,7,1.61,0.161,1.449,1.13844191771034,48,0.381666666666667,5,1.288,NA,NA,NA,4.83628179647859,NA,NA,NA
497320,"Andre Roberts","WAS","WR",27,5,8,1.6,0.48,2.72,1.97989898732233,98,0.155,13,2.24,NA,94.9,11.4,7.55033881070706,NA,2.6,NA
2543715,"Jerick McKinnon","MIN","RB",23,1,5,1.55666666666667,1.214,2.014,0.558241285944826,80,0.136666666666667,8,0.8,NA,59,5.5,4.13042808348148,NA,1.1,NA
2552464,"Jalston Fowler","TEN","RB",NA,NA,4,1.51,0.151,1.359,1.06773123959169,81,0.18,8,1.208,NA,79,2,3.10991270368357,NA,NA,NA
2552409,"DeVante Parker","MIA","WR",22,0,5,1.5,1.5,1.5,NA,99,0.238333333333333,13,0,NA,NA,NA,NA,NA,NA,NA
2539256,"Aaron Dobson","NE","WR",24,2,4,1.39,0.422,2.358,1.71119841047145,100,0.341666666666667,13,1.936,NA,88.1,10.3,6.7785675496796,NA,NA,NA
497172,"Anthony Dixon","BUF","RB",28,5,8,1.33,0.636,1.724,0.961665222413705,82,0.0649999999999999,8,1.088,NA,66.7,5.1,4.34773823545073,NA,NA,NA
2540225,"Tommy Bohanon","NYJ","RB",25,2,5,1.33,0.133,1.197,0.940452018978108,82,0.1325,8,1.064,NA,83.3,5,4.28397696993734,NA,NA,NA
2539202,"Chris Gragg","BUF","TE",25,2,8,1.23666666666667,0.408,1.92,0.996008701434547,49,0.0566666666666666,5,1.512,NA,34.1,6.1,5.90966975758805,NA,NA,NA
2534241,"Derek Carrier","WAS","TE",25,3,8,1.22,1.156,1.284,0.113137084989848,50,0.103333333333333,5,0.128,NA,40.4,5.5,4.6337593748852,NA,0,NA
2532864,"Dan Herron","BUF","RB",26,3,8,1.2,0.24,2.16,1.69705627484771,84,0.1425,8,1.92,NA,69,4.8,4.92943062413013,NA,NA,NA
2532797,"Brandon Bolden","NE","RB",25,3,4,1.195,0.311,2.079,1.56270598642227,85,0.305,8,1.768,NA,84,10,7.04792941831818,NA,9.9,NA
2552397,"Clive Walford","OAK","TE",24,0,6,1.14,0.76,1.336,0.361662826400502,51,0.368333333333333,5,0.576,NA,25.2,3.3,3.62350913580985,NA,6.1,NA
2552418,"Justin Hardy","ATL","WR",24,0,10,1.13333333333333,0.24,2.16,1.23423390543824,101,0.311666666666667,13,1.92,NA,72.4,9.4,5.86845583735369,NA,1.7,NA
2507883,"Jeff Cumberland","NYJ","TE",28,5,5,1.09333333333333,0.164,2.26,1.40717210508642,52,0.683333333333333,5,2.096,NA,37,6.8,6.74700118077429,NA,4.4,NA
2495558,"Dwayne Bowe","CLE","WR",31,8,11,0.963333333333333,0.292,1.74,0.933291665736566,102,0.415833333333333,13,1.448,NA,80.8,8.8,5.28017607676537,NA,3.1,NA
2553462,"Josh Robinson","IND","RB",23,0,10,0.92,0.216,1.624,1.24450793488832,86,0.0625000000000001,8,1.408,NA,67,21,11.4964821694163,NA,NA,NA
2530763,"Patrick DiMarco","ATL","RB",26,4,10,0.86,0.0860000000000001,0.774,0.608111831820431,87,0.0725,8,0.688,NA,72.9,4.1,3.57331563603019,NA,NA,NA
2552375,"Cameron Artis-Payne","CAR","RB",23,0,5,0.855,0.259,1.451,1.05358910396796,88,0.185,8,1.192,NA,68.8,6.9,5.2149806289041,NA,NA,NA
497123,"Colt McCoy","WAS","QB",29,5,8,0.83,0.166,1.494,1.17379725676967,28,0.538,8,1.328,NA,37,7.1,8.02186662441655,NA,NA,NA
2508096,"Tyler Clutts","DAL","RB",31,5,6,0.72,0.0720000000000001,0.648,0.509116882454314,89,0.2425,8,0.576,NA,91,1,2.13711568504739,NA,NA,NA
497286,"Marcus Easley","BUF","WR",28,5,8,0.68,0.0680000000000001,0.612,0.480832611206852,103,0.2725,13,0.544,NA,105,2.9,2.21227625710515,NA,NA,NA
230,"Jerome Felton","BUF","RB",29,7,8,0.62,0.0620000000000001,0.558,0.43840620433566,90,0.3125,8,0.496,NA,86.5,2.5,2.71730732095994,NA,NA,NA
2534244,"Chase Ford","MIN","TE",25,3,5,0.45,0.17,0.73,0.494974746830583,53,0.0825,5,0.56,NA,43,8,6.48077672380865,NA,NA,NA
2543590,"Cody Latimer","DEN","WR",23,1,7,0.415,0.107,0.723,0.544472221513642,104,0.14,13,0.616,NA,99.5,13.8,7.04312438525208,NA,NA,NA
2552470,"Sammie Coates","PIT","WR",22,0,11,0.4,0.0800000000000001,0.72,0.565685424949238,105,0.255,13,0.64,NA,96,10,5.40601142169887,NA,NA,NA
2552401,"MyCole Pruitt","MIN","TE",23,0,5,0.37,0.106,0.634,0.466690475583121,54,0.0375,5,0.528,NA,50.9,3.3,3.7340316268519,NA,0.6,NA
2552586,"Tyler Kroft","CIN","TE",23,0,7,0.365,0.0970000000000001,0.633,0.473761543394987,55,0.165,5,0.536,NA,NA,NA,3.43737148499753,NA,NA,NA
2550263,"Juwan Thompson","DEN","RB",23,1,7,0.335,0.123,0.547,0.37476659402887,91,0.115,8,0.424,NA,73,10.6,6.15816452953267,NA,NA,NA
2495186,"Colin Kaepernick","SF","QB",28,4,10,0.318,0.0318,0.2862,0.224859956417322,29,0.055,8,0.2544,NA,28.6,2.3,3.81382583231448,NA,0,NA
2553292,"Kennard Backman","GB","TE",22,0,7,0.3,0.0600000000000001,0.54,0.424264068711929,56,0.21,5,0.48,NA,NA,NA,3.33319731286596,NA,NA,NA
2533545,"Bernard Pierce","JAC","RB",24,3,8,0.28,0.104,0.456,0.311126983722081,92,0.165,8,0.352,NA,NA,NA,2.45602460606165,NA,NA,NA
2533033,"Robert Griffin","WAS","QB",25,3,8,0.266,0.0266,0.2394,0.188090403795622,30,0.017,8,0.2128,NA,NA,NA,3.41682491222829,NA,NA,NA
79858,"Mark Sanchez","PHI","QB",29,6,8,0.26,0.026,0.234,0.183847763108502,31,0.03,8,0.208,NA,35,7.8,7.69962632185554,NA,NA,NA
2539228,"EJ Manuel","BUF","QB",25,2,8,0.238,0.0238,0.2142,0.168291413922398,32,0.028,8,0.1904,NA,NA,NA,3.38397986008598,NA,NA,NA
2539275,"Mike Glennon","TB","QB",26,2,6,0.222,0.0222,0.1998,0.156977705423414,33,0.036,8,0.1776,NA,31.5,1.5,3.18736459893142,NA,NA,NA
2532888,"Case Keenum","STL","QB",27,3,6,0.198,0.0198,0.1782,0.140007142674936,34,0.027,8,0.1584,NA,40.5,11.5,10.3002310193949,NA,NA,NA
2542065,"Matt McGloin","OAK","QB",26,2,6,0.174,0.0174,0.1566,0.123036579926459,35,0.00999999999999995,8,0.1392,NA,44,1,2.80286455352607,NA,NA,NA
252,"Chad Henne","JAC","QB",30,7,8,0.168,0.0168,0.1512,0.11879393923934,36,0.01,8,0.1344,NA,35.7,4.5,5.2937754457801,NA,NA,NA
2532970,"Brandon Weeden","DAL","QB",32,3,6,0.16,0.016,0.144,0.113137084989848,37,0.014,8,0.128,NA,47.5,2.5,3.86369472119774,NA,NA,NA
2540224,"Mike James","FA","RB",24,2,NA,0.16,0.016,0.144,0.113137084989848,93,0.095,8,0.128,NA,NA,NA,2.07295676205903,NA,NA,NA
2506895,"Kellen Clemens","SD","QB",32,9,10,0.156,0.0156,0.1404,0.110308657865101,38,0.032,8,0.1248,NA,34.5,7.5,7.42482008173552,NA,NA,NA
2541388,"Brice Butler","DAL","WR",25,2,6,0.15,0.015,0.135,0.106066017177982,106,0.01,13,0.12,NA,94.1,4.4,2.46141209597704,NA,NA,NA
2495192,"Greg Little","FA","WR",26,4,NA,0.14,0.014,0.126,0.0989949493661166,107,0.00999999999999998,13,0.112,NA,NA,NA,1.88843775719235,NA,NA,NA
2532900,"Keshawn Martin","NE","WR",25,3,4,0.14,0.014,0.126,0.0989949493661166,107,0.025,13,0.112,NA,NA,NA,1.88843775719235,NA,NA,NA
2504833,"Shaun Hill","MIN","QB",NA,NA,5,0.136,0.0136,0.1224,0.0961665222413705,39,0.024,8,0.1088,NA,44,7,7.05674256240133,NA,0.5,NA
81306,"Brandon Tate","CIN","WR",28,6,7,0.12,0.012,0.108,0.0848528137423857,109,0.00999999999999998,13,0.096,NA,NA,NA,1.85778355185732,NA,0.4,NA
2501078,"Matt Hasselbeck","IND","QB",40,17,10,0.112,0.0112,0.1008,0.0791959594928933,40,0.00599999999999999,8,0.0896,NA,31.7,4.5,5.26093039363779,NA,NA,NA
2543605,"Zach Mettenberger","TEN","QB",24,1,4,0.112,0.0112,0.1008,0.0791959594928933,40,0.016,8,0.0896,NA,25.5,3,4.19188896293055,NA,NA,NA
2532923,"Chris Owusu","FA","WR",25,3,NA,0.11,0.011,0.099,0.0777817459305202,110,0.01,13,0.088,NA,NA,NA,1.84245644918981,NA,NA,NA
2541785,"Adam Thielen","MIN","WR",25,1,5,0.11,0.11,0.11,NA,110,0.03,13,0,NA,104.8,6,4.41704132582431,NA,NA,NA
497108,"Jimmy Clausen","CHI","QB",27,5,7,0.1,0.01,0.09,0.0707106781186548,42,0.014,8,0.08,NA,46,2,3.47215645033333,NA,NA,NA
497246,"Michael Hoomanawanui","NO","TE",27,5,11,0.1,0.01,0.09,0.0707106781186548,57,0.03,5,0.08,NA,41.7,6.3,5.0515781603105,NA,6.1,NA
2495425,"Scott Tolzien","GB","QB",28,4,7,0.092,0.00920000000000001,0.0828,0.0650538238691624,43,0.018,8,0.0736,NA,36.5,2.5,3.82381144359636,NA,NA,NA
2535876,"Griff Whalen","IND","WR",25,3,10,0.09,0.00900000000000001,0.081,0.0636396103067893,112,0.02,13,0.072,NA,79.4,12.4,5.91038577229973,NA,7.3,NA
238457,"Zach Miller","CHI","TE",31,6,7,0.08,0.00800000000000001,0.072,0.0565685424949238,58,0.025,5,0.064,NA,60.5,3.5,3.41806912853439,NA,8.3,NA
2506546,"Derek Anderson","CAR","QB",32,10,5,0.08,0.00800000000000001,0.072,0.0565685424949238,44,0.016,8,0.064,NA,34.3,4.8,5.45597007855507,NA,NA,NA
2539289,"Kenjon Barner","PHI","RB",26,2,8,0.07,0.00700000000000001,0.063,0.0494974746830583,94,0.015,8,0.056,NA,NA,NA,1.94982781220105,NA,NA,NA
1037885,"Marc Mariani","CHI","WR",28,5,7,0.07,0.00700000000000001,0.063,0.0494974746830583,114,0.00499999999999999,13,0.056,NA,82,10.3,4.97763298624685,NA,2.3,NA
2535964,"Josh Bellamy","CHI","WR",26,3,7,0.07,0.00700000000000001,0.063,0.0494974746830583,114,0.015,13,0.056,NA,97.9,7.4,3.71071180442895,NA,0.6,NA
2506053,"Luke McCown","NO","QB",34,11,11,0.068,0.00680000000000001,0.0612,0.0480832611206852,45,0.028,8,0.0544,NA,35.3,4.8,5.448931853096,NA,NA,NA
2539265,"Rex Burkhead","CIN","RB",25,2,7,0.06,0.00600000000000001,0.054,0.0424264068711929,95,0.025,8,0.048,NA,80,4.6,3.24227472823555,NA,0.7,NA
1992,"Craig Stevens","TEN","TE",31,7,4,0.06,0.00600000000000001,0.054,0.0424264068711929,59,0.01,5,0.048,NA,47.7,6.1,4.90619789633106,NA,2.5,NA
2539287,"Landry Jones","PIT","QB",26,2,11,0.06,0.00600000000000001,0.054,0.0424264068711929,46,0.042,8,0.048,NA,41,4,4.87408427307943,NA,3.16,NA
2552654,"Geremy Davis","NYG","WR",23,0,11,0.06,0.00600000000000001,0.054,0.0424264068711929,116,0.03,13,0.048,NA,109,1,0.90708426563501,NA,NA,NA
79589,"David Johnson","SD","TE",28,6,10,0.05,0.005,0.045,0.0353553390593274,61,0.005,5,0.04,NA,NA,NA,2.51468596040364,NA,NA,NA
2495234,"Luke Stocker","TB","TE",27,4,6,0.05,0.05,0.05,NA,61,0.01,5,0,NA,37.4,10.8,12.7167899032209,NA,NA,NA
2532926,"Isaiah Pead","PIT","RB",26,3,11,0.05,0.005,0.045,0.0353553390593274,96,0.03,8,0.04,NA,87.5,5.5,3.62459219585474,NA,NA,NA
2543641,"Devin Street","DAL","WR",24,1,6,0.05,0.05,0.05,NA,117,0.045,13,0,NA,101.8,11.7,9.39735217848776,NA,NA,NA
497250,"Anthony McCoy","WAS","TE",28,5,8,0.04,0.004,0.036,0.0282842712474619,63,0,5,0.032,NA,NA,NA,2.49980393581342,NA,NA,NA
2507182,"Matt Spaeth","PIT","TE",31,8,11,0.04,0.004,0.036,0.0282842712474619,63,0,5,0.032,NA,50.8,2.7,2.92584022015798,NA,NA,NA
2540232,"Jack Doyle","IND","TE",25,2,10,0.04,0.004,0.036,0.0282842712474619,63,0.005,5,0.032,NA,54,3.6,3.44611318675344,NA,7.8,NA
2552633,"Jesse James","PIT","TE",21,0,11,0.04,0.004,0.036,0.0282842712474619,63,0.01,5,0.032,NA,NA,NA,2.49980393581342,NA,7.3,NA
2533028,"James Hanna","DAL","TE",26,3,6,0.03,0.003,0.027,0.0212132034355964,67,0.005,5,0.024,NA,53,5,4.24798567805127,NA,0,NA
2539645,"Brandon Williams","MIA","TE",28,3,5,0.03,0.03,0.03,NA,67,0.01,5,0,NA,NA,NA,NA,NA,NA,NA
2507405,"Matthew Mulligan","BUF","TE",30,7,8,0.02,0.002,0.018,0.014142135623731,69,0,5,0.016,NA,54.5,8.6,6.32163653213801,NA,NA,NA
2533353,"Cory Harkey","STL","TE",25,3,6,0.02,0.002,0.018,0.014142135623731,69,0,5,0.016,NA,NA,NA,2.47003988663297,NA,NA,NA
2536044,"Jamize Olawale","OAK","RB",26,3,6,0.02,0.002,0.018,0.014142135623731,97,0,8,0.016,NA,81.3,5,3.38787183485978,NA,7.9,NA
2536532,"Jorvorskie Lane","TB","RB",28,3,6,0.02,0.002,0.018,0.014142135623731,97,0.005,8,0.016,NA,NA,NA,1.88142284005772,NA,0.5,NA
2550355,"Nic Jacobs","JAC","TE",24,1,8,0.02,0.002,0.018,0.014142135623731,69,0.01,5,0.016,NA,NA,NA,2.47003988663297,NA,0.6,NA
2552477,"Aaron Ripkowski","GB","RB",NA,NA,7,0.02,0.002,0.018,0.014142135623731,97,0.015,8,0.016,NA,NA,NA,1.88142284005772,NA,1.8,NA
2553446,"Malcolm Johnson","CLE","TE",23,0,11,0.02,0.002,0.018,0.014142135623731,69,0.02,5,0.016,NA,NA,NA,2.47003988663297,NA,NA,NA
2533436,"Brock Osweiler","DEN","QB",25,3,7,0.02,0.002,0.018,0.014142135623731,47,0.006,8,0.016,NA,33,1,2.71254066013473,NA,NA,NA
2539961,"Ryan Nassib","NYG","QB",25,2,11,0.016,0.0016,0.0144,0.0113137084989848,48,0.004,8,0.0128,NA,36,0,1.99750029784354,NA,NA,NA
2507282,"Matt Moore","MIA","QB",31,8,5,0.012,0.0012,0.0108,0.00848528137423857,49,0,8,0.0096,NA,37.7,6.2,6.41385880294711,NA,NA,NA
2543497,"AJ McCarron","CIN","QB",25,1,7,0.012,0.0012,0.0108,0.00848528137423857,49,0.006,8,0.0096,NA,NA,NA,3.11887336779449,NA,-0.2,NA
2543801,"Jimmy Garoppolo","NE","QB",24,1,4,0.012,0.0012,0.0108,0.00848528137423857,49,0.012,8,0.0096,NA,31.7,2.9,4.06196765539118,NA,-0.1,NA
79629,"Cedric Peerman","CIN","RB",29,6,7,0.01,0.001,0.009,0.00707106781186548,101,0.01,8,0.008,NA,NA,NA,1.86774184562906,NA,NA,NA
2541944,"Russell Shepard","TB","WR",25,2,6,0.01,0.001,0.009,0.00707106781186548,118,0.01,13,0.008,NA,99.4,5.5,2.83467868764917,NA,NA,NA
184,"Donnie Avery","FA","WR",31,7,NA,0,0,0,NA,119,0,13,0,NA,NA,NA,NA,NA,NA,NA
216,"Fred Davis","FA","TE",29,7,NA,0,0,0,NA,73,0,5,0,NA,NA,NA,NA,NA,NA,NA
234,"Matt Forte","CHI","RB",30,7,7,0,0,0,NA,103,0,8,0,NA,NA,NA,NA,NA,NA,NA
262,"Chris Johnson","ARI","RB",30,7,9,0,0,0,NA,103,0,8,0,NA,NA,NA,NA,NA,NA,NA
367,"Matt Flynn","FA","QB",30,7,NA,0,0,0,NA,53,0,8,0,NA,NA,NA,NA,NA,NA,NA
382,"Joe Flacco","BAL","QB",30,7,9,0,0,0,NA,53,0,8,0,NA,NA,NA,NA,NA,NA,NA
832,"Josh Morgan","FA","WR",30,7,NA,0,0,0,NA,119,0,13,0,NA,NA,NA,NA,NA,NA,NA
925,"Jamaal Charles","KC","RB",29,7,9,0,0,0,NA,103,0,8,0,NA,NA,NA,NA,NA,NA,NA
927,"Justin Forsett","BAL","RB",30,7,9,0,0,0,NA,103,0,8,0,NA,NA,NA,NA,NA,NA,NA
929,"BenJarvus Green-Ellis","FA","RB",30,7,NA,0,0,0,NA,103,0,8,0,NA,NA,NA,NA,NA,NA,NA
941,"Ray Rice","FA","RB",28,7,NA,0,0,0,NA,103,0,8,0,NA,NA,NA,NA,NA,NA,NA
1030,"Mario Manningham","FA","WR",29,7,NA,0,0,0,NA,119,0,13,0,NA,NA,NA,NA,NA,NA,NA
1032,"Jordy Nelson","GB","WR",30,7,7,0,0,0,NA,119,0,13,0,NA,NA,NA,NA,NA,NA,NA
1072,"Jermichael Finley","FA","TE",28,7,NA,0,0,0,NA,73,0,5,0,NA,NA,NA,NA,NA,NA,NA
1966,"John Carlson","FA","TE",31,7,NA,0,0,0,NA,73,0,5,0,NA,NA,NA,NA,NA,NA,NA
1980,"Peyton Hillis","FA","RB",29,7,NA,0,0,0,NA,103,0,8,0,NA,NA,NA,NA,NA,NA,NA
1990,"Eddie Royal","CHI","WR",29,7,7,0,0,0,NA,119,0,13,0,NA,NA,NA,NA,NA,NA,NA
4231,"Jed Collins","FA","RB",29,7,NA,0,0,0,NA,103,0,8,0,NA,NA,NA,NA,NA,NA,NA
4381,"Garrett Hartley","FA","K",29,7,NA,0,0,0,NA,27,0,5,0,NA,NA,NA,NA,NA,NA,NA
4383,"Tim Hightower","NO","RB",29,7,11,0,0,0,0,103,0,8,0,NA,69.5,7.8,4.58490450880208,NA,NA,NA
4487,"Matthew Slater","NE","WR",30,7,4,0,0,0,NA,119,0,13,0,NA,NA,NA,NA,NA,NA,NA
71247,"James Casey","FA","TE",31,6,NA,0,0,0,0,73,0,5,0,NA,NA,NA,2.44027583745252,NA,NA,NA
71255,"Chase Coffman","FA","TE",29,6,NA,0,0,0,0,73,0,5,0,NA,NA,NA,2.44027583745252,NA,NA,NA
71431,"Brandon Pettigrew","DET","TE",30,6,9,0,0,0,NA,73,0,5,0,NA,NA,NA,NA,NA,NA,NA
79555,"Arian Foster","HOU","RB",29,6,9,0,0,0,NA,103,0,8,0,NA,NA,NA,NA,NA,NA,NA
79557,"Josh Freeman","FA","QB",27,6,NA,0,0,0,NA,53,0,8,0,NA,NA,NA,NA,NA,NA,NA
79563,"Shonn Greene","FA","RB",30,6,NA,0,0,0,NA,103,0,8,0,NA,NA,NA,NA,NA,NA,NA
79619,"Knowshon Moreno","FA","RB",28,6,NA,0,0,0,NA,103,0,8,0,NA,NA,NA,NA,NA,NA,NA
79625,"Bear Pascoe","FA","TE",29,6,NA,0,0,0,NA,73,0,5,0,NA,NA,NA,NA,NA,NA,NA
79860,"Matthew Stafford","DET","QB",27,6,9,0,0,0,NA,53,0,8,0,NA,NA,NA,NA,NA,NA,NA
80425,"Percy Harvin","BUF","WR",27,6,8,0,0,0,NA,119,0,13,0,NA,NA,NA,NA,NA,NA,NA
80429,"Jeremy Maclin","KC","WR",27,6,9,0,0,0,NA,119,0,13,0,NA,NA,NA,NA,NA,NA,NA
80670,"Louis Murphy","TB","WR",28,6,6,0,0,0,NA,119,0,13,0,NA,NA,NA,NA,NA,NA,NA
80672,"Hakeem Nicks","FA","WR",27,6,NA,0,0,0,NA,119,0,13,0,NA,NA,NA,NA,NA,NA,NA
80674,"Chris Ogbonnaya","FA","RB",29,6,NA,0,0,0,NA,103,0,8,0,NA,NA,NA,NA,NA,NA,NA
81284,"Chase Daniel","KC","QB",29,6,9,0,0,0,NA,53,0,8,0,NA,NA,NA,NA,NA,NA,NA
81288,"Brandon Gibson","NE","WR",28,6,4,0,0,0,NA,119,0,13,0,NA,NA,NA,NA,NA,NA,NA
81294,"Brian Hoyer","HOU","QB",30,6,9,0,0,0,NA,53,0,8,0,NA,NA,NA,NA,NA,NA,NA
81831,"Brian Hartline","CLE","WR",29,6,11,0,0,0,NA,119,0,13,0,NA,72.6,11.3,9.04785668005524,NA,NA,NA
81857,"Kevin Ogletree","FA","WR",28,6,NA,0,0,0,NA,119,0,13,0,NA,NA,NA,NA,NA,NA,NA
100002,"Ravens","BAL","DST",NA,NA,9,0,0,0,NA,27,0,2,0,NA,NA,NA,NA,NA,NA,NA
100010,"Lions","DET","DST",NA,NA,9,0,0,0,NA,27,0,2,0,NA,NA,NA,NA,NA,NA,NA
100013,"Texans","HOU","DST",NA,NA,9,0,0,0,NA,27,0,2,0,NA,NA,NA,NA,NA,NA,NA
100016,"Chiefs","KC","DST",NA,NA,9,0,0,0,NA,27,0,2,0,NA,NA,NA,NA,NA,NA,NA
100026,"Cardinals","ARI","DST",NA,NA,9,0,0,0,NA,27,0,2,0,NA,NA,NA,NA,NA,NA,NA
100030,"Seahawks","SEA","DST",NA,NA,9,0,0,0,NA,27,NA,2,0,NA,NA,NA,NA,NA,NA,NA
238445,"Frank Summers","FA","RB",30,6,NA,0,0,0,NA,103,0,8,0,NA,NA,NA,NA,NA,NA,NA
496812,"Erik Lorig","FA","RB",29,5,NA,0,0,0,NA,103,0,8,0,NA,NA,NA,NA,NA,NA,NA
497121,"Thad Lewis","PHI","QB",28,5,8,0,0,0,0,53,0,8,0,NA,NA,NA,3.10479691687635,NA,NA,NA
497135,"Tim Tebow","FA","QB",28,5,NA,0,0,0,NA,53,0,8,0,NA,NA,NA,NA,NA,NA,NA
497145,"Joique Bell","DET","RB",29,5,9,0,0,0,NA,103,0,8,0,NA,NA,NA,NA,NA,NA,NA
497174,"Jonathan Dwyer","FA","RB",26,5,NA,0,0,0,NA,103,0,8,0,NA,NA,NA,NA,NA,NA,NA
497192,"Joe McKnight","FA","RB",27,5,NA,0,0,0,NA,103,0,8,0,NA,NA,NA,NA,NA,NA,NA
497208,"Ben Tate","FA","RB",27,5,NA,0,0,0,NA,103,0,8,0,NA,NA,NA,NA,NA,NA,NA
497218,"Trindon Holliday","FA","WR",29,5,NA,0,0,0,NA,119,0,13,0,NA,NA,NA,NA,NA,NA,NA
497234,"Garrett Graham","HOU","TE",29,5,9,0,0,0,NA,73,0,5,0,NA,NA,NA,NA,NA,NA,NA
497236,"Jimmy Graham","SEA","TE",29,5,9,0,0,0,NA,73,0,5,0,NA,NA,NA,NA,NA,NA,NA
497238,"Jermaine Gresham","ARI","TE",27,5,9,0,0,0,NA,73,0,5,0,NA,NA,NA,NA,NA,NA,NA
497254,"Dennis Pitta","BAL","TE",30,5,9,0,0,0,NA,73,0,5,0,NA,NA,NA,NA,NA,NA,NA
497256,"Tony Moeaki","ATL","TE",28,5,10,0,0,0,NA,73,0,5,0,NA,47.3,8.3,9.82638453324608,NA,NA,NA
497258,"Andrew Quarless","GB","TE",27,5,7,0,0,0,NA,73,0,5,0,NA,NA,NA,NA,NA,NA,NA
497260,"Seyi Ajirotutu","PHI","WR",28,5,8,0,0,0,0,119,0,13,0,NA,NA,NA,1.67385831984717,NA,NA,NA
497288,"Jacoby Ford","FA","WR",28,5,NA,0,0,0,NA,119,0,13,0,NA,NA,NA,NA,NA,NA,NA
497312,"Preston Parker","FA","WR",28,5,NA,0,0,0,0,119,0,13,0,NA,NA,NA,1.67385831984717,NA,NA,NA
1037347,"Joe Webb","CAR","QB",29,5,5,0,0,0,NA,53,0,8,0,NA,NA,NA,NA,NA,-0.1,NA
1037366,"Michael Palmer","FA","TE",27,5,NA,0,0,0,NA,73,0,5,0,NA,NA,NA,NA,NA,NA,NA
1037847,"Deji Karim","FA","RB",29,5,NA,0,0,0,NA,103,0,8,0,NA,NA,NA,NA,NA,NA,NA
2495158,"Leonard Hankerson","ATL","WR",27,4,10,0,0,0,NA,119,0,13,0,NA,64.2,8.2,6.33926656720319,NA,NA,NA
2495162,"Alex Henery","FA","K",28,4,NA,0,0,0,NA,27,0,5,0,NA,NA,NA,NA,NA,NA,NA
2495172,"Kendall Hunter","FA","RB",27,4,NA,0,0,0,NA,103,0,8,0,NA,NA,NA,NA,NA,NA,NA
2495179,"Jerrel Jernigan","FA","WR",26,4,NA,0,0,0,NA,119,0,13,0,NA,NA,NA,NA,NA,NA,NA
2495194,"Jake Locker","FA","QB",27,4,NA,0,0,0,NA,53,0,8,0,NA,NA,NA,NA,NA,NA,NA
2495211,"Niles Paul","WAS","TE",26,4,8,0,0,0,NA,73,0,5,0,NA,NA,NA,NA,NA,NA,NA
2495212,"Austin Pettis","FA","WR",27,4,NA,0,0,0,NA,119,0,13,0,NA,NA,NA,NA,NA,NA,NA
2495215,"Christian Ponder","FA","QB",27,4,NA,0,0,0,NA,53,0,8,0,NA,NA,NA,NA,NA,NA,NA
2495223,"Greg Salas","FA","WR",27,4,NA,0,0,0,NA,119,0,13,0,NA,NA,NA,NA,NA,NA,NA
2495241,"Daniel Thomas","FA","RB",28,4,NA,0,0,0,NA,103,0,8,0,NA,NA,NA,NA,NA,NA,NA
2495306,"Ricardo Lockette","SEA","WR",29,4,9,0,0,0,NA,119,0,13,0,NA,NA,NA,NA,NA,NA,NA
2495331,"Aldrick Robinson","FA","WR",27,4,NA,0,0,0,NA,119,0,13,0,NA,NA,NA,NA,NA,NA,NA
2495338,"Dane Sanzenbacher","FA","WR",27,4,NA,0,0,0,NA,119,0,13,0,NA,NA,NA,NA,NA,NA,NA
2495340,"Anthony Sherman","KC","RB",27,4,9,0,0,0,NA,103,0,8,0,NA,NA,NA,NA,NA,NA,NA
2495341,"Cecil Shorts","HOU","WR",28,4,9,0,0,0,NA,119,0,13,0,NA,NA,NA,NA,NA,NA,NA
2495443,"Ryan Mallett","FA","QB",27,4,NA,0,0,0,NA,53,0,8,0,NA,NA,NA,NA,NA,NA,NA
2495449,"Tandon Doss","FA","WR",26,4,NA,0,0,0,NA,119,0,13,0,NA,NA,NA,NA,NA,NA,NA
2495468,"Mikel Leshoure","FA","RB",25,4,NA,0,0,0,NA,103,0,8,0,NA,NA,NA,NA,NA,NA,NA
2495471,"Jacquizz Rodgers","CHI","RB",25,4,7,0,0,0,NA,103,0,8,0,NA,NA,NA,NA,NA,NA,NA
2495647,"Calvin Johnson","DET","WR",30,8,9,0,0,0,NA,119,0,13,0,NA,NA,NA,NA,NA,NA,NA
2495651,"Jacoby Jones","FA","WR",31,8,NA,0,0,0,NA,119,0,13,0,NA,NA,NA,NA,NA,0,NA
2495660,"Brian Leonard","FA","RB",31,8,NA,0,0,0,NA,103,0,8,0,NA,NA,NA,NA,NA,NA,NA
2495663,"Marshawn Lynch","SEA","RB",29,8,9,0,0,0,NA,103,0,8,0,NA,NA,NA,NA,NA,NA,NA
2495676,"Robert Meachem","FA","WR",31,8,NA,0,0,0,NA,119,0,13,0,NA,NA,NA,NA,NA,NA,NA
2495724,"Dante Rosario","FA","TE",31,8,NA,0,0,0,NA,73,0,5,0,NA,NA,NA,NA,NA,NA,NA
2495748,"Drew Stanton","ARI","QB",31,8,9,0,0,0,NA,53,0,8,0,NA,NA,NA,NA,NA,NA,NA
2495802,"Jason Avant","KC","WR",32,9,9,0,0,0,NA,119,0,13,0,NA,NA,NA,NA,NA,NA,NA
2495838,"Bruce Gradkowski","PIT","QB",32,9,11,0,0,0,NA,53,0,8,0,NA,NA,NA,NA,NA,NA,NA
2495843,"Derek Hagan","FA","WR",31,9,NA,0,0,0,NA,119,0,13,0,NA,NA,NA,NA,NA,NA,NA
2495863,"Tarvaris Jackson","SEA","QB",32,9,9,0,0,0,NA,53,0,8,0,NA,NA,NA,NA,NA,NA,NA
2495974,"Charlie Whitehurst","TEN","QB",33,9,4,0,0,0,0,53,0,8,0,NA,NA,NA,3.10479691687635,NA,NA,NA
2499248,"Kris Durham","FA","WR",27,4,NA,0,0,0,NA,119,0,13,0,NA,NA,NA,NA,NA,NA,NA
2499255,"Richard Gordon","DEN","TE",28,4,7,0,0,0,NA,73,0,5,0,NA,NA,NA,NA,NA,NA,NA
2499277,"David Ausberry","FA","TE",28,4,NA,0,0,0,NA,73,0,5,0,NA,NA,NA,NA,NA,NA,NA
2504162,"Shayne Graham","FA","K",NA,NA,NA,0,0,0,NA,27,0,5,0,NA,NA,NA,NA,NA,NA,NA
2504343,"Jay Feely","FA","K",39,16,NA,0,0,0,NA,27,0,5,0,NA,NA,NA,NA,NA,NA,NA
2504531,"Michael Vick","PIT","QB",35,14,11,0,0,0,0,53,0,8,0,NA,NA,NA,3.10479691687635,NA,NA,NA
2504743,"Santana Moss","FA","WR",36,14,NA,0,0,0,NA,119,0,13,0,NA,NA,NA,NA,NA,NA,NA
2504941,"Billy Cundiff","FA","K",35,13,NA,0,0,0,0,27,0,6,0,NA,NA,NA,1.38098371895227,NA,NA,NA
2505076,"Josh McCown","CLE","QB",36,13,11,0,0,0,NA,53,0,8,0,NA,27.3,5.4,8.56853337867869,NA,NA,NA
2505245,"Carson Palmer","ARI","QB",36,12,9,0,0,0,NA,53,0,8,0,NA,NA,NA,NA,NA,NA,NA
2505310,"Kassim Osgood","FA","WR",35,12,NA,0,0,0,NA,119,0,13,0,NA,NA,NA,NA,NA,NA,NA
2505354,"Tony Romo","DAL","QB",35,12,6,0,0,0,NA,53,0,8,0,NA,NA,NA,NA,NA,NA,NA
2505936,"Steven Jackson","FA","RB",32,11,NA,0,0,0,NA,103,0,8,0,NA,NA,NA,NA,NA,NA,NA
2505982,"Matt Schaub","BAL","QB",34,11,9,0,0,0,NA,53,0,8,0,NA,NA,NA,NA,NA,NA,NA
2506106,"Larry Fitzgerald","ARI","WR",32,11,9,0,0,0,NA,119,0,13,0,NA,NA,NA,NA,NA,NA,NA
2506149,"Shaun Suisham","PIT","K",NA,NA,11,0,0,0,NA,27,0,5,0,NA,NA,NA,NA,NA,NA,NA
2506194,"Nick Novak","HOU","K",NA,NA,9,0,0,0,NA,27,0,5,0,NA,NA,NA,NA,NA,NA,NA
2506222,"Josh Cribbs","FA","WR",32,10,NA,0,0,0,NA,119,0,13,0,NA,NA,NA,NA,NA,NA,NA
2506287,"Lance Moore","DET","WR",32,10,9,0,0,0,NA,119,0,13,0,NA,NA,NA,NA,NA,NA,NA
2506340,"Alex Smith","KC","QB",31,10,9,0,0,0,NA,53,0,8,0,NA,NA,NA,NA,NA,NA,NA
2506341,"Ronnie Brown","FA","RB",34,10,NA,0,0,0,NA,103,0,8,0,NA,NA,NA,NA,NA,NA,NA
2506364,"Jason Campbell","FA","QB",34,10,NA,0,0,0,NA,53,0,8,0,NA,NA,NA,NA,NA,NA,NA
2506400,"Vincent Jackson","TB","WR",32,10,6,0,0,0,NA,119,0,13,0,NA,53.8,10.8,8.61098730701459,NA,NA,NA
2506410,"Alex Smith","NO","TE",33,10,11,0,0,0,NA,73,0,5,0,NA,NA,NA,NA,NA,NA,NA
2506444,"Kyle Orton","FA","QB",33,10,NA,0,0,0,NA,53,0,8,0,NA,NA,NA,NA,NA,NA,NA
2506481,"Dan Orlovsky","DET","QB",32,10,9,0,0,0,NA,53,0,8,0,NA,NA,NA,NA,NA,NA,NA
2506619,"Daniel Fells","NYG","TE",32,9,11,0,0,0,NA,73,0,5,0,NA,NA,NA,NA,NA,NA,NA
2506677,"Matt Prater","DET","K",31,9,9,0,0,0,NA,27,0,5,0,NA,NA,NA,NA,NA,NA,NA
2506871,"Fred Jackson","SEA","RB",34,9,9,0,0,0,NA,103,0,8,0,NA,NA,NA,NA,NA,NA,NA
2506874,"Reggie Bush","SF","RB",30,9,10,0,0,0,NA,103,0,8,0,NA,NA,NA,NA,NA,NA,NA
2506885,"Santonio Holmes","FA","WR",31,9,NA,0,0,0,NA,119,0,13,0,NA,NA,NA,NA,NA,NA,NA
2506897,"Devin Hester","ATL","WR",33,9,10,0,0,0,NA,119,0,13,0,NA,NA,NA,NA,NA,NA,NA
2507029,"Eric Weems","ATL","WR",30,8,10,0,0,0,NA,119,0,13,0,NA,101.7,8.3,6.42664044181132,NA,0,NA
2507170,"Zach Miller","FA","TE",30,8,NA,0,0,0,NA,73,0,5,0,NA,60.5,3.5,4.27680622289447,NA,NA,NA
2507192,"Michael Bush","FA","RB",31,8,NA,0,0,0,NA,103,0,8,0,NA,NA,NA,NA,NA,NA,NA
2507237,"Jordan Palmer","FA","QB",31,8,NA,0,0,0,NA,53,0,8,0,NA,NA,NA,NA,NA,NA,NA
2507278,"Jackie Battle","FA","RB",32,8,NA,0,0,0,NA,103,0,8,0,NA,NA,NA,NA,NA,NA,NA
2507374,"Steven Hauschka","SEA","K",NA,NA,9,0,0,0,NA,27,0,5,0,NA,NA,NA,NA,NA,NA,NA
2507585,"Will Taufoou","FA","RB",29,3,NA,0,0,0,NA,103,0,8,0,NA,NA,NA,NA,NA,NA,NA
2507596,"Marcus Thigpen","FA","RB",29,6,NA,0,0,0,0,103,0,8,0,NA,NA,NA,1.85406085120039,NA,-3,NA
2507828,"Logan Paulsen","WAS","TE",28,5,8,0,0,0,NA,73,0,5,0,NA,NA,NA,NA,NA,NA,NA
2507855,"Victor Cruz","NYG","WR",29,5,11,0,0,0,NA,119,0,13,0,NA,NA,NA,NA,NA,NA,NA
2507884,"David Nelson","PIT","WR",29,5,11,0,0,0,NA,119,0,13,0,NA,NA,NA,NA,NA,NA,NA
2507897,"Alfonso Smith","FA","RB",28,5,NA,0,0,0,NA,103,0,8,0,NA,NA,NA,NA,NA,NA,NA
2507902,"Marlon Moore","CLE","WR",28,5,11,0,0,0,0,119,0,13,0,NA,76.2,12,5.66666606107966,NA,0,NA
2508051,"John Conner","FA","RB",28,5,NA,0,0,0,NA,103,0,8,0,NA,NA,NA,NA,NA,NA,NA
2508101,"James Develin","NE","RB",27,5,4,0,0,0,NA,103,0,8,0,NA,NA,NA,NA,NA,NA,NA
2508112,"Rob Housler","CLE","TE",27,4,11,0,0,0,NA,73,0,5,0,NA,NA,NA,NA,NA,NA,NA
2508115,"Vincent Brown","FA","WR",26,4,NA,0,0,0,NA,119,0,13,0,NA,NA,NA,NA,NA,NA,NA
2530516,"Robert Hughes","FA","RB",26,4,NA,0,0,0,NA,103,0,8,0,NA,NA,NA,NA,NA,NA,NA
2530575,"Drew Davis","FA","WR",26,3,NA,0,0,0,NA,119,0,13,0,NA,NA,NA,NA,NA,NA,NA
2530598,"Jeremy Ross","BAL","WR",27,4,9,0,0,0,NA,119,0,13,0,NA,NA,NA,NA,NA,NA,NA
2530660,"Kamar Aiken","BAL","WR",26,4,9,0,0,0,NA,119,0,13,0,NA,NA,NA,NA,NA,NA,NA
2530690,"DuJuan Harris","FA","RB",27,4,NA,0,0,0,NA,103,0,8,0,NA,NA,NA,NA,NA,NA,NA
2530699,"Henry Hynoski","FA","RB",27,4,NA,0,0,0,NA,103,0,8,0,NA,NA,NA,NA,NA,NA,NA
2530713,"Jeff Maehl","FA","WR",26,4,NA,0,0,0,NA,119,0,13,0,NA,NA,NA,NA,NA,NA,NA
2530720,"Joseph Morgan","FA","WR",27,4,NA,0,0,0,NA,119,0,13,0,NA,NA,NA,NA,NA,NA,NA
2530747,"Doug Baldwin","SEA","WR",27,4,9,0,0,0,NA,119,0,13,0,NA,NA,NA,NA,NA,NA,NA
2530990,"Phillip Tanner","FA","RB",27,4,NA,0,0,0,NA,103,0,8,0,NA,NA,NA,NA,NA,NA,NA
2531049,"Chris Matthews","SEA","WR",26,2,9,0,0,0,NA,119,0,13,0,NA,NA,NA,NA,NA,NA,NA
2531218,"Chase Reynolds","STL","RB",28,3,6,0,0,0,NA,103,0,8,0,NA,NA,NA,NA,NA,NA,NA
2531332,"Terrelle Pryor","FA","WR",26,4,NA,0,0,0,0,119,0,13,0,NA,NA,NA,1.67385831984717,NA,NA,NA
2532799,"Jarrett Boykin","FA","WR",26,3,NA,0,0,0,NA,119,0,13,0,NA,NA,NA,NA,NA,NA,NA
2532807,"Ryan Broyles","FA","WR",27,3,NA,0,0,0,NA,119,0,13,0,NA,NA,NA,NA,NA,NA,NA
2532823,"Juron Criner","FA","WR",26,3,NA,0,0,0,NA,119,0,13,0,NA,NA,NA,NA,NA,NA,NA
2532841,"Michael Floyd","ARI","WR",26,3,9,0,0,0,NA,119,0,13,0,NA,NA,NA,NA,NA,NA,NA
2532850,"T.J. Graham","NO","WR",26,3,11,0,0,0,0,119,0,13,0,NA,NA,NA,1.67385831984717,NA,NA,NA
2532851,"Cyrus Gray","FA","RB",26,3,NA,0,0,0,NA,103,0,8,0,NA,NA,NA,NA,NA,NA,NA
2532862,"Junior Hemingway","FA","WR",27,3,NA,0,0,0,NA,119,0,13,0,NA,NA,NA,NA,NA,NA,NA
2532876,"A.J. Jenkins","FA","WR",25,3,NA,0,0,0,NA,119,0,13,0,NA,NA,NA,NA,NA,NA,NA
2532887,"Jermaine Kearse","SEA","WR",25,3,9,0,0,0,NA,119,0,13,0,NA,NA,NA,NA,NA,NA,NA
2532894,"Ryan Lindley","FA","QB",26,3,NA,0,0,0,NA,53,0,8,0,NA,NA,NA,NA,NA,NA,NA
2532917,"Kellen Moore","DAL","QB",26,3,6,0,0,0,0,53,0,8,0,NA,NA,NA,3.10479691687635,NA,NA,NA
2532930,"DeVier Posey","FA","WR",25,3,NA,0,0,0,NA,119,0,13,0,NA,NA,NA,NA,NA,NA,NA
2533012,"Vick Ballard","FA","RB",25,3,NA,0,0,0,NA,103,0,8,0,NA,NA,NA,NA,NA,NA,NA
2533032,"Trent Richardson","FA","RB",24,3,NA,0,0,0,NA,103,0,8,0,NA,NA,NA,NA,NA,NA,NA
2533036,"LaMichael James","FA","RB",26,3,NA,0,0,0,0,103,0,8,0,NA,NA,NA,1.85406085120039,NA,NA,NA
2533037,"Chris Polk","HOU","RB",26,3,9,0,0,0,NA,103,0,8,0,NA,NA,NA,NA,NA,NA,NA
2533038,"Justin Blackmon","JAC","WR",25,3,8,0,0,0,NA,119,0,13,0,NA,NA,NA,NA,NA,NA,NA
2533047,"Orson Charles","FA","TE",24,3,NA,0,0,0,NA,73,0,5,0,NA,NA,NA,NA,NA,NA,NA
2533349,"Austin Davis","CLE","QB",26,3,11,0,0,0,0,53,0,8,0,NA,40,5,5.55158743292226,NA,NA,NA
2533444,"Randy Bullock","FA","K",26,3,NA,0,0,0,NA,27,0,5,0,NA,NA,NA,NA,NA,NA,NA
2533537,"Stephen Hill","FA","WR",24,3,NA,0,0,0,NA,119,0,13,0,NA,NA,NA,NA,NA,NA,NA
2533540,"Edwin Baker","FA","RB",24,3,NA,0,0,0,NA,103,0,8,0,NA,NA,NA,NA,NA,NA,NA
2534752,"Adrien Robinson","FA","TE",27,3,NA,0,0,0,NA,73,0,5,0,NA,NA,NA,NA,NA,NA,NA
2534770,"Jonathan Grimes","HOU","RB",26,3,9,0,0,0,NA,103,0,8,0,NA,NA,NA,NA,NA,NA,NA
2534789,"Daryl Richardson","FA","RB",25,3,NA,0,0,0,NA,103,0,8,0,NA,NA,NA,NA,NA,NA,NA
2534796,"Bryce Brown","SEA","RB",24,3,9,0,0,0,NA,103,0,8,0,NA,NA,NA,NA,NA,NA,NA
2534871,"Derrick Coleman","SEA","RB",25,3,9,0,0,0,NA,103,0,8,0,NA,NA,NA,NA,NA,NA,NA
2534889,"Matt Simms","FA","QB",27,3,NA,0,0,0,NA,53,0,8,0,NA,NA,NA,NA,NA,NA,NA
2535535,"Phillip Supernaw","TEN","TE",25,3,4,0,0,0,NA,73,0,5,0,NA,51,7,8.32337374085918,NA,NA,NA
2535696,"Joe Banyard","JAC","RB",27,3,8,0,0,0,0,103,0,8,0,NA,NA,NA,1.85406085120039,NA,NA,NA
2535708,"Lance Dunbar","DAL","RB",25,3,6,0,0,0,NA,103,0,8,0,NA,NA,NA,NA,NA,NA,NA
2535882,"Mike Brown","FA","WR",26,3,NA,0,0,0,NA,119,0,13,0,NA,NA,NA,NA,NA,NA,NA
2535890,"Travaris Cadet","FA","RB",26,3,NA,0,0,0,0,103,0,8,0,NA,NA,NA,1.85406085120039,NA,NA,NA
2535966,"Brenton Bersin","CAR","WR",25,2,5,0,0,0,NA,119,0,13,0,NA,97.3,4,2.6695638336617,NA,NA,NA
2536031,"Damaris Johnson","FA","WR",26,3,NA,0,0,0,NA,119,0,13,0,NA,NA,NA,NA,NA,NA,NA
2536056,"Jeremy Stewart","FA","RB",26,3,NA,0,0,0,NA,103,0,8,0,NA,NA,NA,NA,NA,NA,NA
2536071,"Cooper Helfet","SEA","TE",26,4,9,0,0,0,NA,73,0,5,0,NA,NA,NA,NA,NA,NA,NA
2536340,"Justin Tucker","BAL","K",26,3,9,0,0,0,NA,27,0,5,0,NA,NA,NA,NA,NA,NA,NA
2536342,"Brandon Bostick","FA","TE",26,3,NA,0,0,0,NA,73,0,5,0,NA,NA,NA,NA,NA,NA,NA
2537931,"Josh Gordon","CLE","WR",24,3,11,0,0,0,NA,119,0,13,0,NA,NA,NA,NA,NA,NA,NA
2537933,"Larry Donnell","NYG","TE",27,3,11,0,0,0,NA,73,0,5,0,NA,NA,NA,NA,NA,NA,NA
2539217,"Andre Ellington","ARI","RB",26,2,9,0,0,0,NA,103,0,8,0,NA,NA,NA,NA,NA,NA,NA
2539235,"Tavarres King","FA","WR",25,2,NA,0,0,0,NA,119,0,13,0,NA,NA,NA,NA,NA,NA,NA
2539246,"Chris Harper","FA","WR",26,2,NA,0,0,0,NA,119,0,13,0,NA,NA,NA,NA,NA,NA,NA
2539308,"Matt Barkley","ARI","QB",25,2,9,0,0,0,NA,53,0,8,0,NA,NA,NA,NA,NA,NA,NA
2539315,"Stepfan Taylor","ARI","RB",24,2,9,0,0,0,NA,103,0,8,0,NA,NA,NA,NA,NA,NA,NA
2539327,"Joseph Fauria","FA","TE",25,2,NA,0,0,0,NA,73,0,5,0,NA,NA,NA,NA,NA,NA,NA
2539341,"Montee Ball","FA","RB",25,2,NA,0,0,0,NA,103,0,8,0,NA,NA,NA,NA,NA,NA,NA
2539663,"Mike Gillislee","FA","RB",25,2,NA,0,0,0,NA,103,0,8,0,NA,NA,NA,NA,NA,NA,NA
2539964,"Marquise Goodwin","BUF","WR",25,2,8,0,0,0,NA,119,0,13,0,NA,NA,NA,NA,NA,NA,NA
2540005,"Marlon Brown","BAL","WR",24,2,9,0,0,0,NA,119,0,13,0,NA,NA,NA,NA,NA,NA,NA
2540020,"Theo Riddick","DET","RB",24,2,9,0,0,0,NA,103,0,8,0,NA,NA,NA,NA,NA,NA,NA
2540154,"Keenan Allen","SD","WR",23,2,10,0,0,0,NA,119,0,13,0,NA,NA,NA,NA,NA,NA,NA
2540165,"DeAndre Hopkins","HOU","WR",23,2,9,0,0,0,NA,119,0,13,0,NA,NA,NA,NA,NA,NA,NA
2540171,"Joseph Randle","FA","RB",24,2,NA,0,0,0,NA,103,0,8,0,NA,NA,NA,NA,NA,NA,NA
2540175,"LeVeon Bell","PIT","RB",23,2,11,0,0,0,NA,103,0,8,0,NA,NA,NA,NA,NA,NA,NA
2540178,"Knile Davis","KC","RB",24,2,9,0,0,0,NA,103,0,8,0,NA,NA,NA,NA,NA,NA,NA
2540179,"DaRick Rogers","FA","WR",24,2,NA,0,0,0,NA,119,0,13,0,NA,NA,NA,NA,NA,NA,NA
2540181,"Josh Boyce","NE","WR",24,2,4,0,0,0,NA,119,0,13,0,NA,NA,NA,NA,NA,NA,NA
2540230,"Kyle Juszczyk","BAL","RB",24,2,9,0,0,0,NA,103,0,8,0,NA,NA,NA,NA,NA,NA,NA
2540233,"Nick Kasa","FA","TE",25,2,NA,0,0,0,NA,73,0,5,0,NA,NA,NA,NA,NA,NA,NA
2540258,"Travis Kelce","KC","TE",26,2,9,0,0,0,NA,73,0,5,0,NA,NA,NA,NA,NA,NA,NA
2540259,"MarQueis Gray","BUF","TE",25,2,8,0,0,0,NA,73,0,5,0,NA,NA,NA,NA,NA,NA,NA
2540261,"Corey Fuller","DET","WR",25,2,9,0,0,0,NA,119,0,13,0,NA,NA,NA,NA,NA,NA,NA
2540267,"Ace Sanders","FA","WR",24,2,NA,0,0,0,NA,119,0,13,0,NA,NA,NA,NA,NA,NA,NA
2540928,"Darren Fells","ARI","TE",29,3,9,0,0,0,NA,73,0,5,0,NA,NA,NA,NA,NA,NA,NA
2541096,"Ifeanyi Momah","ARI","TE",26,2,9,0,0,0,NA,73,0,5,0,NA,NA,NA,NA,NA,NA,NA
2541185,"Ryan Griffin","TB","QB",26,2,6,0,0,0,NA,53,0,8,0,NA,NA,NA,NA,NA,NA,NA
2541187,"Demetrius Harris","KC","TE",24,2,9,0,0,0,NA,73,0,5,0,NA,NA,NA,NA,NA,NA,NA
2541314,"Justin Brown","FA","WR",24,2,NA,0,0,0,NA,119,0,13,0,NA,NA,NA,NA,NA,NA,NA
2541316,"Ryan Griffin","HOU","TE",25,2,9,0,0,0,NA,73,0,5,0,NA,NA,NA,NA,NA,NA,NA
2541390,"Kevin Dorsey","NE","WR",25,2,4,0,0,0,NA,119,0,13,0,NA,NA,NA,NA,NA,NA,NA
2541429,"B.J. Daniels","FA","WR",26,2,NA,0,0,0,NA,119,0,13,0,NA,NA,NA,NA,NA,NA,NA
2541432,"Michael Cox","FA","RB",26,2,NA,0,0,0,NA,103,0,8,0,NA,NA,NA,NA,NA,NA,NA
2541512,"Brian Leonhardt","OAK","TE",25,2,6,0,0,0,NA,73,0,5,0,NA,NA,NA,NA,NA,NA,NA
2541828,"Frankie Hammond","KC","WR",NA,NA,9,0,0,0,NA,119,0,13,0,NA,NA,NA,NA,NA,NA,NA
2541966,"Jaron Brown","ARI","WR",25,2,9,0,0,0,NA,119,0,13,0,NA,NA,NA,NA,NA,NA,NA
2542022,"Khiry Robinson","NO","RB",26,2,11,0,0,0,NA,103,0,8,0,NA,NA,NA,NA,NA,NA,NA
2543466,"Eric Ebron","DET","TE",22,1,9,0,0,0,NA,73,0,5,0,NA,NA,NA,NA,NA,NA,NA
2543471,"Kelvin Benjamin","CAR","WR",24,1,5,0,0,0,NA,119,0,13,0,NA,NA,NA,NA,NA,NA,NA
2543481,"Jace Amaro","NYJ","TE",23,1,5,0,0,0,NA,73,0,5,0,NA,NA,NA,NA,NA,NA,NA
2543491,"Paul Richardson","SEA","WR",23,1,9,0,0,0,NA,119,0,13,0,NA,NA,NA,NA,NA,NA,NA
2543533,"Patrick Murray","TB","K",24,1,6,0,0,0,NA,27,0,5,0,NA,NA,NA,NA,NA,NA,NA
2543559,"Lache Seastrunk","FA","RB",24,1,NA,0,0,0,NA,103,0,8,0,NA,NA,NA,NA,NA,NA,NA
2543570,"Storm Johnson","FA","RB",23,1,NA,0,0,0,NA,103,0,8,0,NA,NA,NA,NA,NA,NA,NA
2543587,"Aaron Murray","KC","QB",25,1,9,0,0,0,NA,53,0,8,0,NA,NA,NA,NA,NA,NA,NA
2543596,"Dri Archer","PIT","RB",24,1,11,0,0,0,0,103,0,8,0,NA,77,17,8.56296370487811,NA,NA,NA
2543600,"Alfred Blue","HOU","RB",24,1,9,0,0,0,NA,103,0,8,0,NA,NA,NA,NA,NA,NA,NA
2543619,"Walt Powell","FA","WR",24,1,NA,0,0,0,0,119,0,13,0,NA,NA,NA,1.67385831984717,NA,NA,NA
2543628,"Troy Niklas","ARI","TE",23,1,9,0,0,0,NA,73,0,5,0,NA,NA,NA,NA,NA,NA,NA
2543640,"Tom Savage","HOU","QB",25,1,9,0,0,0,NA,53,0,8,0,NA,NA,NA,NA,NA,NA,NA
2543655,"Tyler Gaffney","NE","RB",24,1,4,0,0,0,NA,103,0,8,0,NA,NA,NA,NA,NA,NA,NA
2543664,"Terrance West","TEN","RB",24,1,4,0,0,0,NA,103,0,8,0,NA,78.5,15.5,13.9746733424441,NA,NA,NA
2543689,"Kevin Norwood","CAR","WR",26,1,5,0,0,0,0,119,0,13,0,NA,NA,NA,1.67385831984717,NA,NA,NA
2543690,"Marion Grice","FA","RB",23,1,NA,0,0,0,NA,103,0,8,0,NA,NA,NA,NA,NA,NA,NA
2543695,"Jay Prosch","HOU","RB",23,1,9,0,0,0,NA,103,0,8,0,NA,NA,NA,NA,NA,NA,NA
2543704,"Lorenzo Taliaferro","BAL","RB",24,1,9,0,0,0,NA,103,0,8,0,NA,NA,NA,NA,NA,NA,NA
2543721,"C.J. Fiedorowicz","HOU","TE",24,1,9,0,0,0,NA,73,0,5,0,NA,NA,NA,NA,NA,NA,NA
2543743,"Carlos Hyde","SF","RB",24,1,10,0,0,0,NA,103,0,8,0,NA,61.1,8.5,7.92110500058926,NA,NA,NA
2543745,"Jalen Saunders","FA","WR",23,1,NA,0,0,0,NA,119,0,13,0,NA,NA,NA,NA,NA,NA,NA
2543751,"David Fales","FA","QB",25,1,NA,0,0,0,0,53,0,8,0,NA,NA,NA,3.10479691687635,NA,NA,NA
2543767,"Logan Thomas","FA","QB",24,1,NA,0,0,0,0,53,0,8,0,NA,NA,NA,3.10479691687635,NA,NA,NA
2543774,"Jared Abbrederis","GB","WR",25,1,7,0,0,0,NA,119,0,13,0,NA,NA,NA,NA,NA,NA,NA
2543777,"Robert Herron","FA","WR",23,1,NA,0,0,0,NA,119,0,13,0,NA,NA,NA,NA,NA,NA,NA
2543781,"Zach Hocker","FA","K",24,1,NA,0,0,0,NA,27,0,5,0,NA,NA,NA,NA,NA,NA,NA
2543792,"Matt Hazel","MIA","WR",23,1,5,0,0,0,0,119,0,13,0,NA,NA,NA,1.67385831984717,NA,NA,NA
2543794,"Crockett Gillmore","BAL","TE",24,1,9,0,0,0,NA,73,0,5,0,NA,NA,NA,NA,NA,NA,NA
2543828,"Quincy Enunwa","NYJ","WR",23,1,5,0,0,0,NA,119,0,13,0,NA,NA,NA,NA,NA,NA,NA
2543836,"T.J. Jones","DET","WR",23,1,9,0,0,0,NA,119,0,13,0,NA,NA,NA,NA,NA,NA,NA
2543847,"John Brown","ARI","WR",25,1,9,0,0,0,NA,119,0,13,0,NA,NA,NA,NA,NA,NA,NA
2550158,"Nate Freese","FA","K",25,1,NA,0,0,0,NA,27,0,5,0,NA,NA,NA,NA,NA,NA,NA
2550163,"Michael Campanaro","BAL","WR",24,1,9,0,0,0,NA,119,0,13,0,NA,NA,NA,NA,NA,NA,NA
2550182,"Isaiah Burse","DEN","WR",24,1,7,0,0,0,NA,119,0,13,0,NA,NA,NA,NA,NA,NA,NA
2550183,"Jeremy Butler","BAL","WR",24,1,9,0,0,0,NA,119,0,13,0,NA,NA,NA,NA,NA,NA,NA
2550233,"Rajion Neal","FA","RB",23,1,NA,0,0,0,NA,103,0,8,0,NA,NA,NA,NA,NA,NA,NA
2550252,"Connor Shaw","CLE","QB",24,1,11,0,0,0,NA,53,0,8,0,NA,NA,NA,NA,NA,NA,NA
2550284,"Trey Burton","PHI","TE",24,1,8,0,0,0,0,73,0,5,0,NA,NA,NA,2.44027583745252,NA,NA,NA
2550310,"Carey Spear","FA","K",23,1,NA,0,0,0,NA,27,0,5,0,NA,NA,NA,NA,NA,NA,NA
2550325,"Chandler Catanzaro","ARI","K",24,1,9,0,0,0,NA,27,0,5,0,NA,NA,NA,NA,NA,NA,NA
2550356,"Marcel Jensen","FA","TE",25,1,NA,0,0,0,NA,73,0,5,0,NA,NA,NA,NA,NA,NA,NA
2550359,"Seantavius Jones","NO","WR",23,1,11,0,0,0,NA,119,0,13,0,NA,NA,NA,NA,NA,NA,NA
2550376,"Stephen Morris","FA","QB",23,1,NA,0,0,0,NA,53,0,8,0,NA,NA,NA,NA,NA,NA,NA
2550380,"Cody Parkey","PHI","K",23,1,8,0,0,0,NA,27,0,5,0,NA,NA,NA,NA,NA,NA,NA
2550407,"Zurlon Tipton","IND","RB",25,1,10,0,0,0,NA,103,0,8,0,NA,NA,NA,NA,NA,NA,NA
2550410,"Dustin Vaughan","DAL","QB",24,1,6,0,0,0,NA,53,0,8,0,NA,NA,NA,NA,NA,NA,NA
2550485,"Gator Hoskins","FA","TE",24,1,NA,0,0,0,NA,73,0,5,0,NA,NA,NA,NA,NA,NA,NA
2550500,"Solomon Patton","DEN","WR",25,1,7,0,0,0,NA,119,0,13,0,NA,NA,NA,NA,NA,NA,NA
2550529,"Silas Redd","WAS","RB",23,1,8,0,0,0,NA,103,0,8,0,NA,NA,NA,NA,NA,NA,NA
2550542,"Kapri Bibbs","FA","RB",22,1,NA,0,0,0,NA,103,0,8,0,NA,NA,NA,NA,NA,NA,NA
2550596,"Darrin Reaves","CAR","RB",22,1,5,0,0,0,NA,103,0,8,0,NA,NA,NA,NA,NA,NA,NA
2550608,"RaShaun Allen","SEA","TE",25,1,9,0,0,0,NA,73,0,5,0,NA,NA,NA,NA,NA,NA,NA
2550636,"Cairo Santos","KC","K",24,1,9,0,0,0,NA,27,0,5,0,NA,NA,NA,NA,NA,NA,NA
2550658,"Branden Oliver","SD","RB",24,1,10,0,0,0,NA,103,0,8,0,NA,NA,NA,NA,NA,NA,NA
2550738,"Fitzgerald Toussaint","BAL","RB",25,1,9,0,0,0,NA,103,0,8,0,NA,NA,NA,NA,NA,NA,NA
2551247,"Josh Harris","PIT","RB",24,1,11,0,0,0,NA,103,0,8,0,NA,NA,NA,NA,NA,NA,NA
2551359,"Jerome Cunningham","NYG","TE",24,1,11,0,0,0,0,73,0,5,0,NA,33.3,11.1,7.75195719253518,NA,1,NA
2552369,"Bryce Petty","NYJ","QB",24,0,5,0,0,0,0,53,0,8,0,NA,NA,NA,3.10479691687635,NA,NA,NA
2552371,"Garrett Grayson","NO","QB",24,0,11,0,0,0,0,53,0,8,0,NA,NA,NA,3.10479691687635,NA,NA,NA
2552374,"Ameer Abdullah","DET","RB",22,0,9,0,0,0,NA,103,0,8,0,NA,NA,NA,NA,NA,NA,NA
2552376,"David Cobb","TEN","RB",22,0,4,0,0,0,NA,103,0,8,0,NA,NA,NA,NA,NA,NA,NA
2552382,"Malcolm Brown","STL","RB",22,0,6,0,0,0,NA,103,0,8,0,NA,NA,NA,NA,NA,NA,NA
2552396,"Ben Koyack","JAC","TE",22,0,8,0,0,0,NA,73,0,5,0,NA,NA,NA,NA,NA,NA,NA
2552399,"Jeff Heuerman","DEN","TE",23,0,7,0,0,0,NA,73,0,5,0,NA,NA,NA,NA,NA,NA,NA
2552402,"Nick Boyle","BAL","TE",22,0,9,0,0,0,NA,73,0,5,0,NA,NA,NA,NA,NA,NA,NA
2552403,"Nick OLeary","BUF","TE",23,0,8,0,0,0,0,73,0,5,0,NA,NA,NA,2.44027583745252,NA,NA,NA
2552411,"Dezmin Lewis","BUF","WR",23,0,8,0,0,0,NA,119,0,13,0,NA,NA,NA,NA,NA,NA,NA
2552420,"Keith Mumphery","HOU","WR",23,0,9,0,0,0,NA,119,0,13,0,NA,NA,NA,NA,NA,NA,NA
2552421,"Kenny Bell","TB","WR",23,0,6,0,0,0,NA,119,0,13,0,NA,NA,NA,NA,NA,NA,NA
2552424,"Phillip Dorsett","IND","WR",22,0,10,0,0,0,NA,119,0,13,0,NA,NA,NA,NA,NA,NA,NA
2552425,"Rashad Greene","JAC","WR",23,0,8,0,0,0,NA,119,0,13,0,NA,NA,NA,NA,NA,NA,NA
2552427,"Tony Lippett","MIA","WR",23,0,5,0,0,0,0,119,0,13,0,NA,NA,NA,1.67385831984717,NA,NA,NA
2552428,"Tre McBride","TEN","WR",23,0,4,0,0,0,NA,119,0,13,0,NA,NA,NA,NA,NA,NA,NA
2552430,"Tyler Lockett","SEA","WR",23,0,9,0,0,0,NA,119,0,13,0,NA,NA,NA,NA,NA,NA,NA
2552431,"Vince Mayle","CLE","WR",NA,NA,11,0,0,0,0,119,0,13,0,NA,NA,NA,1.67385831984717,NA,NA,NA
2552462,"Gerald Christian","ARI","TE",24,0,9,0,0,0,NA,73,0,5,0,NA,NA,NA,NA,NA,NA,NA
2552476,"Kenny Hilliard","HOU","RB",24,0,9,0,0,0,NA,103,0,8,0,NA,NA,NA,NA,NA,NA,NA
2552478,"Blake Bell","SF","TE",24,0,10,0,0,0,0,73,0,5,0,NA,50,7,5.38182478915585,NA,NA,NA
2552479,"DaRon Brown","KC","WR",24,0,9,0,0,0,NA,119,0,13,0,NA,NA,NA,NA,NA,NA,NA
2552559,"C.J. Uzomah","CIN","TE",22,0,7,0,0,0,NA,73,0,5,0,NA,NA,NA,NA,NA,NA,NA
2552576,"Sean Mannion","STL","QB",23,0,6,0,0,0,0,53,0,8,0,NA,NA,NA,3.10479691687635,NA,NA,NA
2552580,"A.J. Derby","NE","TE",24,0,4,0,0,0,NA,73,0,5,0,NA,NA,NA,NA,NA,NA,NA
2552588,"Brett Hundley","GB","QB",22,0,7,0,0,0,0,53,0,8,0,NA,NA,NA,3.10479691687635,NA,NA,NA
2552597,"Breshad Perriman","BAL","WR",22,0,9,0,0,0,NA,119,0,13,0,NA,NA,NA,NA,NA,NA,NA
2552616,"Duron Carter","FA","WR",24,0,NA,0,0,0,NA,119,0,13,0,NA,NA,NA,NA,NA,NA,NA
2552631,"Javorius Allen","BAL","RB",24,0,9,0,0,0,NA,103,0,8,0,NA,NA,NA,NA,NA,NA,NA
2552634,"Joey Iosefa","TB","RB",NA,NA,6,0,0,0,NA,103,0,8,0,NA,NA,NA,NA,NA,NA,NA
2552636,"Michael Burton","DET","RB",23,0,9,0,0,0,NA,103,0,8,0,NA,NA,NA,NA,NA,NA,NA
2552647,"Marcus Murphy","NO","RB",24,0,11,0,0,0,0,103,0,8,0,NA,68.8,9.1,5.14702156911717,NA,-3,NA
2552650,"Mario Alford","CIN","WR",NA,NA,7,0,0,0,0,119,0,13,0,NA,NA,NA,1.67385831984717,NA,NA,NA
2552651,"Kaelin Clay","TB","WR",23,0,6,0,0,0,NA,119,0,13,0,NA,NA,NA,NA,NA,NA,NA
2552652,"Chris Conley","KC","WR",23,0,9,0,0,0,NA,119,0,13,0,NA,NA,NA,NA,NA,NA,NA
2552656,"J.J. Nelson","ARI","WR",23,0,9,0,0,0,NA,119,0,13,0,NA,NA,NA,NA,NA,NA,NA
2553318,"James OShaughnessy","KC","TE",NA,NA,9,0,0,0,NA,73,0,5,0,NA,NA,NA,NA,NA,NA,NA
2553352,"Bud Sasser","FA","WR",NA,NA,NA,0,0,0,NA,119,0,13,0,NA,NA,NA,NA,NA,NA,NA
2553435,"David Johnson","ARI","RB",24,0,9,0,0,0,NA,103,0,8,0,NA,NA,NA,NA,NA,NA,NA
2553439,"Mike Davis","SF","RB",22,0,10,0,0,0,NA,103,0,8,0,NA,65.1,9.5,8.78590047799709,NA,NA,NA
2553453,"Andre Debose","FA","WR",NA,NA,NA,0,0,0,NA,119,0,13,0,NA,NA,NA,NA,NA,NA,NA
2553454,"Geoff Swaim","DAL","TE",NA,NA,6,0,0,0,NA,73,0,5,0,NA,NA,NA,NA,NA,NA,NA
2553457,"Trevor Siemian","DEN","QB",NA,NA,7,0,0,0,0,53,NA,8,0,NA,NA,NA,3.10479691687635,NA,NA,NA
2553465,"Rory Anderson","SF","TE",23,0,10,0,0,0,NA,73,0,5,0,NA,NA,NA,NA,NA,NA,NA
2553497,"Kyle Brindza","DET","K",22,0,9,0,0,0,0,27,NA,5,0,NA,NA,NA,1.38098371895227,NA,NA,NA
2553502,"DeAndre Carter","BAL","WR",22,0,9,0,0,0,NA,119,0,13,0,NA,NA,NA,NA,NA,NA,NA
2553511,"John Crockett","GB","RB",23,0,7,0,0,0,NA,103,0,8,0,NA,NA,NA,NA,NA,NA,NA
2553599,"Jaxon Shipley","FA","WR",23,0,NA,0,0,0,NA,119,0,13,0,NA,NA,NA,NA,NA,NA,NA
2553650,"Corey Grant","JAC","RB",NA,NA,8,0,0,0,NA,103,0,8,0,NA,NA,NA,NA,NA,NA,NA
2553653,"Josh Harper","OAK","WR",24,0,6,0,0,0,NA,119,0,13,0,NA,NA,NA,NA,NA,NA,NA
2553682,"Wes Saxton","NYJ","TE",22,0,5,0,0,0,NA,73,0,5,0,NA,NA,NA,NA,NA,NA,NA
2553703,"Devante Davis","PHI","WR",23,0,8,0,0,0,NA,119,NA,13,0,NA,NA,NA,NA,NA,NA,NA
2553733,"Thomas Rawls","SEA","RB",22,0,9,0,0,0,NA,103,0,8,0,NA,NA,NA,NA,NA,NA,NA
2553791,"E.J. Bibbs","CLE","TE",24,0,11,0,0,0,0,73,NA,5,0,NA,NA,NA,2.44027583745252,NA,NA,NA
2553797,"Michael Dyer","OAK","RB",25,0,6,0,0,0,NA,103,NA,8,0,NA,NA,NA,NA,NA,NA,NA
