"playerId","player","team","position","age","exp","bye","points","lower","upper","sdPts","positionRank","dropoff","tier","ptSpread","overallECR","positionECR","sdRank","risk","sleeper","actualPoints","salary"
2495455,"Cam Newton","CAR","QB",26,4,5,24.4066666666667,20.956,28.06,4.46162899996552,1,4.40666666666667,1,7.10400000000001,NA,1.5,0.8,5.23467775833722,NA,13.28,NA
2532975,"Russell Wilson","SEA","QB",27,3,9,20.15,13.846,24.918,7.06775070301719,2,0.408333333333331,1,11.072,NA,4,1.6,7.15858812795719,NA,17.36,NA
2543477,"Blake Bortles","JAC","QB",24,1,8,19.85,17.75,21.59,2.40156199170457,3,0.349999999999998,2,3.84,NA,3.6,1.3,4.33367212450003,NA,25.22,NA
2506109,"Ben Roethlisberger","PIT","QB",33,11,11,19.6333333333333,17.596,22.404,3.02658773759052,4,0.421666666666667,2,4.808,NA,2.1,1,4.52586797352359,NA,2.8,NA
2504775,"Drew Brees","NO","QB",36,14,11,19.3666666666667,16.208,21.712,3.68740197609826,5,0.651666666666664,2,5.504,NA,7.9,3,5.99734578665678,NA,28.18,NA
2504211,"Tom Brady","NE","QB",38,15,4,19.0566666666667,16.156,22.54,3.9940121849255,6,1.005,2,6.384,NA,6.2,1.7,5.46064046836313,NA,10.14,NA
2506363,"Aaron Rodgers","GB","QB",32,10,7,18.3733333333333,15.756,21.1,3.50487279845265,7,1.08833333333333,2,5.344,NA,9.1,1.5,5.07226013001806,NA,2.94,NA
2506340,"Alex Smith","KC","QB",31,10,9,17.73,17.524,18.356,0.548087584241789,8,1.325,2,0.831999999999997,NA,16.7,2.7,4.04307122926919,NA,15.4,NA
497278,"Dez Bryant","DAL","WR",27,5,6,17.3,17.3,17.3,NA,1,0.983333333333334,1,0,NA,NA,NA,NA,NA,NA,NA
2553435,"David Johnson","ARI","RB",24,0,9,17.07,16.06,18.148,1.31327834064223,1,2.19166666666667,1,2.088,NA,1.7,1.2,2.71815172057995,NA,18.7,NA
2532820,"Kirk Cousins","WAS","QB",27,3,8,16.84,13.012,19.188,4.30460218835609,9,0.976666666666667,2,6.176,NA,10.5,2.7,6.18507942564284,NA,30.2,NA
2508061,"Antonio Brown","PIT","WR",27,5,11,16.3333333333333,15.54,17.38,1.27410099024109,2,0.849999999999998,1,1.84,NA,1.1,0.3,2.63262277188901,NA,6.1,NA
2533039,"Alshon Jeffery","CHI","WR",25,3,7,16.3,16.3,16.3,NA,3,1.95166666666667,1,0,NA,18.8,23,11.8601702150957,NA,NA,NA
79860,"Matthew Stafford","DET","QB",27,6,9,15.97,13.308,18.42,3.19510563205663,10,0.231666666666666,3,5.112,NA,8.4,2.3,5.33349684698381,NA,21.14,NA
2506581,"Ryan Fitzpatrick","NYJ","QB",33,10,5,15.7566666666667,13.84,17.272,2.14500194250106,11,0.0650000000000013,3,3.432,NA,11.6,1.9,4.51578076979723,NA,22.14,NA
2552466,"Marcus Mariota","TEN","QB",22,0,4,15.72,15.72,15.72,NA,12,0.173333333333334,3,0,NA,NA,NA,NA,NA,NA,NA
2506121,"Philip Rivers","SD","QB",34,11,10,15.6633333333333,14.272,16.84,1.67093786040455,13,0.261666666666665,3,2.568,NA,14,2.6,4.62859978636756,NA,15.08,NA
2505245,"Carson Palmer","ARI","QB",36,12,9,15.43,11.75,18.934,4.50614025525172,14,0.289999999999999,3,7.184,NA,4.9,1.1,5.42425967285955,NA,15.6,NA
2543465,"Teddy Bridgewater","MIN","QB",23,1,5,15.3733333333333,14.108,16.428,1.50682889982019,15,0.506666666666668,3,2.32,NA,17.6,2.6,4.53502295366071,NA,11.92,NA
2543583,"Devonta Freeman","ATL","RB",23,1,10,15.0433333333333,14.206,16.446,1.60799046431667,2,0.583333333333334,2,2.24,NA,6.4,3,3.56931848407458,NA,15,NA
2532956,"Ryan Tannehill","MIA","QB",27,3,5,14.9066666666667,12.44,16.776,2.84326103854946,16,0.293333333333333,3,4.336,NA,19.9,2.5,5.24233836597671,NA,12.96,NA
2543499,"Derek Carr","OAK","QB",24,1,6,14.8266666666667,12.572,16.492,2.7623420015149,17,0.486666666666666,3,3.92,NA,11.7,2.6,5.25093108603935,NA,12.16,NA
2507164,"Adrian Peterson","MIN","RB",30,8,5,14.7133333333333,13.522,16.17,1.75186567217162,3,0.616666666666667,2,2.648,NA,2.6,1.7,3.19596092715658,NA,17.9,NA
2540165,"DeAndre Hopkins","HOU","WR",23,2,9,14.6666666666667,14.44,14.92,0.305505046330389,4,0.718333333333334,1,0.479999999999997,NA,3.2,2.3,2.29843715837724,NA,17.7,NA
2495824,"Jay Cutler","CHI","QB",32,9,7,14.4,2.1,14.58,8.83855191759374,18,0.209999999999999,3,12.48,NA,19.1,1.8,8.27778690575956,NA,12.34,NA
2495240,"Tyrod Taylor","BUF","QB",26,4,8,14.28,10.368,16.992,5.85484414822461,19,0.211666666666668,3,6.624,NA,12.4,2.5,6.95957798429721,NA,10.86,NA
2495979,"DeAngelo Williams","PIT","RB",32,9,11,14.2066666666667,9.764,15.204,3.67588538087538,4,0.313333333333333,2,5.44,NA,3.1,1.7,4.49783525065785,NA,24.3,NA
81294,"Brian Hoyer","HOU","QB",30,6,9,14.1,14.1,14.1,NA,20,0.12166666666667,3,0,NA,NA,NA,NA,NA,NA,NA
2505996,"Eli Manning","NYG","QB",34,11,11,14.0366666666667,13.424,14.648,0.765005446603705,21,0.119999999999997,3,1.224,NA,15.7,2.7,4.16676031026203,NA,4.36,NA
2495454,"Julio Jones","ATL","WR",26,4,10,14.03,12.832,15.32,1.56770532945449,5,0.288333333333334,0,2.488,NA,9.7,5,4.00819312762591,NA,23.8,NA
2532899,"Doug Martin","TB","RB",26,3,6,13.9866666666667,12.708,15.86,2.0145801878638,5,0.27,2,3.152,NA,3.8,1.3,3.22889109214715,NA,5.5,NA
2552033,"Jameis Winston","TB","QB",21,0,6,13.92,11.348,16.084,3.2255852182201,22,0.213333333333333,3,4.736,NA,16.2,2.8,5.62454512803189,NA,17.8,NA
497095,"Sam Bradford","PHI","QB",28,5,8,13.9133333333333,11.456,15.856,2.96717598624236,23,0.718333333333334,3,4.4,NA,19.5,2.4,5.25826241285007,NA,16.6,NA
2543498,"Brandin Cooks","NO","WR",22,1,11,13.8666666666667,11.72,16.36,2.99555225848813,6,0.41,0,4.64,NA,13.5,4.2,5.01672979233079,NA,18.3,NA
79607,"LeSean McCoy","BUF","RB",27,6,8,13.8,13.8,13.8,NA,6,0.273333333333333,3,0,NA,NA,NA,NA,NA,NA,NA
2533034,"Lamar Miller","MIA","RB",24,3,5,13.6333333333333,13.04,14.48,0.907377172587746,7,0.273333333333335,3,1.44,NA,12.8,4.9,3.7832137854783,NA,12.7,NA
2543509,"Allen Robinson","JAC","WR",22,1,8,13.6166666666667,12.2,15.36,2.09781632497541,7,0.363333333333333,0,3.16,NA,3.3,3.2,4.02169304489849,NA,21.1,NA
2495143,"Andy Dalton","CIN","QB",28,4,7,13.5,13.5,13.5,NA,24,0.675000000000001,4,0,NA,NA,NA,NA,NA,NA,NA
2541161,"Latavius Murray","OAK","RB",25,2,6,13.42,12.368,14.8,1.54505663326624,8,0.17,3,2.432,NA,7.8,3.2,3.59915162922648,NA,17.7,NA
949,"Jonathan Stewart","CAR","RB",28,7,5,13.3,13.3,13.3,NA,9,0.126666666666669,3,0,NA,NA,NA,NA,NA,NA,NA
497328,"Demaryius Thomas","DEN","WR",28,5,7,13.2966666666667,10.532,15.5,3.33437150499661,8,0.41,0,4.968,NA,12.1,3.7,5.18156462599211,NA,5.9,NA
2543468,"Mike Evans","TB","WR",22,1,6,13.21,10.744,15.36,2.96501264752783,9,0.648333333333332,0,4.616,NA,7.3,4.2,4.99104953634723,NA,6.1,NA
2552471,"T.J. Yeldon","JAC","RB",22,0,8,13.2,13.2,13.2,NA,10,0.456666666666667,3,0,NA,58,15,11.0743807831691,NA,NA,NA
2539260,"Denard Robinson","JAC","RB",25,2,8,13.1466666666667,7.548,14.988,5.09102478223524,11,1.02666666666667,3,7.44,NA,10.2,3.7,6.17954808127913,NA,7,NA
497240,"Rob Gronkowski","NE","TE",26,5,4,13.05,11.7,14.22,1.6224980739588,1,1.26333333333333,1,2.52,NA,1.1,0.4,3.11148598269581,NA,8.6,NA
2495441,"Blaine Gabbert","SF","QB",26,4,10,12.89,11.92,13.576,1.06503521068554,25,0.260000000000002,4,1.656,NA,26.3,2.3,4.11890598756514,NA,14.9,NA
2532970,"Brandon Weeden","HOU","QB",32,3,9,12.76,2,13.696,7.69987878692472,26,0.725,4,11.696,NA,26.5,3,8.28530660201901,NA,20.1,NA
2532865,"T.Y. Hilton","IND","WR",26,3,10,12.5633333333333,9.518,13.118,2.34755901594259,10,0.0300000000000011,0,3.6,NA,27.6,5.4,4.76001740464104,NA,6.4,NA
2552487,"Amari Cooper","OAK","WR",21,0,6,12.56,9.684,14.98,3.45409901421485,11,0.106666666666667,0,5.296,NA,20.5,5.4,5.69048866862063,NA,1,NA
80429,"Jeremy Maclin","KC","WR",27,6,9,12.5066666666667,11.336,13.8,1.56273264934644,12,0.143333333333333,0,2.464,NA,10.6,3.2,3.57174999288526,NA,10.9,NA
2505076,"Josh McCown","CLE","QB",36,13,11,12.5,12.5,12.5,NA,27,1.02333333333333,4,0,NA,NA,NA,NA,NA,NA,NA
2543496,"Odell Beckham","NYG","WR",23,1,11,12.4,12.4,12.4,NA,13,0.154999999999999,0,0,NA,NA,NA,NA,NA,NA,NA
234,"Matt Forte","CHI","RB",30,7,7,12.34,10.816,13.84,2.10114254633045,12,0.460000000000001,3,3.024,NA,9.3,3.2,3.97542322800693,NA,7.7,NA
2543457,"Sammy Watkins","BUF","WR",22,1,8,12.3266666666667,6.216,14.536,5.31207429666918,14,0.219999999999999,0,8.32,NA,8.2,3.5,6.79655326149739,NA,8.4,NA
2540148,"Tyler Eifert","CIN","TE",25,2,7,12.2,12.2,12.2,NA,2,1.21,1,0,NA,NA,NA,NA,NA,NA,NA
2543572,"Martavis Bryant","PIT","WR",24,1,11,12.1633333333333,11.472,12.84,0.855589465417459,15,0.135,0,1.368,NA,7.2,4.3,3.24128485513524,NA,0.6,NA
2495450,"A.J. Green","CIN","WR",27,4,7,12.05,9.96,13.68,2.52932797398835,16,0.125,0,3.72,NA,20.3,6,5.05695115838114,NA,11.7,NA
2552608,"Stefon Diggs","MIN","WR",22,0,5,12.0066666666667,9.536,14.48,3.09000539373855,17,0.186666666666667,0,4.944,NA,32.5,5.1,5.31228472343324,NA,1.9,NA
2504797,"Matt Bryant","ATL","K",40,13,10,12,12,12,NA,1,0.85,1,0,NA,NA,NA,NA,NA,NA,NA
100006,"Bengals","CIN","DST",NA,NA,7,11.95,11.75,12.15,0.353553390593274,1,0.525,1,0.400000000000002,NA,7.7,2.6,1.79080839563504,NA,9,NA
2495461,"Shaun Draughn","CLE","RB",28,4,11,11.9,11.9,11.9,NA,13,0.2325,4,0,NA,NA,NA,NA,NA,NA,NA
2550268,"Charcandrick West","KC","RB",24,1,9,11.86,11.748,11.972,0.197989898732233,14,0.564166666666665,4,0.223999999999998,NA,6.8,3.7,2.86871064546086,NA,6.1,NA
1581,"DeSean Jackson","WAS","WR",29,7,8,11.8433333333333,9.144,14.16,3.24262753539985,18,0.0583333333333336,0,5.016,NA,14.6,5.4,5.51266578422797,NA,4,NA
497284,"Eric Decker","NYJ","WR",28,5,5,11.7966666666667,9.232,14.2,3.12458530581793,19,0.0366666666666653,0,4.968,NA,11.9,4.2,5.12523155713962,NA,10.7,NA
2530747,"Doug Baldwin","SEA","WR",27,4,9,11.7733333333333,6.304,13.744,4.65490422386254,20,0.0350000000000001,0,7.44,NA,10.1,5.9,6.82029868829523,NA,17.8,NA
2495893,"Brandon Marshall","NYJ","WR",31,9,5,11.7466666666667,10.652,12.62,1.32005050408434,21,0.108333333333334,0,1.968,NA,5.8,3.7,3.48775526464419,NA,23.5,NA
2550353,"Allen Hurns","JAC","WR",24,1,8,11.73,10.212,12.86,1.8559903016988,22,0.361666666666666,0,2.648,NA,18.8,5.7,4.41870898211478,NA,22.7,NA
100020,"Vikings","MIN","DST",NA,NA,5,11.65,10.83,11.07,0.212132034355964,2,0.624999999999998,2,0.24,NA,12.9,3.3,2.56676920970365,NA,20,NA
310,"Matt Ryan","ATL","QB",30,7,10,11.57,10.518,12.694,1.36890467162619,28,0.448333333333332,4,2.176,NA,22.2,2.6,4.45637695906069,NA,13.34,NA
2543488,"Jarvis Landry","MIA","WR",23,1,5,11.5466666666667,9.852,13.1,2.05293286137987,23,0.601666666666667,0,3.248,NA,17.5,4.6,4.32015481602729,NA,11.1,NA
2540204,"Spencer Ware","KC","RB",24,2,9,11.475,10.605,12.645,1.8031222920257,15,0.451666666666668,4,2.04,NA,38.8,7.8,5.43935809498493,NA,1.5,NA
2543462,"Johnny Manziel","CLE","QB",23,1,11,11.3833333333333,10.164,12.812,1.71593511920857,29,0.858333333333334,4,2.648,NA,23.1,2.7,4.7089914387298,NA,13.24,NA
2495700,"Greg Olsen","CAR","TE",30,8,5,11.3733333333333,9.816,12.6,1.8815242048226,3,0.920000000000002,1,2.784,NA,2.3,0.7,3.54078577525627,NA,4,NA
100030,"Seahawks","SEA","DST",NA,NA,9,11.2,9.42,11.18,1.55563491861041,3,0.449999999999999,2,1.76,NA,1.7,1.4,1.37072898878801,NA,0,NA
2550545,"Chris Boswell","PIT","K",26,1,11,11.2,10.56,11.84,1.13137084989848,2,0.127777777777776,1,1.28,NA,6.9,3.5,4.34463286518324,NA,5,NA
497326,"Golden Tate","DET","WR",27,5,9,11.19,7.014,12.854,3.70287725964553,24,0.493333333333336,0,5.84,NA,22.3,4.8,5.7555949687847,NA,5.9,NA
2552475,"Todd Gurley","STL","RB",21,0,6,11.1166666666667,8.87,13.43,2.86458257575748,16,0.315000000000001,4,4.56,NA,10.8,3.5,4.60062483761414,NA,15,NA
2507463,"Connor Barth","TB","K",29,7,6,11.1,9.84,12,1.55884572681199,3,0.0666666666666682,0,2.16,NA,16.3,2.6,3.93151341711482,NA,3,NA
2550636,"Cairo Santos","KC","K",24,1,9,11.0444444444444,9.70666666666667,12,1.65507077167693,4,0.144444444444444,0,2.29333333333333,NA,4.4,3.4,4.78197130458794,NA,6,NA
71309,"Graham Gano","CAR","K",28,6,5,11.0222222222222,8.85333333333333,12.8,2.60796500771799,5,0.511111111111109,0,3.94666666666667,NA,3.5,1.5,3.9610230907147,NA,8,NA
284,"Darren McFadden","DAL","RB",28,7,6,10.93,9.678,12.718,1.92268042066278,17,0.398333333333333,4,3.04,NA,10.5,4.3,4.25296091501173,NA,9.8,NA
2533436,"Brock Osweiler","DEN","QB",25,3,7,10.86,10.384,10.736,0.311126983722081,30,1.135,5,0.351999999999999,NA,22.9,2.6,3.85321985301611,NA,16.46,NA
100010,"Lions","DET","DST",NA,NA,9,10.85,7.05,10.65,3.18198051533947,4,0.225000000000001,2,3.6,NA,9.5,3.4,5.51342268026186,NA,9,NA
2506922,"Stephen Gostkowski","NE","K",31,9,4,10.7777777777778,8.26666666666667,12.8,3.02459057529249,6,0.555555555555557,0,4.53333333333333,NA,1.9,2,4.85431274072646,NA,9,NA
2506400,"Vincent Jackson","TB","WR",32,10,6,10.7,10.7,10.7,NA,25,0.00833333333333286,0,0,NA,NA,NA,NA,NA,NA,NA
2532790,"Travis Benjamin","CLE","WR",26,3,11,10.6933333333333,7.224,13.56,4.16942841806084,26,0.0299999999999994,0,6.336,NA,37.8,4.9,6.17192469387557,NA,2,NA
497302,"Brandon LaFell","NE","WR",29,5,4,10.69,7.396,13.66,3.97734836291718,27,0.0833333333333304,0,6.264,NA,37.8,6.7,6.44266942826325,NA,1.9,NA
497188,"Ryan Mathews","PHI","RB",28,5,8,10.6733333333333,9.324,9.964,0.419682419614324,18,0.324999999999999,5,0.640000000000002,NA,22.7,5,3.48942701964589,NA,7.8,NA
100018,"Raiders","OAK","DST",NA,NA,6,10.65,5.25,10.45,4.59619407771256,5,0.175000000000001,2,5.2,NA,18.1,4.9,8.80486587815628,NA,9,NA
2552430,"Tyler Lockett","SEA","WR",23,0,9,10.6366666666667,7.928,13.12,3.2814681673503,28,0.121666666666668,0,5.192,NA,29.6,6.4,5.78547161536387,NA,3.3,NA
2495353,"Julius Thomas","JAC","TE",27,4,8,10.6066666666667,8.916,12.18,2.05575614636886,4,0.388333333333334,2,3.264,NA,4.8,1.7,4.28102208997386,NA,1.2,NA
100012,"Titans","TEN","DST",NA,NA,4,10.6,7,10.2,2.82842712474619,6,0.875,3,3.2,NA,17.3,3.9,5.8281701068186,NA,3,NA
497322,"Emmanuel Sanders","DEN","WR",28,5,7,10.5766666666667,7.304,11.6,2.79027477738902,29,0.140000000000001,0,4.296,NA,23.6,4.6,4.94017349194086,NA,12.7,NA
2495448,"Randall Cobb","GB","WR",25,4,7,10.4533333333333,7.692,14.172,4.54956408168226,30,0.101666666666667,0,6.48,NA,27.1,4.4,6.3715018223606,NA,1.5,NA
2507183,"James Jones","GB","WR",31,8,7,10.42,8.188,12.22,2.68797321415225,31,0.188333333333336,0,4.032,NA,43.4,5.3,5.0222515602404,NA,4.6,NA
2506404,"Frank Gore","IND","RB",32,10,10,10.39,7.174,14.134,4.35881864729424,19,0.231666666666666,5,6.96,NA,17,4.1,5.82893973376576,NA,21.5,NA
100031,"Buccaneers","TB","DST",NA,NA,6,10.35,6.55,10.15,3.18198051533946,7,1.325,3,3.6,NA,13.8,3.1,5.12338557419431,NA,1,NA
2543603,"Jeremy Hill","CIN","RB",23,1,7,10.3066666666667,7.584,10.944,2.20774394650587,20,0.371666666666668,5,3.36,NA,24.3,5.5,4.88034839301688,NA,6.1,NA
2505299,"Antonio Gates","SD","TE",35,12,10,10.3,8.54,12.06,2.2,5,0.366666666666667,2,3.52,NA,5.7,1.2,4.1427923146634,NA,1.1,NA
71269,"Michael Crabtree","OAK","WR",28,6,6,10.2833333333333,5.53,12.73,4.62502252246768,32,0.143333333333333,0,7.2,NA,29.1,6,6.81918619596079,NA,9.9,NA
2507374,"Steven Hauschka","SEA","K",NA,NA,9,10.2444444444444,9.18666666666667,11.5333333333333,1.54967141080988,7,0.144444444444446,0,2.34666666666667,NA,3,1.8,3.16939279716119,NA,5,NA
2495150,"Kai Forbath","NO","K",28,4,11,10.2,8.48,11.7333333333333,2.07310824072883,8,0.316666666666666,0,3.25333333333333,NA,16.8,5.3,6.99411247417538,NA,8,NA
2543605,"Zach Mettenberger","TEN","QB",24,1,4,10.19,1.336,10.856,6.3277273434728,31,0.960000000000001,5,9.52,NA,27.3,2.7,7.33868885386213,NA,7.36,NA
2507166,"Ted Ginn","CAR","WR",30,8,5,10.18,5.228,12.668,4.79261932558804,33,0.0933333333333337,0,7.44,NA,26.4,5.9,6.9361010496845,NA,0.9,NA
2540258,"Travis Kelce","KC","TE",26,2,9,10.1366666666667,8.668,11.3,1.77286021257552,6,0.496666666666666,2,2.632,NA,8.6,1.7,3.99747986070261,NA,10.3,NA
2543847,"John Brown","ARI","WR",25,1,9,10.1,5,11.72,4.32666153055679,34,0.0333333333333332,0,6.72,NA,21.3,5.2,6.37618304411974,NA,8.5,NA
2505587,"Anquan Boldin","SF","WR",35,12,10,10.0733333333333,8.156,11.58,2.31735481386285,35,0.0216666666666665,0,3.424,NA,40.9,5.2,4.68659011180453,NA,2.7,NA
2530660,"Kamar Aiken","BAL","WR",26,4,9,10.06,8.748,11.372,2.31931024229188,36,0.241666666666665,0,2.624,NA,23.4,4.7,4.5681617077277,NA,6.6,NA
2532841,"Michael Floyd","ARI","WR",26,3,9,10.0433333333333,4.506,13.066,5.45221361772751,37,0.601666666666667,0,8.56,NA,18.9,5.5,7.39468487558272,NA,11.1,NA
4383,"Tim Hightower","NO","RB",29,7,11,10.01,1.541,9.069,6.65387481096541,21,0.195000000000002,6,7.528,NA,13.6,3.9,7.3094563727699,NA,28.9,NA
2506264,"Robbie Gould","CHI","K",33,10,7,10,7.8,11.8,2.64575131106459,9,0.272222222222222,0,4,NA,19.2,4.5,6.82240802621511,NA,16,NA
2552380,"Karlos Williams","BUF","RB",22,0,8,9.86,9.282,10.738,1.28693434175952,22,0.109999999999999,6,1.456,NA,13.7,4.8,4.00383002030213,NA,12.7,NA
2540037,"Fozzy Whittaker","CAR","RB",26,3,5,9.77,5.296,14.544,8.17415439051649,23,0.0966666666666658,6,9.248,NA,51.7,7.2,9.53302125949947,NA,3.8,NA
2506677,"Matt Prater","DET","K",31,9,9,9.76666666666667,8.04,11.5333333333333,2.18505021554299,10,0.105555555555554,0,3.49333333333333,NA,10.6,2.9,4.84927671475868,NA,14,NA
2495966,"Delanie Walker","TEN","TE",31,9,4,9.73,6.392,12.32,4.04347622720847,7,0.305,2,5.928,NA,5.3,1.6,6.21672262306166,NA,5.9,NA
2507999,"Chris Ivory","NYJ","RB",27,5,5,9.73,6.338,13.458,4.45215678070753,24,0.171666666666667,6,7.12,NA,18.2,4.3,5.96451319805164,NA,4.2,NA
2550325,"Chandler Catanzaro","ARI","K",24,1,9,9.68888888888889,7.81333333333333,11.5466666666667,2.33365077205779,11,0.0805555555555557,0,3.73333333333333,NA,4.6,1.5,3.68265471475193,NA,8,NA
2541556,"Brandon McManus","DEN","K",24,1,7,9.63333333333333,7.72,11.5333333333333,2.38350815209663,12,0.175000000000001,0,3.81333333333333,NA,10.1,4,6.08578243068668,NA,8,NA
2552375,"Cameron Artis-Payne","CAR","RB",23,0,5,9.61666666666667,8.44,11.2,1.78208679175099,25,0.390000000000001,7,2.76,NA,22.6,6.6,4.9906233124887,NA,5.6,NA
2506106,"Larry Fitzgerald","ARI","WR",32,11,9,9.59333333333333,7.376,11.616,2.68330641808447,38,0.489999999999998,0,4.24,NA,21.9,5.7,5.11438548158702,NA,8.9,NA
2553648,"Andrew Franks","MIA","K",22,0,5,9.58333333333333,7.65,11.5166666666667,3.41768277573498,13,0.316666666666666,0,3.86666666666667,NA,20.1,4.1,7.22934264977742,NA,6,NA
2540160,"Jordan Reed","WAS","TE",25,2,8,9.55,8.24,11.24,2.04755952294433,8,0.318333333333333,2,3,NA,3.2,1.7,4.27280674079183,NA,24.9,NA
2552635,"Matt Jones","WAS","RB",23,0,8,9.5,9.5,9.5,NA,26,0.715,7,0,NA,NA,NA,NA,NA,NA,NA
2533444,"Randy Bullock","NYJ","K",26,3,5,9.33333333333333,7.6,11.3333333333333,2.40370085030933,14,0.133333333333333,0,3.73333333333333,NA,18.6,5.5,7.51779365121247,NA,9,NA
1060,"Gary Barnidge","CLE","TE",30,7,11,9.3,7.26,11.74,2.93087017795057,9,0.323333333333334,2,4.48,NA,7.3,1.9,5.2712566461855,NA,4.7,NA
2533533,"Rueben Randle","NYG","WR",24,3,11,9.29,4.954,11.674,4.42812601446707,39,0.616666666666667,0,6.72,NA,31.7,6,6.65361916453079,NA,14,NA
2543497,"AJ McCarron","CIN","QB",25,1,7,9.26,8.62,9.9,1.13137084989848,32,0.375,6,1.28,NA,27.9,2.3,4.15673133842367,NA,11.1,NA
2532917,"Kellen Moore","DAL","QB",26,3,6,9.2,0.380000000000001,8.22,6.92964645562817,33,0.652999999999999,6,7.84,NA,29.5,2.1,7.35350795183115,NA,4.34,NA
2532968,"Blair Walsh","MIN","K",25,3,5,9.2,8.68,9.8,0.721110255092798,15,0.0250000000000004,0,1.12,NA,10.4,2.8,3.26959957827399,NA,23,NA
2536340,"Justin Tucker","BAL","K",26,3,9,9.2,7.28,11.3333333333333,2.57509438877706,15,0.0666666666666664,0,4.05333333333333,NA,19.1,4.1,6.37430149481123,NA,10,NA
2495438,"Kyle Rudolph","MIN","TE",26,4,5,9.16333333333333,5.792,9.88,2.57430249452805,10,0.518333333333334,3,4.088,NA,16.4,2.7,5.36635942156416,NA,11.3,NA
2504257,"Sebastian Janikowski","OAK","K",37,15,6,9.15,8.56,9.8,0.785811682275086,17,0.0805555555555539,0,1.24,NA,15.1,3.6,4.08806795474827,NA,9,NA
2539637,"Caleb Sturgis","PHI","K",26,2,8,9.11666666666667,9,9.28,0.202072594216369,18,0.116666666666667,0,0.279999999999999,NA,19.4,5.3,5.09542444934645,NA,6,NA
100032,"Redskins","WAS","DST",NA,NA,8,9.1,6.66,8.74,1.83847763108502,8,0.25,3,2.08,NA,16.2,3.6,4.49925263346138,NA,15,NA
2507401,"Dan Carpenter","BUF","K",30,7,8,9.02222222222222,6.81333333333333,11.3466666666667,2.8443576375643,19,0.0500000000000007,0,4.53333333333333,NA,14.5,2.7,5.33012548309355,NA,4,NA
2495259,"Dan Bailey","DAL","K",27,4,6,8.97777777777778,6.74666666666667,11.3333333333333,2.87930032653254,20,0.133333333333333,0,4.58666666666667,NA,21.1,5.4,7.90632075977219,NA,7,NA
2506386,"Mike Nugent","CIN","K",33,10,7,8.96666666666667,6.72,11.3333333333333,2.89501487234714,21,0.31111111111111,0,4.61333333333333,NA,16,3.4,6.0402407660961,NA,7,NA
2540168,"Eddie Lacy","GB","RB",24,2,7,8.95333333333333,5.692,12.732,4.40732723238624,27,0.336666666666666,7,7.04,NA,20.9,5.5,6.36868086140902,NA,14.8,NA
100004,"Panthers","CAR","DST",NA,NA,5,8.95,8.75,9.15,0.353553390593274,9,0.5,3,0.400000000000002,NA,3.6,1.5,0.360672340054021,NA,8,NA
2495647,"Calvin Johnson","DET","WR",30,8,9,8.91666666666667,6.36,10.48,2.61358629728068,40,0.748333333333335,0,4.12,NA,15.8,5.2,4.93568628838804,NA,13.7,NA
2540158,"Zach Ertz","PHI","TE",25,2,8,8.79,5.334,10.694,3.8201177992308,11,0.299999999999999,3,5.36,NA,12.2,2.7,6.61502087816081,NA,9.2,NA
100017,"Rams","STL","DST",NA,NA,6,8.75,8.79,12.71,3.46482322781408,10,0.625,3,3.92,NA,19.9,3.9,6.43173605721911,NA,20,NA
2534797,"Greg Zuerlein","STL","K",28,3,6,8.72222222222222,6.13333333333333,11.3333333333333,3.25035610584668,22,0.327777777777778,0,5.2,NA,27.6,4.9,7.81235374346132,NA,6,NA
4327,"Danny Woodhead","SD","RB",30,7,10,8.61666666666667,5.58,11.78,4.03928624057931,28,0.00333333333333385,7,6.2,NA,18.7,5.4,6.08344008984561,NA,10.8,NA
2506467,"Darren Sproles","PHI","RB",32,10,8,8.61666666666667,5.42,11.46,3.77635185507565,28,0.0300000000000011,7,6.04,NA,35.2,5.4,5.90552739814901,NA,6.5,NA
2550474,"Antonio Andrews","TEN","RB",23,1,4,8.61,6.968,10.552,3.16783837971573,30,0.0499999999999972,7,3.584,NA,38.4,8.6,6.65245108709425,NA,-2.9,NA
2503471,"Adam Vinatieri","IND","K",43,19,10,8.58888888888889,6.55333333333333,11.0866666666667,3.00487258619384,23,0.422222222222222,0,4.53333333333333,NA,18.1,3.3,6.05762074782341,NA,4,NA
2501078,"Matt Hasselbeck","IND","QB",40,17,10,8.57,7.122,10.018,2.5597265478953,34,0.188000000000001,6,2.896,NA,26.3,3,5.35433217840024,NA,3.96,NA
2533437,"Ronnie Hillman","DEN","RB",24,3,7,8.56333333333333,6.378,11.578,3.52406488778702,31,0.0116666666666667,7,5.2,NA,30,4,5.22790106991954,NA,7.2,NA
2552631,"Javorius Allen","BAL","RB",24,0,9,8.55666666666667,6.794,10.074,2.11769528812181,32,0.23,7,3.28,NA,23.7,6,5.00045979710548,NA,17.2,NA
2495207,"DeMarco Murray","PHI","RB",27,4,8,8.54666666666667,4.228,13.748,6.04107054530348,33,0.501666666666667,7,9.52,NA,48.5,5.3,7.40172483872303,NA,11.1,NA
2506562,"Matt Cassel","DAL","QB",33,10,6,8.524,3.4712,13.5768,8.93217285994847,35,0.690333333333333,6,10.1056,NA,45.7,12.1,13.9687410835743,NA,NA,NA
2540211,"Gavin Escobar","DAL","TE",24,2,6,8.5,8.5,8.5,NA,12,0.0199999999999996,3,0,NA,NA,NA,NA,NA,NA,NA
238457,"Zach Miller","CHI","TE",31,6,7,8.48,0.848000000000001,7.632,5.99626550446192,13,0.0700000000000003,3,6.784,NA,10,2.5,8.68301887886526,NA,6.9,NA
238457,"Zach Miller","CHI","TE",31,6,7,8.48,0.848000000000001,7.632,5.99626550446192,13,0.586666666666667,3,6.784,NA,10.5,1.5,8.11741255070793,NA,6.9,NA
2495821,"Marques Colston","NO","WR",32,9,11,8.43,5.574,11.286,5.04874241767195,41,0.586666666666666,0,5.712,NA,54.4,11.5,8.49628488684551,NA,NA,NA
2506122,"Benjamin Watson","NO","TE",35,11,11,8.34,4.716,10.38,3.95636196524029,14,1.01,3,5.664,NA,8.9,2.6,6.69501567064769,NA,0.5,NA
2495443,"Ryan Mallett","BAL","QB",27,4,9,8.24,0.554000000000001,7.386,6.03869191133312,36,1.47633333333333,7,6.832,NA,29.3,5.2,8.54221983567676,NA,14.96,NA
2539227,"Dustin Hopkins","WAS","K",25,2,8,8.2,5.68,11.6,4.16173040933696,24,0.183333333333334,0,5.92,NA,15.4,3.2,7.13747464511782,NA,6,NA
100022,"Saints","NO","DST",NA,NA,11,8.15,5.29,9.21,3.46482322781408,11,0.0500000000000007,3,3.92,NA,27.4,5.3,8.25190921886768,NA,6,NA
2550551,"Travis Coons","CLE","K",23,1,11,8.13333333333333,5.32,11.1333333333333,3.65574129889472,25,0.322222222222221,0,5.81333333333333,NA,30.8,0.9,4.45967662320424,NA,8,NA
2552374,"Ameer Abdullah","DET","RB",22,0,9,8.10666666666667,6.464,10.224,2.42407370625015,34,0.158333333333333,7,3.76,NA,27.7,6.2,5.28018546278892,NA,4.8,NA
100019,"Dolphins","MIA","DST",NA,NA,5,8.1,8.28,10.52,1.97989898732233,12,0.0749999999999993,3,2.24,NA,14.4,3.4,4.37335366283868,NA,6,NA
100025,"Eagles","PHI","DST",NA,NA,8,8.1,7.94,12.26,3.81837661840736,12,0.274999999999999,3,4.32,NA,19.1,4.8,7.93716179231093,NA,-2,NA
2540020,"Theo Riddick","DET","RB",24,2,9,7.98333333333333,6.32,9.72,2.13092311764956,35,0.278333333333333,7,3.4,NA,40.3,5.2,4.71974280766152,NA,8.3,NA
100016,"Chiefs","KC","DST",NA,NA,9,7.95,2.67,11.23,7.56604255869606,14,0.375,3,8.56,NA,2,1.2,6.81104933852551,NA,6,NA
2540156,"Giovani Bernard","CIN","RB",24,2,7,7.91333333333333,5.488,11.088,3.69655695659263,36,0.496666666666667,7,5.6,NA,27.1,4.7,5.59807567626853,NA,4.3,NA
2543614,"Donte Moncrief","IND","WR",22,1,10,7.90666666666667,5.064,10.664,3.50487279845265,42,0.231666666666666,0,5.6,NA,41.1,5.2,5.68515443107454,NA,1.5,NA
2553112,"Jason Myers","JAC","K",NA,NA,8,7.9,7.82,7.98,0.141421356237309,26,0.305555555555555,0,0.16,NA,10.8,2.5,2.39903933292317,NA,1,NA
2346,"Pierre Garcon","WAS","WR",29,7,8,7.78,5.268,10.868,3.71553495475416,43,0.305,0,5.6,NA,44.3,4.6,5.71820953951905,NA,14,NA
89802,"Ryan Succop","TEN","K",29,6,4,7.72222222222222,5.13333333333333,10.8666666666667,3.77981970959423,27,0.322222222222222,0,5.73333333333333,NA,25.8,5.6,9.00835176240194,NA,0,NA
100026,"Cardinals","ARI","DST",NA,NA,9,7.7,9.62,9.78,0.14142135623731,15,0.375,3,0.160000000000002,NA,11.4,3.4,2.62971869501501,NA,33,NA
2550256,"Willie Snead","NO","WR",23,1,11,7.57,6.054,7.286,1.08894444302728,44,0.355,0,1.232,NA,31.4,4,3.36546559833871,NA,7.5,NA
2533457,"Alfred Morris","WAS","RB",27,3,8,7.49666666666667,5.96,9.072,2.16449378223485,37,0.218333333333333,8,3.112,NA,27.1,10,6.48046320058553,NA,4.9,NA
2500351,"Phil Dawson","SF","K",40,17,10,7.46666666666667,5.12,10.6666666666667,3.92824529670833,28,0.149999999999999,0,5.54666666666667,NA,28.5,1.9,5.67722140130384,NA,6,NA
100007,"Browns","CLE","DST",NA,NA,11,7.45,5.97,7.33,1.20208152801713,16,0.25,3,1.36,NA,28,2.9,2.98560010223659,NA,7,NA
2543683,"Austin Seferian-Jenkins","TB","TE",23,1,6,7.44666666666667,4.988,10.108,3.22994323995536,15,0.246666666666667,3,5.12,NA,13.3,3.2,6.30630118804963,NA,12,NA
497108,"Jimmy Clausen","BAL","QB",27,5,9,7.42733333333333,2.8416,11.064,5.53457146790367,37,1.45733333333333,7,8.2224,NA,27.3,3.3,7.21482433537707,NA,NA,NA
2543500,"Jordan Matthews","PHI","WR",23,1,8,7.38,5.72,8.472,1.9578559701878,45,0.380000000000001,0,2.752,NA,32.6,5.3,4.40830799208593,NA,16.4,NA
2543600,"Alfred Blue","HOU","RB",24,1,9,7.33666666666667,5.78,8.268,1.6297341296461,38,0.154166666666667,8,2.488,NA,30.8,7.5,5.2134109066126,NA,5,NA
2507232,"Mason Crosby","GB","K",31,8,7,7.33333333333333,6.4,8,1.15470053837925,29,0.183333333333334,0,1.6,NA,8.2,2.8,3.70959797172666,NA,0,NA
2505459,"Josh Brown","NYG","K",36,12,11,7.3,6.32,8,1.21243556529821,30,2.75,0,1.68,NA,9.2,4.4,5.27380770528886,NA,5,NA
2539663,"Mike Gillislee","BUF","RB",25,2,8,7.22,1.262,6.558,4.68104689145494,39,0.199166666666668,9,5.296,NA,37.6,6.1,6.77114196218837,NA,16.9,NA
2543466,"Eric Ebron","DET","TE",22,1,9,7.21333333333333,4.548,10.068,3.47426730884849,16,0.116666666666666,3,5.52,NA,15.1,2.4,6.09869836978108,NA,4.9,NA
100002,"Ravens","BAL","DST",NA,NA,9,7.2,5.44,7.36,1.69705627484771,17,0.0499999999999998,3,1.92,NA,27.1,5.1,6.31531239704347,NA,11,NA
100024,"Jets","NYJ","DST",NA,NA,5,7.2,6.14,10.46,3.81837661840736,17,0.125000000000001,3,4.32,NA,18.1,5.5,8.84724837313521,NA,8,NA
2505629,"Jason Witten","DAL","TE",33,12,6,7.18666666666667,4.472,10.552,4.05271925172881,17,0.960000000000001,3,6.08,NA,16.8,2.7,6.8481537248888,NA,1.2,NA
2539322,"Christine Michael","FA","RB",25,2,NA,7.145,1.48,7.712,4.06337708480684,40,0.323333333333333,9,6.232,NA,20.4,5.8,6.24457474250369,NA,2,NA
100005,"Bears","CHI","DST",NA,NA,7,7.1,5.42,7.18,1.5556349186104,19,0.0749999999999993,4,1.76,NA,17.4,3.4,3.97097636257168,NA,7,NA
100011,"Packers","GB","DST",NA,NA,7,7.05,5.77,7.13,1.20208152801713,20,0.0750000000000002,4,1.36,NA,18,4.4,4.93578563257435,NA,2,NA
2532903,"Rishard Matthews","MIA","WR",26,3,5,7.05,3.81,10.29,5.72756492761104,46,0.183333333333333,0,6.48,NA,67.4,12.5,9.30724094107855,NA,NA,NA
2550313,"Richard Rodgers","GB","TE",23,1,7,7.00666666666667,4.704,9.904,3.49573072952328,18,1.685,3,5.2,NA,14.4,2.3,6.06365019232061,NA,0.2,NA
100015,"Jaguars","JAC","DST",NA,NA,8,7,6.84,7.16,0.282842712474619,21,0.0749999999999993,4,0.319999999999999,NA,23.4,5.5,5.49410420424353,NA,-3,NA
2553833,"Josh Lambo","SD","K",25,0,10,7,6.2,7.8,1.4142135623731,31,4.95,0,1.6,NA,21.6,3.9,5.00806111940839,NA,10,NA
100003,"Bills","BUF","DST",NA,NA,8,6.95,6.11,10.19,3.60624458405139,22,0.0499999999999998,4,4.08,NA,8.4,3,5.39575050577212,NA,11,NA
2495341,"Cecil Shorts","HOU","WR",28,4,9,6.95,4.19,9.71,4.87903679018718,47,0.173333333333334,0,5.52,NA,NA,NA,10.3703380387572,NA,NA,NA
100013,"Texans","HOU","DST",NA,NA,9,6.9,7.06,10.74,3.25269119345812,23,0,5,3.68,NA,5.4,2.2,4.02033713936949,NA,22,NA
100027,"Steelers","PIT","DST",NA,NA,11,6.9,6.12,10.28,3.67695526217005,23,0.0250000000000004,5,4.16,NA,8.6,3,5.46281338914996,NA,5,NA
100001,"Falcons","ATL","DST",NA,NA,10,6.9,2.28,6.12,3.39411254969543,25,0.149999999999999,6,3.84,NA,28.3,3.4,5.71461133039536,NA,8,NA
497145,"Joique Bell","DET","RB",29,5,9,6.89666666666667,3.438,10.798,4.62990640654143,41,0.233333333333333,9,7.36,NA,42.8,6.5,6.881371868243,NA,8.2,NA
100021,"Patriots","NE","DST",NA,NA,4,6.85,4.83,6.67,1.62634559672906,26,0.350000000000001,6,1.84,NA,8.6,3.7,4.42807635201707,NA,9,NA
2539205,"Terrance Williams","DAL","WR",26,2,6,6.78333333333333,4.49,9.21,2.9640906418889,48,0.0958333333333332,0,4.72,NA,53.7,7.7,5.83078307849698,NA,6.2,NA
2550328,"Brandon Coleman","NO","WR",23,1,11,6.77,4.506,9.034,4.00222438151586,49,0.312499999999999,0,4.528,NA,75.1,13,7.97650317740526,NA,4.5,NA
2543773,"James White","NE","RB",23,1,4,6.74666666666667,5.928,7.528,1.00326134846975,42,0.218333333333333,10,1.6,NA,19.6,6.3,4.35501127144846,NA,9.2,NA
100014,"Colts","IND","DST",NA,NA,10,6.65,5.35,6.55,1.06066017177982,27,0.325000000000001,6,1.2,NA,19.9,5.2,5.84175881533215,NA,14,NA
2552463,"Jaelen Strong","HOU","WR",21,0,9,6.605,3.981,6.229,1.9869700551342,50,0.35,0,2.248,NA,74.7,11.3,5.87366184644813,NA,1.8,NA
2552379,"Jeremy Langford","CHI","RB",24,0,7,6.58,4.526,7.134,2.30516810666814,43,0.191666666666666,10,2.608,NA,32.4,5,4.76522757002501,NA,8.3,NA
2552461,"Duke Johnson","CLE","RB",22,0,11,6.47666666666667,6.12,6.944,0.568008215903022,44,0.196666666666666,10,0.824,NA,42.7,5.4,3.73462437365687,NA,4.1,NA
100009,"Broncos","DEN","DST",NA,NA,7,6.35,5.19,9.91,4.17193000900063,28,0.199999999999999,6,4.72,NA,4.3,1.7,4.24209277983541,NA,8,NA
1990,"Eddie Royal","CHI","WR",29,7,7,6.31,4.706,8.546,2.7626617599699,51,0.175000000000001,0,3.84,NA,54.8,8.9,5.94957930841636,NA,2.1,NA
2543770,"Charles Sims","TB","RB",25,1,6,6.3,5.62,7.14,0.953939201416946,45,0.0583333333333336,10,1.52,NA,36.3,4.3,3.59746902282985,NA,17.7,NA
100029,"49ers","SF","DST",NA,NA,10,6.3,5.9,6.7,0.707106781186548,29,0.325,6,0.799999999999999,NA,23.4,4.3,4.33633308024033,NA,2,NA
2507779,"Donald Brown","SD","RB",28,6,10,6.26,0.626000000000001,5.634,4.42648845022779,46,0.0499999999999989,11,5.008,NA,36.4,7.4,7.06960649232628,NA,11,NA
2539217,"Andre Ellington","ARI","RB",26,2,9,6.22333333333333,2.734,10.494,5.01065198685095,47,0.11,11,7.76,NA,56,7.9,7.64591880813146,NA,4.5,NA
2540202,"Kenny Stills","MIA","WR",23,2,5,6.2,3.5,9.18,3.60138862107382,52,0.191666666666666,0,5.68,NA,69.6,8.2,6.48674914692806,NA,1.4,NA
497206,"James Starks","GB","RB",29,5,7,6.19666666666667,5.658,6.778,0.778481427738217,48,0.236666666666667,12,1.12,NA,34.4,5.6,3.94945646002908,NA,-1.9,NA
2495974,"Charlie Whitehurst","IND","QB",33,9,10,6.1,0.340000000000001,5.46,4.5254833995939,38,0.659000000000001,7,5.12,NA,32.1,1.5,5.65422413211618,NA,3.02,NA
2507763,"Mike Wallace","MIN","WR",29,6,5,6.07,3.682,7.922,2.65362016875061,53,0.346666666666667,0,4.24,NA,63.1,6.3,5.23351003331653,NA,1.1,NA
2507428,"Mike Tolbert","CAR","RB",30,7,5,6.03,2.858,9.898,4.65088163685123,49,0.235,12,7.04,NA,52.7,4.8,6.28002115767979,NA,2.9,NA
100008,"Cowboys","DAL","DST",NA,NA,6,6,6.08,8.32,1.97989898732233,30,0.4,7,2.24,NA,22.4,4.1,5.28344024366297,NA,11,NA
100023,"Giants","NYG","DST",NA,NA,11,5.95,2.95,5.75,2.47487373415292,31,0.7,8,2.8,NA,23.1,4.2,5.88289279599699,NA,-1,NA
2543495,"Davante Adams","GB","WR",23,1,7,5.94666666666667,3.288,9.208,3.92333191730362,54,0.460000000000001,0,5.92,NA,51.7,7.3,6.54133511856833,NA,4.2,NA
2550189,"Isaiah Crowell","CLE","RB",22,1,11,5.89,4.76,6.896,1.46263460918987,50,0.221666666666666,12,2.136,NA,44.4,5.4,4.33996699321422,NA,14.8,NA
2532888,"Case Keenum","STL","QB",27,3,6,5.84,5.136,6.544,1.24450793488832,39,2.488,7,1.408,NA,31.2,1.2,3.61917278796527,NA,8.52,NA
2543638,"DeAnthony Thomas","KC","RB",22,1,9,5.7,5.7,5.7,NA,51,0.0999999999999988,12,0,NA,NA,NA,NA,NA,NA,NA
2495328,"Bilal Powell","NYJ","RB",27,4,5,5.63666666666667,4.802,6.482,1.05025393754717,52,0.0966666666666667,12,1.68,NA,23.5,7.5,4.82130973443727,NA,9,NA
2495473,"Shane Vereen","NYG","RB",26,4,11,5.56333333333333,5.28,5.832,0.346458270695525,53,0.123333333333335,13,0.552,NA,45.8,5.4,3.58471417069275,NA,2.4,NA
2540269,"C.J. Anderson","DEN","RB",24,2,7,5.51666666666667,3.78,6.94,2.07022543055903,54,0.22,13,3.16,NA,36.7,5.8,4.89592277715689,NA,11.1,NA
80425,"Percy Harvin","BUF","WR",27,6,8,5.5,5.5,5.5,NA,55,0.0783333333333331,0,0,NA,NA,NA,NA,NA,NA,NA
2532884,"Marvin Jones","CIN","WR",25,3,7,5.47333333333333,4.84,5.576,0.483873261643308,56,0.126666666666665,0,0.736,NA,44.3,4.1,2.88068574349692,NA,3.3,NA
2532853,"Ladarius Green","SD","TE",25,3,10,5.44666666666667,2.368,9.168,4.47197197367485,19,0.465,3,6.8,NA,27.1,3.8,7.89053121987208,NA,2.7,NA
2539336,"Tavon Austin","STL","WR",24,2,6,5.37,4.062,6.062,1.25047990787537,57,0.0783333333333331,0,2,NA,42,5.1,3.76545803246292,NA,1.6,NA
2506871,"Fred Jackson","SEA","RB",34,9,9,5.36333333333333,3.42,6.692,2.23339054653084,55,0.136666666666667,13,3.272,NA,57.1,5.3,4.82528510679786,NA,5.4,NA
2532977,"Kendall Wright","TEN","WR",26,3,4,5.32333333333333,4.58,5.596,0.653171748725658,58,0.0916666666666677,0,1.016,NA,62.6,9.2,4.24778750834381,NA,1.8,NA
2506313,"Nate Washington","HOU","WR",32,10,9,5.26,3.04,6.704,2.43039091505873,59,0.0883333333333329,0,3.664,NA,48.2,5.8,4.92572753799217,NA,10.2,NA
100028,"Chargers","SD","DST",NA,NA,10,5.25,3.79,5.31,1.34350288425444,32,NA,8,1.52,NA,26.7,4,4.54986192457328,NA,5,NA
2552376,"David Cobb","TEN","RB",22,0,4,5.23,1.478,9.478,5.04090269693832,56,0.173333333333334,13,8,NA,63.9,5.5,6.79738521696703,NA,1.6,NA
71345,"Rashad Jennings","NYG","RB",30,6,11,5.22333333333333,3.654,6.374,1.9265599739778,57,0.505833333333333,13,2.72,NA,28.6,5.7,4.76250412405243,NA,13.6,NA
2552409,"DeVante Parker","MIA","WR",22,0,5,5.20333333333333,2.38,6.948,2.91805300385948,60,0.18,0,4.568,NA,NA,NA,7.07242008702158,NA,9.3,NA
2532838,"Coby Fleener","IND","TE",27,3,10,5.19666666666667,3.018,6.938,2.45133297071886,20,0.52,4,3.92,NA,25.7,4.2,6.09151845754314,NA,1.3,NA
2552415,"Jamison Crowder","WAS","WR",22,0,8,5.14,4.392,5.288,0.791959594928933,61,0.263333333333334,0,0.896,NA,64,8.7,4.24441923125613,NA,1.3,NA
2505982,"Matt Schaub","BAL","QB",34,11,9,5.042,1.0896,8.9744,6.96924443537461,40,4.051,7,7.8848,NA,31.2,6,9.51070122570486,NA,NA,NA
2539291,"Markus Wheaton","PIT","WR",24,2,11,4.90666666666667,2.44,6.776,2.71000615005452,62,0.083333333333333,0,4.336,NA,38.5,6.6,5.35296769151569,NA,4.1,NA
2552634,"Joey Iosefa","TB","RB",NA,NA,6,4.89,1.029,4.461,3.03348809129029,58,0.375833333333333,14,3.432,NA,55.8,5.6,5.47529076480372,NA,0,NA
2505551,"Andre Johnson","IND","WR",34,12,10,4.84666666666667,2.368,7.728,3.46157960089514,63,0.086666666666666,0,5.36,NA,72.7,8.8,6.51327327396356,NA,3.9,NA
2550183,"Jeremy Butler","BAL","WR",24,1,9,4.8,4.34,4.66,0.282842712474619,64,0.146666666666667,0,0.319999999999999,NA,60.9,11,4.36864560961111,NA,3.8,NA
2506369,"Heath Miller","PIT","TE",33,10,11,4.76666666666667,4.26,4.9,0.404145188432738,21,0.505,4,0.640000000000001,NA,15.7,2.5,3.07812297421693,NA,4.9,NA
2552491,"Dorial Green-Beckham","TEN","WR",22,0,4,4.72,3.012,5.812,1.81140829190992,65,0.185,0,2.8,NA,38.4,5.5,4.33319162752427,NA,0,NA
2533046,"Dwayne Allen","IND","TE",25,3,10,4.58666666666667,1.912,7.672,3.70817115750249,22,0.730000000000001,4,5.76,NA,38.7,7.1,8.99148633041929,NA,0,NA
71217,"Kenny Britt","STL","WR",27,6,6,4.58666666666667,3.56,5.128,0.997262920865573,66,0.166666666666667,0,1.568,NA,67.9,5.8,3.72063380592326,NA,10.9,NA
2539315,"Stepfan Taylor","ARI","RB",24,2,9,4.545,0.981000000000001,8.109,6.30032142037214,60,0.353333333333333,14,7.128,NA,67,10.3,9.38756702606538,NA,NA,NA
2532797,"Brandon Bolden","NE","RB",25,3,4,4.48333333333333,2.86,5.78,1.8454899981667,61,0.596666666666667,14,2.92,NA,42,7.7,5.43181746525632,NA,6,NA
2532887,"Jermaine Kearse","SEA","WR",25,3,9,4.48333333333333,3.16,5.76,1.79606050380641,67,0.159999999999999,0,2.6,NA,46.5,5.7,4.36831500188628,NA,9.8,NA
2495459,"Torrey Smith","SF","WR",26,4,10,4.35666666666667,2.92,5.616,1.91745491037816,68,0.0666666666666673,0,2.696,NA,63.9,7,4.78258255773644,NA,8.3,NA
1037885,"Marc Mariani","CHI","WR",28,5,7,4.29,0.159,3.831,3.24562012564625,69,0.00499999999999989,0,3.672,NA,70.5,12.4,7.19619988710853,NA,3.2,NA
2532978,"Jarius Wright","MIN","WR",26,3,5,4.29,3.876,4.62,0.528488410468953,69,0.101666666666667,0,0.744000000000001,NA,76,6.4,3.47053626906349,NA,5.7,NA
2541388,"Brice Butler","DAL","WR",25,2,6,4.28,0.428,3.852,3.02641702347842,71,0.205000000000001,0,3.424,NA,90,16.2,7.92442806444542,NA,7.4,NA
2495159,"Dwayne Harris","NYG","WR",28,4,11,4.09666666666667,1.838,5.198,2.42198954030221,73,0.0583333333333336,0,3.36,NA,50.5,6.2,5.01472111361396,NA,0.6,NA
2530515,"Chris Hogan","BUF","WR",27,4,8,4.05333333333333,1.992,5.352,2.24199316085784,74,0.0333333333333323,0,3.36,NA,61.8,7.7,5.22358319693777,NA,3.9,NA
2533040,"Mohamed Sanu","CIN","WR",26,3,7,4.02333333333333,2.874,5.274,1.63573632757035,75,0.0149999999999997,0,2.4,NA,81,9.3,5.09802442186622,NA,2.9,NA
2552458,"Devin Funchess","CAR","WR",21,0,5,4.01666666666667,2.86,4.66,1.14054080739504,76,0.0166666666666675,0,1.8,NA,55,7.7,4.29739004970401,NA,0,NA
2508097,"Andrew Hawkins","CLE","WR",29,4,11,4,4,4,NA,77,0.04,0,0,NA,NA,NA,NA,NA,NA,NA
2540169,"Robert Woods","BUF","WR",23,2,8,4,4,4,NA,77,0.0899999999999999,0,0,NA,NA,NA,NA,NA,NA,NA
324,"Jacob Tamme","ATL","TE",30,7,10,3.93666666666667,3.222,4.342,0.738940683230619,23,0.198333333333333,4,1.12,NA,19.5,2.7,3.52680459828857,NA,2.9,NA
2506366,"Roddy White","ATL","WR",34,10,10,3.92,2.78,4.748,1.24466863060013,79,0.0666666666666669,0,1.968,NA,65.7,5.6,3.88064411673636,NA,6.7,NA
497149,"LeGarrette Blount","NE","RB",29,5,4,3.9,3.9,3.9,NA,62,0.0783333333333331,14,0,NA,NA,NA,NA,NA,NA,NA
2550546,"Philly Brown","CAR","WR",24,1,5,3.9,3.4,4.12,0.519615242270664,80,0.0966666666666667,0,0.720000000000001,NA,60.8,7.1,3.63117673633529,NA,3.9,NA
2534796,"Bryce Brown","SEA","RB",24,3,9,3.87333333333333,1.96,5.416,2.19137704043219,63,0.133333333333334,14,3.456,NA,44.2,6,5.05031603350967,NA,0.9,NA
2543746,"Josh Huff","PHI","WR",24,1,8,3.80666666666667,3.06,3.876,0.536780526224018,81,0.0416666666666661,0,0.816,NA,80.1,10.7,4.51013412080216,NA,0.8,NA
2543475,"Marqise Lee","JAC","WR",24,1,8,3.8,2.42,5.14,1.73493515728975,82,0.085,0,2.72,NA,74.5,9.8,5.30151177598846,NA,8.6,NA
2495826,"Vernon Davis","DEN","TE",31,9,7,3.77666666666667,3.06,4.204,0.754077803236067,24,0.25,4,1.144,NA,21.7,3.2,3.82477946417836,NA,NA,NA
2535696,"Joe Banyard","JAC","RB",27,3,8,3.77,0.917,3.453,2.24152849636136,64,0.0600000000000005,14,2.536,NA,68.9,6,5.0842506613438,NA,NA,NA
2531332,"Terrelle Pryor","CLE","WR",26,4,11,3.73,0.373,3.357,2.63750829382582,83,0.0333333333333337,0,2.984,NA,NA,NA,6.60060923272731,NA,NA,NA
497204,"C.J. Spiller","NO","RB",28,5,11,3.71,2.72,4.664,1.26581989240176,65,0.00499999999999989,14,1.944,NA,55.6,5.5,4.24300214589734,NA,NA,NA
2530690,"DuJuan Harris","FA","RB",27,4,NA,3.71,0.92,3.896,1.99302115727188,65,0.0449999999999999,14,2.976,NA,58.1,8.2,5.71268557197752,NA,8.4,NA
2495139,"Charles Clay","BUF","TE",26,4,8,3.7,3.7,3.7,NA,25,0.355833333333333,5,0,NA,NA,NA,NA,NA,NA,NA
2540273,"Zac Stacy","NYJ","RB",24,2,5,3.7,3.7,3.7,NA,67,0.1325,14,0,NA,NA,NA,NA,NA,NA,NA
2552429,"Ty Montgomery","GB","WR",22,0,7,3.7,3.7,3.7,NA,84,0.0533333333333337,0,0,NA,NA,NA,NA,NA,NA,NA
2532900,"Keshawn Martin","NE","WR",25,3,4,3.69333333333333,2.936,3.896,0.687119591725729,85,0.116666666666666,0,0.96,NA,52.6,6,3.50786846400578,NA,6.8,NA
2552582,"Jay Ajayi","MIA","RB",22,0,5,3.63,2.378,4.538,1.38553238865066,68,0.1275,14,2.16,NA,44,8,5.22921571798156,NA,2.3,NA
2649,"Danny Amendola","NE","WR",30,7,4,3.6,3.6,3.6,NA,86,0.0658333333333334,0,0,NA,NA,NA,NA,NA,NA,NA
768,"Steve Johnson","SD","WR",29,7,10,3.55333333333333,1.44,5.328,2.43362555322986,87,0.0658333333333339,0,3.888,NA,NA,NA,6.25772595396259,NA,NA,NA
80427,"Darrius Heyward-Bey","PIT","WR",28,6,11,3.515,2.107,4.323,1.95868578388674,88,0.0600000000000001,0,2.216,NA,132,3.6,4.00075861717109,NA,1,NA
2533460,"Robert Turbin","DAL","RB",26,3,6,3.505,0.64,3.688,2.04646850289305,69,0.0550000000000006,14,3.048,NA,62.7,5.7,4.84363938179298,NA,2.3,NA
2552469,"Melvin Gordon","SD","RB",22,0,10,3.5,3.5,3.5,NA,70,0.15,14,0,NA,NA,NA,NA,NA,NA,NA
2530700,"Dontrelle Inman","SD","WR",26,2,10,3.46,1.656,5.016,2.10256985615223,89,0.0283333333333333,0,3.36,NA,49.2,6.8,4.89021359083063,NA,14.2,NA
2528181,"Bryan Walters","JAC","WR",28,5,8,3.45,2.63,3.67,0.919238815542512,90,0.04,0,1.04,NA,105,6,3.70305369717945,NA,NA,NA
2535698,"Cole Beasley","DAL","WR",26,3,6,3.41333333333333,2.22,3.932,1.22414596079607,91,0.0316666666666667,0,1.712,NA,67.5,11,5.16017201138719,NA,2.9,NA
2541147,"Charles Johnson","MIN","WR",26,2,5,3.40666666666667,2.344,4.264,1.20005555426961,92,0.063333333333333,0,1.92,NA,105,17.7,6.74888885325039,NA,NA,NA
497176,"Toby Gerhart","JAC","RB",28,5,8,3.4,3.4,3.4,NA,71,0.1225,14,0,NA,NA,NA,NA,NA,NA,NA
222,"Harry Douglas","TEN","WR",31,7,4,3.35666666666667,2.614,3.974,0.865235998634669,93,0.0399999999999991,0,1.36,NA,79.4,8,4.13793438424257,NA,4.9,NA
2495267,"Jordan Cameron","MIA","TE",27,4,5,3.35333333333333,2.6,3.768,0.74197933484251,26,0.0283333333333338,5,1.168,NA,27.1,4.1,4.32169905133212,NA,3.4,NA
2495187,"Lance Kendricks","STL","TE",27,4,6,3.335,1.927,2.943,0.898025612106915,27,0.1225,5,1.016,NA,39.1,3.6,4.19529866311431,NA,0,NA
2506004,"Jerricho Cotchery","CAR","WR",33,11,5,3.33,2.34,4.172,1.26834537883023,95,0.0783333333333336,0,1.832,NA,72.4,6.8,4.18872796440185,NA,2.4,NA
2495573,"Scott Chandler","NE","TE",30,8,4,3.315,1.663,3.767,1.85969083452062,28,0.218333333333333,5,2.104,NA,36.6,6,6.51661606433194,NA,NA,NA
2550272,"Albert Wilson","KC","WR",23,1,9,3.30333333333333,1.42,4.628,2.03421565556195,97,0.113333333333333,0,3.208,NA,59.6,6.3,4.7126629774476,NA,3.4,NA
2533037,"Chris Polk","HOU","RB",26,3,9,3.3,1.84,4.56,1.7,72,0.0824999999999996,14,2.72,NA,55.1,7.7,5.33337268733506,NA,3.8,NA
2534770,"Jonathan Grimes","HOU","RB",26,3,9,3.255,0.961,4.649,3.25976226126998,73,0.0899999999999999,14,3.688,NA,62.8,6.3,5.8818566494051,NA,2.5,NA
497320,"Andre Roberts","WAS","WR",27,5,8,3.2,3.2,3.2,NA,98,0.0225,0,0,NA,NA,NA,NA,NA,NA,NA
2495467,"Taiwan Jones","OAK","RB",27,4,6,3.18,0.858,2.922,1.82433549546129,74,0.0900000000000003,14,2.064,NA,85.3,14.8,7.98830254269591,NA,0.5,NA
2535964,"Josh Bellamy","CHI","WR",26,3,7,3.18,0.318,2.862,2.24859956417322,99,0.0375000000000001,0,2.544,NA,78.1,17.3,7.53453409227202,NA,1,NA
2495867,"Greg Jennings","MIA","WR",32,9,5,3.175,2.215,3.535,1.1667261889578,100,0.115,0,1.32,NA,103,16.6,6.45670281715216,NA,NA,NA
2507141,"Pierre Thomas","WAS","RB",31,8,8,3.15,0.315,2.835,2.22738636073763,75,0.1475,14,2.52,NA,70.3,12.2,7.31960466231113,NA,8.9,NA
2505785,"Malcom Floyd","SD","WR",34,11,10,3.11,0.2,3.656,2.16890141162141,101,0.17,0,3.456,NA,53.4,6.3,4.82591801194827,NA,4.2,NA
2541199,"Luke Willson","SEA","TE",25,2,9,3.11,1.8,3.984,1.3672234638127,29,0.0266666666666668,5,2.184,NA,26,4.4,5.11805349254013,NA,0,NA
71265,"Jared Cook","STL","TE",28,6,6,3.08333333333333,2.8,3.16,0.225462487641145,30,0.0150000000000001,5,0.36,NA,24.5,3.5,3.46463838849896,NA,0.5,NA
2495825,"Owen Daniels","DEN","TE",33,9,7,3.08333333333333,2.2,3.52,0.831163842652779,30,0.0641666666666665,5,1.32,NA,26.8,4.6,4.69389047144508,NA,7,NA
2541316,"Ryan Griffin","HOU","TE",25,2,9,3.05333333333333,1.64,4.008,1.48544045095498,32,0.0858333333333334,5,2.368,NA,23.4,3.7,4.84061612491884,NA,1.3,NA
2539303,"Zach Line","MIN","RB",25,2,5,3.03,0.843,2.787,1.71826947828331,76,0.1025,14,1.944,NA,86.1,5.9,4.69398271046783,NA,0.3,NA
2495189,"Jeremy Kerley","NYJ","WR",27,4,5,3.01,1.586,3.906,1.47624523707953,102,0.23,0,2.32,NA,97.8,17.8,7.00514674804491,NA,0,NA
2495888,"Marcedes Lewis","JAC","TE",31,9,8,2.985,1.953,3.417,1.29400540957138,33,0.0350000000000001,5,1.464,NA,45.9,5.1,5.44059259626091,NA,1.3,NA
2532864,"Dan Herron","IND","RB",26,3,10,2.975,0.58,3.74,2.002706502045,77,0.121666666666667,14,3.16,NA,63.3,5.2,4.63298594184217,NA,1.4,NA
2495347,"Lee Smith","OAK","TE",28,4,6,2.95,2.95,2.95,NA,34,0.0083333333333333,5,0,NA,64,4.1,4.56176343883901,NA,1.7,NA
2539995,"Mychal Rivera","OAK","TE",25,2,6,2.95,2.16,3.32,0.726291952316698,34,0.0466666666666669,5,1.16,NA,32.6,4.8,4.70190025959768,NA,NA,NA
2552468,"Maxx Williams","BAL","TE",21,0,9,2.93333333333333,2.66,2.98,0.208166599946613,36,0.0966666666666667,5,0.32,NA,24.3,4,3.73010615122217,NA,1.6,NA
2543565,"Andre Williams","NYG","RB",23,1,11,2.88,2.674,2.786,0.0989949493661164,78,0.0900000000000003,14,0.112,NA,74.3,6.9,3.9603964401885,NA,0.5,NA
2540215,"Vance McDonald","SF","TE",25,2,10,2.87333333333333,1.844,3.284,1.01692346483565,37,0.0833333333333335,5,1.44,NA,25.4,4,4.54071067753743,NA,12.1,NA
2539250,"Quinton Patton","SF","WR",25,2,10,2.87,0.287,2.583,2.02939646200539,103,0.181666666666667,0,2.296,NA,78.1,6.6,4.78065421192649,NA,2.8,NA
2543664,"Terrance West","BAL","RB",24,1,9,2.82666666666667,2.1,3.524,0.892263040438936,79,0.213333333333333,14,1.424,NA,56.9,4.9,3.77298691489193,NA,4.4,NA
2539202,"Chris Gragg","BUF","TE",25,2,8,2.8,1.7,3.54,1.15325625946708,39,0.0383333333333336,6,1.84,NA,31.7,7.4,6.60041644967517,NA,1.9,NA
2532835,"Rhett Ellison","MIN","TE",27,3,5,2.78,0.278,2.502,1.9657568516986,40,0.0458333333333334,6,2.224,NA,51.9,5.8,6.50980313108724,NA,0,NA
2543715,"Jerick McKinnon","MIN","RB",23,1,5,2.75333333333333,2.34,3.108,0.496521231503078,80,0.304166666666667,14,0.768,NA,52.9,6.8,4.19317134816918,NA,21.7,NA
2507218,"Brent Celek","PHI","TE",30,8,8,2.74333333333333,1.06,4.284,2.24513548217771,41,0.065833333333333,6,3.224,NA,33.9,4.5,6.05453179491516,NA,1.8,NA
2540928,"Darren Fells","ARI","TE",29,3,9,2.725,1.225,3.025,1.59099025766973,42,0.1375,6,1.8,NA,25.8,4.7,5.51201339568093,NA,NA,NA
80672,"Hakeem Nicks","NYG","WR",27,6,11,2.69,0.269,2.421,1.90211724139181,104,0.00666666666666638,0,2.152,NA,62.8,7.2,4.81771444109744,NA,0.4,NA
497282,"Riley Cooper","PHI","WR",28,5,8,2.68666666666667,1.68,3.488,1.20604035311151,105,0.0266666666666668,0,1.808,NA,81.5,7,4.18436577086299,NA,0,NA
2543836,"T.J. Jones","DET","WR",23,1,9,2.68,-0.00199999999999972,2.382,2.10717820793591,106,0.0900000000000007,0,2.384,NA,NA,NA,5.70871755937638,NA,8.9,NA
2540145,"Cordarrelle Patterson","MIN","WR",24,2,5,2.64,1.472,3.808,2.06475180106472,107,0.115,0,2.336,NA,NA,NA,5.63736622550831,NA,0,NA
2507486,"Kellen Davis","NYJ","TE",30,7,5,2.63,0.263,2.367,1.85969083452062,43,0.1275,6,2.104,NA,58.2,9,8.21343504880392,NA,NA,NA
497224,"Ed Dickson","CAR","TE",28,5,5,2.545,2.049,2.441,0.346482322781408,44,0.105,6,0.392,NA,46,4,3.86873786596605,NA,0,NA
2550617,"Taylor Gabriel","CLE","WR",24,1,11,2.54,1.724,3.084,0.864175908018732,108,0.0350000000000001,0,1.36,NA,81.6,10.1,4.64134827640508,NA,0,NA
2495802,"Jason Avant","KC","WR",32,9,9,2.51,0.251,2.259,1.77483802077823,109,0.0375000000000001,0,2.008,NA,109.6,5.9,4.39849844202035,NA,0,NA
2539256,"Aaron Dobson","NE","WR",24,2,4,2.5,2.5,2.5,NA,110,0.0674999999999999,0,0,NA,NA,NA,NA,NA,NA,NA
4433,"Marcel Reece","OAK","RB",30,7,6,2.47333333333333,1.68,3.456,1.18327229889545,81,0.110833333333334,14,1.776,NA,66,5.5,4.18714690077354,NA,0.3,NA
497226,"Jim Dray","CLE","TE",29,5,11,2.46,0.246,2.214,1.73948268171891,45,0.0650000000000004,6,1.968,NA,59.3,9.4,8.31919480336185,NA,1.8,NA
2507902,"Marlon Moore","CLE","WR",28,5,11,2.445,1.709,2.581,0.770746391493337,111,0.0350000000000001,0,0.872,NA,97.3,4.9,3.31402894129303,NA,-0.1,NA
2495258,"Matt Asiata","MIN","RB",28,4,5,2.425,1.855,2.695,0.742462120245875,82,0.1525,14,0.84,NA,67.9,7.1,4.46821082552638,NA,1.4,NA
2495288,"Virgil Green","DEN","TE",27,4,7,2.42,2.056,2.184,0.113137084989848,46,0.0774999999999997,6,0.128,NA,55,9.9,6.97193687084339,NA,0.8,NA
2495453,"Andre Holmes","OAK","WR",27,4,6,2.42,1.1,3.388,1.5274815874504,112,0.0199999999999996,0,2.288,NA,94.9,12.3,5.72743094331463,NA,3.3,NA
2540151,"Justin Hunter","TEN","WR",24,2,4,2.4,2.4,2.4,NA,113,0.02,0,0,NA,NA,NA,NA,NA,NA,NA
2540157,"Stedman Bailey","STL","WR",25,2,6,2.4,2.4,2.4,NA,113,0.0700000000000003,0,0,NA,NA,NA,NA,NA,NA,NA
2552403,"Nick OLeary","BUF","TE",23,0,8,2.37,0.237,2.133,1.67584307141212,47,0.0825,6,1.896,NA,29.2,7.3,7.0676365147994,NA,0,NA
2543828,"Quincy Enunwa","NYJ","WR",23,1,5,2.36,0.236,2.124,1.66877200360025,116,0.0800000000000001,0,1.888,NA,85.4,13.6,6.15842872600627,NA,6.9,NA
2552478,"Blake Bell","SF","TE",24,0,10,2.315,1.843,2.187,0.304055915910216,48,0.0799999999999996,6,0.344,NA,27.4,5.6,4.73118465806307,NA,0,NA
2507855,"Victor Cruz","NYG","WR",29,5,11,2.3,2.3,2.3,NA,117,0.0699999999999998,0,0,NA,NA,NA,NA,NA,NA,NA
2540011,"Chris Thompson","WAS","RB",25,2,8,2.3,2.3,2.3,NA,83,0.0975000000000001,14,0,NA,51.1,13.6,10.0605445096935,NA,7.2,NA
2552600,"Nelson Agholor","PHI","WR",22,0,8,2.26,1.676,2.556,0.58206528843421,118,0.0775000000000006,0,0.88,NA,71.3,8.2,3.94784987345325,NA,3.5,NA
2495835,"Anthony Fasano","TEN","TE",31,9,4,2.26,1.912,2.008,0.0848528137423856,49,0.0550000000000002,6,0.0959999999999999,NA,39.1,4.3,3.77619254452588,NA,2.1,NA
2550481,"Orleans Darkwa","NYG","RB",23,1,11,2.245,1.699,2.491,0.700035713374682,84,0.115,14,0.791999999999999,NA,67.3,6.1,4.07741891409862,NA,2.4,NA
2540200,"Dion Sims","MIA","TE",24,2,5,2.21,0.722,2.498,1.56977705423414,50,0.0199999999999996,6,1.776,NA,34.6,7.7,7.18757071367556,NA,0.8,NA
81288,"Brandon Gibson","NE","WR",28,6,4,2.2,2.2,2.2,NA,119,0.04,0,0,NA,NA,NA,NA,NA,NA,NA
497258,"Andrew Quarless","GB","TE",27,5,7,2.2,2.2,2.2,NA,51,0.0649999999999999,6,0,NA,48.6,11,12.3671307674101,NA,1.7,NA
497238,"Jermaine Gresham","ARI","TE",27,5,9,2.18,1.864,1.896,0.0282842712474619,52,0.106666666666667,6,0.032,NA,37.7,9.5,6.66064767367105,NA,0.7,NA
2552656,"J.J. Nelson","ARI","WR",23,0,9,2.165,0.773,2.957,1.93040151263928,120,0.0125000000000002,0,2.184,NA,66.4,13.9,6.45047228708604,NA,0,NA
2541544,"Benny Cunningham","STL","RB",25,2,6,2.16,1.776,2.576,0.504777178564959,85,0.0800000000000001,14,0.8,NA,71.9,7.6,4.48842518304531,NA,1.4,NA
2505790,"Wes Welker","STL","WR",34,11,6,2.155,0.4,2.248,1.25380753440603,121,0.0200000000000005,0,1.848,NA,99.3,14,5.90555009008616,NA,0.3,NA
2552424,"Phillip Dorsett","IND","WR",22,0,10,2.15,1.54,2.7,0.785811682275086,122,0.0399999999999996,0,1.16,NA,84.8,16.4,6.08836900405961,NA,2.9,NA
2506287,"Lance Moore","DET","WR",32,10,9,2.12,0.74,3.188,1.54181710977664,123,0.0366666666666666,0,2.448,NA,77.2,9.5,5.06707837477878,NA,0.6,NA
2504162,"Shayne Graham","FA","K",NA,NA,NA,2.1,0.21,1.89,1.48492424049175,32,1.1,0,1.68,NA,24.7,4.8,5.92672889802062,NA,10,NA
2540177,"Marquess Wilson","CHI","WR",23,2,7,2.1,2.1,2.1,NA,124,0.0500000000000003,0,0,NA,NA,NA,NA,NA,NA,NA
2540230,"Kyle Juszczyk","BAL","RB",24,2,9,2.1,0.75,1.95,1.06066017177982,86,0.04,14,1.2,NA,67.8,6.4,4.43005821748435,NA,5.5,NA
1992,"Craig Stevens","TEN","TE",31,7,4,2.09,2.09,2.09,NA,53,0.0766666666666667,6,0,NA,50,5.3,5.91921862641659,NA,0.8,NA
2532933,"Brian Quick","STL","WR",26,3,6,2.06666666666667,1.2,2.72,0.950438495292217,126,0.0900000000000003,0,1.52,NA,95.8,20.2,7.13935343683505,NA,0.6,NA
2530763,"Patrick DiMarco","ATL","RB",26,4,10,2.06,1.286,1.974,0.608111831820431,87,0.115,14,0.688,NA,83.9,9.4,5.21009773517195,NA,NA,NA
2536044,"Jamize Olawale","OAK","RB",26,3,6,2.06,0.206,1.854,1.45663996924429,87,0.245,14,1.648,NA,75.3,7.6,5.13249640595215,NA,NA,NA
2552397,"Clive Walford","OAK","TE",24,0,6,2.05666666666667,0.88,2.776,1.1914836689327,54,0.116666666666666,6,1.896,NA,22.4,4,4.71566967658716,NA,2.2,NA
2552418,"Justin Hardy","ATL","WR",24,0,10,2.03333333333333,0.96,2.88,1.20138808606267,127,0.120833333333333,0,1.92,NA,77.9,8.3,4.492642754382,NA,1.5,NA
2506194,"Nick Novak","HOU","K",NA,NA,9,2,0.4,2,1.15470053837925,33,2,0,1.6,NA,23.8,5.4,6.15623279565848,NA,10,NA
2552633,"Jesse James","PIT","TE",21,0,11,1.97,0.197,1.773,1.3930003589375,55,0.1925,6,1.576,NA,47.7,8.7,7.57599648785494,NA,0.3,NA
206,"Andre Caldwell","DEN","WR",30,7,7,1.92,1.132,2.572,0.910604195026577,128,0.0174999999999998,0,1.44,NA,116.3,13.4,5.47286882330192,NA,0,NA
497242,"Clay Harbor","JAC","TE",28,5,8,1.91,0.478,3.342,2.53144227664784,56,0.265833333333333,6,2.864,NA,56.4,6.4,7.41614470071107,NA,0.7,NA
2543646,"Bruce Ellington","SF","WR",24,1,10,1.905,1.201,2.009,0.714177848998413,129,0.0925000000000002,0,0.808,NA,120.7,8.5,4.13098476521938,NA,5.5,NA
2553432,"Kevin White","CHI","WR",22,0,7,1.9,1.9,1.9,NA,130,0.1775,0,0,NA,NA,NA,NA,NA,NA,NA
163982,"Will Johnson","PIT","RB",26,4,11,1.83,0.183,1.647,1.29400540957138,89,0.03,14,1.464,NA,83.3,6.6,4.6603664984009,NA,0,NA
2535890,"Travaris Cadet","SF","RB",26,3,10,1.8,1.8,1.8,NA,90,0.0199999999999998,14,0,NA,68.7,13.1,9.69846012630928,NA,13.5,NA
2550738,"Fitzgerald Toussaint","BAL","RB",25,1,9,1.8,1.8,1.8,NA,90,0.0425,14,0,NA,87.3,6.7,5.06378001899191,NA,0.6,NA
2539980,"Kerwynn Williams","ARI","RB",24,2,9,1.76,0.528,2.992,2.17788888605457,92,0.00583333333333336,14,2.464,NA,63.7,7.3,5.51189906767784,NA,1.8,NA
2534571,"Bobby Rainey","TB","RB",28,3,6,1.755,0.439,3.071,2.32638131010374,93,0.0283333333333331,14,2.632,NA,NA,NA,5.72646955260787,NA,0,NA
2495470,"Stevan Ridley","NYJ","RB",26,4,5,1.75333333333333,0.552,2.872,1.4610042208472,94,0.0683333333333336,14,2.32,NA,79.9,9.9,5.96824352770587,NA,3.6,NA
2531049,"Chris Matthews","BAL","WR",26,2,9,1.725,0.845,2.005,1.02530483272049,131,0.0150000000000001,0,1.16,NA,109,12.1,5.25712970257405,NA,7.9,NA
2543774,"Jared Abbrederis","GB","WR",25,1,7,1.72,0.172,1.548,1.21622366364086,132,0.0749999999999997,0,1.376,NA,65.7,12.8,5.58577197207912,NA,0.5,NA
2495306,"Ricardo Lockette","SEA","WR",29,4,9,1.7,1.7,1.7,NA,133,0.155,0,0,NA,NA,NA,NA,NA,NA,NA
2552453,"Tevin Coleman","ATL","RB",22,0,10,1.7,1.7,1.7,NA,95,0.0449999999999999,14,0,NA,70.1,17.7,13.0296364534436,NA,NA,NA
2539289,"Kenjon Barner","PHI","RB",26,2,8,1.67,0.446,2.894,2.16374675043084,96,0.0949999999999998,14,2.448,NA,73.3,6.6,5.2488708232944,NA,-0.7,NA
367,"Matt Flynn","NO","QB",30,7,11,1.662,0.1662,1.4958,1.17521147033204,41,1.371,7,1.3296,NA,35.7,0.9,3.41545805965135,NA,NA,NA
2552586,"Tyler Kroft","CIN","TE",23,0,7,1.645,0.669,2.021,1.19501046020527,57,0.0483333333333331,6,1.352,NA,25.9,4.4,4.94544705632313,NA,4.6,NA
2543721,"C.J. Fiedorowicz","HOU","TE",24,1,9,1.64333333333333,0.86,2.244,0.865813682805564,58,0.0958333333333334,6,1.384,NA,51.7,4.9,4.89830137001991,NA,0.6,NA
2552464,"Jalston Fowler","TEN","RB",NA,NA,4,1.64,0.704,1.536,0.735391052434009,97,0.145,14,0.832,NA,95.8,5.4,3.84788278576602,NA,NA,NA
2541966,"Jaron Brown","ARI","WR",25,2,9,1.59,0.159,1.431,1.12429978208661,134,0.0900000000000003,0,1.272,NA,105.6,22.4,7.8138703732911,NA,NA,NA
2536071,"Cooper Helfet","SEA","TE",26,4,9,1.55,0.155,1.395,1.09601551083915,59,0.0225000000000002,6,1.24,NA,40.8,5.6,5.52495353988427,NA,4.3,NA
2541834,"Josh Hill","NO","TE",25,2,11,1.545,0.889,1.601,0.629325035256027,60,0.0899999999999999,6,0.712,NA,39.6,6,5.28343940864542,NA,1.2,NA
2533028,"James Hanna","DAL","TE",26,3,6,1.51,0.151,1.359,1.06773123959169,61,0.11,6,1.208,NA,55.3,5,5.1572408543534,NA,1,NA
2495161,"Roy Helu","OAK","RB",27,4,6,1.51,0.398,2.622,1.9657568516986,99,0.0349999999999999,14,2.224,NA,97,14,7.79432679613386,NA,NA,NA
80670,"Louis Murphy","TB","WR",28,6,6,1.5,1.5,1.5,NA,135,0.0583333333333331,0,0,NA,NA,NA,NA,NA,NA,NA
2553434,"Devin Smith","NYJ","WR",NA,NA,5,1.5,1.5,1.5,NA,135,0.178333333333333,0,0,NA,NA,NA,NA,NA,NA,NA
2505936,"Steven Jackson","FA","RB",32,11,NA,1.48,0.14,1.948,1.15695001332527,100,0.0766666666666667,14,1.808,NA,60.7,6.5,4.53142049585618,NA,1.5,NA
2495314,"Bruce Miller","SF","RB",28,4,10,1.47,0.147,1.323,1.03944696834423,101,0.141666666666667,14,1.176,NA,68.6,9.2,5.42954072693823,NA,0,NA
497234,"Garrett Graham","HOU","TE",29,5,9,1.4,0.36,2.44,1.83847763108502,62,0.155,6,2.08,NA,NA,NA,6.27964130987231,NA,NA,NA
2550206,"Ryan Hewitt","CIN","TE",24,1,7,1.4,0.14,1.26,0.989949493661167,62,0.3975,6,1.12,NA,42,6,5.64488773876043,NA,NA,NA
2552652,"Chris Conley","KC","WR",23,0,9,1.38333333333333,0.94,1.54,0.419324854180304,137,0.285833333333333,0,0.6,NA,104.6,15,5.44399272837572,NA,NA,NA
2540178,"Knile Davis","KC","RB",24,2,9,1.33666666666667,0.188,2.82,1.79750753359571,102,0.0733333333333335,14,2.632,NA,80.7,12.7,7.20977238699999,NA,NA,NA
2543682,"Bishop Sankey","TEN","RB",23,1,4,1.32,0.328,2.28,1.22196562963121,103,0.124166666666667,14,1.952,NA,65.9,6,4.39437066095359,NA,5.4,NA
2539214,"Kenbrell Thompkins","NYJ","WR",27,2,5,1.26,1.26,1.26,NA,138,0.335,0,0,NA,94.6,17.8,9.36265822889586,NA,2.7,NA
2543502,"Tre Mason","STL","RB",22,1,6,1.20666666666667,0.676,2.42,1.10459645723374,104,0.0466666666666664,14,1.744,NA,70.3,8.4,5.18395616095692,NA,0.6,NA
497172,"Anthony Dixon","BUF","RB",28,5,8,1.185,0.607,1.463,0.756604255869606,105,0.0499999999999998,14,0.856,NA,82.3,8.1,4.83986438492508,NA,NA,NA
2506147,"John Kuhn","GB","RB",33,9,7,1.135,0.407,1.263,0.756604255869606,106,0.0125000000000002,14,0.856,NA,83.8,5.9,4.0432787414799,NA,0.3,NA
2543551,"KaDeem Carey","CHI","RB",23,1,7,1.135,0.283,1.987,1.50613744392735,107,0.0249999999999999,14,1.704,NA,84.6,7.8,5.23840539867983,NA,13.7,NA
2495340,"Anthony Sherman","KC","RB",27,4,9,1.11,0.651,1.059,0.360624458405139,108,0.02,14,0.408,NA,100.7,3.7,2.97875616962793,NA,NA,NA
2507737,"Darrel Young","WAS","RB",28,6,8,1.11,1.11,1.11,NA,108,0.0650000000000002,14,0,NA,91.8,1.5,1.29810243179654,NA,NA,NA
497246,"Michael Hoomanawanui","NO","TE",27,5,11,1.09,-0.431,0.921,1.19501046020527,64,0.219166666666667,6,1.352,NA,52.8,5.8,5.73729591574339,NA,7.7,NA
2533030,"Jonas Gray","JAC","RB",25,3,8,1.07,0.107,0.963,0.756604255869606,110,0.095,14,0.856,NA,60.8,6.3,4.18811249483357,NA,3.1,NA
2552636,"Michael Burton","DET","RB",23,0,9,1.02,0.642,0.978,0.29698484809835,111,0.1675,14,0.336,NA,89.5,1.1,1.99427548076371,NA,NA,NA
2535869,"Rod Streater","OAK","WR",27,3,6,0.935,0.323,1.547,1.08187337521542,140,0.0249999999999999,0,1.224,NA,NA,NA,3.98439365756458,NA,NA,NA
2540225,"Tommy Bohanon","NYJ","RB",25,2,5,0.93,0.0930000000000001,0.837,0.657609306503489,112,0.1675,15,0.744,NA,NA,NA,3.46814401317917,NA,NA,NA
2506897,"Devin Hester","ATL","WR",33,9,10,0.915,0.367,1.463,0.96873629022557,141,0.0449999999999999,0,1.096,NA,NA,NA,3.79412343391638,NA,0,NA
2541768,"Tim Wright","TB","TE",25,2,6,0.915,0.287,1.543,1.11015764646288,65,0.101666666666667,6,1.256,NA,61,4.3,4.80383975759798,NA,NA,NA
2543750,"Jeff Janis","GB","WR",24,1,7,0.905,0.901,0.909,0.00707106781186548,142,0.0825000000000001,0,0.00800000000000001,NA,88.9,20.4,6.39412037745123,NA,0,NA
2552420,"Keith Mumphery","HOU","WR",23,0,9,0.835,0.223,1.447,1.08187337521542,143,0.0299999999999999,0,1.224,NA,87.9,13.5,5.64090079508992,NA,0,NA
2507883,"Jeff Cumberland","NYJ","TE",28,5,5,0.826666666666667,0.164,1.62,0.952960299977566,66,0.126666666666667,6,1.456,NA,55.4,9.8,7.75711808768365,NA,NA,NA
2550198,"Bennie Fowler","DEN","WR",24,1,7,0.81,0.0810000000000001,0.729,0.572756492761104,144,0.01,0,0.648,NA,110.2,9.6,4.27622579705654,NA,1.3,NA
2535522,"Brian Tyms","NE","WR",26,3,4,0.8,0.8,0.8,NA,145,0.05,0,0,NA,NA,NA,NA,NA,NA,NA
2540005,"Marlon Brown","BAL","WR",24,2,9,0.8,0.8,0.8,NA,145,0.1075,0,0,NA,NA,NA,NA,NA,NA,NA
2543794,"Crockett Gillmore","BAL","TE",24,1,9,0.8,0.8,0.8,NA,67,0.2075,6,0,NA,NA,NA,NA,NA,NA,NA
2550512,"Damien Williams","MIA","RB",23,1,5,0.775,0.195,1.355,1.02530483272049,113,0.035,15,1.16,NA,81.5,8.7,5.23892935923162,NA,3.3,NA
2508096,"Tyler Clutts","DAL","RB",31,5,6,0.75,0.615,0.735,0.106066017177982,114,0.0349999999999999,15,0.12,NA,NA,NA,2.72174828404596,NA,NA,NA
230,"Jerome Felton","BUF","RB",29,7,8,0.73,0.0730000000000001,0.657,0.51618795026618,115,0.125,15,0.584,NA,NA,NA,3.2767604928886,NA,NA,NA
2533545,"Bernard Pierce","JAC","RB",24,3,8,0.7,0.7,0.7,NA,116,0.22,15,0,NA,NA,NA,NA,NA,NA,NA
2543491,"Paul Richardson","SEA","WR",23,1,9,0.7,0.7,0.7,NA,147,0.0325000000000001,0,0,NA,NA,NA,NA,NA,NA,NA
2543590,"Cody Latimer","DEN","WR",23,1,7,0.685,0.593,0.777,0.162634559672906,148,0.16,0,0.184,NA,100.6,21.4,6.76507653949781,NA,NA,NA
2495558,"Dwayne Bowe","CLE","WR",31,8,11,0.65,0.34,0.94,0.377491721763538,149,0.33,0,0.6,NA,100.4,12.2,4.73640886295376,NA,0,NA
2506619,"Daniel Fells","NYG","TE",32,9,11,0.6,0.6,0.6,NA,68,0.0425000000000001,6,0,NA,NA,NA,NA,NA,NA,NA
89766,"Brandon Myers","TB","TE",30,6,6,0.585,0.173,0.997,0.728319984622144,69,0.1075,6,0.824,NA,NA,NA,4.05425355190929,NA,NA,NA
2533353,"Cory Harkey","STL","TE",25,3,6,0.53,0.053,0.477,0.37476659402887,70,0.1825,6,0.424,NA,NA,NA,3.3455313359975,NA,NA,NA
2543695,"Jay Prosch","HOU","RB",23,1,9,0.51,0.051,0.459,0.360624458405139,117,0.14,15,0.408,NA,94,7,4.17363463479569,NA,NA,NA
2534871,"Derrick Coleman","SEA","RB",25,3,9,0.45,0.045,0.405,0.318198051533946,118,0.205,15,0.36,NA,69.3,6.1,3.81905116170635,NA,NA,NA
2552401,"MyCole Pruitt","MIN","TE",23,0,5,0.425,0.125,0.725,0.530330085889911,71,0.255,6,0.6,NA,59,5.3,4.78829386870764,NA,NA,NA
2552470,"Sammie Coates","PIT","WR",22,0,11,0.4,0.0800000000000001,0.72,0.565685424949238,150,0.215,0,0.64,NA,NA,NA,3.11628576216968,NA,NA,NA
2533033,"Robert Griffin","WAS","QB",25,3,8,0.32,0.032,0.288,0.226274169979695,42,0.0619999999999999,7,0.256,NA,NA,NA,3.29742663509623,NA,NA,NA
2550263,"Juwan Thompson","DEN","RB",23,1,7,0.29,0.122,0.458,0.29698484809835,119,0.14,15,0.336,NA,71.5,13,6.30307964303534,NA,NA,NA
2540203,"Levine Toilolo","ATL","TE",24,2,10,0.27,0.086,0.454,0.325269119345812,73,0.205,6,0.368,NA,55.8,5.1,4.46964316046176,NA,NA,NA
2539335,"Geno Smith","NYJ","QB",25,2,5,0.262,0.0262,0.2358,0.185261976670875,43,0.019,7,0.2096,NA,41,3.3,4.1645860206876,NA,NA,NA
252,"Chad Henne","JAC","QB",30,7,8,0.254,0.0254,0.2286,0.179605122421383,44,0.027,7,0.2032,NA,35.5,1.5,3.17615393375992,NA,NA,NA
2495315,"Denarius Moore","FA","WR",27,4,NA,0.24,0.024,0.216,0.169705627484771,151,0.115,0,0.192,NA,NA,NA,2.45033997940098,NA,NA,NA
79858,"Mark Sanchez","PHI","QB",29,6,8,0.232,0.0232,0.2088,0.164048773235279,45,0.02,7,0.1856,NA,35.6,8.9,7.21757684212925,NA,NA,NA
2539275,"Mike Glennon","TB","QB",26,2,6,0.222,0.0222,0.1998,0.156977705423414,46,0.028,7,0.1776,NA,42.5,4.5,4.80526232318997,NA,NA,NA
2539228,"EJ Manuel","BUF","QB",25,2,8,0.202,0.0202,0.1818,0.142835569799683,47,0.024,7,0.1616,NA,NA,NA,3.20227131996248,NA,NA,NA
2540224,"Mike James","FA","RB",24,2,NA,0.2,0.02,0.18,0.14142135623731,120,0.1,15,0.16,NA,NA,NA,2.7695941641186,NA,NA,NA
2533349,"Austin Davis","CLE","QB",26,3,11,0.186,0.0186,0.1674,0.131521861300698,48,0.023,7,0.1488,NA,50,7,6.1590894431617,NA,NA,NA
2542065,"Matt McGloin","OAK","QB",26,2,6,0.17,0.017,0.153,0.120208152801713,49,0.038,7,0.136,NA,47.5,3.5,4.23695896280771,NA,NA,NA
2532842,"Nick Foles","STL","QB",26,3,6,0.156,0.0156,0.1404,0.110308657865101,50,0.048,7,0.1248,NA,36.9,12.2,8.99314549059783,NA,NA,NA
318,"Jerome Simpson","SF","WR",29,7,10,0.13,0.13,0.13,NA,152,0.015,0,0,NA,114.6,8.9,5.08807040636157,NA,NA,NA
2543759,"Ryan Grant","WAS","WR",25,1,8,0.12,0.012,0.108,0.0848528137423857,153,0.00999999999999998,0,0.096,NA,108.7,15.2,5.21076977373039,NA,2.4,NA
2495192,"Greg Little","FA","WR",26,4,NA,0.11,0.011,0.099,0.0777817459305202,154,0.005,0,0.088,NA,NA,NA,2.29574542268682,NA,NA,NA
2534436,"Deonte Thompson","CHI","WR",26,3,7,0.11,0.11,0.11,NA,154,0.02,0,0,NA,113.5,4.7,3.07084918673865,NA,NA,NA
2504833,"Shaun Hill","MIN","QB",NA,NA,5,0.108,0.0108,0.0972,0.0763675323681471,51,0.028,7,0.0864,NA,51,7.3,6.29184088561316,NA,-0.4,NA
2506895,"Kellen Clemens","SD","QB",32,9,10,0.108,0.0108,0.0972,0.0763675323681471,51,0.056,7,0.0864,NA,43.5,1.5,3.1172866625331,NA,NA,NA
2553511,"John Crockett","GB","RB",23,0,7,0.1,0.01,0.09,0.0707106781186548,121,1.38777878078145e-17,15,0.08,NA,NA,NA,2.67390240397331,NA,-0.1,NA
2553660,"Akeem Hunt","NYG","RB",22,0,11,0.1,0.01,0.09,0.0707106781186548,121,0.02,15,0.08,NA,67,6.8,3.90504964982103,NA,0.9,NA
2535966,"Brenton Bersin","CAR","WR",25,2,5,0.1,0.01,0.09,0.0707106781186548,156,0.025,0,0.08,NA,NA,NA,2.28385353370881,NA,NA,NA
2553486,"Trey Williams","WAS","RB",23,0,8,0.1,0.1,0.1,NA,123,0.045,15,0,NA,89,6,4.55686188225407,NA,NA,NA
2530720,"Joseph Morgan","FA","WR",27,4,NA,0.08,0.00800000000000001,0.072,0.0565685424949238,157,0.01,0,0.064,NA,NA,NA,2.26006975575278,NA,NA,NA
2539327,"Joseph Fauria","FA","TE",25,2,NA,0.07,0.00700000000000001,0.063,0.0494974746830583,74,0.015,6,0.056,NA,NA,NA,2.69350689735865,NA,NA,NA
2540261,"Corey Fuller","DET","WR",25,2,9,0.07,0.00700000000000001,0.063,0.0494974746830583,158,0.00499999999999999,0,0.056,NA,129,5,2.73155714174324,NA,NA,NA
2543641,"Devin Street","DAL","WR",24,1,6,0.07,0.07,0.07,NA,158,0.01,0,0,NA,88.5,19.3,10.0830943787612,NA,0,NA
2532926,"Isaiah Pead","FA","RB",26,3,NA,0.06,0.00600000000000001,0.054,0.0424264068711929,124,0.015,15,0.048,NA,NA,NA,2.6356256999152,NA,NA,NA
81306,"Brandon Tate","CIN","WR",28,6,7,0.06,0.00600000000000001,0.054,0.0424264068711929,160,0,0,0.048,NA,NA,NA,2.23628597779676,NA,0,NA
2495234,"Luke Stocker","TB","TE",27,4,6,0.06,0.06,0.06,NA,75,0.01,6,0,NA,68.7,2.1,2.2993381262097,NA,0.7,NA
2541785,"Adam Thielen","MIN","WR",25,1,5,0.06,0.06,0.06,NA,160,0.005,0,0,NA,119,6.7,4.03143071989242,NA,0.5,NA
2552650,"Mario Alford","CIN","WR",NA,NA,7,0.06,0.00600000000000001,0.054,0.0424264068711929,160,0.02,0,0.048,NA,NA,NA,2.23628597779676,NA,NA,NA
2495748,"Drew Stanton","ARI","QB",31,8,9,0.052,0.0052,0.0468,0.0367695526217005,53,0.003,7,0.0416,NA,43.3,8.3,6.81659859330709,NA,-0.04,NA
2539287,"Landry Jones","PIT","QB",26,2,11,0.052,0.0052,0.0468,0.0367695526217005,53,0.006,7,0.0416,NA,47.5,4.5,4.73671824025463,NA,NA,NA
2495472,"Jordan Todman","PIT","RB",25,4,11,0.05,0.005,0.045,0.0353553390593274,125,0.015,15,0.04,NA,84,5,3.2293748196932,NA,NA,NA
2540232,"Jack Doyle","IND","TE",25,2,10,0.05,0.005,0.045,0.0353553390593274,76,0,6,0.04,NA,68.7,4.2,3.67002135659633,NA,0.7,NA
2541187,"Demetrius Harris","KC","TE",24,2,9,0.05,0.005,0.045,0.0353553390593274,76,0,6,0.04,NA,55.4,2.8,2.87817249717607,NA,NA,NA
2550454,"Asante Cleveland","SF","TE",23,1,10,0.05,0.005,0.045,0.0353553390593274,76,0.005,6,0.04,NA,NA,NA,2.66515800872218,NA,NA,NA
2552654,"Geremy Davis","NYG","WR",23,0,11,0.05,0.005,0.045,0.0353553390593274,164,0.03,0,0.04,NA,NA,NA,2.22439408881874,NA,NA,NA
2552660,"Randall Telfer","CLE","TE",23,0,11,0.05,0.05,0.05,NA,76,0.01,6,0,NA,NA,NA,NA,NA,NA,NA
2495425,"Scott Tolzien","GB","QB",28,4,7,0.046,0.00460000000000001,0.0414,0.0325269119345812,55,0.001,7,0.0368,NA,40.7,1.7,3.20175561928886,NA,0.16,NA
2506546,"Derek Anderson","CAR","QB",32,10,5,0.046,0.00460000000000001,0.0414,0.0325269119345812,55,0.01,7,0.0368,NA,39.6,5.6,5.33636966584269,NA,NA,NA
81284,"Chase Daniel","KC","QB",29,6,9,0.044,0.0044,0.0396,0.0311126983722081,57,0.024,7,0.0352,NA,52.5,4.5,4.7334926363518,NA,NA,NA
71435,"John Phillips","SD","TE",28,6,10,0.04,0.004,0.036,0.0282842712474619,80,0,6,0.032,NA,NA,NA,2.65098356440395,NA,0.9,NA
2507182,"Matt Spaeth","PIT","TE",31,8,11,0.04,0.004,0.036,0.0282842712474619,80,0,6,0.032,NA,62.7,8.7,6.20816261114518,NA,NA,NA
2536532,"Jorvorskie Lane","TB","RB",28,3,6,0.04,0.004,0.036,0.0282842712474619,126,0.015,15,0.032,NA,NA,NA,2.61648734788614,NA,NA,NA
2551359,"Jerome Cunningham","NYG","TE",24,1,11,0.04,0.004,0.036,0.0282842712474619,80,0.005,6,0.032,NA,50.9,6.4,4.90726805638333,NA,2.1,NA
2552559,"C.J. Uzomah","CIN","TE",22,0,7,0.04,0.04,0.04,NA,80,0.015,6,0,NA,62,10,11.2359181110955,NA,NA,NA
79589,"David Johnson","SD","TE",28,6,10,0.03,0.003,0.027,0.0212132034355964,84,0.01,6,0.024,NA,NA,NA,2.63680912008571,NA,-2.6,NA
497286,"Marcus Easley","BUF","WR",28,5,8,0.03,0.003,0.027,0.0212132034355964,165,0.02,0,0.024,NA,96.1,14.4,4.96513996669858,NA,NA,NA
2539265,"Rex Burkhead","CIN","RB",25,2,7,0.03,0.003,0.027,0.0212132034355964,127,0.015,15,0.024,NA,91.8,5.8,3.50947315038601,NA,0.8,NA
2506481,"Dan Orlovsky","DET","QB",32,10,9,0.028,0.0028,0.0252,0.0197989898732233,58,0.016,7,0.0224,NA,42.5,3.5,4.17970449353231,NA,NA,NA
2534437,"Austin Johnson","NO","RB",26,2,11,0.02,0.002,0.018,0.014142135623731,128,0.01,15,0.016,NA,90.5,4.5,3.03397886397932,NA,1.9,NA
2543628,"Troy Niklas","ARI","TE",23,1,9,0.02,0.002,0.018,0.014142135623731,85,0,6,0.016,NA,45.5,9,6.36367006527415,NA,NA,NA
2550284,"Trey Burton","PHI","TE",24,1,8,0.02,0.002,0.018,0.014142135623731,85,0.01,6,0.016,NA,NA,NA,2.62263467576747,NA,NA,NA
2550355,"Nic Jacobs","JAC","TE",24,1,8,0.02,0.002,0.018,0.014142135623731,85,0.02,6,0.016,NA,NA,NA,2.62263467576747,NA,NA,NA
2507282,"Matt Moore","MIA","QB",31,8,5,0.012,0.0012,0.0108,0.00848528137423857,59,0,7,0.0096,NA,45.3,1.9,3.29751418970455,NA,NA,NA
2539961,"Ryan Nassib","NYG","QB",25,2,11,0.012,0.0012,0.0108,0.00848528137423857,59,0.002,7,0.0096,NA,42.5,7.5,6.36260102578185,NA,6.72,NA
2543751,"David Fales","CHI","QB",25,1,7,0.012,0.0012,0.0108,0.00848528137423857,59,0.008,7,0.0096,NA,NA,NA,3.04905513457761,NA,NA,NA
2527672,"Will Tukuafu","SEA","RB",31,5,9,0.01,0.01,0.01,NA,129,0,15,0,NA,NA,NA,NA,NA,-3.5,NA
2541828,"Frankie Hammond","KC","WR",NA,NA,9,0.01,0.001,0.009,0.00707106781186548,166,0.005,0,0.008,NA,NA,NA,2.1768265329067,NA,0,NA
2541910,"George Winn","DET","RB",25,2,9,0.01,0.001,0.009,0.00707106781186548,129,0.005,15,0.008,NA,NA,NA,2.58777981984256,NA,NA,NA
2541944,"Russell Shepard","TB","WR",25,2,6,0.01,0.01,0.01,NA,166,0.01,0,0,NA,123,9.1,5.18412855967695,NA,1.8,NA
2552477,"Aaron Ripkowski","GB","RB",NA,NA,7,0.01,0.001,0.009,0.00707106781186548,129,0.01,15,0.008,NA,NA,NA,2.58777981984256,NA,NA,NA
2543801,"Jimmy Garoppolo","NE","QB",24,1,4,0.008,0.000800000000000001,0.0072,0.00565685424949238,62,0.008,7,0.0064,NA,39.7,1.2,2.91276553324347,NA,NA,NA
184,"Donnie Avery","FA","WR",31,7,NA,0,0,0,NA,168,0,0,0,NA,NA,NA,NA,NA,NA,NA
216,"Fred Davis","FA","TE",29,7,NA,0,0,0,NA,88,0,6,0,NA,NA,NA,NA,NA,NA,NA
262,"Chris Johnson","ARI","RB",30,7,9,0,0,0,NA,133,0,0,0,NA,NA,NA,NA,NA,NA,NA
382,"Joe Flacco","BAL","QB",30,7,9,0,0,0,NA,64,0,7,0,NA,NA,NA,NA,NA,NA,NA
832,"Josh Morgan","FA","WR",30,7,NA,0,0,0,NA,168,0,0,0,NA,NA,NA,NA,NA,NA,NA
925,"Jamaal Charles","KC","RB",29,7,9,0,0,0,NA,133,0,0,0,NA,NA,NA,NA,NA,NA,NA
927,"Justin Forsett","BAL","RB",30,7,9,0,0,0,NA,133,0,0,0,NA,NA,NA,NA,NA,NA,NA
929,"BenJarvus Green-Ellis","FA","RB",30,7,NA,0,0,0,NA,133,0,0,0,NA,NA,NA,NA,NA,NA,NA
941,"Ray Rice","FA","RB",28,7,NA,0,0,0,NA,133,0,0,0,NA,NA,NA,NA,NA,NA,NA
1030,"Mario Manningham","FA","WR",29,7,NA,0,0,0,NA,168,0,0,0,NA,NA,NA,NA,NA,NA,NA
1032,"Jordy Nelson","GB","WR",30,7,7,0,0,0,NA,168,0,0,0,NA,NA,NA,NA,NA,NA,NA
1062,"Martellus Bennett","CHI","TE",28,7,7,0,0,0,NA,88,0,6,0,NA,NA,NA,NA,NA,NA,NA
1072,"Jermichael Finley","FA","TE",28,7,NA,0,0,0,NA,88,0,6,0,NA,NA,NA,NA,NA,NA,NA
1966,"John Carlson","FA","TE",31,7,NA,0,0,0,NA,88,0,6,0,NA,NA,NA,NA,NA,NA,NA
1980,"Peyton Hillis","FA","RB",29,7,NA,0,0,0,NA,133,0,0,0,NA,NA,NA,NA,NA,NA,NA
4231,"Jed Collins","FA","RB",29,7,NA,0,0,0,NA,133,0,0,0,NA,NA,NA,NA,NA,NA,NA
4381,"Garrett Hartley","FA","K",29,7,NA,0,0,0,NA,34,0,0,0,NA,NA,NA,NA,NA,NA,NA
4487,"Matthew Slater","NE","WR",30,7,4,0,0,0,NA,168,0,0,0,NA,NA,NA,NA,NA,NA,NA
71247,"James Casey","FA","TE",31,6,NA,0,0,0,0,88,0,6,0,NA,NA,NA,2.594285787131,NA,NA,NA
71255,"Chase Coffman","FA","TE",29,6,NA,0,0,0,0,88,0,6,0,NA,NA,NA,2.594285787131,NA,NA,NA
71431,"Brandon Pettigrew","DET","TE",30,6,9,0,0,0,NA,88,0,6,0,NA,NA,NA,NA,NA,NA,NA
79555,"Arian Foster","HOU","RB",29,6,9,0,0,0,NA,133,0,0,0,NA,NA,NA,NA,NA,NA,NA
79557,"Josh Freeman","FA","QB",27,6,NA,0,0,0,NA,64,0,7,0,NA,NA,NA,NA,NA,NA,NA
79563,"Shonn Greene","FA","RB",30,6,NA,0,0,0,NA,133,0,0,0,NA,NA,NA,NA,NA,NA,NA
79619,"Knowshon Moreno","FA","RB",28,6,NA,0,0,0,NA,133,0,0,0,NA,NA,NA,NA,NA,NA,NA
79625,"Bear Pascoe","DET","TE",29,6,9,0,0,0,0,88,0,6,0,NA,NA,NA,2.594285787131,NA,NA,NA
79629,"Cedric Peerman","CIN","RB",29,6,7,0,0,0,0,133,0,15,0,NA,NA,NA,2.57821064382803,NA,NA,NA
80674,"Chris Ogbonnaya","FA","RB",29,6,NA,0,0,0,NA,133,0,0,0,NA,NA,NA,NA,NA,NA,NA
81831,"Brian Hartline","CLE","WR",29,6,11,0,0,0,NA,168,0,0,0,NA,NA,NA,NA,NA,NA,NA
81857,"Kevin Ogletree","FA","WR",28,6,NA,0,0,0,NA,168,0,0,0,NA,NA,NA,NA,NA,NA,NA
89798,"Antone Smith","CHI","RB",30,6,7,0,0,0,0,133,0,15,0,NA,NA,NA,2.57821064382803,NA,NA,NA
238498,"Julian Edelman","NE","WR",29,6,4,0,0,0,NA,168,0,0,0,NA,65,27.8,14.1655658946647,NA,NA,NA
496812,"Erik Lorig","FA","RB",29,5,NA,0,0,0,NA,133,0,0,0,NA,NA,NA,NA,NA,NA,NA
497121,"Thad Lewis","PHI","QB",28,5,8,0,0,0,0,64,0,7,0,NA,NA,NA,3.03937832286909,NA,NA,NA
497123,"Colt McCoy","WAS","QB",29,5,8,0,0,0,0,64,0,7,0,NA,41,5,4.98942028239308,NA,NA,NA
497135,"Tim Tebow","FA","QB",28,5,NA,0,0,0,NA,64,0,7,0,NA,NA,NA,NA,NA,NA,NA
497174,"Jonathan Dwyer","FA","RB",26,5,NA,0,0,0,NA,133,0,0,0,NA,NA,NA,NA,NA,NA,NA
497190,"Dexter McCluster","TEN","RB",27,5,4,0,0,0,NA,133,0,0,0,NA,NA,NA,NA,NA,NA,NA
497192,"Joe McKnight","FA","RB",27,5,NA,0,0,0,NA,133,0,0,0,NA,NA,NA,NA,NA,NA,NA
497218,"Trindon Holliday","FA","WR",29,5,NA,0,0,0,NA,168,0,0,0,NA,NA,NA,NA,NA,NA,NA
497236,"Jimmy Graham","SEA","TE",29,5,9,0,0,0,NA,88,0,6,0,NA,NA,NA,NA,NA,NA,NA
497250,"Anthony McCoy","SEA","TE",28,5,9,0,0,0,NA,88,0,6,0,NA,NA,NA,NA,NA,NA,NA
497254,"Dennis Pitta","BAL","TE",30,5,9,0,0,0,NA,88,0,6,0,NA,NA,NA,NA,NA,NA,NA
497256,"Tony Moeaki","ATL","TE",28,5,10,0,0,0,NA,88,0,6,0,NA,NA,NA,NA,NA,NA,NA
497260,"Seyi Ajirotutu","PHI","WR",28,5,8,0,0,0,0,168,0,0,0,NA,NA,NA,2.16493464392868,NA,NA,NA
497288,"Jacoby Ford","FA","WR",28,5,NA,0,0,0,NA,168,0,0,0,NA,NA,NA,NA,NA,NA,NA
497312,"Preston Parker","FA","WR",28,5,NA,0,0,0,0,168,0,0,0,NA,NA,NA,2.16493464392868,NA,NA,NA
1037347,"Joe Webb","CAR","QB",29,5,5,0,0,0,NA,64,0,7,0,NA,NA,NA,NA,NA,NA,NA
1037366,"Michael Palmer","FA","TE",27,5,NA,0,0,0,NA,88,0,6,0,NA,NA,NA,NA,NA,NA,NA
1037847,"Deji Karim","FA","RB",29,5,NA,0,0,0,NA,133,0,0,0,NA,NA,NA,NA,NA,NA,NA
2495158,"Leonard Hankerson","FA","WR",27,4,NA,0,0,0,0,168,0,0,0,NA,NA,NA,2.16493464392868,NA,NA,NA
2495162,"Alex Henery","FA","K",28,4,NA,0,0,0,NA,34,0,0,0,NA,NA,NA,NA,NA,NA,NA
2495172,"Kendall Hunter","FA","RB",27,4,NA,0,0,0,NA,133,0,0,0,NA,97,9.9,7.38112007265059,NA,NA,NA
2495179,"Jerrel Jernigan","FA","WR",26,4,NA,0,0,0,NA,168,0,0,0,NA,NA,NA,NA,NA,NA,NA
2495186,"Colin Kaepernick","SF","QB",28,4,10,0,0,0,NA,64,0,7,0,NA,NA,NA,NA,NA,NA,NA
2495194,"Jake Locker","FA","QB",27,4,NA,0,0,0,NA,64,0,7,0,NA,NA,NA,NA,NA,NA,NA
2495211,"Niles Paul","WAS","TE",26,4,8,0,0,0,NA,88,0,6,0,NA,NA,NA,NA,NA,NA,NA
2495212,"Austin Pettis","FA","WR",27,4,NA,0,0,0,NA,168,0,0,0,NA,NA,NA,NA,NA,NA,NA
2495215,"Christian Ponder","FA","QB",27,4,NA,0,0,0,0,64,0,7,0,NA,NA,NA,3.03937832286909,NA,NA,NA
2495331,"Aldrick Robinson","FA","WR",27,4,NA,0,0,0,NA,168,0,0,0,NA,NA,NA,NA,NA,NA,NA
2495449,"Tandon Doss","FA","WR",26,4,NA,0,0,0,NA,168,0,0,0,NA,NA,NA,NA,NA,NA,NA
2495466,"Mark Ingram","NO","RB",26,4,11,0,0,0,NA,133,0,0,0,NA,NA,NA,NA,NA,NA,NA
2495468,"Mikel Leshoure","FA","RB",25,4,NA,0,0,0,NA,133,0,0,0,NA,NA,NA,NA,NA,NA,NA
2495469,"Dion Lewis","NE","RB",25,4,4,0,0,0,NA,133,0,0,0,NA,NA,NA,NA,NA,NA,NA
2495471,"Jacquizz Rodgers","CHI","RB",25,4,7,0,0,0,NA,133,0,0,0,NA,NA,NA,NA,NA,NA,NA
2495560,"Ahmad Bradshaw","IND","RB",29,8,10,0,0,0,NA,133,0,0,0,NA,NA,NA,NA,NA,NA,NA
2495651,"Jacoby Jones","PIT","WR",31,8,11,0,0,0,NA,168,0,0,0,NA,NA,NA,NA,NA,NA,NA
2495660,"Brian Leonard","FA","RB",31,8,NA,0,0,0,NA,133,0,0,0,NA,NA,NA,NA,NA,NA,NA
2495663,"Marshawn Lynch","SEA","RB",29,8,9,0,0,0,NA,133,0,0,0,NA,NA,NA,NA,NA,NA,NA
2495676,"Robert Meachem","FA","WR",31,8,NA,0,0,0,NA,168,0,0,0,NA,NA,NA,NA,NA,NA,NA
2495724,"Dante Rosario","FA","TE",31,8,NA,0,0,0,NA,88,0,6,0,NA,NA,NA,NA,NA,NA,NA
2495801,"Miles Austin","FA","WR",31,9,NA,0,0,0,0,168,0,0,0,NA,NA,NA,2.16493464392868,NA,NA,NA
2495838,"Bruce Gradkowski","PIT","QB",32,9,11,0,0,0,NA,64,0,7,0,NA,NA,NA,NA,NA,NA,NA
2495843,"Derek Hagan","FA","WR",31,9,NA,0,0,0,NA,168,0,0,0,NA,NA,NA,NA,NA,NA,NA
2499248,"Kris Durham","FA","WR",27,4,NA,0,0,0,NA,168,0,0,0,NA,NA,NA,NA,NA,NA,NA
2499255,"Richard Gordon","BAL","TE",28,4,9,0,0,0,NA,88,0,6,0,NA,60,4,4.44864217320754,NA,NA,NA
2499277,"David Ausberry","FA","TE",28,4,NA,0,0,0,NA,88,0,6,0,NA,NA,NA,NA,NA,NA,NA
2501863,"Peyton Manning","DEN","QB",39,17,7,0,0,0,NA,64,0,7,0,NA,NA,NA,NA,NA,NA,NA
2504343,"Jay Feely","FA","K",39,16,NA,0,0,0,NA,34,0,0,0,NA,NA,NA,NA,NA,NA,NA
2504531,"Michael Vick","PIT","QB",35,14,11,0,0,0,0,64,0,7,0,NA,NA,NA,3.03937832286909,NA,NA,NA
2504595,"Steve Smith","BAL","WR",36,14,9,0,0,0,NA,168,0,0,0,NA,NA,NA,NA,NA,NA,NA
2504743,"Santana Moss","FA","WR",36,14,NA,0,0,0,NA,168,0,0,0,NA,NA,NA,NA,NA,NA,NA
2504941,"Billy Cundiff","FA","K",35,13,NA,0,0,0,0,34,0,0,0,NA,NA,NA,1.26138397261336,NA,NA,NA
2505310,"Kassim Osgood","FA","WR",35,12,NA,0,0,0,NA,168,0,0,0,NA,NA,NA,NA,NA,NA,NA
2505354,"Tony Romo","DAL","QB",35,12,6,0,0,0,NA,64,0,7,0,NA,NA,NA,NA,NA,NA,NA
2506053,"Luke McCown","NO","QB",34,11,11,0,0,0,NA,64,0,7,0,NA,NA,NA,NA,NA,NA,NA
2506149,"Shaun Suisham","PIT","K",NA,NA,11,0,0,0,NA,34,0,0,0,NA,NA,NA,NA,NA,NA,NA
2506222,"Josh Cribbs","FA","WR",32,10,NA,0,0,0,NA,168,0,0,0,NA,NA,NA,NA,NA,NA,NA
2506341,"Ronnie Brown","FA","RB",34,10,NA,0,0,0,NA,133,0,0,0,NA,NA,NA,NA,NA,NA,NA
2506364,"Jason Campbell","FA","QB",34,10,NA,0,0,0,NA,64,0,7,0,NA,NA,NA,NA,NA,NA,NA
2506410,"Alex Smith","WAS","TE",33,10,8,0,0,0,NA,88,0,6,0,NA,66.5,3.5,3.88303584505021,NA,0,NA
2506444,"Kyle Orton","FA","QB",33,10,NA,0,0,0,NA,64,0,7,0,NA,NA,NA,NA,NA,NA,NA
2506874,"Reggie Bush","SF","RB",30,9,10,0,0,0,NA,133,0,0,0,NA,NA,NA,NA,NA,NA,NA
2506885,"Santonio Holmes","FA","WR",31,9,NA,0,0,0,NA,168,0,0,0,NA,NA,NA,NA,NA,NA,NA
2507029,"Eric Weems","ATL","WR",30,8,10,0,0,0,NA,168,0,0,0,NA,126,10,5.61639024959615,NA,NA,NA
2507170,"Zach Miller","FA","TE",30,8,NA,0,0,0,NA,88,0,6,0,NA,10,2.5,2.75182318873556,NA,NA,NA
2507170,"Zach Miller","FA","TE",30,8,NA,0,0,0,NA,88,0,6,0,NA,10.5,1.5,1.6206105324209,NA,NA,NA
2507192,"Michael Bush","FA","RB",31,8,NA,0,0,0,NA,133,0,0,0,NA,NA,NA,NA,NA,NA,NA
2507225,"Nick Folk","NYJ","K",31,8,5,0,0,0,NA,34,0,0,0,NA,NA,NA,NA,NA,NA,NA
2507237,"Jordan Palmer","FA","QB",31,8,NA,0,0,0,NA,64,0,7,0,NA,NA,NA,NA,NA,NA,NA
2507278,"Jackie Battle","FA","RB",32,8,NA,0,0,0,NA,133,0,0,0,NA,NA,NA,NA,NA,NA,NA
2507405,"Matthew Mulligan","FA","TE",30,7,NA,0,0,0,0,88,0,6,0,NA,NA,NA,2.594285787131,NA,NA,NA
2507596,"Marcus Thigpen","BUF","RB",29,6,8,0,0,0,NA,133,0,0,0,NA,NA,NA,NA,NA,NA,NA
2507828,"Logan Paulsen","WAS","TE",28,5,8,0,0,0,NA,88,0,6,0,NA,NA,NA,NA,NA,NA,NA
2507884,"David Nelson","PIT","WR",29,5,11,0,0,0,NA,168,0,0,0,NA,NA,NA,NA,NA,NA,NA
2507897,"Alfonso Smith","FA","RB",28,5,NA,0,0,0,NA,133,0,0,0,NA,NA,NA,NA,NA,NA,NA
2508051,"John Conner","FA","RB",28,5,NA,0,0,0,NA,133,0,0,0,NA,NA,NA,NA,NA,NA,NA
2508101,"James Develin","NE","RB",27,5,4,0,0,0,NA,133,0,0,0,NA,NA,NA,NA,NA,NA,NA
2508112,"Rob Housler","CHI","TE",27,4,7,0,0,0,NA,88,0,6,0,NA,NA,NA,NA,NA,NA,NA
2508115,"Vincent Brown","SD","WR",26,4,10,0,0,0,0,168,0,0,0,NA,NA,NA,2.16493464392868,NA,NA,NA
2508123,"T.J. Yates","HOU","QB",28,4,9,0,0,0,NA,64,0,7,0,NA,NA,NA,NA,NA,NA,NA
2530516,"Robert Hughes","FA","RB",26,4,NA,0,0,0,NA,133,0,15,0,NA,NA,NA,NA,NA,NA,NA
2530575,"Drew Davis","FA","WR",26,3,NA,0,0,0,NA,168,0,0,0,NA,NA,NA,NA,NA,NA,NA
2530598,"Jeremy Ross","OAK","WR",27,4,6,0,0,0,NA,168,0,0,0,NA,NA,NA,NA,NA,0,NA
2530699,"Henry Hynoski","FA","RB",27,4,NA,0,0,0,NA,133,0,15,0,NA,NA,NA,NA,NA,NA,NA
2530713,"Jeff Maehl","FA","WR",26,4,NA,0,0,0,NA,168,0,0,0,NA,NA,NA,NA,NA,NA,NA
2531218,"Chase Reynolds","STL","RB",28,3,6,0,0,0,NA,133,0,15,0,NA,NA,NA,NA,NA,NA,NA
2532799,"Jarrett Boykin","FA","WR",26,3,NA,0,0,0,NA,168,0,0,0,NA,NA,NA,NA,NA,NA,NA
2532807,"Ryan Broyles","FA","WR",27,3,NA,0,0,0,NA,168,0,0,0,NA,NA,NA,NA,NA,NA,NA
2532823,"Juron Criner","FA","WR",26,3,NA,0,0,0,NA,168,0,0,0,NA,NA,NA,NA,NA,NA,NA
2532850,"T.J. Graham","NO","WR",26,3,11,0,0,0,0,168,0,0,0,NA,133.5,9.5,3.77058975511819,NA,NA,NA
2532851,"Cyrus Gray","FA","RB",26,3,NA,0,0,0,NA,133,0,15,0,NA,NA,NA,NA,NA,NA,NA
2532862,"Junior Hemingway","FA","WR",27,3,NA,0,0,0,NA,168,0,0,0,NA,NA,NA,NA,NA,NA,NA
2532876,"A.J. Jenkins","FA","WR",25,3,NA,0,0,0,NA,168,0,0,0,NA,NA,NA,NA,NA,NA,NA
2532894,"Ryan Lindley","FA","QB",26,3,NA,0,0,0,NA,64,0,7,0,NA,NA,NA,NA,NA,NA,NA
2532923,"Chris Owusu","NYJ","WR",25,3,5,0,0,0,NA,168,0,0,0,NA,NA,NA,NA,NA,NA,NA
2532930,"DeVier Posey","FA","WR",25,3,NA,0,0,0,NA,168,0,0,0,NA,NA,NA,NA,NA,NA,NA
2533012,"Vick Ballard","FA","RB",25,3,NA,0,0,0,NA,133,0,15,0,NA,NA,NA,NA,NA,NA,NA
2533031,"Andrew Luck","IND","QB",26,3,10,0,0,0,NA,64,0,7,0,NA,NA,NA,NA,NA,NA,NA
2533032,"Trent Richardson","FA","RB",24,3,NA,0,0,0,NA,133,0,15,0,NA,NA,NA,NA,NA,NA,NA
2533036,"LaMichael James","FA","RB",26,3,NA,0,0,0,0,133,0,15,0,NA,NA,NA,2.57821064382803,NA,NA,NA
2533038,"Justin Blackmon","JAC","WR",25,3,8,0,0,0,NA,168,0,0,0,NA,NA,NA,NA,NA,NA,NA
2533047,"Orson Charles","FA","TE",24,3,NA,0,0,0,NA,88,0,6,0,NA,NA,NA,NA,NA,NA,NA
2533537,"Stephen Hill","CAR","WR",24,3,5,0,0,0,NA,168,0,0,0,NA,NA,NA,NA,NA,NA,NA
2533540,"Edwin Baker","FA","RB",24,3,NA,0,0,0,NA,133,0,15,0,NA,NA,NA,NA,NA,NA,NA
2534241,"Derek Carrier","WAS","TE",25,3,8,0,0,0,NA,88,0,6,0,NA,NA,NA,NA,NA,NA,NA
2534244,"Chase Ford","BAL","TE",25,3,9,0,0,0,NA,88,0,6,0,NA,NA,NA,NA,NA,NA,NA
2534752,"Adrien Robinson","FA","TE",27,3,NA,0,0,0,NA,88,0,6,0,NA,NA,NA,NA,NA,NA,NA
2534789,"Daryl Richardson","CLE","RB",25,3,11,0,0,0,0,133,0,15,0,NA,96,7,3.92962064642522,NA,NA,NA
2534820,"Garrett Celek","SF","TE",27,3,10,0,0,0,NA,88,0,6,0,NA,NA,NA,NA,NA,NA,NA
2534889,"Matt Simms","FA","QB",27,3,NA,0,0,0,NA,64,0,7,0,NA,NA,NA,NA,NA,NA,NA
2535535,"Phillip Supernaw","TEN","TE",25,3,4,0,0,0,NA,88,0,6,0,NA,71.3,2.4,2.63870192310409,NA,NA,NA
2535708,"Lance Dunbar","DAL","RB",25,3,6,0,0,0,NA,133,0,15,0,NA,NA,NA,NA,NA,NA,NA
2535716,"Saalim Hakim","FA","WR",25,3,NA,0,0,0,NA,168,0,0,0,NA,NA,NA,NA,NA,NA,NA
2535876,"Griff Whalen","IND","WR",25,3,10,0,0,0,NA,168,0,0,0,NA,NA,NA,NA,NA,NA,NA
2535882,"Mike Brown","FA","WR",26,3,NA,0,0,0,NA,168,0,0,0,NA,NA,NA,NA,NA,NA,NA
2536031,"Damaris Johnson","NE","WR",26,3,4,0,0,0,0,168,0,0,0,NA,NA,NA,2.16493464392868,NA,NA,NA
2536342,"Brandon Bostick","FA","TE",26,3,NA,0,0,0,NA,88,0,6,0,NA,NA,NA,NA,NA,NA,NA
2537931,"Josh Gordon","CLE","WR",24,3,11,0,0,0,NA,168,0,0,0,NA,NA,NA,NA,NA,NA,NA
2537933,"Larry Donnell","NYG","TE",27,3,11,0,0,0,NA,88,0,6,0,NA,NA,NA,NA,NA,NA,NA
2539235,"Tavarres King","FA","WR",25,2,NA,0,0,0,NA,168,0,0,0,NA,NA,NA,NA,NA,NA,NA
2539246,"Chris Harper","FA","WR",26,2,NA,0,0,0,NA,168,0,0,0,NA,95,19,9.93900714878813,NA,NA,NA
2539308,"Matt Barkley","ARI","QB",25,2,9,0,0,0,0,64,0,7,0,NA,NA,NA,3.03937832286909,NA,NA,NA
2539341,"Montee Ball","FA","RB",25,2,NA,0,0,0,NA,133,0,15,0,NA,NA,NA,NA,NA,NA,NA
2539964,"Marquise Goodwin","BUF","WR",25,2,8,0,0,0,NA,168,0,0,0,NA,NA,NA,NA,NA,NA,NA
2540154,"Keenan Allen","SD","WR",23,2,10,0,0,0,NA,168,0,0,0,NA,NA,NA,NA,NA,NA,NA
2540171,"Joseph Randle","FA","RB",24,2,NA,0,0,0,NA,133,0,15,0,NA,NA,NA,NA,NA,NA,NA
2540175,"LeVeon Bell","PIT","RB",23,2,11,0,0,0,NA,133,0,15,0,NA,NA,NA,NA,NA,NA,NA
2540179,"DaRick Rogers","FA","WR",24,2,NA,0,0,0,NA,168,0,0,0,NA,NA,NA,NA,NA,NA,NA
2540181,"Josh Boyce","NE","WR",24,2,4,0,0,0,NA,168,0,0,0,NA,NA,NA,NA,NA,NA,NA
2540233,"Nick Kasa","FA","TE",25,2,NA,0,0,0,NA,88,0,6,0,NA,NA,NA,NA,NA,NA,NA
2540259,"MarQueis Gray","BUF","TE",25,2,8,0,0,0,NA,88,0,6,0,NA,NA,NA,NA,NA,NA,NA
2541096,"Ifeanyi Momah","ARI","TE",26,2,9,0,0,0,NA,88,0,6,0,NA,NA,NA,NA,NA,NA,NA
2541185,"Ryan Griffin","TB","QB",26,2,6,0,0,0,NA,64,0,7,0,NA,NA,NA,NA,NA,NA,NA
2541314,"Justin Brown","FA","WR",24,2,NA,0,0,0,NA,168,0,0,0,NA,NA,NA,NA,NA,NA,NA
2541390,"Kevin Dorsey","NE","WR",25,2,4,0,0,0,NA,168,0,0,0,NA,NA,NA,NA,NA,NA,NA
2541429,"B.J. Daniels","FA","WR",26,2,NA,0,0,0,0,168,0,0,0,NA,NA,NA,2.16493464392868,NA,0.88,NA
2541432,"Michael Cox","FA","RB",26,2,NA,0,0,0,NA,133,0,15,0,NA,NA,NA,NA,NA,NA,NA
2541512,"Brian Leonhardt","OAK","TE",25,2,6,0,0,0,0,88,0,6,0,NA,NA,NA,2.594285787131,NA,NA,NA
2542022,"Khiry Robinson","NO","RB",26,2,11,0,0,0,NA,133,0,15,0,NA,NA,NA,NA,NA,NA,NA
2543471,"Kelvin Benjamin","CAR","WR",24,1,5,0,0,0,NA,168,0,0,0,NA,NA,NA,NA,NA,NA,NA
2543481,"Jace Amaro","NYJ","TE",23,1,5,0,0,0,NA,88,0,6,0,NA,NA,NA,NA,NA,NA,NA
2543533,"Patrick Murray","TB","K",24,1,6,0,0,0,NA,34,0,0,0,NA,NA,NA,NA,NA,NA,NA
2543559,"Lache Seastrunk","FA","RB",24,1,NA,0,0,0,NA,133,0,15,0,NA,NA,NA,NA,NA,NA,NA
2543570,"Storm Johnson","FA","RB",23,1,NA,0,0,0,NA,133,0,15,0,NA,NA,NA,NA,NA,NA,NA
2543587,"Aaron Murray","KC","QB",25,1,9,0,0,0,0,64,0,7,0,NA,NA,NA,3.03937832286909,NA,NA,NA
2543596,"Dri Archer","FA","RB",24,1,NA,0,0,0,0,133,0,15,0,NA,NA,NA,2.57821064382803,NA,NA,NA
2543619,"Walt Powell","FA","WR",24,1,NA,0,0,0,0,168,0,0,0,NA,NA,NA,2.16493464392868,NA,0,NA
2543640,"Tom Savage","HOU","QB",25,1,9,0,0,0,NA,64,0,7,0,NA,NA,NA,NA,NA,NA,NA
2543655,"Tyler Gaffney","NE","RB",24,1,4,0,0,0,NA,133,0,15,0,NA,NA,NA,NA,NA,NA,NA
2543689,"Kevin Norwood","CAR","WR",26,1,5,0,0,0,0,168,0,0,0,NA,127.5,14.5,4.97131667156041,NA,NA,NA
2543690,"Marion Grice","FA","RB",23,1,NA,0,0,0,NA,133,0,15,0,NA,NA,NA,NA,NA,NA,NA
2543704,"Lorenzo Taliaferro","BAL","RB",24,1,9,0,0,0,NA,133,0,15,0,NA,NA,NA,NA,NA,NA,NA
2543743,"Carlos Hyde","SF","RB",24,1,10,0,0,0,NA,133,0,15,0,NA,NA,NA,NA,NA,NA,NA
2543767,"Logan Thomas","FA","QB",24,1,NA,0,0,0,0,64,0,7,0,NA,NA,NA,3.03937832286909,NA,NA,NA
2543777,"Robert Herron","FA","WR",23,1,NA,0,0,0,NA,168,0,0,0,NA,NA,NA,NA,NA,NA,NA
2543781,"Zach Hocker","FA","K",24,1,NA,0,0,0,0,34,0,0,0,NA,NA,NA,1.26138397261336,NA,NA,NA
2543792,"Matt Hazel","MIA","WR",23,1,5,0,0,0,0,168,0,0,0,NA,NA,NA,2.16493464392868,NA,0,NA
2550158,"Nate Freese","FA","K",25,1,NA,0,0,0,NA,34,0,0,0,NA,NA,NA,NA,NA,NA,NA
2550163,"Michael Campanaro","BAL","WR",24,1,9,0,0,0,NA,168,0,0,0,NA,NA,NA,NA,NA,NA,NA
2550182,"Isaiah Burse","DEN","WR",24,1,7,0,0,0,NA,168,0,0,0,NA,NA,NA,NA,NA,NA,NA
2550233,"Rajion Neal","FA","RB",23,1,NA,0,0,0,NA,133,0,15,0,NA,NA,NA,NA,NA,NA,NA
2550252,"Connor Shaw","CLE","QB",24,1,11,0,0,0,NA,64,0,7,0,NA,NA,NA,NA,NA,NA,NA
2550310,"Carey Spear","FA","K",23,1,NA,0,0,0,NA,34,0,0,0,NA,NA,NA,NA,NA,NA,NA
2550356,"Marcel Jensen","FA","TE",25,1,NA,0,0,0,0,88,0,6,0,NA,NA,NA,2.594285787131,NA,NA,NA
2550359,"Seantavius Jones","NO","WR",23,1,11,0,0,0,NA,168,0,0,0,NA,NA,NA,NA,NA,0,NA
2550376,"Stephen Morris","FA","QB",23,1,NA,0,0,0,NA,64,0,7,0,NA,NA,NA,NA,NA,NA,NA
2550380,"Cody Parkey","PHI","K",23,1,8,0,0,0,NA,34,0,0,0,NA,NA,NA,NA,NA,NA,NA
2550407,"Zurlon Tipton","IND","RB",25,1,10,0,0,0,0,133,0,15,0,NA,NA,NA,2.57821064382803,NA,NA,NA
2550485,"Gator Hoskins","FA","TE",24,1,NA,0,0,0,NA,88,0,6,0,NA,NA,NA,NA,NA,NA,NA
2550500,"Solomon Patton","DEN","WR",25,1,7,0,0,0,NA,168,0,0,0,NA,NA,NA,NA,NA,NA,NA
2550529,"Silas Redd","WAS","RB",23,1,8,0,0,0,NA,133,0,15,0,NA,NA,NA,NA,NA,NA,NA
2550542,"Kapri Bibbs","FA","RB",22,1,NA,0,0,0,NA,133,0,15,0,NA,NA,NA,NA,NA,NA,NA
2550596,"Darrin Reaves","CAR","RB",22,1,5,0,0,0,NA,133,0,15,0,NA,NA,NA,NA,NA,NA,NA
2550608,"RaShaun Allen","SEA","TE",25,1,9,0,0,0,NA,88,0,6,0,NA,NA,NA,NA,NA,NA,NA
2550658,"Branden Oliver","SD","RB",24,1,10,0,0,0,NA,133,0,15,0,NA,NA,NA,NA,NA,NA,NA
2551247,"Josh Harris","PIT","RB",24,1,11,0,0,0,NA,133,0,15,0,NA,NA,NA,NA,NA,NA,NA
2552369,"Bryce Petty","NYJ","QB",24,0,5,0,0,0,0,64,0,7,0,NA,NA,NA,3.03937832286909,NA,NA,NA
2552371,"Garrett Grayson","NO","QB",24,0,11,0,0,0,0,64,0,7,0,NA,NA,NA,3.03937832286909,NA,NA,NA
2552382,"Malcolm Brown","STL","RB",22,0,6,0,0,0,NA,133,0,15,0,NA,NA,NA,NA,NA,NA,NA
2552383,"Terrence Magee","BAL","RB",22,0,9,0,0,0,NA,133,0,15,0,NA,101.3,1.7,1.44293618515021,NA,NA,NA
2552396,"Ben Koyack","JAC","TE",22,0,8,0,0,0,NA,88,0,6,0,NA,NA,NA,NA,NA,NA,NA
2552399,"Jeff Heuerman","DEN","TE",23,0,7,0,0,0,NA,88,0,6,0,NA,NA,NA,NA,NA,NA,NA
2552402,"Nick Boyle","BAL","TE",22,0,9,0,0,0,NA,88,0,6,0,NA,NA,NA,NA,NA,NA,NA
2552411,"Dezmin Lewis","BUF","WR",23,0,8,0,0,0,NA,168,0,0,0,NA,124,5,3.21493641671171,NA,NA,NA
2552421,"Kenny Bell","TB","WR",23,0,6,0,0,0,NA,168,0,0,0,NA,NA,NA,NA,NA,NA,NA
2552425,"Rashad Greene","JAC","WR",23,0,8,0,0,0,NA,168,0,0,0,NA,93.9,9.8,5.52033209628077,NA,0.2,NA
2552427,"Tony Lippett","MIA","WR",23,0,5,0,0,0,0,168,0,0,0,NA,NA,NA,2.16493464392868,NA,5,NA
2552428,"Tre McBride","TEN","WR",23,0,4,0,0,0,NA,168,0,0,0,NA,118.5,3.5,2.49450026684638,NA,6.8,NA
2552431,"Vince Mayle","CLE","WR",NA,NA,11,0,0,0,0,168,0,0,0,NA,NA,NA,2.16493464392868,NA,NA,NA
2552462,"Gerald Christian","ARI","TE",24,0,9,0,0,0,NA,88,0,6,0,NA,NA,NA,NA,NA,NA,NA
2552476,"Kenny Hilliard","HOU","RB",24,0,9,0,0,0,NA,133,0,15,0,NA,NA,NA,NA,NA,NA,NA
2552479,"DaRon Brown","KC","WR",24,0,9,0,0,0,NA,168,0,0,0,NA,NA,NA,NA,NA,NA,NA
2552576,"Sean Mannion","STL","QB",23,0,6,0,0,0,0,64,0,7,0,NA,NA,NA,3.03937832286909,NA,NA,NA
2552580,"A.J. Derby","NE","TE",24,0,4,0,0,0,NA,88,0,6,0,NA,NA,NA,NA,NA,NA,NA
2552588,"Brett Hundley","GB","QB",22,0,7,0,0,0,0,64,0.001,7,0,NA,NA,NA,3.03937832286909,NA,NA,NA
2552597,"Breshad Perriman","BAL","WR",22,0,9,0,0,0,NA,168,0,0,0,NA,NA,NA,NA,NA,NA,NA
2552616,"Duron Carter","FA","WR",24,0,NA,0,0,0,NA,168,0,0,0,NA,NA,NA,NA,NA,NA,NA
2552647,"Marcus Murphy","NO","RB",24,0,11,0,0,0,NA,133,0,15,0,NA,NA,NA,NA,NA,NA,NA
2552651,"Kaelin Clay","TB","WR",23,0,6,0,0,0,0,168,0,0,0,NA,NA,NA,2.16493464392868,NA,0,NA
2553289,"Evan Spencer","WAS","WR",NA,NA,8,0,0,0,NA,168,0,0,0,NA,NA,NA,NA,NA,NA,NA
2553292,"Kennard Backman","GB","TE",22,0,7,0,0,0,0,88,0,6,0,NA,NA,NA,2.594285787131,NA,NA,NA
2553318,"James OShaughnessy","KC","TE",NA,NA,9,0,0,0,NA,88,0,6,0,NA,NA,NA,NA,NA,NA,NA
2553439,"Mike Davis","SF","RB",22,0,10,0,0,0,NA,133,0,15,0,NA,NA,NA,NA,NA,NA,NA
2553446,"Malcolm Johnson","CLE","TE",23,0,11,0,0,0,NA,88,0,6,0,NA,NA,NA,NA,NA,NA,NA
2553453,"Andre Debose","FA","WR",NA,NA,NA,0,0,0,NA,168,0,0,0,NA,NA,NA,NA,NA,NA,NA
2553454,"Geoff Swaim","DAL","TE",NA,NA,6,0,0,0,NA,88,0,6,0,NA,NA,NA,NA,NA,NA,NA
2553457,"Trevor Siemian","DEN","QB",NA,NA,7,0,0,0,0,64,0.002,7,0,NA,53,1,2.80007254233787,NA,NA,NA
2553462,"Josh Robinson","IND","RB",23,0,10,0,0,0,0,133,0,15,0,NA,NA,NA,2.57821064382803,NA,NA,NA
2553465,"Rory Anderson","SF","TE",23,0,10,0,0,0,NA,88,0,6,0,NA,NA,NA,NA,NA,NA,NA
2553497,"Kyle Brindza","DET","K",22,0,9,0,0,0,0,34,NA,0,0,NA,NA,NA,1.26138397261336,NA,NA,NA
2553502,"DeAndre Carter","BAL","WR",22,0,9,0,0,0,NA,168,0,0,0,NA,NA,NA,NA,NA,NA,NA
2553650,"Corey Grant","JAC","RB",NA,NA,8,0,0,0,NA,133,0,15,0,NA,NA,NA,NA,NA,NA,NA
2553653,"Josh Harper","OAK","WR",24,0,6,0,0,0,NA,168,0,0,0,NA,NA,NA,NA,NA,NA,NA
2553682,"Wes Saxton","NYJ","TE",22,0,5,0,0,0,NA,88,0,6,0,NA,NA,NA,NA,NA,NA,NA
2553703,"Devante Davis","PHI","WR",23,0,8,0,0,0,NA,168,0,0,0,NA,NA,NA,NA,NA,NA,NA
2553716,"Rannell Hall","TB","WR",22,0,6,0,0,0,NA,168,0,0,0,NA,NA,NA,NA,NA,NA,NA
2553733,"Thomas Rawls","SEA","RB",22,0,9,0,0,0,NA,133,0,15,0,NA,NA,NA,NA,NA,NA,NA
2553791,"E.J. Bibbs","CLE","TE",24,0,11,0,0,0,0,88,NA,6,0,NA,NA,NA,2.594285787131,NA,NA,NA
2553797,"Michael Dyer","OAK","RB",25,0,6,0,0,0,NA,133,NA,15,0,NA,NA,NA,NA,NA,NA,NA
2553913,"Tyrell Williams","SD","WR",NA,NA,10,0,0,0,NA,168,NA,0,0,NA,139.5,2.5,2.01420950026949,NA,NA,NA
2495863,"Tarvaris Jackson","SEA","QB",32,9,9,-0.002,-0.0018,-2e-04,0.0014142135623731,103,NA,7,0.0016,NA,45.5,8.5,6.9059059559171,NA,NA,NA
