"playerId","player","team","position","age","exp","bye","points","lower","upper","sdPts","positionRank","dropoff","tier","ptSpread","overallECR","positionECR","sdRank","risk","sleeper","actualPoints","salary"
2558125,"Patrick Mahomes","KC","QB",NA,3,NA,22.6442047619048,20.1926,25.2187,2.80409084575907,1,1.55535,1,5.0261,NA,1.4,0.5,4.39147677383318,NA,NA,NA
2560757,"Lamar Jackson","BAL","QB",23,2,NA,22.4078666666667,20.3395,24.547,2.13664829737293,2,2.82532857142857,1,4.2075,NA,1.8,0.7,4.16457414481874,NA,NA,NA
2555260,"Dak Prescott","DAL","QB",27,4,NA,19.7698428571429,17.467,22.162,2.57450242562011,3,0.785947619047622,2,4.695,NA,3.6,1.1,4.58014850942736,NA,NA,NA
2532975,"Russell Wilson","SEA","QB",32,8,NA,19.3952333333333,18.3123333333333,20.519,1.35449371558363,4,1.22708333333334,2,2.20666666666667,NA,4.2,1.1,3.98183675720992,NA,NA,NA
2558063,"Deshaun Watson","HOU","QB",25,3,NA,18.5725571428571,17.40744,19.931,1.26360003146716,5,0.956790476190477,2,2.52356,NA,4.8,1.1,3.93726104314998,NA,NA,NA
2504775,"Drew Brees","NO","QB",41,19,NA,17.7637428571429,16.09008,18.836,1.29650560977979,6,0.465423809523809,2,2.74592,NA,7,2.1,4.45550773559124,NA,NA,NA
2555259,"Carson Wentz","PHI","QB",28,4,NA,17.4677904761905,16.54568,18.4009333333333,0.845163466484067,7,0.348299999999998,3,1.85525333333333,NA,9.8,1.9,4.13374048731094,NA,NA,NA
2557997,"Christian McCaffrey","CAR","RB",24,3,NA,17.3717380952381,16.082,18.6163,1.38013815014732,1,1.82992857142857,1,2.5343,NA,1.1,0.7,3.21981184582782,NA,NA,NA
310,"Matt Ryan","ATL","QB",35,12,NA,17.1288476190476,15.0889333333333,18.812,1.61600442322198,8,0.214914285714286,3,3.72306666666667,NA,7.9,1.7,4.41135134682284,NA,NA,NA
2560955,"Josh Allen","BUF","QB",24,2,NA,17.1101333333333,15.8036,18.8668,1.6577307799117,9,0.412911904761902,3,3.0632,NA,7.5,2.3,4.73308018126512,NA,NA,NA
2495455,"Cam Newton","NE","QB",31,9,NA,16.7177333333333,15.604,17.5031,1.10090912007607,10,0.0814809523809537,3,1.8991,NA,12.3,3,4.81148243806854,NA,NA,NA
2504211,"Tom Brady","TB","QB",43,20,NA,16.6767095238095,14.9832666666667,18.659,1.89963407340918,11,0.165278571428569,3,3.67573333333334,NA,12.1,2.2,4.80150249191104,NA,NA,NA
2506109,"Ben Roethlisberger","PIT","QB",38,16,NA,16.5957952380952,15.3120666666667,18.134,1.33137967877222,12,0.191088095238097,3,2.82193333333333,NA,10.9,2.3,4.57303239016778,NA,NA,NA
2562382,"Kyler Murray","ARI","QB",50,1,NA,16.4270666666667,14.4782,18.085,1.69103815056511,13,0.0665833333333339,3,3.6068,NA,11,2.3,4.7494146476779,NA,NA,NA
2506363,"Aaron Rodgers","GB","QB",37,15,NA,16.3823476190476,15.06054,18.4752,1.67839734776486,14,0.216219047619045,3,3.41466,NA,16,2.6,4.8938481775617,NA,NA,NA
2555334,"Jared Goff","LAR","QB",26,4,NA,16.338619047619,14.8873333333333,17.811,1.39987091241606,15,0.376766666666665,3,2.92366666666667,NA,14.3,2.6,4.75725436622125,NA,NA,NA
79860,"Matthew Stafford","DET","QB",32,11,NA,15.9936380952381,13.7714666666667,18.4578,2.39976375345178,16,0.533738095238098,3,4.68633333333333,NA,15.9,2.8,5.34803963580331,NA,NA,NA
2543801,"Jimmy Garoppolo","SF","QB",29,6,NA,15.9300666666667,14.4662,17.063,1.43933149297397,17,0.99225,4,2.5968,NA,16.5,3.2,5.0778720278691,NA,NA,NA
2555224,"Ezekiel Elliott","DAL","RB",25,4,NA,15.7123095238095,14.166,17.3433,1.97835776552491,2,0.582892857142856,1,3.1773,NA,2.5,0.8,4.00596737286494,NA,NA,NA
2560968,"Saquon Barkley","NYG","RB",23,2,NA,15.3713095238095,14.198,17.1285,1.72385844790479,3,0.678095238095237,2,2.9305,NA,5.3,2.5,4.30671533581909,NA,NA,NA
2543499,"Derek Carr","LVR","QB",29,6,NA,14.9897333333333,13.6792,15.801,1.05080123080755,18,0.279433333333332,4,2.1218,NA,20.9,3,4.78690872906013,NA,NA,NA
2557991,"Dalvin Cook","MIN","RB",25,3,NA,14.8875238095238,13.716,16.443,1.7006256785115,4,0.510142857142856,2,2.727,NA,3.8,1.6,3.94952695130412,NA,NA,NA
2532820,"Kirk Cousins","MIN","QB",32,8,NA,14.8859,13.3021,15.9496,1.53468548895205,19,0.538983333333334,4,2.6475,NA,23.4,2.1,4.57231495153827,NA,NA,NA
2558008,"Mitchell Trubisky","CHI","QB",26,3,NA,14.5347,12.0022,16.5336,2.36728334805954,20,0.463266666666666,4,4.5314,NA,25.9,4,5.93464185204913,NA,NA,NA
2562377,"Josh Jacobs","LVR","RB",50,1,NA,14.4989047619048,12.962,16.2706,2.04515230542396,5,0.295859523809526,2,3.3086,NA,4.5,1.7,4.41774840236217,NA,NA,NA
2556075,"Derrick Henry","TEN","RB",26,4,NA,14.2558571428571,12.272,16.3836,2.52906507287913,6,0.32572857142857,2,4.1116,NA,5.5,1.6,4.98774686800923,NA,NA,NA
2506121,"Philip Rivers","IND","QB",39,16,NA,14.1591333333333,12.0189,15.5325,2.09515800899757,21,0.398306666666667,4,3.5136,NA,22.6,2.9,5.24886704199004,NA,NA,NA
2558019,"Alvin Kamara","NO","RB",24,3,NA,14.1502333333333,13.24,15.4175,1.18364427370163,7,0.464171428571426,2,2.1775,NA,9.4,3.7,4.06713614280995,NA,NA,NA
2562305,"Drew Lock","DEN","QB",50,1,NA,13.9837333333333,12.7732133333333,15.3574,1.43189314312673,22,0.569306666666666,5,2.58418666666666,NA,27.4,1.8,4.37127116235881,NA,NA,NA
2557976,"Joe Mixon","CIN","RB",24,3,NA,13.7100238095238,13.096,14.7901,1.24464051194241,8,0.0712238095238114,3,1.6941,NA,7.9,1.5,3.34162301225102,NA,NA,NA
2559169,"Austin Ekeler","LAC","RB",NA,NA,NA,13.6621,11.558,16.0733,2.32833112335853,9,0.449219047619048,3,4.5153,NA,11.9,2.8,5.17361235205096,NA,NA,NA
2564271,"Clyde Edwards-Helaire","KC","RB",50,0,NA,13.6155,12.2213,15.2029,1.62701454613452,10,0.875226190476191,3,2.9816,NA,10.3,2.8,4.29470576776761,NA,NA,NA
2495240,"Tyrod Taylor","LAC","QB",31,9,NA,13.53792,6.518,18.7384,7.36119433461718,23,0.327819999999999,5,12.2204,NA,19.1,3.5,8.13268090576301,NA,NA,NA
2556370,"Michael Thomas","NO","WR",26,4,NA,13.3637428571429,11.92604,15.85384,1.92377836808813,1,0.615642857142856,1,3.9278,NA,1.1,0.4,3.45421910068078,NA,NA,NA
2560800,"Baker Mayfield","CLE","QB",25,2,NA,13.2909333333333,11.8687,15.051,1.6733589198575,24,0.288549999999999,5,3.1823,NA,28.6,2.2,4.69053354350023,NA,NA,NA
2532956,"Ryan Tannehill","TEN","QB",32,8,NA,13.1292666666667,7.2607,17.522,6.55618179695062,25,0.667581666666667,5,10.2613,NA,22,3.1,7.53704619447496,NA,NA,NA
2556214,"Tyreek Hill","KC","WR",26,4,NA,12.8784857142857,11.46248,15.29608,1.910546319275,2,0.593985714285713,1,3.8336,NA,3,1.1,3.65294746735582,NA,NA,NA
2563722,"Joe Burrow","CIN","QB",50,0,NA,12.8755,11.1024,14.3146,1.82992486184543,26,0.928965,5,3.2122,NA,24.3,2.7,5.01837061716375,NA,NA,NA
2557978,"James Conner","PIT","RB",25,3,NA,12.8102619047619,11.976,13.8683,0.899726336259382,11,0.201690476190477,3,1.8923,NA,11.5,3.1,3.49260842564608,NA,NA,NA
2561021,"Nick Chubb","CLE","RB",25,2,NA,12.6702857142857,11.31,14.844,1.63395529460322,12,0.169809523809525,3,3.534,NA,13.6,3.1,4.41276158730988,NA,NA,NA
2543495,"Davante Adams","GB","WR",28,6,NA,12.6177142857143,11.186,14.8416,1.6746551599544,3,1.25410476190476,1,3.6556,NA,2.9,1.1,3.37787620881478,NA,NA,NA
2562722,"Miles Sanders","PHI","RB",50,1,NA,12.5468571428571,10.3662,14.6894,2.58773842241776,13,0.195535714285715,3,4.3232,NA,12.3,3.2,5.64451774943926,NA,NA,NA
2558865,"Chris Carson","SEA","RB",26,3,NA,12.4540952380952,11.54,13.7434,1.52132820519982,14,0.237288095238096,3,2.2034,NA,13.5,2.9,4.19870963917441,NA,NA,NA
2558116,"Aaron Jones","GB","RB",26,3,NA,12.2485476190476,10.584,14.2777,2.05721544253005,15,0.378347619047618,3,3.6937,NA,10.8,2.1,4.57867622388145,NA,NA,NA
2552475,"Todd Gurley","ATL","RB",26,5,NA,12.1850666666667,11.05,13.495,1.28825017239148,16,0.722633333333333,4,2.445,NA,16.4,2.5,3.76080070332541,NA,NA,NA
2506581,"Ryan Fitzpatrick","MIA","QB",38,15,NA,12.04787,10.8235,13.38184,1.4609710501923,27,0.534303333333332,6,2.55834,NA,29.3,2.4,4.6867969951379,NA,NA,NA
2495454,"Julio Jones","ATL","WR",31,9,NA,11.9512857142857,10.85,13.564,2.05044301833252,4,1.21360476190476,1,2.714,NA,3.4,0.9,3.75489211345164,NA,NA,NA
2561036,"Sam Darnold","NYJ","QB",23,2,NA,11.8452,10.7768,12.5604,0.96825678412289,28,0.900733333333335,6,1.7836,NA,31.5,1.1,3.79241999868001,NA,NA,NA
2555230,"Kenyan Drake","ARI","RB",NA,4,NA,11.5553333333333,10.182,13.1174,1.90527930294281,17,0.197516666666667,4,2.9354,NA,16.2,2.5,4.53407625840041,NA,NA,NA
2553435,"David Johnson","HOU","RB",29,5,NA,11.3695333333333,9.854,13.61,2.10563526439568,18,0.356483333333333,4,3.756,NA,19.2,2.4,4.74871460294461,NA,NA,NA
2495466,"Mark Ingram","BAL","RB",31,9,NA,11.3461,9.0588,14.537,2.85101666954088,19,0.677499999999998,4,5.4782,NA,18.2,3.3,6.01091680205657,NA,NA,NA
100003,"Bills","BUF","DST",NA,NA,NA,11.2533333333333,9.43,11.425,1.16009769703533,1,0.120000000000001,1,1.995,NA,NA,NA,3.98237217553284,NA,NA,NA
2540258,"Travis Kelce","KC","TE",31,7,NA,11.214119047619,9.74133333333333,13.5255,1.6443251788046,1,1.21377380952381,1,3.78416666666667,NA,1.9,0.5,4.96591197338042,NA,NA,NA
2562299,"Daniel Jones","NYG","QB",50,1,NA,11.1819333333333,6.9851,14.3017,4.51996018507538,29,0.550528333333332,6,7.3166,NA,24.9,2.7,6.33760689353461,NA,NA,NA
100002,"Ravens","BAL","DST",NA,NA,NA,11.1516666666667,8.83,11.5,1.88715394178641,2,0.23,1,2.67,NA,NA,NA,5.60695655452477,NA,NA,NA
100021,"Patriots","NE","DST",NA,NA,NA,11.115,10.34,11.645,0.636482521362527,3,0.808333333333334,1,1.305,NA,NA,NA,2.81237048564657,NA,NA,NA
2540154,"Keenan Allen","LAC","WR",28,7,NA,10.7759333333333,8.6256,13.3043333333333,2.58753640232043,5,0.135147619047618,2,4.67873333333333,NA,22.2,4.6,5.51317241623391,NA,NA,NA
100025,"Eagles","PHI","DST",NA,NA,NA,10.7283333333333,7.85,11.635,2.4018361032066,4,1.94416666666667,1,3.785,NA,NA,NA,6.75699770419579,NA,NA,NA
2562796,"Gardner Minshew","JAC","QB",50,1,NA,10.707,4.1004,15.2792,7.0561416274524,30,0.879094999999998,6,11.1788,NA,18.6,2.5,7.48096891575055,NA,NA,NA
2558105,"Chris Godwin","TB","WR",24,3,NA,10.6994285714286,9.4966,12.4954,1.92905355525647,6,0.153757142857145,2,2.9988,NA,5.6,1.8,3.88868682265286,NA,NA,NA
2561000,"Derrius Guice","FA","RB",23,2,NA,10.68,10.68,10.68,NA,20,0.568875,5,0,NA,86.3,11.2,8.73919877172061,NA,NA,NA
2558266,"George Kittle","SF","TE",27,3,NA,10.6669047619048,9.6328,12.0263333333333,1.26651176997771,2,1.45226190476191,1,2.39353333333333,NA,1.2,0.4,4.02963264878091,NA,NA,NA
2558123,"Marlon Mack","IND","RB",NA,3,NA,10.6572,9.355,12.1181,1.43144740734684,21,1.111875,5,2.7631,NA,25.1,4.1,4.52349892461106,NA,NA,NA
2558149,"JuJu Smith-Schuster","PIT","WR",24,3,NA,10.5821428571429,8.8,13.1448,2.09210567201017,7,0.084126190476189,2,4.3448,NA,13.1,4.1,4.78248350103111,NA,NA,NA
2543465,"Teddy Bridgewater","CAR","QB",28,6,NA,10.55581,2.6661,15.90708,6.99195031486208,31,1.76468,6,13.24098,NA,22.2,2.7,7.54991032534592,NA,NA,NA
2540165,"DeAndre Hopkins","ARI","WR",28,7,NA,10.5092,8.71408,13.58612,2.20177048455707,8,0.118354761904762,2,4.87204,NA,12.3,4.5,5.03273907999306,NA,NA,NA
2552430,"Tyler Lockett","SEA","WR",28,5,NA,10.4868333333333,8.96725,13.20475,2.17158740709801,9,0.229319047619049,2,4.2375,NA,16.6,3.8,4.78338459635033,NA,NA,NA
2558052,"Kenny Golladay","DET","WR",27,3,NA,10.2948571428571,8.6912,12.512,2.42897258311489,10,0.113542857142857,2,3.8208,NA,7.1,3.2,4.89995574472109,NA,NA,NA
2541785,"Adam Thielen","MIN","WR",30,6,NA,10.2201714285714,9.06024,12.15424,1.7234890249281,11,0.098651190476188,2,3.094,NA,12.4,4.2,4.38323587707358,NA,NA,NA
2543509,"Allen Robinson","CHI","WR",27,6,NA,10.1424571428571,8.408,12.2818,2.24423515022909,12,0.0440821428571425,2,3.8738,NA,9,4.4,5.05166284501281,NA,NA,NA
2543496,"Odell Beckham","CLE","WR",28,6,NA,10.1005833333333,8.2,13.296625,2.59428113678272,13,0.0232500000000009,2,5.096625,NA,23,4.4,5.45984935927587,NA,NA,NA
2557898,"Cooper Kupp","LAR","WR",27,3,NA,10.0961666666667,8.9385,12.28,2.19658283856236,14,0.0388333333333346,2,3.3415,NA,18.8,4.8,5.11847187399749,NA,NA,NA
2495450,"A.J. Green","CIN","WR",32,9,NA,10.0585,7.7868,12.905,2.8665209459087,15,0.0119166666666661,2,5.1182,NA,31.2,4.2,5.716118508039,NA,NA,NA
2562489,"Terry McLaurin","WAS","WR",50,1,NA,10.0561666666667,8.2,12.475,2.55320233563004,16,0.0710238095238083,2,4.275,NA,17.3,4.6,5.47313566808888,NA,NA,NA
2552487,"Amari Cooper","DAL","WR",26,5,NA,10.037,8.7125,12.12375,2.09116223665214,17,0.228457142857144,2,3.41125,NA,17.1,4.9,5.02613557133307,NA,NA,NA
2540169,"Robert Woods","LAR","WR",28,7,NA,9.93328571428571,8.5784,12.2184,2.18632711141202,18,0.264585714285714,2,3.64,NA,17.1,3.2,4.61700832323727,NA,NA,NA
100028,"Chargers","LAC","DST",NA,NA,NA,9.885,7.79,10.015,1.27587486324744,5,2.54166666666667,2,2.225,NA,NA,NA,4.24107262275415,NA,NA,NA
2560888,"Courtland Sutton","DEN","WR",25,2,NA,9.6838,8.144,11.945,2.27188461414747,19,0.0368333333333322,2,3.801,NA,22.4,3.4,4.77796446244079,NA,NA,NA
2560813,"D.J. Moore","CAR","WR",23,2,NA,9.6536,8.03216,11.24584,1.67010985666612,20,0.0183083333333336,2,3.21368,NA,11.7,3.5,4.10683257181003,NA,NA,NA
2552608,"Stefon Diggs","BUF","WR",27,5,NA,9.64033333333333,7.842,12.1983333333333,2.35778126636039,21,0.0153083333333335,2,4.35633333333333,NA,25.1,4.4,5.18406828638941,NA,NA,NA
2560854,"Calvin Ridley","ATL","WR",26,2,NA,9.63025,7.668125,11.665625,2.23298169495408,22,0.0365500000000001,2,3.9975,NA,14.4,3.1,4.64081792622149,NA,NA,NA
2543468,"Mike Evans","TB","WR",27,6,NA,9.6198,8.25952,10.78568,1.69336341836791,23,0.0865666666666645,2,2.52616,NA,11.5,6.6,5.0823632026639,NA,NA,NA
2532865,"T.Y. Hilton","IND","WR",31,8,NA,9.5676,8.098,12.1452,2.77236159257771,24,0.341733333333332,2,4.0472,NA,25.1,4.1,5.57572582829525,NA,NA,NA
2557973,"Leonard Fournette","TB","RB",24,3,NA,9.56505,6.5624,12.404,2.88013927831624,22,0.128716666666667,5,5.8416,NA,37.2,7.4,7.54196656680412,NA,NA,NA
2540175,"LeVeon Bell","NYJ","RB",28,7,NA,9.5256,7.9028,11.3124,1.79938344996279,23,0.217066666666668,5,3.4096,NA,23.3,3,4.58362757604939,NA,NA,NA
238498,"Julian Edelman","NE","WR",34,11,NA,9.49886666666667,7.2552,12.4144,2.6226480002725,25,0.595833333333335,2,5.1592,NA,32.4,4,5.37055168545667,NA,NA,NA
2553728,"Raheem Mostert","SF","RB",NA,NA,NA,9.34706666666667,5.53825,12.62375,4.19469830699023,24,0.237066666666667,5,7.0855,NA,19.7,2.9,7.54904051826233,NA,NA,NA
2540158,"Zach Ertz","PHI","TE",30,7,NA,9.33378571428571,8.2101,10.927,1.66936437147853,3,1.08532142857143,2,2.7169,NA,4,0.5,5.02580515189507,NA,NA,NA
2543583,"Devonta Freeman","FA","RB",28,6,NA,9.27,9.27,9.27,NA,25,0.341850000000001,5,0,NA,NA,NA,NA,NA,NA,NA
2505996,"Eli Manning","FA","QB",39,16,NA,9.1,9.1,9.1,NA,32,1.43137,7,0,NA,NA,NA,NA,NA,NA,NA
2560957,"Mark Andrews","BAL","TE",24,2,NA,9.0955,7.802,10.517,1.81214343619188,4,1.81135714285714,2,2.715,NA,3.1,0.6,5.39988767916233,NA,NA,NA
2555346,"Will Fuller","HOU","WR",26,4,NA,8.95286666666667,7.1526,12.0426666666667,3.25841278334509,26,0.177966666666666,2,4.89006666666666,NA,25.7,5.4,6.54022952357688,NA,NA,NA
2550512,"Damien Williams","KC","RB",28,6,NA,8.95,8.95,8.95,NA,26,0.1083,6,0,NA,NA,NA,NA,NA,NA,NA
2552469,"Melvin Gordon","DEN","RB",27,5,NA,8.9063,7.9106,9.819,0.982245997701187,27,0.295599999999999,6,1.9084,NA,21.4,1.9,3.15859398930084,NA,NA,NA
2560735,"Michael Gallup","DAL","WR",24,2,NA,8.8532,7.0684,11.25,2.30512064760177,27,0.195900000000002,2,4.1816,NA,28.5,4.5,5.15325508195348,NA,NA,NA
2543773,"James White","NE","RB",28,6,NA,8.7771,6.7692,11.296,2.57668314893392,28,0.375599999999999,6,4.5268,NA,36,4.5,6.10454555631174,NA,NA,NA
1581,"DeSean Jackson","PHI","WR",34,12,NA,8.6966,5.9084,12.3984,3.79024468867117,28,0.121133333333333,2,6.49,NA,31,7.1,7.68049393635559,NA,NA,NA
2562685,"DK Metcalf","SEA","WR",50,1,NA,8.618,6.26055,11.68845,3.12410859286293,29,0.165699999999999,2,5.4279,NA,NA,NA,9.20895490044525,NA,NA,NA
2552409,"DeVante Parker","MIA","WR",27,5,NA,8.53293333333333,6.1476,11.2712,2.90166690024889,30,0.262300000000002,2,5.1236,NA,32,5,6.00185419806142,NA,NA,NA
2562660,"Dwayne Haskins","WAS","QB",50,1,NA,8.48226,3.895,12.47872,4.67841590049453,33,2.22776,7,8.58372,NA,30.6,1.2,5.66215219944802,NA,NA,NA
2560809,"Sony Michel","NE","RB",25,2,NA,8.4443,6.4654,10.004,2.124293635541,29,0.123800000000003,6,3.5386,NA,31.3,7.3,6.55827036008908,NA,NA,NA
2562238,"A.J. Brown","TEN","WR",NA,1,NA,8.37166666666667,4.813,11.8705,3.85263414648558,31,0.2729,2,7.0575,NA,NA,NA,10.9080134110861,NA,NA,NA
2560765,"Kerryon Johnson","DET","RB",23,2,NA,8.3587,6.34,10.931,2.48592406360291,30,0.410300000000001,6,4.591,NA,39.2,6.2,6.61049666566894,NA,NA,NA
2562734,"Devin Singletary","BUF","RB",50,1,NA,8.2823,7.444,9.1666,0.85068954384076,31,0.759008333333332,6,1.7226,NA,25.8,3.3,3.50405935907775,NA,NA,NA
2561018,"D.J. Chark","JAC","WR",24,2,NA,8.1696,4.824,11.666,3.628459287356,32,0.210633333333332,2,6.842,NA,19.6,5.2,6.91055046950454,NA,NA,NA
2532884,"Marvin Jones","DET","WR",30,8,NA,8.02793333333333,6.24093333333333,10.5094,2.61191155414319,33,0.222966666666666,3,4.26846666666667,NA,35.2,3.5,5.20506185249713,NA,NA,NA
2539964,"Marquise Goodwin","PHI","WR",30,7,NA,7.89,7.89,7.89,NA,34,0.205033333333335,3,0,NA,NA,NA,NA,NA,NA,NA
2555466,"Tyler Boyd","CIN","WR",26,4,NA,7.71993333333333,6.8056,8.87613333333333,1.09057873015508,35,0.196566666666667,3,2.07053333333333,NA,33.9,3.6,3.46163884513228,NA,NA,NA
100016,"Chiefs","KC","DST",NA,NA,NA,7.68333333333333,7.075,10.55,1.78773599840692,6,0.703333333333333,2,3.475,NA,NA,NA,5.38481027771077,NA,NA,NA
2553913,"Tyrell Williams","LVR","WR",NA,NA,NA,7.65,7.65,7.65,NA,36,0.298266666666666,3,0,NA,NA,NA,NA,NA,NA,NA
2562502,"David Montgomery","CHI","RB",50,1,NA,7.6145,6.1424,9.619,2.03436501149622,32,0.200683333333333,6,3.4766,NA,49,16,9.61693742819362,NA,NA,NA
2564148,"Jonathan Taylor","IND","RB",50,0,NA,7.43208333333333,5.7719,9.1074,1.89196019014965,33,0.036808333333334,7,3.3355,NA,22,3.5,4.88190945932199,NA,NA,NA
2552408,"Darren Waller","LVR","TE",28,5,NA,7.40142857142857,6.014,8.9236,1.80362808963331,5,0.300642857142857,3,2.9096,NA,5.5,1.3,5.60742696176868,NA,NA,NA
2543488,"Jarvis Landry","CLE","WR",28,6,NA,7.39673333333333,6.698,8.206,0.750614947892726,37,0.117566666666667,3,1.508,NA,34.2,3.9,3.15699120522017,NA,NA,NA
2552453,"Tevin Coleman","SF","RB",27,5,NA,7.39555,6.457,8.714,1.32428127204911,34,0.0586749999999991,7,2.257,NA,38.6,3.3,4.09757575624042,NA,NA,NA
2564223,"James Robinson","JAC","RB",50,0,NA,7.395,5.991,8.799,2.48194480196478,35,0.168200000000001,7,2.808,NA,51.5,16,10.1778550474407,NA,NA,NA
2543457,"Sammy Watkins","KC","WR",27,6,NA,7.30673333333333,5.828,9.5786,2.35379069446145,38,0.220933333333334,3,3.7506,NA,54.2,6.3,5.7607013904477,NA,NA,NA
2557917,"Kareem Hunt","CLE","RB",25,3,NA,7.27875,6.6136,7.8061,0.670026554200155,36,0.159158333333334,7,1.1925,NA,30.5,4.1,3.56926823482727,NA,NA,NA
2543498,"Brandin Cooks","HOU","WR",27,6,NA,7.2516,6.1136,8.8556,1.61157835676705,39,0.343866666666667,3,2.742,NA,38.8,6.8,5.04818218661307,NA,NA,NA
2559947,"Phillip Lindsay","DEN","RB",26,2,NA,7.17485,5.712,9.2857,2.1309568244101,37,0.189183333333332,7,3.5737,NA,34.2,3.3,5.10852070945522,NA,NA,NA
2557858,"Evan Engram","NYG","TE",26,3,NA,7.16685714285714,6.1252,8.672,1.38892145549121,6,0.451178571428572,3,2.5468,NA,9.3,2,4.84336593700292,NA,NA,NA
2565276,"Antonio Gibson","WAS","RB",50,0,NA,7.06433333333333,6.16473333333333,7.879,0.934677484483284,38,0.20975,7,1.71426666666667,NA,32.8,5.5,4.4112701046308,NA,NA,NA
71265,"Jared Cook","NO","TE",33,11,NA,7.03471428571429,5.7012,8.718,1.4299937895303,7,0.671976190476192,3,3.0168,NA,9.5,1.8,4.87649351084664,NA,NA,NA
100009,"Broncos","DEN","DST",NA,NA,NA,7.00333333333333,5.89,7.95,1.15705949141203,7,0.0769999999999991,3,2.06,NA,NA,NA,3.9755834003433,NA,NA,NA
100027,"Steelers","PIT","DST",NA,NA,NA,6.95666666666667,6.22,10.85,2.20286177505535,8,0.164083333333334,3,4.63,NA,NA,NA,6.31239580761817,NA,NA,NA
2543475,"Marqise Lee","NE","WR",29,6,NA,6.92,6.92,6.92,NA,40,0.0249333333333333,3,0,NA,NA,NA,NA,NA,NA,NA
2558250,"Tarik Cohen","CHI","RB",25,3,NA,6.907,5.7564,7.9524,1.11261089334951,39,0.158166666666667,7,2.196,NA,37.8,4,4.08747293295805,NA,NA,NA
100029,"49ers","SF","DST",NA,NA,NA,6.896,6.648,10.78,2.07848021400253,9,0.26725,3,4.132,NA,NA,NA,6.03446910995227,NA,NA,NA
2560810,"Anthony Miller","CHI","WR",26,2,NA,6.89546666666667,6.29066666666667,7.5428,0.622723480634329,41,0.0331333333333328,3,1.25213333333333,NA,42.1,4.9,3.31379799212225,NA,NA,NA
2564433,"Henry Ruggs","LVR","WR",50,0,NA,6.89466666666667,6.4976,7.2176,0.477767028302847,42,0.103466666666667,3,0.720000000000001,NA,NA,NA,3.03718901664041,NA,NA,NA
382,"Joe Flacco","NYJ","QB",35,12,NA,6.855,1.131,12.579,10.1186980387795,34,1.363,7,11.448,NA,NA,NA,12.9638379303466,NA,NA,NA
2543614,"Donte Moncrief","FA","WR",27,6,NA,6.83,6.83,6.83,NA,43,0.0885999999999996,3,0,NA,NA,NA,NA,NA,NA,NA
2564319,"Cam Akers","LAR","RB",50,0,NA,6.80216666666667,5.9776,7.70166666666667,0.934273276699894,40,0.269291666666666,7,1.72406666666667,NA,27.6,5.8,4.52012105062397,NA,NA,NA
2560781,"Christian Kirk","ARI","WR",24,2,NA,6.7524,5.758,7.9728,1.21917135793128,44,0.0494666666666665,3,2.2148,NA,48.4,3.9,3.70337200973184,NA,NA,NA
2555295,"Sterling Shepard","NYG","WR",NA,4,NA,6.7304,6.1104,7.3344,0.623543743453497,45,0.093466666666667,3,1.224,NA,48.7,5,3.34534852122282,NA,NA,NA
2555418,"Jordan Howard","MIA","RB",26,4,NA,6.6955,5.7464,7.3239,0.952701684684141,41,0.360375,7,1.5775,NA,29,3.7,3.77771340752775,NA,NA,NA
100024,"Jets","NYJ","DST",NA,NA,NA,6.68916666666667,6.217,9.97,2.37646387634139,10,0.239166666666667,3,3.753,NA,NA,NA,6.70030425891829,NA,NA,NA
2543847,"John Brown","BUF","WR",30,6,NA,6.67546666666667,6.1832,7.1126,0.526882055112907,46,0.1587,3,0.929399999999999,NA,38.2,4.3,3.01847373027434,NA,NA,NA
2506106,"Larry Fitzgerald","ARI","WR",37,16,NA,6.5984,4.5552,9.56,2.63575658967212,47,0.185833333333334,3,5.0048,NA,65.6,3.5,5.23286740465005,NA,NA,NA
100014,"Colts","IND","DST",NA,NA,NA,6.56833333333333,6.25,10.605,2.21973346748358,11,0.2525,3,4.355,NA,NA,NA,6.35009507526622,NA,NA,NA
2552415,"Jamison Crowder","NYJ","WR",27,5,NA,6.43513333333333,5.674,7.08333333333333,0.709641599682544,48,0.0601999999999991,3,1.40933333333333,NA,42.9,4.8,3.38455866108491,NA,NA,NA
2555341,"Hunter Henry","LAC","TE",26,4,NA,6.39664285714286,5.613,6.9979,0.647354341035219,8,0.158626190476189,3,1.3849,NA,6.7,1.5,2.90676300718828,NA,NA,NA
2543491,"Paul Richardson","FA","WR",28,6,NA,6.39,6.39,6.39,NA,49,0.0600666666666667,3,0,NA,NA,NA,NA,NA,NA,NA
2558918,"Matt Breida","MIA","RB",25,3,NA,6.37025,5.4329,7.9536,1.49742785719379,42,0.101225,7,2.5207,NA,39.7,4.8,4.86135471127232,NA,NA,NA
497322,"Emmanuel Sanders","NO","WR",33,10,NA,6.35986666666667,5.30666666666667,7.9004,1.58088831568415,50,0.0942666666666661,3,2.59373333333333,NA,43.7,4.8,4.4005142032958,NA,NA,NA
100022,"Saints","NO","DST",NA,NA,NA,6.33166666666667,5.47,9.51,2.45694457948621,12,0.0595833333333333,3,4.04,NA,NA,NA,6.88013586628468,NA,NA,NA
497240,"Rob Gronkowski","TB","TE",31,10,NA,6.32883333333333,5.1115,8.485,2.43377159295335,9,0.261685714285714,3,3.3735,NA,11.4,2.9,7.63564797664487,NA,NA,NA
2533040,"Mohamed Sanu","FA","WR",31,8,NA,6.3,6.3,6.3,NA,51,0.0944000000000003,3,0,NA,95.2,13.5,8.5145136761157,NA,NA,NA
100010,"Lions","DET","DST",NA,NA,NA,6.3,5.32,9.78,2.74772633280682,13,0.0609166666666665,3,4.46,NA,NA,NA,7.52987857539555,NA,NA,NA
2540269,"C.J. Anderson","FA","RB",29,7,NA,6.3,6.3,6.3,NA,43,0.136058333333333,7,0,NA,NA,NA,NA,NA,NA,NA
100006,"Bengals","CIN","DST",NA,NA,NA,6.24416666666667,5.586,6.84966666666667,0.68243233282787,14,0.0196666666666676,3,1.26366666666667,NA,NA,NA,2.91504389841641,NA,NA,NA
2560770,"Ronald Jones","TB","RB",23,2,NA,6.23805,5.3184,7.054,0.895508591527742,44,0.275008333333333,7,1.7356,NA,31,4.3,3.92475268295032,NA,NA,NA
100030,"Seahawks","SEA","DST",NA,NA,NA,6.234,5.8,9.1,2.17813681847583,15,0.0581666666666667,3,3.3,NA,NA,NA,6.25714866749616,NA,NA,NA
2562379,"Marquise Brown","BAL","WR",50,1,NA,6.2312,5.044,7.0976,1.13595651325216,52,0.0648,3,2.0536,NA,29,4.9,3.91227593683891,NA,NA,NA
100020,"Vikings","MIN","DST",NA,NA,NA,6.215,5.5125,7.25,0.824196578493262,16,0.109166666666667,3,1.7375,NA,NA,NA,3.23181165974197,NA,NA,NA
2550272,"Albert Wilson","MIA","WR",28,6,NA,6.18,6.18,6.18,NA,53,0.0336000000000007,3,0,NA,NA,NA,NA,NA,NA,NA
2556462,"Robby Anderson","CAR","WR",27,4,NA,6.1528,5.3228,7.3232,1.2075649878992,54,0.0949666666666671,3,2.0004,NA,52.8,5.3,4.1181542496425,NA,NA,NA
2560738,"Chris Herndon","NYJ","TE",NA,2,NA,6.1472,4.7976,8.828,2.99232672012934,10,0.187580952380952,3,4.0304,NA,19.4,3.3,9.10193214486833,NA,NA,NA
2541966,"Jaron Brown","FA","WR",30,7,NA,6.14,6.14,6.14,NA,55,0.179291666666666,4,0,NA,NA,NA,NA,NA,NA,NA
100011,"Packers","GB","DST",NA,NA,NA,6.13666666666667,5.79666666666667,8.7,1.65111073725134,17,0.0679166666666671,3,2.90333333333333,NA,NA,NA,5.07952541611792,NA,NA,NA
2561146,"Boston Scott","PHI","RB",25,2,NA,6.08983333333333,4.651,7.2284,1.48512262868163,45,0.27,7,2.5774,NA,42.7,6,5.28336354190074,NA,NA,NA
100005,"Bears","CHI","DST",NA,NA,NA,6.075,5.66,10.44,2.58808358958258,18,0.0404166666666672,3,4.78,NA,NA,NA,7.17316187193019,NA,NA,NA
100001,"Falcons","ATL","DST",NA,NA,NA,6.0625,5.845,6.27,0.228673712233537,19,0.0566666666666666,4,0.425000000000001,NA,NA,NA,1.90113449020708,NA,NA,NA
100012,"Titans","TEN","DST",NA,NA,NA,6.00666666666667,6.65,9.32,1.43564155229175,20,0.0261666666666658,5,2.67,NA,NA,NA,4.59806627926763,NA,NA,NA
100026,"Cardinals","ARI","DST",NA,NA,NA,6.005,5.19,6.696,0.877173491011518,21,0.0582500000000001,6,1.506,NA,NA,NA,3.35018690945026,NA,NA,NA
2562383,"Noah Fant","DEN","TE",50,1,NA,5.98709523809524,4.94646666666667,7.58686666666667,1.94253510111082,11,0.117440476190476,3,2.6404,NA,14.2,2.4,6.29783019390426,NA,NA,NA
2558066,"Curtis Samuel","CAR","WR",24,3,NA,5.97566666666667,5.2978,6.82,0.88683604271966,56,0.0557916666666669,4,1.5222,NA,55.8,5.8,3.89712428841929,NA,NA,NA
100031,"Buccaneers","TB","DST",NA,NA,NA,5.956,3.632,6.86,1.893589184591,22,0.0325833333333341,6,3.228,NA,NA,NA,5.62133590276753,NA,NA,NA
2562674,"Diontae Johnson","PIT","WR",NA,1,NA,5.94575,4.292,7.4053,1.69726512857204,57,0.0928750000000003,4,3.1133,NA,39,4.5,4.44443842637301,NA,NA,NA
100032,"Redskins","WAS","DST",NA,NA,NA,5.9375,4.998,6.983,1.10936543423106,23,0.113666666666667,6,1.985,NA,NA,NA,3.86901252522004,NA,NA,NA
2555364,"Tyler Higbee","LAR","TE",27,4,NA,5.93214285714286,4.336,7.65,1.73618321120127,12,0.156488095238094,3,3.314,NA,7.8,1.9,5.64144988967368,NA,NA,NA
100017,"Rams","LAR","DST",NA,NA,NA,5.90933333333333,5.468,6.47333333333333,0.591224717570795,24,0.207666666666667,6,1.00533333333333,NA,NA,NA,2.7112433423226,NA,NA,NA
2562805,"Preston Williams","MIA","WR",50,1,NA,5.894,5.0435,6.5625,0.870301480331193,58,0.0881249999999998,4,1.519,NA,50.5,7.3,4.33675381851151,NA,NA,NA
2540011,"Chris Thompson","JAC","RB",30,7,NA,5.83625,5.1452,6.528,0.680941765131204,46,0.118491666666666,8,1.3828,NA,48.3,7.9,4.96814254755754,NA,NA,NA
2562659,"N'Keal Harry","NE","WR",50,1,NA,5.81175,5.1528,6.4545,0.72374506331074,59,0.0167499999999992,4,1.3017,NA,57.5,6.9,4.04347916201666,NA,NA,NA
2543466,"Eric Ebron","PIT","TE",27,6,NA,5.80716666666667,4.3315,8.33,2.80633073009342,13,0.067795238095238,3,3.9985,NA,18,3,8.55935920305522,NA,NA,NA
2563617,"Zack Moss","BUF","RB",50,0,NA,5.80341666666667,5.04776666666667,6.8498,1.07748205708185,47,0.194091666666667,8,1.80203333333333,NA,34.4,5.2,4.48087867650017,NA,NA,NA
2556460,"Geronimo Allison","DET","WR",26,4,NA,5.8,5.8,5.8,NA,60,0.113875,4,0,NA,NA,NA,NA,NA,NA,NA
2562736,"Darius Slayton","NYG","WR",NA,1,NA,5.79,5.266,6.226,0.629523629421486,61,0.210508333333334,4,0.96,NA,46.1,4.2,3.10756942560907,NA,NA,NA
2559193,"Blake Jarwin","DAL","TE",26,3,NA,5.74414285714286,3.828,7.634,2.47681115069165,14,0.122295238095239,3,3.806,NA,14.5,3.7,7.99906367277414,NA,NA,NA
100004,"Panthers","CAR","DST",NA,NA,NA,5.73833333333333,2.2,6.406,2.71875992973921,25,0.0858333333333334,6,4.206,NA,NA,NA,7.46515405610429,NA,NA,NA
2540232,"Jack Doyle","IND","TE",30,7,NA,5.7346,3.976,8.504,2.92547189355837,15,0.24505238095238,3,4.528,NA,18.6,3,8.84434215217722,NA,NA,NA
100015,"Jaguars","JAC","DST",NA,NA,NA,5.665,5.5,5.898,0.235725829443162,26,0.0766666666666662,6,0.398,NA,NA,NA,1.91689222496321,NA,NA,NA
2532842,"Nick Foles","CHI","QB",31,8,NA,5.654,0.341,12.0078,6.45896978369358,35,0.468999999999999,7,11.6668,NA,34.3,3.3,7.58979372519649,NA,NA,NA
100007,"Browns","CLE","DST",NA,NA,NA,5.64,4.504,9.18,2.92287529668989,27,0.127666666666666,6,4.676,NA,NA,NA,7.92124344266035,NA,NA,NA
2552461,"Duke Johnson","HOU","RB",27,5,NA,5.6321,4.0764,7.626,2.02708899656626,48,0.236575000000001,8,3.5496,NA,46.9,3.8,5.16061359635146,NA,NA,NA
2541161,"Latavius Murray","NO","RB",30,7,NA,5.58655,4.208,6.9551,1.39850795939816,49,0.466550000000001,8,2.7471,NA,42.4,4.1,4.48221842643811,NA,NA,NA
497326,"Golden Tate","NYG","WR",32,10,NA,5.58225,4.5226,6.3093,1.1180806097952,62,0.0756499999999996,4,1.7867,NA,51.8,5.1,3.9526190047494,NA,NA,NA
2552597,"Breshad Perriman","NYJ","WR",27,5,NA,5.57673333333333,4.3502,6.6382,1.17192603577757,63,0.205,4,2.288,NA,60,6.5,4.44372418934065,NA,NA,NA
100023,"Giants","NYG","DST",NA,NA,NA,5.53666666666667,5.1,6.144,0.612862137841783,28,0.0826666666666664,6,1.044,NA,NA,NA,2.75959147938587,NA,NA,NA
2558207,"Jonnu Smith","TEN","TE",25,3,NA,5.50909523809524,3.92226666666667,7.68066666666667,2.64394771278414,16,0.0690952380952377,3,3.7584,NA,15.9,2.9,8.13838446773195,NA,NA,NA
100008,"Cowboys","DAL","DST",NA,NA,NA,5.488,4.148,9.044,2.90986597629513,29,0.0742500000000001,6,4.896,NA,NA,NA,7.89217452420018,NA,NA,NA
2495826,"Vernon Davis","FA","TE",36,14,NA,5.47,5.47,5.47,NA,17,0.0776428571428571,3,0,NA,NA,NA,NA,NA,NA,NA
2557848,"Corey Davis","TEN","WR",25,3,NA,5.43646666666667,4.8438,6.25626666666667,0.750312623733157,64,0.140533333333334,4,1.41246666666667,NA,68.9,4.7,3.40139087142497,NA,NA,NA
100013,"Texans","HOU","DST",NA,NA,NA,5.42,5.086,5.93,0.529402178562449,30,0.11625,6,0.844000000000001,NA,NA,NA,2.573102817614,NA,NA,NA
2495966,"Delanie Walker","FA","TE",36,14,NA,5.41,5.41,5.41,NA,18,0.0952500000000001,4,0,NA,NA,NA,NA,NA,NA,NA
100019,"Dolphins","MIA","DST",NA,NA,NA,5.4075,1.612,6.061,3.03624082268409,31,0.2075,6,4.449,NA,NA,NA,8.17455515544184,NA,NA,NA
2560747,"Hayden Hurst","ATL","TE",27,2,NA,5.37471428571429,4.072,6.2632,1.07094766667746,19,0.225071428571429,4,2.1912,NA,8.9,2.8,4.34324593161059,NA,NA,NA
2552466,"Marcus Mariota","LVR","QB",27,5,NA,5.33,0.826000000000001,9.834,7.96202235616053,37,0.7395,7,9.008,NA,NA,NA,10.8485015462418,NA,NA,NA
2563896,"Jerry Jeudy","DEN","WR",50,0,NA,5.307,4.726,5.9516,0.666662833322312,65,0.024566666666666,4,1.2256,NA,47,4.3,3.18147125291422,NA,NA,NA
2562712,"Hunter Renfrow","LVR","WR",50,1,NA,5.28486666666667,4.02,6.22066666666667,1.13360172312266,66,0.0986166666666666,4,2.20066666666667,NA,68.4,6.8,4.49081651615535,NA,NA,NA
2550617,"Taylor Gabriel","FA","WR",29,6,NA,5.28,5.28,5.28,NA,67,0.19925,4,0,NA,NA,NA,NA,NA,NA,NA
2560995,"Dallas Goedert","PHI","TE",26,2,NA,5.25478571428572,4.157,6.21,0.978631223407761,20,0.443202380952382,4,2.053,NA,14.8,3.9,4.48056792697089,NA,NA,NA
2552382,"Malcolm Brown","LAR","RB",27,5,NA,5.2045,4.3062,6.2268,0.959637040760724,50,0.207999999999999,8,1.9206,NA,49.2,7.3,5.09869506581444,NA,NA,NA
100018,"Raiders","LVR","DST",NA,NA,NA,5.2,5.04,5.36,0.282842712474619,32,NA,7,0.319999999999999,NA,NA,NA,2.0221734225491,NA,NA,NA
2563848,"CeeDee Lamb","DAL","WR",50,0,NA,5.0925,3.656,6.377,1.483298688734,68,0.108833333333334,4,2.721,NA,44,5.4,4.47027968117945,NA,NA,NA
2560787,"Allen Lazard","GB","WR",25,2,NA,5.069,4.3625,5.7983,0.790230767982788,69,0.179833333333334,5,1.4358,NA,52.1,5.6,3.72328540889917,NA,NA,NA
2555415,"Austin Hooper","CLE","TE",NA,4,NA,5.0445,4.36,5.635,0.695167246063852,21,0.523566666666667,4,1.275,NA,15.6,3,3.50950423891071,NA,NA,NA
2552033,"Jameis Winston","NO","QB",26,5,NA,5.04,-0.119,13.175,8.53088897282497,38,1.2445,7,13.294,NA,36.5,1.5,7.70209929093603,NA,NA,NA
2562699,"Tony Pollard","DAL","RB",NA,1,NA,5.0355,2.949,7.01,2.22281943711135,51,0.122875,8,4.061,NA,51.5,4.8,5.77043266048725,NA,NA,NA
2563548,"J.K. Dobbins","BAL","RB",50,0,NA,4.9575,4.3208,5.573,0.674211391182321,52,0.183525,8,1.2522,NA,33.4,6.3,4.37646783629619,NA,NA,NA
2558914,"Kendrick Bourne","SF","WR",25,3,NA,4.89833333333333,3.7024,6.16713333333333,1.21937306295763,70,0.0340833333333332,5,2.46473333333333,NA,73.4,10.8,5.81459498128699,NA,NA,NA
2552458,"Devin Funchess","GB","WR",26,5,NA,4.88,4.88,4.88,NA,71,0.0422500000000001,5,0,NA,NA,NA,NA,NA,NA,NA
2560935,"Darrel Williams","KC","RB",NA,2,NA,4.86775,2.8191,6.3356,2.05159226273156,53,0.253625,8,3.5165,NA,49.9,13.9,8.87302446694344,NA,NA,NA
2564418,"Bryan Edwards","LVR","WR",50,0,NA,4.8485,3.6441,6.0885,1.31236084976656,72,0.0250000000000004,5,2.4444,NA,60.6,8.6,5.24995891619345,NA,NA,NA
2565093,"Brandon Aiyuk","SF","WR",50,0,NA,4.827,3.4175,6.5117,1.70730606512131,73,0.00916666666666632,5,3.0942,NA,62.5,8,5.5269379969963,NA,NA,NA
2543828,"Quincy Enunwa","FA","WR",28,6,NA,4.82,4.82,4.82,NA,74,0.027166666666667,5,0,NA,NA,NA,NA,NA,NA,NA
2560920,"James Washington","PIT","WR",24,2,NA,4.81566666666667,3.598,6.154,1.32806124356773,75,0.0600416666666668,5,2.556,NA,65.2,8,5.08470289729874,NA,NA,NA
71269,"Michael Crabtree","FA","WR",33,11,NA,4.77,4.77,4.77,NA,76,0.0644749999999998,5,0,NA,NA,NA,NA,NA,NA,NA
2562495,"Parris Campbell","IND","WR",50,1,NA,4.74125,4.44165,5.12045,0.382187672049566,77,0.1031,5,0.678799999999999,NA,60.2,6.4,3.49222101967558,NA,NA,NA
2558204,"Jamaal Williams","GB","RB",NA,3,NA,4.6802,3.75,5.5866,0.98451267132526,54,0.146125000000001,8,1.8366,NA,58,6,4.65598725853965,NA,NA,NA
2557895,"Dede Westbrook","JAC","WR",27,3,NA,4.6698,2.636,6.756,2.35310076282339,78,0.0660499999999997,5,4.12,NA,82.6,12.2,7.56494437413428,NA,NA,NA
2552652,"Chris Conley","JAC","WR",28,5,NA,4.6065,3.0288,6.263,1.74600372279099,79,0.0343333333333335,5,3.2342,NA,77.7,8.6,5.7556272557096,NA,NA,NA
2564556,"Justin Jefferson","MIN","WR",50,0,NA,4.601,2.8371,5.8985,1.80362209641229,80,0.063366666666667,5,3.0614,NA,64.9,10.4,6.3735081540852,NA,NA,NA
2560994,"Mike Gesicki","MIA","TE",25,2,NA,4.57866666666667,3.82125,5.18475,0.770039717590376,22,0.204966666666667,4,1.3635,NA,16.2,3.6,3.883947026106,NA,NA,NA
2560756,"Justin Jackson","LAC","RB",25,2,NA,4.54805,2.8008,6.2869,1.71605434427351,55,0.0382999999999996,8,3.4861,NA,57.1,5.3,5.31760512985304,NA,NA,NA
2562721,"Deebo Samuel","SF","WR",50,1,NA,4.54333333333333,1.71733333333333,6.68,2.77152485105221,81,0.0848666666666658,5,4.96266666666667,NA,57.9,15.1,8.94009292208264,NA,NA,NA
2562580,"Mecole Hardman","KC","WR",50,1,NA,4.53193333333333,3.09533333333333,6.1218,1.61942113114532,82,0.147433333333333,5,3.02646666666667,NA,48.9,7.3,5.21029772639156,NA,NA,NA
2562682,"Alexander Mattison","MIN","RB",NA,1,NA,4.5201,2.702,6.2516,1.90166428425209,56,0.038733333333334,8,3.5496,NA,48.5,3.6,4.93052336336042,NA,NA,NA
2539265,"Rex Burkhead","NE","RB",30,7,NA,4.4994,3.454,5.351,0.970820168723333,57,0.0410833333333338,8,1.897,NA,55.7,6.5,4.82109000384923,NA,NA,NA
2507164,"Adrian Peterson","DET","RB",35,13,NA,4.46333333333333,3.9243,5.1457,0.686932472825548,58,0.0618833333333324,8,1.2214,NA,54.8,8.7,5.26727026808594,NA,NA,NA
2562378,"T.J. Hockenson","DET","TE",50,1,NA,4.4632,3.34,5.208,1.00669816727756,23,0.279500000000001,4,1.868,NA,NA,NA,5.50227303137205,NA,NA,NA
2506404,"Frank Gore","NYJ","RB",37,15,NA,4.4533,3.844,5.2314,0.789207165451505,59,0.124375000000001,8,1.3874,NA,61.5,4,3.68217570334394,NA,NA,NA
2535698,"Cole Beasley","BUF","WR",31,8,NA,4.385,3.631,5.084,0.726756492919052,83,0.0130000000000008,5,1.453,NA,69.2,4.7,3.37392220931803,NA,NA,NA
2564232,"Laviska Shenault","JAC","WR",50,0,NA,4.384,3.673,4.9314,0.862579271719417,84,0.0800333333333336,5,1.2584,NA,NA,NA,3.93464349016511,NA,NA,NA
2543590,"Cody Latimer","FA","WR",28,6,NA,4.36,4.36,4.36,NA,85,0.135833333333333,5,0,NA,NA,NA,NA,NA,NA,NA
2556885,"Jalen Richard","LVR","RB",27,4,NA,4.3496,3.0872,5.388,1.18361345041361,60,0.133808333333333,8,2.3008,NA,66.3,5.2,4.613885058251,NA,NA,NA
2543715,"Jerick McKinnon","SF","RB",28,6,NA,4.30825,3.1928,5.2319,1.12953275738245,61,0.203383333333333,8,2.0391,NA,62.3,7.9,5.53032742888523,NA,NA,NA
2560894,"Ian Thomas","CAR","TE",24,2,NA,4.2842,3.752,4.9846,0.62837743434977,24,0.218400000000001,5,1.2326,NA,23,3,3.34974453067871,NA,NA,NA
2495448,"Randall Cobb","HOU","WR",30,9,NA,4.24793333333333,3.35333333333333,4.99,0.925892794370205,86,0.0902333333333329,5,1.63666666666667,NA,61.2,5.9,3.97326215659323,NA,NA,NA
2540202,"Kenny Stills","HOU","WR",28,7,NA,4.2004,2.1688,5.866,2.03668868509647,87,0.1004,5,3.6972,NA,81.9,7.7,5.81924700736609,NA,NA,NA
2555261,"Jacoby Brissett","IND","QB",28,4,NA,4.141,0.1582,9.759,5.78030137622598,39,1.09808333333333,7,9.6008,NA,38,1,6.1021125771163,NA,NA,NA
2565054,"Joshua Kelley","LAC","RB",50,0,NA,4.12333333333333,2.5825,5.8875,1.91064125361094,62,0.050133333333334,8,3.305,NA,45.8,5,5.45210855546951,NA,NA,NA
2537931,"Josh Gordon","SEA","WR",29,8,NA,4.115,0.761,8.153,4.85154356880364,88,0.0331000000000001,5,7.392,NA,93,16,11.6409364372112,NA,NA,NA
2562574,"Darrell Henderson","LAR","RB",50,1,NA,4.0864,2.1,6.3188,2.41408052889708,63,0.0314000000000005,8,4.2188,NA,53.4,8.5,7.35886820970389,NA,NA,NA
2558846,"Mike Williams","LAC","WR",26,3,NA,4.085,0.817000000000001,7.353,5.77706240229409,89,0.0305999999999997,5,6.536,NA,NA,NA,15.3961417819993,NA,NA,NA
2495438,"Kyle Rudolph","MIN","TE",31,9,NA,4.0832,3.464,4.656,0.637378380555851,25,0.0499999999999989,5,1.192,NA,27.2,2.7,3.27359981857101,NA,NA,NA
2649,"Danny Amendola","DET","WR",35,12,NA,4.0788,3.156,5.14,1.01478431205848,90,0.0909333333333331,6,1.984,NA,77,5.1,3.83216581479983,NA,NA,NA
2560967,"Kalen Ballage","FA","RB",NA,2,NA,4.06,4.06,4.06,NA,64,0.0125000000000011,8,0,NA,91.5,3.8,3.34422833840248,NA,NA,NA
2563965,"D'Andre Swift","DET","RB",50,0,NA,4.05,1.9594,5.6534,2.1247939507946,65,0.00889999999999969,8,3.694,NA,38.7,6.4,6.23082484069227,NA,NA,NA
2557856,"O.J. Howard","TB","TE",26,3,NA,4.0484,2.7728,6.254,2.24127481581354,26,0.1711,5,3.4812,NA,27.3,3.3,7.30543309776458,NA,NA,NA
2560835,"Rashaad Penny","SEA","RB",24,2,NA,4.045,0.569000000000001,7.521,6.1447579285111,66,0.0394249999999996,8,6.952,NA,NA,NA,17.2977197775401,NA,NA,NA
2556466,"Peyton Barber","WAS","RB",26,4,NA,4.0372,2.7968,6.0592,1.89525386162382,67,0.1094,8,3.2624,NA,70.4,7.2,6.23477977493683,NA,NA,NA
2533039,"Alshon Jeffery","PHI","WR",30,8,NA,4.03,0.806000000000001,7.254,5.69928065636357,91,0.127591666666667,6,6.448,NA,NA,NA,15.2147401321346,NA,NA,NA
2495700,"Greg Olsen","SEA","TE",35,13,NA,4.018,3.42,4.454,0.533497891279806,27,0.414700000000001,5,1.034,NA,23.1,2.2,2.8623287704859,NA,NA,NA
2560742,"Nyheim Hines","IND","RB",24,2,NA,3.97395,3.2403,4.8,0.780620914721096,68,0.273124999999999,8,1.5597,NA,53.9,5.7,4.29110775985851,NA,NA,NA
2560907,"Marquez Valdes-Scantling","GB","WR",26,2,NA,3.94573333333333,2.88733333333333,5.46733333333333,1.51246888673233,92,0.119891666666667,6,2.58,NA,82.2,6.2,4.74904707776339,NA,NA,NA
2540156,"Giovani Bernard","CIN","RB",29,7,NA,3.88165,3.3988,4.286,0.452525399839611,69,0.379125,8,0.8872,NA,66.7,4.4,3.40604813334894,NA,NA,NA
2560836,"Dante Pettis","SF","WR",25,2,NA,3.85908333333333,2.002,6.6569,2.91075267566465,93,0.0684166666666668,6,4.6549,NA,111.8,12.7,8.36818903511412,NA,NA,NA
2560878,"Tre'Quan Smith","NO","WR",NA,2,NA,3.7926,2.8538,5.084,1.29149285712311,94,0.0940000000000003,6,2.2302,NA,78.8,7.2,4.79730851777612,NA,NA,NA
2562631,"Miles Boykin","BAL","WR",50,1,NA,3.78873333333333,2.428,5.3748,1.50996384062666,95,0.264566666666666,6,2.9468,NA,77.4,6,4.68493790745804,NA,NA,NA
2540148,"Tyler Eifert","JAC","TE",30,7,NA,3.7366,2.8458,4.388,0.800492223572472,28,0.3158,5,1.5422,NA,25.5,2,3.43585661793261,NA,NA,NA
2558194,"Josh Reynolds","LAR","WR",25,3,NA,3.60846666666667,2.2618,4.875,1.4080883139917,96,0.173533333333333,6,2.6132,NA,86.8,5.9,4.53554744455042,NA,NA,NA
2532797,"Brandon Bolden","NE","RB",30,8,NA,3.52,3.52,3.52,NA,70,0.0424750000000005,8,0,NA,NA,NA,NA,NA,NA,NA
2543743,"Carlos Hyde","SEA","RB",29,6,NA,3.48505,2.964,4.1445,0.649650877394928,71,0.0170916666666665,8,1.1805,NA,63.1,7.8,4.89247556125283,NA,NA,NA
2506467,"Darren Sproles","FA","RB",37,15,NA,3.47,3.47,3.47,NA,72,0.115116666666667,8,0,NA,NA,NA,NA,NA,NA,NA
2495139,"Charles Clay","FA","TE",31,9,NA,3.47,3.47,3.47,NA,29,0.175575,6,0,NA,NA,NA,NA,NA,NA,NA
2559924,"Ito Smith","ATL","RB",25,2,NA,3.46591666666667,2.7254,4.2457,0.8177467857201,73,0.226491666666667,8,1.5203,NA,75.9,3.9,3.68148973008564,NA,NA,NA
2495143,"Andy Dalton","DAL","QB",33,9,NA,3.45,-0.098,8.914,5.68068657822274,40,0.83025,7,9.012,NA,NA,NA,8.61089455956132,NA,NA,NA
2558010,"John Ross","CIN","WR",NA,3,NA,3.43986666666667,2.38766666666667,4.018,1.09548255729306,97,0.0368666666666666,6,1.63033333333333,NA,73.6,5.7,4.10983170542343,NA,NA,NA
2532790,"Travis Benjamin","SF","WR",31,8,NA,3.43,3.43,3.43,NA,98,0.074875,6,0,NA,NA,NA,NA,NA,NA,NA
2561061,"Russell Gage","ATL","WR",24,2,NA,3.376,2.8953,3.8603,0.526479502608285,99,0.0466249999999997,6,0.965000000000001,NA,74.9,5,3.23216249523727,NA,NA,NA
2540928,"Darren Fells","HOU","TE",34,8,NA,3.3716,2.1848,4.4,1.11534425178955,30,0.167975,6,2.2152,NA,30.4,4.2,4.90525714711134,NA,NA,NA
2564136,"Michael Pittman","IND","WR",50,0,NA,3.33425,1.07,5.4419,2.3552647940306,100,0.0418000000000003,6,4.3719,NA,62.7,6.1,5.70123227792088,NA,NA,NA
2553499,"Damiere Byrd","NE","WR",NA,NA,NA,3.3245,2.6931,3.7275,0.669709638574808,101,0.0642999999999998,6,1.0344,NA,101.3,10,4.92888357181156,NA,NA,NA
2553895,"Adam Humphries","TEN","WR",NA,NA,NA,3.2604,2.9688,3.572,0.296986194965355,102,0.0173999999999999,7,0.6032,NA,85.4,3.9,2.6280174516572,NA,NA,NA
2562865,"Scott Miller","TB","WR",50,1,NA,3.26,2.588,3.932,1.1879393923934,103,0.0345000000000004,7,1.344,NA,102.3,13.2,6.51219698132937,NA,NA,NA
2560711,"Chase Edmonds","ARI","RB",24,2,NA,3.24385,2.4929,3.8068,0.708270331511916,74,0.0268999999999999,8,1.3139,NA,57,5.8,4.23688879425925,NA,NA,NA
2562406,"Bryce Love","WAS","RB",50,1,NA,3.235,3.055,3.415,0.318198051533946,75,0.0393750000000002,8,0.359999999999999,NA,66,7.8,4.47709101098076,NA,NA,NA
2530700,"Dontrelle Inman","WAS","WR",31,7,NA,3.226,2.0752,4.156,1.17642849336456,104,0.0152916666666667,7,2.0808,NA,100.1,10.2,5.58095342418724,NA,NA,NA
2559278,"Greg Ward","PHI","WR",50,3,NA,3.225,2.973,3.477,0.445477272147525,105,0.0684583333333331,7,0.504,NA,92,11.6,5.15691197053361,NA,NA,NA
2552559,"C.J. Uzomah","CIN","TE",27,5,NA,3.21725,1.8797,4.381,1.37696656338005,31,0.0882499999999995,6,2.5013,NA,NA,NA,7.27362016982776,NA,NA,NA
2560862,"Jaylen Samuels","PIT","RB",24,2,NA,3.1989,1.44,5.3858,2.00039397369618,76,0.029725,8,3.9458,NA,79.8,6.8,6.22073384776844,NA,NA,NA
2557863,"Zay Jones","LVR","WR",25,3,NA,3.19641666666667,1.2855,5.8682,2.73174389254272,106,0.123683333333333,7,4.5827,NA,141.3,14.5,8.71014043279197,NA,NA,NA
2560733,"Royce Freeman","DEN","RB",24,2,NA,3.19235,1.2652,5.7835,2.38233881668834,77,0.0647500000000001,8,4.5183,NA,83.7,5.6,6.26196615748833,NA,NA,NA
2552399,"Jeff Heuerman","FA","TE",28,5,NA,3.19,3.19,3.19,NA,32,0.1386,6,0,NA,NA,NA,NA,NA,NA,NA
2562407,"Justice Hill","BAL","RB",50,1,NA,3.146,1.4398,5.529,2.42570622018963,78,0.0909833333333334,8,4.0892,NA,84.7,7.3,6.9360077668992,NA,NA,NA
2552424,"Phillip Dorsett","SEA","WR",27,5,NA,3.11666666666667,2.5908,3.7108,0.567026748340264,107,0.107225000000001,7,1.12,NA,94,5.4,3.40182049629154,NA,NA,NA
79607,"LeSean McCoy","TB","RB",32,11,NA,3.1092,2.1496,4.4348,1.31014758710612,79,0.15595,8,2.2852,NA,74.9,9.8,6.44927577703574,NA,NA,NA
2557889,"Gerald Everett","LAR","TE",26,3,NA,3.068,2.016,4.184,1.19338593925017,33,0.0456000000000003,6,2.168,NA,31.7,3.1,4.73379026101671,NA,NA,NA
2561046,"Will Dissly","SEA","TE",NA,2,NA,3.0348,1.88,4.504,1.37058936228179,34,0.0525499999999997,6,2.624,NA,29.8,3,5.12509855563601,NA,NA,NA
2550256,"Willie Snead","BAL","WR",28,6,NA,3.0288,2.1616,4.154,1.09306779295705,108,0.0487583333333337,7,1.9924,NA,101.3,6.9,4.47414417016796,NA,NA,NA
2552403,"Nick OLeary","LVR","TE",28,5,NA,3.01,3.01,3.01,NA,35,0.0555000000000003,6,0,NA,NA,NA,NA,NA,NA,NA
2562622,"Ryquell Armstead","JAC","RB",NA,1,NA,3.00083333333333,0.869,4.776,2.32371888240476,80,0.102225,8,3.907,NA,81.5,14.4,9.39632252181785,NA,NA,NA
2552600,"Nelson Agholor","LVR","WR",27,5,NA,2.99008333333333,1.53763333333333,5.185,2.28944360659479,109,0.0583166666666668,7,3.64736666666667,NA,108.2,4.8,5.22675625568156,NA,NA,NA
2532978,"Jarius Wright","FA","WR",31,8,NA,2.97,2.97,2.97,NA,110,0.0782333333333334,8,0,NA,NA,NA,NA,NA,NA,NA
2558954,"Taysom Hill","NO","TE",30,3,NA,2.9545,2.7197,3.1893,0.415071680556504,36,0.0100500000000001,6,0.4696,NA,33,0.2,1.92789083602031,NA,NA,NA
2558954,"Taysom Hill","NO","TE",30,3,NA,2.9545,2.7197,3.1893,0.415071680556504,36,0.0408000000000004,6,0.4696,NA,23.5,2.5,2.67673074243857,NA,NA,NA
2562738,"Irv Smith Jr.","MIN","TE",50,1,NA,2.9344,2.248,3.3552,0.651833414301538,37,0.0449000000000002,6,1.1072,NA,25.5,3.1,3.43840895722635,NA,NA,NA
2558112,"Brian Hill","ATL","RB",25,3,NA,2.90566666666667,2.81216666666667,2.9977,0.104097176821575,81,0.038241666666667,9,0.185533333333333,NA,68.6,5.4,3.33391464163106,NA,NA,NA
2558985,"Tim Patrick","DEN","WR",27,3,NA,2.89353333333333,2.63733333333333,3.2804,0.369776103428368,111,0.0104083333333325,8,0.643066666666667,NA,100.9,10.7,4.79329106398485,NA,NA,NA
2557986,"David Njoku","CLE","TE",24,3,NA,2.893,1.92,4.494,1.71101431905171,38,0.0210999999999992,6,2.574,NA,35.8,4.6,6.46031940658916,NA,NA,NA
2495469,"Dion Lewis","NYG","RB",30,9,NA,2.89155,1.446,5.3731,2.46554383199731,82,0.075275,9,3.9271,NA,76.9,3.2,5.49138058774626,NA,NA,NA
2562465,"Olabisi Johnson","MIN","WR",50,1,NA,2.89,2.466,3.426,0.647147587494537,112,0.0410416666666671,8,0.96,NA,88,9.3,4.68841592107696,NA,NA,NA
2505629,"Jason Witten","LVR","TE",38,17,NA,2.886,2.0982,3.725,0.887707158921229,39,0.0624750000000005,6,1.6268,NA,44,4.9,4.58866220386311,NA,NA,NA
2561002,"DaeSean Hamilton","DEN","WR",25,2,NA,2.87625,1.4975,5.242,2.59102095385841,113,0.060916666666667,8,3.7445,NA,118.5,12.3,7.8729756998962,NA,NA,NA
497236,"Jimmy Graham","CHI","TE",34,10,NA,2.8578,1.72,3.98,1.29549766499211,40,0.10955,6,2.26,NA,30.2,2.6,4.81524789901052,NA,NA,NA
2562743,"Benny Snell","PIT","RB",50,1,NA,2.8433,1.826,4.0306,1.13962787786189,83,0.0542583333333333,9,2.2046,NA,64.8,5.2,4.55876129448344,NA,NA,NA
2564802,"Denzel Mims","NYJ","WR",50,0,NA,2.82166666666667,1.84,3.812,1.23264282471985,114,0.0337916666666667,8,1.972,NA,85,9.9,5.5547225403084,NA,NA,NA
2556190,"Jakeem Grant","MIA","WR",28,4,NA,2.809,1.873,3.4154,0.950801503995445,115,0.0456250000000002,8,1.5424,NA,103.5,8.2,4.7059706408763,NA,NA,NA
2563986,"AJ Dillon","GB","RB",50,0,NA,2.78925,1.6865,3.4894,1.16602983809735,84,0.0105,9,1.8029,NA,59.6,5.8,4.81056387541697,NA,NA,NA
2564586,"Devin Asiasi","NE","TE",50,0,NA,2.78925,2.5876,2.9635,0.213484386626595,41,0.144625,6,0.3759,NA,36.1,3.6,2.55267935207249,NA,NA,NA
2562832,"Darwin Thompson","KC","RB",NA,1,NA,2.78883333333333,0.9281,5.0197,2.30281728420742,85,0.032575,9,4.0916,NA,84.1,6,6.30811789680226,NA,NA,NA
2564043,"Darrynton Evans","TEN","RB",50,0,NA,2.76866666666667,1.4542,3.9258,1.36028787802844,86,0.0317416666666666,9,2.4716,NA,64.3,5.7,5.01756015994148,NA,NA,NA
2562466,"JJ Arcega-Whiteside","PHI","WR",NA,1,NA,2.76675,1.5793,3.98,1.38882933316757,116,0.0565000000000002,8,2.4007,NA,83.2,8.8,5.40031640475476,NA,NA,NA
2552656,"J.J. Nelson","FA","WR",28,5,NA,2.76,2.76,2.76,NA,117,0.0997499999999998,8,0,NA,NA,NA,NA,NA,NA,NA
2561324,"Gus Edwards","BAL","RB",25,2,NA,2.74385,1.938,3.4016,0.811967818019902,87,0.0963500000000002,9,1.4636,NA,71,5.4,4.22103493448472,NA,NA,NA
2561461,"Dontrell Hilliard","FA","RB",50,2,NA,2.73,0.594000000000001,4.866,3.77595021153616,88,0.290625,9,4.272,NA,NA,NA,11.3604276416792,NA,NA,NA
2543767,"Logan Thomas","WAS","TE",29,6,NA,2.70725,1.259,4.3497,1.78109430313689,42,0.143750000000001,6,3.0907,NA,35.4,6.1,7.11632298419873,NA,NA,NA
2558877,"Zach Pascal","IND","WR",26,3,NA,2.6605,1.9806,3.288,0.726067719523003,118,0.00483333333333302,8,1.3074,NA,91,6.3,3.86262344398269,NA,NA,NA
2556396,"Chester Rogers","FA","WR",26,4,NA,2.66,2.66,2.66,NA,119,0.0565333333333333,8,0,NA,NA,NA,NA,NA,NA,NA
2555468,"Rashard Higgins","CLE","WR",26,4,NA,2.65133333333333,1.412,3.90933333333333,1.23451204935391,120,0.142033333333333,8,2.49733333333333,NA,116,15.7,7.33135571512003,NA,NA,NA
2532888,"Case Keenum","CLE","QB",32,8,NA,2.63583333333333,-0.105,7.116,4.7797306409462,41,0.0321666666666669,8,7.221,NA,NA,NA,7.72720820377043,NA,NA,NA
2558954,"Taysom Hill","NO","QB",30,3,NA,2.60366666666667,1.9906,3.3554,0.904291066711008,42,0.2145,8,1.3648,NA,33,0.2,3.30915184520421,NA,NA,NA
2558954,"Taysom Hill","NO","QB",30,3,NA,2.60366666666667,1.9906,3.3554,0.904291066711008,42,0.642,8,1.3648,NA,23.5,2.5,4.46400316944288,NA,NA,NA
2540215,"Vance McDonald","PIT","TE",30,7,NA,2.582,1.108,4.426,1.87271727711366,43,0.0528333333333331,6,3.318,NA,41.8,6.3,7.40059956449642,NA,NA,NA
2560817,"Ryan Nall","CHI","RB",25,2,NA,2.565,2.457,2.673,0.190918830920368,89,0.335041666666667,10,0.216,NA,71.4,14.2,6.65054185739815,NA,NA,NA
2507166,"Ted Ginn","CHI","WR",35,13,NA,2.5556,1.5328,4.008,1.42379310294719,121,0.1101,8,2.4752,NA,107.3,11.9,6.38950223863966,NA,NA,NA
2562681,"Dawson Knox","BUF","TE",50,1,NA,2.545,1.771,3.347,0.855199781727443,44,0.083333333333333,6,1.576,NA,26.1,2.6,3.76206539167456,NA,NA,NA
2562744,"Jace Sternberger","GB","TE",NA,1,NA,2.51333333333333,1.608,3.608,1.31549737108568,45,0.110133333333334,6,2,NA,35,4.7,5.54681013323482,NA,NA,NA
2562492,"Jakobi Meyers","NE","WR",50,1,NA,2.463,2.338,2.5772,0.151317546900549,122,0.046875,9,0.2392,NA,102.2,6.3,3.19241073323386,NA,NA,NA
2565273,"Antonio Gandy-Golden","WAS","WR",50,0,NA,2.428,1.34,3.8872,1.78335414318076,123,0.0623749999999998,9,2.5472,NA,NA,NA,6.08206354147456,NA,NA,NA
2534820,"Garrett Celek","FA","TE",32,8,NA,2.41,2.41,2.41,NA,46,0.0689250000000001,6,0,NA,NA,NA,NA,NA,NA,NA
2562669,"Andy Isabella","ARI","WR",NA,1,NA,2.40425,1.392,3.5087,1.1808890365596,124,0.0972166666666667,9,2.1167,NA,95.3,6.5,4.45417589050876,NA,NA,NA
2552402,"Nick Boyle","BAL","TE",27,5,NA,2.3964,1.564,3.2408,0.836949699802802,47,0.119825,6,1.6768,NA,36.9,4.9,4.46725151784304,NA,NA,NA
2555478,"Demarcus Robinson","KC","WR",NA,4,NA,2.327,1.7196,2.96,0.692990620427146,125,0.0420916666666664,9,1.2404,NA,97.4,7.3,4.12999269390101,NA,NA,NA
2540230,"Kyle Juszczyk","SF","RB",29,7,NA,2.31375,1.7575,2.857,0.607774286502262,90,0.246316666666667,10,1.0995,NA,91.9,6.6,4.40256478823506,NA,NA,NA
2530515,"Chris Hogan","NYJ","WR",32,9,NA,2.28706666666667,0.8428,3.56466666666667,1.34653040564754,126,0.00985833333333375,9,2.72186666666667,NA,106.9,9.4,5.53455603385994,NA,NA,NA
2541316,"Ryan Griffin","NYJ","TE",30,7,NA,2.28575,1.4481,3.1,0.941427417984697,48,0.0532500000000002,7,1.6519,NA,47.7,6.5,5.23809194867556,NA,NA,NA
2564358,"Van Jefferson","LAR","WR",50,0,NA,2.28275,1.234,2.9577,1.1235287787443,127,0.0316666666666663,9,1.7237,NA,82.1,6.6,4.41788246530605,NA,NA,NA
2558071,"Isaiah Ford","MIA","WR",24,3,NA,2.27166666666667,1.392,2.948,1.06750097579971,128,0.0764166666666668,9,1.556,NA,110,8.7,4.99502331915473,NA,NA,NA
2560951,"Jordan Akins","HOU","TE",28,2,NA,2.2674,1.588,2.7248,0.674928736978949,49,0.1293,7,1.1368,NA,35,6,4.43784189021128,NA,NA,NA
2564970,"Chase Claypool","PIT","WR",50,0,NA,2.2305,0.99,3.2674,1.26999251966301,129,0.0758333333333336,9,2.2774,NA,84.7,5.7,4.31332672030787,NA,NA,NA
2550656,"Cameron Brate","TB","TE",29,6,NA,2.1976,1.0592,3.718,1.43332438756898,50,0.1383,7,2.6588,NA,46.9,5.2,5.99144095671531,NA,NA,NA
2562746,"Jarrett Stidham","NE","QB",50,1,NA,2.17466666666667,0.00519999999999993,4.9156,3.30901455622869,43,0.4875,8,4.9104,NA,35.3,2.4,5.59310703962737,NA,NA,NA
2560847,"Trey Quinn","FA","WR",25,2,NA,2.16,0.664,3.656,2.64457936163769,130,0.0407083333333333,9,2.992,NA,NA,NA,8.09060261017501,NA,NA,NA
2558856,"David Moore","SEA","WR",25,3,NA,2.14933333333333,1.5964,2.59,0.666874300999321,131,0.0807083333333334,9,0.9936,NA,97.9,4.7,3.30409394638949,NA,NA,NA
2556440,"J.D. McKissic","WAS","RB",27,4,NA,2.14616666666667,1.5564,2.7216,0.728910888472201,91,0.196816666666667,10,1.1652,NA,NA,NA,3.72318360500844,NA,NA,NA
2559153,"Keelan Cole","JAC","WR",27,3,NA,2.08925,1.62035,2.67335,0.606985516027085,132,0.0450000000000004,9,1.053,NA,121,7.7,4.15207876253354,NA,NA,NA
2558832,"Mo Alie-Cox","IND","TE",27,4,NA,2.0786,1.534,2.546,0.51639113083011,51,0.0432666666666668,7,1.012,NA,45.8,5.9,4.02606529079014,NA,NA,NA
2563551,"Devin Duvernay","BAL","WR",50,0,NA,2.048,1.4496,2.6464,1.05783174465508,133,0.0308333333333333,9,1.1968,NA,98.4,8.8,5.01434211259216,NA,NA,NA
2560890,"Auden Tate","CIN","WR",23,2,NA,2.0405,1.7,2.4134,0.398699134686796,134,0.0770833333333329,10,0.7134,NA,95.5,7.1,3.72563311570972,NA,NA,NA
2532835,"Rhett Ellison","FA","TE",32,8,NA,2.04,2.04,2.04,NA,52,0.0470416666666664,7,0,NA,NA,NA,NA,NA,NA,NA
2558956,"Jacob Hollister","SEA","TE",27,3,NA,2.03066666666667,1.1836,3.15,1.36305588048815,53,0.0887416666666665,7,1.9664,NA,57.4,5.5,5.92103505880874,NA,NA,NA
2560883,"Equanimeous St. Brown","GB","WR",24,2,NA,1.99383333333333,1.7923,2.2563,0.318597054809572,135,0.0645,10,0.464,NA,117.9,12.8,5.37608602101652,NA,NA,NA
2552429,"Ty Montgomery","NO","RB",27,5,NA,1.9887,0.7004,3.672,1.724034352906,92,0.1012,10,2.9716,NA,97.2,9.4,6.82215848616264,NA,NA,NA
2558942,"Anthony Firkser","TEN","TE",50,2,NA,1.95525,0.9823,2.808,1.01256946263783,54,0.050575,7,1.8257,NA,49.9,4.2,4.65942219254111,NA,NA,NA
2565069,"Joe Reed","LAC","WR",50,0,NA,1.933,1.291,2.6454,0.733227568130568,136,0.00891666666666691,10,1.3544,NA,102.7,8,4.39107093501431,NA,NA,NA
2559270,"Robert Tonyan","GB","TE",26,3,NA,1.9286,1.072,2.5432,0.776878240138054,55,0.0665583333333335,7,1.4712,NA,40.7,4.2,4.09565415707185,NA,NA,NA
2560729,"Robert Foster","FA","WR",NA,2,NA,1.92566666666667,0.4694,3.8694,2.37265385872726,137,0.0379166666666668,10,3.4,NA,NA,NA,7.45642123152215,NA,NA,NA
2540145,"Cordarrelle Patterson","CHI","WR",29,7,NA,1.9225,1.536,2.282,0.469900255373415,138,0.106,10,0.746,NA,87,12.7,5.52192574531462,NA,NA,NA
2533457,"Alfred Morris","FA","RB",32,8,NA,1.91,1.91,1.91,NA,93,0.0823,10,0,NA,NA,NA,NA,NA,NA,NA
2540160,"Jordan Reed","SF","TE",30,7,NA,1.88075,0.7919,2.705,1.16698282620897,56,0.102208333333333,7,1.9131,NA,42,6.4,5.74505709047814,NA,NA,NA
2562293,"Ty Johnson","DET","RB",NA,1,NA,1.865,0.655,3.135,1.55543402303023,94,0.0898000000000001,10,2.48,NA,108.4,15.9,8.98027724039078,NA,NA,NA
2563731,"Tee Higgins","CIN","WR",50,0,NA,1.853,0.611,3.1034,1.41143638420818,139,0.114,10,2.4924,NA,87.4,7.6,5.05955004378392,NA,NA,NA
2562317,"Foster Moreau","LVR","TE",50,1,NA,1.84333333333333,1.156,2.476,0.833446658961048,57,0.157858333333333,7,1.32,NA,50.9,8.7,5.69608608237461,NA,NA,NA
2552471,"T.J. Yeldon","BUF","RB",27,5,NA,1.7904,0.3334,3.7072,1.81819891651051,95,0.0378999999999998,10,3.3738,NA,95.7,5.6,5.55497264154171,NA,NA,NA
2564850,"Jalen Reagor","PHI","WR",50,0,NA,1.78,0.356,3.204,2.51730014102411,140,0.124541666666667,10,2.848,NA,NA,NA,7.79376354676003,NA,NA,NA
2562725,"Jordan Scarlett","FA","RB",NA,1,NA,1.76,1.76,1.76,NA,96,0.0275000000000001,10,0,NA,NA,NA,NA,NA,NA,NA
2560860,"Mason Rudolph","PIT","QB",25,2,NA,1.74866666666667,0.8632,2.9192,1.42553335048091,45,0.329833333333333,8,2.056,NA,NA,NA,4.43730438319641,NA,NA,NA
2559362,"Dare Ogunbowale","FA","RB",NA,3,NA,1.745,1.745,1.745,NA,97,0.0549999999999999,0,0,NA,91.5,7.8,6.26042857262849,NA,NA,NA
2508101,"James Develin","FA","RB",32,10,NA,1.72,1.72,1.72,NA,98,0.0602499999999999,0,0,NA,NA,NA,NA,NA,NA,NA
2559385,"Dan Arnold","ARI","TE",50,3,NA,1.71375,0.9945,2.31,0.733455008845123,58,0.0589833333333334,7,1.3155,NA,35.8,4.3,4.02434503374666,NA,NA,NA
2556661,"Kalif Raymond","TEN","WR",26,4,NA,1.698,1.536,1.8192,0.197818098262014,141,0.165333333333333,11,0.2832,NA,109.2,8.6,3.95029733397415,NA,NA,NA
2558273,"T.J. Logan","TB","RB",26,3,NA,1.66,1.66,1.66,NA,99,0.00274999999999981,11,0,NA,NA,NA,NA,NA,NA,NA
2564994,"Anthony McFarland","PIT","RB",50,0,NA,1.6595,1.1306,2.1,0.539704548804251,100,0.0125249999999999,11,0.9694,NA,69.8,6.7,4.35371067986042,NA,NA,NA
2552468,"Maxx Williams","ARI","TE",26,5,NA,1.6572,0.848,2.476,0.818919532066491,59,0.0202833333333332,7,1.628,NA,57.5,4.5,4.2938907401192,NA,NA,NA
2563327,"D'Ernest Johnson","CLE","RB",NA,1,NA,1.655,1.635,1.675,0.0353553390593274,101,0.0498166666666668,11,0.0400000000000003,NA,NA,NA,1.98482304505113,NA,NA,NA
2563704,"Cole Kmet","CHI","TE",50,0,NA,1.65233333333333,0.768,2.3336,1.07273311374886,60,0.0318333333333332,7,1.5656,NA,47.4,5.2,5.12891484355419,NA,NA,NA
2553439,"Mike Davis","CAR","RB",27,5,NA,1.63895,0.203,3.2799,1.64824410737609,102,0.0858666666666668,11,3.0769,NA,84.5,7.9,6.18038880723805,NA,NA,NA
2565045,"Justin Herbert","LAC","QB",50,0,NA,1.62566666666667,0.263,3.1126,1.80120691019475,46,0.508666666666667,8,2.8496,NA,36.4,4.5,5.90808356364729,NA,NA,NA
2553318,"James OShaughnessy","JAC","TE",NA,NA,NA,1.6215,1.1172,2.183,0.593325936283479,61,0.0317500000000002,7,1.0658,NA,54.7,8.7,5.12172278337853,NA,NA,NA
2552633,"Jesse James","DET","TE",26,5,NA,1.6195,0.9824,2.225,0.670582582535515,62,0.07725,7,1.2426,NA,50.5,3.8,3.71116433816506,NA,NA,NA
2555317,"Tajae Sharpe","MIN","WR",26,4,NA,1.61291666666667,0.8455,2.53,0.935064243188076,142,0.200875,11,1.6845,NA,121.6,9.3,5.02415379724261,NA,NA,NA
2555223,"Devontae Booker","LVR","RB",28,4,NA,1.57141666666667,0.5607,2.8894,1.32535799147082,104,0.0523749999999998,11,2.3287,NA,89.7,6.8,5.3747627290556,NA,NA,NA
2562740,"Kaden Smith","NYG","TE",NA,1,NA,1.56,1.096,2.024,0.820243866176395,63,0.0427499999999998,7,0.928,NA,64,3.5,3.97147594913548,NA,NA,NA
2560933,"Jordan Wilkins","IND","RB",26,2,NA,1.53475,0.6439,2.6246,1.10061842464438,105,0.0947500000000003,11,1.9807,NA,92.2,4.9,4.40051621281828,NA,NA,NA
2495888,"Marcedes Lewis","GB","TE",36,14,NA,1.5245,0.7874,2.59,1.11324196231847,64,0.0483750000000001,7,1.8026,NA,68.4,10.1,6.82116566983086,NA,NA,NA
2562750,"Tommy Sweeney","BUF","TE",50,1,NA,1.51,1.51,1.51,NA,65,0.0692500000000003,8,0,NA,NA,NA,NA,NA,NA,NA
2559150,"Corey Clement","PHI","RB",NA,3,NA,1.50333333333333,0.879,2.105,0.715184513876586,106,0.150791666666667,11,1.226,NA,91.3,9.3,5.52139141421967,NA,NA,NA
2562677,"KeeSean Johnson","ARI","WR",50,1,NA,1.45241666666667,0.3971,2.651,1.22836523025071,143,0.0955833333333334,11,2.2539,NA,110.1,12.1,6.22280302579736,NA,NA,NA
2541834,"Josh Hill","NO","TE",30,7,NA,1.44225,0.7803,1.878,0.687580480137901,66,0.032,8,1.0977,NA,50.6,12.2,6.4867164933059,NA,NA,NA
2541187,"Demetrius Harris","CHI","TE",29,7,NA,1.43925,0.6281,2.575,1.197116918545,67,0.073375,8,1.9469,NA,67.3,11.1,7.34737522256644,NA,NA,NA
2558144,"Adam Shaheen","MIA","TE",26,3,NA,1.38125,0.459,2.4185,1.06708618052464,68,0.0387499999999998,8,1.9595,NA,60,6.9,5.6688978735254,NA,NA,NA
2562665,"Travis Homer","SEA","RB",50,1,NA,1.37666666666667,0.976,1.784,0.505206228517952,107,0.0694583333333332,11,0.808,NA,97.9,6.1,4.09176154829839,NA,NA,NA
2562713,"Riley Ridley","CHI","WR",50,1,NA,1.37166666666667,0.586,2.462,1.34530975367509,144,0.0506666666666666,11,1.876,NA,140.1,17.1,7.88887260807948,NA,NA,NA
2553454,"Geoff Swaim","TEN","TE",NA,NA,NA,1.3505,0.2066,3.246,2.02799432938063,69,0.0170000000000003,8,3.0394,NA,92.3,9.8,8.91155772453046,NA,NA,NA
2561224,"Keith Kirkwood","CAR","WR",50,2,NA,1.342,0.2712,2.7752,1.75067187102552,145,0.0863333333333334,11,2.504,NA,156,3,4.04780532312801,NA,NA,NA
2495234,"Luke Stocker","ATL","TE",32,9,NA,1.3345,0.4076,2.861,1.64830852694512,70,0.00875000000000004,8,2.4534,NA,66.2,14.5,9.53359600350804,NA,NA,NA
2557886,"Jeremy Sprinkle","WAS","TE",26,3,NA,1.3325,0.604,1.927,0.738348382088925,71,0.0329999999999999,8,1.323,NA,50.2,8,5.24070537271032,NA,NA,NA
2557952,"Wayne Gallman","NYG","RB",26,3,NA,1.32841666666667,0.4665,2.4416,1.130083096748,108,0.0472499999999996,11,1.9751,NA,89.9,7.6,5.42165961846008,NA,NA,NA
2555289,"Nick Vannett","DEN","TE",NA,4,NA,1.319,0.6292,2.292,0.995799846019939,72,0.0942499999999997,8,1.6628,NA,71.6,8.5,6.01931469401608,NA,NA,NA
2556519,"Alex Erickson","CIN","WR",28,4,NA,1.3,0.5968,2.2752,1.20299667497462,146,0.119333333333333,11,1.6784,NA,124.8,10.3,5.64252844613878,NA,NA,NA
2565144,"DeeJay Dallas","SEA","RB",50,0,NA,1.286,0.9823,1.7265,0.461570507434491,109,0.0624166666666668,11,0.7442,NA,81.1,7.3,4.47450626183044,NA,NA,NA
2557033,"Garrett Griffin","NO","TE",NA,NA,NA,1.28,1.28,1.28,NA,73,0.11275,8,0,NA,NA,NA,NA,NA,NA,NA
2564808,"Lamical Perine","NYJ","RB",50,0,NA,1.27633333333333,0.9984,1.6328,0.431418976556819,110,0.133416666666667,11,0.6344,NA,78.2,6.1,3.99928961238392,NA,NA,NA
2564832,"Jalen Hurts","PHI","QB",50,0,NA,1.212,0.8904,1.5336,0.568513852073984,47,0.195833333333333,8,0.6432,NA,35.2,1.2,3.6465906089418,NA,NA,NA
2560051,"Justin Watson","TB","WR",NA,2,NA,1.21133333333333,0.7802,1.7346,0.628969262630006,148,0.0615833333333333,12,0.9544,NA,122.3,10.6,5.06494061851108,NA,NA,NA
2562270,"Myles Gaskin","MIA","RB",50,1,NA,1.17083333333333,1.0257,1.3201,0.184217489216777,111,0.109,12,0.2944,NA,88,11.5,5.65792599782977,NA,NA,NA
2552401,"MyCole Pruitt","TEN","TE",28,5,NA,1.1695,0.885,1.4056,0.3023259830051,75,0.0383333333333336,8,0.5206,NA,71.4,3,2.56983688610506,NA,NA,NA
2562720,"Drew Sample","CIN","TE",NA,1,NA,1.165,0.93,1.532,0.399457966082373,76,0.0944583333333333,8,0.602,NA,58.1,13.6,6.25334959796541,NA,NA,NA
2560939,"Javon Wims","CHI","WR",26,2,NA,1.15,1.091,1.231,0.0996242942258562,149,0.0517500000000002,12,0.14,NA,110.7,6.5,3.19331959412856,NA,NA,NA
2561029,"Keke Coutee","HOU","WR",23,2,NA,1.1495,0.7768,1.6124,0.557568605644184,150,0.124666666666667,12,0.8356,NA,109.1,11.9,5.37940307537095,NA,NA,NA
2555464,"DeAndre Washington","FA","RB",27,4,NA,1.115,0.751,1.479,0.643467170879758,112,0.115666666666667,12,0.728,NA,94.2,6.3,4.33793844952548,NA,NA,NA
2559248,"Ricky Seals-Jones","KC","TE",25,3,NA,1.09733333333333,0.9176,1.244,0.216197440626233,78,0.0750833333333332,8,0.3264,NA,58.3,5,3.01498451065077,NA,NA,NA
2558129,"Isaiah McKenzie","BUF","WR",25,3,NA,1.047,0.7542,1.2582,0.361160629083515,152,0.0756666666666665,12,0.504,NA,137.3,7.5,3.80423579296222,NA,NA,NA
2560866,"Dalton Schultz","DAL","TE",24,2,NA,1.04375,0.4035,2.059,1.07838903771629,79,0.0618750000000001,8,1.6555,NA,65.1,11.6,7.22617212010025,NA,NA,NA
2543477,"Blake Bortles","FA","QB",29,6,NA,1.022,1.022,1.022,NA,48,0.0448333333333333,8,0,NA,NA,NA,NA,NA,NA,NA
2561177,"Kyle Allen","WAS","QB",50,2,NA,1.01033333333333,0.1552,1.8392,1.05403526190224,49,0.0683333333333332,8,1.684,NA,NA,NA,4.07292719392816,NA,NA,NA
2561344,"Buddy Howell","HOU","RB",50,2,NA,1.00866666666667,0.3701,1.7963,0.809040721403372,113,0.0622499999999999,12,1.4262,NA,100.1,4.9,4.03510411287461,NA,NA,NA
2557034,"Marvin Hall","DET","WR",27,4,NA,1.00266666666667,0.794,1.2244,0.27048351767406,153,0.0823333333333331,12,0.4304,NA,134.9,8,3.85146788796473,NA,NA,NA
2552586,"Tyler Kroft","BUF","TE",28,5,NA,1.00075,0.58,1.3689,0.446686597814023,80,0.0409166666666666,8,0.7889,NA,58.4,3.3,3.01281895877678,NA,NA,NA
2539303,"Zach Line","FA","RB",30,7,NA,0.99,0.99,0.99,NA,114,0.0935833333333335,12,0,NA,NA,NA,NA,NA,NA,NA
2495288,"Virgil Green","LAC","TE",32,9,NA,0.963,0.5126,1.451,0.506013175059043,81,0.0254166666666666,8,0.938400000000001,NA,73.9,5.8,3.96868320018176,NA,NA,NA
2560751,"Ryan Izzo","NE","TE",25,2,NA,0.956666666666667,0.68,1.248,0.356417358350198,82,0.0474166666666667,8,0.568,NA,74.4,6.6,3.87131946862548,NA,NA,NA
2560858,"Josh Rosen","FA","QB",23,2,NA,0.944,0.944,0.944,NA,50,0.0100000000000001,8,0,NA,NA,NA,NA,NA,NA,NA
2563890,"KJ Hamler","DEN","WR",50,0,NA,0.94,0.222,1.59,0.867582849069759,155,0.0601666666666667,12,1.368,NA,101.4,13.1,6.1080371222266,NA,NA,NA
2505076,"Josh McCown","FA","QB",41,18,NA,0.94,0.94,0.94,NA,51,0.136666666666667,0,0,NA,NA,NA,NA,NA,NA,NA
2495748,"Drew Stanton","FA","QB",36,13,NA,0.928,0.928,0.928,NA,52,0.256,0,0,NA,NA,NA,NA,NA,NA,NA
2564616,"Dalton Keene","NE","TE",50,0,NA,0.9185,0.4237,1.4133,0.874691088327759,83,0.0291666666666668,8,0.9896,NA,NA,NA,4.87075717958733,NA,NA,NA
2552374,"Ameer Abdullah","MIN","RB",27,5,NA,0.902833333333333,0.4779,1.3163,0.449827991817119,115,0.0329999999999999,12,0.8384,NA,98.3,7.1,4.38688525662823,NA,NA,NA
2558262,"Mack Hollins","MIA","WR",27,3,NA,0.900666666666667,0.686,1.1356,0.284405227331238,156,0.0716666666666667,12,0.4496,NA,140,11.6,4.96908683028247,NA,NA,NA
2553900,"Daniel Brown","NYJ","TE",NA,NA,NA,0.9,0.376,1.608,0.86694867206773,84,0.0570416666666668,8,1.232,NA,NA,NA,4.83371781292439,NA,NA,NA
2555461,"Wendell Smallwood","FA","RB",26,4,NA,0.89,0.89,0.89,NA,116,0.0846666666666666,13,0,NA,NA,NA,NA,NA,NA,NA
2550521,"Xavier Grimble","FA","TE",28,6,NA,0.878666666666667,0.2388,1.738,1.05059284850666,85,0.0909166666666665,8,1.4992,NA,69.5,3.5,4.52246546780878,NA,NA,NA
2560936,"Cedrick Wilson","DAL","WR",NA,2,NA,0.859,0.2782,1.525,0.68009852227453,157,0.0635,12,1.2468,NA,143.7,19.4,7.81683639031867,NA,NA,NA
2561099,"Mike Boone","MIN","RB",50,2,NA,0.849666666666667,0.6272,1.068,0.275645303484992,117,0.0927083333333335,13,0.4408,NA,81.8,4.1,3.0750202885667,NA,NA,NA
2552622,"Chris Manhertz","CAR","TE",NA,NA,NA,0.80725,0.4373,1.307,0.515529097141956,86,0.078125,9,0.8697,NA,66,5.6,3.92632855544173,NA,NA,NA
2561653,"KhaDarel Hodge","CLE","WR",50,2,NA,0.799,0.7344,0.8824,0.10105938848024,158,0.023,12,0.148,NA,142.2,16.8,6.34617768290915,NA,NA,NA
2561482,"Chad Beebe","MIN","WR",50,2,NA,0.792,0.522,1.1428,0.425613674592347,159,0.0381666666666667,12,0.6208,NA,144.6,14.6,6.05156991638656,NA,NA,NA
2561060,"Ross Dwelley","SF","TE",50,2,NA,0.76825,0.2081,1.483,0.720022395485029,87,0.0942500000000001,9,1.2749,NA,91.5,7.6,5.06663700299359,NA,NA,NA
2550289,"David Fluellen","FA","RB",28,6,NA,0.761,0.761,0.761,NA,118,0.0159583333333334,13,0,NA,NA,NA,NA,NA,NA,NA
2550597,"Seth Roberts","CAR","WR",NA,NA,NA,0.76,0.626,0.922,0.194679223339318,160,0.0661666666666666,12,0.296,NA,126.9,7.4,3.57950880397659,NA,NA,NA
2556803,"C.J. Ham","MIN","RB",27,4,NA,0.752916666666667,0.6073,0.948866666666667,0.201610804935318,119,0.0496666666666666,13,0.341566666666667,NA,95.6,6.3,3.78419356176983,NA,NA,NA
2561054,"Damion Ratley","NYG","WR",25,2,NA,0.747666666666667,0.5204,1.022,0.329645769475862,161,0.131166666666667,12,0.5016,NA,133,14.4,5.87847426973766,NA,NA,NA
2565258,"Ke'Shawn Vaughn","TB","RB",50,0,NA,0.737166666666667,0.5794,0.9246,0.225107937073159,120,0.0725,13,0.3452,NA,73.3,12.2,5.96433839834367,NA,NA,NA
2553744,"Eric Tomlinson","NYG","TE",NA,NA,NA,0.69,0.69,0.69,NA,88,0.0515,9,0,NA,NA,NA,NA,NA,NA,NA
2558979,"Nick Mullens","SF","QB",50,3,NA,0.678666666666667,0,1.53706666666667,0.865285052582224,54,0.0590000000000002,8,1.53706666666667,NA,NA,NA,3.88779496078813,NA,NA,NA
2495340,"Anthony Sherman","KC","RB",32,9,NA,0.669333333333333,0.2642,1.327,0.703652060483178,122,0.117416666666667,14,1.0628,NA,109.7,8.1,5.06950863470529,NA,NA,NA
2495441,"Blaine Gabbert","TB","QB",31,9,NA,0.665333333333333,0.1672,1.0952,0.598535991677471,55,0.118333333333333,8,0.928,NA,NA,NA,3.62615896307872,NA,NA,NA
2560938,"Jeffery Wilson","SF","RB",50,2,NA,0.66,0.436,0.884,0.395979797464467,123,0.223083333333333,14,0.448,NA,90,8.2,4.72037895328082,NA,NA,NA
2534241,"Derek Carrier","LVR","TE",30,8,NA,0.658,0.303,1.121,0.468579413404672,89,0.0401666666666666,9,0.818,NA,86,2.9,2.93495304777558,NA,NA,NA
2558202,"Trent Taylor","SF","WR",26,3,NA,0.64,0.608,0.672,0.0565685424949238,164,0.0610000000000002,13,0.0639999999999999,NA,107.5,14.4,5.56004056191711,NA,NA,NA
2540203,"Levine Toilolo","NYG","TE",29,7,NA,0.619,0.221,1.2578,0.684059451607339,90,0.0244166666666668,9,1.0368,NA,82.2,3.9,3.7759589587995,NA,NA,NA
2557859,"Jake Butt","DEN","TE",25,3,NA,0.616666666666667,0.208,1.016,0.505404128726046,91,0.0529166666666667,9,0.808,NA,79.6,13.3,6.40909563528609,NA,NA,NA
2565225,"Tyler Johnson","TB","WR",50,0,NA,0.593,0.5666,0.6194,0.0466690475583121,167,0.0436666666666666,13,0.0527999999999998,NA,115.7,14.4,5.54849682056208,NA,NA,NA
2539275,"Mike Glennon","FA","QB",31,7,NA,0.574,0.574,0.574,NA,56,0.0754999999999999,8,0,NA,NA,NA,NA,NA,NA,NA
2552478,"Blake Bell","DAL","TE",29,5,NA,0.5725,0.257,1.026,0.487604689613762,93,0.0189999999999999,9,0.769,NA,75.6,3.9,3.30604364310375,NA,NA,NA
2560975,"Braxton Berrios","NYJ","WR",25,2,NA,0.565,0.385,0.745,0.318198051533946,169,0.0348333333333333,13,0.36,NA,130,2,2.07146598381376,NA,NA,NA
2561293,"Deon Yelder","KC","TE",NA,2,NA,0.555,0.343,0.767,0.37476659402887,94,0.015875,9,0.424,NA,69.5,17.5,7.46406041368286,NA,NA,NA
2541199,"Luke Willson","SEA","TE",30,7,NA,0.552,0.4372,0.6692,0.145093073576929,95,0.028875,9,0.232,NA,83,12.1,5.15654071719345,NA,NA,NA
2561671,"Malik Turner","DAL","WR",50,2,NA,0.533666666666667,0.2842,0.8442,0.374139457065588,171,0.00983333333333336,13,0.56,NA,164,0,1.52481840803583,NA,NA,NA
2561272,"Trent Sherfield","ARI","WR",50,2,NA,0.526666666666667,0.3,0.748,0.280237994093116,173,0.0148333333333334,13,0.448,NA,166,15,6.00442431421403,NA,NA,NA
2495347,"Lee Smith","BUF","TE",33,9,NA,0.52625,0.2745,0.785,0.275177972713418,96,0.0231250000000001,9,0.5105,NA,83.7,15.8,6.67235633438659,NA,NA,NA
2555419,"Pharoh Cooper","CAR","WR",25,4,NA,0.521,0.4036,0.6588,0.165502265845516,174,0.0208333333333334,13,0.2552,NA,152.2,8.4,3.85142598550056,NA,NA,NA
2553457,"Trevor Siemian","FA","QB",NA,NA,NA,0.52,0.52,0.52,NA,57,0.053,8,0,NA,NA,NA,NA,NA,NA,NA
2556478,"Ben Braunecker","FA","TE",26,4,NA,0.52,0.52,0.52,NA,97,0.0385416666666667,9,0,NA,NA,NA,NA,NA,NA,NA
2553502,"DeAndre Carter","HOU","WR",27,5,NA,0.502666666666667,0.4496,0.5456,0.0638853139096407,175,0.0116666666666665,14,0.096,NA,162.5,16.5,6.21104714198014,NA,NA,NA
497320,"Andre Roberts","BUF","WR",32,10,NA,0.497666666666667,0.418,0.6044,0.130408333067076,177,0.05,14,0.1864,NA,150.7,17.7,6.65574754038521,NA,NA,NA
2560880,"Durham Smythe","MIA","TE",NA,2,NA,0.48625,0.1665,0.835,0.392117648161875,98,0.0346666666666667,9,0.6685,NA,82.1,12.1,5.7474178726909,NA,NA,NA
2561261,"Brandon Powell","ATL","WR",50,2,NA,0.484333333333333,0.218,0.6924,0.322220938694762,178,0.0788333333333334,14,0.4744,NA,151,9,4.21773883838854,NA,NA,NA
2507282,"Matt Moore","FA","QB",36,13,NA,0.477,0.0954000000000001,0.8586,0.674579869251966,58,0.0205,8,0.7632,NA,NA,NA,3.70074522670572,NA,NA,NA
2562777,"Trevon Wesco","NYJ","TE",NA,1,NA,0.476666666666667,0.056,0.976,0.599694366601299,99,0.05275,9,0.92,NA,83,16.4,7.64394169729505,NA,NA,NA
2552588,"Brett Hundley","ARI","QB",27,5,NA,0.457,0.056,0.8252,0.415388974336104,59,0.0171666666666666,8,0.7692,NA,NA,NA,3.44652251957229,NA,NA,NA
2539308,"Matt Barkley","BUF","QB",30,7,NA,0.456,-0.14,1.1152,0.680605612671538,60,0.0428333333333334,8,1.2552,NA,NA,NA,3.70665546828697,NA,NA,NA
2558833,"Alexander Armah","CAR","RB",26,3,NA,0.443833333333333,0.2656,0.703,0.269750707959116,125,0.0438333333333333,14,0.4374,NA,103.7,3.1,2.70310801223393,NA,NA,NA
2555432,"Andy Janovich","CLE","RB",27,4,NA,0.43,0.374,0.486,0.0989949493661166,126,0.0650000000000001,14,0.112,NA,99,9.9,4.96788304080586,NA,NA,NA
2559044,"Antony Auclair","TB","TE",27,3,NA,0.4265,0.115,0.9528,0.576352611977541,100,0.0458333333333333,9,0.8378,NA,101,4,3.55088490863243,NA,NA,NA
2555262,"Jeff Driskel","DEN","QB",27,4,NA,0.423666666666667,0.085,0.7618,0.423001576041193,61,0.0283333333333334,8,0.6768,NA,NA,NA,3.45398920243715,NA,NA,NA
2561027,"Tyler Conklin","MIN","TE",NA,2,NA,0.421333333333333,0.328,0.5072,0.113160652761167,101,0.106333333333333,9,0.1792,NA,74,2.2,1.856891670704,NA,NA,NA
2558091,"Noah Brown","DAL","WR",NA,3,NA,0.411,0.3944,0.432,0.025357444666212,179,0.016,15,0.0376000000000001,NA,169,3,2.03592657360407,NA,NA,NA
2505982,"Matt Schaub","ATL","QB",39,16,NA,0.402666666666667,0,0.981866666666667,0.588249380223501,62,0.0766666666666667,8,0.981866666666667,NA,NA,NA,3.61606952605623,NA,NA,NA
2563926,"Quintez Cephus","DET","WR",50,0,NA,0.4,0.4,0.4,NA,180,0.015,15,0,NA,NA,NA,NA,NA,NA,NA
2560844,"Byron Pringle","KC","WR",50,2,NA,0.39,0.366,0.414,0.0424264068711929,181,0.02725,15,0.048,NA,132.3,5.8,2.91246330355659,NA,NA,NA
2533033,"Robert Griffin","BAL","QB",30,8,NA,0.388,0,0.7784,0.448050592381411,63,0.126666666666667,8,0.7784,NA,37,1,3.4870916485776,NA,NA,NA
2560761,"Richie James","SF","WR",25,2,NA,0.38,0.00599999999999999,0.774,0.481949167444037,183,0.0472500000000001,15,0.768,NA,NA,NA,3.04694255111177,NA,NA,NA
2563938,"Jason Huntley","PHI","RB",50,0,NA,0.37,0.178,0.562,0.339411254969543,127,0.015,14,0.384,NA,NA,NA,2.74692322965417,NA,NA,NA
2560915,"Mark Walton","FA","RB",23,2,NA,0.36,0.36,0.36,NA,128,0.011,14,0,NA,NA,NA,NA,NA,NA,NA
2536044,"Jamize Olawale","DAL","RB",31,8,NA,0.35,0.35,0.35,NA,129,0.0105,0,0,NA,NA,NA,NA,NA,NA,NA
2556493,"Tra Carson","FA","RB",28,4,NA,0.348,0.348,0.348,NA,130,0.0211666666666667,0,0,NA,NA,NA,NA,NA,NA,NA
2555209,"Chris Moore","BAL","WR",27,4,NA,0.3455,0.3011,0.3899,0.0784888527117068,188,0.0354999999999999,16,0.0888,NA,147,8,3.62758406681405,NA,NA,NA
2562626,"Andrew Beck","DEN","TE",50,1,NA,0.34,0.244,0.436,0.169705627484771,104,0.0725000000000001,10,0.192,NA,NA,NA,1.49813885228227,NA,NA,NA
2557531,"Troymaine Pope","FA","RB",27,4,NA,0.331,0.331,0.331,NA,131,0.0121666666666666,14,0,NA,NA,NA,NA,NA,NA,NA
2556118,"Dwayne Washington","NO","RB",NA,4,NA,0.322666666666667,0.1316,0.5556,0.280073799798077,132,0.0151666666666667,14,0.424,NA,103.5,10.5,5.41353037266242,NA,NA,NA
2540011,"Chris Thompson","JAC","WR",30,7,NA,0.32,0.32,0.32,NA,192,0.03,17,0,NA,48.3,7.9,5.08798281193461,NA,NA,NA
2550400,"Keith Smith","ATL","RB",28,6,NA,0.315,0.224,0.436,0.147563545633737,133,0.016,15,0.212,NA,105,4,2.87805268595644,NA,NA,NA
2564829,"John Hightower","PHI","WR",50,0,NA,0.3,0.3,0.3,NA,194,0.0456666666666667,17,0,NA,NA,NA,NA,NA,NA,NA
2562797,"Qadree Ollison","ATL","RB",50,1,NA,0.3,0.244,0.356,0.0989949493661167,135,0.0104166666666666,15,0.112,NA,95.8,4.6,3.03590038563112,NA,NA,NA
2555220,"Derek Watt","PIT","RB",28,4,NA,0.298,0.122,0.5172,0.264115505035202,136,0.0407500000000001,15,0.3952,NA,102,4,3.02411836849677,NA,NA,NA
2563911,"Albert Okwuegbunam","DEN","TE",50,0,NA,0.29,0.138,0.442,0.268700576850888,107,0.045,10,0.304,NA,60.8,11,5.09406622459225,NA,NA,NA
2558990,"Patrick Ricard","BAL","RB",26,3,NA,0.281166666666667,0.1027,0.4703,0.203164684157678,138,0.061,17,0.3676,NA,107,4.2,3.02063835861705,NA,NA,NA
2560801,"Ray-Ray McCloud","PIT","WR",NA,2,NA,0.28,0.208,0.352,0.127279220613579,196,0.0531666666666667,18,0.144,NA,NA,NA,2.2197855781898,NA,NA,NA
2562651,"Ryan Finley","CIN","QB",50,1,NA,0.264,0.0544,0.4704,0.260092291312142,64,0.0308333333333334,8,0.416,NA,NA,NA,3.2942025733797,NA,NA,NA
252,"Chad Henne","KC","QB",35,12,NA,0.258666666666667,0.0672,0.4192,0.229968113731737,65,0.05395,8,0.352,NA,NA,NA,3.2646558179771,NA,NA,NA
2558886,"Darrell Daniels","ARI","TE",26,4,NA,0.245,0.06,0.496,0.307693028845309,110,5e-04,11,0.436,NA,94.5,17.5,7.30362197361541,NA,NA,NA
2562771,"Kahale Warring","HOU","TE",50,1,NA,0.245,0.129,0.361,0.205060966544099,110,0.005,11,0.232,NA,71.6,13.3,5.69068163278712,NA,NA,NA
2558875,"Johnny Mundt","LAR","TE",50,3,NA,0.244,0.132,0.3496,0.136704059925081,112,0.029,11,0.2176,NA,86.3,3.7,2.40158081636273,NA,NA,NA
2558023,"Eric Saubert","CHI","TE",26,3,NA,0.236,0.122,0.3604,0.150691738326957,113,0.0765,11,0.2384,NA,NA,NA,1.40717727277634,NA,NA,NA
2561137,"Trenton Cannon","CAR","RB",NA,2,NA,0.233333333333333,0.102,0.366,0.165025250593154,141,0.0360833333333333,17,0.264,NA,108.2,16.2,7.34714146635835,NA,NA,NA
2560243,"Brandon Zylstra","CAR","WR",27,3,NA,0.228666666666667,0.2012,0.2652,0.0445570794973518,202,0.0161666666666666,20,0.0639999999999999,NA,153.8,13.6,5.30128186275627,NA,NA,NA
2558955,"Cody Hollister","TEN","WR",27,3,NA,0.225,0.133,0.317,0.162634559672906,203,0.025,20,0.184,NA,143,7.5,3.57273574046655,NA,NA,NA
81284,"Chase Daniel","DET","QB",34,11,NA,0.207666666666667,0,0.5748,0.404298569541537,66,0.03095,8,0.5748,NA,NA,NA,3.43564469637176,NA,NA,NA
2555227,"Jonathan Williams","FA","RB",26,4,NA,0.207,0.1374,0.2766,0.123036579926459,142,0.02225,17,0.1392,NA,NA,NA,2.20459147037852,NA,NA,NA
81294,"Brian Hoyer","NE","QB",35,11,NA,0.201766666666667,0,0.56212,0.398836134549294,67,0.0686,8,0.56212,NA,NA,NA,3.43028696568559,NA,NA,NA
2562860,"Jason Moore","LAC","WR",NA,1,NA,0.2,0.2,0.2,NA,205,0,21,0,NA,NA,NA,NA,NA,NA,NA
2565048,"K.J. Hill","LAC","WR",50,0,NA,0.2,0.2,0.2,NA,205,0.013,21,0,NA,NA,NA,NA,NA,NA,NA
2565195,"Freddie Swain","SEA","WR",50,0,NA,0.2,0.2,0.2,NA,205,0.033,21,0,NA,NA,NA,NA,NA,NA,NA
2558929,"Cethan Carter","CIN","TE",27,3,NA,0.194,0.0944,0.2784,0.119616052434445,118,0.0815,12,0.184,NA,80,11.8,4.99792549255281,NA,NA,NA
2555234,"Tyler Ervin","GB","RB",27,4,NA,0.1875,0.1712,0.2028,0.0198683164863055,143,0.00874999999999998,17,0.0316,NA,110.1,11,5.26969719816984,NA,NA,NA
2558975,"Taquan Mizzell","FA","RB",27,3,NA,0.182,0.182,0.182,NA,144,0.01925,17,0,NA,NA,NA,NA,NA,NA,NA
2558138,"Samaje Perine","CIN","RB",25,3,NA,0.1755,0.1631,0.1879,0.021920310216783,145,0.02575,17,0.0248,NA,118.5,1.5,1.80928102728513,NA,NA,NA
2556404,"Maurice Harris","FA","WR",28,4,NA,0.174,0.174,0.174,NA,209,0.0395,21,0,NA,NA,NA,NA,NA,NA,NA
2562562,"Ashton Dulin","IND","WR",NA,1,NA,0.16,0.112,0.208,0.0848528137423857,212,0.102,21,0.096,NA,163,11.3,4.64460788730992,NA,NA,NA
497123,"Colt McCoy","NYG","QB",34,10,NA,0.151666666666667,0.013,0.325,0.208945766488181,68,0.038,8,0.312,NA,NA,NA,3.24403642844071,NA,NA,NA
2562626,"Andrew Beck","DEN","RB",50,1,NA,0.15,0.15,0.15,NA,146,0.00325,17,0,NA,NA,NA,NA,NA,NA,NA
2553743,"Rod Smith","FA","RB",NA,NA,NA,0.1495,0.1099,0.1891,0.0700035713374682,147,0.00574999999999998,17,0.0792,NA,NA,NA,2.07166701957567,NA,NA,NA
2555229,"Kenneth Dixon","FA","RB",26,4,NA,0.144,0.144,0.144,NA,148,0.00875000000000001,17,0,NA,NA,NA,NA,NA,NA,NA
2495467,"Taiwan Jones","BUF","RB",32,9,NA,0.1435,0.0596,0.227,0.0943239100122551,149,0.0385,17,0.1674,NA,121.5,10.5,5.18074420096107,NA,NA,NA
2495262,"Nick Bellore","SEA","RB",31,9,NA,0.127,0.0742,0.1782,0.0650922422412994,151,0.0449166666666667,17,0.104,NA,NA,NA,2.05935703113281,NA,NA,NA
2562654,"Zach Gentry","PIT","TE",50,1,NA,0.125,0.025,0.225,0.176776695296637,121,0.0725,12,0.2,NA,89.3,22.4,8.58582766911565,NA,NA,NA
2543497,"AJ McCarron","HOU","QB",30,6,NA,0.114666666666667,0,0.3184,0.224910846534552,69,0.00333333333333338,8,0.3184,NA,NA,NA,3.25969548880357,NA,NA,NA
2561187,"Tim Boyle","GB","QB",50,2,NA,0.112666666666667,0.002,0.2644,0.186551154735996,70,0.00433333333333336,8,0.2624,NA,NA,NA,3.22207107805026,NA,NA,NA
2564205,"Jake Luton","JAC","QB",50,0,NA,0.11,-0.434,0.654,0.961665222413705,71,0.00416666666666651,8,1.088,NA,49.5,13.5,10.015342357026,NA,NA,NA
4487,"Matthew Slater","NE","WR",35,12,NA,0.109,0.0762,0.1418,0.0579827560572969,216,0.1055,22,0.0656,NA,183,13,5.13337330980233,NA,NA,NA
2564499,"Tua Tagovailoa","MIA","QB",50,0,NA,0.106666666666667,-0.632,0.936,0.999466524368542,72,0.00733333333333344,8,1.568,NA,40.8,10.6,8.57776383202347,NA,NA,NA
2506340,"Alex Smith","WAS","QB",36,15,NA,0.105,0.021,0.189,0.148492424049175,73,0.0151666666666667,8,0.168,NA,NA,NA,3.18474185956669,NA,NA,NA
2563767,"Harrison Bryant","CLE","TE",50,0,NA,0.1,0.1,0.1,NA,124,0.095,13,0,NA,NA,NA,NA,NA,NA,NA
2552576,"Sean Mannion","MIN","QB",28,5,NA,0.0936666666666667,-0.008,0.2716,0.196266259057548,74,0.0206666666666667,8,0.2796,NA,NA,NA,3.23159996262589,NA,NA,NA
2560942,"Logan Woodside","TEN","QB",25,2,NA,0.086,-0.4468,0.6188,0.941866232540481,75,0.036,8,1.0656,NA,NA,NA,3.96290822775216,NA,NA,NA
2556411,"Josh Ferguson","FA","RB",27,4,NA,0.083,0.083,0.083,NA,152,0.00316666666666666,18,0,NA,NA,NA,NA,NA,NA,NA
2552636,"Michael Burton","NO","RB",28,5,NA,0.0811666666666667,0.0468,0.108,0.0415822478148228,153,0.0204166666666667,18,0.0612,NA,117,5,3.10975943674391,NA,NA,NA
2557934,"Elijah McGuire","FA","RB",26,3,NA,0.0785,0.0773,0.0797,0.00212132034355963,154,0.0375,18,0.0024,NA,NA,NA,1.90152372254801,NA,NA,NA
2557922,"C.J. Beathard","SF","QB",27,3,NA,0.06,-0.012,0.132,0.127279220613579,76,0.02,8,0.144,NA,NA,NA,3.16393527218205,NA,NA,NA
2539289,"Kenjon Barner","FA","RB",31,7,NA,0.043,0.043,0.043,NA,155,0.0235,18,0,NA,NA,NA,NA,NA,NA,NA
2541185,"Ryan Griffin","TB","QB",31,7,NA,0.04,0.04,0.04,NA,77,0.0196,8,0,NA,NA,NA,NA,NA,NA,NA
2558191,"Nathan Peterman","LVR","QB",26,3,NA,0.04,0.008,0.072,0.0565685424949238,78,0.0521,8,0.0639999999999999,NA,NA,NA,3.09457998089992,NA,NA,NA
2559033,"Ricky Ortiz","NO","RB",50,3,NA,0.039,0.039,0.039,NA,157,0.039,0,0,NA,NA,NA,NA,NA,NA,NA
2558911,"C.J. Board","NYG","WR",50,3,NA,0.007,0.007,0.007,NA,226,0.007,22,0,NA,NA,NA,NA,NA,NA,NA
2563923,"Hunter Bryant","DET","TE",NA,0,NA,0.005,0.005,0.005,NA,128,NA,13,0,NA,NA,NA,NA,NA,NA,NA
2555427,"Nate Sudfeld","PHI","QB",27,4,NA,8e-04,0.00016,0.00144,0.00113137084989848,79,0.0283,8,0.00128,NA,NA,NA,3.04020543253474,NA,NA,NA
2563602,"Gabriel Davis","BUF","WR",50,0,NA,0,0,0,NA,227,NA,22,0,NA,NA,NA,NA,NA,NA,NA
2563878,"LaVante Bellamy","DEN","RB",50,0,NA,0,0,0,NA,158,NA,0,0,NA,NA,NA,NA,NA,NA,NA
2539335,"Geno Smith","SEA","QB",30,7,NA,-0.025,-0.045,-0.005,0.0353553390593274,82,0.09,8,0.04,NA,NA,NA,3.07377339351529,NA,NA,NA
2558167,"Joshua Dobbs","PIT","QB",25,3,NA,-0.03,-0.03,-0.03,NA,83,0.24,8,0,NA,NA,NA,NA,NA,NA,NA
2562404,"Will Grier","CAR","QB",50,1,NA,-0.2,-0.2,-0.2,NA,84,0.14,8,0,NA,NA,NA,NA,NA,NA,NA
2564007,"Jordan Love","GB","QB",50,0,NA,-0.34,-0.34,-0.34,NA,85,NA,8,0,NA,NA,NA,NA,NA,NA,NA
