"playerId","player","team","position","age","exp","bye","points","lower","upper","sdPts","positionRank","dropoff","tier","ptSpread","overallECR","positionECR","sdRank","risk","sleeper","actualPoints","salary"
2504211,"Tom Brady","NE","QB",40,17,9,18.6648666666667,16.62968,21.186,3.03583943141487,1,0.0828000000000024,1,4.55632,NA,4,1.6,8.33943407690522,NA,22.64,NA
79860,"Matthew Stafford","DET","QB",29,8,7,18.6612,18.09188,19.165,0.685537249170313,2,0.190300000000001,1,1.07312,NA,2.1,1.1,3.66457853768112,NA,20.66,NA
2532975,"Russell Wilson","SEA","QB",29,5,6,18.5029333333333,15.95876,21.25076,3.33676022712651,3,0.080999999999996,1,5.292,NA,2.5,1.5,8.48963350039991,NA,19.42,NA
310,"Matt Ryan","ATL","QB",32,9,5,18.4388666666667,16.428,20.29728,2.44072158455923,4,0.725266666666666,1,3.86928,NA,6.4,1.8,8.04849902638803,NA,13.6,NA
2555260,"Dak Prescott","DAL","QB",24,1,6,18.405,17.248,19.98,1.93250485122289,5,1.4835,1,2.73200000000001,NA,2.7,1.6,6.78646998039027,NA,11.24,NA
2540175,"LeVeon Bell","PIT","RB",25,4,9,18.3943333333333,17.3964,19.298,1.20589648533087,1,1.551,1,1.9016,NA,1.1,0.3,3.53660170215981,NA,11.2,NA
2552475,"Todd Gurley","LAR","RB",23,2,8,17.551,15.6564,19.47,2.38408535921011,2,1.791,1,3.8136,NA,2.5,1,5.42045679591584,NA,13.6,NA
2495240,"Tyrod Taylor","BUF","QB",28,6,6,17.0222,16.25,17.90328,1.05984834764225,6,0.368199999999998,1,1.65328,NA,10.1,1.7,5.83154183456944,NA,1.94,NA
2504775,"Drew Brees","NO","QB",38,16,5,16.8208,15.94548,17.89348,1.29030574671277,7,0.795900000000003,1,1.948,NA,8.7,1.7,6.15591494219965,NA,13.96,NA
2495455,"Cam Newton","CAR","QB",28,6,11,16.4872,15.14928,18.036,1.86107294859713,8,0.998133333333335,1,2.88672,NA,6.4,2.3,8.59939388594428,NA,35.66,NA
2557973,"Leonard Fournette","JAC","RB",21,0,8,16.1356666666667,15.1056,17.54,1.72382317345293,3,0.915833333333332,2,2.4344,NA,3.1,1.1,4.58735027205,NA,4.6,NA
2506109,"Ben Roethlisberger","PIT","QB",35,13,9,15.5626,14.95324,16.415,1.05429990040785,9,0.49353333333333,2,1.46176,NA,6.8,2,6.6437889969873,NA,14.94,NA
2532820,"Kirk Cousins","WAS","QB",29,5,5,15.4155333333333,14.36832,16.29232,1.25783776908365,10,0.836400000000001,2,1.924,NA,13.3,1.6,5.83686341999366,NA,26.58,NA
2555418,"Jordan Howard","CHI","RB",23,1,9,15.3843333333333,13.8136,17.1136,2.09086497252533,4,0.775333333333332,2,3.3,NA,5,1.3,5.16605663132235,NA,5.4,NA
79607,"LeSean McCoy","BUF","RB",29,8,6,15.0553333333333,14.0768,16.424,1.69279217074434,5,1.54883333333334,2,2.3472,NA,4.4,1.5,4.7269536471894,NA,6,NA
2552466,"Marcus Mariota","TEN","QB",24,2,8,14.7226,13.43856,15.86656,1.54750970271595,11,0.457466666666667,2,2.428,NA,12.5,1.4,5.69787762403422,NA,16.66,NA
2555334,"Jared Goff","LAR","QB",23,1,8,14.4356666666667,13.3176,15.704,1.52657012067357,12,0.450366666666666,2,2.3864,NA,7,1.9,7.03516594638234,NA,26.5,NA
2508061,"Antonio Brown","PIT","WR",29,7,9,14.369,12.2656,16.372,2.57568883990283,1,2.27933333333334,1,4.1064,NA,1,0.2,3.95579232040469,NA,4.7,NA
2552469,"Melvin Gordon","LAC","RB",24,2,9,14.1626666666667,12.0606,16.1126,2.55382973851691,6,1.688,2,4.052,NA,5.9,1.3,5.78192497832305,NA,4.2,NA
2505076,"Josh McCown","NYJ","QB",38,15,11,14.0946,12.82104,15.698,1.9347189666719,13,0.239899999999999,2,2.87696,NA,10.5,2,7.88299533053427,NA,11.48,NA
2505996,"Eli Manning","NYG","QB",36,13,8,13.876,13.5196,14.3596,0.592847366528688,14,0.303966666666668,3,0.840000000000002,NA,15.4,1.7,5.17422920272895,NA,15.92,NA
2506581,"Ryan Fitzpatrick","TB","QB",35,12,1,13.8334,11.98,15.77216,2.3772944033081,15,0.961033333333335,3,3.79216,NA,14.6,1.9,8.23257631553344,NA,9.38,NA
2532888,"Case Keenum","MIN","QB",29,5,9,13.3106666666667,12.4094,14.4934,1.43800776539396,16,1.0225,3,2.084,NA,17.8,1.4,5.54375159534554,NA,22.06,NA
100030,"Seahawks","SEA","DST",NA,NA,6,12.895,11.611,14.179,2.26981276760882,1,0.684999999999999,1,2.568,NA,3.3,1.6,3.72632798118716,NA,10,NA
2495466,"Mark Ingram","NO","RB",28,6,5,12.8503333333333,11.5312,14.1032,1.61388981449581,7,0.815,3,2.572,NA,7.6,1.8,4.75765442511477,NA,31.1,NA
2495454,"Julio Jones","ATL","WR",28,6,5,12.6616666666667,10.269,15.485,3.39072386568611,2,1.40116666666667,1,5.216,NA,2.7,1.2,5.3641073967958,NA,5.7,NA
100010,"Lions","DET","DST",NA,NA,7,12.46,11.228,13.692,2.17788888605457,2,0.504999999999999,1,2.464,NA,3.7,1.6,3.61214818169247,NA,14,NA
2543477,"Blake Bortles","JAC","QB",26,3,8,12.4340666666667,11.728,13.19376,0.92342818526041,17,0.678433333333334,4,1.46576,NA,19,1.6,5.36617566441036,NA,12.32,NA
2495143,"Andy Dalton","CIN","QB",30,6,6,12.1422666666667,11.504,12.93344,0.952764091122946,18,1.2628,4,1.42944,NA,14,2.3,7.32093214865469,NA,12.6,NA
2557997,"Christian McCaffrey","CAR","RB",21,0,11,12.099,9.8444,14.1604,2.72973863217708,8,0.297333333333333,3,4.316,NA,12.2,2.2,6.42291813356085,NA,17,NA
2558019,"Alvin Kamara","NO","RB",21,0,5,11.9716666666667,10.513,13.577,1.94114871489367,9,0.3735,3,3.064,NA,10.1,2.3,5.4191010206934,NA,19.8,NA
100023,"Giants","NYG","DST",NA,NA,8,11.96,11.368,12.552,1.04651803615609,3,0.0700000000000003,1,1.184,NA,14.4,3.4,6.8454669330715,NA,4,NA
100004,"Panthers","CAR","DST",NA,NA,11,11.95,11.91,11.99,0.0707106781186545,4,0.140000000000001,1,0.0800000000000001,NA,6,1.8,1.51019680940458,NA,2,NA
100017,"Rams","LAR","DST",NA,NA,8,11.83,11.534,12.126,0.523259018078044,5,0.0500000000000007,1,0.591999999999999,NA,3.3,2.4,3.61851560914967,NA,15,NA
100005,"Bears","CHI","DST",NA,NA,9,11.79,7.862,11.718,3.40825468531916,6,0.0700000000000003,2,3.856,NA,6.4,1.7,5.39810135991661,NA,3,NA
100027,"Steelers","PIT","DST",NA,NA,9,11.77,11.346,12.194,0.749533188057741,7,0.405000000000001,2,0.848000000000001,NA,4.5,1.5,1.58026928147976,NA,9,NA
497240,"Rob Gronkowski","NE","TE",28,7,9,11.763,10.8392,12.976,1.47499389829246,1,2.20033333333333,1,2.1368,NA,1.1,0.4,4.13758155393606,NA,7.4,NA
100021,"Patriots","NE","DST",NA,NA,9,11.67,7.006,12.334,4.70933116270241,8,0.845000000000001,2,5.328,NA,9.2,2.1,8.04498658502229,NA,8,NA
2557976,"Joe Mixon","CIN","RB",21,0,6,11.6316666666667,9.274,14.59,3.56794875710587,10,0.143166666666668,3,5.316,NA,16.4,2.9,7.8545095443927,NA,10,NA
2543743,"Carlos Hyde","SF","RB",26,3,11,11.5646666666667,8.6988,14.4428,3.59009823449628,11,0.159833333333331,3,5.744,NA,8.3,1.7,7.34132533650886,NA,10.4,NA
2495450,"A.J. Green","CIN","WR",29,6,6,11.5176666666667,8.9386,14.9226,4.14544766380343,3,0.532666666666666,1,5.984,NA,2.7,1.2,6.26155527096469,NA,17.5,NA
2543583,"Devonta Freeman","ATL","RB",25,3,5,11.4123333333333,8.746,13.4796,3.23032139783851,12,0.364333333333335,3,4.7336,NA,9.2,2.4,7.1792700943811,NA,0.3,NA
2550481,"Orleans Darkwa","NYG","RB",25,3,8,11.3973333333333,8.5554,14.3754,3.64942136966031,13,0.800166666666668,3,5.82,NA,15.1,2.6,7.82722790247674,NA,8.8,NA
2555261,"Jacoby Brissett","IND","QB",25,1,11,11.369,11.1774,11.5134,0.233544428321465,19,1.1251,5,0.335999999999999,NA,19.8,1.9,5.21520805496483,NA,14.58,NA
100015,"Jaguars","JAC","DST",NA,NA,8,11.06,6.788,11.332,4.01636651713959,9,0.532499999999999,2,4.544,NA,2.1,1.7,6.15344464888149,NA,8,NA
497326,"Golden Tate","DET","WR",29,7,7,11.0033333333333,9.0778,13.485,3.00616705013766,4,0.0616666666666674,2,4.4072,NA,7.5,2.3,5.38989365236182,NA,15.7,NA
2530747,"Doug Baldwin","SEA","WR",29,6,6,10.9666666666667,8.878,13.526,3.07854402816223,5,0.253499999999999,2,4.648,NA,4.9,2.1,5.38812754221149,NA,9.5,NA
2540165,"DeAndre Hopkins","HOU","WR",25,4,7,10.9166666666667,8.198,13.446,3.30551559266226,6,0.433,2,5.248,NA,6.8,2.3,5.74585130706202,NA,11.1,NA
2557858,"Evan Engram","NYG","TE",23,0,8,10.817,8.8384,12.612,2.39176357527244,2,2.67616666666667,1,3.7736,NA,2.2,0.7,5.58732465227638,NA,9.1,NA
2495328,"Bilal Powell","NYJ","RB",29,6,11,10.6986666666667,10.096,11.5008,0.978460695855145,14,0.254833333333332,4,1.4048,NA,16.3,4.7,5.22376360384443,NA,0.6,NA
100011,"Packers","GB","DST",NA,NA,8,10.59,7.302,9.878,2.27688383542068,10,0.195,2,2.576,NA,15.9,2.4,5.79671486104839,NA,11,NA
2532884,"Marvin Jones","DET","WR",27,5,7,10.5096666666667,8.7472,12.412,2.31043076791609,7,0.171000000000001,2,3.6648,NA,10,3.1,4.91390881307608,NA,2.2,NA
2533034,"Lamar Miller","HOU","RB",26,5,7,10.4956666666667,9.494,11.4356,1.22083837314091,15,0.506500000000001,4,1.9416,NA,12.2,2.6,4.59655570992457,NA,7.4,NA
100012,"Titans","TEN","DST",NA,NA,8,10.465,6.677,10.253,3.16076731190387,11,0.327500000000001,2,3.576,NA,10.8,2,5.86379563931652,NA,9,NA
497278,"Dez Bryant","DAL","WR",29,7,6,10.4576666666667,8.5944,12.944,3.03479592943798,8,0.358166666666666,2,4.3496,NA,8.2,3.1,5.77525699893092,NA,3.9,NA
2533457,"Alfred Morris","DAL","RB",29,5,6,10.392,8.6882,12.7322,2.87866583680704,16,1.23633333333333,4,4.044,NA,24.6,10.2,10.2386916136321,NA,5.3,NA
2558008,"Mitchell Trubisky","CHI","QB",23,0,9,10.3899333333333,9.888,10.92784,0.654550237440437,20,0.414433333333333,6,1.03984,NA,NA,NA,5.26580560713418,NA,15.88,NA
100024,"Jets","NYJ","DST",NA,NA,11,10.325,6.425,10.225,3.3587572106361,12,1.475,2,3.8,NA,12,2.2,6.6251223158955,NA,7,NA
2506922,"Stephen Gostkowski","NE","K",33,11,9,10.305817805383,8.33532919254658,12.2239751552795,2.43304321372703,1,0.151255572314076,1,3.88864596273292,NA,3.4,1.9,5.55799657040338,NA,11,NA
2534797,"Greg Zuerlein","LAR","K",30,5,8,10.235033557047,7.9078389261745,12.4245637583893,2.8386438465291,2,0.486148275661698,1,4.51672483221477,NA,1.9,1.1,4.80250769544161,NA,17,NA
2556462,"Robby Anderson","NYJ","WR",24,1,11,10.2196666666667,7.8944,13.02,3.36456926416047,9,0.254,2,5.1256,NA,15.7,3,6.12347794233582,NA,14.5,NA
2495824,"Jay Cutler","MIA","QB",34,11,1,10.0978666666667,9.282,10.69288,1.00310002159971,21,0.248299999999999,6,1.41088,NA,20.3,2.7,8.48518985518349,NA,13.42,NA
2556601,"Wil Lutz","NO","K",23,1,5,10.0740909090909,7.87881818181818,12.2693636363636,3.88073058002108,3,0.680432900432903,1,4.39054545454545,NA,6.9,2.5,8.68947470540502,NA,13,NA
2543498,"Brandin Cooks","NE","WR",24,3,9,9.97933333333333,8.9312,11.4112,1.75861887097044,10,0.129,2,2.48,NA,9.6,2.6,4.0381697127954,NA,7.4,NA
2555295,"Sterling Shepard","NYG","WR",NA,1,8,9.952,7.5862,12.787,3.4055391643615,11,0.312333333333335,2,5.2008,NA,17.6,3.7,6.47960102604799,NA,14.2,NA
100029,"49ers","SF","DST",NA,NA,11,9.95,9.83,10.07,0.212132034355964,13,2.3075,2,0.239999999999997,NA,19.4,2.7,4.00516233505325,NA,5,NA
2552588,"Brett Hundley","GB","QB",24,2,8,9.85313333333333,8.46788,11.23588,1.73000851250314,22,0.262333333333334,6,2.768,NA,23.1,2.1,7.86821376560387,NA,14.08,NA
2533436,"Brock Osweiler","DEN","QB",27,5,5,9.846,8.328,11.4144,1.93208384911214,23,0.552033333333334,6,3.0864,NA,23.2,1.8,7.33258188261052,NA,9.74,NA
2556370,"Michael Thomas","NO","WR",23,1,5,9.74866666666667,7.504,12.472,3.27338255224368,12,0.251166666666666,2,4.968,NA,5.7,2,5.57589646427658,NA,11.7,NA
2543715,"Jerick McKinnon","MIN","RB",25,3,9,9.58633333333333,8.248,11.1432,1.87033428384696,17,0.865833333333335,4,2.8952,NA,13.9,2.8,5.55100242702479,NA,4.7,NA
2558149,"JuJu Smith-Schuster","PIT","WR",21,0,9,9.53066666666667,7.8284,11.47,2.33315587420415,13,0.100833333333332,2,3.6416,NA,20.5,5.3,5.90706285817249,NA,15.7,NA
2541785,"Adam Thielen","MIN","WR",27,3,9,9.46433333333333,7.043,12.259,3.35871006985321,14,0.0901666666666667,2,5.216,NA,12.3,3,6.11651072931231,NA,22.6,NA
89802,"Ryan Succop","TEN","K",31,8,8,9.42367965367965,7.84488311688312,11.2581818181818,2.20397655889901,4,0.0947939613129503,1,3.4132987012987,NA,7.4,2.7,6.57194103209379,NA,7,NA
2552458,"Devin Funchess","CAR","WR",23,2,11,9.39533333333333,7.5652,11.922,3.11270145265063,15,0.134166666666665,2,4.3568,NA,14.6,3,5.82397999013803,NA,21.2,NA
2495150,"Kai Forbath","MIN","K",30,6,9,9.36363636363636,7.69454545454546,11.2290909090909,2.24962806843287,5,0.0871532686722567,1,3.53454545454546,NA,9.2,3.4,7.81942435177488,NA,10,NA
1581,"DeSean Jackson","TB","WR",31,9,1,9.353,6.7788,12.4948,3.77795275248381,16,0.338333333333335,2,5.716,NA,21,3.3,6.74678062555185,NA,8.2,NA
2557922,"C.J. Beathard","SF","QB",24,0,11,9.3356,7.49736,10.84136,2.21049091380173,24,0.309366666666666,6,3.344,NA,19.9,2.9,10.7313196312975,NA,24.02,NA
2553833,"Josh Lambo","JAC","K",27,2,8,9.29413502109705,7.52339240506329,11.239746835443,2.35337532619569,6,0.0510180051886202,1,3.71635443037974,NA,11.6,2.3,6.11601374922316,NA,6,NA
2550545,"Chris Boswell","PIT","K",28,3,9,9.25883116883117,8.25288311688312,10.1345454545455,1.20936824277603,7,0.295942745468409,1,1.88166233766234,NA,4.9,2.3,4.44112359289049,NA,7,NA
2506121,"Philip Rivers","LAC","QB",36,13,9,9.25233333333333,7.276,10.9536,2.37439809916815,25,1.00943333333333,6,3.6776,NA,22,2.4,9.59526088963417,NA,14.3,NA
2506677,"Matt Prater","DET","K",33,11,7,9.22740286298568,8.47533742331288,9.83975460122699,0.904820695246649,8,0.710423078322973,1,1.36441717791411,NA,2.3,1.8,3.15192974245926,NA,9,NA
497328,"Demaryius Thomas","DEN","WR",30,7,5,9.16933333333333,6.9706,12.0386,3.48434015752385,17,0.419333333333334,2,5.068,NA,11.5,3.2,6.3537285644803,NA,10.4,NA
2552409,"DeVante Parker","MIA","WR",24,2,1,8.86,6.7858,11.7498,3.56982450549043,18,0.244166666666665,2,4.964,NA,18.7,4.3,6.93844438344517,NA,6.6,NA
2557983,"DeShone Kizer","CLE","QB",21,0,9,8.80013333333333,8.267,9.21532,0.645370477581159,26,1.2685,7,0.948320000000001,NA,25.8,1.8,5.52150870103251,NA,21.98,NA
2552374,"Ameer Abdullah","DET","RB",24,2,7,8.725,6.77,10.51,2.36629985420276,18,0.169166666666667,5,3.74,NA,22.3,3.7,6.61775752118874,NA,11.5,NA
2550189,"Isaiah Crowell","CLE","RB",24,3,9,8.716,7.956,9.3784,0.913768570262734,19,0.349833333333331,5,1.4224,NA,24.9,3.8,4.73071882857018,NA,15.5,NA
71309,"Graham Gano","CAR","K",30,8,11,8.69837398373984,7.85951219512195,9.45756097560976,1.01356748967071,9,0.520105000470853,1,1.5980487804878,NA,9.2,2.1,3.81713266901819,NA,10,NA
2540169,"Robert Woods","LAR","WR",25,4,8,8.64,6.0002,11.5722,3.53957299684581,19,0.0696666666666665,2,5.572,NA,23.3,3.1,6.37549129285991,NA,29.1,NA
2506106,"Larry Fitzgerald","ARI","WR",34,13,8,8.59166666666667,6.198,11.034,3.02433601528225,20,0.0739999999999998,2,4.836,NA,20.8,3.8,6.0702244947598,NA,11.3,NA
2543475,"Marqise Lee","JAC","WR",26,3,8,8.549,5.8932,11.8172,3.93274420729343,21,0.104833333333332,2,5.924,NA,31.5,3.1,6.8430142037325,NA,11.5,NA
2539964,"Marquise Goodwin","SF","WR",27,4,11,8.48633333333333,6.1024,11.7224,3.96754285841166,22,0.157333333333334,2,5.62,NA,39.3,5.1,7.76269486237378,NA,14.3,NA
2552608,"Stefon Diggs","MIN","WR",24,2,9,8.402,7.183,9.5038,1.47252741909956,23,0.243499999999999,3,2.3208,NA,14.4,4.4,4.48844734998615,NA,13.8,NA
2507164,"Adrian Peterson","ARI","RB",32,10,8,8.39566666666667,7.203,9.8686,1.77306410863605,20,0.107166666666666,5,2.6656,NA,14.7,2.6,5.33116528688064,NA,1.2,NA
2495207,"DeMarco Murray","TEN","RB",29,6,8,8.33666666666667,7.482,9.082,1.02763482489323,21,0.177166666666666,5,1.6,NA,19.5,2.6,4.33954273910136,NA,25.2,NA
2556450,"Nick Rose","WAS","K",23,1,5,8.33558558558559,6.9872972972973,10.0835135135135,2.11976348883548,10,0.334881084607112,1,3.09621621621621,NA,19.4,2.8,6.6173122541157,NA,14,NA
497236,"Jimmy Graham","SEA","TE",31,7,6,8.30833333333333,6.311,10.847,3.06771223118032,3,0.334999999999999,2,4.536,NA,3.4,1.1,6.73795371896702,NA,14.7,NA
2557898,"Cooper Kupp","LAR","WR",24,0,8,8.256,6.1414,10.9854,3.30719412795802,24,0.210333333333335,3,4.844,NA,30.1,4.3,6.62614858119727,NA,4.7,NA
2532899,"Doug Martin","TB","RB",28,5,1,8.24033333333333,7.492,8.8928,0.899766821645105,22,0.392833333333334,5,1.4008,NA,19.2,3.3,4.48598896485736,NA,5.1,NA
2506404,"Frank Gore","IND","RB",34,12,11,8.07866666666667,6.97,9.2068,1.39863516805968,23,0.469333333333333,5,2.2368,NA,28,4.5,5.69226778700935,NA,6.1,NA
2533040,"Mohamed Sanu","ATL","WR",28,5,5,8.061,6.2392,10.5312,3.02762894027653,25,0.233166666666667,3,4.292,NA,25.5,4.2,6.24980040018236,NA,2.9,NA
1032,"Jordy Nelson","GB","WR",32,9,8,8.03033333333333,6.3682,9.8962,2.24868635726135,26,0.429666666666666,3,3.528,NA,29.1,5.2,5.76270444003608,NA,2,NA
2550325,"Chandler Catanzaro","NYJ","K",26,3,11,8.02095238095238,7.00914285714286,9.23085714285714,1.45329838315337,11,0.14841224249311,2,2.22171428571428,NA,13.5,2.7,5.47290632736818,NA,5,NA
2506386,"Mike Nugent","DAL","K",35,12,6,7.98045662100457,7.01786301369863,9.15923287671233,1.41783893377712,12,0.260363336093934,2,2.1413698630137,NA,8,2.6,5.25232786432634,NA,1,NA
2550656,"Cameron Brate","TB","TE",26,3,1,7.97333333333333,5.965,10.233,2.72243610270899,4,0.00816666666666777,2,4.268,NA,4.9,1.7,6.51776969901215,NA,1,NA
2495826,"Vernon Davis","WAS","TE",33,11,5,7.97333333333333,5.556,11.108,3.80170137350809,5,0.041666666666667,2,5.552,NA,9.5,3.2,8.74855519574973,NA,7.6,NA
2543683,"Austin Seferian-Jenkins","NYJ","TE",25,3,11,7.957,6.0128,10.044,2.53839851087255,6,0.118666666666668,2,4.0312,NA,7.5,2.1,6.43705379618277,NA,6.7,NA
2540232,"Jack Doyle","IND","TE",27,4,11,7.90633333333333,6.1428,9.9708,2.47962907172289,7,0.265333333333333,2,3.828,NA,6.1,2.3,6.44430291790923,NA,0.9,NA
2495966,"Delanie Walker","TEN","TE",33,11,8,7.77033333333333,5.5058,10.6978,3.54825172913836,8,0.386166666666666,2,5.192,NA,7.4,1.7,7.70018851096638,NA,6.3,NA
2556771,"Aldrick Rosas","NYG","K",23,1,8,7.76462365591398,7.23361290322581,8.39748387096774,0.760107770258412,13,0.161144000762138,2,1.16387096774193,NA,20,4.5,7.49398595685479,NA,9,NA
100031,"Buccaneers","TB","DST",NA,NA,1,7.75,7.07,8.43,1.20208152801713,14,0.220000000000001,2,1.36,NA,21.9,4,8.58489714983375,NA,14,NA
2543640,"Tom Savage","HOU","QB",27,3,7,7.68566666666667,5.3794,9.7634,2.78431613387082,27,3.52111666666667,7,4.384,NA,26.9,1.3,7.16535361655889,NA,0.84,NA
2532968,"Blair Walsh","SEA","K",27,5,6,7.67556291390728,7.04772185430464,8.36162913907285,0.830811536575299,14,0.216992598308667,2,1.31390728476821,NA,13.3,2.9,4.89887858018298,NA,9,NA
2557848,"Corey Davis","TEN","WR",22,0,8,7.62533333333333,5.0654,10.5894,3.5616479799853,27,0.115,3,5.524,NA,38.4,5.3,7.36787227151919,NA,1.8,NA
2540011,"Chris Thompson","WAS","RB",27,4,5,7.61633333333333,7.228,7.9232,0.468935318922912,24,0.137833333333334,5,0.695200000000002,NA,19.8,3.2,3.86764579814585,NA,6.7,NA
2555230,"Kenyan Drake","MIA","RB",NA,1,1,7.60233333333333,5.452,9.9856,2.87802993961726,25,0.3085,5,4.5336,NA,27.9,3.4,7.16283468076276,NA,15.2,NA
2539205,"Terrance Williams","DAL","WR",28,4,6,7.576,5.9744,9.656,2.52337333741957,28,0.132499999999999,3,3.6816,NA,45.7,4.5,5.78193138099765,NA,0.9,NA
100013,"Texans","HOU","DST",NA,NA,7,7.535,6.603,8.467,1.64755880016466,15,0.315000000000001,2,1.864,NA,24.9,2.5,5.27272286487994,NA,3,NA
2504797,"Matt Bryant","ATL","K",42,15,5,7.5313963963964,6.55681081081081,8.42654054054054,1.18117072711098,15,0.206167957156897,2,1.86972972972973,NA,6,2.8,5.24316011799578,NA,11,NA
100020,"Vikings","MIN","DST",NA,NA,9,7.525,7.065,11.985,4.34870670429727,16,0.712499999999999,2,4.92,NA,8.6,2.2,7.85475092583832,NA,3,NA
2495438,"Kyle Rudolph","MIN","TE",28,6,9,7.51166666666667,5.746,9.67,2.59567107572075,9,0.533166666666666,2,3.924,NA,5.8,2.1,6.5190577640396,NA,3.7,NA
2543488,"Jarvis Landry","MIA","WR",25,3,1,7.44466666666667,6.756,7.9736,0.835895527762491,29,0.133999999999999,3,1.2176,NA,16.9,3.8,3.46793307613881,NA,10.2,NA
2649,"Danny Amendola","NE","WR",32,9,9,7.44233333333333,4.6664,10.6944,3.90598596174299,30,0.299333333333333,3,6.028,NA,40,4.9,7.60166695151902,NA,3.6,NA
2507374,"Steven Hauschka","BUF","K",NA,NA,6,7.38574423480084,6.53635220125786,8.14943396226415,1.02510887205709,16,0.127423552374755,2,1.61308176100629,NA,10.7,2.4,4.3400214524885,NA,4,NA
2495748,"Drew Stanton","ARI","QB",33,10,8,7.3776,5.18056,8.96456,2.7088560832942,28,6.59115,7,3.784,NA,27.3,1.4,7.33249441665012,NA,15.02,NA
2552453,"Tevin Coleman","ATL","RB",24,2,5,7.35466666666667,6.226,8.1972,1.37898525493688,26,0.291,5,1.9712,NA,23.5,3.3,5.12347908515096,NA,14.8,NA
2533444,"Randy Bullock","CIN","K",28,5,6,7.26471264367816,6.29675862068966,8.31055172413793,1.26986644992069,17,0.0866934885706119,2,2.01379310344827,NA,22.4,4.1,7.56564567821306,NA,2,NA
2552586,"Tyler Kroft","CIN","TE",25,2,6,7.25666666666667,4.884,10.028,3.32884864980872,10,1.2255,2,5.144,NA,11.7,1.5,7.29464658841129,NA,0.4,NA
2543533,"Patrick Murray","TB","K",26,3,1,7.251928721174,6.0237358490566,8.36889308176101,1.48537450920332,18,0.227969164748694,2,2.3451572327044,NA,20.8,3.6,7.03784223280569,NA,10,NA
2558116,"Aaron Jones","GB","RB",23,0,8,7.233,5.61,8.8812,2.0452278601662,27,0.378333333333333,5,3.2712,NA,24.2,4.7,6.6428524382004,NA,1.2,NA
2552415,"Jamison Crowder","WAS","WR",24,2,5,7.179,4.4296,10.4896,3.97762026845198,31,0.159000000000001,3,6.06,NA,48.3,8.2,9.13604502627389,NA,7.6,NA
2540154,"Keenan Allen","LAC","WR",25,4,9,7.107,5.992,8.3768,1.52771626946891,32,0.175166666666667,3,2.3848,NA,25.5,3.5,4.15883724480277,NA,4.8,NA
2507463,"Connor Barth","CHI","K",31,9,9,7.1041095890411,6.26479452054795,8.20506849315068,1.33845658685792,19,0.168308430739938,2,1.94027397260274,NA,18.5,2.3,4.63011612618299,NA,13,NA
2506194,"Nick Novak","LAC","K",NA,NA,9,6.94380952380952,5.89542857142857,8.15371428571429,1.4541070149354,20,0.241189723157808,2,2.25828571428571,NA,23.9,2.8,5.64275406143242,NA,7,NA
2543500,"Jordan Matthews","BUF","WR",25,3,6,6.933,4.6368,9.7768,3.42429218963569,33,0.00833333333333286,3,5.14,NA,49.7,5.3,7.20454144458417,NA,1.4,NA
2532865,"T.Y. Hilton","IND","WR",28,5,11,6.93066666666667,6.03,7.8636,1.14812731582056,34,0.0936666666666666,4,1.8336,NA,18.4,5.8,4.71751161211185,NA,2.3,NA
2556521,"Kaimi Fairbairn","HOU","K",23,1,7,6.92779279279279,5.91221621621622,8.16248648648649,1.48427486786304,21,0.737210875348026,2,2.25027027027027,NA,22.5,3.7,7.2048961486196,NA,1,NA
2507166,"Ted Ginn","NO","WR",32,10,5,6.91866666666667,5.466,8.5108,1.92680703064249,35,0.339,4,3.0448,NA,27.2,4.4,5.02863473068685,NA,0.3,NA
100019,"Dolphins","MIA","DST",NA,NA,1,6.915,6.527,7.303,0.685893577750952,17,0.219999999999999,3,0.776000000000001,NA,20.6,3.2,5.88212984200192,NA,NA,NA
2553733,"Thomas Rawls","SEA","RB",24,2,6,6.89433333333333,5.5,8.1584,1.68526743673915,28,0.086333333333334,5,2.6584,NA,31.6,4.4,6.02834547342614,NA,3.9,NA
2552461,"Duke Johnson","CLE","RB",24,2,9,6.815,5.97,7.694,1.08001157401206,29,0.162,6,1.724,NA,30.4,3.4,4.7709839827286,NA,8.8,NA
2540269,"C.J. Anderson","DEN","RB",26,4,5,6.801,5.892,7.8464,1.25669129065177,30,0.340833333333333,6,1.9544,NA,26.4,3.7,5.14167803944174,NA,5.5,NA
2532903,"Rishard Matthews","TEN","WR",28,5,8,6.75533333333333,6.034,7.7156,1.17141211080189,36,0.402833333333333,4,1.6816,NA,30.3,3.4,3.69123816306276,NA,5,NA
100028,"Chargers","LAC","DST",NA,NA,9,6.71,6.478,6.942,0.410121933088198,18,0.105,3,0.464,NA,17.1,2.8,4.50878853433702,NA,11,NA
2555341,"Hunter Henry","LAC","TE",23,1,9,6.70033333333333,4.9488,8.7688,2.484149821032,11,1.38383333333333,2,3.82,NA,9.8,2.3,6.45077581434778,NA,0.7,NA
100026,"Cardinals","ARI","DST",NA,NA,8,6.68,6.904,10.456,3.13955410846827,19,0.307499999999999,3,3.552,NA,19.2,2.6,7.38364931858898,NA,9,NA
100007,"Browns","CLE","DST",NA,NA,9,6.53,6.346,6.714,0.325269119345811,20,0.315,3,0.368,NA,25.7,2.9,4.66109227363713,NA,6,NA
2556075,"Derrick Henry","TEN","RB",23,1,8,6.505,5.092,7.904,1.75776136036721,31,0.282333333333333,6,2.812,NA,27.6,3.1,5.53691224437057,NA,5.2,NA
2550380,"Cody Parkey","MIA","K",25,3,1,6.47744680851064,4.98462411347518,8.09724822695036,1.96471928916501,22,0.587538186388729,2,3.11262411347518,NA,24.7,3,6.72764660512253,NA,3,NA
2552429,"Ty Montgomery","GB","RB",24,2,8,6.41533333333333,5.5962,7.0322,0.998639240833913,32,0.388833333333333,6,1.436,NA,38.8,4.3,5.06972352489099,NA,12.8,NA
2532887,"Jermaine Kearse","NYJ","WR",27,5,11,6.404,5.5404,7.5004,1.32463881869738,37,0.2565,4,1.96,NA,36.5,4,4.13693161461185,NA,3.5,NA
2552430,"Tyler Lockett","SEA","WR",25,2,6,6.301,5.806,6.8772,0.692197226229635,38,0.3325,4,1.0712,NA,34.8,4.4,3.56055071483586,NA,1.6,NA
100008,"Cowboys","DAL","DST",NA,NA,6,6.215,6.067,6.363,0.261629509039023,21,0,4,0.296,NA,21.7,2.7,4.0666437655504,NA,3,NA
100009,"Broncos","DEN","DST",NA,NA,5,6.215,5.987,6.443,0.403050865276333,21,0.0225,4,0.456000000000002,NA,20,2.7,4.24230499554223,NA,NA,NA
100022,"Saints","NO","DST",NA,NA,5,6.215,5.987,6.443,0.403050865276332,21,0.0824999999999996,4,0.456000000000001,NA,11.6,2.4,3.46920356365661,NA,8,NA
100032,"Redskins","WAS","DST",NA,NA,5,6.17,6.114,6.226,0.0989949493661164,24,0.33,4,0.111999999999999,NA,16.3,2.4,3.09153191917417,NA,0,NA
100006,"Bengals","CIN","DST",NA,NA,6,6.095,5.771,6.419,0.572756492761104,25,0.6,4,0.648000000000001,NA,14.4,2.6,4.19539799423722,NA,8,NA
2495469,"Dion Lewis","NE","RB",27,6,9,6.03,3.86,8.044,2.63672144907269,33,0.0238333333333332,6,4.184,NA,32.1,3.9,7.06793287806052,NA,11.5,NA
2541161,"Latavius Murray","MIN","RB",27,4,9,6.023,4.846,7.4692,1.74001637923325,34,0.112666666666667,6,2.6232,NA,32.8,4.3,6.05595562346589,NA,12.8,NA
2543471,"Kelvin Benjamin","BUF","WR",26,3,6,5.994,5.548,6.4696,0.579554138972366,39,0.0616666666666665,5,0.9216,NA,32.2,5.2,3.77792647921523,NA,4.2,NA
2550512,"Damien Williams","MIA","RB",25,3,1,5.98933333333333,5.716,6.3464,0.433706505984558,35,0.160333333333333,7,0.630400000000001,NA,35.1,4.7,4.49909320323903,NA,3.9,NA
2543495,"Davante Adams","GB","WR",25,3,8,5.943,4.997,7.2562,1.62042802987359,40,0.0324999999999998,5,2.2592,NA,32.8,4.4,4.66431710400549,NA,15,NA
497322,"Emmanuel Sanders","DEN","WR",30,7,5,5.92166666666667,5.451,6.371,0.576852089649794,41,0.0523333333333342,5,0.92,NA,25.5,4.2,3.3355627941285,NA,13.7,NA
2503471,"Adam Vinatieri","IND","K",45,21,11,5.9037170263789,5.47079136690647,6.28604316546763,0.521176265998183,23,0.165190726970244,3,0.815251798561152,NA,15.7,3.4,5.2888745400205,NA,6,NA
2543457,"Sammy Watkins","LAR","WR",24,3,8,5.89933333333333,4.4356,7.2356,1.7716267477472,42,0.262333333333333,5,2.8,NA,31.9,7.1,6.02981543766675,NA,10.1,NA
2541556,"Brandon McManus","DEN","K",26,3,5,5.87610021786492,5.31228758169935,6.61545098039216,0.898783563649043,24,0.28270165295951,3,1.30316339869281,NA,16,2.4,4.15507415748061,NA,10,NA
2550353,"Allen Hurns","JAC","WR",26,3,8,5.83933333333333,5.202,6.3684,0.765758665202904,43,0.451666666666667,5,1.1664,NA,43,4.9,3.8675985165272,NA,7,NA
2558123,"Marlon Mack","IND","RB",NA,0,11,5.83133333333333,4.6818,6.7738,1.38222296802409,36,0.169833333333333,7,2.092,NA,36.6,3.1,5.03734461867383,NA,2.6,NA
2543773,"James White","NE","RB",25,3,9,5.82666666666667,5.366,6.35,0.62978832422754,37,0.361833333333334,7,0.984,NA,33.5,5,4.89559730235821,NA,7.8,NA
2506264,"Robbie Gould","SF","K",35,12,11,5.60095238095238,5.14204081632653,6.15874829931973,0.670538348011099,25,0.135800276793428,3,1.0167074829932,NA,18,2.5,3.98957428760601,NA,8,NA
2507232,"Mason Crosby","GB","K",33,10,8,5.58584474885845,4.84876712328767,6.42575342465753,1.01044863438708,26,0.294365571005097,3,1.57698630136986,NA,18.1,3.8,6.67985197581155,NA,14,NA
100003,"Bills","BUF","DST",NA,NA,6,5.585,5.573,5.597,0.0212132034355966,26,0.3125,5,0.024,NA,15.2,3.9,6.86042540210674,NA,NA,NA
2556414,"Rob Kelley","WAS","RB",25,1,5,5.49633333333333,3.526,7.0052,2.39304415616038,38,0.160666666666667,7,3.4792,NA,37.8,5,7.24120442912513,NA,1.4,NA
2555343,"Josh Doctson","WAS","WR",NA,1,5,5.43466666666667,4.6852,6.1572,0.921846154915957,44,0.127000000000001,5,1.472,NA,42.2,3.7,3.52622256233013,NA,3,NA
2558250,"Tarik Cohen","CHI","RB",22,0,9,5.43333333333333,3.602,6.954,2.2003257334616,39,0.335666666666667,7,3.352,NA,40.6,4.4,6.71351230492801,NA,1.1,NA
100014,"Colts","IND","DST",NA,NA,11,5.405,5.009,5.801,0.700035713374682,27,0.265000000000001,5,0.792,NA,27.1,1.2,0.745686419097,NA,7,NA
2540160,"Jordan Reed","WAS","TE",27,4,5,5.362,5.362,5.362,NA,12,0.320500000000001,3,0,NA,NA,NA,NA,NA,0,NA
2500351,"Phil Dawson","ARI","K",42,19,8,5.34445945945946,4.49216216216216,6.20751351351351,1.07234751836617,27,2.72521001133584,3,1.71535135135135,NA,21.7,2.8,5.08383687275645,NA,5,NA
2540202,"Kenny Stills","MIA","WR",25,4,1,5.34066666666667,3.902,6.6716,1.74664430647265,45,0.0798333333333323,5,2.7696,NA,50.5,3.9,4.59482652072167,NA,6.7,NA
2555346,"Will Fuller","HOU","WR",23,1,7,5.27466666666667,4.183,6.7054,1.73903891081635,46,0.0456666666666665,5,2.5224,NA,41.1,4.7,4.93710341220218,NA,1.5,NA
2505629,"Jason Witten","DAL","TE",35,14,6,5.271,4.6166,5.7446,0.80638266350412,13,0.531833333333332,3,1.128,NA,12,2,3.91142178100951,NA,5.9,NA
2553895,"Adam Humphries","TB","WR",NA,NA,1,5.247,5.1086,5.3854,0.244658946290545,47,0.0580000000000007,6,0.276799999999999,NA,46,6.1,3.77493562107129,NA,1.7,NA
2558178,"Zane Gonzalez","CLE","K",NA,0,9,5.23849889624724,4.43774834437086,6.19954966887417,1.15452537533925,28,5.23849889624724,3,1.76180132450331,NA,27.1,1.5,3.01151976070998,NA,6,NA
2540020,"Theo Riddick","DET","RB",26,4,7,5.238,4.2098,6.0138,1.25294732530941,40,0.390833333333334,7,1.804,NA,40.2,4.6,5.54368430531903,NA,10.7,NA
2535698,"Cole Beasley","DAL","WR",28,5,6,5.211,4.6266,5.7786,0.720918164565161,48,0.0711666666666666,6,1.152,NA,51.7,3.8,3.33121260908001,NA,2.3,NA
2543491,"Paul Richardson","SEA","WR",25,3,6,5.167,3.9582,6.0782,1.47335569364631,49,0.174500000000001,6,2.12,NA,36.9,6.4,5.367733572524,NA,4.3,NA
100001,"Falcons","ATL","DST",NA,NA,5,5.14,4.868,5.412,0.480832611206852,28,NA,6,0.544,NA,24.1,3.5,6.40052249039938,NA,16,NA
2543572,"Martavis Bryant","PIT","WR",26,3,9,5.11266666666667,4.469,5.8842,0.926811919071682,50,0.252999999999999,6,1.4152,NA,48.4,5.9,4.49825883708055,NA,4.2,NA
2557952,"Wayne Gallman","NYG","RB",23,0,8,4.95733333333333,4.3934,5.5094,0.697973017625562,41,0.261666666666667,8,1.116,NA,43.7,4.7,4.85063913426339,NA,2.2,NA
2543847,"John Brown","ARI","WR",27,3,8,4.87233333333333,4.581,5.085,0.358096821171779,51,0.0613333333333337,7,0.504,NA,50.7,4,2.98760909008285,NA,2.7,NA
2534436,"Deonte Thompson","BUF","WR",28,5,6,4.847,3.759,5.8374,1.31607484589593,52,0.0753333333333339,7,2.0784,NA,63.3,9.8,6.67382194189174,NA,1,NA
2540200,"Dion Sims","CHI","TE",26,4,9,4.812,2.0254,8.5014,4.49475171728094,14,0.185166666666666,3,6.476,NA,25.4,3.5,9.87797261882313,NA,0,NA
2532790,"Travis Benjamin","LAC","WR",28,5,9,4.775,4.27,5.298,0.6436808215257,53,0.0820000000000007,7,1.028,NA,64.1,5,3.76634987925339,NA,0,NA
2558066,"Curtis Samuel","CAR","WR",21,0,11,4.76833333333333,4.557,4.9202,0.260969985502803,54,0.153,7,0.363200000000001,NA,50.2,4.7,3.17952028284186,NA,4.5,NA
2555223,"Devontae Booker","DEN","RB",25,1,5,4.737,4.034,5.2828,0.851479300981533,42,0.161833333333333,8,1.2488,NA,40.6,3.5,4.51219500359479,NA,2.9,NA
2555415,"Austin Hooper","ATL","TE",NA,1,5,4.66633333333333,3.4178,5.7218,1.49944167386842,15,0.280833333333334,3,2.304,NA,13.6,2.3,5.04085161307644,NA,10.9,NA
949,"Jonathan Stewart","CAR","RB",30,9,11,4.65433333333333,2.948,5.9584,2.07329841878427,43,0.236333333333333,8,3.0104,NA,39.1,4.2,6.45409012151302,NA,11,NA
2495448,"Randall Cobb","GB","WR",27,6,8,4.61766666666667,4.198,5.1524,0.646433549046871,55,0.0991666666666662,7,0.9544,NA,46.2,3.2,2.97915198531218,NA,5.2,NA
2558914,"Kendrick Bourne","SF","WR",22,0,11,4.613,4.613,4.613,NA,56,0.211,7,0,NA,77.4,8.3,6.84911745754033,NA,4.2,NA
2495139,"Charles Clay","BUF","TE",28,6,6,4.58733333333333,3.68,5.5216,1.15247617473566,16,0.427333333333333,3,1.8416,NA,13,3.2,4.9553432342906,NA,1.3,NA
2557934,"Elijah McGuire","NYJ","RB",23,0,11,4.496,3.3866,5.5826,1.37338741802887,44,0.189166666666667,8,2.196,NA,46.9,10,8.14582271550551,NA,5.8,NA
2495331,"Aldrick Robinson","SF","WR",29,6,11,4.424,3.766,5.0636,0.811977832209723,57,0.0610000000000008,7,1.2976,NA,52.3,7.3,4.97651966144619,NA,1.2,NA
497302,"Brandon LaFell","CIN","WR",31,7,6,4.38,3.738,5.186,0.972162537850539,58,0.0432499999999996,7,1.448,NA,62.9,6.6,4.85959106695295,NA,15.5,NA
2550617,"Taylor Gabriel","ATL","WR",26,3,5,4.346,3.6006,4.9006,0.911483954877978,59,0.0475833333333338,7,1.3,NA,62.7,5.1,4.12871171098405,NA,5.8,NA
2553743,"Rod Smith","DAL","RB",NA,NA,6,4.34,3.508,5.172,1.47078210486802,45,0.130833333333334,8,1.664,NA,50.2,9.6,8.09450098823369,NA,2.9,NA
2541966,"Jaron Brown","ARI","WR",27,4,8,4.3275,3.6735,4.9815,1.15611958724001,60,0.0636666666666654,7,1.308,NA,78.1,6.8,5.16616594098981,NA,1.3,NA
2557994,"DOnta Foreman","HOU","RB",21,0,7,4.27366666666667,3.122,5.2908,1.38644160833889,46,0.142,8,2.1688,NA,47.4,2.7,4.8620735501814,NA,1.8,NA
2543614,"Donte Moncrief","IND","WR",24,3,11,4.26933333333333,3.3576,4.9736,1.10537836659369,61,0.0259166666666673,7,1.616,NA,65.8,5.2,4.40318811326258,NA,12,NA
2543836,"T.J. Jones","DET","WR",25,3,7,4.25833333333333,3.3274,5.0314,1.11850182535986,62,0.0769166666666665,7,1.704,NA,NA,NA,4.71120325672924,NA,0.2,NA
2552424,"Phillip Dorsett","NE","WR",24,2,9,4.2285,3.5345,4.9225,1.22683026535866,63,0.1035,7,1.388,NA,74.2,6.2,4.98675815782254,NA,1.6,NA
497224,"Ed Dickson","CAR","TE",30,7,11,4.18366666666667,3.0792,5.5792,1.68479385484793,17,0.184333333333333,3,2.5,NA,16.7,2.4,5.35194062812302,NA,9.3,NA
2539265,"Rex Burkhead","NE","RB",27,4,9,4.14466666666667,3.754,4.4772,0.469196476258436,47,0.0308333333333328,9,0.7232,NA,43.3,4.6,4.50108371166133,NA,12.3,NA
2543466,"Eric Ebron","DET","TE",24,3,7,4.13633333333333,3.285,4.973,1.05547777491207,18,0.387833333333333,4,1.688,NA,15.2,2.4,4.45087367350649,NA,9.9,NA
2555473,"Ricardo Louis","CLE","WR",NA,1,9,4.13433333333333,3.378,4.9548,0.995233808375365,64,0.0765000000000011,7,1.5768,NA,61.6,4.8,4.09655410880087,NA,1.5,NA
2555417,"C.J. Prosise","SEA","RB",23,1,6,4.11866666666667,3.4752,4.7232,0.784541479676718,48,0.0393333333333334,9,1.248,NA,49.7,4.8,5.0110193513811,NA,0.3,NA
2532977,"Kendall Wright","CHI","WR",28,5,9,4.11566666666667,3.47,4.8116,0.845533165129159,65,0.122166666666667,8,1.3416,NA,58.1,7.4,5.06033563169532,NA,4.6,NA
2556440,"J.D. McKissic","SEA","RB",24,1,6,4.109,4.109,4.109,NA,49,0.249333333333333,9,0,NA,NA,NA,NA,NA,4.6,NA
2540156,"Giovani Bernard","CIN","RB",26,4,6,4.04966666666667,3.8778,4.2458,0.235924422926778,50,0.412333333333333,9,0.368,NA,52.8,3.7,3.78378204026692,NA,4.8,NA
2530660,"Kamar Aiken","IND","WR",28,6,11,4,0.4,3.6,2.82842712474619,66,0.0964999999999998,9,3.2,NA,NA,NA,8.77777391145059,NA,0,NA
497284,"Eric Decker","TEN","WR",30,7,8,3.987,2.7862,5.1622,1.48603398346067,67,0.192833333333333,9,2.376,NA,54,4.7,4.63625330680466,NA,1.9,NA
2557986,"David Njoku","CLE","TE",21,0,9,3.86233333333333,2.942,4.65,1.10546747276134,19,0.236,4,1.708,NA,20.6,3.9,5.20792246535386,NA,0.3,NA
2532933,"Brian Quick","WAS","WR",28,5,5,3.82,0.382,3.438,2.70114790413261,68,0.0658333333333339,9,3.056,NA,97.4,11.4,9.02346402224824,NA,0,NA
2539336,"Tavon Austin","LAR","WR",26,4,8,3.76833333333333,3.2902,4.1302,0.582228763746118,69,0.0291666666666668,10,0.84,NA,77.7,7.9,4.96681367122727,NA,0,NA
2557895,"Dede Westbrook","JAC","WR",24,0,8,3.74,3.148,4.332,1.04651803615609,70,0.0298333333333334,10,1.184,NA,NA,NA,4.54001030175235,NA,0,NA
2553913,"Tyrell Williams","LAC","WR",NA,NA,9,3.73833333333333,2.434,5.118,1.68541043468152,71,0.0563333333333333,10,2.684,NA,59.6,4.4,4.74158818144963,NA,4.9,NA
2556697,"Bryce Treggs","CLE","WR",23,1,9,3.682,3.682,3.682,NA,72,0.0499999999999998,10,0,NA,87.6,7,5.70732574816685,NA,0,NA
2552428,"Tre McBride","CHI","WR",25,2,9,3.682,3.2204,4.1436,0.816001225489275,73,0.108333333333333,10,0.923199999999999,NA,61.6,6.4,4.58606831763926,NA,0,NA
2507999,"Chris Ivory","JAC","RB",29,7,8,3.66966666666667,3.0198,4.1478,0.797038476695657,51,0.159166666666667,9,1.128,NA,46.7,3.3,4.34933248332441,NA,NA,NA
2557856,"O.J. Howard","TB","TE",23,0,1,3.63466666666667,2.6032,4.6352,1.27176465328037,20,0.0761666666666665,4,2.032,NA,21.4,2.7,4.89765193075992,NA,0,NA
2552633,"Jesse James","PIT","TE",23,2,9,3.618,2.6896,4.6256,1.22208960391618,21,0.124833333333334,4,1.936,NA,23.3,2.7,4.82652623275523,NA,0,NA
2558918,"Matt Breida","SF","RB",22,0,11,3.605,2.601,4.609,1.77483802077823,52,0.192333333333333,9,2.008,NA,50.7,3.4,5.69529107185607,NA,11.8,NA
2558105,"Chris Godwin","TB","WR",21,0,1,3.582,2.8692,4.2948,1.26006428407443,74,0.0438333333333341,10,1.4256,NA,61.1,6.9,5.33368244535114,NA,6.8,NA
2556592,"Roger Lewis","NYG","WR",24,1,8,3.56533333333333,2.6956,4.4396,1.09004418870674,75,0.0600000000000005,10,1.744,NA,72.3,6.2,4.82410478182805,NA,9.3,NA
2541944,"Russell Shepard","CAR","WR",27,4,11,3.511,2.8004,4.238,0.899201312276622,76,0.0688333333333326,10,1.4376,NA,73.2,7.9,5.34372816704443,NA,4,NA
2550328,"Brandon Coleman","NO","WR",25,3,5,3.49966666666667,2.6558,4.3918,1.09002079490867,77,0.131166666666667,10,1.736,NA,71.2,4.8,4.20926604365093,NA,3,NA
2495888,"Marcedes Lewis","JAC","TE",33,11,8,3.499,2.3864,4.4464,1.33625708604295,22,0.0663333333333331,4,2.06,NA,27.2,3.4,5.30988064658433,NA,2.9,NA
2543721,"C.J. Fiedorowicz","HOU","TE",26,3,7,3.48733333333333,2.148,5.0536,1.88129113465549,23,0.124166666666667,4,2.9056,NA,22.9,4.6,6.6386490152437,NA,1,NA
2539217,"Andre Ellington","ARI","RB",28,4,8,3.416,2.713,3.9634,0.851018801202417,53,0.125666666666667,10,1.2504,NA,52.7,4.6,5.00901066719879,NA,9,NA
925,"Jamaal Charles","DEN","RB",31,9,5,3.40933333333333,2.668,4.1944,0.958687296950019,54,0.249666666666667,10,1.5264,NA,47.9,3.3,4.56436913198047,NA,3.8,NA
2531332,"Terrelle Pryor","WAS","WR",28,6,5,3.38466666666667,3.1008,3.6048,0.343897271482827,78,0.13175,10,0.504,NA,69.2,7.2,4.37600640015981,NA,0,NA
2495353,"Julius Thomas","MIA","TE",29,6,1,3.378,2.662,4.0732,0.883148911565881,24,0.174833333333333,4,1.4112,NA,18,2.6,4.29552621174949,NA,6.8,NA
2552656,"J.J. Nelson","ARI","WR",25,2,8,3.35233333333333,2.849,3.9898,0.769873582696103,79,0.219583333333333,10,1.1408,NA,81.7,6.9,4.75079291147567,NA,1.7,NA
2534820,"Garrett Celek","SF","TE",29,5,11,3.34833333333333,3.226,3.462,0.148688712864606,25,0.334333333333333,5,0.235999999999999,NA,17.4,3.2,3.51810090060894,NA,12.7,NA
2539663,"Mike Gillislee","NE","RB",27,4,9,3.17133333333333,1.3058,4.6938,2.24399205286769,55,0.123833333333333,10,3.388,NA,48.6,3.7,6.45505506742385,NA,0,NA
2543759,"Ryan Grant","WAS","WR",27,3,5,3.1535,3.0387,3.2683,0.202939646200539,80,0.0735000000000001,11,0.229599999999999,NA,66.4,5.2,3.330091288696,NA,2.5,NA
2507428,"Mike Tolbert","BUF","RB",32,9,6,3.148,1.9618,4.5898,1.73321868210564,56,0.239666666666667,10,2.628,NA,61.2,3.9,5.8660298468206,NA,1.5,NA
2543646,"Bruce Ellington","HOU","WR",26,3,7,3.112,2.3552,3.8688,1.33784603000495,81,0.10375,11,1.5136,NA,85.6,6.3,5.16268292331423,NA,10.1,NA
2552580,"A.J. Derby","DEN","TE",26,2,5,3.058,2.4328,3.5128,0.769241184544873,26,0.119,5,1.08,NA,23.6,3.2,4.40661995115298,NA,0.2,NA
2555468,"Rashard Higgins","CLE","WR",23,1,9,3.048,2.747,3.3222,0.364152440606953,82,0.0885000000000002,11,0.575200000000001,NA,90.2,5.3,3.56570572842373,NA,3.4,NA
2540215,"Vance McDonald","PIT","TE",27,4,9,2.97,1.682,4.258,2.27688383542068,27,0.0985,5,2.576,NA,35.1,8,8.75880414228513,NA,7.6,NA
2495453,"Andre Holmes","BUF","WR",29,6,6,2.9685,2.6553,3.2817,0.553664609669066,83,0.0784999999999996,11,0.626399999999999,NA,87.9,8.4,5.15242314460582,NA,0,NA
2552418,"Justin Hardy","ATL","WR",26,2,5,2.9505,2.3101,3.5909,1.13207795667966,84,0.146749999999999,11,1.2808,NA,90.2,6.3,4.91800252442094,NA,6.7,NA
2559169,"Austin Ekeler","LAC","RB",NA,NA,9,2.947,2.0694,3.8246,1.55139227792329,57,0.171916666666667,10,1.7552,NA,58.3,3.5,5.44326855350139,NA,20.9,NA
497238,"Jermaine Gresham","ARI","TE",29,7,8,2.908,2.512,3.4512,0.667934877065122,28,0.0840000000000001,5,0.9392,NA,30.7,3.4,4.35296396076307,NA,12.4,NA
284,"Darren McFadden","DAL","RB",30,9,6,2.86966666666667,1.118,4.5652,2.15792500642013,58,0.275083333333333,10,3.4472,NA,51.6,8.3,8.42071713085112,NA,NA,NA
2540928,"Darren Fells","DET","TE",31,5,7,2.835,2.012,3.944,1.35700957992197,29,0.032,5,1.932,NA,29.2,3.4,5.33959446934597,NA,0,NA
2556396,"Chester Rogers","IND","WR",23,1,11,2.8295,1.5187,4.1403,2.31718892194832,85,0.126000000000001,11,2.6216,NA,93.2,7.3,6.76637774731955,NA,16.4,NA
2556365,"Seth DeValve","CLE","TE",24,1,9,2.813,2.7242,2.9018,0.156977705423414,30,0.0505,6,0.177600000000001,NA,30.1,3.6,3.71276192714467,NA,4,NA
2555364,"Tyler Higbee","LAR","TE",24,1,8,2.793,2.122,3.4892,0.856240036438381,31,0.14575,6,1.3672,NA,23.8,2.9,4.39409207786162,NA,2.2,NA
2550198,"Bennie Fowler","DEN","WR",26,3,5,2.778,2.151,3.371,0.766045037840465,86,0.1725,11,1.22,NA,78.5,4.7,3.78010891294322,NA,0,NA
2532838,"Coby Fleener","NO","TE",29,5,5,2.732,2.0422,3.6062,1.05588683105719,32,0.258083333333333,6,1.564,NA,23.6,3.7,5.04553559885955,NA,0,NA
2495473,"Shane Vereen","NYG","RB",28,6,8,2.6805,1.9361,3.4249,1.31592571978817,59,0.340833333333333,10,1.4888,NA,56.8,4.5,5.58224185214318,NA,3.8,NA
2558127,"Josh Malone","CIN","WR",21,0,6,2.629,2.3914,2.8666,0.420021428024809,87,0.145833333333334,12,0.4752,NA,85.4,5.8,3.85171529986866,NA,0.6,NA
2558052,"Kenny Golladay","DET","WR",24,0,7,2.582,2.582,2.582,NA,88,0.245333333333333,12,0,NA,78.5,13.8,11.679774689505,NA,6.4,NA
2532835,"Rhett Ellison","NYG","TE",29,5,8,2.5625,1.5165,3.6085,1.84908423280282,33,0.181333333333333,6,2.092,NA,39.7,1.1,4.99309854313809,NA,0,NA
2552471,"T.J. Yeldon","JAC","RB",24,2,8,2.50866666666667,1.286,3.4268,1.4916317686793,60,0.383333333333333,10,2.1408,NA,59.3,3.8,5.49943316483097,NA,5,NA
2495187,"Lance Kendricks","GB","TE",29,6,8,2.38533333333333,1.294,3.3948,1.32490955666164,34,0.0448333333333331,6,2.1008,NA,30.4,3.8,5.47642572059959,NA,0.9,NA
2555214,"Laquon Treadwell","MIN","WR",22,1,9,2.38433333333333,2.0352,2.676,0.41938089290445,89,0.165666666666667,12,0.6408,NA,88.7,6.5,4.15835909484556,NA,0,NA
2541199,"Luke Willson","SEA","TE",27,4,6,2.377,1.5506,3.2034,1.46088260993141,35,0.122666666666667,6,1.6528,NA,39,4.3,5.89960543041137,NA,0,NA
2557889,"Gerald Everett","LAR","TE",23,0,8,2.304,1.8032,2.7952,0.620348289269826,36,0.116166666666667,6,0.992,NA,31.6,3,4.10203587607891,NA,0,NA
2557870,"Taywan Taylor","TEN","WR",NA,0,8,2.289,2.0138,2.5642,0.486489465456344,90,0.179166666666667,12,0.5504,NA,95.3,6.4,4.19424334896478,NA,3.4,NA
2558207,"Jonnu Smith","TEN","TE",22,0,8,2.20466666666667,1.181,3.353,1.38407309537225,37,0.109166666666666,6,2.172,NA,34.1,2.9,5.14985367703759,NA,2,NA
2556463,"Stephen Anderson","HOU","TE",24,1,7,2.171,1.714,2.7084,0.645416919517919,38,0.17475,7,0.9944,NA,33.7,3.7,4.4578168277293,NA,3,NA
2535708,"Lance Dunbar","LAR","RB",27,5,8,2.17066666666667,1.4344,3.0504,1.0566841218327,61,0.128916666666667,11,1.616,NA,69.5,8.8,7.18187267645005,NA,3.1,NA
2539291,"Markus Wheaton","CHI","WR",26,4,9,2.14833333333333,1.089,3.2346,1.34226723618411,91,0.103,12,2.1456,NA,95.1,6.4,5.21185527933781,NA,0,NA
2556466,"Peyton Barber","TB","RB",23,1,1,2.08,2,2.16,0.141421356237309,62,0.231,11,0.16,NA,56.9,4.4,3.97461265515057,NA,-0.2,NA
2550256,"Willie Snead","NO","WR",25,3,5,2.07133333333333,1.594,2.5012,0.576238087367829,92,0.0689166666666665,13,0.9072,NA,74.5,8.1,5.04752024335193,NA,0,NA
2505299,"Antonio Gates","LAC","TE",37,14,9,2.02,1.291,2.583,0.883869334234422,39,0.0764999999999998,7,1.292,NA,31.8,3.7,4.79923761451653,NA,0.3,NA
71217,"Kenny Britt","CLE","WR",29,8,9,2.01933333333333,0.6904,3.748,2.09783729906143,93,0.0465833333333334,13,3.0576,NA,78.8,10,7.69125182026765,NA,9.8,NA
2556118,"Dwayne Washington","DET","RB",NA,1,7,2.0035,1.6807,2.3263,0.570635172417544,63,0.33625,11,0.6456,NA,63.9,4.1,4.40992086022298,NA,1,NA
2554138,"Kasen Williams","CLE","WR",NA,2,9,1.9855,1.0955,2.8755,1.57331258814007,94,0.0487500000000001,13,1.78,NA,97.1,8.2,6.27706426811255,NA,0,NA
2541834,"Josh Hill","NO","TE",27,4,5,1.9725,1.4785,2.4665,0.873276874765386,40,0.10325,7,0.987999999999999,NA,38.9,1.6,3.82440952218264,NA,NA,NA
80670,"Louis Murphy","SF","WR",30,8,11,1.96,1.96,1.96,NA,95,0.04775,13,0,NA,106.3,13.7,11.5919445580148,NA,4.8,NA
2495234,"Luke Stocker","TB","TE",29,6,1,1.9145,0.8221,3.0069,1.93110861942046,41,0.16475,7,2.1848,NA,NA,NA,7.87306711394963,NA,0,NA
2530700,"Dontrelle Inman","CHI","WR",28,4,9,1.9135,1.5323,2.2947,0.67387276247078,96,0.00399999999999978,13,0.7624,NA,72.5,10.7,6.30541009595991,NA,8.8,NA
2541388,"Brice Butler","DAL","WR",27,4,6,1.911,1.264,2.4024,0.78722487257454,97,0.05325,13,1.1384,NA,76.6,7.5,5.03491585821835,NA,3,NA
2558846,"Mike Williams","LAC","WR",23,0,9,1.908,1.194,2.586,0.87348440169244,98,0.102416666666667,13,1.392,NA,89.6,6,4.47876174167999,NA,2.4,NA
2552399,"Jeff Heuerman","DEN","TE",25,2,5,1.824,1.3704,2.2776,0.801859089865545,42,0.20525,7,0.9072,NA,48.3,6.7,6.0527589059862,NA,0.4,NA
2532841,"Michael Floyd","MIN","WR",28,5,9,1.8075,1.1975,2.4175,1.07833784130949,99,0.0251666666666668,13,1.22,NA,112.1,14,8.23555980220556,NA,0,NA
2539235,"Tavarres King","NYG","WR",27,4,8,1.80366666666667,0.634,2.9068,1.42778511455097,100,0.0549166666666672,13,2.2728,NA,64.9,6.4,5.31354524636313,NA,2.2,NA
2532978,"Jarius Wright","MIN","WR",28,5,9,1.761,1.4178,2.1042,0.606697618258058,101,0.12925,13,0.6864,NA,88.2,9.8,5.83029602351535,NA,6.7,NA
2556460,"Geronimo Allison","GB","WR",23,1,8,1.7365,1.7009,1.7721,0.0629325035256029,102,0.21575,13,0.0712000000000004,NA,109.1,11.1,5.75459659727789,NA,0,NA
2557978,"James Conner","PIT","RB",22,0,9,1.6945,1.4181,1.9709,0.488610785799904,64,0.0794999999999999,11,0.5528,NA,65.5,5.4,4.88867599600084,NA,1.2,NA
497246,"Michael Hoomanawanui","NO","TE",29,7,5,1.6755,1.0239,2.3271,1.15187694655289,43,0.164666666666667,7,1.3032,NA,47.2,6,6.23403405265634,NA,0.4,NA
2541544,"Benny Cunningham","CHI","RB",27,4,9,1.64,1.312,1.968,0.579827560572969,65,0.0625,11,0.656,NA,71.3,4.8,4.73869447435416,NA,0.2,NA
2550658,"Branden Oliver","LAC","RB",26,3,9,1.59,1.188,1.9,0.487544869729956,66,0.0574999999999999,11,0.712,NA,70.2,3.9,4.20894678546334,NA,NA,NA
2558138,"Samaje Perine","WAS","RB",22,0,5,1.565,1.505,1.625,0.106066017177982,67,0.0817500000000002,11,0.12,NA,67.2,4.4,3.9275804923952,NA,6,NA
2555311,"Jerell Adams","NYG","TE",25,1,8,1.562,0.7876,2.3364,1.36895872837716,44,0.1175,7,1.5488,NA,49.5,15.5,10.8861822555608,NA,0,NA
2556519,"Alex Erickson","CIN","WR",25,1,6,1.527,0.8622,2.1918,1.17521147033204,103,0.02275,13,1.3296,NA,99,5.2,4.48622719411962,NA,0.4,NA
2556752,"Tommylee Lewis","NO","WR",25,1,5,1.5145,0.4365,2.5925,1.90565277529775,104,0.0302499999999997,13,2.156,NA,116,7.5,6.36484708102323,NA,0,NA
2540168,"Eddie Lacy","SEA","RB",26,4,6,1.5,0.15,1.35,1.06066017177982,68,0.0429999999999999,12,1.2,NA,NA,NA,5.25454536535261,NA,0,NA
2543590,"Cody Latimer","DEN","WR",25,3,5,1.494,1.102,1.886,0.692964645562817,105,0.0282500000000001,13,0.784,NA,91.8,6.3,4.39584950822598,NA,2.8,NA
2555419,"Pharoh Cooper","LAR","WR",22,1,8,1.4745,1.1245,1.8245,0.618718433538229,106,0.018,14,0.7,NA,115.6,10.2,6.02025033041748,NA,1.2,NA
2553650,"Corey Grant","JAC","RB",NA,NA,8,1.4665,1.0637,1.8693,0.712056528654853,69,0.0235833333333335,12,0.8056,NA,75.3,5.6,5.27636076513328,NA,11.6,NA
2552403,"Nick OLeary","BUF","TE",25,2,6,1.45966666666667,0.9088,1.8808,0.669290918310815,45,0.0825,8,0.972,NA,25.9,7.1,6.0457379162025,NA,6.7,NA
2558010,"John Ross","CIN","WR",NA,0,6,1.457,0.7378,2.1762,1.27137799257341,107,0.0485,14,1.4384,NA,87.7,10.3,6.84024789849426,NA,0,NA
2550246,"Bernard Reedy","TB","WR",26,3,1,1.456,1.456,1.456,NA,108,0.1755,14,0,NA,94.2,10,8.34222969287488,NA,0,NA
2540230,"Kyle Juszczyk","SF","RB",26,4,11,1.4475,1.4175,1.4775,0.053033008588991,70,0.140083333333333,12,0.0600000000000003,NA,71.3,4.4,3.85703224826214,NA,-0.3,NA
2543770,"Charles Sims","TB","RB",27,3,1,1.43833333333333,0.73,2.254,0.980437827367617,71,0.299083333333333,12,1.524,NA,64.5,4.9,5.31683522398723,NA,9,NA
2495288,"Virgil Green","DEN","TE",29,6,5,1.42933333333333,1.0446,1.8726,0.532791078503885,46,0.111583333333333,8,0.828,NA,43.5,5.2,4.98202954077853,NA,0,NA
2559241,"Travis Rudolph","NYG","WR",NA,0,8,1.361,1.361,1.361,NA,109,0.16675,14,0,NA,97,1.4,0.788838384711855,NA,NA,NA
2553744,"Eric Tomlinson","NYJ","TE",NA,NA,11,1.325,1.325,1.325,NA,47,0.0780833333333333,8,0,NA,39.2,3.6,4.63292676401781,NA,0,NA
2495835,"Anthony Fasano","MIA","TE",33,11,1,1.3105,0.8949,1.7261,0.734683945652823,48,0.257083333333333,8,0.8312,NA,45,4.4,4.90551828628759,NA,0,NA
2555466,"Tyler Boyd","CIN","WR",23,1,6,1.2,0.708,1.692,0.869741340859454,110,0.0357500000000002,14,0.984,NA,112,9.9,6.18699840330964,NA,0,NA
497320,"Andre Roberts","ATL","WR",29,7,5,1.1885,0.6593,1.7177,0.935502271509803,111,0.0635000000000001,14,1.0584,NA,NA,NA,4.27599090225924,NA,0,NA
2550313,"Richard Rodgers","GB","TE",25,3,8,1.18333333333333,0.8782,1.4502,0.366974567692822,49,0.289583333333333,8,0.572,NA,41.5,4.4,4.3790248755104,NA,0.8,NA
2535890,"Travaris Cadet","BUF","RB",28,5,6,1.1765,0.2353,2.1177,1.66382225613195,72,0.1485,12,1.8824,NA,80.5,5.8,6.63290808702633,NA,0,NA
81306,"Brandon Tate","BUF","WR",30,8,6,1.14,1.14,1.14,NA,112,0.085,15,0,NA,NA,NA,NA,NA,0,NA
2557034,"Marvin Hall","ATL","WR",24,1,5,1.11,0.111,0.999,0.784888527117068,113,0.1245,15,0.888,NA,112.7,14.7,8.19402242551182,NA,0,NA
2552375,"Cameron Artis-Payne","CAR","RB",25,2,11,1.102,0.7276,1.4764,0.661851947190608,73,0.195833333333333,12,0.7488,NA,62.2,6.3,5.52612034583544,NA,12.8,NA
2530515,"Chris Hogan","NE","WR",29,6,9,1,0.1,0.9,0.707106781186548,114,0.0717499999999999,15,0.8,NA,NA,NA,3.7328172332384,NA,0,NA
2550223,"Freddie Martino","FA","WR",26,3,NA,0.971,0.971,0.971,NA,115,0.10675,15,0,NA,NA,NA,NA,NA,0,NA
2555460,"Paul Perkins","NYG","RB",23,1,8,0.954,0.7748,1.1332,0.316783837971573,74,0.108833333333334,12,0.3584,NA,62.5,6,4.93142418656527,NA,0,NA
2553457,"Trevor Siemian","DEN","QB",NA,NA,5,0.9515,0.8119,1.0911,0.246780266634105,29,0.3458,8,0.2792,NA,NA,NA,4.11791785727502,NA,0,NA
2543628,"Troy Niklas","ARI","TE",25,3,8,0.9235,0.6487,1.1983,0.485782358675158,50,0.09975,8,0.5496,NA,45.4,2.7,3.77226725497885,NA,0,NA
2543774,"Jared Abbrederis","DET","WR",27,3,7,0.8855,0.5371,1.2339,0.615890006413483,116,0.0425000000000002,15,0.6968,NA,105.6,5.2,3.82113373870865,NA,0,NA
2558144,"Adam Shaheen","CHI","TE",23,0,9,0.864,0.864,0.864,NA,51,0.1275,9,0,NA,40.2,6.1,6.91783534417195,NA,3.9,NA
2559163,"Justin Davis","LAR","RB",NA,0,8,0.858333333333333,0.377,1.345,0.605110182804201,75,0.0295833333333332,12,0.968,NA,69.7,4.6,4.6818856990562,NA,NA,NA
2552470,"Sammie Coates","CLE","WR",24,2,9,0.843,0.8358,0.8502,0.0127279220613579,117,0.032,15,0.0144,NA,107.7,5.5,3.23565426152488,NA,3.8,NA
2556517,"Ed Eagan","NYG","WR",24,1,8,0.843,0.843,0.843,NA,117,0.0772499999999999,15,0,NA,NA,NA,NA,NA,0,NA
2553728,"Raheem Mostert","SF","RB",NA,NA,11,0.832,0.832,0.832,NA,76,0.0992500000000001,12,0,NA,98,17,16.5359814735599,NA,0,NA
2558204,"Jamaal Williams","GB","RB",NA,0,8,0.8255,0.5411,1.1099,0.502752921423635,77,0.1855,12,0.5688,NA,66.2,5.2,4.81704736058448,NA,7.4,NA
2552559,"C.J. Uzomah","CIN","TE",24,2,6,0.7835,0.4239,1.1431,0.635688996286706,52,0.13375,9,0.7192,NA,47.4,3.7,4.4438881987936,NA,0,NA
2558150,"ArDarius Stewart","NYJ","WR",NA,0,11,0.779,0.779,0.779,NA,119,0.0347499999999999,15,0,NA,91.9,6,4.82902443326417,NA,0,NA
2540151,"Justin Hunter","PIT","WR",26,4,9,0.7525,0.4345,1.0705,0.562149891043305,120,0.0367499999999999,15,0.636,NA,105.1,7.3,4.67944733476577,NA,0,NA
2557905,"Amara Darboh","SEA","WR",23,0,6,0.736,0.4928,0.9792,0.429920922961421,121,0.0515,15,0.4864,NA,109.3,5.6,3.77565673396088,NA,0.3,NA
2556612,"Tanner McEvoy","SEA","WR",24,1,6,0.6955,0.4431,0.9479,0.446184378928712,122,0.0235000000000002,15,0.5048,NA,109.5,3.3,2.78494922242262,NA,0,NA
2540203,"Levine Toilolo","ATL","TE",26,4,5,0.6895,0.2659,1.1131,0.748826081276554,53,0.0954999999999999,9,0.8472,NA,44.6,5.7,5.51984350088087,NA,1,NA
2535964,"Josh Bellamy","CHI","WR",28,5,9,0.6735,0.4547,0.8923,0.386787409309042,123,0.00675000000000003,15,0.4376,NA,97.5,8.7,5.08573337916488,NA,11.7,NA
2552651,"Kaelin Clay","CAR","WR",25,2,11,0.6705,0.4669,0.8741,0.359917351623953,124,0.01225,15,0.4072,NA,111.2,14.4,7.55694073434216,NA,0.5,NA
2553737,"Eli Rogers","PIT","WR",NA,NA,9,0.663,0.663,0.663,NA,125,0.0355000000000001,15,0,NA,93.5,7.9,6.49779693157926,NA,0.2,NA
2553606,"Jordan Taylor","DEN","WR",25,2,5,0.6535,0.3259,0.9811,0.579120453791783,126,0.0585,15,0.6552,NA,NA,NA,3.42843818031959,NA,0,NA
2552635,"Matt Jones","IND","RB",25,2,11,0.64,0.0640000000000001,0.576,0.45254833995939,78,0.00599999999999989,12,0.512,NA,NA,NA,3.63663896656791,NA,0,NA
2553867,"Mack Brown","MIN","RB",NA,NA,9,0.64,0.64,0.64,NA,78,0.0263333333333332,12,0,NA,NA,NA,NA,NA,0,NA
2539980,"Kerwynn Williams","ARI","RB",26,4,8,0.628,0.2136,1.0424,0.732562625309263,80,0.0298333333333334,12,0.8288,NA,73.2,5.3,5.16797716875363,NA,0,NA
2543465,"Teddy Bridgewater","MIN","QB",25,3,9,0.6214,0.37772,0.86508,0.430769451098845,30,0.0682,8,0.48736,NA,NA,NA,4.63585430692585,NA,0,NA
2555306,"David Morgan","MIN","TE",24,1,9,0.61,0.3692,0.8508,0.425678282274302,54,0.0375,9,0.4816,NA,51,6.7,5.51413593815106,NA,6.1,NA
2555331,"Cody Core","CIN","WR",23,1,6,0.6015,0.5219,0.6811,0.140714249456123,127,0.0165000000000001,15,0.1592,NA,128,4,2.72911780180728,NA,0,NA
2495471,"Jacquizz Rodgers","TB","RB",27,6,1,0.599333333333333,0.461,0.7754,0.212805858315351,81,0.0288333333333334,12,0.3144,NA,65,6.1,4.83832610316945,NA,1.2,NA
2543600,"Alfred Blue","HOU","RB",26,3,7,0.597,0.4874,0.7066,0.193747258045114,82,0.0985000000000001,12,0.2192,NA,75.3,4.1,3.90855800525075,NA,1,NA
2543801,"Jimmy Garoppolo","SF","QB",26,3,11,0.59,0.4124,0.7676,0.313955410846827,31,0.17075,9,0.3552,NA,28.5,1.4,3.96162684320458,NA,0,NA
2558129,"Isaiah McKenzie","DEN","WR",22,0,5,0.5885,0.2977,0.8793,0.51406662992262,128,0.00775000000000003,15,0.5816,NA,134,8,4.92967661929531,NA,NA,NA
2543792,"Matt Hazel","IND","WR",25,3,11,0.5815,0.1355,1.0275,0.788424061023,129,0.004,15,0.892,NA,105.5,12.5,7.23209510968405,NA,0,NA
2540279,"Nick Williams","ATL","WR",27,4,5,0.58,0.58,0.58,NA,130,0.0109999999999999,15,0,NA,NA,NA,NA,NA,0,NA
2557886,"Jeremy Sprinkle","WAS","TE",23,0,5,0.578,0.3444,0.8116,0.412950360212944,55,0.0135000000000001,9,0.4672,NA,68.5,10.5,7.23244237369032,NA,0,NA
2558069,"Chad Hansen","NYJ","WR",22,0,11,0.575,0.2398,0.9102,0.592555482634327,131,0.01775,15,0.6704,NA,91.7,4.6,3.52989608250768,NA,3.3,NA
2558956,"Jacob Hollister","NE","TE",24,0,9,0.567,0.567,0.567,NA,56,0.0315,9,0,NA,NA,NA,NA,NA,NA,NA
2557960,"Ryan Switzer","DAL","WR",23,0,6,0.563,0.4206,0.7054,0.251730014102411,132,0.02275,15,0.2848,NA,115.4,6.6,4.00291921092731,NA,0,NA
2533028,"James Hanna","DAL","TE",28,5,6,0.562,0.562,0.562,NA,57,0.0625,9,0,NA,60.8,7.1,7.83179877623361,NA,0,NA
2555215,"Leonte Carroo","MIA","WR",23,1,1,0.5515,0.5135,0.5895,0.067175144212722,133,0.03625,15,0.076,NA,115.5,9.1,4.88134023905343,NA,0,NA
2552477,"Aaron Ripkowski","GB","RB",NA,NA,8,0.544,0.3408,0.7472,0.359210244842766,83,0.0940000000000001,12,0.4064,NA,NA,NA,3.38830914721957,NA,1.5,NA
2558912,"Victor Bolden","SF","WR",22,0,11,0.529,0.529,0.529,NA,134,0.0295,15,0,NA,106.8,6.5,5.26817509071551,NA,NA,NA
2555387,"Cody Kessler","CLE","QB",24,1,9,0.5164,0.36792,0.66488,0.262478037176446,32,0.2268,9,0.29696,NA,30.3,0.9,2.52241029870171,NA,0.2,NA
2543767,"Logan Thomas","BUF","TE",26,3,6,0.509,0.3178,0.7002,0.33799704140717,58,0.0235000000000001,9,0.3824,NA,NA,NA,3.31097107435348,NA,0,NA
2558194,"Josh Reynolds","LAR","WR",22,0,8,0.5015,0.3579,0.6451,0.253851334445971,135,0.00525000000000009,15,0.2872,NA,NA,NA,2.65487815632706,NA,0,NA
80427,"Darrius Heyward-Bey","PIT","WR",30,8,9,0.4975,0.3835,0.6115,0.201525432638166,136,0.035,15,0.228,NA,134,10,5.43633279223635,NA,0,NA
2556404,"Maurice Harris","WAS","WR",25,1,5,0.495,0.495,0.495,NA,137,0.0885,15,0,NA,NA,NA,NA,NA,11,NA
2553900,"Daniel Brown","CHI","TE",NA,NA,9,0.49,0.49,0.49,NA,59,0.01025,9,0,NA,NA,NA,NA,NA,2.3,NA
2558049,"Michael Roberts","DET","TE",23,0,7,0.481,0.4074,0.5546,0.130107647738325,60,0.0125,9,0.1472,NA,NA,NA,2.71565095200937,NA,0,NA
2555289,"Nick Vannett","SEA","TE",NA,1,6,0.4785,0.2877,0.6693,0.337289934625983,61,0.0225,9,0.3816,NA,54.7,8.3,6.11875053534288,NA,2.2,NA
2539645,"Brandon Williams","IND","TE",30,5,11,0.4585,0.3637,0.5533,0.167584307141212,62,0.02625,9,0.1896,NA,45.9,4.9,4.32202489579965,NA,0,NA
2552396,"Ben Koyack","JAC","TE",24,2,8,0.4535,0.3147,0.5923,0.245366053071732,63,0.05025,9,0.2776,NA,53.7,3.3,3.70222356079293,NA,0,NA
2553762,"Terron Ward","ATL","RB",NA,NA,5,0.453,0.453,0.453,NA,84,0.0322499999999999,12,0,NA,78.9,2.1,3.06019789630199,NA,2.3,NA
2556762,"Elijhaa Penny","ARI","RB",24,1,8,0.447,0.0894000000000001,0.8046,0.632153462380774,85,0.05975,12,0.7152,NA,NA,NA,4.11448574016246,NA,0,NA
2556814,"Max McCaffrey","JAC","WR",23,1,8,0.43,0.043,0.387,0.304055915910215,138,0.0634999999999999,15,0.344,NA,NA,NA,2.77427546437808,NA,0,NA
2535535,"Phillip Supernaw","TEN","TE",27,5,8,0.411,0.2102,0.6118,0.354967604155647,64,0.018,9,0.4016,NA,NA,NA,3.35956863536116,NA,0,NA
2507828,"Logan Paulsen","FA","TE",30,7,NA,0.3955,0.3099,0.7811,0.416485894118877,65,0.0127500000000001,9,0.4712,NA,NA,NA,3.53573479401401,NA,0,NA
2556411,"Josh Ferguson","IND","RB",24,1,11,0.3945,0.0789000000000001,0.7101,0.557907250356186,86,0.0145,12,0.6312,NA,76.7,12,7.96542855211218,NA,0,NA
2541096,"Ifeanyi Momah","ARI","TE",28,4,8,0.3905,0.3021,0.4789,0.156270598642227,66,0.0157499999999999,9,0.1768,NA,NA,NA,2.79057219189621,NA,0,NA
2559368,"Chris Thompson","HOU","WR",NA,0,7,0.383,0.383,0.383,NA,139,0.042,15,0,NA,114.7,14.6,12.3824157414272,NA,0,NA
2553617,"Terrell Watson","PIT","RB",24,2,9,0.38,0.0760000000000001,0.684,0.537401153701776,87,0.00524999999999998,12,0.608,NA,75.4,15.4,9.47565540652873,NA,NA,NA
2553631,"Zach Zenner","DET","RB",NA,NA,7,0.38,0.038,0.342,0.268700576850888,87,0.03,12,0.304,NA,71.8,4.1,4.00826619029213,NA,0,NA
2552660,"Randall Telfer","CLE","TE",25,2,9,0.375,0.2638,0.4862,0.19657568516986,67,0.00524999999999998,9,0.2224,NA,NA,NA,2.90599139928946,NA,0,NA
2552622,"Chris Manhertz","CAR","TE",NA,NA,11,0.3745,0.2749,0.4741,0.17606958851545,68,0.0110000000000001,9,0.1992,NA,55,4,3.92289074162383,NA,0,NA
2539303,"Zach Line","NO","RB",27,4,5,0.3695,0.2339,0.5051,0.23970919882224,89,0.0405,12,0.2712,NA,NA,NA,3.07037172699327,NA,0.9,NA
2550521,"Xavier Grimble","PIT","TE",25,3,9,0.365,0.3234,0.4066,0.0735391052434009,69,0.00424999999999998,9,0.0832000000000001,NA,50.4,4.8,4.14167098223778,NA,NA,NA
2556478,"Ben Braunecker","CHI","TE",23,1,9,0.362,0.202,0.522,0.282842712474619,70,0.00375000000000003,9,0.32,NA,NA,NA,3.15302900107851,NA,0,NA
2553318,"James OShaughnessy","FA","TE",NA,NA,NA,0.3595,0.1999,0.5191,0.282135605693432,71,0.00574999999999998,9,0.3192,NA,NA,NA,3.15100410270319,NA,0,NA
2533046,"Dwayne Allen","NE","TE",27,5,9,0.357,0.0714000000000001,0.6426,0.504874241767195,72,0.0235,9,0.5712,NA,45.6,19.2,11.3398016975543,NA,7.1,NA
2552478,"Blake Bell","MIN","TE",26,2,9,0.3505,0.2709,0.4301,0.140714249456123,73,0.037,9,0.1592,NA,NA,NA,2.74602442763917,NA,0,NA
2556773,"Hunter Sharp","DEN","WR",23,1,5,0.35,0.035,0.315,0.247487373415292,140,0.019,15,0.28,NA,NA,NA,2.63974328629242,NA,0,NA
2555413,"Trevor Davis","GB","WR",24,1,8,0.332,0.3312,0.3328,0.00141421356237314,141,0.028,15,0.00159999999999999,NA,116,17,8.27243360440671,NA,0,NA
2557987,"Matthew Dayes","CLE","RB",NA,0,9,0.3305,0.1941,0.4669,0.241123412384613,90,0.00674999999999998,12,0.2728,NA,80.5,2.5,3.24804909919486,NA,0,NA
2558091,"Noah Brown","DAL","WR",NA,0,6,0.33,0.033,0.297,0.233345237791561,142,0.056,15,0.264,NA,NA,NA,2.60611024177101,NA,0,NA
2555432,"Andy Janovich","DEN","RB",24,1,5,0.3275,0.1535,0.5015,0.307591449816148,91,0.029,12,0.348,NA,NA,NA,3.25097523197389,NA,0.3,NA
2495441,"Blaine Gabbert","ARI","QB",28,6,8,0.3221,0.23242,0.41178,0.158533340342024,33,0.0783,10,0.17936,NA,NA,NA,3.86949945252321,NA,0,NA
2558112,"Brian Hill","FA","RB",22,0,NA,0.32,0.032,0.288,0.226274169979695,92,0.0465,12,0.256,NA,NA,NA,3.03462728329919,NA,0,NA
2550206,"Ryan Hewitt","CIN","TE",26,3,6,0.3165,0.2313,0.4017,0.150613744392735,74,0.01925,10,0.1704,NA,NA,NA,2.77437300489365,NA,0,NA
2553451,"Neal Sterling","NYJ","TE",NA,NA,11,0.3105,0.3101,0.3109,0.000707106781186548,75,0.0485,10,0.000800000000000023,NA,NA,NA,2.34509454932579,NA,0,NA
2558023,"Eric Saubert","ATL","TE",23,0,5,0.284,0.2688,0.2992,0.0268700576850888,76,0.059,10,0.0303999999999999,NA,NA,NA,2.42001578921264,NA,0,NA
2555348,"Braxton Miller","HOU","WR",25,1,7,0.278,0.1836,0.3724,0.166877200360025,143,0.04175,15,0.1888,NA,110.8,9.8,5.30730218120735,NA,0,NA
2508101,"James Develin","NE","RB",29,7,9,0.277,0.1824,0.3616,0.158391918985787,93,0.00700000000000001,12,0.1792,NA,NA,NA,2.85402377831857,NA,1.6,NA
2543551,"KaDeem Carey","FA","RB",25,3,NA,0.27,0.027,0.243,0.190918830920368,94,0.001,12,0.216,NA,NA,NA,2.94056295778845,NA,0,NA
2552463,"Jaelen Strong","FA","WR",23,2,NA,0.27,0.27,0.27,NA,144,0.07,15,0,NA,NA,NA,NA,NA,0,NA
2556528,"D.J. Foster","ARI","RB",NA,1,8,0.27,0.027,0.243,0.190918830920368,94,0.00950000000000001,12,0.216,NA,NA,NA,2.94056295778845,NA,0,NA
2495472,"Jordan Todman","HOU","RB",27,6,7,0.268,0.268,0.268,NA,96,0.02,12,0,NA,NA,NA,NA,NA,0,NA
2558191,"Nathan Peterman","BUF","QB",23,0,6,0.2571,0.07062,0.44358,0.329653181389168,34,0.03875,10,0.37296,NA,NA,NA,4.35120821814772,NA,7.16,NA
2556803,"C.J. Ham","MIN","RB",24,1,9,0.253,0.0506,0.4554,0.357796031280393,97,0.0165,12,0.4048,NA,NA,NA,3.38454657419914,NA,0.3,NA
2530763,"Patrick DiMarco","BUF","RB",28,6,6,0.243,0.1686,0.3174,0.131521861300698,98,0.0285,12,0.1488,NA,NA,NA,2.78253489093041,NA,2.1,NA
2534241,"Derek Carrier","LAR","TE",27,5,8,0.24,0.024,0.216,0.169705627484771,77,0.035,11,0.192,NA,NA,NA,2.82904526102729,NA,0,NA
2556232,"Jake Rudock","DET","QB",24,1,7,0.2305,0.0653,0.3957,0.292035100630044,35,0.0298,10,0.3304,NA,NA,NA,4.24531191099391,NA,0,NA
2555219,"Daniel Lasco","NO","RB",25,1,5,0.23,0.023,0.207,0.162634559672906,99,0.0455,12,0.184,NA,NA,NA,2.86531149737986,NA,0,NA
497226,"Jim Dray","FA","TE",31,7,NA,0.21,0.021,0.189,0.148492424049175,78,0.025,11,0.168,NA,NA,NA,2.76829830976769,NA,0,NA
2539275,"Mike Glennon","CHI","QB",28,4,9,0.2062,0.09244,0.31996,0.201101168569454,36,0.0145,10,0.22752,NA,NA,NA,3.98932948430253,NA,0,NA
2507029,"Eric Weems","TEN","WR",32,10,8,0.2025,0.0725,0.3325,0.229809703885628,145,0.045,15,0.26,NA,NA,NA,2.59770198064065,NA,0,NA
2495211,"Niles Paul","WAS","TE",28,6,5,0.2,0.02,0.18,0.14142135623731,79,0.042,11,0.16,NA,NA,NA,2.74804932601449,NA,0,NA
2555218,"Dan Vitale","CLE","RB",NA,1,9,0.199,0.1518,0.2462,0.0834386001800126,100,0.029,12,0.0944,NA,NA,NA,2.65460740823581,NA,0,NA
497270,"Arrelious Benn","JAC","WR",29,7,8,0.1975,0.1275,0.2675,0.123743686707646,146,0.08,15,0.14,NA,NA,NA,2.34545414673004,NA,0,NA
2552576,"Sean Mannion","LAR","QB",25,2,8,0.1952,0.05824,0.33216,0.242113361878274,37,0.00750000000000001,10,0.27392,NA,NA,NA,4.10478034548527,NA,0,NA
2495425,"Scott Tolzien","IND","QB",30,6,11,0.1882,0.07604,0.30036,0.198272741444708,38,0.00110000000000002,10,0.22432,NA,NA,NA,3.9813673559451,NA,0,NA
497123,"Colt McCoy","WAS","QB",31,7,5,0.1872,0.06304,0.31136,0.219485944880304,39,0.00344999999999998,10,0.24832,NA,NA,NA,4.04108331862582,NA,0,NA
2506546,"Derek Anderson","CAR","QB",34,12,11,0.187,0.0822,0.2918,0.185261976670875,40,0.00814999999999999,10,0.2096,NA,NA,NA,3.94474156550092,NA,NA,NA
2559242,"Cooper Rush","DAL","QB",NA,0,6,0.1805,0.0553,0.3057,0.221324422511389,41,0.004,10,0.2504,NA,NA,NA,4.04625870205815,NA,NA,NA
2506562,"Matt Cassel","TEN","QB",35,12,8,0.1772,0.09624,0.25816,0.143118412512157,42,0.0105,10,0.16192,NA,NA,NA,3.82610585297521,NA,0,NA
252,"Chad Henne","JAC","QB",32,9,8,0.1758,0.05436,0.29724,0.214677618768236,43,0.01975,10,0.24288,NA,NA,NA,4.02754770041819,NA,0,NA
2540259,"MarQueis Gray","MIA","TE",27,4,1,0.17,0.1172,0.2228,0.0933380951166243,80,0.097,11,0.1056,NA,NA,NA,2.61035623649272,NA,0,NA
2552464,"Jalston Fowler","TEN","RB",NA,NA,8,0.17,0.114,0.226,0.0989949493661166,101,0.00425,12,0.112,NA,NA,NA,2.69599571146053,NA,0.1,NA
2550289,"David Fluellen","TEN","RB",25,3,8,0.17,0.17,0.17,NA,102,0.028,12,0,NA,77.5,5.5,6.13520891393132,NA,0,NA
2543695,"Jay Prosch","HOU","RB",25,3,7,0.1615,0.1123,0.2107,0.0869741340859454,103,0.04275,12,0.0984,NA,NA,NA,2.66401384078688,NA,0,NA
2505982,"Matt Schaub","ATL","QB",36,13,5,0.1576,0.06992,0.24528,0.154997806436091,44,0.00809999999999997,11,0.17536,NA,NA,NA,3.85954679207642,NA,0,NA
2556492,"Joe Callahan","GB","QB",24,1,8,0.1545,0.0501,0.2589,0.184554869889689,45,0.01095,11,0.2088,NA,NA,NA,3.94275103341156,NA,0,NA
2535943,"Sean McGrath","LAC","TE",30,5,9,0.146,0.1412,0.1508,0.0084852813742386,81,0.146,11,0.00960000000000003,NA,NA,NA,2.36736843145431,NA,0,NA
2555426,"Cardale Jones","LAC","QB",25,1,9,0.1445,0.0513,0.2377,0.164755880016466,46,0.02225,11,0.1864,NA,NA,NA,3.88701613490955,NA,0,NA
2533349,"Austin Davis","SEA","QB",28,5,6,0.1426,0.05732,0.22788,0.150755165748972,47,0.05025,11,0.17056,NA,NA,NA,3.84760359954028,NA,0,NA
2550235,"Roosevelt Nix","PIT","RB",NA,NA,9,0.1225,0.0405,0.2045,0.144956890143242,104,0.00850000000000002,12,0.164,NA,79,5.1,4.29586112324089,NA,0,NA
2552654,"Geremy Davis","FA","WR",25,2,NA,0.1175,0.0675,0.1675,0.0883883476483184,147,0.00025,15,0.1,NA,NA,NA,2.26137153542651,NA,0,NA
2557896,"Stacy Coley","MIN","WR",NA,0,9,0.1175,0.0363,0.1987,0.143542676580869,147,0.0025,15,0.1624,NA,NA,NA,2.39254040906002,NA,0,NA
2543750,"Jeff Janis","GB","WR",26,3,8,0.117,0.0794,0.1546,0.0664680374315355,149,0.00624999999999999,15,0.0752,NA,NA,NA,2.20924031641831,NA,0,NA
2532797,"Brandon Bolden","NE","RB",27,5,9,0.115,0.115,0.115,NA,105,0.00850000000000001,12,0,NA,NA,NA,NA,NA,0.1,NA
2535988,"Brittan Golden","ARI","WR",29,5,8,0.113,0.0514,0.1746,0.108894444302728,150,0.02125,15,0.1232,NA,NA,NA,2.31013944998256,NA,0,NA
2559325,"Trey Edmunds","NO","RB",NA,NA,5,0.113,0.113,0.113,NA,106,0.0145,12,0,NA,NA,NA,NA,NA,NA,NA
4487,"Matthew Slater","NE","WR",32,9,9,0.1085,0.0217,0.1953,0.153442171517481,151,0.071,15,0.1736,NA,NA,NA,2.41608354022501,NA,0,NA
2539335,"Geno Smith","NYG","QB",27,4,8,0.1019,0.04598,0.15782,0.0988535280098793,48,0.0235,11,0.11184,NA,NA,NA,3.70149854418143,NA,0,NA
2552636,"Michael Burton","DET","RB",25,2,7,0.1,0.1,0.1,NA,107,0.0165,12,0,NA,NA,NA,NA,NA,0,NA
2555220,"Derek Watt","LAC","RB",25,1,9,0.097,0.0946,0.0994,0.00424264068711928,108,0.062,12,0.00479999999999998,NA,NA,NA,2.44390331909175,NA,1.2,NA
81294,"Brian Hoyer","NE","QB",32,8,9,0.0828,0.05944,0.10616,0.0412950360212944,49,0.0105,11,0.04672,NA,NA,NA,3.53946923210773,NA,1.48,NA
2556190,"Jakeem Grant","MIA","WR",25,1,1,0.075,0.0214,0.1286,0.0947523086789974,152,0.075,15,0.1072,NA,128.5,8.5,4.650642062991,NA,0,NA
2507282,"Matt Moore","MIA","QB",33,10,1,0.074,0.066,0.082,0.014142135623731,50,0.00370000000000001,11,0.016,NA,NA,NA,3.46303279987641,NA,0,NA
2508123,"T.J. Yates","HOU","QB",30,6,7,0.0706,0.04292,0.09828,0.0489317892581091,51,0.0025,11,0.05536,NA,NA,NA,3.56096697867279,NA,0,NA
2539287,"Landry Jones","PIT","QB",28,4,9,0.07,0.0588,0.0812,0.0197989898732233,52,0.0082,11,0.0224,NA,NA,NA,3.47895705659127,NA,0,NA
2550400,"Keith Smith","DAL","RB",25,3,6,0.07,0.07,0.07,NA,109,0.07,12,0,NA,NA,NA,NA,NA,0.1,NA
2552369,"Bryce Petty","NYJ","QB",26,2,11,0.0662,0.05836,0.07404,0.0138592929112563,53,0.0137,11,0.01568,NA,NA,NA,3.46223658704066,NA,0,NA
2543497,"AJ McCarron","CIN","QB",27,3,6,0.0574,0.04252,0.07228,0.0263043722601396,54,0.0336,11,0.02976,NA,NA,NA,3.49726995181335,NA,0,NA
81284,"Chase Daniel","NO","QB",31,8,5,0.0476,0.02872,0.06648,0.033375440072005,55,0.0476,11,0.03776,NA,NA,NA,3.51717527270693,NA,NA,NA
184,"Donnie Avery","FA","WR",33,9,NA,0,0,0,NA,153,0,15,0,NA,NA,NA,NA,NA,NA,NA
206,"Andre Caldwell","FA","WR",32,9,NA,0,0,0,NA,153,0,15,0,NA,NA,NA,NA,NA,NA,NA
222,"Harry Douglas","TEN","WR",33,9,8,0,0,0,NA,153,0,15,0,NA,NA,NA,NA,NA,0,NA
230,"Jerome Felton","FA","RB",31,9,NA,0,0,0,NA,110,0,0,0,NA,NA,NA,NA,NA,0,NA
234,"Matt Forte","NYJ","RB",32,9,11,0,0,0,NA,110,0,0,0,NA,NA,NA,NA,NA,0,NA
262,"Chris Johnson","FA","RB",32,9,NA,0,0,0,NA,110,0,0,0,NA,NA,NA,NA,NA,0,NA
324,"Jacob Tamme","FA","TE",32,9,NA,0,0,0,NA,82,0,11,0,NA,NA,NA,NA,NA,0,NA
768,"Steve Johnson","FA","WR",31,9,NA,0,0,0,NA,153,0,15,0,NA,NA,NA,NA,NA,0,NA
927,"Justin Forsett","FA","RB",32,9,NA,0,0,0,NA,110,0,0,0,NA,NA,NA,NA,NA,0,NA
1060,"Gary Barnidge","FA","TE",32,9,NA,0,0,0,NA,82,0,11,0,NA,NA,NA,NA,NA,0,NA
1062,"Martellus Bennett","NE","TE",30,9,9,0,0,0,NA,82,0,11,0,NA,35.1,8.3,8.9285548947076,NA,3.8,NA
1990,"Eddie Royal","FA","WR",31,9,NA,0,0,0,NA,153,0,15,0,NA,NA,NA,NA,NA,0,NA
2346,"Pierre Garcon","SF","WR",31,9,11,0,0,0,NA,153,0,15,0,NA,NA,NA,NA,NA,0,NA
4383,"Tim Hightower","FA","RB",31,9,NA,0,0,0,NA,110,0,0,0,NA,NA,NA,NA,NA,0,NA
4433,"Marcel Reece","FA","RB",32,9,NA,0,0,0,NA,110,0,0,0,NA,NA,NA,NA,NA,0,NA
71345,"Rashad Jennings","FA","RB",32,8,NA,0,0,0,NA,110,0,0,0,NA,NA,NA,NA,NA,0,NA
71417,"Jordan Norwood","FA","WR",31,8,NA,0,0,0,NA,153,0,15,0,NA,NA,NA,NA,NA,0,NA
71435,"John Phillips","NO","TE",30,8,5,0,0,0,NA,82,0,11,0,NA,NA,NA,NA,NA,0,NA
79589,"David Johnson","FA","TE",30,8,NA,0,0,0,NA,82,0,11,0,NA,NA,NA,NA,NA,0,NA
79629,"Cedric Peerman","CIN","RB",31,8,6,0,0,0,0,110,0,12,0,NA,NA,NA,2.43261560003047,NA,0,NA
79858,"Mark Sanchez","CHI","QB",31,8,9,0,0,0,0,56,0,12,0,NA,NA,NA,3.42322215808926,NA,0,NA
89766,"Brandon Myers","FA","TE",32,8,NA,0,0,0,NA,82,0,11,0,NA,NA,NA,NA,NA,0,NA
89798,"Antone Smith","FA","RB",32,8,NA,0,0,0,NA,110,0,0,0,NA,NA,NA,NA,NA,0,NA
163982,"Will Johnson","NYG","RB",28,6,8,0,0,0,NA,110,0,0,0,NA,NA,NA,NA,NA,NA,NA
238457,"Zach Miller","CHI","TE",33,8,9,0,0,0,NA,82,0,11,0,NA,NA,NA,NA,NA,0,NA
238498,"Julian Edelman","NE","WR",31,8,9,0,0,0,NA,153,0,15,0,NA,NA,NA,NA,NA,0,NA
497095,"Sam Bradford","MIN","QB",30,7,9,0,0,0,NA,56,0,11,0,NA,NA,NA,NA,NA,0,NA
497135,"Tim Tebow","FA","QB",30,7,NA,0,0,0,NA,56,0,11,0,NA,NA,NA,NA,NA,NA,NA
497188,"Ryan Mathews","FA","RB",30,7,NA,0,0,0,NA,110,0,0,0,NA,NA,NA,NA,NA,0,NA
497190,"Dexter McCluster","FA","WR",29,7,NA,0,0,0,NA,153,0,15,0,NA,NA,NA,NA,NA,0,NA
497206,"James Starks","FA","RB",31,7,NA,0,0,0,NA,110,0,0,0,NA,NA,NA,NA,NA,0,NA
497242,"Clay Harbor","NO","TE",30,7,5,0,0,0,NA,82,0,11,0,NA,NA,NA,NA,NA,0,NA
497254,"Dennis Pitta","FA","TE",32,7,NA,0,0,0,NA,82,0,11,0,NA,NA,NA,NA,NA,0,NA
497286,"Marcus Easley","BUF","WR",30,7,6,0,0,0,NA,153,0,15,0,NA,NA,NA,NA,NA,NA,NA
1037347,"Joe Webb","BUF","QB",31,7,6,0,0,0,NA,56,0,11,0,NA,NA,NA,NA,NA,0,NA
1037885,"Marc Mariani","FA","WR",30,7,NA,0,0,0,NA,153,0,15,0,NA,NA,NA,NA,NA,0,NA
2495159,"Dwayne Harris","NYG","WR",30,6,8,0,0,0,NA,153,0,15,0,NA,NA,NA,NA,NA,0,NA
2495186,"Colin Kaepernick","FA","QB",30,6,NA,0,0,0,NA,56,0,11,0,NA,NA,NA,NA,NA,0,NA
2495189,"Jeremy Kerley","NYJ","WR",29,6,11,0,0,0,NA,153,0,15,0,NA,87.5,6.5,5.26817509071551,NA,0,NA
2495258,"Matt Asiata","FA","RB",30,6,NA,0,0,0,NA,110,0,0,0,NA,NA,NA,NA,NA,0,NA
2495259,"Dan Bailey","DAL","K",29,6,6,0,0,0,NA,29,0,3,0,NA,NA,NA,NA,NA,0,NA
2495461,"Shaun Draughn","FA","RB",30,6,NA,0,0,0,NA,110,0,0,0,NA,NA,NA,NA,NA,0,NA
2495467,"Taiwan Jones","BUF","RB",29,6,6,0,0,0,NA,110,0,0,0,NA,NA,NA,NA,NA,0,NA
2495470,"Stevan Ridley","FA","RB",28,6,NA,0,0,0,0,110,0,12,0,NA,NA,NA,2.43261560003047,NA,0,NA
2495700,"Greg Olsen","CAR","TE",32,10,11,0,0,0,NA,82,0,11,0,NA,NA,NA,NA,NA,0,NA
2495893,"Brandon Marshall","NYG","WR",33,11,8,0,0,0,NA,153,0,15,0,NA,NA,NA,NA,NA,0,NA
2495979,"DeAngelo Williams","FA","RB",34,11,NA,0,0,0,NA,110,0,0,0,NA,NA,NA,NA,NA,0,NA
2499277,"David Ausberry","FA","TE",30,6,NA,0,0,0,NA,82,0,11,0,NA,NA,NA,NA,NA,NA,NA
2504162,"Shayne Graham","FA","K",NA,NA,NA,0,0,0,NA,29,0,3,0,NA,NA,NA,NA,NA,NA,NA
2504833,"Shaun Hill","FA","QB",NA,NA,NA,0,0,0,NA,56,0,11,0,NA,NA,NA,NA,NA,0,NA
2505245,"Carson Palmer","ARI","QB",38,14,8,0,0,0,NA,56,0,11,0,NA,NA,NA,NA,NA,0,NA
2505354,"Tony Romo","FA","QB",37,14,NA,0,0,0,NA,56,0,11,0,NA,NA,NA,NA,NA,0,NA
2505587,"Anquan Boldin","FA","WR",37,14,NA,0,0,0,NA,153,0,15,0,NA,NA,NA,NA,NA,0,NA
2506053,"Luke McCown","FA","QB",36,13,NA,0,0,0,NA,56,0,11,0,NA,NA,NA,NA,NA,0,NA
2506147,"John Kuhn","FA","RB",35,11,NA,0,0,0,0,110,0,12,0,NA,NA,NA,2.43261560003047,NA,0,NA
2506363,"Aaron Rodgers","GB","QB",34,12,8,0,0,0,NA,56,0,11,0,NA,NA,NA,NA,NA,0,NA
2506400,"Vincent Jackson","FA","WR",34,12,NA,0,0,0,NA,153,0,15,0,NA,NA,NA,NA,NA,0,NA
2506895,"Kellen Clemens","LAC","QB",34,11,9,0,0,0,0,56,0,11,0,NA,NA,NA,3.42322215808926,NA,0,NA
2507225,"Nick Folk","FA","K",33,10,NA,0,0,0,0,29,0,4,0,NA,NA,NA,1.53924617823931,NA,0,NA
2507401,"Dan Carpenter","FA","K",32,9,NA,0,0,0,NA,29,0,3,0,NA,NA,NA,NA,NA,NA,NA
2507405,"Matthew Mulligan","DET","TE",32,9,7,0,0,0,NA,82,0,11,0,NA,NA,NA,NA,NA,NA,NA
2507486,"Kellen Davis","FA","TE",32,9,NA,0,0,0,NA,82,0,11,0,NA,NA,NA,NA,NA,0,NA
2507855,"Victor Cruz","FA","WR",31,7,NA,0,0,0,NA,153,0,15,0,NA,NA,NA,NA,NA,0,NA
2507883,"Jeff Cumberland","FA","TE",30,7,NA,0,0,0,0,82,0,11,0,NA,NA,NA,2.34306965095047,NA,0,NA
2508097,"Andrew Hawkins","FA","WR",31,6,NA,0,0,0,NA,153,0,15,0,NA,NA,NA,NA,NA,0,NA
2530598,"Jeremy Ross","FA","WR",29,6,NA,0,0,0,NA,153,0,15,0,NA,NA,NA,NA,NA,0,NA
2530690,"DuJuan Harris","FA","RB",29,6,NA,0,0,0,NA,110,0,0,0,NA,NA,NA,NA,NA,0,NA
2532853,"Ladarius Green","FA","TE",27,5,NA,0,0,0,NA,82,0,11,0,NA,NA,NA,NA,NA,0,NA
2532917,"Kellen Moore","FA","QB",28,5,NA,0,0,0,0,56,0,11,0,NA,NA,NA,3.42322215808926,NA,0,NA
2532956,"Ryan Tannehill","MIA","QB",29,5,1,0,0,0,NA,56,0,11,0,NA,NA,NA,NA,NA,0,NA
2532970,"Brandon Weeden","TEN","QB",34,5,8,0,0,0,NA,56,0,11,0,NA,NA,NA,NA,NA,0,NA
2533031,"Andrew Luck","IND","QB",28,5,11,0,0,0,NA,56,0,11,0,NA,NA,NA,NA,NA,0,NA
2533033,"Robert Griffin","FA","QB",27,5,NA,0,0,0,NA,56,0,11,0,NA,NA,NA,NA,NA,0,NA
2533038,"Justin Blackmon","FA","WR",27,5,NA,0,0,0,NA,153,0,15,0,NA,NA,NA,NA,NA,NA,NA
2533353,"Cory Harkey","FA","TE",27,5,NA,0,0,0,NA,82,0,11,0,NA,NA,NA,NA,NA,0,NA
2533437,"Ronnie Hillman","FA","RB",26,5,NA,0,0,0,NA,110,0,0,0,NA,NA,NA,NA,NA,0,NA
2533460,"Robert Turbin","IND","RB",28,5,11,0,0,0,NA,110,0,0,0,NA,NA,NA,NA,NA,0,NA
2534437,"Austin Johnson","FA","RB",28,4,NA,0,0,0,NA,110,0,0,0,NA,NA,NA,NA,NA,0,NA
2534770,"Jonathan Grimes","FA","RB",28,5,NA,0,0,0,NA,110,0,0,0,NA,NA,NA,NA,NA,0,NA
2534789,"Daryl Richardson","FA","RB",27,5,NA,0,0,0,NA,110,0,0,0,NA,NA,NA,NA,NA,0,NA
2534870,"Alex Tanney","FA","QB",30,5,NA,0,0,0,NA,56,0,11,0,NA,NA,NA,NA,NA,0,NA
2534871,"Derrick Coleman","ATL","RB",27,5,5,0,0,0,NA,110,0,0,0,NA,NA,NA,NA,NA,0.8,NA
2534889,"Matt Simms","FA","QB",29,5,NA,0,0,0,NA,56,0,11,0,NA,NA,NA,NA,NA,0,NA
2535138,"Greg Scruggs","NE","TE",27,5,9,0,0,0,NA,82,0,11,0,NA,NA,NA,NA,NA,NA,NA
2535696,"Joe Banyard","BUF","RB",29,5,6,0,0,0,0,110,0,12,0,NA,NA,NA,2.43261560003047,NA,0,NA
2535724,"Dominique Jones","FA","TE",30,5,NA,0,0,0,NA,82,0,11,0,NA,NA,NA,NA,NA,NA,NA
2535966,"Brenton Bersin","CAR","WR",27,4,11,0,0,0,NA,153,0,15,0,NA,113.7,14.6,12.3824157414272,NA,1.2,NA
2536342,"Brandon Bostick","FA","TE",28,5,NA,0,0,0,NA,82,0,11,0,NA,NA,NA,NA,NA,NA,NA
2537931,"Josh Gordon","CLE","WR",26,5,9,0,0,0,NA,153,0,15,0,NA,NA,NA,NA,NA,0,NA
2537933,"Larry Donnell","FA","TE",29,5,NA,0,0,0,NA,82,0,11,0,NA,NA,NA,NA,NA,0,NA
2539202,"Chris Gragg","NYJ","TE",27,4,11,0,0,0,0,82,0,11,0,NA,NA,NA,2.34306965095047,NA,0,NA
2539203,"Cobi Hamilton","FA","WR",27,4,NA,0,0,0,NA,153,0,15,0,NA,NA,NA,NA,NA,0,NA
2539227,"Dustin Hopkins","WAS","K",27,4,5,0,0,0,NA,29,0,3,0,NA,NA,NA,NA,NA,0,NA
2539250,"Quinton Patton","FA","WR",27,4,NA,0,0,0,NA,153,0,15,0,NA,NA,NA,NA,NA,0,NA
2539260,"Denard Robinson","FA","RB",27,4,NA,0,0,0,NA,110,0,0,0,NA,NA,NA,NA,NA,0,NA
2539283,"Jake Stoneburner","NO","TE",28,4,5,0,0,0,NA,82,0,11,0,NA,NA,NA,NA,NA,0,NA
2539308,"Matt Barkley","ARI","QB",27,4,8,0,0,0,NA,56,0,11,0,NA,NA,NA,NA,NA,0,NA
2539315,"Stepfan Taylor","FA","RB",26,4,NA,0,0,0,NA,110,0,0,0,NA,NA,NA,NA,NA,0,NA
2539322,"Christine Michael","IND","RB",27,4,11,0,0,0,NA,110,0,0,0,NA,NA,NA,NA,NA,0,NA
2539961,"Ryan Nassib","FA","QB",27,4,NA,0,0,0,0,56,0,11,0,NA,NA,NA,3.42322215808926,NA,0,NA
2539995,"Mychal Rivera","JAC","TE",27,4,8,0,0,0,NA,82,0,11,0,NA,NA,NA,NA,NA,0,NA
2540005,"Marlon Brown","DEN","WR",26,4,5,0,0,0,NA,153,0,15,0,NA,NA,NA,NA,NA,0,NA
2540037,"Fozzy Whittaker","CAR","RB",28,5,11,0,0,0,NA,110,0,0,0,NA,89.5,7.5,7.94403892430151,NA,0,NA
2540148,"Tyler Eifert","CIN","TE",27,4,6,0,0,0,NA,82,0,11,0,NA,NA,NA,NA,NA,0,NA
2540157,"Stedman Bailey","FA","WR",27,4,NA,0,0,0,NA,153,0,15,0,NA,NA,NA,NA,NA,NA,NA
2540178,"Knile Davis","FA","RB",26,4,NA,0,0,0,NA,110,0,0,0,NA,NA,NA,NA,NA,0,NA
2540181,"Josh Boyce","FA","WR",26,4,NA,0,0,0,NA,153,0,15,0,NA,NA,NA,NA,NA,0,NA
2540224,"Mike James","DET","RB",26,4,7,0,0,0,0,110,0,12,0,NA,NA,NA,2.43261560003047,NA,0,NA
2540225,"Tommy Bohanon","JAC","RB",27,4,8,0,0,0,NA,110,0,0,0,NA,77.9,3.6,4.41682040407964,NA,0,NA
2540261,"Corey Fuller","NO","WR",27,4,5,0,0,0,NA,153,0,15,0,NA,NA,NA,NA,NA,0,NA
2541147,"Charles Johnson","CAR","WR",28,4,11,0,0,0,NA,153,0,15,0,NA,NA,NA,NA,NA,0,NA
2541185,"Ryan Griffin","TB","QB",28,4,1,0,0,0,NA,56,0,11,0,NA,NA,NA,NA,NA,0,NA
2541316,"Ryan Griffin","HOU","TE",27,4,7,0,0,0,NA,82,0,11,0,NA,NA,NA,NA,NA,0,NA
2541828,"Frankie Hammond","FA","WR",NA,NA,NA,0,0,0,NA,153,0,15,0,NA,NA,NA,NA,NA,0,NA
2541883,"Eric Rogers","FA","WR",26,4,NA,0,0,0,NA,153,0,15,0,NA,NA,NA,NA,NA,0,NA
2541910,"George Winn","NYG","RB",27,4,8,0,0,0,0,110,0,12,0,NA,NA,NA,2.43261560003047,NA,0,NA
2541940,"Rashad Ross","FA","WR",27,4,NA,0,0,0,NA,153,0,15,0,NA,NA,NA,NA,NA,0,NA
2542022,"Khiry Robinson","FA","RB",28,4,NA,0,0,0,NA,110,0,0,0,NA,NA,NA,NA,NA,0,NA
2542060,"Jordan Gay","FA","K",NA,NA,NA,0,0,0,NA,29,0,3,0,NA,NA,NA,NA,NA,0,NA
2542065,"Matt McGloin","FA","QB",28,4,NA,0,0,0,0,56,0,11,0,NA,NA,NA,3.42322215808926,NA,0,NA
2543468,"Mike Evans","TB","WR",24,3,1,0,0,0,NA,153,0,15,0,NA,NA,NA,NA,NA,0,NA
2543481,"Jace Amaro","FA","TE",25,3,NA,0,0,0,NA,82,0,11,0,NA,NA,NA,NA,NA,0,NA
2543496,"Odell Beckham","NYG","WR",25,3,8,0,0,0,NA,153,0,15,0,NA,NA,NA,NA,NA,0,NA
2543502,"Tre Mason","FA","RB",24,3,NA,0,0,0,NA,110,0,0,0,NA,NA,NA,NA,NA,NA,NA
2543509,"Allen Robinson","JAC","WR",24,3,8,0,0,0,NA,153,0,15,0,NA,NA,NA,NA,NA,0,NA
2543565,"Andre Williams","LAC","RB",25,3,9,0,0,0,0,110,0,12,0,NA,NA,NA,2.43261560003047,NA,0,NA
2543570,"Storm Johnson","FA","RB",25,3,NA,0,0,0,NA,110,0,0,0,NA,NA,NA,NA,NA,0,NA
2543587,"Aaron Murray","FA","QB",27,3,NA,0,0,0,NA,56,0,11,0,NA,NA,NA,NA,NA,0,NA
2543596,"Dri Archer","FA","RB",26,3,NA,0,0,0,NA,110,0,0,0,NA,NA,NA,NA,NA,NA,NA
2543603,"Jeremy Hill","CIN","RB",25,3,6,0,0,0,NA,110,0,0,0,NA,NA,NA,NA,NA,0,NA
2543605,"Zach Mettenberger","FA","QB",26,3,NA,0,0,0,NA,56,0,11,0,NA,NA,NA,NA,NA,0,NA
2543619,"Walt Powell","FA","WR",26,3,NA,0,0,0,NA,153,0,15,0,NA,NA,NA,NA,NA,0,NA
2543655,"Tyler Gaffney","JAC","RB",26,3,8,0,0,0,NA,110,0,0,0,NA,NA,NA,NA,NA,0,NA
2543682,"Bishop Sankey","MIN","RB",25,3,9,0,0,0,0,110,0,12,0,NA,NA,NA,2.43261560003047,NA,0,NA
2543689,"Kevin Norwood","NYG","WR",28,3,8,0,0,0,NA,153,0,15,0,NA,NA,NA,NA,NA,0,NA
2543704,"Lorenzo Taliaferro","FA","RB",26,3,NA,0,0,0,NA,110,0,0,0,NA,NA,NA,NA,NA,0,NA
2543746,"Josh Huff","FA","WR",26,3,NA,0,0,0,NA,153,0,15,0,NA,NA,NA,NA,NA,0,NA
2543751,"David Fales","MIA","QB",27,3,1,0,0,0,NA,56,0,11,0,NA,NA,NA,NA,NA,0,NA
2543781,"Zach Hocker","FA","K",26,3,NA,0,0,0,NA,29,0,3,0,NA,NA,NA,NA,NA,NA,NA
2543794,"Crockett Gillmore","FA","TE",26,3,NA,0,0,0,NA,82,0,11,0,NA,NA,NA,NA,NA,0,NA
2543828,"Quincy Enunwa","NYJ","WR",25,3,11,0,0,0,NA,153,0,15,0,NA,NA,NA,NA,NA,0,NA
2549982,"Garrett Gilbert","FA","QB",26,3,NA,0,0,0,NA,56,0,11,0,NA,NA,NA,NA,NA,0,NA
2550182,"Isaiah Burse","LAC","WR",26,3,9,0,0,0,NA,153,0,15,0,NA,NA,NA,NA,NA,0,NA
2550183,"Jeremy Butler","BUF","WR",26,3,6,0,0,0,NA,153,0,15,0,NA,NA,NA,NA,NA,0,NA
2550216,"Jonathan Krause","FA","WR",NA,NA,NA,0,0,0,NA,153,0,15,0,NA,NA,NA,NA,NA,0,NA
2550243,"Justin Perillo","FA","TE",26,3,NA,0,0,0,NA,82,0,11,0,NA,NA,NA,NA,NA,0,NA
2550252,"Connor Shaw","FA","QB",26,3,NA,0,0,0,0,56,0,11,0,NA,NA,NA,3.42322215808926,NA,0,NA
2550263,"Juwan Thompson","FA","RB",25,3,NA,0,0,0,NA,110,0,0,0,NA,NA,NA,NA,NA,0,NA
2550359,"Seantavius Jones","FA","WR",25,3,NA,0,0,0,NA,153,0,15,0,NA,NA,NA,NA,NA,0,NA
2550376,"Stephen Morris","FA","QB",25,3,NA,0,0,0,NA,56,0,11,0,NA,NA,NA,NA,NA,0,NA
2550405,"Erik Swoope","IND","TE",25,3,11,0,0,0,NA,82,0,11,0,NA,NA,NA,NA,NA,0,NA
2550454,"Asante Cleveland","LAC","TE",25,3,9,0,0,0,NA,82,0,11,0,NA,NA,NA,NA,NA,0,NA
2550459,"Javontee Herndon","FA","WR",26,3,NA,0,0,0,NA,153,0,15,0,NA,NA,NA,NA,NA,0,NA
2550474,"Antonio Andrews","FA","RB",25,3,NA,0,0,0,NA,110,0,12,0,NA,NA,NA,NA,NA,0,NA
2550540,"George Atkinson","FA","RB",25,3,NA,0,0,0,NA,110,0,12,0,NA,NA,NA,NA,NA,NA,NA
2550542,"Kapri Bibbs","FA","RB",24,3,NA,0,0,0,NA,110,0,12,0,NA,NA,NA,NA,NA,0,NA
2550546,"Philly Brown","FA","WR",26,3,NA,0,0,0,0,153,0,15,0,NA,NA,NA,2.05116500716767,NA,0,NA
2550596,"Darrin Reaves","FA","RB",24,3,NA,0,0,0,NA,110,0,12,0,NA,NA,NA,NA,NA,0,NA
2550608,"RaShaun Allen","SEA","TE",27,3,6,0,0,0,0,82,0,11,0,NA,NA,NA,2.34306965095047,NA,0,NA
2550633,"Senorise Perry","MIA","RB",26,3,1,0,0,0,NA,110,0,12,0,NA,NA,NA,NA,NA,0,NA
2550636,"Cairo Santos","FA","K",26,3,NA,0,0,0,NA,29,0,3,0,NA,NA,NA,NA,NA,0,NA
2550738,"Fitzgerald Toussaint","FA","RB",27,3,NA,0,0,0,NA,110,0,12,0,NA,NA,NA,NA,NA,NA,NA
2551357,"Glenn Winston","CLE","RB",28,3,9,0,0,0,NA,110,0,12,0,NA,NA,NA,NA,NA,NA,NA
2551359,"Jerome Cunningham","FA","TE",26,3,NA,0,0,0,NA,82,0,11,0,NA,NA,NA,NA,NA,NA,NA
2552371,"Garrett Grayson","FA","QB",26,2,NA,0,0,0,NA,56,0,11,0,NA,NA,NA,NA,NA,0,NA
2552376,"David Cobb","FA","RB",24,2,NA,0,0,0,NA,110,0,12,0,NA,NA,NA,NA,NA,0,NA
2552380,"Karlos Williams","FA","RB",24,2,NA,0,0,0,NA,110,0,12,0,NA,NA,NA,NA,NA,NA,NA
2552382,"Malcolm Brown","LAR","RB",24,2,8,0,0,0,NA,110,0,12,0,NA,NA,NA,NA,NA,0,NA
2552401,"MyCole Pruitt","FA","TE",25,2,NA,0,0,0,NA,82,0,11,0,NA,NA,NA,NA,NA,0,NA
2552411,"Dezmin Lewis","FA","WR",25,2,NA,0,0,0,NA,153,0,15,0,NA,NA,NA,NA,NA,0,NA
2552420,"Keith Mumphery","FA","WR",25,2,NA,0,0,0,NA,153,0,15,0,NA,NA,NA,NA,NA,0,NA
2552425,"Rashad Greene","JAC","WR",25,2,8,0,0,0,0,153,0,15,0,NA,NA,NA,2.05116500716767,NA,0,NA
2552462,"Gerald Christian","FA","TE",26,2,NA,0,0,0,NA,82,0,11,0,NA,NA,NA,NA,NA,0,NA
2552491,"Dorial Green-Beckham","FA","WR",24,2,NA,0,0,0,NA,153,0,15,0,NA,NA,NA,NA,NA,0,NA
2552647,"Marcus Murphy","FA","RB",26,2,NA,0,0,0,NA,110,0,12,0,NA,NA,NA,NA,NA,0,NA
2552650,"Mario Alford","FA","WR",NA,NA,NA,0,0,0,NA,153,0,15,0,NA,NA,NA,NA,NA,0,NA
2553112,"Jason Myers","FA","K",NA,NA,NA,0,0,0,0,29,0,3,0,NA,NA,NA,1.53924617823931,NA,NA,NA
2553292,"Kennard Backman","FA","TE",24,2,NA,0,0,0,NA,82,0,11,0,NA,NA,NA,NA,NA,0,NA
2553435,"David Johnson","ARI","RB",26,2,8,0,0,0,NA,110,0,12,0,NA,NA,NA,NA,NA,0,NA
2553439,"Mike Davis","FA","RB",24,2,NA,0,0,0,NA,110,0,12,0,NA,NA,NA,NA,NA,0,NA
2553454,"Geoff Swaim","DAL","TE",NA,NA,6,0,0,0,NA,82,0,11,0,NA,52.3,6,6.82643900096579,NA,0,NA
2553465,"Rory Anderson","SF","TE",25,2,11,0,0,0,NA,82,0,11,0,NA,NA,NA,NA,NA,0,NA
2553467,"Quan Bray","IND","WR",NA,NA,11,0,0,0,NA,153,0,15,0,NA,NA,NA,NA,NA,0,NA
2553499,"Damiere Byrd","CAR","WR",NA,NA,11,0,0,0,NA,153,0,15,0,NA,NA,NA,NA,NA,0,NA
2553511,"John Crockett","FA","RB",25,2,NA,0,0,0,NA,110,0,12,0,NA,NA,NA,NA,NA,0,NA
2553554,"Matt Lengel","CLE","TE",NA,NA,9,0,0,0,NA,82,0,11,0,NA,NA,NA,NA,NA,0,NA
2553568,"Cameron Meredith","CHI","WR",NA,NA,9,0,0,0,NA,153,0,15,0,NA,NA,NA,NA,NA,0,NA
2553648,"Andrew Franks","FA","K",24,2,NA,0,0,0,0,29,0,3,0,NA,NA,NA,1.53924617823931,NA,NA,NA
2553652,"Chris Harper","FA","WR",NA,NA,NA,0,0,0,NA,153,0,15,0,NA,NA,NA,NA,NA,0,NA
2553668,"Jordan Leslie","CLE","WR",NA,NA,9,0,0,0,0,153,0,15,0,NA,NA,NA,2.05116500716767,NA,0,NA
2553682,"Wes Saxton","WAS","TE",24,2,5,0,0,0,NA,82,0,11,0,NA,NA,NA,NA,NA,0,NA
2553716,"Rannell Hall","CLE","WR",24,2,9,0,0,0,NA,153,0,15,0,NA,NA,NA,NA,NA,0,NA
2553725,"Bradley Marquez","LAR","WR",NA,NA,8,0,0,0,NA,153,0,15,0,NA,NA,NA,NA,NA,0,NA
2553791,"E.J. Bibbs","FA","TE",26,2,NA,0,0,0,NA,82,0,11,0,NA,NA,NA,NA,NA,0,NA
2553835,"Mike Meyer","FA","K",NA,NA,NA,0,0,0,NA,29,0,3,0,NA,NA,NA,NA,NA,NA,NA
2553876,"Donteea Dye","FA","WR",NA,NA,NA,0,0,0,NA,153,0,15,0,NA,NA,NA,NA,NA,0,NA
2553896,"Darius Jennings","NYJ","WR",NA,NA,11,0,0,0,NA,153,0,15,0,NA,NA,NA,NA,NA,0,NA
2555216,"Malcolm Mitchell","NE","WR",24,1,9,0,0,0,NA,153,0,15,0,NA,NA,NA,NA,NA,0,NA
2555224,"Ezekiel Elliott","DAL","RB",22,1,6,0,0,0,NA,110,0,12,0,NA,NA,NA,NA,NA,0,NA
2555227,"Jonathan Williams","FA","RB",23,1,NA,0,0,0,NA,110,0,12,0,NA,NA,NA,NA,NA,0,NA
2555234,"Tyler Ervin","HOU","RB",24,1,7,0,0,0,NA,110,0,12,0,NA,NA,NA,NA,NA,0,NA
2555262,"Jeff Driskel","CIN","QB",24,1,6,0,0,0,0,56,0,11,0,NA,NA,NA,3.42322215808926,NA,0,NA
2555263,"Kevin Hogan","CLE","QB",25,1,9,0,0,0,0,56,0,11,0,NA,NA,NA,3.42322215808926,NA,0,NA
2555316,"Paxton Lynch","DEN","QB",23,1,5,0,0,0,NA,56,0,11,0,NA,29.8,0.8,0.336008457164565,NA,0,NA
2555333,"Corey Coleman","CLE","WR",23,1,9,0,0,0,NA,153,0,15,0,NA,NA,NA,NA,NA,0,NA
2555350,"Kolby Listenbee","FA","WR",23,1,NA,0,0,0,NA,153,0,15,0,NA,NA,NA,NA,NA,0,NA
2555356,"Keenan Reynolds","FA","WR",24,1,NA,0,0,0,NA,153,0,15,0,NA,NA,NA,NA,NA,0,NA
2555362,"Aaron Burbridge","SF","WR",24,1,11,0,0,0,NA,153,0,15,0,NA,NA,NA,NA,NA,0,NA
2555365,"Brandon Allen","LAR","QB",25,1,8,0,0,0,0,56,0,11,0,NA,NA,NA,3.42322215808926,NA,0,NA
2555370,"Jordan Payton","FA","WR",24,1,NA,0,0,0,NA,153,0,15,0,NA,NA,NA,NA,NA,0,NA
2555408,"Roberto Aguayo","FA","K",23,1,NA,0,0,0,0,29,0,3,0,NA,NA,NA,1.53924617823931,NA,NA,NA
2555416,"Christian Hackenberg","NYJ","QB",22,1,11,0,0,0,0,56,0,11,0,NA,NA,NA,3.42322215808926,NA,0,NA
2555459,"Keith Marshall","WAS","RB",23,1,5,0,0,0,0,110,0,12,0,NA,NA,NA,2.43261560003047,NA,0,NA
2555462,"Kelvin Taylor","FA","RB",24,1,NA,0,0,0,NA,110,0,12,0,NA,NA,NA,NA,NA,0,NA
2555465,"Demarcus Ayers","FA","WR",23,1,NA,0,0,0,NA,153,0,15,0,NA,NA,NA,NA,NA,0,NA
2555471,"Kenny Lawler","FA","WR",23,1,NA,0,0,0,NA,153,0,15,0,NA,NA,NA,NA,NA,0,NA
2555477,"Charone Peake","NYJ","WR",25,1,11,0,0,0,NA,153,0,15,0,NA,NA,NA,NA,NA,0,NA
2555483,"Thomas Duarte","MIA","TE",22,1,1,0,0,0,NA,82,0,11,0,NA,NA,NA,NA,NA,0,NA
2555486,"Temarrick Hemingway","LAR","TE",24,1,8,0,0,0,NA,82,0,11,0,NA,NA,NA,NA,NA,0,NA
2555487,"Beau Sandland","FA","TE",24,1,NA,0,0,0,NA,82,0,11,0,NA,NA,NA,NA,NA,0,NA
2556144,"Daniel Braverman","FA","WR",24,1,NA,0,0,0,NA,153,0,15,0,NA,NA,NA,NA,NA,0,NA
2556185,"Devin Lucien","FA","WR",24,1,NA,0,0,0,0,153,0,15,0,NA,NA,NA,2.05116500716767,NA,0,NA
2556212,"Devin Fuller","ATL","WR",23,1,5,0,0,0,NA,153,0,15,0,NA,NA,NA,NA,NA,0,NA
2556261,"Moritz Boehringer","FA","WR",NA,1,NA,0,0,0,NA,153,0,15,0,NA,NA,NA,NA,NA,0,NA
2556273,"Darius Jackson","CLE","RB",24,1,9,0,0,0,NA,110,0,12,0,NA,NA,NA,NA,NA,0,NA
2556375,"Rico Gathers","DAL","TE",23,1,6,0,0,0,NA,82,0,11,0,NA,NA,NA,NA,NA,0,NA
2556379,"Zac Brooks","FA","RB",24,1,NA,0,0,0,NA,110,0,12,0,NA,NA,NA,NA,NA,0,NA
2556392,"Mekale McKay","FA","WR",24,1,NA,0,0,0,NA,153,0,15,0,NA,NA,NA,NA,NA,NA,NA
2556415,"Joe Kerridge","GB","RB",25,1,8,0,0,0,NA,110,0,12,0,NA,NA,NA,NA,NA,0,NA
2556444,"Joshua Perkins","FA","TE",24,1,NA,0,0,0,NA,82,0,11,0,NA,NA,NA,NA,NA,0,NA
2556454,"Brandon Wilds","FA","RB",24,1,NA,0,0,0,NA,110,0,12,0,NA,NA,NA,NA,NA,0,NA
2556473,"Jace Billingsley","DET","WR",24,1,7,0,0,0,0,153,0,15,0,NA,NA,NA,2.05116500716767,NA,0,NA
2556477,"Trevone Boykin","FA","QB",24,1,NA,0,0,0,NA,56,0,11,0,NA,NA,NA,NA,NA,0,NA
2556493,"Tra Carson","CIN","RB",25,1,6,0,0,0,NA,110,0,12,0,NA,NA,NA,NA,NA,0,NA
2556508,"Alan Cross","TB","RB",24,1,1,0,0,0,NA,110,0,12,0,NA,NA,NA,NA,NA,0,NA
2556508,"Alan Cross","TB","TE",24,1,1,0,0,0,NA,82,0,11,0,NA,NA,NA,NA,NA,0,NA
2556541,"Aaron Green","FA","RB",25,1,NA,0,0,0,NA,110,0,12,0,NA,NA,NA,NA,NA,0,NA
2556544,"Glenn Gronkowski","FA","RB",24,1,NA,0,0,0,NA,110,0,12,0,NA,NA,NA,NA,NA,0,NA
2556563,"Don Jackson","FA","RB",24,1,NA,0,0,0,NA,110,0,12,0,NA,NA,NA,NA,NA,0,NA
2556569,"Andy Jones","FA","WR",NA,1,NA,0,0,0,0,153,0,15,0,NA,NA,NA,2.05116500716767,NA,0,NA
2556577,"Marshall Koehn","FA","K",25,1,NA,0,0,0,NA,29,0,3,0,NA,NA,NA,NA,NA,0,NA
2556603,"Tre Madden","SEA","RB",24,1,6,0,0,0,NA,110,0,12,0,NA,NA,NA,NA,NA,0,NA
2556606,"Jalin Marshall","FA","WR",NA,1,NA,0,0,0,0,153,0,15,0,NA,NA,NA,2.05116500716767,NA,0,NA
2556636,"Marquez North","FA","WR",22,1,NA,0,0,0,NA,153,0,15,0,NA,NA,NA,NA,NA,0,NA
2556656,"Jhurell Pressley","FA","RB",25,1,NA,0,0,0,NA,110,0,12,0,NA,NA,NA,NA,NA,0,NA
2556661,"Kalif Raymond","FA","WR",23,1,NA,0,0,0,0,153,0,15,0,NA,NA,NA,2.05116500716767,NA,0,NA
2556676,"Rashawn Scott","MIA","WR",25,1,1,0,0,0,NA,153,0,15,0,NA,NA,NA,NA,NA,0,NA
2556687,"Joel Stave","FA","QB",25,1,NA,0,0,0,NA,56,0,11,0,NA,NA,NA,NA,NA,0,NA
2556728,"Brandon Burks","FA","RB",24,1,NA,0,0,0,NA,110,0,12,0,NA,NA,NA,NA,NA,0,NA
2556743,"Chris Hubert","ARI","WR",24,1,8,0,0,0,NA,153,0,15,0,NA,NA,NA,NA,NA,0,NA
2556801,"Kenneth Farrow","LAC","RB",24,1,9,0,0,0,NA,110,0,12,0,NA,NA,NA,NA,NA,0,NA
2556841,"Byron Marshall","FA","WR",23,1,NA,0,0,0,NA,153,0,15,0,NA,NA,NA,NA,NA,0,NA
2556851,"Keyarris Garrett","FA","WR",25,1,NA,0,0,0,NA,153,0,15,0,NA,NA,NA,NA,NA,0,NA
2556854,"Devon Johnson","FA","RB",24,1,NA,0,0,0,NA,110,0,12,0,NA,NA,NA,NA,NA,0,NA
2556882,"Jake Lampman","FA","WR",24,1,NA,0,0,0,NA,153,0,15,0,NA,NA,NA,NA,NA,0,NA
2557531,"Troymaine Pope","FA","RB",24,1,NA,0,0,0,NA,110,0,12,0,NA,NA,NA,NA,NA,0,NA
2557850,"DeAngelo Henderson","DEN","RB",25,0,5,0,0,0,NA,110,0,12,0,NA,NA,NA,NA,NA,0,NA
2557859,"Jake Butt","DEN","TE",22,0,5,0,0,0,NA,82,0,11,0,NA,NA,NA,NA,NA,0,NA
2557863,"Zay Jones","BUF","WR",22,0,6,0,0,0,NA,153,0,15,0,NA,NA,NA,NA,NA,0,NA
2557869,"Chad Kelly","DEN","QB",23,0,5,0,0,0,NA,56,0,11,0,NA,NA,NA,NA,NA,0,NA
2557885,"Jordan Leggett","NYJ","TE",22,0,11,0,0,0,0,82,0,11,0,NA,NA,NA,2.34306965095047,NA,0,NA
2557897,"Davis Webb","NYG","QB",22,0,8,0,0,0,NA,56,0,11,0,NA,NA,NA,NA,NA,0,NA
2557936,"Joe Williams","SF","RB",24,0,11,0,0,0,0,110,0,12,0,NA,NA,NA,2.43261560003047,NA,0,NA
2557977,"Jeremy McNichols","FA","RB",22,0,NA,0,0,0,NA,110,0,12,0,NA,NA,NA,NA,NA,0,NA
2557991,"Dalvin Cook","MIN","RB",22,0,9,0,0,0,NA,110,0,12,0,NA,NA,NA,NA,NA,0,NA
2558003,"Carlos Henderson","DEN","WR",23,0,5,0,0,0,NA,153,0,15,0,NA,NA,NA,NA,NA,0,NA
2558011,"Bucky Hodges","FA","TE",22,0,NA,0,0,0,NA,82,0,11,0,NA,NA,NA,NA,NA,0,NA
2558016,"Brad Kaaya","FA","QB",22,0,NA,0,0,0,0,56,0,11,0,NA,NA,NA,3.42322215808926,NA,0,NA
2558047,"Rodney Adams","MIN","WR",23,0,9,0,0,0,0,153,0,15,0,NA,NA,NA,2.05116500716767,NA,0,NA
2558063,"Deshaun Watson","HOU","QB",22,0,7,0,0,0,NA,56,0,11,0,NA,NA,NA,NA,NA,0,NA
2558071,"Isaiah Ford","MIA","WR",21,0,1,0,0,0,NA,153,0,15,0,NA,NA,NA,NA,NA,0,NA
2558095,"Malachi Dupre","FA","WR",22,0,NA,0,0,0,NA,153,0,15,0,NA,NA,NA,NA,NA,0,NA
2558113,"Elijah Hood","FA","RB",NA,0,NA,0,0,0,NA,110,0,12,0,NA,NA,NA,NA,NA,0,NA
2558167,"Joshua Dobbs","PIT","QB",22,0,9,0,0,0,0,56,0,11,0,NA,NA,NA,3.42322215808926,NA,0,NA
2558196,"Sam Rogers","FA","RB",22,0,NA,0,0,0,NA,110,0,12,0,NA,NA,NA,NA,NA,0,NA
2558254,"Robert Davis","FA","WR",22,0,NA,0,0,0,NA,153,0,15,0,NA,NA,NA,NA,NA,0,NA
2558266,"George Kittle","SF","TE",24,0,11,0,0,0,NA,82,0,11,0,NA,NA,NA,NA,NA,0,NA
2558273,"T.J. Logan","ARI","RB",23,0,8,0,0,0,NA,110,0,12,0,NA,NA,NA,NA,NA,0,NA
2558786,"Brandon Wilson","FA","RB",23,0,NA,0,0,0,NA,110,0,12,0,NA,NA,NA,NA,NA,0,NA
2558832,"Mo Alie-Cox","FA","TE",24,1,NA,0,0,0,NA,82,0,11,0,NA,NA,NA,NA,NA,0,NA
2558837,"Devante Mays","GB","RB",NA,0,8,0,0,0,NA,110,0,12,0,NA,NA,NA,NA,NA,0,NA
2558856,"David Moore","FA","WR",22,0,NA,0,0,0,NA,153,0,15,0,NA,NA,NA,NA,NA,0,NA
2558860,"Marquez Williams","FA","RB",NA,0,NA,0,0,0,NA,110,0,12,0,NA,NA,NA,NA,NA,0,NA
2558861,"Khalfani Muhammad","TEN","RB",23,0,8,0,0,0,NA,110,0,12,0,NA,NA,NA,NA,NA,0,NA
2558864,"Mason Schreck","CIN","TE",NA,0,6,0,0,0,NA,82,0,11,0,NA,NA,NA,NA,NA,0,NA
2558865,"Chris Carson","SEA","RB",23,0,6,0,0,0,NA,110,0,12,0,NA,NA,NA,NA,NA,0,NA
2558906,"Quincy Adeboyejo","FA","WR",NA,NA,NA,0,0,0,NA,153,0,15,0,NA,NA,NA,NA,NA,NA,NA
2558928,"Austin Carr","NO","WR",24,0,5,0,0,0,NA,153,0,15,0,NA,NA,NA,NA,NA,NA,NA
2558975,"Taquan Mizzell","CHI","RB",24,0,9,0,0,0,NA,110,0,12,0,NA,NA,NA,NA,NA,NA,NA
2558993,"Fred Ross","CAR","WR",NA,0,11,0,0,0,NA,153,0,15,0,NA,NA,NA,NA,NA,NA,NA
2559101,"Travin Dural","NO","WR",NA,0,5,0,0,0,NA,153,0,15,0,NA,NA,NA,NA,NA,NA,NA
2559103,"Devine Redding","FA","RB",NA,NA,NA,0,0,0,NA,110,0,12,0,NA,NA,NA,NA,NA,NA,NA
2559161,"Sean Culkin","LAC","TE",NA,NA,9,0,0,0,NA,82,NA,11,0,NA,NA,NA,NA,NA,NA,NA
2559170,"Amba Etta-Tawo","FA","WR",24,0,NA,0,0,0,NA,153,0,15,0,NA,NA,NA,NA,NA,NA,NA
2559176,"Tanner Gentry","CHI","WR",NA,0,9,0,0,0,NA,153,0,15,0,NA,79,5.2,4.12638338134203,NA,NA,NA
2559180,"Tion Green","DET","RB",NA,NA,7,0,0,0,NA,110,0,12,0,NA,NA,NA,NA,NA,NA,NA
2559205,"Younghoe Koo","FA","K",23,0,NA,0,0,0,0,29,NA,3,0,NA,NA,NA,1.53924617823931,NA,0,NA
2559235,"Brandon Reilly","BUF","WR",24,0,6,0,0,0,NA,153,0,15,0,NA,NA,NA,NA,NA,NA,NA
2559246,"Artavis Scott","FA","WR",NA,0,NA,0,0,0,NA,153,0,15,0,NA,NA,NA,NA,NA,NA,NA
2559252,"Kyle Sloter","MIN","QB",23,0,9,0,0,0,NA,56,NA,11,0,NA,NA,NA,NA,NA,NA,NA
2559254,"Shane Smith","NYG","RB",NA,NA,8,0,0,0,NA,110,0,12,0,NA,NA,NA,NA,NA,NA,NA
2559286,"Krishawn Hogan","IND","WR",NA,0,11,0,0,0,NA,153,0,15,0,NA,NA,NA,NA,NA,NA,NA
2559362,"Dare Ogunbowale","FA","RB",NA,0,NA,0,0,0,NA,110,NA,12,0,NA,NA,NA,NA,NA,NA,NA
2559394,"Lance Lenoir","FA","WR",22,0,NA,0,0,0,NA,153,NA,15,0,NA,NA,NA,NA,NA,NA,NA
