"playerId","player","team","position","age","exp","bye","points","lower","upper","sdPts","positionRank","dropoff","tier","ptSpread","overallECR","positionECR","sdRank","risk","sleeper","actualPoints","salary"
2495455,"Cam Newton","CAR","QB",27,5,7,21.79,19.142,23.638,2.94042513932934,1,1.71,1,4.496,NA,2.3,1.6,6.26503237709742,NA,12.38,NA
2504211,"Tom Brady","NE","QB",39,16,9,20.93,19.908,22.348,1.58767125060574,2,2.02833333333333,1,2.44,NA,2.2,1.6,4.93174023680281,NA,28.4,NA
2540175,"LeVeon Bell","PIT","RB",24,3,8,19.86,16.356,21.556,3.35898794281849,1,3.43833333333333,1,5.2,NA,1.2,0.5,4.15991110285245,NA,26.1,NA
2533031,"Andrew Luck","IND","QB",27,4,10,19.23,15.67,23.494,5.12204060897608,3,1.20166666666667,1,7.824,NA,NA,NA,13.5015529327598,NA,17.68,NA
2504775,"Drew Brees","NO","QB",37,15,5,18.5733333333333,16.992,20.528,2.53474522059582,4,1.48166666666667,2,3.536,NA,4.8,1.7,6.11657909971726,NA,13.4,NA
2506363,"Aaron Rodgers","GB","QB",33,11,4,17.4833333333333,17.07,17.95,0.561990510002913,5,0.816666666666666,2,0.880000000000003,NA,4.2,1.6,3.92081572104507,NA,29.34,NA
2553435,"David Johnson","ARI","RB",25,1,9,16.9133333333333,12.628,17.748,3.2456945841119,2,1.07,2,5.12,NA,3.3,1.6,4.8165482154,NA,28,NA
2532975,"Russell Wilson","SEA","QB",28,4,5,16.7,14.556,19.148,2.87881920238142,6,0.0999999999999979,2,4.592,NA,NA,NA,9.07965550517184,NA,16.78,NA
2506109,"Ben Roethlisberger","PIT","QB",34,12,8,16.6333333333333,16.044,17.196,0.722311105641699,7,0.163333333333338,2,1.152,NA,6.1,2.7,6.84412225184854,NA,6.68,NA
2495240,"Tyrod Taylor","BUF","QB",27,5,10,16.5666666666667,15.16,18.2,1.90087699058443,8,0.246666666666666,2,3.04,NA,12.9,2.6,7.75434216888186,NA,7.54,NA
2506340,"Alex Smith","KC","QB",32,11,5,16.3733333333333,15.462,17.358,1.19558911559671,9,0.153333333333336,3,1.896,NA,18.9,2.9,7.81337176536531,NA,18.44,NA
2552466,"Marcus Mariota","TEN","QB",23,1,13,16.2666666666667,14.068,18.484,2.78778287055024,10,0.203333333333333,3,4.416,NA,5.4,1.8,6.61736657804789,NA,22.5,NA
2555260,"Dak Prescott","DAL","QB",23,0,7,16.1733333333333,13.484,18.204,3.27660393293625,11,0.221666666666666,3,4.72,NA,13.3,2.2,8.1047159715138,NA,25.64,NA
79860,"Matthew Stafford","DET","QB",28,7,10,15.9533333333333,13.104,20.176,4.51549923411945,12,0.0416666666666661,3,7.072,NA,9.9,2.3,9.57717780154255,NA,11.12,NA
2495143,"Andy Dalton","CIN","QB",29,5,9,15.95,14.98,18.22,2.29619250064101,13,0.431666666666665,3,3.24,NA,NA,NA,7.93116632523797,NA,13.28,NA
2555224,"Ezekiel Elliott","DAL","RB",21,0,7,15.93,9.498,19.258,6.10415432308194,3,0.285,2,9.76,NA,3.8,1.5,7.33462372393065,NA,12.7,NA
2543499,"Derek Carr","OAK","QB",25,2,10,15.8733333333333,14.9,18.372,2.45000680271164,14,1.03833333333333,3,3.472,NA,13.2,2.9,9.04974244359339,NA,20.6,NA
2540204,"Spencer Ware","KC","RB",25,3,5,15.7566666666667,14.686,16.83,1.34001243775322,4,0.576666666666666,2,2.144,NA,6.9,2.6,3.7819413480768,NA,8.5,NA
2495207,"DeMarco Murray","TEN","RB",28,5,13,15.5333333333333,14.92,16.28,0.862167810425171,5,1.12666666666667,2,1.36,NA,NA,NA,4.27019131672638,NA,13.9,NA
2532820,"Kirk Cousins","WAS","QB",28,4,9,15.1633333333333,13.23,16.734,2.32650668026836,15,1.00333333333333,3,3.504,NA,8.8,1.7,5.91133643773756,NA,27.4,NA
79607,"LeSean McCoy","BUF","RB",28,7,10,14.8266666666667,12.804,16.5,2.43066520387595,6,1.115,2,3.696,NA,6.2,1.6,4.07889377789059,NA,10.5,NA
2543477,"Blake Bortles","JAC","QB",25,2,5,14.5066666666667,13.364,15.844,1.61249289404119,16,1.02666666666667,4,2.48,NA,13.4,2.6,7.47010698574011,NA,10.38,NA
2543496,"Odell Beckham","NYG","WR",24,2,8,14.2866666666667,12.808,16.12,2.20783453486291,1,0.76,1,3.312,NA,2.5,1.1,3.4995248753042,NA,4.6,NA
2506404,"Frank Gore","IND","RB",33,11,10,13.9866666666667,11.568,13.36,1.23956981785349,7,0.926666666666666,3,1.792,NA,NA,NA,4.95333789341509,NA,12.1,NA
2505996,"Eli Manning","NYG","QB",35,12,8,13.8133333333333,14.404,15.596,0.761730486020701,17,0.698333333333331,4,1.192,NA,12.3,2,5.12324296897108,NA,17.18,NA
2508061,"Antonio Brown","PIT","WR",28,6,8,13.79,8.314,15.994,4.80253058293229,2,0.560000000000002,1,7.68,NA,1.4,1.1,5.73742660722724,NA,7.6,NA
2552582,"Jay Ajayi","MIA","RB",23,1,8,13.4366666666667,12.148,14.62,1.68048604080288,8,0.911666666666667,3,2.472,NA,8.5,1.7,3.46894889635041,NA,8.4,NA
2543468,"Mike Evans","TB","WR",23,2,6,13.2633333333333,8.898,14.978,3.87453653142325,3,0.223333333333333,1,6.08,NA,3.7,1.7,5.2041479470493,NA,10.5,NA
100023,"Giants","NYG","DST",NA,NA,8,13.25,11.05,15.45,3.88908729652601,1,0.725,1,4.4,NA,7.9,3.4,8.2593431446056,NA,10,NA
2495450,"A.J. Green","CIN","WR",28,5,9,13.1966666666667,9.058,14.178,3.21807913720799,4,0.516666666666667,1,5.12,NA,3.2,1,4.32633369157501,NA,0,NA
382,"Joe Flacco","BAL","QB",31,8,8,13.1466666666667,11.98,14.524,1.65412615399592,18,0.235000000000001,4,2.544,NA,20.1,1.6,4.99723906930498,NA,15.36,NA
2552033,"Jameis Winston","TB","QB",22,1,6,13.0833333333333,11.48,15.2,2.42194825158039,19,0.493333333333334,4,3.72,NA,17.1,2.3,7.51374623901411,NA,16.44,NA
2543471,"Kelvin Benjamin","CAR","WR",25,2,7,12.8833333333333,12.04,13.92,1.24733048280451,5,0.545,1,1.88,NA,9.1,3.3,3.65049400956879,NA,5.6,NA
100027,"Steelers","PIT","DST",NA,NA,8,12.8,10.24,15.36,4.5254833995939,2,0.675000000000001,1,5.12,NA,7.2,2.7,7.40376735829886,NA,22,NA
2555259,"Carson Wentz","PHI","QB",24,0,4,12.74,10.96,14.336,2.14727734584986,20,0.595000000000001,5,3.376,NA,25.8,1.7,5.73468563312158,NA,10.92,NA
2555418,"Jordan Howard","CHI","RB",22,0,9,12.6833333333333,7.67,15.19,4.70434196602812,9,0.715,3,7.52,NA,15.9,3.2,7.24097314848716,NA,9.9,NA
2530747,"Doug Baldwin","SEA","WR",28,5,5,12.4766666666667,11.364,13.66,1.44313316548866,6,0.281666666666666,1,2.296,NA,12.9,3.5,3.90840796350813,NA,10.4,NA
2505245,"Carson Palmer","ARI","QB",37,13,9,12.44,11.452,14.428,2.05173097651715,21,0.613333333333333,5,2.976,NA,NA,NA,7.44927729658941,NA,11.02,NA
497149,"LeGarrette Blount","NE","RB",30,6,9,12.3666666666667,11.9,12.7,0.520416499866532,10,0.824999999999999,3,0.799999999999997,NA,5.6,1.8,2.48802664460094,NA,12.4,NA
100008,"Cowboys","DAL","DST",NA,NA,7,12.25,10.05,14.45,3.88908729652601,3,0.425000000000001,1,4.4,NA,13.1,2.9,7.07747652914841,NA,5,NA
2553568,"Cameron Meredith","CHI","WR",NA,NA,9,12.2,5.68,12.72,6.22253967444162,7,0.0350000000000019,2,7.04,NA,34,5.9,9.09903365008242,NA,4.9,NA
2556214,"Tyreek Hill","KC","WR",22,0,5,12.19,10.056,13.92,2.56852097519175,8,0.296666666666665,2,3.864,NA,33,6.7,6.30361945750673,NA,5.3,NA
2532865,"T.Y. Hilton","IND","WR",27,4,10,12.14,7.464,14.424,4.4387836171636,9,0.498333333333335,2,6.96,NA,5.8,2.1,5.8688777678554,NA,15.7,NA
2495700,"Greg Olsen","CAR","TE",31,9,7,12.12,11.208,13.16,1.25107953384267,1,1.16833333333333,1,1.952,NA,1.7,3.6,5.01366888946912,NA,3.3,NA
100020,"Vikings","MIN","DST",NA,NA,6,12,10.6,12.2,1.4142135623731,4,0.6,1,1.6,NA,7.3,2.6,3.2609886002445,NA,14,NA
2555334,"Jared Goff","LA","QB",22,0,8,11.85,9.506,14.642,3.35334161695465,22,0.108333333333333,5,5.136,NA,27.7,0.9,4.91227677756876,NA,6.46,NA
2495186,"Colin Kaepernick","SF","QB",29,5,8,11.8033333333333,10.238,12.59,1.68316170742247,23,0.428333333333335,5,2.352,NA,16.5,2.3,6.78558844113812,NA,19.44,NA
2532956,"Ryan Tannehill","MIA","QB",28,4,8,11.68,11.052,12.476,1.0219589032833,24,0.671666666666667,5,1.424,NA,22.1,1.6,4.37416665846011,NA,13.78,NA
100016,"Chiefs","KC","DST",NA,NA,5,11.65,10.21,11.89,1.48492424049175,5,0.549999999999999,1,1.68,NA,3.7,2.3,2.64065057267389,NA,7,NA
2543498,"Brandin Cooks","NO","WR",23,2,5,11.6466666666667,8.532,14.26,3.7409268013867,10,0.145,2,5.728,NA,11.8,4.5,6.33541367530821,NA,4.2,NA
2552487,"Amari Cooper","OAK","WR",22,1,10,11.6366666666667,7.262,13.502,3.95044723206542,11,0.355,2,6.24,NA,NA,NA,9.41251514685024,NA,11.7,NA
2555417,"C.J. Prosise","SEA","RB",22,0,5,11.57,9.182,13.662,2.80903898157359,11,0.0683333333333334,3,4.48,NA,19.3,4.1,6.14674419129786,NA,14.1,NA
2550189,"Isaiah Crowell","CLE","RB",23,2,13,11.5133333333333,10.818,12.458,1.1584616235911,12,0.0299999999999994,3,1.64,NA,18.6,4.3,4.79089646385509,NA,2.3,NA
2541161,"Latavius Murray","OAK","RB",26,3,10,11.49,6.854,13.014,3.85762880536736,13,0.258333333333333,3,6.16,NA,NA,NA,9.69236418285241,NA,9.2,NA
2540020,"Theo Riddick","DET","RB",25,3,10,11.4766666666667,9.486,12.286,1.79349751416982,14,0.523333333333333,4,2.8,NA,NA,NA,5.95601885966152,NA,8.3,NA
2543509,"Allen Robinson","JAC","WR",23,2,5,11.3666666666667,6.98,12.82,3.65285276644616,12,0.193333333333335,2,5.84,NA,8.8,3.2,5.68071713011254,NA,7.8,NA
2556370,"Michael Thomas","NO","WR",22,0,5,11.1966666666667,8.652,13.06,3.1250653326504,13,0.178333333333335,2,4.408,NA,15.3,3.6,5.40357711440812,NA,6.8,NA
100010,"Lions","DET","DST",NA,NA,10,11.15,10.17,11.53,1.20208152801713,6,0.15,1,1.36,NA,10.9,3.4,4.88562935986489,NA,16,NA
2506106,"Larry Fitzgerald","ARI","WR",33,12,9,11.15,7.13,12.73,3.5857356288494,14,0.321666666666665,2,5.6,NA,NA,NA,8.7833942684361,NA,6.3,NA
497095,"Sam Bradford","MIN","QB",29,6,6,11.07,9.62,13.276,2.41149331328121,25,1.02166666666667,5,3.656,NA,25.5,1.6,5.74371016741812,NA,7.66,NA
100026,"Cardinals","ARI","DST",NA,NA,9,11.05,6.73,10.97,3.7476659402887,7,0.450000000000001,2,4.24,NA,3,2.2,5.24529938410094,NA,4,NA
2533034,"Lamar Miller","HOU","RB",25,4,9,10.9866666666667,7.9,13.388,3.58734349252108,15,0.475000000000001,4,5.488,NA,NA,NA,9.20311271474716,NA,17.3,NA
2540160,"Jordan Reed","WAS","TE",26,3,9,10.9866666666667,6.632,12.472,3.66094705415598,2,0.076666666666668,1,5.84,NA,2.7,1.7,6.58952675966696,NA,7.9,NA
100019,"Dolphins","MIA","DST",NA,NA,8,10.95,10.07,10.63,0.494974746830583,8,0.725,2,0.559999999999999,NA,5,3.1,3.28868997355355,NA,7,NA
2555387,"Cody Kessler","CLE","QB",23,0,13,10.9466666666667,10.316,12.284,1.39776011294261,26,2.10333333333333,5,1.968,NA,24.2,2.1,6.00151240979561,NA,2.32,NA
2543603,"Jeremy Hill","CIN","RB",24,2,9,10.92,9.088,12.88,2.37512104954674,16,0.85,4,3.792,NA,18.6,2.8,4.85681356939035,NA,6.3,NA
2540148,"Tyler Eifert","CIN","TE",26,3,9,10.9166666666667,9.36,12.6,2.04348558432237,3,0.286666666666665,1,3.24,NA,NA,NA,7.02521676735991,NA,3.7,NA
497236,"Jimmy Graham","SEA","TE",30,6,5,10.9033333333333,9.288,12.24,1.94114227539697,4,0.610000000000001,1,2.952,NA,NA,NA,6.81606629140179,NA,10.6,NA
2540165,"DeAndre Hopkins","HOU","WR",24,3,9,10.8866666666667,6.752,12.272,3.45174352079255,15,0.140000000000001,2,5.52,NA,19,4.9,6.26406757064444,NA,5.8,NA
2504257,"Sebastian Janikowski","OAK","K",38,16,10,10.8333333333333,9.2,12,2.02072594216369,1,0.405555555555557,1,2.8,NA,11.4,2.9,5.68460472501295,NA,10,NA
71269,"Michael Crabtree","OAK","WR",29,7,10,10.77,6.322,12.562,3.9704785605768,16,0.0500000000000025,2,6.24,NA,17,3.7,6.17725629183161,NA,0.5,NA
238498,"Julian Edelman","NE","WR",30,7,9,10.7233333333333,5.534,13.454,5.00486097042998,17,0.0899999999999999,2,7.92,NA,NA,NA,11.2313596569849,NA,13.7,NA
2495448,"Randall Cobb","GB","WR",26,5,4,10.7166666666667,5.67,13.35,4.8724566014828,18,0.183333333333334,2,7.68,NA,NA,NA,11.0029645300862,NA,8.4,NA
71309,"Graham Gano","CAR","K",29,7,7,10.7,9.82,11.6866666666667,1.18930418499409,2,0.763888888888891,1,1.86666666666667,NA,6.7,2.5,3.63106770256557,NA,13,NA
2504595,"Steve Smith","BAL","WR",37,15,8,10.55,7.66,12.82,3.49320769494171,19,0.0366666666666688,2,5.16,NA,28.9,5.2,6.43338392620351,NA,15.9,NA
2531332,"Terrelle Pryor","CLE","WR",27,5,13,10.5166666666667,5.85,12.49,4.15642073584152,20,0.0899999999999999,2,6.64,NA,20.9,5.1,6.96088117842111,NA,9.7,NA
497326,"Golden Tate","DET","WR",28,6,10,10.51,6.026,12.586,4.18692010910168,21,0.19,2,6.56,NA,20.4,3.9,6.45297107976237,NA,-0.3,NA
2540258,"Travis Kelce","KC","TE",27,3,5,10.3566666666667,8.976,11.8,1.77020714418775,5,0.253333333333334,2,2.824,NA,7.1,1.4,4.51756921696132,NA,10.3,NA
497278,"Dez Bryant","DAL","WR",28,6,7,10.3433333333333,5.926,12.646,4.4543948335698,22,0.0966666666666676,2,6.72,NA,NA,NA,10.2818155884525,NA,20,NA
2543614,"Donte Moncrief","IND","WR",23,2,10,10.2966666666667,7.832,12.4,2.96024210721578,23,0.136666666666667,2,4.568,NA,17.1,4.1,5.48400838662969,NA,9.7,NA
100021,"Patriots","NE","DST",NA,NA,9,10.25,8.25,10.25,1.76776695296637,9,0.275,2,2,NA,4.7,2.9,4.41401827803733,NA,9,NA
2495966,"Delanie Walker","TEN","TE",32,10,13,10.23,6.438,11.318,3.05707376423926,6,0.703333333333333,2,4.88,NA,3,1.1,5.6925162601028,NA,3.6,NA
100006,"Bengals","CIN","DST",NA,NA,9,10.2,8.2,9.8,1.4142135623731,10,1.1,2,1.6,NA,15.7,2.6,3.2609886002445,NA,8,NA
2552608,"Stefon Diggs","MIN","WR",23,1,6,10.1966666666667,8.712,12.08,2.27508974181972,24,0.128333333333334,2,3.368,NA,19.8,5.1,5.33825031459622,NA,3.7,NA
2495259,"Dan Bailey","DAL","K",28,5,7,10.1555555555556,8.97333333333333,11.5333333333333,1.65507077167693,3,0.663888888888888,1,2.56,NA,4.3,2.4,4.11476807897137,NA,9,NA
2532903,"Rishard Matthews","TEN","WR",27,4,13,10.1233333333333,8.076,11.86,2.45878696379604,25,0.116666666666665,2,3.784,NA,25.4,5,5.45216953618019,NA,12.2,NA
2552475,"Todd Gurley","LA","RB",22,1,8,10.1033333333333,8.38,11.428,2.09380833252075,17,0.308333333333334,4,3.048,NA,NA,NA,6.49962038657706,NA,13.6,NA
2556414,"Rob Kelley","WAS","RB",24,0,9,10.0366666666667,7.182,12.462,3.42841557185434,18,0.528333333333334,4,5.28,NA,NA,NA,8.9154325678302,NA,31.7,NA
2543495,"Davante Adams","GB","WR",24,2,4,10.0133333333333,5.868,12.028,4.11370068591935,26,0.119999999999999,2,6.16,NA,17.1,4.6,6.70144571967237,NA,4.2,NA
2550256,"Willie Snead","NO","WR",24,2,5,10,7.38,12.1,3.15753068076939,27,0.288333333333336,2,4.72,NA,28.4,4.3,5.74320390792359,NA,3.3,NA
1062,"Martellus Bennett","NE","TE",29,8,9,9.97666666666667,7.824,12.04,2.6420888201068,7,1.145,2,4.216,NA,NA,NA,8.24853222382664,NA,1.4,NA
2552415,"Jamison Crowder","WAS","WR",23,1,9,9.78666666666667,5.272,11.992,4.33226653535229,28,0.191666666666665,2,6.72,NA,25.9,5.8,7.42417230662129,NA,16.2,NA
100030,"Seahawks","SEA","DST",NA,NA,5,9.75,6.41,9.69,2.89913780286485,11,1.425,2,3.28,NA,2.4,2.1,3.94354276056507,NA,10,NA
2550636,"Cairo Santos","KC","K",25,2,5,9.71666666666667,9.2,10.12,0.625166644450369,4,0.594444444444445,1,0.920000000000002,NA,5.2,2.9,3.61892000099468,NA,5,NA
71217,"Kenny Britt","LA","WR",28,7,8,9.63666666666667,6.262,10.822,2.98547037053348,29,0.703333333333333,2,4.56,NA,32.8,5.2,5.9954651038811,NA,4.3,NA
2543500,"Jordan Matthews","PHI","WR",24,2,4,9.55333333333333,5.352,11.752,4.20387123177356,30,1.37666666666667,2,6.4,NA,NA,NA,9.8496669344592,NA,5.9,NA
2543664,"Terrance West","BAL","RB",25,2,8,9.55333333333333,6.388,11.14,3.26044986671062,19,0.331666666666665,4,4.752,NA,28.2,3.4,6.07218898208788,NA,11.3,NA
949,"Jonathan Stewart","CAR","RB",29,8,7,9.46333333333333,7.02,11.332,2.81443303941191,20,0.685000000000002,4,4.312,NA,NA,NA,7.80404456000572,NA,9.9,NA
2506264,"Robbie Gould","NYG","K",34,11,8,9.26666666666667,8.84,9.8,0.642910050732863,5,0.527777777777777,2,0.960000000000001,NA,14,2.9,3.64518350937434,NA,5,NA
2533436,"Brock Osweiler","HOU","QB",26,4,9,9.15,7.648,10.792,1.98824042811728,27,4.46566666666666,6,3.144,NA,24.2,2.1,6.5834976251284,NA,12.62,NA
2505629,"Jason Witten","DAL","TE",34,13,7,9.07666666666667,6.384,11,3.33131105322414,8,0.608333333333334,2,4.616,NA,13.6,3,6.85929884330005,NA,3.7,NA
2532899,"Doug Martin","TB","RB",27,4,6,8.98,8.04,9.832,1.14594938806214,21,0.676666666666666,5,1.792,NA,15,2.9,3.81334941780289,NA,10.5,NA
2550545,"Chris Boswell","PIT","K",27,2,8,8.97777777777778,6.58666666666667,11.92,3.54045404077144,6,0.711111111111112,2,5.33333333333333,NA,12.6,3.8,9.78556153605482,NA,10,NA
2495438,"Kyle Rudolph","MIN","TE",27,5,6,8.58666666666667,5.808,10.8,3.35149717787936,9,0.588333333333333,2,4.992,NA,12.3,2.8,6.7866025966206,NA,1.2,NA
497206,"James Starks","GB","RB",30,6,4,8.57666666666667,6.286,10.846,2.85037424443411,22,0.558333333333332,5,4.56,NA,23.6,3.7,5.9080916668678,NA,13.1,NA
2495824,"Jay Cutler","CHI","QB",33,10,9,8.53666666666667,7.278,9.47,1.54046529767254,28,7.85966666666667,6,2.192,NA,23.7,1.9,5.63938408726053,NA,11.38,NA
2506922,"Stephen Gostkowski","NE","K",32,10,9,8.5,7.2,10,1.80277563773199,7,0.55,2,2.8,NA,2.2,2.1,3.7162386780042,NA,6,NA
100005,"Bears","CHI","DST",NA,NA,9,8.45,6.57,8.73,1.90918830920368,12,0.449999999999999,2,2.16,NA,19.4,2.7,4.11883551526185,NA,0,NA
2540232,"Jack Doyle","IND","TE",26,3,10,8.35,5.86,10.38,2.99541316015003,10,0.704999999999999,2,4.52,NA,15.7,3.8,6.88936598508709,NA,0.7,NA
2555295,"Sterling Shepard","NYG","WR",NA,0,8,8.31333333333333,4.228,10.388,4.05592570609144,31,0.418333333333334,2,6.16,NA,34,3.3,6.0728818338156,NA,11,NA
100022,"Saints","NO","DST",NA,NA,5,8.2,4.42,7.78,2.9698484809835,13,0.499999999999998,2,3.36,NA,23.2,3.3,6.86880457936602,NA,2,NA
1032,"Jordy Nelson","GB","WR",31,8,4,8.04,6.3,8.876,1.73285890943262,32,0.361666666666667,2,2.576,NA,7.4,3.9,4.33636562492658,NA,8.8,NA
2553648,"Andrew Franks","MIA","K",23,1,8,8.03333333333333,6.68,9,1.67431578064991,8,0.208333333333333,2,2.32,NA,20.6,3.4,6.20045356757914,NA,2,NA
2495466,"Mark Ingram","NO","RB",27,5,5,8.03,6.32,9.032,1.7110523077919,23,0.0683333333333334,5,2.712,NA,20.9,3,4.39382010714096,NA,7.5,NA
71345,"Rashad Jennings","NYG","RB",31,7,8,8.00666666666667,5.64,9.416,2.36180721764782,24,0.258333333333335,5,3.776,NA,27.2,4.9,6.29409768058624,NA,18.9,NA
2543773,"James White","NE","RB",24,2,9,7.91666666666667,5.25,10.29,3.1584542632961,25,0.373333333333333,5,5.04,NA,32.6,4.6,6.80806720014571,NA,12.3,NA
2539227,"Dustin Hopkins","WAS","K",26,3,9,7.86666666666667,5.8,9.48,2.50066657780147,9,0.383333333333334,2,3.68,NA,9.8,3.7,8.04076470231162,NA,6,NA
100012,"Titans","TEN","DST",NA,NA,13,7.8,4.4,7.6,2.82842712474619,14,0.300000000000001,2,3.2,NA,17.9,3.9,8.10948063450725,NA,4,NA
89802,"Ryan Succop","TEN","K",30,7,13,7.78333333333333,6.77,8.77,1.25133262297973,10,0.658333333333333,3,2,NA,14.7,3.2,5.16292074426919,NA,6,NA
2553737,"Eli Rogers","PIT","WR",NA,NA,8,7.75,5.55,9.95,3.88908729652601,33,0.223333333333333,2,4.4,NA,36.5,5.2,6.77482648040083,NA,2,NA
2495353,"Julius Thomas","JAC","TE",28,5,5,7.64666666666667,3.248,10.128,4.54692570132099,11,0.528333333333334,3,6.88,NA,11.6,3.5,8.33473041527463,NA,1.2,NA
2540158,"Zach Ertz","PHI","TE",26,3,4,7.64333333333333,3.964,10.1,4.38002663614428,12,1.07833333333333,3,6.136,NA,NA,NA,11.800210640584,NA,9.5,NA
2535698,"Cole Beasley","DAL","WR",27,4,7,7.60666666666667,5.164,10.284,3.2400823034814,34,0.328333333333333,2,5.12,NA,38.4,5.4,6.30410150105856,NA,11.9,NA
100025,"Eagles","PHI","DST",NA,NA,4,7.6,4.4,7.6,2.82842712474619,15,0.425000000000001,2,3.2,NA,15.8,3.4,6.92761401905006,NA,1,NA
2543715,"Jerick McKinnon","MIN","RB",24,2,6,7.58,4.832,11.52,4.6994893339596,26,0.101666666666667,5,6.688,NA,40.7,3.5,7.4436289150041,NA,4.1,NA
2543743,"Carlos Hyde","SF","RB",25,2,8,7.50666666666667,6.5,8.276,1.16453137928239,27,0.211666666666668,6,1.776,NA,NA,NA,4.8175085882685,NA,11,NA
2495469,"Dion Lewis","NE","RB",26,5,9,7.45,0.745000000000001,6.705,5.26794551983978,28,0.79,7,5.96,NA,43.6,10.1,12.5131683135309,NA,4.9,NA
2543488,"Jarvis Landry","MIA","WR",24,2,8,7.44666666666667,6.888,7.368,0.310698138606161,35,0.52,2,0.48,NA,NA,NA,3.13401419790213,NA,8.8,NA
100031,"Buccaneers","TB","DST",NA,NA,6,7.4,4.38,7.42,2.68700576850888,16,0.699999999999999,2,3.04,NA,21.5,2.8,5.33181019709402,NA,8,NA
2553112,"Jason Myers","JAC","K",NA,NA,5,7.18333333333333,5.81,8.61,1.75380538639079,11,0.15,3,2.8,NA,22.6,3.2,5.9066729540923,NA,9,NA
2540156,"Giovani Bernard","CIN","RB",25,3,9,7.14,5.62,8.756,2.23490491967779,29,1.04333333333333,7,3.136,NA,24,2.7,4.6608929755215,NA,6.1,NA
2552458,"Devin Funchess","CAR","WR",22,1,7,7.11,4.482,6.738,1.99404112294606,36,0.446666666666666,2,2.256,NA,56.8,5,5.05133047724069,NA,3.2,NA
2534797,"Greg Zuerlein","LA","K",29,4,8,7.06666666666667,6.36,7.8,0.901849950564579,12,0.166666666666666,3,1.44,NA,21,3.3,4.85134197225913,NA,5,NA
2536340,"Justin Tucker","BAL","K",27,4,8,7,6,8.4,1.73205080756888,13,0.266666666666667,3,2.4,NA,6,4.2,7.93167150353687,NA,6,NA
100004,"Panthers","CAR","DST",NA,NA,7,6.95,2.51,6.59,3.60624458405139,17,0.600000000000001,3,4.08,NA,14.7,3.2,7.43146873160791,NA,11,NA
2506386,"Mike Nugent","CIN","K",34,11,9,6.8,5.48,7.88,1.58745078663875,14,0.133333333333335,3,2.4,NA,15.5,3.2,5.66043751569781,NA,0,NA
2507763,"Mike Wallace","BAL","WR",30,7,8,6.74333333333333,5.446,7.606,1.39665075567707,37,0.306666666666667,2,2.16,NA,30.5,4.9,4.49156876033622,NA,6.2,NA
2506677,"Matt Prater","DET","K",32,10,10,6.66666666666667,5,9,2.88675134594813,15,0.216666666666667,3,4,NA,8.8,3.8,8.81796118187519,NA,9,NA
2507463,"Connor Barth","CHI","K",30,8,9,6.66666666666667,5.7,7.7,1.25830573921179,15,0.516666666666666,3,2,NA,23.3,4.2,7.23044157200497,NA,5,NA
2543721,"C.J. Fiedorowicz","HOU","TE",25,2,9,6.59333333333333,4.796,8.796,2.64955342149075,13,0.174999999999999,3,4,NA,NA,NA,8.26378700646641,NA,8.2,NA
2555346,"Will Fuller","HOU","WR",22,0,9,6.58333333333333,3.86,8.94,3.45844377333698,38,0.323333333333334,2,5.08,NA,NA,NA,8.56381813417336,NA,1.7,NA
2540215,"Vance McDonald","SF","TE",26,3,8,6.53666666666667,5.042,8.562,2.48194144438045,14,0.288333333333333,3,3.52,NA,22.3,3.3,6.1313898580695,NA,10.6,NA
100011,"Packers","GB","DST",NA,NA,4,6.45,2.47,6.23,3.32340187157677,18,0.275,3,3.76,NA,18.6,2.4,5.1853543800616,NA,-2,NA
2553830,"Will Tye","NYG","TE",NA,NA,8,6.3,4.06,8.54,3.95979797464467,15,0.195,3,4.48,NA,24.1,3.4,7.68813715923496,NA,7.2,NA
2552409,"DeVante Parker","MIA","WR",23,1,8,6.29,5.36,7.016,1.1186152153444,39,0.0716666666666663,2,1.656,NA,40,5,4.29628359756869,NA,13.9,NA
100018,"Raiders","OAK","DST",NA,NA,10,6.25,5.91,5.99,0.0707106781186545,19,0.15,3,0.0800000000000001,NA,11.1,3.7,4.17423826187996,NA,10,NA
2507401,"Dan Carpenter","BUF","K",31,8,10,6.23333333333333,5.14,7.54,1.56950098226581,17,0.216666666666668,4,2.4,NA,19.1,2.4,3.98810903473467,NA,12,NA
2552424,"Phillip Dorsett","IND","WR",23,1,10,6.23,4.098,8.258,2.60973178698501,40,0.0800000000000001,2,4.16,NA,68.8,7.1,6.51723525122065,NA,5,NA
2532841,"Michael Floyd","ARI","WR",27,4,9,6.20666666666667,4.54,6.876,1.52122757447179,41,0.121666666666667,2,2.336,NA,46.2,6.5,5.31130250710599,NA,2.1,NA
2532838,"Coby Fleener","NO","TE",28,4,5,6.19666666666667,3.758,9.198,3.61165243805842,16,0.300000000000001,3,5.44,NA,16,3.6,7.42572177125776,NA,7.7,NA
497188,"Ryan Mathews","PHI","RB",29,6,4,6.18,2.258,9.498,4.60876339162687,30,0.21,7,7.24,NA,26.6,3.8,7.56856376750728,NA,3.1,NA
100003,"Bills","BUF","DST",NA,NA,10,6.1,2.46,6.14,3.25269119345812,20,0.0499999999999998,3,3.68,NA,12.9,2.7,5.80569240763221,NA,9,NA
100032,"Redskins","WAS","DST",NA,NA,9,6.1,4.24,6.16,1.69705627484771,20,0.0999999999999996,3,1.92,NA,18.3,4,6.92534289033944,NA,6,NA
2552656,"J.J. Nelson","ARI","WR",24,1,9,6.09333333333333,4.016,8.176,2.60002564089921,42,0.0224999999999991,2,4.16,NA,50.3,5.9,5.97464825796219,NA,0,NA
2555333,"Corey Coleman","CLE","WR",22,0,13,6.07666666666667,5.14,6.604,1.00380941086111,43,0.0458333333333334,2,1.464,NA,38.6,5.2,4.28630055760032,NA,3.9,NA
2507232,"Mason Crosby","GB","K",32,9,4,6.06666666666667,5.2,6.96,1.10151410945722,18,0.15,4,1.76,NA,9,2.9,4.3240019587458,NA,6,NA
2539203,"Cobi Hamilton","PIT","WR",26,3,8,6.065,4.917,7.213,2.02939646200539,44,0.0733333333333333,2,2.296,NA,83.3,8.5,6.63995276632576,NA,1.1,NA
497254,"Dennis Pitta","BAL","TE",31,6,8,6.01333333333333,4.028,8.748,3.36667986796092,17,0.241666666666667,3,4.72,NA,19.6,3.8,7.26872937220728,NA,3,NA
2552471,"T.J. Yeldon","JAC","RB",23,1,5,6.01333333333333,5.04,6.832,1.23956981785349,31,0.0999999999999996,7,1.792,NA,34.2,3.8,4.51922511691457,NA,3.2,NA
100014,"Colts","IND","DST",NA,NA,10,6,2.4,5.6,2.82842712474619,22,0,3,3.2,NA,23.6,2.9,5.74574740359287,NA,9,NA
100015,"Jaguars","JAC","DST",NA,NA,5,6,5.3,6.1,0.707106781186548,22,0.275,3,0.799999999999999,NA,23.1,3.1,3.55503579866466,NA,7,NA
100017,"Rams","LA","DST",NA,NA,8,6,6,6,NA,22,0.699999999999999,3,0,NA,7.9,2.5,3.12619872064632,NA,10,NA
2532884,"Marvin Jones","DET","WR",26,4,10,5.99666666666667,4.68,6.752,1.39428595823573,45,0.083333333333333,2,2.072,NA,26.7,5.4,4.71211894846787,NA,1.5,NA
2540169,"Robert Woods","BUF","WR",24,3,10,5.98666666666667,5.092,6.452,0.852369247059825,46,0.21,2,1.36,NA,NA,NA,4.06838700248792,NA,4.1,NA
2550380,"Cody Parkey","CLE","K",24,2,13,5.96666666666667,4.38,7.58,2.00083315979452,19,0.183333333333333,4,3.2,NA,25.5,3.5,6.88947934331608,NA,3,NA
2506467,"Darren Sproles","PHI","RB",33,11,4,5.92666666666667,4.076,7.676,2.26011799102023,32,0.111666666666666,7,3.6,NA,27.1,2.9,4.82174424875703,NA,2.1,NA
2550268,"Charcandrick West","KC","RB",25,2,5,5.9,3.36,8.4,3.15119025131775,33,0.253333333333334,7,5.04,NA,46.2,4.1,6.45641327629844,NA,4.2,NA
2506194,"Nick Novak","HOU","K",NA,NA,9,5.86666666666667,5,7.08,1.50111069989303,20,0.266666666666667,4,2.08,NA,17.4,2.5,4.09259875734159,NA,8,NA
2550597,"Seth Roberts","OAK","WR",NA,NA,10,5.84,3.664,8.624,3.36790736214641,47,0.148333333333333,2,4.96,NA,70.8,6.4,6.85952905987164,NA,0.6,NA
2552397,"Clive Walford","OAK","TE",25,1,10,5.78,3.284,8.276,4.41234631460406,18,0.0316666666666663,3,4.992,NA,28.1,2.5,7.7306031093586,NA,2.8,NA
238457,"Zach Miller","CHI","TE",32,7,9,5.76333333333333,4.22,6.452,1.40001190471129,19,0.115,3,2.232,NA,9.1,2.1,4.46592974929299,NA,12.1,NA
2495826,"Vernon Davis","WAS","TE",32,10,9,5.73333333333333,4.6,7.16,1.72143351115671,20,0.183333333333334,3,2.56,NA,20.5,4,5.68092565761258,NA,0,NA
2552461,"Duke Johnson","CLE","RB",23,1,13,5.73,5.22,6.252,0.645523043740501,34,0.321666666666667,7,1.032,NA,32.4,3.7,3.91255836257301,NA,5.6,NA
2507166,"Ted Ginn","CAR","WR",31,9,7,5.71333333333333,2.952,9.08,4.04802832664661,48,0.0599999999999996,2,6.128,NA,54,9.3,8.73714806878969,NA,10.6,NA
2550325,"Chandler Catanzaro","ARI","K",25,2,9,5.7,5.2,6.08,0.608276253029822,21,0.6,4,0.880000000000001,NA,13.7,3.5,4.82823871073002,NA,6,NA
2539336,"Tavon Austin","LA","WR",25,3,8,5.67,4.88,6.168,0.838272032218659,49,0.078333333333334,3,1.288,NA,47.1,5,4.05449015300831,NA,2.1,NA
2543847,"John Brown","ARI","WR",26,2,9,5.63666666666667,4.762,5.962,0.816721086622192,50,0.0916666666666668,3,1.2,NA,46.7,8.4,5.54951332849532,NA,0,NA
2553733,"Thomas Rawls","SEA","RB",23,1,5,5.56333333333333,3.46,7.452,2.79839835143843,35,0.321666666666666,7,3.992,NA,29.2,4.7,6.55120915745216,NA,8.8,NA
2543466,"Eric Ebron","DET","TE",23,2,10,5.56333333333333,4.54,5.892,0.869501773047838,21,0.168333333333332,3,1.352,NA,8.7,2.1,3.92385011700896,NA,13.1,NA
2532977,"Kendall Wright","TEN","WR",27,4,13,5.54666666666667,4.18,6.372,1.48004504435957,51,0.0400000000000009,3,2.192,NA,46.3,5.8,4.96415722344034,NA,5.2,NA
2346,"Pierre Garcon","WAS","WR",30,8,9,5.54333333333333,5.02,5.604,0.38940124978399,52,0.148333333333333,3,0.584,NA,45.4,6.3,4.246076678961,NA,17.6,NA
2550656,"Cameron Brate","TB","TE",25,2,6,5.53666666666667,4.08,6.488,1.63463553532074,22,0.3525,3,2.408,NA,13.8,2.9,5.0789604940536,NA,1.8,NA
2556601,"Wil Lutz","NO","K",22,0,5,5.5,5.1,5.9,0.707106781186548,22,1.85,4,0.8,NA,NA,NA,3.42190973804833,NA,8,NA
2552652,"Chris Conley","KC","WR",24,1,5,5.47,3.322,8.122,3.19228758103026,53,0.211666666666667,3,4.8,NA,65.9,6.2,6.61902267488739,NA,2.8,NA
100002,"Ravens","BAL","DST",NA,NA,8,5.45,4.15,5.35,1.06066017177982,25,0.399999999999999,3,1.2,NA,16.8,3.8,5.65355876882324,NA,1,NA
2495453,"Andre Holmes","OAK","WR",28,5,10,5.32,3.656,6.984,2.94156420973604,54,0.246666666666665,3,3.328,NA,96.9,3.8,5.33434498736217,NA,NA,NA
2533046,"Dwayne Allen","IND","TE",26,4,10,5.25333333333333,3.372,7.452,2.64093417815237,23,0.604166666666667,3,4.08,NA,24.5,2.7,6.01388215952903,NA,0,NA
2507999,"Chris Ivory","JAC","RB",28,6,5,5.25333333333333,4.38,5.868,0.979047155827202,36,0.111666666666665,7,1.488,NA,29.6,3.5,4.07638750169208,NA,8.4,NA
2555229,"Kenneth Dixon","BAL","RB",22,0,8,5.23,3.46,6.332,1.8864516956445,37,0.181666666666667,7,2.872,NA,31.7,4.6,5.65682239682349,NA,4,NA
2550272,"Albert Wilson","KC","WR",24,2,5,5.19666666666667,2.578,8.098,3.50385977649411,55,0.266666666666667,3,5.52,NA,76.5,8.7,8.00069988046758,NA,7.9,NA
100007,"Browns","CLE","DST",NA,NA,13,5.15,4.73,4.97,0.212132034355964,26,0.525,3,0.24,NA,25.9,2,0.333455652732923,NA,0,NA
497224,"Ed Dickson","CAR","TE",29,6,7,5.115,3.607,6.623,2.66579256507328,24,0.983333333333333,3,3.016,NA,NA,NA,8.29697358842376,NA,0,NA
4383,"Tim Hightower","NO","RB",30,8,5,5.05333333333333,4.3,5.468,0.74197933484251,38,0.0516666666666667,7,1.168,NA,32.8,2.9,3.44773032528367,NA,12.6,NA
2556118,"Dwayne Washington","DET","RB",NA,0,10,5.04333333333333,2.346,8.026,3.70224706540951,39,0.12,7,5.68,NA,42.5,5.1,7.64531446883669,NA,2.1,NA
2555460,"Paul Perkins","NYG","RB",22,0,8,4.96,3.72,6.024,1.51947359305781,40,0.103333333333333,7,2.304,NA,35.5,4.1,4.97960389627951,NA,3.5,NA
100013,"Texans","HOU","DST",NA,NA,9,4.95,3.21,4.89,1.48492424049175,27,0.65,3,1.68,NA,17.5,3.6,5.71350377286258,NA,2,NA
2553895,"Adam Humphries","TB","WR",NA,NA,6,4.95,4.43,5.47,0.919238815542512,56,0.0699999999999994,3,1.04,NA,61.5,6.3,4.70305675835455,NA,4.7,NA
2495189,"Jeremy Kerley","SF","WR",28,5,8,4.91,4.38,5.044,0.415090351610345,57,0.0716666666666672,4,0.664,NA,52,7.9,4.98052066964004,NA,0,NA
2540011,"Chris Thompson","WAS","RB",26,3,9,4.88666666666667,3.56,6.008,1.58698876282516,41,0.288333333333333,7,2.448,NA,38.3,2.5,3.93645503238651,NA,1.9,NA
2556592,"Roger Lewis","NYG","WR",23,0,8,4.85,2.65,7.05,3.88908729652601,58,0.0750000000000002,4,4.4,NA,83.8,7,7.57614977626657,NA,0.8,NA
2556075,"Derrick Henry","TEN","RB",22,0,13,4.82666666666667,2.136,8.136,3.85799602557252,42,0.495,7,6,NA,39,3.7,6.82005471533201,NA,NA,NA
2540202,"Kenny Stills","MIA","WR",24,3,8,4.82666666666667,3.54,5.844,1.60814593035997,59,0.114999999999999,4,2.304,NA,NA,NA,5.37208802732504,NA,3.3,NA
2539250,"Quinton Patton","SF","WR",26,3,8,4.72333333333333,4.074,5.274,0.781430312525265,60,0.0316666666666672,4,1.2,NA,59.9,9.8,6.1423268092929,NA,1.7,NA
2649,"Danny Amendola","NE","WR",31,8,9,4.7,3.3,5.54,1.49331845230681,61,0.0233333333333334,4,2.24,NA,68,11.5,7.51312918725956,NA,6.2,NA
2500351,"Phil Dawson","SF","K",41,18,8,4.7,4.2,5.08,0.608276253029822,23,2.18333333333333,5,0.88,NA,24.4,3.3,4.4167988443786,NA,5,NA
2532933,"Brian Quick","LA","WR",27,4,8,4.68333333333333,3.2,5.72,1.60960657719001,62,0.0166666666666666,4,2.52,NA,59.5,6.1,5.20945674925064,NA,2.1,NA
497320,"Andre Roberts","DET","WR",28,6,10,4.67,3.126,6.214,2.72943217538007,63,0.0699999999999994,4,3.088,NA,97.3,4.1,5.28493692059632,NA,1.4,NA
2550353,"Allen Hurns","JAC","WR",25,2,5,4.66333333333333,3.64,5.392,1.11849601399975,64,0.155,4,1.752,NA,41.8,6.8,5.0975040833593,NA,0.9,NA
497302,"Brandon LaFell","CIN","WR",30,6,9,4.53666666666667,3.5,5.268,1.27594409490907,65,0.0916666666666668,4,1.768,NA,NA,NA,4.79904590668302,NA,3.2,NA
1990,"Eddie Royal","CHI","WR",30,8,9,4.48,3.38,5.092,1.08683025353548,66,0.0899999999999999,4,1.712,NA,NA,NA,4.4728279718652,NA,1.3,NA
2552430,"Tyler Lockett","SEA","WR",24,1,5,4.41,3.926,4.646,0.461844129550219,67,0.0416666666666661,4,0.72,NA,52.2,6.7,4.48662984711623,NA,3.9,NA
1581,"DeSean Jackson","WAS","WR",30,8,9,4.37,2.76,5.728,1.88247177933694,68,0.0466666666666677,4,2.968,NA,NA,NA,5.84529512454447,NA,11.1,NA
2556885,"Jalen Richard","OAK","RB",23,0,10,4.37,3.424,4.416,0.876812408671319,43,0.143333333333334,7,0.991999999999999,NA,49.1,5.1,5.08811289675052,NA,11.2,NA
2505587,"Anquan Boldin","DET","WR",36,13,10,4.36666666666667,3.34,4.78,0.98657657246325,69,0.125000000000001,4,1.44,NA,55,6,4.62758107833783,NA,3.7,NA
100029,"49ers","SF","DST",NA,NA,8,4.3,1.38,4.42,2.68700576850888,28,NA,3,3.04,NA,27.5,1.1,1.31346370453958,NA,1,NA
2495258,"Matt Asiata","MIN","RB",29,5,6,4.29333333333333,3.22,5.124,1.23779373618278,44,0.188333333333333,7,1.904,NA,NA,NA,4.9501229552606,NA,8.7,NA
2543475,"Marqise Lee","JAC","WR",25,2,5,4.28,3.528,4.728,0.783070878018076,70,0.0899999999999999,4,1.2,NA,50.7,6.4,4.63013111213408,NA,11.2,NA
2541785,"Adam Thielen","MIN","WR",26,2,6,4.20333333333333,3.78,4.188,0.268390263112009,71,0.0633333333333326,5,0.407999999999999,NA,62.9,8.5,5.12110094344538,NA,12.5,NA
2539995,"Mychal Rivera","OAK","TE",26,3,10,4.18333333333333,2.24,6.76,3.14019638451695,25,0.266666666666667,3,4.52,NA,38.6,4.5,7.36393576329892,NA,NA,NA
2532887,"Jermaine Kearse","SEA","WR",26,4,5,4.17666666666667,3.7,4.444,0.46543886100468,72,0.0883333333333329,5,0.744,NA,72.9,6.9,4.57876619204955,NA,2.9,NA
2550738,"Fitzgerald Toussaint","PIT","RB",26,2,8,4.16,0.95,4.55,3.18198051533946,45,0.135,7,3.6,NA,64.1,6.8,8.34770988050417,NA,NA,NA
2539964,"Marquise Goodwin","BUF","WR",26,3,10,4.10333333333333,3.828,3.98,0.0950438495292214,73,0.0849999999999991,5,0.152,NA,68.9,5.2,3.50249852994861,NA,1.5,NA
1060,"Gary Barnidge","CLE","TE",31,8,13,4.08,3.6,4.352,0.470319040652194,26,0.34,3,0.751999999999999,NA,19,3.8,4.30920396727989,NA,8.3,NA
2555317,"Tajae Sharpe","TEN","WR",22,0,13,4.07333333333333,2.86,4.716,1.2174289849241,74,0.124166666666667,5,1.856,NA,59.7,5.9,4.78217122264243,NA,12.8,NA
2555461,"Wendell Smallwood","PHI","RB",22,0,4,4.05,1.61,7.61,4.06109591120427,46,0.141666666666667,7,6,NA,54,3.8,7.07288918569481,NA,7.9,NA
2543682,"Bishop Sankey","KC","RB",24,2,5,4,0.800000000000001,7.2,5.65685424949238,47,0.221666666666666,7,6.4,NA,NA,NA,12.9491955686227,NA,NA,NA
2539205,"Terrance Williams","DAL","WR",27,3,7,3.96333333333333,2.92,4.592,1.04548234482144,75,0.0583333333333336,5,1.672,NA,75.1,7.1,5.16808434069986,NA,1.1,NA
2540151,"Justin Hunter","BUF","WR",25,3,10,3.935,2.287,3.783,1.32228968081884,76,0.120833333333333,6,1.496,NA,NA,NA,4.8789911989662,NA,NA,NA
2528181,"Bryan Walters","JAC","WR",29,6,5,3.875,1.135,6.615,4.84368145112785,77,0.143333333333334,6,5.48,NA,NA,NA,10.953327919383,NA,NA,NA
2539663,"Mike Gillislee","BUF","RB",26,3,10,3.81666666666667,2.68,4.56,1.25731194750282,48,0.0866666666666669,7,1.88,NA,45.1,6.8,6.60576002663687,NA,7.2,NA
2495187,"Lance Kendricks","LA","TE",28,5,8,3.75333333333333,2.7,4.428,1.08098720313116,27,0.395,3,1.728,NA,20.8,2.4,4.2799315686906,NA,0.8,NA
2507855,"Victor Cruz","NYG","WR",30,6,8,3.75333333333333,2.94,4.268,0.857049201232539,78,0.0933333333333333,6,1.328,NA,76.3,9.2,5.9404396474465,NA,4.8,NA
2530690,"DuJuan Harris","SF","RB",28,5,8,3.74,2.864,4.464,1.00538549820454,49,0.0466666666666669,7,1.6,NA,43.5,2.7,3.54809817419645,NA,0.4,NA
2495139,"Charles Clay","BUF","TE",27,5,10,3.72666666666667,3.056,4.336,0.854478398400646,28,0.741666666666666,3,1.28,NA,22,3.3,4.46843468178601,NA,2.3,NA
2552379,"Jeremy Langford","CHI","RB",25,1,9,3.72,3.246,3.294,0.0424264068711929,50,0.101666666666667,7,0.0479999999999996,NA,44.4,5.1,4.33293946159728,NA,9.8,NA
2552491,"Dorial Green-Beckham","PHI","WR",23,1,4,3.71,3.144,4.24,0.771556867638413,79,0.13,6,1.096,NA,74.2,7.7,5.19893387440795,NA,11.4,NA
2550512,"Damien Williams","MIA","RB",24,2,8,3.66666666666667,1.88,5.16,2.1548395145192,51,0.12,7,3.28,NA,46.3,3.6,5.20957173181099,NA,0,NA
2540145,"Cordarrelle Patterson","MIN","WR",25,3,6,3.61,2.938,3.082,0.127279220613579,80,0.085,6,0.144,NA,65.9,6.7,4.19807065741574,NA,5.3,NA
2552635,"Matt Jones","WAS","RB",24,1,9,3.57,2.046,4.494,2.16374675043084,52,0.111666666666667,7,2.448,NA,68.9,6.8,7.42614229862226,NA,NA,NA
2552470,"Sammie Coates","PIT","WR",23,1,8,3.55,2.83,3.95,0.746659226153404,81,0.248333333333334,6,1.12,NA,64.8,12.7,7.40335792924608,NA,NA,NA
2556466,"Peyton Barber","TB","RB",22,0,6,3.52333333333333,2.46,4.676,1.52007675244816,53,0.134166666666667,7,2.216,NA,47.6,3.9,4.84211798584145,NA,2.2,NA
2530660,"Kamar Aiken","BAL","WR",27,5,8,3.5,2.92,4.04,0.781024967590665,82,0.399999999999999,6,1.12,NA,74.7,9.3,5.91938739856796,NA,3.5,NA
2540037,"Fozzy Whittaker","CAR","RB",27,4,7,3.39333333333333,2.12,4.664,1.80779792381044,54,0.0708333333333337,7,2.544,NA,55.8,4.2,5.30957201562745,NA,0,NA
2553631,"Zach Zenner","DET","RB",NA,NA,10,3.385,1.457,3.513,1.81726442764943,55,0.149999999999999,7,2.056,NA,65.2,4.6,5.59420343302498,NA,NA,NA
2541544,"Benny Cunningham","LA","RB",26,3,8,3.26,2.54,3.644,0.750199973340442,56,0.0975000000000001,7,1.104,NA,50.6,4.5,4.55942500654227,NA,0.4,NA
927,"Justin Forsett","DET","RB",31,8,10,3.21,0.321,2.889,2.26981276760882,57,0.105000000000001,7,2.568,NA,60.7,8.5,8.69540929650595,NA,NA,NA
2506147,"John Kuhn","NO","RB",34,10,5,3.115,0.675,2.875,1.94454364826301,58,0.0358333333333332,7,2.2,NA,69.9,7.2,7.50381289511585,NA,1.2,NA
2555466,"Tyler Boyd","CIN","WR",22,0,9,3.10333333333333,2.702,3.262,0.361985266735172,83,0.0950000000000006,6,0.56,NA,75.5,5.1,3.68821511246647,NA,11.4,NA
2552600,"Nelson Agholor","PHI","WR",23,1,4,3.09666666666667,2.84,3.152,0.195021366350801,84,0.179166666666667,6,0.312,NA,78.8,6.3,4.07842579819221,NA,0,NA
2533437,"Ronnie Hillman","MIN","RB",25,4,6,3.095,2.821,3.069,0.21920310216783,59,0.346666666666666,7,0.248,NA,52.1,4.3,3.94080659826543,NA,0.9,NA
2555464,"DeAndre Washington","OAK","RB",23,0,10,3.06333333333333,2.18,3.852,1.06491001184764,60,0.635,7,1.672,NA,45.2,4.4,4.775242093522,NA,0,NA
2550313,"Richard Rodgers","GB","TE",24,2,4,2.99,2.62,2.996,0.247588368062799,29,0.0916666666666668,4,0.376,NA,28.3,2.6,3.52168035420242,NA,2.8,NA
2541316,"Ryan Griffin","HOU","TE",26,3,9,2.98,2.376,2.984,0.537401153701776,30,0.219166666666667,4,0.608,NA,30.2,2.3,3.67782955793034,NA,3.2,NA
2535964,"Josh Bellamy","CHI","WR",27,4,9,2.92,2.632,3.032,0.255342906696074,85,0.0258333333333329,6,0.4,NA,87.4,4.9,3.50720112552505,NA,3.2,NA
2543491,"Paul Richardson","SEA","WR",24,2,5,2.915,2.203,3.027,0.728319984622144,86,0.0633333333333335,6,0.824,NA,91.7,3.7,3.38092402096825,NA,0.6,NA
2508097,"Andrew Hawkins","CLE","WR",30,5,13,2.87333333333333,2.04,3.496,0.998064794155837,87,0.0566666666666666,6,1.456,NA,NA,NA,4.31970916981633,NA,2,NA
2552597,"Breshad Perriman","BAL","WR",23,1,8,2.83,2.54,2.932,0.246373699895098,88,0.0533333333333332,6,0.392,NA,67.9,6.6,4.25627060125571,NA,NA,NA
2552633,"Jesse James","PIT","TE",22,1,8,2.81666666666667,2.23,2.95,0.464578662158878,31,0.139166666666667,4,0.72,NA,25.3,3.6,4.21001580564096,NA,0.5,NA
2552429,"Ty Montgomery","GB","WR",23,1,4,2.80333333333333,2.14,3.428,0.87751543196307,89,0.128333333333334,6,1.288,NA,NA,NA,4.11176371382804,NA,4.4,NA
2550546,"Philly Brown","CAR","WR",25,2,7,2.75,1.9,3.3,0.901387818865997,90,0.175,6,1.4,NA,90.1,7,4.99928616232002,NA,0,NA
497238,"Jermaine Gresham","ARI","TE",28,6,9,2.705,2.081,2.729,0.572756492761104,32,0.0733333333333333,4,0.648000000000001,NA,32.4,2.7,3.90060112627227,NA,9.3,NA
2534820,"Garrett Celek","SF","TE",28,4,8,2.65,1.43,3.27,1.62634559672906,33,0.0458333333333338,4,1.84,NA,34.2,3.3,5.25713495736793,NA,4.1,NA
71265,"Jared Cook","GB","TE",29,7,4,2.61333333333333,1.24,3.832,1.7048558101298,34,0.125833333333333,4,2.592,NA,NA,NA,6.33318736954558,NA,13.5,NA
2495459,"Torrey Smith","SF","WR",27,5,8,2.6,2.6,2.6,NA,91,0.1275,6,0,NA,NA,NA,NA,NA,NA,NA
2503471,"Adam Vinatieri","IND","K",44,20,10,2.6,2.16,2.96,0.529150262212918,24,0.4,6,0.8,NA,2.5,2.2,2.03675854362088,NA,7,NA
2540211,"Gavin Escobar","DAL","TE",25,3,7,2.595,0.419,2.971,2.25567063198509,35,0.2375,4,2.552,NA,49,1.9,5.24692630540842,NA,2.1,NA
2555348,"Braxton Miller","HOU","WR",24,0,9,2.55,1.96,2.96,0.626498204307083,92,0.1575,6,1,NA,88.6,6.2,4.40605268397423,NA,8.5,NA
2533460,"Robert Turbin","IND","RB",27,4,10,2.43333333333333,1.22,3.3,1.30511813003013,61,0.0691666666666668,7,2.08,NA,56,4.7,5.1996937293237,NA,6.4,NA
2507374,"Steven Hauschka","SEA","K",NA,NA,5,2.43333333333333,2.06,2.86,0.513160143944688,25,0.633333333333333,6,0.8,NA,NA,NA,2.84775626928254,NA,8,NA
2533457,"Alfred Morris","DAL","RB",28,4,7,2.42333333333333,1.76,3.016,0.833446658961048,62,0.128333333333333,7,1.256,NA,53.1,3.9,4.22067322854738,NA,0.3,NA
2543759,"Ryan Grant","WAS","WR",26,2,9,2.395,1.379,2.811,1.26572113832392,93,0.0266666666666664,6,1.432,NA,97.5,4.4,4.15605335231062,NA,0.4,NA
2540177,"Marquess Wilson","CHI","WR",24,3,9,2.39,1.16,3.616,1.59257652877342,94,0.131666666666667,6,2.456,NA,NA,NA,5.34523109292498,NA,3.5,NA
2532853,"Ladarius Green","PIT","TE",26,4,8,2.38,1.208,3.288,1.30736375963234,36,0.0599999999999996,4,2.08,NA,NA,NA,5.52086605197203,NA,0,NA
2555216,"Malcolm Mitchell","NE","WR",23,0,9,2.34666666666667,1.348,2.948,1.08744348512156,95,0.184166666666667,6,1.6,NA,81.3,14.2,8.36505066497939,NA,15.8,NA
2540200,"Dion Sims","MIA","TE",25,3,8,2.335,1.847,2.223,0.332340187157677,37,0.0924999999999998,5,0.376,NA,35.6,3.6,4.07489344015912,NA,2,NA
2495835,"Anthony Fasano","TEN","TE",32,10,13,2.305,0.981,2.429,1.27986327394765,38,0.140000000000001,5,1.448,NA,46.1,3.7,5.08974165049099,NA,NA,NA
2536044,"Jamize Olawale","OAK","RB",27,4,10,2.305,0.821,2.589,1.56270598642227,63,0.0500000000000003,7,1.768,NA,71.8,6.4,6.60609781672379,NA,14.7,NA
2539322,"Christine Michael","GB","RB",26,3,4,2.285,1.573,2.397,0.728319984622144,64,0.1325,7,0.824,NA,48.9,9.8,8.19746513111254,NA,NA,NA
2556411,"Josh Ferguson","IND","RB",23,0,10,2.225,1.425,2.425,0.883883476483184,65,0.1625,7,1,NA,65.3,4.7,4.81844905403152,NA,NA,NA
2541834,"Josh Hill","NO","TE",26,3,5,2.18,1.04,3.072,1.31194512080346,39,0.0600000000000001,5,2.032,NA,31.1,2.7,4.65591016895032,NA,0,NA
2550328,"Brandon Coleman","NO","WR",24,2,5,2.17,1.948,2.18,0.147309198626562,96,0.0524999999999998,7,0.232,NA,92.5,7.2,4.43793613560325,NA,6.9,NA
2541944,"Russell Shepard","TB","WR",26,3,6,2.155,1.011,2.699,1.49199530830362,97,0.085,7,1.688,NA,NA,NA,5.17173031802243,NA,5.4,NA
2495888,"Marcedes Lewis","JAC","TE",32,10,5,2.15,1.41,2.29,0.777817459305203,40,0.0825000000000005,5,0.88,NA,37.2,4.4,4.90337617659482,NA,1.6,NA
2552586,"Tyler Kroft","CIN","TE",24,1,9,2.09,1.158,2.422,1.11722871427475,41,0.0508333333333337,5,1.264,NA,47.4,2.7,4.45694733723251,NA,NA,NA
80425,"Percy Harvin","BUF","WR",28,7,10,2.08,1.952,2.24,0.192873015219859,98,0.0350000000000001,7,0.288,NA,86,16,8.39481507038865,NA,0.6,NA
2539217,"Andre Ellington","ARI","RB",27,3,9,2.08,1.4,2.712,0.826559132790873,66,0.0574999999999997,7,1.312,NA,62.9,5.3,5.1806622323363,NA,2.3,NA
2541388,"Brice Butler","DAL","WR",26,3,7,2.06,1.06,2.884,1.23887045327589,99,0.0375000000000001,7,1.824,NA,96.3,4.9,4.35548468518234,NA,4.9,NA
2535708,"Lance Dunbar","DAL","RB",26,4,7,2.045,1.499,2.291,0.700035713374682,67,0.138333333333333,7,0.792,NA,71.7,4.3,4.37599128970967,NA,1.6,NA
2552396,"Ben Koyack","JAC","TE",23,1,5,2.045,1.629,1.861,0.205060966544099,42,0.0449999999999999,6,0.232,NA,33.7,5.7,4.92472573453875,NA,0,NA
2535724,"Dominique Jones","MIA","TE",29,4,8,2.03333333333333,0.54,3.02,1.56311654502578,43,0.1075,6,2.48,NA,44.6,9.8,8.22551134419652,NA,NA,NA
2495341,"Cecil Shorts","TB","WR",29,5,6,2.03,0.812,3.06,1.46277134234986,100,0.0825,7,2.248,NA,83.8,5.7,4.90474085175159,NA,6.2,NA
2543750,"Jeff Janis","GB","WR",25,2,4,2.015,1.143,2.287,1.01116269709676,101,0.15,7,1.144,NA,95.4,6.9,5.0494480350542,NA,0,NA
2507428,"Mike Tolbert","CAR","RB",31,8,7,2,1.3,2.1,0.707106781186548,68,0.230833333333334,7,0.8,NA,72.9,6.8,6.10778867454119,NA,1.6,NA
2541187,"Demetrius Harris","KC","TE",25,3,5,1.96666666666667,0.86,2.94,1.42243921955679,44,0.0966666666666667,6,2.08,NA,42.6,4.7,5.70203990630054,NA,NA,NA
2495150,"Kai Forbath","MIN","K",29,5,6,1.96666666666667,1.92,2,0.0577350269189626,26,0.366666666666666,7,0.0800000000000001,NA,21.6,3.4,3.80761639212152,NA,6,NA
2537933,"Larry Donnell","NYG","TE",28,4,8,1.885,0.257,2.313,1.81726442764943,45,0.0375000000000001,6,2.056,NA,NA,NA,6.56290747633989,NA,NA,NA
2555473,"Ricardo Louis","CLE","WR",NA,0,13,1.88,1.116,2.044,0.820243866176395,102,0.0450000000000004,8,0.928,NA,103.2,17.1,9.42561429049091,NA,0,NA
2555311,"Jerell Adams","NYG","TE",24,0,8,1.855,1.031,2.079,0.926309883354377,46,0.0174999999999998,6,1.048,NA,32.3,3.2,4.49517138838163,NA,0,NA
497270,"Arrelious Benn","JAC","WR",28,6,5,1.85,1.85,1.85,NA,103,0.0700000000000001,8,0,NA,110,3.5,2.72937191614138,NA,NA,NA
2556463,"Stephen Anderson","HOU","TE",23,0,9,1.84,1.028,2.052,0.905096679918781,47,0.0475000000000001,6,1.024,NA,40.6,5.5,5.54670541026993,NA,1.4,NA
89766,"Brandon Myers","TB","TE",31,7,6,1.835,0.707,2.363,1.46371103705615,48,0.0916666666666666,6,1.656,NA,54.6,8.1,7.33069591370868,NA,NA,NA
2552408,"Darren Waller","BAL","WR",24,1,8,1.82,1.82,1.82,NA,104,0.15,8,0,NA,NA,NA,NA,NA,NA,NA
2543551,"KaDeem Carey","CHI","RB",24,2,9,1.81333333333333,1.572,2.1,0.344286702231343,69,0.0958333333333332,7,0.528,NA,54.3,5.3,4.74417441101667,NA,NA,NA
2550284,"Trey Burton","PHI","TE",25,2,4,1.75,1.01,1.89,0.777817459305202,49,0.0341666666666669,6,0.88,NA,42.3,8.8,6.95647327767009,NA,1.4,NA
2541147,"Charles Johnson","MIN","WR",27,3,6,1.74,0.684,3.084,1.62443836448171,105,0.19,8,2.4,NA,92.7,8.9,6.46875193551306,NA,NA,NA
2541199,"Luke Willson","SEA","TE",26,3,5,1.73666666666667,0.86,2.468,1.011945321316,50,0.136666666666667,6,1.608,NA,NA,NA,4.91714405363691,NA,1.2,NA
2553660,"Akeem Hunt","HOU","RB",23,1,9,1.725,0.09,2.49,1.61786896873634,70,0.0899999999999999,7,2.4,NA,52.8,7.2,7.20815112780012,NA,-0.2,NA
2535890,"Travaris Cadet","NO","RB",27,4,5,1.71,0.171,1.539,1.209152595829,71,0.1925,7,1.368,NA,NA,NA,4.89827877690427,NA,NA,NA
2550405,"Erik Swoope","IND","TE",24,2,10,1.695,0.999,1.791,0.700035713374682,51,0.2375,6,0.792,NA,48.5,8,6.50370486551923,NA,NA,NA
2555408,"Roberto Aguayo","TB","K",22,0,6,1.63333333333333,1.18,1.98,0.55075705472861,27,0.85,7,0.8,NA,23.9,2.8,3.30306017404265,NA,14,NA
2556743,"Chris Hubert","ARI","WR",23,0,9,1.6,1.6,1.6,NA,106,0.12,8,0,NA,NA,NA,NA,NA,NA,NA
2539637,"Caleb Sturgis","PHI","K",27,3,4,1.56666666666667,1.14,1.94,0.513160143944688,28,1.56666666666667,8,0.8,NA,18.4,4,5.71604902149685,NA,1,NA
2552375,"Cameron Artis-Payne","CAR","RB",24,1,7,1.56,0.156,1.404,1.10308657865101,72,0.2225,7,1.248,NA,NA,NA,4.70628553067888,NA,NA,NA
2532835,"Rhett Ellison","MIN","TE",28,4,6,1.505,0.561,1.849,1.13844191771034,52,0.168333333333333,6,1.288,NA,57,3.7,4.94523614115066,NA,-0.2,NA
2556697,"Bryce Treggs","PHI","WR",22,0,4,1.5,1.5,1.5,NA,107,0.085,8,0,NA,86.3,8.9,7.5373116913358,NA,0,NA
2553439,"Mike Davis","SF","RB",23,1,8,1.475,1.265,1.385,0.106066017177982,73,0.296666666666667,7,0.12,NA,78.7,7.5,6.04691914102395,NA,NA,NA
222,"Harry Douglas","TEN","WR",32,8,13,1.46,0.604,2.3,1.06056588668503,108,0.175,8,1.696,NA,99.3,8.1,5.62627336712404,NA,0.3,NA
2534241,"Derek Carrier","WAS","TE",26,4,9,1.41,0.622,1.598,0.862670273047588,53,0.198333333333333,7,0.976,NA,NA,NA,4.61208310024554,NA,NA,NA
81306,"Brandon Tate","BUF","WR",29,7,10,1.37,0.454,1.686,1.08894444302728,109,0.2025,8,1.232,NA,NA,NA,4.47647491026389,NA,4.8,NA
2540259,"MarQueis Gray","MIA","TE",26,3,8,1.26333333333333,0.34,2.252,1.32590849357463,54,0.138333333333333,7,1.912,NA,33.2,2.3,4.48353286751894,NA,0.5,NA
4487,"Matthew Slater","NE","WR",31,8,9,1.2,0.24,2.16,1.69705627484771,110,0.135,8,1.92,NA,NA,NA,5.52545675354871,NA,NA,NA
2540230,"Kyle Juszczyk","BAL","RB",25,3,8,1.2,0.995,1.355,0.318198051533946,74,0.149166666666667,7,0.36,NA,65,5.5,4.85859429928347,NA,3.2,NA
2550521,"Xavier Grimble","PIT","TE",24,2,8,1.16,0.412,1.308,0.791959594928933,55,0.265,7,0.896,NA,NA,NA,4.46757759090522,NA,NA,NA
2534571,"Bobby Rainey","NYG","RB",29,4,8,1.15666666666667,0.636,1.78,0.748754521410945,75,0.2625,7,1.144,NA,63.7,4.7,4.6961485876162,NA,NA,NA
2556612,"Tanner McEvoy","SEA","WR",23,0,5,1.135,0.647,1.023,0.332340187157677,111,0.145,9,0.376,NA,NA,NA,3.17134633780486,NA,NA,NA
497258,"Andrew Quarless","FA","TE",28,6,NA,1.09,1.09,1.09,NA,56,0.39,7,0,NA,NA,NA,NA,NA,NA,NA
2556396,"Chester Rogers","IND","WR",22,0,10,0.995,0.751,1.239,0.431335136523794,112,0.1025,9,0.488,NA,97,12,6.81976804495273,NA,0,NA
2543638,"DeAnthony Thomas","KC","WR",23,2,5,0.985,0.733,1.237,0.445477272147525,113,0.185,9,0.504,NA,NA,NA,3.36650575050902,NA,0,NA
2506874,"Reggie Bush","BUF","RB",31,10,10,0.945,0.421,1.469,0.926309883354377,76,0.108333333333333,7,1.048,NA,76.1,5.7,5.54700674725954,NA,2.1,NA
2552477,"Aaron Ripkowski","GB","RB",NA,NA,4,0.843333333333333,0.52,1.264,0.510522608053094,77,0.0358333333333334,7,0.744,NA,70.5,5.1,4.75659687611056,NA,0.9,NA
2505354,"Tony Romo","DAL","QB",36,13,7,0.832,0.4124,0.8316,0.370523953341751,29,0.368,7,0.4192,NA,NA,NA,4.13523750133463,NA,NA,NA
2555234,"Tyler Ervin","HOU","RB",23,0,9,0.83,0.726,0.934,0.183847763108502,78,0.0949999999999999,7,0.208,NA,78.6,4.9,4.32290315028429,NA,-3,NA
2539235,"Tavarres King","NYG","WR",26,3,8,0.8,0.8,0.8,NA,114,0.00750000000000006,9,0,NA,NA,NA,NA,NA,NA,NA
2553725,"Bradley Marquez","LA","WR",NA,NA,8,0.8,0.8,0.8,NA,114,0.0475000000000001,9,0,NA,114.8,7.4,6.20177286489291,NA,NA,NA
2552631,"Javorius Allen","BAL","RB",25,1,8,0.785,0.293,1.277,0.869741340859453,79,0.105,7,0.984,NA,77.5,2.5,3.2872996075207,NA,NA,NA
2555209,"Chris Moore","BAL","WR",23,0,8,0.785,0.717,0.853,0.120208152801713,116,0.0750000000000001,9,0.136,NA,121.3,3.4,2.72287921668155,NA,NA,NA
2543619,"Walt Powell","BUF","WR",25,2,10,0.72,0.624,0.816,0.169705627484771,117,0.0199999999999998,9,0.192,NA,NA,NA,2.89080468204264,NA,NA,NA
2552408,"Darren Waller","BAL","TE",24,1,8,0.7,0.7,0.7,NA,57,0.025,7,0,NA,NA,NA,NA,NA,NA,NA
2553554,"Matt Lengel","NE","TE",NA,NA,9,0.7,0.7,0.7,NA,57,0.0650000000000001,7,0,NA,56.7,9.5,10.127528234827,NA,NA,NA
2553652,"Chris Harper","SF","WR",NA,NA,8,0.7,1.4,1.4,NA,118,0.01,9,0,NA,NA,NA,NA,NA,3.5,NA
2556882,"Jake Lampman","NO","WR",23,0,5,0.7,0.7,0.7,NA,118,0.0275,9,0,NA,NA,NA,NA,NA,NA,NA
2555230,"Kenyan Drake","MIA","RB",NA,0,8,0.685,0.353,1.017,0.586898628384834,80,0.0225,7,0.664,NA,71.6,6.5,5.79194478848525,NA,0.2,NA
2532978,"Jarius Wright","MIN","WR",27,4,6,0.68,0.68,0.68,NA,120,0.0475,9,0,NA,120.3,9.7,8.24959906543868,NA,NA,NA
2532797,"Brandon Bolden","NE","RB",26,4,9,0.675,0.335,1.015,0.601040764008565,81,0.0349999999999999,7,0.68,NA,NA,NA,3.79751749854532,NA,NA,NA
2555214,"Laquon Treadwell","MIN","WR",21,0,6,0.665,0.397,0.933,0.473761543394987,121,0.0649999999999999,9,0.536,NA,NA,NA,3.41529560368505,NA,NA,NA
2507218,"Brent Celek","PHI","TE",31,9,4,0.65,0.45,0.85,0.353553390593274,59,0.035,7,0.4,NA,44.4,11.8,7.92279568220045,NA,1.9,NA
2540224,"Mike James","TB","RB",25,3,6,0.65,0.13,1.17,0.919238815542512,82,0.0299999999999999,7,1.04,NA,68.8,5.7,5.54060697238536,NA,0.9,NA
2539289,"Kenjon Barner","PHI","RB",27,3,4,0.63,0.334,0.926,0.523259018078045,83,0.035,7,0.592,NA,72,7,6.0794263366091,NA,1.7,NA
2540928,"Darren Fells","ARI","TE",30,4,9,0.62,0.476,0.764,0.254558441227157,60,0.0150000000000001,7,0.288,NA,49,13.4,8.56822258968959,NA,2.2,NA
2555430,"Alex Collins","SEA","RB",22,0,5,0.61,0.298,0.922,0.551543289325507,84,0.0475000000000001,7,0.624,NA,65.9,5.4,5.00077096573312,NA,NA,NA
2555364,"Tyler Higbee","LA","TE",23,0,8,0.61,0.218,1.002,0.692964645562817,61,0.0599999999999999,7,0.784,NA,50.3,8.5,6.72978607881076,NA,0.4,NA
2553621,"Lucky Whitehead","DAL","WR",NA,NA,7,0.6,0.6,0.6,NA,122,0.0225000000000001,9,0,NA,108.6,7.8,6.55791655194435,NA,0,NA
2556404,"Maurice Harris","WAS","WR",24,0,9,0.6,0.2,1,0.707106781186548,123,0.0624999999999999,9,0.8,NA,114.5,1.5,2.38323268663578,NA,1.4,NA
2556818,"Ryan OMalley","OAK","TE",23,2016,10,0.6,0.6,0.6,NA,62,0.1325,7,0,NA,NA,NA,NA,NA,NA,NA
2552382,"Malcolm Brown","LA","RB",23,1,8,0.58,0.324,0.836,0.452548339959391,85,0.1225,7,0.512,NA,83,2,2.56463336795262,NA,NA,NA
2543641,"Devin Street","IND","WR",25,2,10,0.555,0.519,0.591,0.0636396103067893,124,0.0425000000000001,10,0.072,NA,114.5,4.5,3.16378693320124,NA,NA,NA
2550474,"Antonio Andrews","TEN","RB",24,2,13,0.545,0.501,0.589,0.0777817459305202,86,0.1825,7,0.0879999999999999,NA,78.2,4.7,4.08887471837501,NA,NA,NA
2532842,"Nick Foles","KC","QB",27,4,5,0.522,0.2586,0.7754,0.45679098064651,30,0.134,7,0.5168,NA,NA,NA,4.30528934953969,NA,NA,NA
2550162,"James Wright","CIN","WR",25,2,9,0.52,0.296,0.744,0.395979797464467,125,0.015,10,0.448,NA,NA,NA,3.28112350745095,NA,2.2,NA
2555370,"Jordan Payton","CLE","WR",23,0,13,0.505,0.429,0.581,0.134350288425444,126,0.00250000000000006,10,0.152,NA,NA,NA,2.82981736557259,NA,NA,NA
2555413,"Trevor Davis","GB","WR",23,0,4,0.505,0.429,0.581,0.134350288425444,126,0.005,10,0.152,NA,NA,NA,2.82981736557259,NA,NA,NA
2540261,"Corey Fuller","DET","WR",26,3,10,0.5,0.5,0.5,NA,128,0.00750000000000001,10,0,NA,NA,NA,NA,NA,NA,NA
2552403,"Nick OLeary","BUF","TE",24,1,10,0.5,0.5,0.5,0,63,0.0725,7,0,NA,43.4,6.8,5.2284670212641,NA,NA,NA
2556381,"Mike Thomas","LA","WR",22,0,8,0.5,0.5,0.5,NA,128,0.0175,10,0,NA,NA,NA,NA,NA,NA,NA
2535869,"Rod Streater","SF","WR",28,4,8,0.485,0.313,0.657,0.304055915910215,130,0.03,10,0.344,NA,101.5,7,4.48409283123515,NA,0,NA
2535966,"Brenton Bersin","CAR","WR",26,3,7,0.48,0.048,0.432,0.339411254969543,131,0.0549999999999999,11,0.384,NA,NA,NA,3.18354380109887,NA,NA,NA
2555289,"Nick Vannett","SEA","TE",NA,0,5,0.435,0.383,0.487,0.0919238815542512,64,0.025,8,0.104,NA,NA,NA,3.03697304843602,NA,NA,NA
2555362,"Aaron Burbridge","SF","WR",23,0,8,0.43,0.214,0.646,0.381837661840736,132,0.02,11,0.432,NA,106.2,7.2,4.64021480111506,NA,0,NA
1037885,"Marc Mariani","TEN","WR",29,6,13,0.42,0.244,0.596,0.311126983722081,133,0.02,11,0.352,NA,119,12,6.71608960695364,NA,0,NA
2550206,"Ryan Hewitt","CIN","TE",25,2,9,0.42,0.404,0.436,0.0282842712474619,65,0.0525,8,0.032,NA,NA,NA,2.90691809002973,NA,NA,NA
2542065,"Matt McGloin","OAK","QB",27,3,10,0.406,0.1068,0.7052,0.528915872327538,31,0.0790000000000001,7,0.5984,NA,NA,NA,4.44746384557998,NA,NA,NA
2550223,"Freddie Martino","TB","WR",25,2,6,0.4,0.0800000000000001,0.72,0.565685424949238,134,0.015,11,0.64,NA,105.4,5.7,4.13101241071574,NA,NA,NA
2552420,"Keith Mumphery","HOU","WR",24,1,9,0.4,0.32,0.48,0.141421356237309,134,0.03,11,0.16,NA,100.4,10.4,5.85743267332265,NA,1.2,NA
2552622,"Chris Manhertz","CAR","TE",NA,NA,7,0.4,0.16,0.64,0.424264068711929,66,0.08,8,0.48,NA,NA,NA,3.71614894233554,NA,NA,NA
2532900,"Keshawn Martin","FA","WR",26,4,NA,0.37,0.37,0.37,NA,136,0.0025,11,0,NA,NA,NA,NA,NA,NA,NA
2539265,"Rex Burkhead","CIN","RB",26,3,9,0.37,0.186,0.554,0.325269119345812,87,0.0225,7,0.368,NA,83.8,4.3,4.03680322137813,NA,1.4,NA
2556752,"Tommylee Lewis","NO","WR",24,0,5,0.37,0.037,0.333,0.261629509039023,136,0.0125,11,0.296,NA,NA,NA,3.04937170486477,NA,NA,NA
2506546,"Derek Anderson","CAR","QB",33,11,7,0.37,0.154,0.586,0.381837661840736,32,0.087,7,0.432,NA,NA,NA,4.15753938306644,NA,NA,NA
2556519,"Alex Erickson","CIN","WR",24,0,9,0.365,0.313,0.417,0.0919238815542512,138,0.015,11,0.104,NA,NA,NA,2.75663258580854,NA,0.7,NA
2539260,"Denard Robinson","JAC","RB",26,3,5,0.355,0.311,0.399,0.0777817459305202,88,0.02,7,0.088,NA,NA,NA,2.85035081716669,NA,2.5,NA
2556460,"Geronimo Allison","GB","WR",22,0,4,0.35,0.035,0.315,0.247487373415292,139,0.00500000000000006,11,0.28,NA,111,3,2.65458454280191,NA,0,NA
2552425,"Rashad Greene","JAC","WR",24,1,5,0.35,0.15,0.55,0.353553390593274,140,0.015,11,0.4,NA,NA,NA,3.20793872768689,NA,0,NA
2556273,"Darius Jackson","DAL","RB",23,0,7,0.34,0.034,0.306,0.240416305603426,89,0.0125,7,0.272,NA,NA,NA,3.14474046137897,NA,NA,NA
2555478,"Demarcus Robinson","KC","WR",NA,0,5,0.34,0.292,0.388,0.0848528137423857,141,0.00999999999999995,11,0.096,NA,NA,NA,2.74443512251453,NA,NA,NA
497242,"Clay Harbor","DET","TE",29,6,10,0.335,0.227,0.443,0.190918830920368,67,0.0325,8,0.216,NA,59.5,0.5,2.48388770051576,NA,NA,NA
2555331,"Cody Core","CIN","WR",22,0,9,0.33,0.033,0.297,0.233345237791561,142,0.0175,11,0.264,NA,NA,NA,3.00058185168873,NA,NA,NA
2555468,"Rashard Higgins","CLE","WR",22,0,13,0.33,0.033,0.297,0.233345237791561,142,0.0375,11,0.264,NA,127.5,2.5,2.41979727510075,NA,0,NA
2540178,"Knile Davis","KC","RB",25,3,5,0.33,0.033,0.297,0.233345237791561,90,0.0099999999999999,7,0.264,NA,75.2,6.2,5.26490833158137,NA,NA,NA
2495340,"Anthony Sherman","KC","RB",28,5,5,0.325,0.225,0.425,0.176776695296637,91,0.0175,7,0.2,NA,78.5,4.7,4.17847156661353,NA,NA,NA
2539303,"Zach Line","MIN","RB",26,3,6,0.315,0.167,0.463,0.261629509039023,92,0.02,7,0.296,NA,76.1,4.7,4.25526886510369,NA,NA,NA
2552478,"Blake Bell","SF","TE",25,1,8,0.305,0.301,0.309,0.00707106781186548,68,0.00499999999999995,9,0.00800000000000001,NA,NA,NA,2.86356643722764,NA,NA,NA
2543695,"Jay Prosch","HOU","RB",24,2,9,0.3,0.03,0.27,0.212132034355964,93,0.01,7,0.24,NA,NA,NA,3.09354226238553,NA,0.2,NA
2555306,"David Morgan","MIN","TE",23,0,6,0.3,0.3,0.3,0,69,0.0025,9,0,NA,NA,NA,2.8491158862936,NA,NA,NA
2556453,"Hakeem Valles","ARI","TE",24,0,9,0.3,0.14,0.46,0.282842712474619,69,0.0175,9,0.32,NA,NA,NA,3.42713792365489,NA,NA,NA
2552660,"Randall Telfer","CLE","TE",24,1,13,0.295,0.291,0.299,0.00707106781186548,71,0.035,10,0.00800000000000001,NA,NA,NA,2.86356643722764,NA,NA,NA
2556805,"Johnny Holton","OAK","WR",25,0,10,0.295,0.211,0.379,0.148492424049175,144,0.00500000000000006,11,0.168,NA,NA,NA,2.85421229216061,NA,NA,NA
2539315,"Stepfan Taylor","ARI","RB",25,3,9,0.29,0.202,0.378,0.15556349186104,94,0.005,7,0.176,NA,NA,NA,2.99114586439865,NA,NA,NA
2557531,"Troymaine Pope","SEA","RB",23,0,5,0.29,0.029,0.261,0.205060966544099,94,0.015,7,0.232,NA,NA,NA,3.08074271263717,NA,0.3,NA
2495159,"Dwayne Harris","NYG","WR",29,5,8,0.29,0.282,0.298,0.014142135623731,145,0.015,11,0.0160000000000001,NA,NA,NA,2.62246048957443,NA,0,NA
2534436,"Deonte Thompson","CHI","WR",27,4,9,0.29,0.218,0.362,0.127279220613579,145,0.0325,11,0.144,NA,99.2,6.5,4.10903473565288,NA,1,NA
2532888,"Case Keenum","LA","QB",28,4,8,0.284,0.2142,0.3438,0.114551298552221,33,0.00399999999999995,8,0.1296,NA,28.2,1.8,3.98259415281733,NA,NA,NA
2495441,"Blaine Gabbert","SF","QB",27,5,8,0.282,0.2066,0.3074,0.089095454429505,34,0.017,8,0.1008,NA,NA,NA,3.58047819325582,NA,NA,NA
2495472,"Jordan Todman","IND","RB",26,5,10,0.28,0.184,0.376,0.169705627484771,96,0.01,7,0.192,NA,NA,NA,3.01674496389537,NA,0,NA
2505076,"Josh McCown","CLE","QB",37,14,13,0.278,0.2174,0.3086,0.0806101730552664,35,0.032,8,0.0911999999999999,NA,27.9,1.9,4.2005315510778,NA,6.82,NA
2534789,"Daryl Richardson","FA","RB",26,4,NA,0.27,0.027,0.243,0.190918830920368,97,0.005,7,0.216,NA,NA,NA,3.05514361314045,NA,NA,NA
2535535,"Phillip Supernaw","TEN","TE",26,4,13,0.27,0.246,0.294,0.0424264068711929,72,0.03,10,0.048,NA,60,4.1,4.01196363477001,NA,NA,NA
2555227,"Jonathan Williams","BUF","RB",22,0,10,0.27,0.27,0.27,NA,97,0.01,7,0,NA,73.8,7,8.50213022190483,NA,2.6,NA
2495461,"Shaun Draughn","SF","RB",29,5,8,0.26,0.026,0.234,0.183847763108502,99,0.0025,7,0.208,NA,62.3,4.7,4.18487134148771,NA,10.3,NA
2550481,"Orleans Darkwa","NYG","RB",24,2,8,0.26,0.026,0.234,0.183847763108502,99,0.0275,7,0.208,NA,NA,NA,3.04234406339209,NA,NA,NA
2555419,"Pharoh Cooper","LA","WR",21,0,8,0.26,0.026,0.234,0.183847763108502,147,0.00750000000000001,11,0.208,NA,112.9,3.7,2.91132168414888,NA,1,NA
230,"Jerome Felton","BUF","RB",30,8,10,0.255,0.219,0.291,0.0636396103067893,101,0.05,7,0.0720000000000001,NA,76.3,4.4,3.86902745543177,NA,0.2,NA
2555215,"Leonte Carroo","MIA","WR",22,0,8,0.255,0.139,0.371,0.205060966544099,148,0.01,11,0.232,NA,119,2.9,2.57347419203845,NA,NA,NA
2543497,"AJ McCarron","CIN","QB",26,2,9,0.252,0.1566,0.3374,0.15980613254816,36,0.012,8,0.1808,NA,NA,NA,3.71986495407964,NA,NA,NA
2541940,"Rashad Ross","WAS","WR",26,3,9,0.25,0.13,0.37,0.212132034355964,149,0.0375,11,0.24,NA,NA,NA,2.9639894618067,NA,NA,NA
2552462,"Gerald Christian","FA","TE",25,1,NA,0.25,0.13,0.37,0.212132034355964,73,0.025,10,0.24,NA,NA,NA,3.28263241431457,NA,NA,NA
1037347,"Joe Webb","CAR","QB",30,6,7,0.24,0.048,0.432,0.339411254969543,37,0.003,8,0.384,NA,NA,NA,4.07390732657215,NA,NA,NA
2539961,"Ryan Nassib","NYG","QB",26,3,8,0.24,0.064,0.416,0.311126983722081,37,0.017,8,0.352,NA,NA,NA,4.01815262224262,NA,NA,NA
2556190,"Jakeem Grant","MIA","WR",24,0,8,0.24,0.208,0.272,0.0565685424949238,150,0.0725,11,0.0639999999999999,NA,129.3,9.7,5.47262216738859,NA,0,NA
497123,"Colt McCoy","WAS","QB",30,6,9,0.234,0.1702,0.2678,0.0862670273047588,39,0.0285,8,0.0976,NA,NA,NA,3.57490272282287,NA,NA,NA
2552401,"MyCole Pruitt","FA","TE",24,1,NA,0.23,0.23,0.23,NA,74,0.02,11,0,NA,NA,NA,NA,NA,NA,NA
2555486,"Temarrick Hemingway","LA","TE",23,0,8,0.22,0.022,0.198,0.15556349186104,75,0.0225,11,0.176,NA,NA,NA,3.16702800684231,NA,NA,NA
2543801,"Jimmy Garoppolo","NE","QB",25,2,9,0.212,0.0936,0.3304,0.209303607231218,40,0.0155,8,0.2368,NA,NA,NA,3.81743568665632,NA,NA,NA
2495467,"Taiwan Jones","OAK","RB",28,5,10,0.21,0.138,0.282,0.127279220613579,102,0.015,7,0.144,NA,NA,NA,2.93994766540521,NA,NA,NA
71435,"John Phillips","NO","TE",29,7,5,0.2,0.04,0.36,0.282842712474619,76,0.0225,11,0.32,NA,NA,NA,3.42713792365489,NA,0,NA
2555218,"Dan Vitale","CLE","RB",NA,0,13,0.2,0.04,0.36,0.282842712474619,103,0.02,7,0.32,NA,NA,NA,3.22153775986913,NA,NA,NA
2539228,"EJ Manuel","BUF","QB",26,3,10,0.199,0.0862,0.3118,0.199404112294606,41,0.01,8,0.2256,NA,NA,NA,3.79792154014098,NA,NA,NA
2556478,"Ben Braunecker","CHI","TE",22,0,9,0.195,0.191,0.199,0.00707106781186548,77,0.0375,11,0.00800000000000001,NA,NA,NA,2.86356643722764,NA,NA,NA
2539287,"Landry Jones","PIT","QB",27,3,8,0.194,0.0772,0.3108,0.206475180106472,42,0.012,8,0.2336,NA,NA,NA,3.81186021622336,NA,NA,NA
2552464,"Jalston Fowler","TEN","RB",NA,NA,13,0.19,0.105,0.145,0.0353553390593274,104,0.03,7,0.04,NA,NA,NA,2.77355351867653,NA,NA,NA
2535988,"Brittan Golden","ARI","WR",28,4,9,0.185,0.173,0.197,0.0212132034355964,151,0.085,11,0.024,NA,124.7,2.6,2.28135328657204,NA,0,NA
2495425,"Scott Tolzien","IND","QB",29,5,10,0.184,0.0432,0.3248,0.248901586977665,43,0.005,8,0.2816,NA,NA,NA,3.89549227271766,NA,NA,NA
79858,"Mark Sanchez","DAL","QB",30,7,7,0.18,0.036,0.324,0.254558441227157,44,0.00299999999999997,8,0.288,NA,NA,NA,3.90664321358356,NA,NA,NA
2504833,"Shaun Hill","MIN","QB",NA,NA,6,0.178,0.1514,0.1946,0.0381837661840736,45,0.00600000000000001,9,0.0432,NA,NA,NA,3.48011972546268,NA,NA,NA
2539275,"Mike Glennon","TB","QB",27,3,6,0.176,0.1158,0.2262,0.0975807358037435,46,0.00900000000000001,9,0.1104,NA,NA,NA,3.59720460455468,NA,NA,NA
2552647,"Marcus Murphy","NO","RB",25,1,5,0.17,0.017,0.153,0.120208152801713,105,0.035,7,0.136,NA,NA,NA,2.92714811565685,NA,0.3,NA
2556477,"Trevone Boykin","SEA","QB",23,0,5,0.168,0.0464,0.2896,0.21496046148071,47,0.00900000000000001,9,0.2432,NA,NA,NA,3.82858662752222,NA,-0.5,NA
2506562,"Matt Cassel","TEN","QB",34,11,13,0.166,0.0978,0.2242,0.111722871427474,48,0.014,9,0.1264,NA,NA,NA,3.62508195671945,NA,NA,NA
2533353,"Cory Harkey","LA","TE",26,4,8,0.16,0.128,0.192,0.0565685424949238,78,0.00750000000000001,11,0.064,NA,NA,NA,2.96472029376586,NA,NA,NA
79589,"David Johnson","PIT","TE",29,7,8,0.155,0.111,0.199,0.0777817459305202,79,0.0175,11,0.088,NA,NA,NA,3.00807194656796,NA,0,NA
2495443,"Ryan Mallett","BAL","QB",28,5,8,0.152,0.0816,0.2224,0.124450793488832,49,0.001,9,0.1408,NA,NA,NA,3.65017157366773,NA,NA,NA
2506481,"Dan Orlovsky","DET","QB",33,11,10,0.152,0.0496,0.2544,0.181019335983756,49,0.011,9,0.2048,NA,NA,NA,3.76168098232679,NA,NA,NA
2539645,"Brandon Williams","SEA","TE",29,4,5,0.15,0.15,0.15,NA,80,0.0275,11,0,NA,NA,NA,NA,NA,NA,NA
2541828,"Frankie Hammond","FA","WR",NA,NA,NA,0.15,0.015,0.135,0.106066017177982,152,0.125,11,0.12,NA,NA,NA,2.78102751239656,NA,NA,NA
2550540,"George Atkinson","CLE","RB",24,2,13,0.15,0.03,0.27,0.212132034355964,106,0.0325,7,0.24,NA,81.7,8.2,6.6260270949247,NA,NA,NA
2543640,"Tom Savage","HOU","QB",26,2,9,0.15,0.046,0.254,0.183847763108502,51,0.029,9,0.208,NA,NA,NA,3.76725645275974,NA,NA,NA
2495748,"Drew Stanton","ARI","QB",32,9,9,0.132,0.0776,0.1864,0.0961665222413705,52,0.022,9,0.1088,NA,NA,NA,3.59441686933821,NA,NA,NA
2495234,"Luke Stocker","TB","TE",28,5,6,0.125,0.105,0.145,0.0353553390593274,81,0.015,11,0.04,NA,NA,NA,2.92136864096377,NA,NA,NA
2507828,"Logan Paulsen","CHI","TE",29,6,9,0.12,0.104,0.136,0.0282842712474619,82,0.02,11,0.032,NA,52.7,2.2,3.11094842655347,NA,0,NA
2552636,"Michael Burton","DET","RB",24,1,10,0.12,0.056,0.184,0.113137084989848,107,0.0175,7,0.128,NA,NA,NA,2.91434856590849,NA,NA,NA
2508101,"James Develin","NE","RB",28,6,9,0.115,0.101,0.109,0.00707106781186548,108,0.06,7,0.00800000000000001,NA,NA,NA,2.72235531968309,NA,NA,NA
81284,"Chase Daniel","PHI","QB",30,7,4,0.11,0.038,0.182,0.127279220613579,53,0.00299999999999999,9,0.144,NA,NA,NA,3.65574704410069,NA,NA,NA
2539308,"Matt Barkley","CHI","QB",26,3,9,0.11,0.038,0.182,0.127279220613579,53,0.00699999999999999,9,0.144,NA,NA,NA,3.65574704410069,NA,NA,NA
2552588,"Brett Hundley","GB","QB",23,1,4,0.104,0.0272,0.1808,0.135764501987817,55,0.013,9,0.1536,NA,NA,NA,3.67247345539955,NA,-2.64,NA
2506053,"Luke McCown","NO","QB",35,12,5,0.102,0.0556,0.1484,0.0820243866176395,56,0.04,10,0.0928,NA,NA,NA,3.56653951717344,NA,NA,NA
2507405,"Matthew Mulligan","DET","TE",31,8,10,0.1,0.1,0.1,NA,83,0.05,11,0,NA,NA,NA,NA,NA,NA,NA
2553318,"James OShaughnessy","KC","TE",NA,NA,5,0.1,0.01,0.09,0.0707106781186548,83,0.1,11,0.08,NA,NA,NA,2.99362139563393,NA,NA,NA
2553650,"Corey Grant","JAC","RB",NA,NA,5,0.09,0.00900000000000001,0.081,0.0636396103067893,109,0.08,7,0.072,NA,NA,NA,2.82475171766997,NA,NA,NA
252,"Chad Henne","JAC","QB",31,8,5,0.08,0.071,0.079,0.00707106781186547,57,0.058,10,0.00799999999999999,NA,NA,NA,3.41878955070019,NA,-0.2,NA
2506897,"Devin Hester","BAL","WR",34,10,8,0.05,0.01,0.09,0.0707106781186548,153,0.05,11,0.08,NA,NA,NA,2.72004019592651,NA,0,NA
2507282,"Matt Moore","MIA","QB",32,9,8,0.044,0.0152,0.0728,0.0509116882454314,58,0.044,10,0.0576,NA,NA,NA,3.50520934241096,NA,NA,NA
2550235,"Roosevelt Nix","PIT","RB",NA,NA,8,0.02,0.02,0.02,NA,110,0.02,7,0,NA,NA,NA,NA,NA,NA,NA
184,"Donnie Avery","FA","WR",32,8,NA,0,0,0,NA,154,0,11,0,NA,NA,NA,NA,NA,NA,NA
206,"Andre Caldwell","DET","WR",31,8,10,0,0,0,NA,154,0,11,0,NA,NA,NA,NA,NA,NA,NA
216,"Fred Davis","FA","TE",30,8,NA,0,0,0,NA,85,0,0,0,NA,NA,NA,NA,NA,NA,NA
262,"Chris Johnson","ARI","RB",31,8,9,0,0,0,NA,111,0,0,0,NA,NA,NA,NA,NA,NA,NA
264,"Josh Johnson","NYG","QB",30,8,8,0,0,0,0,59,0,11,0,NA,NA,NA,3.40485087461781,NA,NA,NA
284,"Darren McFadden","DAL","RB",29,8,7,0,0,0,NA,111,0,0,0,NA,NA,NA,NA,NA,NA,NA
318,"Jerome Simpson","FA","WR",30,8,NA,0,0,0,NA,154,0,11,0,NA,NA,NA,NA,NA,NA,NA
367,"Matt Flynn","NO","QB",31,8,5,0,0,0,NA,59,0,10,0,NA,NA,NA,NA,NA,NA,NA
925,"Jamaal Charles","KC","RB",30,8,5,0,0,0,NA,111,0,0,0,NA,NA,NA,NA,NA,NA,NA
941,"Ray Rice","FA","RB",29,8,NA,0,0,0,NA,111,0,0,0,NA,NA,NA,NA,NA,NA,NA
1966,"John Carlson","FA","TE",32,8,NA,0,0,0,NA,85,0,0,0,NA,NA,NA,NA,NA,NA,NA
4231,"Jed Collins","FA","RB",30,8,NA,0,0,0,NA,111,0,0,0,NA,NA,NA,NA,NA,NA,NA
4381,"Garrett Hartley","FA","K",30,8,NA,0,0,0,NA,29,0,8,0,NA,NA,NA,NA,NA,NA,NA
4433,"Marcel Reece","FA","RB",31,8,NA,0,0,0,0,111,0,7,0,NA,NA,NA,2.70955576993473,NA,NA,NA
71247,"James Casey","FA","TE",32,7,NA,0,0,0,NA,85,0,0,0,NA,NA,NA,NA,NA,NA,NA
71255,"Chase Coffman","IND","TE",30,7,10,0,0,0,0,85,0,11,0,NA,NA,NA,2.8491158862936,NA,NA,NA
79555,"Arian Foster","FA","RB",30,7,NA,0,0,0,NA,111,0,0,0,NA,NA,NA,NA,NA,NA,NA
79557,"Josh Freeman","FA","QB",28,7,NA,0,0,0,NA,59,0,10,0,NA,NA,NA,NA,NA,NA,NA
79563,"Shonn Greene","FA","RB",31,7,NA,0,0,0,NA,111,0,0,0,NA,NA,NA,NA,NA,NA,NA
79619,"Knowshon Moreno","FA","RB",29,7,NA,0,0,0,NA,111,0,0,0,NA,NA,NA,NA,NA,NA,NA
79625,"Bear Pascoe","NE","TE",30,7,9,0,0,0,NA,85,0,0,0,NA,NA,NA,NA,NA,NA,NA
79629,"Cedric Peerman","CIN","RB",30,7,9,0,0,0,NA,111,0,0,0,NA,NA,NA,NA,NA,NA,NA
80427,"Darrius Heyward-Bey","PIT","WR",29,7,8,0,0,0,NA,154,0,11,0,NA,NA,NA,NA,NA,NA,NA
80674,"Chris Ogbonnaya","FA","RB",30,7,NA,0,0,0,NA,111,0,0,0,NA,NA,NA,NA,NA,NA,NA
81288,"Brandon Gibson","NE","WR",29,7,9,0,0,0,NA,154,0,11,0,NA,NA,NA,NA,NA,NA,NA
81294,"Brian Hoyer","CHI","QB",31,7,9,0,0,0,NA,59,0,10,0,NA,NA,NA,NA,NA,NA,NA
81831,"Brian Hartline","FA","WR",30,7,NA,0,0,0,NA,154,0,11,0,NA,NA,NA,NA,NA,NA,NA
163982,"Will Johnson","NYG","RB",27,5,8,0,0,0,NA,111,0,0,0,NA,NA,NA,NA,NA,NA,NA
496812,"Erik Lorig","FA","RB",30,6,NA,0,0,0,NA,111,0,0,0,NA,NA,NA,NA,NA,NA,NA
497108,"Jimmy Clausen","FA","QB",28,6,NA,0,0,0,NA,59,0,10,0,NA,NA,NA,NA,NA,NA,NA
497121,"Thad Lewis","SF","QB",29,6,8,0,0,0,NA,59,0,10,0,NA,NA,NA,NA,NA,NA,NA
497145,"Joique Bell","FA","RB",30,6,NA,0,0,0,0,111,0,7,0,NA,NA,NA,2.70955576993473,NA,NA,NA
497172,"Anthony Dixon","FA","RB",29,6,NA,0,0,0,NA,111,0,0,0,NA,NA,NA,NA,NA,NA,NA
497174,"Jonathan Dwyer","FA","RB",27,6,NA,0,0,0,NA,111,0,0,0,NA,NA,NA,NA,NA,NA,NA
497176,"Toby Gerhart","FA","RB",29,6,NA,0,0,0,NA,111,0,0,0,NA,NA,NA,NA,NA,NA,NA
497218,"Trindon Holliday","FA","WR",30,6,NA,0,0,0,NA,154,0,11,0,NA,NA,NA,NA,NA,NA,NA
497226,"Jim Dray","FA","TE",30,6,NA,0,0,0,0,85,0,11,0,NA,NA,NA,2.8491158862936,NA,NA,NA
497240,"Rob Gronkowski","NE","TE",27,6,9,0,0,0,NA,85,0,0,0,NA,NA,NA,NA,NA,NA,NA
497246,"Michael Hoomanawanui","NO","TE",28,6,5,0,0,0,NA,85,0,0,0,NA,NA,NA,NA,NA,NA,NA
497250,"Anthony McCoy","FA","TE",29,6,NA,0,0,0,NA,85,0,0,0,NA,NA,NA,NA,NA,NA,NA
497256,"Tony Moeaki","FA","TE",29,6,NA,0,0,0,0,85,0,11,0,NA,NA,NA,2.8491158862936,NA,NA,NA
497260,"Seyi Ajirotutu","PHI","WR",29,6,4,0,0,0,NA,154,0,11,0,NA,NA,NA,NA,NA,NA,NA
497282,"Riley Cooper","FA","WR",29,6,NA,0,0,0,0,154,0,11,0,NA,NA,NA,2.59806556298641,NA,NA,NA
497286,"Marcus Easley","BUF","WR",29,6,10,0,0,0,NA,154,0,11,0,NA,NA,NA,NA,NA,NA,NA
497288,"Jacoby Ford","FA","WR",29,6,NA,0,0,0,NA,154,0,11,0,NA,NA,NA,NA,NA,NA,NA
1037366,"Michael Palmer","FA","TE",28,6,NA,0,0,0,NA,85,0,0,0,NA,NA,NA,NA,NA,NA,NA
1037847,"Deji Karim","FA","RB",30,6,NA,0,0,0,NA,111,0,0,0,NA,NA,NA,NA,NA,NA,NA
2495158,"Leonard Hankerson","FA","WR",28,5,NA,0,0,0,NA,154,0,11,0,NA,NA,NA,NA,NA,NA,NA
2495161,"Roy Helu","FA","RB",28,5,NA,0,0,0,NA,111,0,0,0,NA,NA,NA,NA,NA,NA,NA
2495162,"Alex Henery","FA","K",29,5,NA,0,0,0,NA,29,0,8,0,NA,NA,NA,NA,NA,NA,NA
2495172,"Kendall Hunter","NO","RB",28,5,5,0,0,0,NA,111,0,0,0,NA,NA,NA,NA,NA,NA,NA
2495179,"Jerrel Jernigan","FA","WR",27,5,NA,0,0,0,NA,154,0,11,0,NA,NA,NA,NA,NA,NA,NA
2495181,"Jerrod Johnson","DAL","QB",28,5,7,0,0,0,NA,59,0,10,0,NA,NA,NA,NA,NA,NA,NA
2495192,"Greg Little","FA","WR",27,5,NA,0,0,0,NA,154,0,11,0,NA,NA,NA,NA,NA,NA,NA
2495211,"Niles Paul","WAS","TE",27,5,9,0,0,0,NA,85,0,0,0,NA,NA,NA,NA,NA,NA,NA
2495215,"Christian Ponder","SF","QB",28,5,8,0,0,0,0,59,0,10,0,NA,NA,NA,3.40485087461781,NA,NA,NA
2495267,"Jordan Cameron","MIA","TE",28,5,8,0,0,0,NA,85,0,0,0,NA,NA,NA,NA,NA,NA,NA
2495306,"Ricardo Lockette","FA","WR",30,5,NA,0,0,0,NA,154,0,11,0,NA,NA,NA,NA,NA,NA,NA
2495314,"Bruce Miller","FA","RB",29,5,NA,0,0,0,0,111,0,7,0,NA,NA,NA,2.70955576993473,NA,NA,NA
2495449,"Tandon Doss","FA","WR",27,5,NA,0,0,0,NA,154,0,11,0,NA,NA,NA,NA,NA,NA,NA
2495558,"Dwayne Bowe","FA","WR",32,9,NA,0,0,0,0,154,0,11,0,NA,NA,NA,2.59806556298641,NA,NA,NA
2495560,"Ahmad Bradshaw","FA","RB",30,9,NA,0,0,0,NA,111,0,0,0,NA,NA,NA,NA,NA,NA,NA
2495573,"Scott Chandler","FA","TE",31,9,NA,0,0,0,NA,85,0,0,0,NA,NA,NA,NA,NA,NA,NA
2495651,"Jacoby Jones","FA","WR",32,9,NA,0,0,0,NA,154,0,11,0,NA,NA,NA,NA,NA,NA,NA
2495660,"Brian Leonard","FA","RB",32,9,NA,0,0,0,NA,111,0,0,0,NA,NA,NA,NA,NA,NA,NA
2495663,"Marshawn Lynch","FA","RB",30,9,NA,0,0,0,NA,111,0,0,0,NA,NA,NA,NA,NA,NA,NA
2495801,"Miles Austin","FA","WR",32,10,NA,0,0,0,NA,154,0,11,0,NA,NA,NA,NA,NA,NA,NA
2495802,"Jason Avant","KC","WR",33,10,5,0,0,0,NA,154,0,11,0,NA,NA,NA,NA,NA,NA,NA
2495821,"Marques Colston","FA","WR",33,10,NA,0,0,0,NA,154,0,11,0,NA,NA,NA,NA,NA,NA,NA
2495825,"Owen Daniels","FA","TE",34,10,NA,0,0,0,NA,85,0,0,0,NA,NA,NA,NA,NA,NA,NA
2495838,"Bruce Gradkowski","PIT","QB",33,10,8,0,0,0,NA,59,0,10,0,NA,NA,NA,NA,NA,NA,NA
2495843,"Derek Hagan","FA","WR",32,10,NA,0,0,0,NA,154,0,11,0,NA,NA,NA,NA,NA,NA,NA
2495863,"Tarvaris Jackson","FA","QB",33,10,NA,0,0,0,NA,59,0,10,0,NA,NA,NA,NA,NA,NA,NA
2495867,"Greg Jennings","FA","WR",33,10,NA,0,0,0,NA,154,0,11,0,NA,NA,NA,NA,NA,NA,NA
2499248,"Kris Durham","FA","WR",28,5,NA,0,0,0,NA,154,0,11,0,NA,NA,NA,NA,NA,NA,NA
2499255,"Richard Gordon","BAL","TE",29,5,8,0,0,0,NA,85,0,0,0,NA,NA,NA,NA,NA,NA,NA
2499277,"David Ausberry","FA","TE",29,5,NA,0,0,0,NA,85,0,0,0,NA,NA,NA,NA,NA,NA,NA
2504162,"Shayne Graham","FA","K",NA,NA,NA,0,0,0,NA,29,0,8,0,NA,NA,NA,NA,NA,NA,NA
2504941,"Billy Cundiff","FA","K",36,14,NA,0,0,0,NA,29,0,8,0,NA,NA,NA,NA,NA,NA,NA
2505459,"Josh Brown","FA","K",37,13,NA,0,0,0,NA,29,0,8,0,NA,NA,NA,NA,NA,NA,NA
2505551,"Andre Johnson","FA","WR",35,13,NA,0,0,0,NA,154,0,11,0,NA,NA,NA,NA,NA,NA,NA
2505936,"Steven Jackson","NE","RB",33,12,9,0,0,0,NA,111,0,0,0,NA,NA,NA,NA,NA,NA,NA
2506004,"Jerricho Cotchery","FA","WR",34,12,NA,0,0,0,NA,154,0,11,0,NA,NA,NA,NA,NA,NA,NA
2506063,"Josh Scobee","FA","K",34,12,NA,0,0,0,NA,29,0,8,0,NA,NA,NA,NA,NA,NA,NA
2506222,"Josh Cribbs","FA","WR",33,11,NA,0,0,0,NA,154,0,11,0,NA,NA,NA,NA,NA,NA,NA
2506341,"Ronnie Brown","FA","RB",35,11,NA,0,0,0,NA,111,0,0,0,NA,NA,NA,NA,NA,NA,NA
2506400,"Vincent Jackson","TB","WR",33,11,6,0,0,0,NA,154,0,11,0,NA,NA,NA,NA,NA,NA,NA
2506619,"Daniel Fells","NYG","TE",33,10,8,0,0,0,NA,85,0,0,0,NA,NA,NA,NA,NA,NA,NA
2506871,"Fred Jackson","FA","RB",35,10,NA,0,0,0,NA,111,0,0,0,NA,NA,NA,NA,NA,NA,NA
2506885,"Santonio Holmes","FA","WR",32,10,NA,0,0,0,NA,154,0,11,0,NA,NA,NA,NA,NA,NA,NA
2507164,"Adrian Peterson","MIN","RB",31,9,6,0,0,0,NA,111,0,0,0,NA,NA,NA,NA,NA,NA,NA
2507170,"Zach Miller","FA","TE",31,9,NA,0,0,0,NA,85,0,0,0,NA,NA,NA,NA,NA,NA,NA
2507183,"James Jones","FA","WR",32,9,NA,0,0,0,NA,154,0,11,0,NA,NA,NA,NA,NA,NA,NA
2507237,"Jordan Palmer","FA","QB",32,9,NA,0,0,0,NA,59,0,10,0,NA,NA,NA,NA,NA,NA,NA
2507278,"Jackie Battle","FA","RB",33,9,NA,0,0,0,NA,111,0,0,0,NA,NA,NA,NA,NA,NA,NA
2507486,"Kellen Davis","FA","TE",31,8,NA,0,0,0,NA,85,0,11,0,NA,NA,NA,NA,NA,NA,NA
2507779,"Donald Brown","FA","RB",29,7,NA,0,0,0,NA,111,0,0,0,NA,NA,NA,NA,NA,NA,NA
2508051,"John Conner","FA","RB",29,6,NA,0,0,0,NA,111,0,0,0,NA,NA,NA,NA,NA,NA,NA
2508096,"Tyler Clutts","FA","RB",32,6,NA,0,0,0,NA,111,0,0,0,NA,NA,NA,NA,NA,NA,NA
2508112,"Rob Housler","FA","TE",28,5,NA,0,0,0,0,85,0,11,0,NA,NA,NA,2.8491158862936,NA,NA,NA
2508115,"Vincent Brown","FA","WR",27,5,NA,0,0,0,NA,154,0,11,0,NA,NA,NA,NA,NA,NA,NA
2530515,"Chris Hogan","NE","WR",28,5,9,0,0,0,NA,154,0,11,0,NA,NA,NA,NA,NA,NA,NA
2530516,"Robert Hughes","FA","RB",27,5,NA,0,0,0,NA,111,0,0,0,NA,NA,NA,NA,NA,NA,NA
2530575,"Drew Davis","FA","WR",27,4,NA,0,0,0,NA,154,0,11,0,NA,NA,NA,NA,NA,NA,NA
2530699,"Henry Hynoski","FA","RB",28,5,NA,0,0,0,NA,111,0,0,0,NA,NA,NA,NA,NA,NA,NA
2531218,"Chase Reynolds","LA","RB",29,4,8,0,0,0,NA,111,0,0,0,NA,NA,NA,NA,NA,NA,NA
2532799,"Jarrett Boykin","FA","WR",27,4,NA,0,0,0,NA,154,0,11,0,NA,NA,NA,NA,NA,NA,NA
2532802,"LaVon Brazill","FA","WR",27,4,NA,0,0,0,NA,154,0,11,0,NA,NA,NA,NA,NA,NA,NA
2532807,"Ryan Broyles","FA","WR",28,4,NA,0,0,0,NA,154,0,11,0,NA,NA,NA,NA,NA,NA,NA
2532823,"Juron Criner","FA","WR",27,4,NA,0,0,0,NA,154,0,11,0,NA,NA,NA,NA,NA,NA,NA
2532850,"T.J. Graham","FA","WR",27,4,NA,0,0,0,NA,154,0,11,0,NA,NA,NA,NA,NA,NA,NA
2532862,"Junior Hemingway","FA","WR",28,4,NA,0,0,0,NA,154,0,11,0,NA,NA,NA,NA,NA,NA,NA
2532864,"Dan Herron","FA","RB",27,4,NA,0,0,0,0,111,0,7,0,NA,NA,NA,2.70955576993473,NA,NA,NA
2532876,"A.J. Jenkins","FA","WR",26,4,NA,0,0,0,NA,154,0,11,0,NA,NA,NA,NA,NA,NA,NA
2532894,"Ryan Lindley","FA","QB",27,4,NA,0,0,0,NA,59,0,10,0,NA,NA,NA,NA,NA,NA,NA
2532917,"Kellen Moore","DAL","QB",27,4,7,0,0,0,NA,59,0,10,0,NA,NA,NA,NA,NA,NA,NA
2532926,"Isaiah Pead","FA","RB",27,4,NA,0,0,0,0,111,0,7,0,NA,NA,NA,2.70955576993473,NA,NA,NA
2532960,"Nick Toon","FA","WR",28,4,NA,0,0,0,NA,154,0,11,0,NA,NA,NA,NA,NA,NA,NA
2532968,"Blair Walsh","FA","K",26,4,NA,0,0,0,NA,29,0,8,0,NA,NA,NA,NA,NA,NA,NA
2532970,"Brandon Weeden","HOU","QB",33,4,9,0,0,0,NA,59,0,10,0,NA,NA,NA,NA,NA,NA,NA
2533012,"Vick Ballard","FA","RB",26,4,NA,0,0,0,NA,111,0,0,0,NA,NA,NA,NA,NA,NA,NA
2533028,"James Hanna","DAL","TE",27,4,7,0,0,0,NA,85,0,11,0,NA,NA,NA,NA,NA,NA,NA
2533030,"Jonas Gray","FA","RB",26,4,NA,0,0,0,NA,111,0,0,0,NA,NA,NA,NA,NA,NA,NA
2533032,"Trent Richardson","FA","RB",25,4,NA,0,0,0,NA,111,0,0,0,NA,NA,NA,NA,NA,NA,NA
2533033,"Robert Griffin","CLE","QB",26,4,13,0,0,0,NA,59,0,10,0,NA,NA,NA,NA,NA,NA,NA
2533036,"LaMichael James","FA","RB",27,4,NA,0,0,0,NA,111,0,0,0,NA,NA,NA,NA,NA,NA,NA
2533037,"Chris Polk","HOU","RB",27,4,9,0,0,0,NA,111,0,0,0,NA,NA,NA,NA,NA,NA,NA
2533038,"Justin Blackmon","JAC","WR",26,4,5,0,0,0,NA,154,0,11,0,NA,NA,NA,NA,NA,NA,NA
2533039,"Alshon Jeffery","CHI","WR",26,4,9,0,0,0,NA,154,0,11,0,NA,NA,NA,NA,NA,NA,NA
2533047,"Orson Charles","DET","TE",25,4,10,0,0,0,0,85,0,11,0,NA,NA,NA,2.8491158862936,NA,NA,NA
2533444,"Randy Bullock","FA","K",27,4,NA,0,0,0,0,29,0,9,0,NA,NA,NA,1.32861326753628,NA,NA,NA
2533533,"Rueben Randle","FA","WR",25,4,NA,0,0,0,NA,154,0,11,0,NA,NA,NA,NA,NA,NA,NA
2533537,"Stephen Hill","FA","WR",25,4,NA,0,0,0,NA,154,0,11,0,NA,NA,NA,NA,NA,NA,NA
2533540,"Edwin Baker","FA","RB",25,4,NA,0,0,0,NA,111,0,0,0,NA,NA,NA,NA,NA,NA,NA
2533545,"Bernard Pierce","FA","RB",25,4,NA,0,0,0,NA,111,0,0,0,NA,NA,NA,NA,NA,NA,NA
2534244,"Chase Ford","FA","TE",26,4,NA,0,0,0,NA,85,0,11,0,NA,NA,NA,NA,NA,NA,NA
2534437,"Austin Johnson","FA","RB",27,3,NA,0,0,0,0,111,0,7,0,NA,NA,NA,2.70955576993473,NA,NA,NA
2534770,"Jonathan Grimes","HOU","RB",27,4,9,0,0,0,NA,111,0,0,0,NA,NA,NA,NA,NA,NA,NA
2534796,"Bryce Brown","FA","RB",25,4,NA,0,0,0,NA,111,0,0,0,NA,NA,NA,NA,NA,NA,NA
2534870,"Alex Tanney","FA","QB",29,4,NA,0,0,0,NA,59,0,10,0,NA,NA,NA,NA,NA,NA,NA
2534871,"Derrick Coleman","FA","RB",26,4,NA,0,0,0,NA,111,0,0,0,NA,NA,NA,NA,NA,NA,NA
2535634,"Chris Givens","FA","WR",27,4,NA,0,0,0,0,154,0,11,0,NA,NA,NA,2.59806556298641,NA,NA,NA
2535696,"Joe Banyard","JAC","RB",28,4,5,0,0,0,0,111,0,7,0,NA,NA,NA,2.70955576993473,NA,NA,NA
2535882,"Mike Brown","FA","WR",27,4,NA,0,0,0,NA,154,0,11,0,NA,NA,NA,NA,NA,NA,NA
2536031,"Damaris Johnson","FA","WR",27,4,NA,0,0,0,NA,154,0,11,0,NA,NA,NA,NA,NA,NA,NA
2536071,"Cooper Helfet","FA","TE",27,5,NA,0,0,0,NA,85,0,11,0,NA,NA,NA,NA,NA,NA,NA
2536532,"Jorvorskie Lane","FA","RB",29,4,NA,0,0,0,NA,111,0,0,0,NA,NA,NA,NA,NA,NA,NA
2537931,"Josh Gordon","CLE","WR",25,4,13,0,0,0,NA,154,0,11,0,NA,NA,NA,NA,NA,NA,NA
2539202,"Chris Gragg","BUF","TE",26,3,10,0,0,0,NA,85,0,11,0,NA,NA,NA,NA,NA,NA,NA
2539246,"Chris Harper","FA","WR",27,3,NA,0,0,0,NA,154,0,11,0,NA,NA,NA,NA,NA,NA,NA
2539256,"Aaron Dobson","FA","WR",25,3,NA,0,0,0,0,154,0,11,0,NA,NA,NA,2.59806556298641,NA,NA,NA
2539258,"Zac Dysert","FA","QB",26,3,NA,0,0,0,NA,59,0,10,0,NA,NA,NA,NA,NA,NA,NA
2539327,"Joseph Fauria","FA","TE",26,3,NA,0,0,0,NA,85,0,11,0,NA,NA,NA,NA,NA,NA,NA
2539341,"Montee Ball","FA","RB",26,3,NA,0,0,0,NA,111,0,0,0,NA,NA,NA,NA,NA,NA,NA
2539674,"Rodney Smith","FA","WR",26,3,NA,0,0,0,NA,154,0,11,0,NA,NA,NA,NA,NA,NA,NA
2539980,"Kerwynn Williams","ARI","RB",25,3,9,0,0,0,NA,111,0,0,0,NA,NA,NA,NA,NA,NA,NA
2540005,"Marlon Brown","FA","WR",25,3,NA,0,0,0,NA,154,0,11,0,NA,NA,NA,NA,NA,NA,NA
2540157,"Stedman Bailey","LA","WR",26,3,8,0,0,0,NA,154,0,11,0,NA,NA,NA,NA,NA,NA,NA
2540168,"Eddie Lacy","GB","RB",25,3,4,0,0,0,NA,111,0,0,0,NA,NA,NA,NA,NA,NA,NA
2540171,"Joseph Randle","FA","RB",25,3,NA,0,0,0,NA,111,0,0,0,NA,NA,NA,NA,NA,NA,NA
2540173,"Tyler Bray","KC","QB",25,3,5,0,0,0,NA,59,0,10,0,NA,NA,NA,NA,NA,NA,NA
2540181,"Josh Boyce","FA","WR",25,3,NA,0,0,0,NA,154,0,11,0,NA,NA,NA,NA,NA,NA,NA
2540225,"Tommy Bohanon","FA","RB",26,3,NA,0,0,0,NA,111,0,0,0,NA,NA,NA,NA,NA,NA,NA
2540233,"Nick Kasa","FA","TE",26,3,NA,0,0,0,NA,85,0,11,0,NA,NA,NA,NA,NA,NA,NA
2540257,"Justice Cunningham","FA","TE",25,3,NA,0,0,0,NA,85,0,11,0,NA,NA,NA,NA,NA,NA,NA
2540263,"Sean Renfree","FA","QB",26,3,NA,0,0,0,NA,59,0,10,0,NA,NA,NA,NA,NA,NA,NA
2541096,"Ifeanyi Momah","FA","TE",27,3,NA,0,0,0,NA,85,0,11,0,NA,NA,NA,NA,NA,NA,NA
2541185,"Ryan Griffin","TB","QB",27,3,6,0,0,0,NA,59,0,10,0,NA,NA,NA,NA,NA,NA,NA
2541314,"Justin Brown","FA","WR",25,3,NA,0,0,0,NA,154,0,11,0,NA,NA,NA,NA,NA,NA,NA
2541390,"Kevin Dorsey","NE","WR",26,3,9,0,0,0,NA,154,0,11,0,NA,NA,NA,NA,NA,NA,NA
2541429,"B.J. Daniels","FA","QB",27,3,NA,0,0,0,NA,59,0,10,0,NA,NA,NA,NA,NA,NA,NA
2541432,"Michael Cox","FA","RB",27,3,NA,0,0,0,NA,111,0,0,0,NA,NA,NA,NA,NA,NA,NA
2541512,"Brian Leonhardt","OAK","TE",26,3,10,0,0,0,NA,85,0,11,0,NA,NA,NA,NA,NA,NA,NA
2541778,"Kendall Gaskins","FA","RB",26,3,NA,0,0,0,NA,111,0,0,0,NA,NA,NA,NA,NA,NA,NA
2541910,"George Winn","FA","RB",26,3,NA,0,0,0,NA,111,0,0,0,NA,NA,NA,NA,NA,NA,NA
2541966,"Jaron Brown","ARI","WR",26,3,9,0,0,0,NA,154,0,11,0,NA,NA,NA,NA,NA,NA,NA
2542060,"Jordan Gay","BUF","K",NA,NA,10,0,0,0,NA,29,0,8,0,NA,NA,NA,NA,NA,NA,NA
2543462,"Johnny Manziel","FA","QB",24,2,NA,0,0,0,NA,59,0,10,0,NA,NA,NA,NA,NA,NA,NA
2543465,"Teddy Bridgewater","MIN","QB",24,2,6,0,0,0,NA,59,0,10,0,NA,NA,NA,NA,NA,NA,NA
2543481,"Jace Amaro","TEN","TE",24,2,13,0,0,0,0,85,0,11,0,NA,NA,NA,2.8491158862936,NA,NA,NA
2543502,"Tre Mason","LA","RB",23,2,8,0,0,0,NA,111,0,0,0,NA,NA,NA,NA,NA,NA,NA
2543533,"Patrick Murray","CLE","K",25,2,13,0,0,0,NA,29,0,8,0,NA,NA,NA,NA,NA,NA,NA
2543570,"Storm Johnson","FA","RB",24,2,NA,0,0,0,NA,111,0,0,0,NA,NA,NA,NA,NA,NA,NA
2543572,"Martavis Bryant","PIT","WR",25,2,8,0,0,0,NA,154,0,11,0,NA,NA,NA,NA,NA,NA,NA
2543587,"Aaron Murray","FA","QB",26,2,NA,0,0,0,0,59,0,10,0,NA,NA,NA,3.40485087461781,NA,NA,NA
2543596,"Dri Archer","BUF","RB",25,2,10,0,0,0,NA,111,0,0,0,NA,NA,NA,NA,NA,NA,NA
2543600,"Alfred Blue","HOU","RB",25,2,9,0,0,0,NA,111,0,0,0,NA,NA,NA,NA,NA,NA,NA
2543605,"Zach Mettenberger","PIT","QB",25,2,8,0,0,0,0,59,0,10,0,NA,NA,NA,3.40485087461781,NA,NA,NA
2543628,"Troy Niklas","ARI","TE",24,2,9,0,0,0,NA,85,0,11,0,NA,NA,NA,NA,NA,NA,NA
2543646,"Bruce Ellington","SF","WR",25,2,8,0,0,0,NA,154,0,11,0,NA,NA,NA,NA,NA,NA,NA
2543655,"Tyler Gaffney","FA","RB",25,2,NA,0,0,0,NA,111,0,0,0,NA,NA,NA,NA,NA,NA,NA
2543690,"Marion Grice","FA","RB",24,2,NA,0,0,0,NA,111,0,0,0,NA,NA,NA,NA,NA,NA,NA
2543746,"Josh Huff","FA","WR",25,2,NA,0,0,0,0,154,0,11,0,NA,NA,NA,2.59806556298641,NA,NA,NA
2543751,"David Fales","FA","QB",26,2,NA,0,0,0,0,59,0,10,0,NA,NA,NA,3.40485087461781,NA,NA,NA
2543767,"Logan Thomas","FA","QB",25,2,NA,0,0,0,NA,59,0,10,0,NA,NA,NA,NA,NA,NA,NA
2543774,"Jared Abbrederis","FA","WR",26,2,NA,0,0,0,NA,154,0,11,0,NA,NA,NA,NA,NA,NA,NA
2543777,"Robert Herron","FA","WR",24,2,NA,0,0,0,NA,154,0,11,0,NA,NA,NA,NA,NA,NA,NA
2543781,"Zach Hocker","FA","K",25,2,NA,0,0,0,NA,29,0,8,0,NA,NA,NA,NA,NA,NA,NA
2543784,"Keith Wenning","FA","QB",25,2,NA,0,0,0,NA,59,0,10,0,NA,NA,NA,NA,NA,NA,NA
2543792,"Matt Hazel","FA","WR",24,2,NA,0,0,0,NA,154,0,11,0,NA,NA,NA,NA,NA,NA,NA
2543794,"Crockett Gillmore","BAL","TE",25,2,8,0,0,0,NA,85,0,11,0,NA,NA,NA,NA,NA,NA,NA
2543836,"T.J. Jones","FA","WR",24,2,NA,0,0,0,0,154,0,11,0,NA,NA,NA,2.59806556298641,NA,NA,NA
2550158,"Nate Freese","FA","K",26,2,NA,0,0,0,NA,29,0,8,0,NA,NA,NA,NA,NA,NA,NA
2550163,"Michael Campanaro","BAL","WR",25,2,8,0,0,0,NA,154,0,11,0,NA,NA,NA,NA,NA,NA,NA
2550216,"Jonathan Krause","FA","WR",NA,NA,NA,0,0,0,0,154,0,11,0,NA,NA,NA,2.59806556298641,NA,NA,NA
2550233,"Rajion Neal","CLE","RB",24,2,13,0,0,0,NA,111,0,0,0,NA,NA,NA,NA,NA,NA,NA
2550243,"Justin Perillo","FA","TE",25,2,NA,0,0,0,0,85,0,11,0,NA,NA,NA,2.8491158862936,NA,NA,NA
2550247,"Bryn Renner","FA","QB",26,2,NA,0,0,0,NA,59,0,10,0,NA,NA,NA,NA,NA,NA,NA
2550310,"Carey Spear","FA","K",24,2,NA,0,0,0,NA,29,0,8,0,NA,NA,NA,NA,NA,NA,NA
2550330,"Kain Colter","FA","WR",24,2,NA,0,0,0,NA,154,0,11,0,NA,NA,NA,NA,NA,NA,NA
2550355,"Nic Jacobs","FA","TE",25,2,NA,0,0,0,0,85,0,11,0,NA,NA,NA,2.8491158862936,NA,NA,NA
2550356,"Marcel Jensen","WAS","TE",26,2,9,0,0,0,0,85,0,11,0,NA,NA,NA,2.8491158862936,NA,NA,NA
2550359,"Seantavius Jones","FA","WR",24,2,NA,0,0,0,NA,154,0,11,0,NA,NA,NA,NA,NA,NA,NA
2550376,"Stephen Morris","FA","QB",24,2,NA,0,0,0,NA,59,0,10,0,NA,NA,NA,NA,NA,NA,NA
2550485,"Gator Hoskins","FA","TE",25,2,NA,0,0,0,NA,85,0,11,0,NA,NA,NA,NA,NA,NA,NA
2550529,"Silas Redd","WAS","RB",24,2,9,0,0,0,NA,111,0,7,0,NA,NA,NA,NA,NA,NA,NA
2550551,"Travis Coons","FA","K",24,2,NA,0,0,0,NA,29,0,8,0,NA,NA,NA,NA,NA,NA,NA
2550596,"Darrin Reaves","FA","RB",23,2,NA,0,0,0,NA,111,0,7,0,NA,NA,NA,NA,NA,NA,NA
2550608,"RaShaun Allen","SEA","TE",26,2,5,0,0,0,0,85,0,11,0,NA,NA,NA,2.8491158862936,NA,NA,NA
2551247,"Josh Harris","PIT","RB",25,2,8,0,0,0,NA,111,0,7,0,NA,NA,NA,NA,NA,NA,NA
2551359,"Jerome Cunningham","FA","TE",25,2,NA,0,0,0,0,85,0,11,0,NA,NA,NA,2.8491158862936,NA,NA,NA
2552371,"Garrett Grayson","FA","QB",25,1,NA,0,0,0,0,59,0,10,0,NA,NA,NA,3.40485087461781,NA,NA,NA
2552374,"Ameer Abdullah","DET","RB",23,1,10,0,0,0,NA,111,0,7,0,NA,NA,NA,NA,NA,NA,NA
2552376,"David Cobb","FA","RB",23,1,NA,0,0,0,0,111,0,7,0,NA,NA,NA,2.70955576993473,NA,NA,NA
2552380,"Karlos Williams","FA","RB",23,1,NA,0,0,0,NA,111,0,7,0,NA,NA,NA,NA,NA,NA,NA
2552383,"Terrence Magee","BAL","RB",23,1,8,0,0,0,NA,111,0,7,0,NA,NA,NA,NA,NA,NA,NA
2552402,"Nick Boyle","BAL","TE",23,1,8,0,0,0,NA,85,0,11,0,NA,NA,NA,NA,NA,NA,NA
2552411,"Dezmin Lewis","FA","WR",24,1,NA,0,0,0,NA,154,0,11,0,NA,NA,NA,NA,NA,NA,NA
2552421,"Kenny Bell","FA","WR",24,1,NA,0,0,0,0,154,0,11,0,NA,NA,NA,2.59806556298641,NA,NA,NA
2552431,"Vince Mayle","FA","WR",NA,NA,NA,0,0,0,NA,154,0,11,0,NA,NA,NA,NA,NA,NA,NA
2552476,"Kenny Hilliard","FA","RB",25,1,NA,0,0,0,NA,111,0,7,0,NA,NA,NA,NA,NA,NA,NA
2552479,"DaRon Brown","KC","WR",25,1,5,0,0,0,NA,154,0,11,0,NA,NA,NA,NA,NA,NA,NA
2552576,"Sean Mannion","LA","QB",24,1,8,0,0,0,0,59,0,10,0,NA,NA,NA,3.40485087461781,NA,NA,NA
2552616,"Duron Carter","FA","WR",25,1,NA,0,0,0,NA,154,0,11,0,NA,NA,NA,NA,NA,NA,NA
2552634,"Joey Iosefa","FA","RB",NA,NA,NA,0,0,0,0,111,0,7,0,NA,NA,NA,2.70955576993473,NA,NA,NA
2552650,"Mario Alford","FA","WR",NA,NA,NA,0,0,0,NA,154,0,11,0,NA,NA,NA,NA,NA,NA,NA
2552651,"Kaelin Clay","BAL","WR",24,1,8,0,0,0,NA,154,0,11,0,NA,NA,NA,NA,NA,NA,NA
2553117,"Jarryd Hayne","FA","RB",28,1,NA,0,0,0,NA,111,0,7,0,NA,NA,NA,NA,NA,NA,NA
2553289,"Evan Spencer","FA","WR",NA,NA,NA,0,0,0,NA,154,0,11,0,NA,NA,NA,NA,NA,NA,NA
2553292,"Kennard Backman","FA","TE",23,1,NA,0,0,0,NA,85,0,11,0,NA,NA,NA,NA,NA,NA,NA
2553446,"Malcolm Johnson","FA","RB",24,1,NA,0,0,0,NA,111,0,7,0,NA,NA,NA,NA,NA,NA,NA
2553453,"Andre Debose","FA","WR",NA,NA,NA,0,0,0,NA,154,0,11,0,NA,NA,NA,NA,NA,NA,NA
2553465,"Rory Anderson","SF","TE",24,1,8,0,0,0,NA,85,0,11,0,NA,NA,NA,NA,NA,NA,NA
2553467,"Quan Bray","IND","WR",NA,NA,10,0,0,0,NA,154,0,11,0,NA,NA,NA,NA,NA,NA,NA
2553497,"Kyle Brindza","FA","K",23,1,NA,0,0,0,NA,29,0,8,0,NA,NA,NA,NA,NA,NA,NA
2553502,"DeAndre Carter","FA","WR",23,1,NA,0,0,0,NA,154,0,11,0,NA,NA,NA,NA,NA,NA,NA
2553511,"John Crockett","GB","RB",24,1,4,0,0,0,NA,111,0,7,0,NA,NA,NA,NA,NA,NA,NA
2553533,"Alonzo Harris","FA","RB",NA,NA,NA,0,0,0,NA,111,0,7,0,NA,NA,NA,NA,NA,NA,NA
2553548,"Jake Kumerow","FA","WR",NA,NA,NA,0,0,0,NA,154,0,11,0,NA,NA,NA,NA,NA,NA,NA
2553653,"Josh Harper","OAK","WR",25,1,10,0,0,0,NA,154,0,11,0,NA,NA,NA,NA,NA,NA,NA
2553662,"Gus Johnson","FA","RB",23,1,NA,0,0,0,NA,111,0,7,0,NA,NA,NA,NA,NA,NA,NA
2553703,"Devante Davis","FA","WR",24,1,NA,0,0,0,NA,154,0,11,0,NA,NA,NA,NA,NA,NA,NA
2553728,"Raheem Mostert","FA","RB",NA,NA,NA,0,0,0,NA,111,0,7,0,NA,NA,NA,NA,NA,NA,NA
2553773,"Mitchell Henry","FA","TE",NA,NA,NA,0,0,0,NA,85,0,11,0,NA,NA,NA,NA,NA,NA,NA
2553791,"E.J. Bibbs","FA","TE",25,1,NA,0,0,0,NA,85,0,11,0,NA,NA,NA,NA,NA,NA,NA
2553797,"Michael Dyer","FA","RB",26,1,NA,0,0,0,NA,111,0,7,0,NA,NA,NA,NA,NA,NA,NA
2553867,"Mack Brown","WAS","RB",NA,NA,9,0,0,0,NA,111,0,7,0,NA,NA,NA,NA,NA,NA,NA
2553876,"Donteea Dye","TB","WR",NA,NA,6,0,0,0,NA,154,0,11,0,NA,NA,NA,NA,NA,NA,NA
2553896,"Darius Jennings","FA","WR",NA,NA,NA,0,0,0,NA,154,0,11,0,NA,NA,NA,NA,NA,NA,NA
2553900,"Daniel Brown","CHI","WR",NA,NA,9,0,0,0,NA,154,0,11,0,NA,NA,NA,NA,NA,NA,NA
2555219,"Daniel Lasco","NO","RB",24,0,5,0,0,0,NA,111,0,7,0,NA,NA,NA,NA,NA,NA,NA
2555261,"Jacoby Brissett","NE","QB",24,0,9,0,0,0,NA,59,0,10,0,NA,NA,NA,NA,NA,NA,NA
2555262,"Jeff Driskel","CIN","QB",23,0,9,0,0,0,0,59,0,10,0,NA,NA,NA,3.40485087461781,NA,NA,NA
2555263,"Kevin Hogan","CLE","QB",24,0,13,0,0,0,NA,59,0,10,0,NA,NA,NA,NA,NA,NA,NA
2555332,"Connor Cook","OAK","QB",23,0,10,0,0,0,0,59,0,10,0,NA,NA,NA,3.40485087461781,NA,NA,NA
2555343,"Josh Doctson","WAS","WR",NA,0,9,0,0,0,NA,154,0,11,0,NA,NA,NA,NA,NA,NA,NA
2555350,"Kolby Listenbee","BUF","WR",22,0,10,0,0,0,NA,154,0,11,0,NA,NA,NA,NA,NA,NA,NA
2555426,"Cardale Jones","BUF","QB",24,0,10,0,0,0,0,59,0,10,0,NA,NA,NA,3.40485087461781,NA,NA,NA
2555427,"Nate Sudfeld","WAS","QB",23,0,9,0,0,0,NA,59,0,10,0,NA,NA,NA,NA,NA,NA,NA
2555459,"Keith Marshall","WAS","RB",22,0,9,0,0,0,NA,111,0,7,0,NA,NA,NA,NA,NA,NA,NA
2555471,"Kenny Lawler","FA","WR",22,0,NA,0,0,0,0,154,0,11,0,NA,NA,NA,2.59806556298641,NA,NA,NA
2555483,"Thomas Duarte","MIA","TE",21,0,8,0,0,0,0,85,0,11,0,NA,NA,NA,2.8491158862936,NA,NA,NA
2555487,"Beau Sandland","FA","TE",23,0,NA,0,0,0,NA,85,0,11,0,NA,NA,NA,NA,NA,NA,NA
2555573,"Anthony Dable","FA","WR",NA,2016,NA,0,0,0,NA,154,0,11,0,NA,NA,NA,NA,NA,NA,NA
2556144,"Daniel Braverman","FA","WR",23,0,NA,0,0,0,0,154,0,11,0,NA,NA,NA,2.59806556298641,NA,NA,NA
2556261,"Moritz Boehringer","FA","WR",NA,0,NA,0,0,0,0,154,0,11,0,NA,NA,NA,2.59806556298641,NA,NA,NA
2556375,"Rico Gathers","FA","TE",22,0,NA,0,0,0,0,85,NA,11,0,NA,NA,NA,2.8491158862936,NA,NA,NA
2556379,"Zac Brooks","FA","RB",23,0,NA,0,0,0,NA,111,0,7,0,NA,NA,NA,NA,NA,NA,NA
2556473,"Jace Billingsley","FA","WR",23,0,NA,0,0,0,0,154,0,11,0,NA,NA,NA,2.59806556298641,NA,NA,NA
2556490,"Devon Cajuste","FA","WR",23,0,NA,0,0,0,0,154,0,11,0,NA,NA,NA,2.59806556298641,NA,NA,NA
2556492,"Joe Callahan","CLE","QB",23,0,13,0,0,0,NA,59,NA,10,0,NA,NA,NA,NA,NA,NA,NA
2556507,"Marshaun Coprich","FA","RB",22,0,NA,0,0,0,0,111,0,7,0,NA,NA,NA,2.70955576993473,NA,NA,NA
2556517,"Ed Eagan","BUF","WR",23,0,10,0,0,0,NA,154,0,11,0,NA,NA,NA,NA,NA,NA,NA
2556521,"Kaimi Fairbairn","HOU","K",22,0,9,0,0,0,NA,29,0,8,0,NA,NA,NA,NA,NA,NA,NA
2556528,"D.J. Foster","NE","RB",NA,0,9,0,0,0,NA,111,0,7,0,NA,NA,NA,NA,NA,NA,NA
2556528,"D.J. Foster","NE","WR",NA,0,9,0,0,0,NA,154,0,11,0,NA,NA,NA,NA,NA,NA,NA
2556541,"Aaron Green","FA","RB",24,0,NA,0,0,0,0,111,0,7,0,NA,NA,NA,2.70955576993473,NA,NA,NA
2556544,"Glenn Gronkowski","FA","RB",23,0,NA,0,0,0,0,111,0,7,0,NA,NA,NA,2.70955576993473,NA,NA,NA
2556547,"Russell Hansbrough","TB","RB",23,0,6,0,0,0,NA,111,0,7,0,NA,NA,NA,NA,NA,NA,NA
2556563,"Don Jackson","GB","RB",23,0,4,0,0,0,NA,111,0,7,0,NA,NA,NA,NA,NA,NA,NA
2556569,"Andy Jones","FA","WR",NA,0,NA,0,0,0,0,154,0,11,0,NA,NA,NA,2.59806556298641,NA,NA,NA
2556577,"Marshall Koehn","FA","K",24,0,NA,0,0,0,NA,29,NA,8,0,NA,NA,NA,NA,NA,NA,NA
2556603,"Tre Madden","SEA","RB",23,0,5,0,0,0,NA,111,0,7,0,NA,NA,NA,NA,NA,NA,NA
2556785,"Paul Turner","PHI","WR",23,0,4,0,0,0,NA,154,0,11,0,NA,NA,NA,NA,NA,NA,NA
2556851,"Keyarris Garrett","FA","WR",24,0,NA,0,0,0,0,154,NA,11,0,NA,NA,NA,2.59806556298641,NA,NA,NA
2556854,"Devon Johnson","CAR","RB",23,0,7,0,0,0,NA,111,NA,7,0,NA,NA,NA,NA,NA,NA,NA
