"playerId","player","team","position","age","exp","bye","points","lower","upper","sdPts","positionRank","dropoff","tier","ptSpread","overallECR","positionECR","sdRank","risk","sleeper","actualPoints","salary"
2553435,"David Johnson","ARI","RB",25,1,9,20.04,19.97,20.106,0.0854400374531762,1,2.945,1,0.136000000000003,NA,1.2,0.4,1.06552504020591,NA,9.1,NA
2532975,"Russell Wilson","SEA","QB",28,4,5,18.7853333333333,16.9872,20.9392,2.58729305130542,1,0.707000000000001,1,3.952,NA,4.8,2.6,7.61433864335803,NA,0.5,NA
2504211,"Tom Brady","NE","QB",39,16,9,18.2746666666667,17.7692,18.91,0.766436777127332,2,0.422000000000001,1,1.1408,NA,5.5,3.1,5.83072285689067,NA,25.14,NA
2495186,"Colin Kaepernick","SF","QB",29,5,8,17.882,16.2592,19.8992,2.42997366240871,3,0.122000000000003,1,3.64,NA,16.3,3.5,8.5463825848799,NA,11.62,NA
2495455,"Cam Newton","CAR","QB",27,5,7,17.8233333333333,16.928,18.728,1.12518146684583,4,0.134000000000004,1,1.8,NA,10.8,3.5,6.81407951459919,NA,10.5,NA
2532820,"Kirk Cousins","WAS","QB",28,4,9,17.6966666666667,14.86,20.724,3.68817479701455,5,0.0906666666666638,1,5.864,NA,8.3,3,9.58299112444251,NA,14.96,NA
2495143,"Andy Dalton","CIN","QB",29,5,9,17.682,16.6988,18.926,1.50216244128257,6,0.297000000000001,1,2.2272,NA,14.1,2.8,6.42720377991208,NA,16.9,NA
2540175,"LeVeon Bell","PIT","RB",24,3,8,17.6566666666667,16.354,18.834,1.57357342800815,2,1.67,2,2.48,NA,2.2,0.8,3.69110956031106,NA,47.8,NA
2533031,"Andrew Luck","IND","QB",27,4,10,17.53,15.962,19.45,2.30937220906462,7,0.300666666666668,1,3.488,NA,NA,NA,9.68618716196979,NA,13.24,NA
310,"Matt Ryan","ATL","QB",31,8,11,17.24,15.812,18.708,1.81207063879971,8,0.137666666666664,1,2.896,NA,11,3.7,7.97956089100761,NA,21.48,NA
2552033,"Jameis Winston","TB","QB",22,1,6,17.2186666666667,16.2652,18.2892,1.29014159429627,9,0.322333333333336,1,2.024,NA,6.6,2.3,5.51187693745199,NA,8.96,NA
79860,"Matthew Stafford","DET","QB",28,7,10,16.986,16.596,17.3784,0.489027606582697,10,0.295333333333335,1,0.782400000000003,NA,6.6,3,5.33565387096185,NA,14.42,NA
2543499,"Derek Carr","OAK","QB",25,2,10,16.8066666666667,14.572,19.468,3.19639380135385,11,0.233333333333331,1,4.896,NA,13.7,4.8,11.2118967241071,NA,4.98,NA
2504775,"Drew Brees","NO","QB",37,15,5,16.5746666666667,16.164,17.0152,0.535915416211676,12,0.167666666666669,2,0.851199999999999,NA,2.5,2.2,4.38376341850678,NA,1.48,NA
2506363,"Aaron Rodgers","GB","QB",33,11,4,16.572,15.7292,17.2412,1.01700147492518,13,0.516999999999999,2,1.512,NA,NA,NA,6.25456364628054,NA,21.24,NA
2555224,"Ezekiel Elliott","DAL","RB",21,0,7,16.5333333333333,14.822,18.446,2.30656309979444,3,1.27333333333334,2,3.624,NA,3.1,0.8,4.87159747008977,NA,10.7,NA
2506340,"Alex Smith","KC","QB",32,11,5,16.242,15.4668,17.118,1.05482320793581,14,0.405666666666667,2,1.6512,NA,21.3,2,4.81915441811184,NA,8.86,NA
2495240,"Tyrod Taylor","BUF","QB",27,5,10,15.868,15.2728,16.4568,0.740129718360236,15,0.206666666666665,3,1.184,NA,NA,NA,5.5193878909342,NA,14.32,NA
2506121,"Philip Rivers","SD","QB",35,12,11,15.8046666666667,13.6148,18.1588,2.86218191828076,16,0.334333333333333,3,4.544,NA,10.2,2.6,7.97929394418426,NA,2.44,NA
2543468,"Mike Evans","TB","WR",23,2,6,15.75,14.658,17.234,1.82,1,1.955,1,2.576,NA,1.4,0.8,3.56263357346475,NA,4.2,NA
2555260,"Dak Prescott","DAL","QB",23,0,7,15.518,14.4088,16.4168,1.33511497632226,17,0.343333333333334,3,2.008,NA,13.4,3.7,7.34633227321915,NA,4.7,NA
79607,"LeSean McCoy","BUF","RB",28,7,10,15.44,13.592,17.528,2.51427922077083,4,0.506666666666666,3,3.936,NA,5.1,2.1,5.9501469977967,NA,16.8,NA
2506109,"Ben Roethlisberger","PIT","QB",34,12,8,15.4226666666667,14.888,15.8864,0.642620676086082,18,0.630666666666666,3,0.9984,NA,10.1,3.1,5.66633881726096,NA,-0.399999999999999,NA
2552469,"Melvin Gordon","SD","RB",23,1,11,15.08,13.422,16.87,2.17386752126251,5,0.565,3,3.448,NA,6,1.9,5.28744553788599,NA,0.5,NA
382,"Joe Flacco","BAL","QB",31,8,8,14.9266666666667,13.222,17.214,2.79578849939214,19,0.571,3,3.992,NA,20.8,2.6,7.89114693979664,NA,18.06,NA
2495207,"DeMarco Murray","TEN","RB",28,5,13,14.7866666666667,12.61,16.826,2.65172271049092,6,0.596666666666668,3,4.216,NA,5.8,2.1,6.17150124620918,NA,15.2,NA
2505245,"Carson Palmer","ARI","QB",37,13,9,14.6573333333333,14.1816,15.132,0.594004489320857,20,0.635333333333334,4,0.9504,NA,NA,NA,5.13138253073784,NA,5.3,NA
2508061,"Antonio Brown","PIT","WR",28,6,8,14.4866666666667,13.488,15.856,1.68357754004184,2,1.94666666666667,1,2.368,NA,2,0.9,3.42647217550846,NA,7.8,NA
2540204,"Spencer Ware","KC","RB",25,3,5,14.2433333333333,13.556,15.196,1.17500354609394,7,0.408333333333331,3,1.64,NA,7.8,2.7,4.13662287452907,NA,6.3,NA
2555418,"Jordan Howard","CHI","RB",22,0,9,14.1366666666667,12.75,15.966,2.22679889826929,8,0.918333333333333,3,3.216,NA,10.6,2.9,5.94501551333608,NA,11,NA
497095,"Sam Bradford","MIN","QB",29,6,6,14.054,11.5184,16.8704,3.39979822930715,21,0.124000000000001,4,5.352,NA,29.7,2.5,8.5662908603077,NA,17.38,NA
2555259,"Carson Wentz","PHI","QB",24,0,4,13.99,13.396,14.62,0.768960337078578,22,0.307666666666666,4,1.224,NA,25.3,2.4,4.94669996650437,NA,11.06,NA
2505996,"Eli Manning","NYG","QB",35,12,8,13.87,13.118,14.43,0.919347594764896,23,0.407333333333334,5,1.312,NA,15.8,2.8,5.65343156433548,NA,2.52,NA
2543583,"Devonta Freeman","ATL","RB",24,2,11,13.5333333333333,11.194,16.002,3.01801811348662,9,0.643333333333333,3,4.808,NA,8.6,2.5,6.99035337700677,NA,1.8,NA
2533436,"Brock Osweiler","HOU","QB",26,4,9,13.4946666666667,12.6988,14.5628,1.30564364714624,24,0.225333333333335,5,1.864,NA,27,3,6.41983147343322,NA,2.68,NA
2533033,"Robert Griffin","CLE","QB",26,4,13,13.4306666666667,11.9404,15.0844,1.99661747296104,25,0.488999999999999,5,3.144,NA,26.6,2.7,6.95689776535745,NA,10.26,NA
2553457,"Trevor Siemian","DEN","QB",NA,NA,11,13.108,11.7568,14.7808,2.01417774786636,26,0.415333333333331,5,3.024,NA,NA,NA,8.9023592494446,NA,17.36,NA
2543496,"Odell Beckham","NYG","WR",24,2,8,13.1033333333333,11.702,14.438,1.71608080617823,3,1.42166666666667,2,2.736,NA,2.9,0.7,3.40070885762899,NA,15.4,NA
2543603,"Jeremy Hill","CIN","RB",24,2,9,12.9033333333333,11.836,13.684,1.31119538335571,10,0.246666666666668,4,1.848,NA,11.4,3.7,4.92828473486766,NA,20.2,NA
100020,"Vikings","MIN","DST",NA,NA,6,12.9,12.9,12.9,NA,1,1,1,0,NA,1.4,1.4,0.173808949734672,NA,8,NA
2553733,"Thomas Rawls","SEA","RB",23,1,5,12.8766666666667,11.788,14.292,1.71739143276463,11,0.476666666666668,4,2.504,NA,13,2.9,5.1246092002242,NA,7.4,NA
2552466,"Marcus Mariota","TEN","QB",23,1,13,12.7753333333333,12.222,13.4988,0.878911447947593,27,0.686000000000002,6,1.2768,NA,19.3,3.1,5.98004948396074,NA,7.32,NA
2539308,"Matt Barkley","CHI","QB",26,3,9,12.61,11.186,14.226,1.94494215852297,28,1.74233333333333,6,3.04,NA,27.7,2.8,7.01505881632475,NA,12.48,NA
100004,"Panthers","CAR","DST",NA,NA,7,12.5,12.5,12.5,NA,2,1.5,1,0,NA,16.2,5,5.89753818681874,NA,21,NA
2543743,"Carlos Hyde","SF","RB",25,2,8,12.4366666666667,10.346,14.794,2.83931916721832,12,0.135,4,4.448,NA,16.3,3.1,7.04595081027906,NA,26,NA
2541161,"Latavius Murray","OAK","RB",26,3,10,12.3633333333333,11.662,13.31,1.15889315009337,13,0.153333333333334,4,1.648,NA,14,3.3,4.45407095215187,NA,16.3,NA
2550189,"Isaiah Crowell","CLE","RB",23,2,13,12.24,9.666,15.21,3.56949576270935,14,0.42,4,5.544,NA,26.6,4,8.73699930056589,NA,11.8,NA
2552582,"Jay Ajayi","MIA","RB",23,1,8,12.18,11.066,13.282,1.38524366087703,15,0.793333333333331,4,2.216,NA,13.8,3,4.64691391001334,NA,6.3,NA
2530747,"Doug Baldwin","SEA","WR",28,5,5,11.9766666666667,10.116,14.476,3.05575413496134,4,0.605,2,4.36,NA,8.6,3.2,5.88819964772813,NA,4.6,NA
2532956,"Ryan Tannehill","MIA","QB",28,4,8,11.5686666666667,11.1712,12.0912,0.635566938515002,29,1.66633333333333,7,0.92,NA,27.5,2.4,4.76960065929463,NA,15.8,NA
2532899,"Doug Martin","TB","RB",27,4,6,11.46,10.812,12.364,1.1171839597846,16,0.158333333333335,5,1.552,NA,17.4,4.9,5.30261530258134,NA,14.5,NA
2532865,"T.Y. Hilton","IND","WR",27,4,10,11.3866666666667,9.308,13.692,2.78360078555337,5,0.0599999999999987,2,4.384,NA,NA,NA,9.08655101770708,NA,17.5,NA
2506106,"Larry Fitzgerald","ARI","WR",33,12,9,11.3566666666667,9.892,13.18,2.1968234643078,6,0.155000000000001,2,3.288,NA,NA,NA,7.63103826242281,NA,1.2,NA
497149,"LeGarrette Blount","NE","RB",30,6,9,11.3133333333333,9.854,12.806,1.84641093295434,17,0.0683333333333334,5,2.952,NA,20.7,4.4,6.19088163897608,NA,13.9,NA
100009,"Broncos","DEN","DST",NA,NA,11,11.3,11.3,11.3,NA,3,0.700000000000001,1,0,NA,3.3,2.7,2.24071117423725,NA,6,NA
497322,"Emmanuel Sanders","DEN","WR",29,6,11,11.2966666666667,9.598,13.342,2.45742412565136,7,0.258333333333335,2,3.744,NA,18.6,5.2,5.80687308701174,NA,16,NA
2506404,"Frank Gore","IND","RB",33,11,10,11.29,9.708,12.836,1.95655309153623,18,0.109999999999999,5,3.128,NA,NA,NA,8.57888520899355,NA,13.4,NA
2556414,"Rob Kelley","WAS","RB",24,0,9,11.2,10,12.4,2.12132034355964,19,0.504999999999999,5,2.4,NA,NA,NA,9.10960414386499,NA,14.8,NA
234,"Matt Forte","NYJ","RB",31,8,11,11.16,9.298,12.81,2.24247630979683,20,1.035,5,3.512,NA,NA,NA,9.49985017009347,NA,0.8,NA
2531332,"Terrelle Pryor","CLE","WR",27,5,13,11.1066666666667,9.05,13.666,3.08344504302141,8,0.168333333333333,2,4.616,NA,18.6,4.8,6.45115009246519,NA,0.3,NA
497278,"Dez Bryant","DAL","WR",28,6,7,10.97,9.514,12.538,1.90549206243427,9,0.0749999999999993,3,3.024,NA,5.9,2.9,4.36246200988617,NA,-2,NA
2552487,"Amari Cooper","OAK","WR",22,1,10,10.9066666666667,9.264,12.784,2.25790463335663,10,0.0350000000000001,3,3.52,NA,8.3,3.5,4.99777263315414,NA,2.9,NA
2540165,"DeAndre Hopkins","HOU","WR",24,3,9,10.8833333333333,9.23,12.83,2.33791217399913,11,0.146666666666667,3,3.6,NA,21.5,4.8,5.52649557612996,NA,3.3,NA
238498,"Julian Edelman","NE","WR",30,7,9,10.86,8.586,13.522,3.19732700861204,12,0.264999999999999,3,4.936,NA,11.1,4.7,6.55935541928983,NA,7.3,NA
100006,"Bengals","CIN","DST",NA,NA,9,10.7,10.7,10.7,NA,4,0.35,0,0,NA,4.2,3.1,2.87668108946881,NA,9,NA
497326,"Golden Tate","DET","WR",28,6,10,10.6133333333333,8.198,13.47,3.43074821771189,13,0.0566666666666649,3,5.272,NA,13.8,4.3,6.71670675258611,NA,5.8,NA
71269,"Michael Crabtree","OAK","WR",29,7,10,10.5766666666667,8.318,13.358,3.34709326630337,14,0.0500000000000007,3,5.04,NA,14,4,6.51383914861801,NA,2.1,NA
2543498,"Brandin Cooks","NO","WR",23,2,5,10.5366666666667,8.976,12.696,2.6618852968025,15,0.0266666666666673,3,3.72,NA,15.6,5.8,6.25868552303548,NA,6.1,NA
1032,"Jordy Nelson","GB","WR",31,8,4,10.5166666666667,8.84,12.24,2.12740060480703,16,0.0616666666666656,3,3.4,NA,8.1,3.3,4.76983790541496,NA,16.1,NA
2543500,"Jordan Matthews","PHI","WR",24,2,4,10.5033333333333,9.102,12.302,2.1771617609478,17,0.115,3,3.2,NA,NA,NA,7.58226701821326,NA,7.9,NA
100026,"Cardinals","ARI","DST",NA,NA,9,10.5,10.5,10.5,NA,5,0.449999999999999,0,0,NA,4.7,2.5,1.92272621662147,NA,7,NA
497236,"Jimmy Graham","SEA","TE",30,6,5,10.41,9.118,12.142,2.11650655562415,1,0.191666666666666,1,3.024,NA,NA,NA,10.1861277739707,NA,1.6,NA
2553913,"Tyrell Williams","SD","WR",NA,NA,11,10.4066666666667,7.884,13.164,3.33888204843078,18,0.183333333333332,3,5.28,NA,NA,NA,10.4639371770303,NA,6.8,NA
2552608,"Stefon Diggs","MIN","WR",23,1,6,10.37,8.462,12.462,2.53154103265185,19,0.295000000000002,3,4,NA,NA,NA,8.4613118133984,NA,5.5,NA
2495700,"Greg Olsen","CAR","TE",31,9,7,10.2866666666667,9.102,11.862,1.9212062183257,2,0.200000000000003,1,2.76,NA,5.3,2.1,5.90246868570772,NA,8.7,NA
2552475,"Todd Gurley","LA","RB",22,1,8,10.23,9.484,10.82,0.900721932674008,21,0.238333333333333,6,1.336,NA,18.2,3.7,4.26721273826772,NA,14.3,NA
100010,"Lions","DET","DST",NA,NA,10,10.2,10.2,10.2,NA,6,0.399999999999999,0,0,NA,7,4.1,4.46660587754772,NA,5,NA
2543477,"Blake Bortles","JAC","QB",25,2,5,10.1666666666667,8.284,11.868,2.27414452780234,30,0.746333333333334,7,3.584,NA,NA,NA,9.59264733146339,NA,15.58,NA
2540148,"Tyler Eifert","CIN","TE",26,3,9,10.15,8.088,12.624,2.97201951541372,3,0.591666666666667,1,4.536,NA,2.7,1.3,7.28934547288954,NA,16.8,NA
497328,"Demaryius Thomas","DEN","WR",29,6,11,10.0766666666667,8.884,11.692,1.9792506999704,20,0.118333333333336,3,2.808,NA,16.5,4.8,5.08166213474053,NA,12.6,NA
2552415,"Jamison Crowder","WAS","WR",23,1,9,10.0733333333333,7.294,13.158,3.72414195934222,21,0.261666666666665,3,5.864,NA,NA,NA,11.4195820087716,NA,3.7,NA
2540258,"Travis Kelce","KC","TE",27,3,5,10.0233333333333,8.556,11.94,2.32801059562308,4,0.943333333333333,1,3.384,NA,2.3,0.8,5.82168332455435,NA,10.1,NA
2552453,"Tevin Coleman","ATL","RB",23,1,11,10.02,8.38,11.996,2.37419460028027,22,0.671666666666667,6,3.616,NA,27.4,3,6.23963025004685,NA,17.5,NA
2533034,"Lamar Miller","HOU","RB",25,4,9,9.96333333333333,8.294,11.35,2.00565035171471,23,1.39666666666667,6,3.056,NA,NA,NA,8.73702856155322,NA,18.2,NA
100021,"Patriots","NE","DST",NA,NA,9,9.9,9.9,9.9,NA,7,0.250000000000002,0,0,NA,7,3,2.71768861066092,NA,6,NA
71217,"Kenny Britt","LA","WR",28,7,8,9.84333333333333,7.704,12.16,2.8113401312067,22,0.0633333333333326,3,4.456,NA,27.3,6.3,6.60923789810369,NA,8.2,NA
2543488,"Jarvis Landry","MIA","WR",24,2,8,9.78,7.602,12.458,3.22228180021549,23,0.163333333333334,3,4.856,NA,NA,NA,10.1747079542881,NA,7.3,NA
2553568,"Cameron Meredith","CHI","WR",NA,NA,9,9.78,7.836,11.724,3.43653895656662,24,0.423333333333332,3,3.888,NA,54,7.7,7.8471776331378,NA,13.2,NA
100030,"Seahawks","SEA","DST",NA,NA,5,9.7,9.7,9.7,NA,8,0.0999999999999996,0,0,NA,7.7,3.3,3.1946660470846,NA,-3,NA
2555334,"Jared Goff","LA","QB",22,0,8,9.638,9.254,9.9292,0.467388489374738,31,4.61816666666667,8,0.6752,NA,NA,NA,4.79517989831988,NA,6.6,NA
100008,"Cowboys","DAL","DST",NA,NA,7,9.6,9.6,9.6,NA,9,0.0499999999999989,0,0,NA,20.6,5.8,7.16947801728186,NA,13,NA
100029,"49ers","SF","DST",NA,NA,8,9.6,9.6,9.6,NA,9,0.949999999999999,0,0,NA,18.9,5.9,7.32847049608976,NA,8,NA
100001,"Falcons","ATL","DST",NA,NA,11,9.5,9.5,9.5,NA,11,1.8,0,0,NA,10.1,4.3,4.7845908351635,NA,29,NA
2543457,"Sammy Watkins","BUF","WR",23,2,10,9.45333333333333,6.512,12.592,3.82394211950617,25,0.289999999999999,3,6.08,NA,NA,NA,11.6671382806972,NA,11.4,NA
2504595,"Steve Smith","BAL","WR",37,15,8,9.26,7.142,11.694,2.92610662826904,26,0.213333333333335,3,4.552,NA,28.3,6,6.65246445857796,NA,5.7,NA
2552369,"Bryce Petty","NYJ","QB",25,1,11,9.20266666666667,8.006,10.3884,1.48918814571341,32,8.39716666666667,8,2.3824,NA,30.5,2,5.39583760022561,NA,9.18,NA
2550656,"Cameron Brate","TB","TE",25,2,6,9.09333333333333,7.586,11.146,2.5188555602363,5,0.145,1,3.56,NA,6.1,1.8,6.78793407473734,NA,4.7,NA
2495966,"Delanie Walker","TEN","TE",32,10,13,9.06666666666667,6.96,11.6,3.04357246231026,6,0.239999999999998,1,4.64,NA,5.3,1.6,7.60488363963715,NA,3.8,NA
2543614,"Donte Moncrief","IND","WR",23,2,10,9.06666666666667,7.43,10.926,2.23755074430354,27,0.0566666666666649,3,3.496,NA,19.3,7.1,6.16189319555409,NA,0,NA
2543495,"Davante Adams","GB","WR",24,2,4,9.02666666666667,6.308,11.972,3.57385412871501,28,0.0366666666666653,3,5.664,NA,24.1,6.6,7.65406714992561,NA,16.4,NA
2346,"Pierre Garcon","WAS","WR",30,8,9,8.99333333333333,6.472,11.704,3.2955930169445,29,0.0633333333333344,3,5.232,NA,47.1,7.3,7.54021640663067,NA,11.9,NA
2555216,"Malcolm Mitchell","NE","WR",23,0,9,8.98666666666667,7.394,10.858,2.24749490173689,30,0.168333333333335,3,3.464,NA,30.2,6.9,6.10815071992921,NA,10.1,NA
2550617,"Taylor Gabriel","ATL","WR",25,2,11,8.87333333333333,7.334,10.558,2.0394198521475,31,0.138333333333334,4,3.224,NA,41.8,9.4,6.6760312719318,NA,14.2,NA
2532853,"Ladarius Green","PIT","TE",26,4,8,8.83,7.688,10.368,1.88167478592875,7,0.336666666666668,1,2.68,NA,7.9,2.7,6.20576957395922,NA,2.5,NA
2540158,"Zach Ertz","PHI","TE",26,3,4,8.82333333333333,6.604,11.524,3.24678815652228,8,0.82,1,4.92,NA,8.3,2.4,8.46858683819282,NA,11.2,NA
2556214,"Tyreek Hill","KC","WR",22,0,5,8.76333333333333,6.62,11.236,2.97180640912784,32,0.295,4,4.616,NA,30.9,6.4,6.841295694412,NA,9.6,NA
2495258,"Matt Asiata","MIN","RB",29,5,6,8.73333333333333,7.07,10.87,2.58666451889945,24,0.343333333333332,6,3.8,NA,38.3,3.6,6.92520943266112,NA,8.1,NA
2555466,"Tyler Boyd","CIN","WR",22,0,9,8.70666666666667,6.046,11.606,3.51320841017628,33,0.488333333333333,4,5.56,NA,43.1,6.6,7.578850697542,NA,4.9,NA
949,"Jonathan Stewart","CAR","RB",29,8,7,8.4,5.64,11.08,3.40440890610984,25,0.16,6,5.44,NA,NA,NA,13.2424605634503,NA,12.6,NA
2495466,"Mark Ingram","NO","RB",27,5,5,8.38,6.562,9.866,2.18652692642922,26,0.333333333333334,7,3.304,NA,NA,NA,9.31963597835982,NA,2.3,NA
2550256,"Willie Snead","NO","WR",24,2,5,8.23,6.614,10.086,2.23134488593763,34,0.116666666666667,4,3.472,NA,39.1,6.1,5.82381724202744,NA,8.5,NA
2505587,"Anquan Boldin","DET","WR",36,13,10,8.20666666666667,5.954,10.714,3.02566246189712,35,0.200000000000001,4,4.76,NA,49.5,5.7,6.67682584324933,NA,10.9,NA
2540160,"Jordan Reed","WAS","TE",26,3,9,8.16333333333333,6.814,9.966,2.20096191092289,9,0.406666666666665,2,3.152,NA,NA,NA,10.4892683451096,NA,1,NA
2555223,"Devontae Booker","DEN","RB",24,0,11,8.1,7.034,9.058,1.28642916633602,27,0.261666666666667,7,2.024,NA,25.3,3.9,5.00286315297761,NA,1.1,NA
2530700,"Dontrelle Inman","SD","WR",27,3,11,8.02,5.752,10.632,3.13961781113562,36,0.0749999999999993,4,4.88,NA,NA,NA,9.96965829379157,NA,13.1,NA
497188,"Ryan Mathews","PHI","RB",29,6,4,7.99333333333333,6.676,9.636,1.97955382178241,28,0.356666666666666,7,2.96,NA,NA,NA,8.65297106590752,NA,6,NA
2555295,"Sterling Shepard","NYG","WR",NA,0,8,7.99333333333333,6.086,9.966,2.42912192640331,37,0.144999999999999,4,3.88,NA,42.7,6.2,6.10215008069568,NA,3.9,NA
2543471,"Kelvin Benjamin","CAR","WR",25,2,7,7.89666666666667,5.55,10.062,2.84719745246678,38,0.165,4,4.512,NA,28.6,5.4,6.35636912686713,NA,1.1,NA
2543721,"C.J. Fiedorowicz","HOU","TE",25,2,9,7.84333333333333,6.452,9.724,2.30313554384742,10,0.398333333333333,2,3.272,NA,12,2.6,6.89978198754585,NA,3.2,NA
2495893,"Brandon Marshall","NYJ","WR",32,10,11,7.8,6.864,8.528,1.13331372532058,39,0.37,4,1.664,NA,NA,NA,4.99298131233642,NA,3.3,NA
100012,"Titans","TEN","DST",NA,NA,13,7.8,7.8,7.8,NA,12,0.3,0,0,NA,13.9,4.6,5.26156827158717,NA,11,NA
2552471,"T.J. Yeldon","JAC","RB",23,1,5,7.68333333333333,6.768,8.856,1.4189550145559,29,0.263333333333334,7,2.088,NA,NA,NA,6.84727000451465,NA,9,NA
2495438,"Kyle Rudolph","MIN","TE",27,5,6,7.67,5.588,10.14,2.96642882941762,11,1.07666666666667,2,4.552,NA,11.4,3,8.33967886716223,NA,12,NA
2556370,"Michael Thomas","NO","WR",22,0,5,7.66333333333333,6.712,8.88,1.47174499602796,40,0.763333333333334,4,2.168,NA,NA,NA,5.8324667755033,NA,NA,NA
100013,"Texans","HOU","DST",NA,NA,9,7.6,7.6,7.6,NA,13,0.249999999999999,0,0,NA,15.7,5.2,6.21552314443452,NA,11,NA
2540020,"Theo Riddick","DET","RB",25,3,10,7.59,7.068,8.068,0.63221831672295,30,0.455,7,1,NA,NA,NA,4.31317383448893,NA,NA,NA
100028,"Chargers","SD","DST",NA,NA,11,7.4,7.4,7.4,NA,14,0.0999999999999996,0,0,NA,13.1,4.6,5.26156827158717,NA,4,NA
100032,"Redskins","WAS","DST",NA,NA,9,7.3,7.3,7.3,NA,15,0.0500000000000007,0,0,NA,16,5.4,6.5335081020503,NA,8,NA
100019,"Dolphins","MIA","DST",NA,NA,8,7.3,7.3,7.3,NA,16,0.149999999999999,0,0,NA,10.5,3.6,3.67164348350827,NA,11,NA
71345,"Rashad Jennings","NYG","RB",31,7,8,7.25,6.114,8.178,1.36634549071602,31,0.41,7,2.064,NA,27.4,2.6,4.38754883481439,NA,5.7,NA
2540215,"Vance McDonald","SF","TE",26,3,8,7.22,4.982,9.982,3.3245601212792,12,1.36166666666667,2,5,NA,17.6,2.8,8.8576606706651,NA,NA,NA
100025,"Eagles","PHI","DST",NA,NA,4,7.2,7.2,7.2,NA,17,0.100000000000001,0,0,NA,16.4,5.8,7.16947801728186,NA,10,NA
2543509,"Allen Robinson","JAC","WR",23,2,5,7.19666666666667,6.67,7.662,0.634060985500081,41,0.638333333333334,5,0.992,NA,35.7,6.7,4.04099752841295,NA,1.7,NA
100022,"Saints","NO","DST",NA,NA,5,7.1,7.1,7.1,NA,18,0.15,0,0,NA,27.2,4.8,5.57955322920296,NA,8,NA
100031,"Buccaneers","TB","DST",NA,NA,6,7.1,7.1,7.1,NA,18,0.400000000000001,0,0,NA,22.2,6.9,8.91839528416866,NA,11,NA
2543715,"Jerick McKinnon","MIN","RB",24,2,6,7.02,6.094,7.686,1.1431972708155,32,0.409999999999999,7,1.592,NA,32.4,4.6,5.17281300186676,NA,6.9,NA
100018,"Raiders","OAK","DST",NA,NA,10,6.8,6.8,6.8,NA,20,0.25,0,0,NA,22.1,4.7,5.42056075039507,NA,7,NA
2543664,"Terrance West","BAL","RB",25,2,8,6.66,5.86,7.524,1.04919016388832,33,0.129999999999999,8,1.664,NA,30.9,3.9,4.62078713622422,NA,2.6,NA
80429,"Jeremy Maclin","KC","WR",28,7,5,6.60333333333333,4.596,8.492,2.44851655770047,42,0.196666666666667,5,3.896,NA,NA,NA,8.25536796056508,NA,1.6,NA
100027,"Steelers","PIT","DST",NA,NA,8,6.6,6.6,6.6,NA,21,0.199999999999999,0,0,NA,13.4,3.4,3.35365852589249,NA,11,NA
4383,"Tim Hightower","NO","RB",30,8,5,6.56,5.956,6.996,0.744848977981443,34,0.466666666666667,8,1.04,NA,32.3,3.2,3.7300159283112,NA,3.9,NA
1581,"DeSean Jackson","WAS","WR",30,8,9,6.51333333333333,6.11,6.95,0.529937103186155,43,0.263333333333333,6,0.840000000000001,NA,31.9,6.3,3.77970522276161,NA,16.2,NA
2506467,"Darren Sproles","PHI","RB",33,11,4,6.5,5.578,7.186,1.12743070740512,35,0.926666666666668,8,1.608,NA,32.4,2.9,4.17447097817538,NA,10,NA
100015,"Jaguars","JAC","DST",NA,NA,5,6.5,6.5,6.5,NA,22,0.35,0,0,NA,21.5,5.5,6.69250058085819,NA,2,NA
100011,"Packers","GB","DST",NA,NA,4,6.3,6.3,6.3,NA,23,0.350000000000001,0,0,NA,19.8,4,4.30761339873983,NA,19,NA
2495448,"Randall Cobb","GB","WR",26,5,4,6.3,5.55,6.87,0.912414379544733,44,0.0999999999999996,6,1.32,NA,40,7.6,4.68356924778171,NA,3.3,NA
497302,"Brandon LaFell","CIN","WR",30,6,9,6.2,5.312,7.008,1.0740577265678,45,0.0183333333333344,6,1.696,NA,NA,NA,4.84599563499517,NA,2.2,NA
2507763,"Mike Wallace","BAL","WR",30,7,8,6.2,5.746,6.682,0.588132638101304,46,0.106666666666666,6,0.935999999999999,NA,36.7,5,3.42239001148432,NA,5.2,NA
2532841,"Michael Floyd","ARI","WR",27,4,9,6.16333333333333,5.33,6.85,1.00166528008778,47,0.145,6,1.52,NA,56.1,5.9,4.23261913043646,NA,1.8,NA
2540177,"Marquess Wilson","CHI","WR",24,3,9,6.02333333333333,5.744,6.312,0.355574652264941,48,0.0766666666666662,7,0.568000000000001,NA,NA,NA,3.06378415333155,NA,NA,NA
2535698,"Cole Beasley","DAL","WR",27,4,7,6.01333333333333,5.182,6.646,1.01105555402922,49,0.158333333333333,7,1.464,NA,48,6,4.27730341821937,NA,4.1,NA
100014,"Colts","IND","DST",NA,NA,10,6,6,6,NA,24,0.15,0,0,NA,19.6,6.3,7.96444041132132,NA,4,NA
2505299,"Antonio Gates","SD","TE",36,13,11,5.96666666666667,5.504,6.368,0.556087523087269,13,0.326666666666666,3,0.863999999999999,NA,10.9,2.6,3.764390910527,NA,6.1,NA
100005,"Bears","CHI","DST",NA,NA,9,5.9,5.9,5.9,NA,25,0.15,0,0,NA,29.2,3,2.71768861066092,NA,17,NA
2555333,"Corey Coleman","CLE","WR",22,0,13,5.88,4.812,6.94,1.33011277717342,50,0.0733333333333333,7,2.128,NA,46.9,5.7,4.57390357275762,NA,2.6,NA
2543475,"Marqise Lee","JAC","WR",25,2,5,5.83,5.776,5.88,0.0655743852430195,51,0.0566666666666675,7,0.104,NA,57.2,6.6,3.30288849079687,NA,11.3,NA
100024,"Jets","NYJ","DST",NA,NA,11,5.8,5.8,5.8,NA,26,0.3,0,0,NA,17.5,4.5,5.10257579277928,NA,6,NA
2532884,"Marvin Jones","DET","WR",26,4,10,5.78333333333333,4.528,6.76,1.51987938117909,52,0.0233333333333334,7,2.232,NA,NA,NA,5.95186507025423,NA,6.7,NA
2555346,"Will Fuller","HOU","WR",22,0,9,5.76333333333333,5.546,5.994,0.281484161780611,53,0.101666666666667,7,0.448,NA,NA,NA,2.88000122573596,NA,2.2,NA
2552409,"DeVante Parker","MIA","WR",23,1,8,5.75666666666667,4.516,6.668,1.52231183840018,54,0.194999999999999,7,2.152,NA,NA,NA,5.95789882851957,NA,1.4,NA
2543466,"Eric Ebron","DET","TE",23,2,10,5.75,5.176,6.272,0.694190175672344,14,0.348333333333333,3,1.096,NA,NA,NA,5.0809239863172,NA,3.2,NA
100003,"Bills","BUF","DST",NA,NA,10,5.7,5.7,5.7,NA,27,0.45,0,0,NA,18,4.9,5.73854570801085,NA,6,NA
2555229,"Kenneth Dixon","BAL","RB",22,0,8,5.68666666666667,5.202,6.122,0.584836159392811,36,0.364999999999999,9,0.919999999999999,NA,31.6,3.7,3.75847523406688,NA,14.1,NA
2552430,"Tyler Lockett","SEA","WR",24,1,5,5.56666666666667,5.47,5.638,0.118462370959446,55,0.0200000000000005,8,0.168,NA,51.7,7.2,3.56671078407703,NA,4.1,NA
2543828,"Quincy Enunwa","NYJ","WR",24,2,11,5.55666666666667,5.086,6.078,0.629629520697158,56,0.0483333333333338,8,0.992000000000001,NA,52.8,7.1,4.16765299086839,NA,2.9,NA
2495454,"Julio Jones","ATL","WR",27,5,11,5.53666666666667,4.006,7.27,2.08665601701223,57,0.149999999999999,8,3.264,NA,NA,NA,7.35776572964081,NA,NA,NA
1062,"Martellus Bennett","NE","TE",29,8,9,5.53,4.762,6.186,0.922442410126507,15,0.37,3,1.424,NA,NA,NA,5.90020314832422,NA,13,NA
2540169,"Robert Woods","BUF","WR",24,3,10,5.48,5.16,5.8,0.565685424949238,58,0.223333333333334,8,0.64,NA,NA,NA,3.58496808221186,NA,2.9,NA
2495328,"Bilal Powell","NYJ","RB",28,5,11,5.46,4.534,6.222,1.11314868728306,37,0.405,9,1.688,NA,36.6,4.1,4.83825772238101,NA,29.9,NA
100016,"Chiefs","KC","DST",NA,NA,5,5.3,5.3,5.3,NA,28,0.15,0,0,NA,8.3,3.8,3.98962844112405,NA,5,NA
2532903,"Rishard Matthews","TEN","WR",27,4,13,5.29333333333333,4.264,6.312,1.28020831638188,59,0.0900000000000007,8,2.048,NA,39.9,7.5,5.10669140888701,NA,2.6,NA
2533046,"Dwayne Allen","IND","TE",26,4,10,5.27333333333333,4.234,6.354,1.32801857416729,16,0.42,3,2.12,NA,20.5,2.6,5.14975965876382,NA,0,NA
2507166,"Ted Ginn","CAR","WR",31,9,7,5.22,3.784,6.536,1.73951142565952,60,0.0999999999999996,8,2.752,NA,45.2,7.1,5.54419500352044,NA,2.1,NA
100002,"Ravens","BAL","DST",NA,NA,8,5.2,5.2,5.2,NA,29,0.350000000000001,0,0,NA,17.3,5.3,6.37451562324241,NA,7,NA
2530515,"Chris Hogan","NE","WR",28,5,9,5.18666666666667,3.432,6.712,2.10927317655474,61,0.14,8,3.28,NA,59.7,6.1,5.67241659681421,NA,18.9,NA
2552461,"Duke Johnson","CLE","RB",23,1,13,5.18333333333333,4.494,5.678,0.851606325324873,38,0.293333333333333,9,1.184,NA,NA,NA,5.01982742504732,NA,4.5,NA
100007,"Browns","CLE","DST",NA,NA,13,5.1,5.1,5.1,NA,30,0.499999999999999,0,0,NA,29.8,4.2,4.62559835635561,NA,4,NA
2540202,"Kenny Stills","MIA","WR",24,3,8,5.05333333333333,4.194,5.946,1.09737565734498,62,0.0733333333333333,8,1.752,NA,68.3,6,4.38436278031848,NA,15.7,NA
2532838,"Coby Fleener","NO","TE",28,4,5,5.04666666666667,4.654,5.35,0.476060220280306,17,0.431666666666667,4,0.696000000000002,NA,14.7,2.2,3.37126946933778,NA,0.6,NA
2552458,"Devin Funchess","CAR","WR",22,1,7,5.04,4.32,5.76,1.27279220613579,63,0.248333333333334,8,1.44,NA,81.3,7.5,5.09749350478697,NA,9.3,NA
2539265,"Rex Burkhead","CIN","RB",26,3,9,4.92666666666667,4.02,5.684,1.08909748568865,39,0.0933333333333328,9,1.664,NA,41.3,4.3,4.91398768067949,NA,5.1,NA
2539336,"Tavon Austin","LA","WR",25,3,8,4.92,4.674,5.21,0.34828149534536,64,0.35,9,0.536,NA,NA,NA,3.04569333329064,NA,6.2,NA
2495469,"Dion Lewis","NE","RB",26,5,9,4.85333333333333,4.43,5.398,0.659570567364352,40,0.081666666666667,10,0.968,NA,33.1,3.8,3.93606815938786,NA,1.9,NA
2543773,"James White","NE","RB",24,2,9,4.81333333333333,4.04,5.592,0.970068726087659,41,0.156666666666666,10,1.552,NA,44.2,2.8,3.86380543927786,NA,8.4,NA
497206,"James Starks","GB","RB",30,6,4,4.73,4.258,5.138,0.56718603649949,42,0.183333333333334,10,0.88,NA,47.5,5.7,4.87469634135601,NA,0.3,NA
2541785,"Adam Thielen","MIN","WR",26,2,6,4.66333333333333,3.938,5.586,1.11509341910592,65,0.238333333333333,9,1.648,NA,56.6,8.9,5.36443673087623,NA,10.1,NA
2505629,"Jason Witten","DAL","TE",34,13,7,4.66,4.094,5.302,0.77272245987806,18,0.246666666666667,4,1.208,NA,14.9,3.1,4.46505377954949,NA,2.6,NA
100023,"Giants","NYG","DST",NA,NA,8,4.6,4.6,4.6,NA,31,NA,0,0,NA,21.8,5.9,7.32847049608976,NA,13,NA
2540011,"Chris Thompson","WAS","RB",26,3,9,4.58333333333333,4.312,4.784,0.332315111503124,43,0.078333333333334,10,0.472,NA,48,3.7,3.35178731543364,NA,9.8,NA
1060,"Gary Barnidge","CLE","TE",31,8,13,4.57,4.34,4.828,0.310966236109324,19,0.341666666666667,5,0.487999999999999,NA,22.1,3,3.57397487878901,NA,2.7,NA
2556885,"Jalen Richard","OAK","RB",23,0,10,4.51,4.024,5.12,0.735730929076656,44,0.0299999999999994,10,1.096,NA,46.7,6.2,5.43230144632954,NA,2.9,NA
2555460,"Paul Perkins","NYG","RB",22,0,8,4.5,3.888,5.232,0.879261053385171,45,0.0574999999999992,10,1.344,NA,49.3,4.2,4.51881146264741,NA,4.5,NA
2552429,"Ty Montgomery","GB","WR",23,1,4,4.47666666666667,4.184,4.816,0.407717222267264,66,0.126666666666667,10,0.632000000000001,NA,63.8,8,4.18976523603477,NA,14.6,NA
927,"Justin Forsett","DEN","RB",31,8,11,4.46,4.092,4.828,0.650538238691624,46,0.0358333333333327,10,0.736,NA,49.2,6.8,5.63849173078058,NA,0.5,NA
2556118,"Dwayne Washington","DET","RB",NA,0,10,4.425,4.349,4.501,0.134350288425444,47,0.0308333333333337,10,0.152,NA,NA,NA,2.70952998876248,NA,7.4,NA
2495471,"Jacquizz Rodgers","TB","RB",26,5,6,4.42333333333333,3.782,5.19,0.920887253323301,48,0.104166666666667,10,1.408,NA,44.4,5.6,5.38710369115057,NA,0,NA
2552656,"J.J. Nelson","ARI","WR",24,1,9,4.37333333333333,2.954,5.554,1.70517838753995,67,0.0983333333333336,10,2.6,NA,74.1,6.5,5.30338566756072,NA,6.8,NA
2557531,"Troymaine Pope","SEA","RB",23,0,5,4.365,3.441,5.289,1.63341666454093,49,0.233333333333333,10,1.848,NA,67.2,6.6,7.10696353871051,NA,1.2,NA
2495189,"Jeremy Kerley","SF","WR",28,5,8,4.32666666666667,4.184,4.52,0.236924741918892,68,0.106666666666666,10,0.336000000000001,NA,80.3,7.5,3.81274863449173,NA,5,NA
2555461,"Wendell Smallwood","PHI","RB",22,0,4,4.27333333333333,2.574,5.814,2.05393119001911,50,0.393333333333333,10,3.24,NA,40.4,6.7,7.84143913764913,NA,0.3,NA
2495826,"Vernon Davis","WAS","TE",32,10,9,4.25666666666667,4.046,4.478,0.270985854489369,20,0.0766666666666662,6,0.431999999999999,NA,18.8,5.4,4.99921145287278,NA,0.1,NA
2532933,"Brian Quick","LA","WR",27,4,8,4.22333333333333,3.696,4.648,0.635164020811423,69,0.0133333333333336,10,0.952,NA,71.9,7.9,4.43882047042291,NA,1,NA
2532790,"Travis Benjamin","SD","WR",27,4,11,4.21666666666667,3.042,5.122,1.42479238253625,70,0.0649999999999995,10,2.08,NA,64.5,5.8,4.72436879760026,NA,0,NA
2539964,"Marquise Goodwin","BUF","WR",26,3,10,4.20333333333333,3.724,4.788,0.703017306567437,71,0.129999999999999,10,1.064,NA,72.9,7,4.22563501068738,NA,0,NA
497238,"Jermaine Gresham","ARI","TE",28,6,9,4.2,4,4.4,0.353553390593274,21,0.156666666666667,6,0.4,NA,22.8,3.8,4.1494013475735,NA,4.5,NA
2553830,"Will Tye","NYG","TE",NA,NA,8,4.16,4.032,4.288,0.226274169979695,22,0.313333333333333,6,0.256,NA,25.5,2.7,3.23485620554486,NA,1.9,NA
2550223,"Freddie Martino","TB","WR",25,2,6,4.1,3.648,4.496,0.543691088762728,72,0.0583333333333336,10,0.848,NA,88.9,7.9,4.32537026151103,NA,0,NA
2532887,"Jermaine Kearse","SEA","WR",26,4,5,4.04666666666667,3.254,4.75,0.954794916897516,73,0.0283333333333333,10,1.496,NA,75.4,8.9,5.16562492768484,NA,0.7,NA
2543847,"John Brown","ARI","WR",26,2,9,4.03666666666667,2.484,5.692,2.01728365217521,74,0.0550000000000006,10,3.208,NA,NA,NA,7.18568620606587,NA,NA,NA
2507855,"Victor Cruz","NYG","WR",30,6,8,4,3.404,4.508,0.715821206726931,75,0.0516666666666667,10,1.104,NA,82.7,7.6,4.43974262030511,NA,0.4,NA
2507999,"Chris Ivory","JAC","RB",28,6,5,3.99,3.358,4.622,1.11722871427475,51,0.325,11,1.264,NA,NA,NA,5.87540296940038,NA,NA,NA
2552424,"Phillip Dorsett","IND","WR",23,1,10,3.96333333333333,3.652,4.3,0.408697116864474,76,0.0341666666666662,11,0.648000000000001,NA,87.1,6.4,3.66237403793264,NA,1.9,NA
2550597,"Seth Roberts","OAK","WR",NA,NA,10,3.93333333333333,3.614,4.198,0.383709959908957,77,0.0274999999999999,11,0.584000000000001,NA,73,6.9,3.7965730074685,NA,1.2,NA
497254,"Dennis Pitta","BAL","TE",31,6,8,3.92666666666667,3.734,4.142,0.259679289380831,23,0.171666666666666,7,0.408,NA,17.5,2.9,3.4195567299536,NA,1.8,NA
2556462,"Robby Anderson","NYJ","WR",23,0,11,3.925,3.409,4.441,0.912167747730646,78,0.039166666666667,11,1.032,NA,62.3,10.5,5.64136268148692,NA,9.9,NA
2535964,"Josh Bellamy","CHI","WR",27,4,9,3.88666666666667,3.686,4.03,0.248260615751539,79,0.0108333333333333,11,0.344,NA,NA,NA,2.79758956245211,NA,4.5,NA
2541944,"Russell Shepard","TB","WR",26,3,6,3.885,3.729,4.041,0.275771644662753,80,0.0249999999999999,11,0.312,NA,75.9,13.1,5.71105171717715,NA,1.7,NA
2539250,"Quinton Patton","SF","WR",26,3,8,3.86666666666667,3.406,4.358,0.598693020949245,81,0.0449999999999999,11,0.951999999999999,NA,83,8.7,4.65789021307272,NA,3.1,NA
2532977,"Kendall Wright","TEN","WR",27,4,13,3.85333333333333,3.238,4.382,0.739211291400053,82,0.0933333333333333,11,1.144,NA,78.5,7.6,4.46875240421823,NA,NA,NA
2540151,"Justin Hunter","BUF","WR",25,3,10,3.79,3.03,4.55,1.34350288425444,83,0.083333333333333,11,1.52,NA,99.4,8.7,5.58164801441466,NA,NA,NA
2539663,"Mike Gillislee","BUF","RB",26,3,10,3.77,2.22,5.348,1.9559396718713,52,0.223333333333334,11,3.128,NA,40.4,4.9,6.65344058087375,NA,3.4,NA
2495139,"Charles Clay","BUF","TE",27,5,10,3.76666666666667,3.52,4.08,0.378593889720018,24,0.0575000000000001,7,0.56,NA,NA,NA,3.94813568610245,NA,11.2,NA
2555341,"Hunter Henry","SD","TE",22,0,11,3.74333333333333,2.752,4.488,1.20931109865631,25,0.140833333333334,7,1.736,NA,22.8,3,5.18621588913629,NA,7.3,NA
2553737,"Eli Rogers","PIT","WR",NA,NA,8,3.73,3.146,4.314,1.03237590053236,84,0.0533333333333337,11,1.168,NA,67.8,5.9,4.27070828126193,NA,2,NA
2539205,"Terrance Williams","DAL","WR",27,3,7,3.68333333333333,3.044,4.268,0.774101629848002,85,0.0350000000000006,11,1.224,NA,87.9,6.3,4.08253269246501,NA,13.6,NA
2541316,"Ryan Griffin","HOU","TE",26,3,9,3.675,3.631,3.719,0.0777817459305205,26,0.153333333333334,8,0.0880000000000005,NA,31.6,3.4,3.40498157025467,NA,2.3,NA
2495331,"Aldrick Robinson","ATL","WR",28,5,11,3.67,3.538,3.794,0.160934769394311,86,0.194166666666666,11,0.256,NA,90.4,16.9,6.82406463646546,NA,4.2,NA
2495459,"Torrey Smith","SF","WR",27,5,8,3.62666666666667,2.43,4.614,1.43827442907581,87,0.304166666666667,11,2.184,NA,75.5,7.3,5.23665865363933,NA,0,NA
2556075,"Derrick Henry","TEN","RB",22,0,13,3.56,3.4,3.688,0.192873015219859,53,0.0399999999999996,11,0.288,NA,42.9,5.8,4.32909345430438,NA,4.7,NA
2540037,"Fozzy Whittaker","CAR","RB",27,4,7,3.53333333333333,2.9,4.34,0.975106831754005,54,0.0733333333333328,11,1.44,NA,66.1,6.4,5.93228364674078,NA,1.5,NA
2495187,"Lance Kendricks","LA","TE",28,5,8,3.53,2.63,4.342,1.08683025353548,27,0.0300000000000002,8,1.712,NA,20.5,2.7,4.77927847304562,NA,1.3,NA
2540232,"Jack Doyle","IND","TE",26,3,10,3.51333333333333,3.012,3.956,0.60351746729762,28,0.103333333333333,8,0.944,NA,27.3,2.5,3.78713793135076,NA,5.5,NA
2553631,"Zach Zenner","DET","RB",NA,NA,10,3.50666666666667,2.894,4.182,0.816353681521271,55,0.106666666666667,11,1.288,NA,54.4,5,4.8753571795108,NA,4.5,NA
71265,"Jared Cook","GB","TE",29,7,4,3.48666666666667,3.142,3.886,0.479826357480843,29,0.293333333333333,8,0.744,NA,22.1,3.8,4.37602083882007,NA,1.5,NA
2543600,"Alfred Blue","HOU","RB",25,2,9,3.41333333333333,3.19,3.662,0.300055550412475,56,0.1225,11,0.472,NA,60.7,6.4,4.84510615055275,NA,5.5,NA
2543770,"Charles Sims","TB","RB",26,2,6,3.38666666666667,1.936,4.8,1.79182402409761,57,0.294166666666666,11,2.864,NA,NA,NA,8.04828926750771,NA,5,NA
2555415,"Austin Hooper","ATL","TE",NA,0,11,3.33333333333333,2.358,4.126,1.17364105813206,30,0.43,8,1.768,NA,27.8,3.8,5.6211957828836,NA,0.5,NA
2508097,"Andrew Hawkins","CLE","WR",30,5,13,3.325,2.817,3.833,0.898025612106915,88,0.0166666666666666,12,1.016,NA,NA,NA,4.40934449211595,NA,0.4,NA
2552418,"Justin Hardy","ATL","WR",25,1,11,3.32,2.736,3.76,0.711898869222308,89,0.0600000000000005,12,1.024,NA,89.5,17.3,7.63955494246311,NA,6.9,NA
2555317,"Tajae Sharpe","TEN","WR",22,0,13,3.29666666666667,2.66,3.948,0.805626050555302,90,0.138333333333334,12,1.288,NA,68.3,8,4.68327559681699,NA,0,NA
2552470,"Sammie Coates","PIT","WR",23,1,8,3.22333333333333,2.1,4.652,1.72656692118589,91,0.139999999999999,12,2.552,NA,84.7,12.9,7.44433909629262,NA,NA,NA
2495979,"DeAngelo Williams","PIT","RB",33,10,8,3.195,2.431,3.959,1.35057395206631,58,0.2875,11,1.528,NA,NA,NA,6.62701310149427,NA,NA,NA
2555331,"Cody Core","CIN","WR",22,0,9,3.09333333333333,2.12,4.264,1.4064612804245,92,0.0800000000000001,12,2.144,NA,99.6,6.3,4.86682300500421,NA,0.8,NA
2552597,"Breshad Perriman","BAL","WR",23,1,8,3.07333333333333,2.62,3.548,0.58183617396423,93,0.131666666666667,12,0.928,NA,66.7,10.1,5.09951404864694,NA,5.2,NA
2552397,"Clive Walford","OAK","TE",25,1,10,3.05333333333333,2.704,3.408,0.440151489073175,31,0.306666666666666,9,0.704,NA,31.1,3.5,4.11769360254421,NA,2.1,NA
2533460,"Robert Turbin","IND","RB",27,4,10,2.99,2.168,3.632,0.994535067255047,59,0.169166666666666,11,1.464,NA,60.5,5.9,5.67741132723589,NA,4.3,NA
2530660,"Kamar Aiken","BAL","WR",27,5,8,2.95333333333333,2.888,3,0.0808290376865475,94,0.0750000000000002,12,0.112000000000001,NA,89.8,9.6,4.31294545328564,NA,1,NA
2552600,"Nelson Agholor","PHI","WR",23,1,4,2.93,2.27,3.47,0.793725393319377,95,0.109166666666667,12,1.2,NA,87.6,7.5,4.50332615080036,NA,2.2,NA
2540145,"Cordarrelle Patterson","MIN","WR",25,3,6,2.82666666666667,2.348,3.212,0.576570319504337,96,0.0266666666666668,12,0.864,NA,72,7.1,4.10184579167619,NA,1.8,NA
2552379,"Jeremy Langford","CHI","RB",25,1,9,2.825,2.693,2.957,0.233345237791561,60,0.00916666666666632,12,0.264,NA,57.4,5.8,4.39427441287278,NA,0.5,NA
2539322,"Christine Michael","GB","RB",26,3,4,2.81666666666667,1.312,4.184,1.81945962673903,61,0.0491666666666668,12,2.872,NA,47.3,6.5,7.34935542965432,NA,3.6,NA
2495461,"Shaun Draughn","SF","RB",29,5,8,2.815,2.723,2.907,0.162634559672906,62,0.1175,12,0.184,NA,NA,NA,2.8006342471981,NA,8.7,NA
2528181,"Bryan Walters","JAC","WR",29,6,5,2.815,2.803,2.827,0.0212132034355963,97,0.0941666666666667,12,0.0239999999999996,NA,97.2,7,3.3800207267142,NA,9.1,NA
2556612,"Tanner McEvoy","SEA","WR",23,0,5,2.785,1.909,3.661,1.54856385079854,98,0.151666666666667,12,1.752,NA,NA,NA,6.02301746469416,NA,10.1,NA
2555408,"Roberto Aguayo","TB","K",22,0,6,2.76666666666667,2.62,2.94,0.208166599946613,1,0.0333333333333332,1,0.32,NA,15.6,4.4,5.16910456789777,NA,11,NA
2540200,"Dion Sims","MIA","TE",25,3,8,2.75333333333333,2.498,2.97,0.306648550189518,32,0.0133333333333332,9,0.472,NA,31.6,2.8,3.44147697177087,NA,6.9,NA
2535724,"Dominique Jones","MIA","TE",29,4,8,2.74,1.9,3.58,1.48492424049175,33,0.0649999999999999,9,1.68,NA,NA,NA,7.91915224526439,NA,NA,NA
2550284,"Trey Burton","PHI","TE",25,2,4,2.74,2.404,3.076,0.5939696961967,33,0.2275,9,0.672,NA,34.3,2.9,4.01950083349772,NA,6.5,NA
2504797,"Matt Bryant","ATL","K",41,14,11,2.73333333333333,2.54,2.94,0.251661147842358,2,0,1,0.4,NA,3.2,3.7,4.56569230640086,NA,6,NA
2506922,"Stephen Gostkowski","NE","K",32,10,9,2.73333333333333,2.6,2.92,0.23094010767585,2,0.0166666666666666,1,0.32,NA,7.7,2.9,3.3354629782169,NA,4,NA
2550636,"Cairo Santos","KC","K",25,2,5,2.73333333333333,2.6,2.92,0.23094010767585,2,0.0499999999999998,1,0.32,NA,4.9,3,3.46935974799933,NA,3,NA
2534770,"Jonathan Grimes","HOU","RB",27,4,9,2.72,2.256,3.184,0.820243866176396,63,0.0799999999999996,12,0.928,NA,70,6.2,5.5684104589204,NA,1.2,NA
2506386,"Mike Nugent","CIN","K",34,11,9,2.7,2.46,2.94,0.3,5,0.0333333333333337,1,0.48,NA,17.4,3.9,5.20453596131268,NA,6,NA
2506147,"John Kuhn","NO","RB",34,10,5,2.675,2.199,3.151,0.841457069611992,64,0.1175,12,0.952,NA,76,5.5,5.20194816747221,NA,0.3,NA
2495259,"Dan Bailey","DAL","K",28,5,7,2.66666666666667,2.44,2.92,0.305505046330389,6,0,1,0.48,NA,3.6,2.5,3.37223804369046,NA,1,NA
2503471,"Adam Vinatieri","IND","K",44,20,10,2.66666666666667,2.5,2.9,0.288675134594813,6,0.0166666666666666,1,0.4,NA,4.8,3.1,4.0464318817308,NA,5,NA
2506677,"Matt Prater","DET","K",32,10,10,2.66666666666667,2.44,2.92,0.305505046330389,6,0.0499999999999998,1,0.48,NA,5.8,3.5,4.71120574151469,NA,10,NA
2550328,"Brandon Coleman","NO","WR",24,2,5,2.65666666666667,2.018,3.522,1.0603930089044,99,0.0666666666666669,12,1.504,NA,101.5,9.6,5.52785935938036,NA,4.7,NA
2504257,"Sebastian Janikowski","OAK","K",38,16,10,2.63333333333333,2.42,2.9,0.321455025366432,9,0.0583333333333331,1,0.48,NA,13.2,4,5.5031219879071,NA,8,NA
2540203,"Levine Toilolo","ATL","TE",25,3,11,2.61,1.978,3.242,1.11722871427475,35,0.234166666666667,9,1.264,NA,41.8,2.7,4.83383396403637,NA,1.9,NA
2550162,"James Wright","CIN","WR",25,2,9,2.61,2.61,2.61,NA,100,0.0399999999999996,12,0,NA,NA,NA,NA,NA,NA,NA
2536044,"Jamize Olawale","OAK","RB",27,4,10,2.605,2.009,3.201,1.05358910396796,65,0.1,12,1.192,NA,64.2,7,6.40207425452341,NA,0.8,NA
2550325,"Chandler Catanzaro","ARI","K",25,2,9,2.6,2.4,2.88,0.346410161513776,10,0.0750000000000002,1,0.48,NA,18.8,3.9,5.56078140393923,NA,5,NA
2495453,"Andre Holmes","OAK","WR",28,5,10,2.57,2.114,3.026,0.806101730552664,101,0.00249999999999995,12,0.912,NA,121.8,7.3,4.45260021023382,NA,0,NA
2553900,"Daniel Brown","CHI","WR",NA,NA,9,2.57,2.57,2.57,NA,101,0.0350000000000001,13,0,NA,NA,NA,NA,NA,4.2,NA
2556697,"Bryce Treggs","PHI","WR",22,0,4,2.565,2.521,2.609,0.0777817459305205,103,0.0750000000000002,13,0.0880000000000001,NA,94.5,5.7,3.02068762199194,NA,NA,NA
2507374,"Steven Hauschka","SEA","K",NA,NA,5,2.55,2.19,2.91,0.636396103067893,11,0.0666666666666664,1,0.72,NA,NA,NA,10.4006033804659,NA,4,NA
2495473,"Shane Vereen","NYG","RB",27,5,8,2.51,2.51,2.51,NA,66,0.160000000000001,12,0,NA,NA,NA,NA,NA,1,NA
2556519,"Alex Erickson","CIN","WR",24,0,9,2.505,2.101,2.909,0.714177848998413,104,0.0375000000000001,13,0.808,NA,111.1,8.1,4.60289396777163,NA,1.6,NA
2541544,"Benny Cunningham","LA","RB",26,3,8,2.5,2.5,2.5,NA,67,0.34,13,0,NA,NA,NA,NA,NA,NA,NA
2553833,"Josh Lambo","SD","K",26,1,11,2.5,2.16,2.88,0.458257569495584,12,0.0499999999999998,1,0.72,NA,12.5,3.8,6.28542785106168,NA,4,NA
2553451,"Neal Sterling","JAC","WR",NA,NA,5,2.475,2.399,2.551,0.134350288425444,105,0.0283333333333333,13,0.152000000000001,NA,NA,NA,2.51503274169804,NA,2.7,NA
2495150,"Kai Forbath","MIN","K",29,5,6,2.46666666666667,2.2,2.84,0.4618802153517,13,0.0833333333333335,1,0.64,NA,21.2,6.2,9.52675783683305,NA,16,NA
2543491,"Paul Richardson","SEA","WR",24,2,5,2.46,2.212,2.708,0.438406204335659,106,0.0408333333333339,13,0.496,NA,NA,NA,3.26924945714221,NA,NA,NA
71309,"Graham Gano","CAR","K",29,7,7,2.43333333333333,2.06,2.86,0.513160143944688,14,0.15,1,0.8,NA,15.4,3.9,6.84075801598867,NA,17,NA
2550272,"Albert Wilson","KC","WR",24,2,5,2.43333333333333,1.384,3.368,1.26460797614649,107,0.0574999999999997,13,1.984,NA,87.9,7.2,4.98822920968826,NA,0,NA
2534820,"Garrett Celek","SF","TE",28,4,8,2.415,2.275,2.555,0.247487373415291,36,0.085,10,0.279999999999999,NA,36.2,4.7,4.52041755539007,NA,0.5,NA
2553606,"Jordan Taylor","DEN","WR",24,1,11,2.405,2.041,2.769,0.643467170879758,108,0.0750000000000002,13,0.728,NA,105.5,14.2,6.53050671509003,NA,1.8,NA
2550546,"Philly Brown","CAR","WR",25,2,7,2.34666666666667,1.93,2.85,0.604841577054135,109,0.0575000000000006,13,0.92,NA,106.1,6.2,3.83956832987429,NA,0.8,NA
2552633,"Jesse James","PIT","TE",22,1,8,2.33666666666667,2.024,2.736,0.48294237061303,37,0.0166666666666666,10,0.712,NA,31.4,3.2,4.00736594811879,NA,0.5,NA
2507463,"Connor Barth","CHI","K",30,8,9,2.33333333333333,1.88,2.84,0.611010092660779,15,0.1,1,0.96,NA,28.2,3.2,6.65457903256686,NA,5,NA
2543683,"Austin Seferian-Jenkins","NYJ","TE",24,2,11,2.32333333333333,1.976,2.8,0.586202467866976,38,0.0150000000000001,10,0.824,NA,40,5.3,5.5025496898935,NA,3.5,NA
2539995,"Mychal Rivera","OAK","TE",26,3,10,2.31666666666667,2.18,2.46,0.175594229214212,39,0.0233333333333334,10,0.279999999999999,NA,38,6.1,5.26463572675979,NA,2.6,NA
2552652,"Chris Conley","KC","WR",24,1,5,2.31333333333333,1.356,3.084,1.15314063900867,110,0.0583333333333331,13,1.728,NA,92.1,7.8,5.04820818783704,NA,7,NA
2552396,"Ben Koyack","JAC","TE",23,1,5,2.3,2.252,2.348,0.0848528137423858,40,0.0941666666666667,10,0.0960000000000001,NA,31.5,4.6,4.16616614042534,NA,1.9,NA
2552580,"A.J. Derby","DEN","TE",25,1,11,2.28666666666667,1.836,2.652,0.542432791535812,41,0.201666666666667,10,0.816,NA,NA,NA,4.53621228699439,NA,2.7,NA
2539203,"Cobi Hamilton","PIT","WR",26,3,8,2.265,2.237,2.293,0.0494974746830582,111,0.02,14,0.0559999999999996,NA,98.6,5.8,3.01864568239138,NA,1.5,NA
222,"Harry Douglas","TEN","WR",32,8,13,2.245,1.833,2.657,0.728319984622144,112,4.44089209850063e-16,14,0.824,NA,119.8,9.8,5.18207832108638,NA,1,NA
2543759,"Ryan Grant","WAS","WR",26,2,9,2.245,1.689,2.801,0.982878425849301,113,0.0975000000000001,14,1.112,NA,122,6.6,4.44058390201529,NA,NA,NA
2550198,"Bennie Fowler","DEN","WR",25,2,11,2.245,2.145,2.345,0.176776695296637,113,0.205,14,0.2,NA,NA,NA,2.62027228338792,NA,0.5,NA
2539637,"Caleb Sturgis","PHI","K",27,3,4,2.23333333333333,2.04,2.44,0.251661147842358,16,0.0333333333333332,2,0.4,NA,14.3,4,4.96738261574813,NA,12,NA
2550545,"Chris Boswell","PIT","K",27,2,8,2.23333333333333,2.06,2.38,0.208166599946613,16,0.0666666666666669,2,0.32,NA,NA,NA,3.82640480372079,NA,9,NA
2543551,"KaDeem Carey","CHI","RB",24,2,9,2.2,1.728,2.704,0.613921819126833,68,0.081666666666667,13,0.976,NA,73.2,6.4,5.35059122048793,NA,0.2,NA
2539227,"Dustin Hopkins","WAS","K",26,3,9,2.16666666666667,2.04,2.28,0.152752523165195,18,0.0166666666666666,2,0.24,NA,9.2,3.5,3.53867394131497,NA,3,NA
2550380,"Cody Parkey","CLE","K",24,2,13,2.16666666666667,1.6,2.8,0.763762615825973,18,0.0499999999999998,2,1.2,NA,31.6,1.3,5.28307220690054,NA,4,NA
2507401,"Dan Carpenter","BUF","K",31,8,10,2.13333333333333,2.02,2.26,0.152752523165195,20,0.0499999999999998,2,0.24,NA,20.8,3.9,4.07426102044466,NA,2,NA
2552586,"Tyler Kroft","CIN","TE",24,1,9,2.125,1.649,2.601,0.841457069611992,42,0.0908333333333333,10,0.952,NA,64.6,5.9,6.33489699821784,NA,NA,NA
2550512,"Damien Williams","MIA","RB",24,2,8,2.12,1.388,2.844,0.910164820238621,69,0.0433333333333334,13,1.456,NA,57.4,5.9,5.54153211858999,NA,6.8,NA
2539217,"Andre Ellington","ARI","RB",27,3,9,2.11666666666667,1.406,2.782,0.865582655402321,70,0.103333333333333,13,1.376,NA,69,7.6,6.44268185321117,NA,NA,NA
89802,"Ryan Succop","TEN","K",30,7,13,2.1,2.02,2.18,0.1,21,0.0666666666666669,2,0.16,NA,22.6,3.9,3.66933146726753,NA,10,NA
2541556,"Brandon McManus","DEN","K",25,2,11,2.06666666666667,2.02,2.1,0.0577350269189626,22,0.0666666666666669,2,0.0800000000000001,NA,11.3,2.9,2.00593688636976,NA,4,NA
497320,"Andre Roberts","DET","WR",28,6,10,2.05,1.794,2.306,0.45254833995939,115,0.0333333333333337,14,0.512,NA,88.1,10.4,5.03827725637065,NA,0,NA
2540259,"MarQueis Gray","MIA","TE",26,3,8,2.045,1.609,2.481,0.770746391493337,43,0.0258333333333329,10,0.872,NA,50.9,3.6,4.77337998305364,NA,NA,NA
2530690,"DuJuan Harris","SF","RB",28,5,8,2.03666666666667,1.856,2.184,0.217332310836041,71,0.0791666666666666,13,0.328,NA,76.7,7.7,5.45589990099079,NA,NA,NA
2543746,"Josh Huff","TB","WR",25,2,6,2.03,1.83,2.23,0.353553390593274,116,0.0333333333333334,14,0.4,NA,96.4,29.7,11.2918139635397,NA,1.7,NA
2495288,"Virgil Green","DEN","TE",28,5,11,2.02333333333333,1.214,2.814,1.0008163334665,44,0.0391666666666666,10,1.6,NA,39.6,4.2,5.56052890152946,NA,0,NA
2540211,"Gavin Escobar","DAL","TE",25,3,7,2.015,1.467,2.563,0.96873629022557,45,0.0683333333333334,10,1.096,NA,56.6,7.2,7.37419118532984,NA,NA,NA
2555214,"Laquon Treadwell","MIN","WR",21,0,6,2.00333333333333,1.214,2.798,0.990067337777251,117,0.0183333333333331,14,1.584,NA,112.7,26.3,10.9579678241451,NA,NA,NA
2506194,"Nick Novak","HOU","K",NA,NA,9,2,1.92,2.08,0.1,23,0,3,0.16,NA,18.1,3.8,3.5354346974851,NA,19,NA
2507232,"Mason Crosby","GB","K",32,9,4,2,2,2,0,23,0,3,0,NA,15.6,3.9,2.90172922024495,NA,8,NA
2553648,"Andrew Franks","MIA","K",23,1,8,2,2,2,0,23,0.0166666666666666,3,0,NA,27,4,3.03562599002737,NA,6,NA
2556601,"Wil Lutz","NO","K",22,0,5,2,2,2,NA,23,0.0333333333333334,3,0,NA,NA,NA,NA,NA,10,NA
71417,"Jordan Norwood","DEN","WR",30,7,11,1.99,1.942,2.038,0.0848528137423855,118,0.0449999999999999,15,0.0959999999999999,NA,97.7,5.8,3.06249549142883,NA,NA,NA
2533457,"Alfred Morris","DAL","RB",28,4,7,1.99,1.424,2.424,0.687240860252066,72,0.1525,13,1,NA,62.2,5.9,5.18251063480455,NA,NA,NA
2555477,"Charone Peake","NYJ","WR",24,0,11,1.98,1.796,2.164,0.325269119345812,119,0.0750000000000002,15,0.368,NA,109.5,6.6,3.62497745391869,NA,1,NA
2506264,"Robbie Gould","NYG","K",34,11,8,1.96666666666667,1.92,2,0.0577350269189626,27,0.0666666666666667,3,0.0800000000000001,NA,22.2,5.5,5.48725290071276,NA,4,NA
2534797,"Greg Zuerlein","LA","K",29,4,8,1.96666666666667,1.92,2,0.0577350269189626,27,0.233333333333333,3,0.0800000000000001,NA,27.8,3.2,2.40762719571703,NA,2,NA
2550313,"Richard Rodgers","GB","TE",24,2,4,1.95333333333333,1.636,2.18,0.392598183048946,46,0.100833333333334,11,0.544,NA,41,5.8,5.46696468273236,NA,0.8,NA
497224,"Ed Dickson","CAR","TE",29,6,7,1.94,1.604,2.276,0.5939696961967,47,0.18,11,0.672,NA,49.5,5,5.3293658068729,NA,0,NA
2550263,"Juwan Thompson","DEN","RB",24,2,11,1.925,1.353,2.497,1.01116269709676,73,0.1825,13,1.144,NA,73.6,7.8,6.79160479025275,NA,NA,NA
2534436,"Deonte Thompson","CHI","WR",27,4,9,1.91,1.262,2.558,1.14551298552221,120,0.02,15,1.296,NA,80.9,9.3,5.53431652958132,NA,2.8,NA
2541388,"Brice Butler","DAL","WR",26,3,7,1.9,1.174,2.638,0.915368778143541,121,0.1025,15,1.464,NA,107.5,10.3,5.5792569758654,NA,0,NA
2553652,"Chris Harper","SF","WR",NA,NA,8,1.88,7.52,7.52,NA,122,0.1975,16,0,NA,109.1,6.1,3.93096515224087,NA,0.8,NA
2536340,"Justin Tucker","BAL","K",27,4,8,1.83333333333333,1.72,1.96,0.152752523165195,29,0.216666666666667,4,0.24,NA,5,4.1,4.34205456000951,NA,13,NA
2555311,"Jerell Adams","NYG","TE",24,0,8,1.765,1.617,1.913,0.261629509039023,48,0.0299999999999998,11,0.296,NA,45.1,4.9,4.67054719981455,NA,1.1,NA
2507828,"Logan Paulsen","CHI","TE",29,6,9,1.755,1.095,2.415,1.1667261889578,49,0.1125,11,1.32,NA,47.7,11.4,10.3492495228561,NA,NA,NA
2550268,"Charcandrick West","KC","RB",25,2,5,1.75,0.994,2.338,0.915368778143541,74,0.085,13,1.344,NA,55.6,3.7,4.29080164362166,NA,6.4,NA
2535708,"Lance Dunbar","DAL","RB",26,4,7,1.735,1.243,2.227,0.869741340859453,75,0.17,13,0.984,NA,75.9,5.4,5.19026795549551,NA,1.2,NA
497270,"Arrelious Benn","JAC","WR",28,6,5,1.715,1.655,1.775,0.106066017177982,123,0.085,16,0.12,NA,117.5,8.3,3.91475306758626,NA,0,NA
2556463,"Stephen Anderson","HOU","TE",23,0,9,1.715,1.463,1.967,0.445477272147525,50,0.1625,11,0.504,NA,51.9,7.9,6.87173066749956,NA,NA,NA
2553434,"Devin Smith","NYJ","WR",NA,NA,11,1.65,1.402,1.898,0.43840620433566,124,0.0450000000000002,16,0.496,NA,142.5,11.5,5.38415431667906,NA,NA,NA
2500351,"Phil Dawson","SF","K",41,18,8,1.63333333333333,1.18,1.98,0.55075705472861,30,0.133333333333333,4,0.8,NA,20,4.6,8.06663013645409,NA,6,NA
2556592,"Roger Lewis","NYG","WR",23,0,8,1.61,1.602,1.618,0.014142135623731,125,0.0725,17,0.016,NA,107.9,8.9,3.99897100986528,NA,0,NA
2507225,"Nick Folk","NYJ","K",32,9,11,1.6,1.16,1.96,0.529150262212918,31,0.6,4,0.8,NA,19.3,3.9,6.96349852311717,NA,11,NA
2556606,"Jalin Marshall","NYJ","WR",NA,0,11,1.6,1.6,1.6,NA,126,0.14,17,0,NA,NA,NA,NA,NA,NA,NA
2507428,"Mike Tolbert","CAR","RB",31,8,7,1.595,1.151,2.039,0.784888527117068,76,0.0774999999999999,13,0.887999999999999,NA,76.3,6.3,5.56870263859264,NA,NA,NA
2550405,"Erik Swoope","IND","TE",24,2,10,1.57,1.53,1.61,0.0707106781186548,51,0.0391666666666663,12,0.0800000000000001,NA,48.1,6.9,5.57539955954273,NA,NA,NA
2552402,"Nick Boyle","BAL","TE",23,1,8,1.535,0.939,2.131,1.05358910396796,52,0.0266666666666668,12,1.192,NA,61.6,6.1,6.84035503341822,NA,1.5,NA
2535890,"Travaris Cadet","NO","RB",27,4,5,1.535,1.259,1.811,0.487903679018718,77,0.0774999999999999,14,0.552,NA,68.7,7.8,5.94889039972324,NA,2.9,NA
2541199,"Luke Willson","SEA","TE",26,3,5,1.52666666666667,1.01,2.234,0.869271725833375,53,0.0966666666666667,12,1.224,NA,NA,NA,5.70935448576812,NA,1.1,NA
2540178,"Knile Davis","KC","RB",25,3,5,1.5,0.996,2.004,0.89095454429505,78,0.1075,14,1.008,NA,NA,NA,5.14656890191539,NA,NA,NA
2495835,"Anthony Fasano","TEN","TE",32,10,13,1.49,1.378,1.602,0.197989898732233,54,0.141666666666667,12,0.224,NA,50.3,5.3,4.80583259294614,NA,1.7,NA
2556805,"Johnny Holton","OAK","WR",25,0,10,1.475,1.367,1.583,0.190918830920368,127,0.0800000000000001,17,0.216,NA,140.5,0.5,1.44303581418307,NA,NA,NA
2555419,"Pharoh Cooper","LA","WR",21,0,8,1.445,1.121,1.769,0.572756492761104,128,0.110833333333333,17,0.648,NA,112.3,10,5.05521497658039,NA,2.2,NA
2556801,"Kenneth Farrow","SD","RB",23,0,11,1.415,1.235,1.595,0.318198051533946,79,0.0874999999999999,14,0.36,NA,74.4,6.2,4.75986016530425,NA,7.8,NA
2553112,"Jason Myers","JAC","K",NA,NA,5,1.4,1.1,1.66,0.360555127546399,32,1.1,5,0.56,NA,30.1,2.2,3.39311339474504,NA,13,NA
2552375,"Cameron Artis-Payne","CAR","RB",24,1,7,1.37,1.29,1.45,0.14142135623731,80,0.155,14,0.16,NA,NA,NA,2.73230605337138,NA,NA,NA
2555364,"Tyler Higbee","LA","TE",23,0,8,1.37,1.282,1.458,0.15556349186104,55,0.0491666666666668,13,0.176,NA,50.5,5.9,5.10393793017279,NA,0.8,NA
81306,"Brandon Tate","BUF","WR",29,7,10,1.345,0.933,1.757,0.728319984622144,129,0.0358333333333336,17,0.824,NA,106.4,11.3,5.67764693552736,NA,0,NA
2541187,"Demetrius Harris","KC","TE",25,3,5,1.32666666666667,0.848,1.936,0.736500735460144,56,0.189166666666666,13,1.088,NA,56.7,7.1,6.89502829891639,NA,NA,NA
2535869,"Rod Streater","SF","WR",28,4,8,1.32333333333333,0.598,1.926,0.871454722480367,130,0.160833333333333,17,1.328,NA,110.9,9.1,5.12833724233616,NA,0.7,NA
2532835,"Rhett Ellison","MIN","TE",28,4,6,1.315,0.799,1.831,0.912167747730646,57,0.355,13,1.032,NA,56.2,5,5.90042929204844,NA,0,NA
2555473,"Ricardo Louis","CLE","WR",NA,0,13,1.295,0.707,1.883,1.03944696834423,131,0.28,17,1.176,NA,142,2.4,3.12315147604048,NA,0,NA
2552635,"Matt Jones","WAS","RB",24,1,9,1.285,1.281,1.289,0.00707106781186548,81,0.145,14,0.00799999999999979,NA,NA,NA,2.29956082580217,NA,NA,NA
2556411,"Josh Ferguson","IND","RB",23,0,10,1.145,0.605,1.685,0.954594154601839,82,0.0349999999999999,14,1.08,NA,81.1,10.5,8.24577374406883,NA,NA,NA
2540230,"Kyle Juszczyk","BAL","RB",25,3,8,1.135,1.035,1.235,0.176776695296637,83,0.1525,15,0.2,NA,73.8,6.4,4.64656420160421,NA,4.6,NA
2553650,"Corey Grant","JAC","RB",NA,NA,5,1.085,0.537,1.633,0.96873629022557,84,0.215,15,1.096,NA,60.5,8,6.83774127881505,NA,1.3,NA
2543750,"Jeff Janis","GB","WR",25,2,4,1.03,0.71,1.35,0.565685424949238,132,0.1375,18,0.64,NA,128.4,13.7,6.26884759706065,NA,0,NA
2552491,"Dorial Green-Beckham","PHI","WR",23,1,4,1,1,1,NA,133,0.2425,18,0,NA,NA,NA,NA,NA,NA,NA
2543794,"Crockett Gillmore","BAL","TE",25,2,8,0.96,0.504,1.416,0.806101730552664,58,0.0475000000000001,13,0.912,NA,NA,NA,5.48261470851542,NA,NA,NA
2550521,"Xavier Grimble","PIT","TE",24,2,8,0.96,0.528,1.392,0.763675323681471,59,0.1175,13,0.864,NA,NA,NA,5.33033111246861,NA,NA,NA
2555430,"Alex Collins","SEA","RB",22,0,5,0.88,0.392,1.32,0.589236794506249,85,0.0283333333333333,15,0.928,NA,77.5,7.8,6.11208849418168,NA,2.6,NA
2556478,"Ben Braunecker","CHI","TE",22,0,9,0.865,0.317,1.413,0.96873629022557,60,0.17,13,1.096,NA,55,9.1,8.55930711362167,NA,NA,NA
2556466,"Peyton Barber","TB","RB",22,0,6,0.86,0.532,1.188,0.579827560572969,86,0.0583333333333333,15,0.656,NA,59.3,11.1,7.98560207909988,NA,NA,NA
2552477,"Aaron Ripkowski","GB","RB",NA,NA,4,0.843333333333333,0.552,1.168,0.39170567181665,87,0.0983333333333334,15,0.616,NA,67.4,6.4,4.99270967678487,NA,0.2,NA
2555387,"Cody Kessler","CLE","QB",23,0,13,0.837,0.777,0.897,0.106066017177982,33,0.159,9,0.12,NA,NA,NA,3.83576271284562,NA,NA,NA
2537933,"Larry Donnell","NYG","TE",28,4,8,0.82,0.532,1.108,0.509116882454314,61,0.265,14,0.576,NA,NA,NA,4.41662953618775,NA,NA,NA
2535966,"Brenton Bersin","CAR","WR",26,3,7,0.785,0.533,1.037,0.445477272147525,134,0.0624999999999998,18,0.504,NA,NA,NA,3.28678938075719,NA,NA,NA
2543640,"Tom Savage","HOU","QB",26,2,9,0.774,0.774,0.774,NA,34,0.364,9,0,NA,NA,NA,NA,NA,NA,NA
2555220,"Derek Watt","SD","RB",24,0,11,0.76,0.496,1.024,0.466690475583122,88,0.0600000000000001,16,0.528,NA,87.5,3,3.16757392547351,NA,NA,NA
2552408,"Darren Waller","BAL","WR",24,1,8,0.73,0.642,0.818,0.15556349186104,135,0.0441666666666667,18,0.176,NA,NA,NA,2.56765251254298,NA,6.3,NA
2552382,"Malcolm Brown","LA","RB",23,1,8,0.73,0.698,0.762,0.0565685424949238,89,0.075,16,0.0639999999999999,NA,77.3,7.1,4.85359404079006,NA,-1.6,NA
2556785,"Paul Turner","PHI","WR",23,0,4,0.715,0.503,0.927,0.37476659402887,136,0.0616666666666668,18,0.424,NA,90.7,9.2,4.54535278493548,NA,1.6,NA
2534571,"Bobby Rainey","NYG","RB",29,4,8,0.67,0.502,0.902,0.285832118559129,90,0.04,16,0.4,NA,79.2,7.3,5.33729022822453,NA,0.9,NA
2541147,"Charles Johnson","MIN","WR",27,3,6,0.656666666666667,0.344,0.944,0.378989885529064,137,0.0191666666666668,18,0.6,NA,118.9,8.7,4.38540122585248,NA,0.6,NA
2543836,"T.J. Jones","DET","WR",24,2,10,0.65,0.65,0.65,NA,138,0.0291666666666667,19,0,NA,NA,NA,NA,NA,NA,NA
2555464,"DeAndre Washington","OAK","RB",23,0,10,0.64,0.568,0.712,0.127279220613579,91,0.07,16,0.144,NA,73.5,12.2,7.88632376475448,NA,NA,NA
2532978,"Jarius Wright","MIN","WR",27,4,6,0.625,0.589,0.661,0.0636396103067893,139,0.0366666666666666,19,0.0720000000000001,NA,NA,NA,2.33963350554823,NA,NA,NA
2555234,"Tyler Ervin","HOU","RB",23,0,9,0.62,0.62,0.62,NA,92,0.105,16,0,NA,NA,NA,NA,NA,NA,NA
2555215,"Leonte Carroo","MIA","WR",22,0,8,0.616666666666667,0.35,0.91,0.354729944229879,140,0.0591666666666666,19,0.56,NA,118.9,11.6,5.31341191490597,NA,NA,NA
2533444,"Randy Bullock","PIT","K",27,4,8,0.6,0.6,0.6,0,33,0.6,6,0,NA,25.3,7.6,7.8559097021946,NA,NA,NA
2505354,"Tony Romo","DAL","QB",36,13,7,0.582,0.3404,0.8236,0.427092495836675,35,0.345,9,0.4832,NA,NA,NA,4.68818221154128,NA,NA,NA
2540928,"Darren Fells","ARI","TE",30,4,9,0.57,0.498,0.642,0.127279220613579,62,0.0399999999999999,14,0.144,NA,57.3,4.1,3.93043532574037,NA,1.2,NA
2555209,"Chris Moore","BAL","WR",23,0,8,0.56,0.424,0.696,0.240416305603426,141,0.0175000000000001,19,0.272,NA,126.2,7.9,3.94923071141098,NA,0.5,NA
2552420,"Keith Mumphery","HOU","WR",24,1,9,0.555,0.287,0.823,0.473761543394987,142,0.04,19,0.536,NA,114.4,8.2,4.33775317394636,NA,1.6,NA
2507218,"Brent Celek","PHI","TE",31,9,4,0.54,0.484,0.596,0.0989949493661166,63,0.025,14,0.112,NA,57.3,9.9,7.49739643447526,NA,0.7,NA
2550183,"Jeremy Butler","SD","WR",25,2,11,0.53,0.506,0.554,0.0424264068711928,143,0.045,20,0.0479999999999999,NA,134.7,5.4,2.87772409006629,NA,NA,NA
79629,"Cedric Peerman","CIN","RB",30,7,9,0.52,0.52,0.52,NA,93,0.025,0,0,NA,97.5,6.5,6.56140670918151,NA,NA,NA
497258,"Andrew Quarless","FA","TE",28,6,NA,0.52,0.52,0.52,NA,64,0.02,14,0,NA,NA,NA,NA,NA,NA,NA
2553554,"Matt Lengel","NE","TE",NA,NA,9,0.51,0.51,0.51,NA,65,0.0425,14,0,NA,NA,NA,NA,NA,NA,NA
2553762,"Terron Ward","ATL","RB",NA,NA,11,0.51,0.51,0.51,NA,94,0.0349999999999999,16,0,NA,NA,NA,NA,NA,2.4,NA
2552428,"Tre McBride","TEN","WR",24,1,13,0.5,0.5,0.5,NA,144,0.04,20,0,NA,NA,NA,NA,NA,NA,NA
497242,"Clay Harbor","DET","TE",29,6,10,0.49,0.49,0.49,0,66,0.0575000000000001,14,0,NA,NA,NA,2.58922638362602,NA,NA,NA
163982,"Will Johnson","NYG","RB",27,5,8,0.48,0.48,0.48,NA,95,0.01,16,0,NA,NA,NA,NA,NA,NA,NA
2506874,"Reggie Bush","BUF","RB",31,10,10,0.47,0.31,0.63,0.282842712474619,96,0.00250000000000006,16,0.32,NA,78.1,6.9,5.10354639214354,NA,0.4,NA
2540261,"Corey Fuller","FA","WR",26,3,NA,0.47,0.47,0.47,NA,145,0.02,20,0,NA,NA,NA,NA,NA,NA,NA
2542022,"Khiry Robinson","NYJ","RB",27,3,11,0.47,0.47,0.47,NA,97,0.0224999999999999,16,0,NA,NA,NA,NA,NA,NA,NA
2495467,"Taiwan Jones","OAK","RB",28,5,10,0.465,0.197,0.733,0.473761543394987,98,0.0625,16,0.536,NA,88.8,4.4,3.98021473450107,NA,NA,NA
2531049,"Chris Matthews","BAL","WR",27,3,8,0.45,0.45,0.45,NA,146,0,20,0,NA,NA,NA,NA,NA,NA,NA
2550163,"Michael Campanaro","BAL","WR",25,2,8,0.45,0.45,0.45,NA,146,0,20,0,NA,NA,NA,NA,NA,NA,NA
2552651,"Kaelin Clay","BAL","WR",24,1,8,0.45,0.45,0.45,NA,146,0.00750000000000001,20,0,NA,NA,NA,NA,NA,NA,NA
2556396,"Chester Rogers","IND","WR",22,0,10,0.45,0.37,0.53,0.14142135623731,146,0.0225,20,0.16,NA,116.2,15.9,6.46948385645799,NA,2.1,NA
71435,"John Phillips","NO","TE",29,7,5,0.445,0.289,0.601,0.275771644662754,67,0.0400000000000001,14,0.312,NA,50.8,12.3,9.31164246723965,NA,0.8,NA
1037885,"Marc Mariani","TEN","WR",29,6,13,0.435,0.359,0.511,0.134350288425444,150,0.015,20,0.152,NA,NA,NA,2.51503274169804,NA,0,NA
2553660,"Akeem Hunt","HOU","RB",23,1,9,0.43,0.342,0.518,0.155563491861041,99,0.055,16,0.176,NA,71.7,7.3,5.12749117544141,NA,1.9,NA
2556404,"Maurice Harris","WAS","WR",24,0,9,0.42,0.364,0.476,0.0989949493661167,151,5.55111512312578e-17,21,0.112,NA,116.4,6.7,3.3773765837084,NA,NA,NA
2556882,"Jake Lampman","NO","WR",23,0,5,0.42,0.42,0.42,NA,151,0.0100000000000001,22,0,NA,NA,NA,NA,NA,NA,NA
2552403,"Nick OLeary","BUF","TE",24,1,10,0.42,0.412,0.428,0.014142135623731,68,0.0649999999999999,15,0.016,NA,53.6,7.4,5.78574977488657,NA,1.2,NA
2555468,"Rashard Higgins","CLE","WR",22,0,13,0.42,0.388,0.452,0.0565685424949238,153,0.0249999999999999,22,0.0639999999999999,NA,121.9,4.6,2.63096075264609,NA,NA,NA
2532900,"Keshawn Martin","FA","WR",26,4,NA,0.4,0.4,0.4,NA,154,0.02,22,0,NA,NA,NA,NA,NA,NA,NA
2507405,"Matthew Mulligan","DET","TE",31,8,10,0.39,0.39,0.39,NA,69,0.07,16,0,NA,NA,NA,NA,NA,NA,NA
2543641,"Devin Street","IND","WR",25,2,10,0.39,0.39,0.39,0,155,0.0225,22,0,NA,NA,NA,2.18177419301341,NA,NA,NA
2555230,"Kenyan Drake","MIA","RB",NA,0,8,0.375,0.227,0.523,0.261629509039023,100,0.00750000000000001,17,0.296,NA,NA,NA,3.11949915172278,NA,1.1,NA
2539289,"Kenjon Barner","PHI","RB",27,3,4,0.375,0.307,0.443,0.120208152801713,101,0.0175,18,0.136,NA,72.4,6,4.32653057839055,NA,NA,NA
2556399,"Tevaun Smith","IND","WR",23,0,10,0.37,0.37,0.37,NA,156,0.0250000000000001,23,0,NA,NA,NA,NA,NA,NA,NA
2556460,"Geronimo Allison","GB","WR",22,0,4,0.365,0.337,0.393,0.0494974746830583,157,0.0525,23,0.0559999999999999,NA,138,4.5,2.5891528832092,NA,NA,NA
2556273,"Darius Jackson","DAL","RB",23,0,7,0.36,0.36,0.36,0,102,0.02,18,0,NA,NA,NA,2.27678476119327,NA,NA,NA
2550474,"Antonio Andrews","TEN","RB",24,2,13,0.355,0.335,0.375,0.0353553390593274,103,0.04,18,0.04,NA,NA,NA,2.3906650842378,NA,NA,NA
2552631,"Javorius Allen","BAL","RB",25,1,8,0.325,0.201,0.449,0.21920310216783,104,0.0325,18,0.248,NA,NA,NA,2.98284276406934,NA,NA,NA
2556752,"Tommylee Lewis","NO","WR",24,0,5,0.325,0.321,0.329,0.00707106781186544,158,0.03,24,0.00799999999999995,NA,139.3,9.1,4.05627686331658,NA,0,NA
2495234,"Luke Stocker","TB","TE",28,5,6,0.32,0.32,0.32,NA,70,0.00250000000000006,16,0,NA,NA,NA,NA,NA,NA,NA
2555289,"Nick Vannett","SEA","TE",NA,0,5,0.32,0.304,0.336,0.0282842712474619,70,0.0125000000000001,16,0.032,NA,54.9,3.3,3.25377495001902,NA,NA,NA
2543481,"Jace Amaro","TEN","TE",24,2,13,0.315,0.0630000000000001,0.567,0.445477272147525,72,0.0225,16,0.504,NA,NA,NA,4.18820414211753,NA,NA,NA
2550738,"Fitzgerald Toussaint","PIT","RB",26,2,8,0.305,0.245,0.365,0.106066017177982,105,0.035,18,0.12,NA,81,6.1,4.36098685497615,NA,0.6,NA
89766,"Brandon Myers","TB","TE",31,7,6,0.3,0.284,0.316,0.028284271247462,73,0.0275,16,0.0320000000000001,NA,56.3,5.1,4.37651635576917,NA,0.9,NA
2555413,"Trevor Davis","GB","WR",23,0,4,0.3,0.292,0.308,0.014142135623731,159,0.015,25,0.0160000000000001,NA,NA,NA,2.21685404024337,NA,NA,NA
2553621,"Lucky Whitehead","DAL","WR",NA,NA,7,0.29,0.29,0.29,NA,160,0.015,25,0,NA,NA,NA,NA,NA,NA,NA
2536342,"Brandon Bostick","NYJ","TE",27,4,11,0.285,0.201,0.369,0.148492424049175,74,0.04,16,0.168,NA,60,5.4,4.77937501779385,NA,1.7,NA
2530763,"Patrick DiMarco","ATL","RB",27,5,11,0.28,0.192,0.368,0.15556349186104,106,0.0225,18,0.176,NA,85.2,6.4,4.61240010469085,NA,0,NA
2543590,"Cody Latimer","DEN","WR",24,2,11,0.28,0.144,0.416,0.240416305603426,161,0.00999999999999995,25,0.272,NA,134,8.1,4.01530652666978,NA,1.6,NA
81308,"Mike Thomas","LA","WR",29,7,8,0.27,0.27,0.27,NA,162,0.00750000000000001,26,0,NA,NA,NA,NA,NA,NA,NA
2556381,"Mike Thomas","LA","WR",22,0,8,0.27,0.27,0.27,NA,162,0.02,26,0,NA,NA,NA,NA,NA,-1.4,NA
2532797,"Brandon Bolden","NE","RB",26,4,9,0.26,0.204,0.316,0.0989949493661167,107,0.00749999999999995,19,0.112,NA,NA,NA,2.59564966571795,NA,NA,NA
2552559,"C.J. Uzomah","CIN","TE",23,1,9,0.26,0.26,0.26,NA,75,0.0325,17,0,NA,NA,NA,NA,NA,NA,NA
2495159,"Dwayne Harris","NYG","WR",29,5,8,0.255,0.251,0.259,0.00707106781186548,164,0.0275,26,0.00800000000000001,NA,NA,NA,2.19931411662839,NA,0,NA
2555227,"Jonathan Williams","BUF","RB",22,0,10,0.255,0.235,0.275,0.0353553390593274,108,0.005,19,0.04,NA,84.1,6.2,4.30433887312613,NA,NA,NA
2539260,"Denard Robinson","JAC","RB",26,3,5,0.25,0.25,0.25,NA,109,5.55111512312578e-17,19,0,NA,NA,NA,NA,NA,NA,NA
230,"Jerome Felton","BUF","RB",30,8,10,0.25,0.21,0.29,0.0707106781186548,110,0.0025,19,0.08,NA,88.3,8.8,5.8493199057056,NA,NA,NA
2534789,"Daryl Richardson","FA","RB",26,4,NA,0.25,0.25,0.25,NA,110,0.0175,19,0,NA,NA,NA,NA,NA,NA,NA
2555478,"Demarcus Robinson","KC","WR",NA,0,5,0.245,0.185,0.305,0.106066017177982,165,0.04,26,0.12,NA,NA,NA,2.44487304723812,NA,NA,NA
4433,"Marcel Reece","SEA","RB",31,8,5,0.245,0.049,0.441,0.346482322781408,112,0.0375,19,0.392,NA,NA,NA,3.39281192702965,NA,3.8,NA
2495441,"Blaine Gabbert","SF","QB",27,5,8,0.238,0.2044,0.2716,0.05939696961967,36,0.0195,10,0.0672,NA,33.4,1.1,2.35667153308291,NA,NA,NA
2506581,"Ryan Fitzpatrick","NYJ","QB",34,11,11,0.236,0.2184,0.2536,0.0311126983722081,37,0.0445,10,0.0352,NA,25.2,6.1,8.65750063090211,NA,NA,NA
2555306,"David Morgan","MIN","TE",23,0,6,0.23,0.198,0.262,0.0565685424949238,76,0.00499999999999998,17,0.064,NA,NA,NA,2.7922711783551,NA,NA,NA
79589,"David Johnson","PIT","TE",29,7,8,0.225,0.221,0.229,0.00707106781186544,77,0,17,0.00799999999999995,NA,NA,NA,2.61460698296715,NA,1.5,NA
2550206,"Ryan Hewitt","CIN","TE",25,2,9,0.225,0.221,0.229,0.00707106781186544,77,0.00249999999999997,17,0.00799999999999995,NA,65,5.7,4.71269259200752,NA,NA,NA
2552660,"Randall Telfer","CLE","TE",24,1,13,0.225,0.205,0.245,0.0353553390593274,77,0.00749999999999998,17,0.04,NA,NA,NA,2.71612938033169,NA,0.7,NA
2552401,"MyCole Pruitt","FA","TE",24,1,NA,0.22,0.22,0.22,NA,80,0.00750000000000001,17,0,NA,NA,NA,NA,NA,NA,NA
2543704,"Lorenzo Taliaferro","BAL","RB",25,2,8,0.22,0.204,0.236,0.0282842712474619,113,0.025,19,0.032,NA,NA,NA,2.36788901962889,NA,NA,NA
2535535,"Phillip Supernaw","TEN","TE",26,4,13,0.215,0.203,0.227,0.0212132034355964,81,0.00499999999999998,17,0.024,NA,NA,NA,2.66536818164942,NA,NA,NA
2535943,"Sean McGrath","SD","TE",29,4,11,0.21,0.186,0.234,0.0424264068711928,82,0,17,0.048,NA,67,0,1.22079630548487,NA,NA,NA
2553552,"Khari Lee","DET","TE",NA,NA,10,0.21,0.21,0.21,NA,82,0.0125,17,0,NA,NA,NA,NA,NA,NA,NA
2553725,"Bradley Marquez","LA","WR",NA,NA,8,0.21,0.21,0.21,NA,166,0.02,26,0,NA,119.8,13.5,8.82057548139184,NA,NA,NA
2555486,"Temarrick Hemingway","LA","TE",23,0,8,0.21,0.21,0.21,0,82,0.03,17,0,NA,NA,NA,2.58922638362602,NA,NA,NA
2532888,"Case Keenum","LA","QB",28,4,8,0.201,0.1858,0.2162,0.0268700576850888,38,0.0195,10,0.0304,NA,NA,NA,3.62547420215418,NA,NA,NA
2543619,"Walt Powell","BUF","WR",25,2,10,0.2,0.2,0.2,NA,167,0.0225,26,0,NA,NA,NA,NA,NA,NA,NA
2495472,"Jordan Todman","IND","RB",26,5,10,0.195,0.175,0.215,0.0353553390593274,114,0.01,19,0.04,NA,90.6,4.3,3.21692439043049,NA,NA,NA
2539315,"Stepfan Taylor","ARI","RB",25,3,9,0.195,0.191,0.199,0.00707106781186548,114,0.0325,19,0.00800000000000001,NA,NA,NA,2.29956082580217,NA,NA,NA
2552399,"Jeff Heuerman","DEN","TE",24,1,11,0.185,0.157,0.213,0.0494974746830583,85,0.01,17,0.056,NA,NA,NA,2.76689057901396,NA,NA,NA
497123,"Colt McCoy","WAS","QB",30,6,9,0.182,0.1516,0.2124,0.0537401153701776,39,0.002,10,0.0608,NA,NA,NA,3.6968220897102,NA,NA,NA
2543497,"AJ McCarron","CIN","QB",26,2,9,0.181,0.1466,0.2154,0.0608111831820431,40,0.0145,10,0.0687999999999999,NA,NA,NA,3.71559784959337,NA,NA,NA
2555362,"Aaron Burbridge","SF","WR",23,0,8,0.18,0.084,0.276,0.169705627484771,168,0.015,26,0.192,NA,135.7,3.7,2.47393897290135,NA,NA,NA
2532842,"Nick Foles","KC","QB",27,4,5,0.179,0.1766,0.1814,0.00424264068711927,41,0.0295,11,0.00479999999999997,NA,NA,NA,3.56539177052805,NA,NA,NA
2533353,"Cory Harkey","LA","TE",26,4,8,0.175,0.123,0.227,0.0919238815542512,86,0.0225,17,0.104,NA,NA,NA,2.91917417506077,NA,NA,NA
2539645,"Brandon Williams","SEA","TE",29,4,5,0.175,0.155,0.195,0.0353553390593274,86,0.05,18,0.04,NA,NA,NA,2.71612938033169,NA,NA,NA
2543638,"DeAnthony Thomas","KC","WR",23,2,5,0.175,0.147,0.203,0.0494974746830583,169,0.0225,27,0.056,NA,NA,NA,2.30455365831827,NA,0.1,NA
2543695,"Jay Prosch","HOU","RB",24,2,9,0.175,0.091,0.259,0.148492424049175,116,0.025,19,0.168,NA,88.5,3.5,2.94127417774567,NA,NA,NA
2552431,"Vince Mayle","DAL","WR",NA,NA,7,0.155,0.031,0.279,0.21920310216783,170,0.005,27,0.248,NA,NA,NA,2.72551182507781,NA,NA,NA
2504833,"Shaun Hill","MIN","QB",NA,NA,6,0.154,0.1188,0.1892,0.0622253967444162,42,0.01,11,0.0704,NA,NA,NA,3.71935300157,NA,NA,NA
2539303,"Zach Line","MIN","RB",26,3,6,0.15,0.126,0.174,0.0424264068711929,117,0.0025,20,0.048,NA,88.4,3.3,2.65598901078986,NA,0,NA
2541828,"Frankie Hammond","FA","WR",NA,NA,NA,0.15,0.15,0.15,NA,171,0.005,27,0,NA,NA,NA,NA,NA,NA,NA
2552464,"Jalston Fowler","TEN","RB",NA,NA,13,0.15,0.102,0.198,0.0848528137423857,117,0.00750000000000001,21,0.0959999999999999,NA,NA,NA,2.55009753650014,NA,0,NA
2556190,"Jakeem Grant","MIA","WR",24,0,8,0.15,0.094,0.206,0.0989949493661167,171,0.0125,27,0.112,NA,NA,NA,2.42733312362314,NA,NA,NA
2539287,"Landry Jones","PIT","QB",27,3,8,0.145,0.0642,0.2258,0.142835569799683,43,0.0135,11,0.1616,NA,NA,NA,3.93339666423807,NA,NA,NA
2552647,"Marcus Murphy","NO","RB",25,1,5,0.145,0.125,0.165,0.0353553390593274,119,0.0125,21,0.04,NA,NA,NA,2.3906650842378,NA,NA,NA
2555316,"Paxton Lynch","DEN","QB",22,0,11,0.143,0.0878,0.1982,0.0975807358037436,44,0.024,11,0.1104,NA,33.3,1.8,3.29473937122943,NA,NA,NA
2495340,"Anthony Sherman","KC","RB",28,5,5,0.14,0.116,0.164,0.0424264068711929,120,0.015,21,0.048,NA,NA,NA,2.4134411488467,NA,NA,NA
2535988,"Brittan Golden","ARI","WR",28,4,9,0.14,0.116,0.164,0.0424264068711929,173,0.00999999999999998,27,0.048,NA,131.4,9.1,4.10012667235404,NA,6.9,NA
2552654,"Geremy Davis","SD","WR",24,1,11,0.135,0.027,0.243,0.190918830920368,174,0.0325,27,0.216,NA,NA,NA,2.65535213061789,NA,NA,NA
2534241,"Derek Carrier","WAS","TE",26,4,9,0.13,0.13,0.13,0,88,0.015,19,0,NA,NA,NA,2.58922638362602,NA,NA,NA
2507029,"Eric Weems","ATL","WR",31,9,11,0.125,0.057,0.193,0.120208152801713,175,0.0475,27,0.136,NA,128.3,11,4.824316497195,NA,0,NA
2550235,"Roosevelt Nix","PIT","RB",NA,NA,8,0.125,0.041,0.209,0.148492424049175,121,0.00750000000000001,21,0.168,NA,NA,NA,2.75508211798029,NA,NA,NA
2550540,"George Atkinson","CLE","RB",24,2,13,0.125,0.025,0.225,0.176776695296637,121,0.0175,21,0.2,NA,96.5,12.5,8.13773701446917,NA,NA,NA
2539961,"Ryan Nassib","NYG","QB",26,3,8,0.12,0.04,0.2,0.14142135623731,45,0.0025,11,0.16,NA,NA,NA,3.92964151226144,NA,NA,NA
2552478,"Blake Bell","SF","TE",25,1,8,0.12,0.096,0.144,0.0424264068711929,89,0.0225,19,0.048,NA,NA,NA,2.74150997967283,NA,3,NA
81284,"Chase Daniel","PHI","QB",30,7,4,0.118,0.0428,0.1932,0.132936074863071,46,0.004,11,0.1504,NA,NA,NA,3.90711060040164,NA,NA,NA
2506053,"Luke McCown","NO","QB",35,12,5,0.117,0.0586,0.1754,0.103237590053236,47,0.00799999999999998,11,0.1168,NA,NA,NA,3.82825240889235,NA,NA,NA
2539275,"Mike Glennon","TB","QB",27,3,6,0.111,0.0958,0.1262,0.0268700576850888,48,0.00449999999999999,12,0.0304,NA,NA,NA,3.62547420215418,NA,NA,NA
2553318,"James OShaughnessy","KC","TE",NA,NA,5,0.11,0.07,0.15,0.0707106781186548,90,0.04,19,0.08,NA,NA,NA,2.84303237703737,NA,NA,NA
2531218,"Chase Reynolds","LA","RB",29,4,8,0.11,0.022,0.198,0.15556349186104,123,0.00499999999999999,21,0.176,NA,NA,NA,2.77785818258919,NA,NA,NA
252,"Chad Henne","JAC","QB",31,8,5,0.107,0.0438,0.1702,0.111722871427475,49,0.002,12,0.1264,NA,NA,NA,3.85078332075215,NA,NA,NA
2506546,"Derek Anderson","CAR","QB",33,11,7,0.106,0.082,0.13,0.0424264068711929,50,0.00349999999999999,12,0.048,NA,NA,NA,3.66678087389714,NA,NA,NA
497145,"Joique Bell","DET","RB",30,6,10,0.105,0.021,0.189,0.148492424049175,124,0.0025,21,0.168,NA,NA,NA,2.75508211798029,NA,-0.2,NA
2539980,"Kerwynn Williams","ARI","RB",25,3,9,0.105,0.021,0.189,0.148492424049175,124,0.005,21,0.168,NA,NA,NA,2.75508211798029,NA,3.4,NA
2507282,"Matt Moore","MIA","QB",32,9,8,0.104,0.0272,0.1808,0.135764501987817,51,0.0035,12,0.1536,NA,NA,NA,3.91462090435491,NA,1.88,NA
2505982,"Matt Schaub","ATL","QB",35,12,11,0.101,0.0458,0.1562,0.0975807358037436,52,0.0025,12,0.1104,NA,NA,NA,3.81323180098582,NA,0,NA
2495443,"Ryan Mallett","BAL","QB",28,5,8,0.1,0.0616,0.1384,0.0678822509939086,53,0.0035,12,0.0768,NA,NA,NA,3.73437360947653,NA,NA,NA
2552636,"Michael Burton","DET","RB",24,1,10,0.1,0.052,0.148,0.0848528137423857,126,0.005,21,0.096,NA,NA,NA,2.55009753650014,NA,NA,NA
2555218,"Dan Vitale","CLE","RB",NA,0,13,0.1,0.068,0.132,0.0565685424949238,126,0.0125,21,0.064,NA,NA,NA,2.45899327806451,NA,0,NA
2506481,"Dan Orlovsky","DET","QB",33,11,10,0.097,0.0386,0.1554,0.103237590053236,54,0.0015,12,0.1168,NA,NA,NA,3.82825240889235,NA,NA,NA
2495425,"Scott Tolzien","IND","QB",29,5,10,0.096,0.0544,0.1376,0.0735391052434009,55,0.00450000000000002,12,0.0832,NA,NA,NA,3.74939421738306,NA,NA,NA
2495748,"Drew Stanton","ARI","QB",32,9,9,0.095,0.0734,0.1166,0.0381837661840736,56,0.00800000000000001,12,0.0432,NA,NA,NA,3.65551541796724,NA,NA,NA
2508101,"James Develin","NE","RB",28,6,9,0.09,0.082,0.098,0.014142135623731,128,0.00749999999999999,21,0.016,NA,NA,NA,2.32233689041108,NA,0,NA
2505076,"Josh McCown","CLE","QB",37,14,13,0.088,0.0176,0.1584,0.124450793488832,57,0.0105,12,0.1408,NA,34.3,0.7,1.93596957913862,NA,NA,NA
2543801,"Jimmy Garoppolo","NE","QB",25,2,9,0.086,0.0652,0.1068,0.0367695526217005,58,0.018,12,0.0416,NA,NA,NA,3.65176026599061,NA,NA,NA
2555219,"Daniel Lasco","NO","RB",24,0,5,0.085,0.081,0.089,0.00707106781186547,129,0.015,22,0.00799999999999999,NA,NA,NA,2.29956082580217,NA,NA,NA
2550454,"Asante Cleveland","SD","TE",24,2,11,0.085,0.017,0.153,0.120208152801713,91,0.0575,19,0.136,NA,NA,NA,3.02069657242531,NA,NA,NA
2539235,"Tavarres King","NYG","WR",26,3,8,0.08,0.08,0.08,NA,176,0.0125,28,0,NA,NA,NA,NA,NA,NA,NA
2553439,"Mike Davis","SF","RB",23,1,8,0.08,0.016,0.144,0.113137084989848,130,0.05,22,0.128,NA,NA,NA,2.64120179493576,NA,NA,NA
2506897,"Devin Hester","BAL","WR",34,10,8,0.075,0.015,0.135,0.106066017177982,177,0.04,28,0.12,NA,NA,NA,2.44487304723812,NA,0,NA
2542065,"Matt McGloin","OAK","QB",27,3,10,0.069,0.0426,0.0954,0.0466690475583121,59,0.00650000000000001,13,0.0528,NA,NA,NA,3.67804632982704,NA,NA,NA
2506562,"Matt Cassel","TEN","QB",34,11,13,0.067,0.0646,0.0694,0.00424264068711929,60,0.00949999999999999,13,0.0048,NA,NA,NA,3.56539177052805,NA,NA,NA
2533437,"Ronnie Hillman","SD","RB",25,4,11,0.06,0.012,0.108,0.0848528137423857,131,0.06,22,0.096,NA,NA,NA,2.55009753650014,NA,NA,NA
2541940,"Rashad Ross","WAS","WR",26,3,9,0.06,0.012,0.108,0.0848528137423857,178,0.05,28,0.096,NA,NA,NA,2.39225327639318,NA,NA,NA
2539228,"EJ Manuel","BUF","QB",26,3,10,0.058,0.058,0.058,NA,61,0.0055,13,0,NA,NA,NA,NA,NA,NA,NA
2506895,"Kellen Clemens","SD","QB",33,10,11,0.057,0.0178,0.0962,0.0692964645562817,62,0.015,13,0.0784,NA,NA,NA,3.73812876145317,NA,NA,NA
2552462,"Gerald Christian","BUF","TE",25,1,10,0.055,0.011,0.099,0.0777817459305202,92,0.055,20,0.088,NA,NA,NA,2.8684129763785,NA,NA,NA
2556477,"Trevone Boykin","SEA","QB",23,0,5,0.048,0.0224,0.0736,0.045254833995939,63,0.019,13,0.0512,NA,NA,NA,3.67429117785041,NA,NA,NA
2552588,"Brett Hundley","GB","QB",23,1,4,0.036,0.0136,0.0584,0.0395979797464467,64,0.021,13,0.0448,NA,NA,NA,3.65927056994387,NA,-0.2,NA
2543751,"David Fales","CHI","QB",26,2,9,0.022,0.0044,0.0396,0.0311126983722081,65,0.018,14,0.0352,NA,NA,NA,3.63673965808408,NA,NA,NA
2550182,"Isaiah Burse","SD","WR",25,2,11,0.01,0.01,0.01,NA,179,0.005,28,0,NA,NA,NA,NA,NA,0,NA
2552411,"Dezmin Lewis","BUF","WR",24,1,10,0.01,0.01,0.01,NA,179,0.01,28,0,NA,NA,NA,NA,NA,NA,NA
2532970,"Brandon Weeden","HOU","QB",33,4,9,0.008,0.0016,0.0144,0.0113137084989848,66,0.008,14,0.0128,NA,NA,NA,3.58416753041122,NA,NA,NA
206,"Andre Caldwell","DET","WR",31,8,10,0,0,0,NA,181,0,0,0,NA,NA,NA,NA,NA,NA,NA
262,"Chris Johnson","ARI","RB",31,8,9,0,0,0,NA,132,0,22,0,NA,NA,NA,NA,NA,NA,NA
264,"Josh Johnson","NYG","QB",30,8,8,0,0,0,0,67,0,14,0,NA,NA,NA,3.55412631459815,NA,NA,NA
284,"Darren McFadden","DAL","RB",29,8,7,0,0,0,NA,132,0,22,0,NA,NA,NA,NA,NA,NA,NA
318,"Jerome Simpson","FA","WR",30,8,NA,0,0,0,NA,181,0,0,0,NA,NA,NA,NA,NA,NA,NA
1990,"Eddie Royal","CHI","WR",30,8,9,0,0,0,NA,181,0,0,0,NA,NA,NA,NA,NA,NA,NA
4487,"Matthew Slater","NE","WR",31,8,9,0,0,0,NA,181,0,0,0,NA,NA,NA,NA,NA,-3,NA
71255,"Chase Coffman","IND","TE",30,7,10,0,0,0,NA,93,0,20,0,NA,NA,NA,NA,NA,NA,NA
79858,"Mark Sanchez","DAL","QB",30,7,7,0,0,0,0,67,0,14,0,NA,NA,NA,3.55412631459815,NA,NA,NA
497204,"C.J. Spiller","FA","RB",29,6,NA,0,0,0,NA,132,0,22,0,NA,NA,NA,NA,NA,NA,NA
497226,"Jim Dray","FA","TE",30,6,NA,0,0,0,NA,93,0,20,0,NA,NA,NA,NA,NA,NA,NA
497256,"Tony Moeaki","FA","TE",29,6,NA,0,0,0,NA,93,0,20,0,NA,NA,NA,NA,NA,NA,NA
497282,"Riley Cooper","FA","WR",29,6,NA,0,0,0,NA,181,0,0,0,NA,NA,NA,NA,NA,NA,NA
1037347,"Joe Webb","CAR","QB",30,6,7,0,0,0,0,67,0,14,0,NA,NA,NA,3.55412631459815,NA,NA,NA
2495181,"Jerrod Johnson","DAL","QB",28,5,7,0,0,0,NA,67,0,14,0,NA,NA,NA,NA,NA,NA,NA
2495215,"Christian Ponder","SF","QB",28,5,8,0,0,0,0,67,0,14,0,NA,NA,NA,3.55412631459815,NA,NA,NA
2495314,"Bruce Miller","FA","RB",29,5,NA,0,0,0,NA,132,0,22,0,NA,NA,NA,NA,NA,NA,NA
2495470,"Stevan Ridley","FA","RB",27,5,NA,0,0,0,NA,132,0,22,0,NA,NA,NA,NA,NA,NA,NA
2495558,"Dwayne Bowe","FA","WR",32,9,NA,0,0,0,NA,181,0,0,0,NA,NA,NA,NA,NA,NA,NA
2504162,"Shayne Graham","FA","K",NA,NA,NA,0,0,0,NA,34,0,6,0,NA,NA,NA,NA,NA,NA,NA
2507183,"James Jones","FA","WR",32,9,NA,0,0,0,NA,181,0,0,0,NA,NA,NA,NA,NA,NA,NA
2508112,"Rob Housler","FA","TE",28,5,NA,0,0,0,NA,93,0,20,0,NA,NA,NA,NA,NA,NA,NA
2508115,"Vincent Brown","FA","WR",27,5,NA,0,0,0,NA,181,0,0,0,NA,NA,NA,NA,NA,NA,NA
2530598,"Jeremy Ross","NYJ","WR",28,5,11,0,0,0,NA,181,0,0,0,NA,NA,NA,NA,NA,NA,NA
2532864,"Dan Herron","FA","RB",27,4,NA,0,0,0,NA,132,0,22,0,NA,NA,NA,NA,NA,NA,NA
2532926,"Isaiah Pead","FA","RB",27,4,NA,0,0,0,NA,132,0,22,0,NA,NA,NA,NA,NA,NA,NA
2532960,"Nick Toon","FA","WR",28,4,NA,0,0,0,NA,181,0,0,0,NA,NA,NA,NA,NA,NA,NA
2532968,"Blair Walsh","FA","K",26,4,NA,0,0,0,NA,34,0,6,0,NA,NA,NA,NA,NA,NA,NA
2533047,"Orson Charles","DET","TE",25,4,10,0,0,0,NA,93,0,20,0,NA,NA,NA,NA,NA,NA,NA
2533349,"Austin Davis","DEN","QB",27,4,11,0,0,0,0,67,0,14,0,NA,NA,NA,3.55412631459815,NA,NA,NA
2533533,"Rueben Randle","FA","WR",25,4,NA,0,0,0,NA,181,0,0,0,NA,NA,NA,NA,NA,NA,NA
2534437,"Austin Johnson","FA","RB",27,3,NA,0,0,0,NA,132,0,22,0,NA,NA,NA,NA,NA,NA,NA
2534870,"Alex Tanney","FA","QB",29,4,NA,0,0,0,NA,67,0,14,0,NA,NA,NA,NA,NA,NA,NA
2534889,"Matt Simms","FA","QB",28,4,NA,0,0,0,NA,67,0,14,0,NA,NA,NA,NA,NA,NA,NA
2535634,"Chris Givens","FA","WR",27,4,NA,0,0,0,NA,181,0,0,0,NA,NA,NA,NA,NA,NA,NA
2535696,"Joe Banyard","JAC","RB",28,4,5,0,0,0,NA,132,0,22,0,NA,NA,NA,NA,NA,NA,NA
2535876,"Griff Whalen","NE","WR",26,4,9,0,0,0,NA,181,0,0,0,NA,NA,NA,NA,NA,NA,NA
2539214,"Kenbrell Thompkins","FA","WR",28,3,NA,0,0,0,NA,181,0,0,0,NA,NA,NA,NA,NA,NA,NA
2539256,"Aaron Dobson","FA","WR",25,3,NA,0,0,0,NA,181,0,0,0,NA,NA,NA,NA,NA,NA,NA
2539258,"Zac Dysert","FA","QB",26,3,NA,0,0,0,NA,67,0,14,0,NA,NA,NA,NA,NA,NA,NA
2539674,"Rodney Smith","FA","WR",26,3,NA,0,0,0,NA,181,0,0,0,NA,NA,NA,NA,NA,NA,NA
2540005,"Marlon Brown","DEN","WR",25,3,11,0,0,0,NA,181,0,0,0,NA,NA,NA,NA,NA,NA,NA
2540224,"Mike James","TB","RB",25,3,6,0,0,0,NA,132,0,22,0,NA,NA,NA,NA,NA,NA,NA
2540225,"Tommy Bohanon","FA","RB",26,3,NA,0,0,0,NA,132,0,22,0,NA,NA,NA,NA,NA,NA,NA
2540279,"Nick Williams","ATL","WR",26,3,11,0,0,0,NA,181,0,0,0,NA,NA,NA,NA,NA,4.9,NA
2541185,"Ryan Griffin","TB","QB",27,3,6,0,0,0,NA,67,0,14,0,NA,NA,NA,NA,NA,NA,NA
2541910,"George Winn","FA","RB",26,3,NA,0,0,0,NA,132,0,22,0,NA,NA,NA,NA,NA,NA,NA
2542060,"Jordan Gay","BUF","K",NA,NA,10,0,0,0,NA,34,NA,6,0,NA,NA,NA,NA,NA,NA,NA
2543565,"Andre Williams","FA","RB",24,2,NA,0,0,0,NA,132,0,22,0,NA,NA,NA,NA,NA,NA,NA
2543587,"Aaron Murray","FA","QB",26,2,NA,0,0,0,NA,67,0,14,0,NA,NA,NA,NA,NA,NA,NA
2543596,"Dri Archer","BUF","RB",25,2,10,0,0,0,0,132,0,23,0,NA,NA,NA,2.27678476119327,NA,NA,NA
2543605,"Zach Mettenberger","PIT","QB",25,2,8,0,0,0,0,67,0,14,0,NA,NA,NA,3.55412631459815,NA,NA,NA
2543682,"Bishop Sankey","FA","RB",24,2,NA,0,0,0,NA,132,0,22,0,NA,NA,NA,NA,NA,NA,NA
2543767,"Logan Thomas","BUF","QB",25,2,10,0,0,0,0,67,0,14,0,NA,NA,NA,3.55412631459815,NA,NA,NA
2543784,"Keith Wenning","FA","QB",25,2,NA,0,0,0,NA,67,0,14,0,NA,NA,NA,NA,NA,NA,NA
2550216,"Jonathan Krause","FA","WR",NA,NA,NA,0,0,0,NA,181,0,28,0,NA,NA,NA,NA,NA,NA,NA
2550243,"Justin Perillo","FA","TE",25,2,NA,0,0,0,NA,93,0,20,0,NA,NA,NA,NA,NA,NA,NA
2550247,"Bryn Renner","FA","QB",26,2,NA,0,0,0,NA,67,0,14,0,NA,NA,NA,NA,NA,NA,NA
2550330,"Kain Colter","FA","WR",24,2,NA,0,0,0,NA,181,0,28,0,NA,NA,NA,NA,NA,NA,NA
2550355,"Nic Jacobs","FA","TE",25,2,NA,0,0,0,NA,93,0,20,0,NA,NA,NA,NA,NA,NA,NA
2550356,"Marcel Jensen","WAS","TE",26,2,9,0,0,0,NA,93,0,20,0,NA,NA,NA,NA,NA,NA,NA
2550376,"Stephen Morris","FA","QB",24,2,NA,0,0,0,NA,67,0,14,0,NA,NA,NA,NA,NA,NA,NA
2550413,"Corey Washington","FA","WR",25,2,NA,0,0,0,NA,181,0,28,0,NA,NA,NA,NA,NA,NA,NA
2550608,"RaShaun Allen","SEA","TE",26,2,5,0,0,0,NA,93,0,20,0,NA,NA,NA,NA,NA,NA,NA
2551357,"Glenn Winston","CLE","RB",27,2,13,0,0,0,NA,132,0,22,0,NA,NA,NA,NA,NA,NA,NA
2551359,"Jerome Cunningham","FA","TE",25,2,NA,0,0,0,NA,93,0,20,0,NA,NA,NA,NA,NA,NA,NA
2552371,"Garrett Grayson","FA","QB",25,1,NA,0,0,0,NA,67,0,14,0,NA,NA,NA,NA,NA,NA,NA
2552376,"David Cobb","FA","RB",23,1,NA,0,0,0,NA,132,0,22,0,NA,NA,NA,NA,NA,NA,NA
2552383,"Terrence Magee","BAL","RB",23,1,8,0,0,0,NA,132,0,22,0,NA,NA,NA,NA,NA,NA,NA
2552421,"Kenny Bell","FA","WR",24,1,NA,0,0,0,NA,181,0,28,0,NA,NA,NA,NA,NA,NA,NA
2552576,"Sean Mannion","LA","QB",24,1,8,0,0,0,0,67,0,14,0,NA,NA,NA,3.55412631459815,NA,NA,NA
2552622,"Chris Manhertz","CAR","TE",NA,NA,7,0,0,0,0,93,0,20,0,NA,NA,NA,2.58922638362602,NA,NA,NA
2552634,"Joey Iosefa","FA","RB",NA,NA,NA,0,0,0,NA,132,0,22,0,NA,NA,NA,NA,NA,NA,NA
2553289,"Evan Spencer","FA","WR",NA,NA,NA,0,0,0,NA,181,0,28,0,NA,NA,NA,NA,NA,NA,NA
2553600,"Jameill Showers","DAL","QB",NA,NA,7,0,0,0,NA,67,0,14,0,NA,NA,NA,NA,NA,NA,NA
2553662,"Gus Johnson","FA","RB",23,1,NA,0,0,0,NA,132,0,22,0,NA,NA,NA,NA,NA,NA,NA
2553867,"Mack Brown","WAS","RB",NA,NA,9,0,0,0,NA,132,0,22,0,NA,NA,NA,NA,NA,NA,NA
2553879,"Jahwan Edwards","SD","RB",24,1,11,0,0,0,NA,132,0,22,0,NA,NA,NA,NA,NA,NA,NA
2555262,"Jeff Driskel","CIN","QB",23,0,9,0,0,0,0,67,0,14,0,NA,NA,NA,3.55412631459815,NA,NA,NA
2555263,"Kevin Hogan","CLE","QB",24,0,13,0,0,0,NA,67,0,14,0,NA,NA,NA,NA,NA,NA,NA
2555332,"Connor Cook","OAK","QB",23,0,10,0,0,0,0,67,0,14,0,NA,NA,NA,3.55412631459815,NA,NA,NA
2555370,"Jordan Payton","CLE","WR",23,0,13,0,0,0,NA,181,0,28,0,NA,NA,NA,NA,NA,NA,NA
2555416,"Christian Hackenberg","NYJ","QB",21,0,11,0,0,0,0,67,0,14,0,NA,NA,NA,3.55412631459815,NA,NA,NA
2555426,"Cardale Jones","BUF","QB",24,0,10,0,0,0,0,67,0,14,0,NA,NA,NA,3.55412631459815,NA,NA,NA
2555427,"Nate Sudfeld","WAS","QB",23,0,9,0,0,0,0,67,0,14,0,NA,NA,NA,3.55412631459815,NA,NA,NA
2555471,"Kenny Lawler","FA","WR",22,0,NA,0,0,0,NA,181,0,28,0,NA,NA,NA,NA,NA,NA,NA
2555483,"Thomas Duarte","MIA","TE",21,0,8,0,0,0,0,93,0,20,0,NA,NA,NA,2.58922638362602,NA,NA,NA
2555487,"Beau Sandland","FA","TE",23,0,NA,0,0,0,NA,93,0,20,0,NA,NA,NA,NA,NA,NA,NA
2555573,"Anthony Dable","FA","WR",NA,2016,NA,0,0,0,NA,181,0,28,0,NA,NA,NA,NA,NA,NA,NA
2556144,"Daniel Braverman","CHI","WR",23,0,9,0,0,0,0,181,0,28,0,NA,128.7,8.8,3.9483931786209,NA,0,NA
2556232,"Jake Rudock","DET","QB",23,0,10,0,0,0,0,67,NA,14,0,NA,NA,NA,3.55412631459815,NA,NA,NA
2556261,"Moritz Boehringer","FA","WR",NA,0,NA,0,0,0,NA,181,0,28,0,NA,NA,NA,NA,NA,NA,NA
2556375,"Rico Gathers","FA","TE",22,0,NA,0,0,0,NA,93,0,20,0,NA,NA,NA,NA,NA,NA,NA
2556453,"Hakeem Valles","ARI","TE",24,0,9,0,0,0,0,93,0,20,0,NA,NA,NA,2.58922638362602,NA,NA,NA
2556454,"Brandon Wilds","FA","RB",23,0,NA,0,0,0,NA,132,0,22,0,NA,NA,NA,NA,NA,0.4,NA
2556473,"Jace Billingsley","FA","WR",23,0,NA,0,0,0,NA,181,0,28,0,NA,NA,NA,NA,NA,NA,NA
2556490,"Devon Cajuste","FA","WR",23,0,NA,0,0,0,NA,181,0,28,0,NA,NA,NA,NA,NA,NA,NA
2556507,"Marshaun Coprich","FA","RB",22,0,NA,0,0,0,NA,132,0,22,0,NA,NA,NA,NA,NA,NA,NA
2556517,"Ed Eagan","BUF","WR",23,0,10,0,0,0,NA,181,0,28,0,NA,NA,NA,NA,NA,NA,NA
2556528,"D.J. Foster","NE","WR",NA,0,9,0,0,0,0,181,0,28,0,NA,NA,NA,2.18177419301341,NA,NA,NA
2556541,"Aaron Green","FA","RB",24,0,NA,0,0,0,NA,132,0,22,0,NA,NA,NA,NA,NA,NA,NA
2556544,"Glenn Gronkowski","FA","RB",23,0,NA,0,0,0,NA,132,NA,22,0,NA,NA,NA,NA,NA,NA,NA
2556569,"Andy Jones","FA","WR",NA,0,NA,0,0,0,NA,181,0,28,0,NA,NA,NA,NA,NA,NA,NA
2556743,"Chris Hubert","ARI","WR",23,0,9,0,0,0,NA,181,0,28,0,NA,NA,NA,NA,NA,NA,NA
2556818,"Ryan OMalley","OAK","TE",23,2016,10,0,0,0,NA,93,NA,20,0,NA,NA,NA,NA,NA,NA,NA
2556851,"Keyarris Garrett","FA","WR",24,0,NA,0,0,0,NA,181,NA,28,0,NA,NA,NA,NA,NA,NA,NA
