"playerId","player","team","position","age","exp","bye","points","lower","upper","sdPts","positionRank","dropoff","tier","ptSpread","overallECR","positionECR","sdRank","risk","sleeper","actualPoints","salary"
2532975,"Russell Wilson","SEA","QB",29,5,6,22.4407333333333,19.73544,25.97944,4.29945806042265,1,2.13756666666666,1,6.244,NA,NA,NA,10.5938053142752,NA,21.58,NA
2555260,"Dak Prescott","DAL","QB",24,1,6,20.8866,17.78296,25.03496,5.06553853800364,2,1.37386666666667,1,7.252,NA,NA,NA,11.8715277928342,NA,26.66,NA
2504775,"Drew Brees","NO","QB",38,16,5,19.7197333333333,19.05336,20.326,0.805975318067082,3,1.51646666666667,1,1.27264,NA,NA,NA,4.76713101700004,NA,18.72,NA
2506340,"Alex Smith","KC","QB",33,12,10,19.3057333333333,17.81944,21.16344,2.23935942031049,4,2.43566666666667,1,3.344,NA,NA,NA,7.15782904604858,NA,17.42,NA
2555224,"Ezekiel Elliott","DAL","RB",22,1,6,18.4006666666667,17.2736,19.368,1.35391334040748,1,2.59866666666667,1,2.0944,NA,NA,NA,5.52955305910552,NA,15.3,NA
310,"Matt Ryan","ATL","QB",32,9,5,17.1008,15.35948,18.70748,2.11270701234222,5,0.552999999999997,2,3.348,NA,NA,NA,6.94658932207641,NA,17.42,NA
79860,"Matthew Stafford","DET","QB",29,8,7,16.6393333333333,15.1986,18.3866,2.10012055209536,6,0.303066666666666,2,3.188,NA,NA,NA,6.92559674537784,NA,22.44,NA
2532820,"Kirk Cousins","WAS","QB",29,5,5,16.4562666666667,14.88376,18.26776,2.17737222663773,7,0.285466666666668,2,3.384,NA,NA,NA,7.05444247889761,NA,7.28,NA
2552475,"Todd Gurley","LAR","RB",23,2,8,16.3846666666667,14.7608,18.5768,2.68364403998245,2,1.3115,1,3.816,NA,NA,NA,8.20016225546288,NA,22.4,NA
2552033,"Jameis Winston","TB","QB",23,2,1,16.2162666666667,16.14076,16.27276,0.0921998553867277,8,0.401266666666668,2,0.132000000000001,NA,NA,NA,3.57664649220143,NA,3.48,NA
2495455,"Cam Newton","CAR","QB",28,6,11,16.1253333333333,14.5348,17.978,2.2255786513474,9,0.652166666666666,2,3.4432,NA,NA,NA,7.13484451793273,NA,20.08,NA
2495240,"Tyrod Taylor","BUF","QB",28,6,6,15.5046666666667,14.8268,16.0428,0.818000814995519,10,0.561400000000001,2,1.216,NA,NA,NA,4.78718797993144,NA,25.9,NA
2555259,"Carson Wentz","PHI","QB",25,1,10,15.4416666666667,12.892,18.512,3.68895762151496,11,1.41776666666667,2,5.62,NA,NA,NA,9.57557008078438,NA,24.76,NA
79607,"LeSean McCoy","BUF","RB",29,8,6,15.2193333333333,12.4796,17.8716,3.3753164789888,3,0.670499999999999,2,5.392,NA,NA,NA,9.58930576930948,NA,2.5,NA
2557973,"Leonard Fournette","JAC","RB",21,0,8,14.927,13.7728,16.492,1.91816240188364,4,0.851499999999998,2,2.7192,NA,NA,NA,6.66278156401699,NA,0,NA
2543499,"Derek Carr","OAK","QB",26,3,10,14.4448666666667,12.88292,16.09892,2.01986807820049,12,1.02933333333333,3,3.216,NA,NA,NA,6.79174606929844,NA,12.7,NA
2495466,"Mark Ingram","NO","RB",28,6,5,14.1706666666667,12.9174,15.3374,1.52405916333105,5,0.537833333333333,2,2.42,NA,NA,NA,5.87127112244475,NA,7.9,NA
2533034,"Lamar Miller","HOU","RB",26,5,7,13.9803333333333,13.0388,15.206,1.48764926421967,6,1.03783333333333,2,2.1672,NA,NA,NA,5.79814608183587,NA,9.1,NA
2555261,"Jacoby Brissett","IND","QB",25,1,11,13.6029333333333,10.94504,16.506,3.51590113816264,13,0.650633333333332,3,5.56096,NA,NA,NA,9.28693440175254,NA,18.52,NA
2557917,"Kareem Hunt","KC","RB",22,0,10,13.2853333333333,11.132,14.8488,2.65090745469044,7,0.842500000000001,2,3.7168,NA,NA,NA,8.13441463771882,NA,6.1,NA
2555334,"Jared Goff","LAR","QB",23,1,8,13.2281333333333,11.67752,15.05,2.18808579661158,14,0.609633333333333,3,3.37248,NA,NA,NA,7.07231131850625,NA,28.44,NA
2552466,"Marcus Mariota","TEN","QB",24,2,8,12.6764666666667,11.008,14.25552,2.03891084977576,15,0.394266666666665,3,3.24752,NA,NA,NA,6.82350693255999,NA,14.32,NA
2543583,"Devonta Freeman","ATL","RB",25,3,5,12.5996666666667,11.7232,13.756,1.40759380978084,8,0.578333333333333,3,2.0328,NA,NA,NA,5.63736402806269,NA,6.4,NA
100029,"49ers","SF","DST",NA,NA,11,12.58,7.284,13.876,5.82655987697715,1,0.42,1,6.592,NA,NA,NA,10.5493230887611,NA,8,NA
2505076,"Josh McCown","NYJ","QB",38,15,11,12.5605333333333,10.62332,14.09932,2.33749178679484,16,0.737866666666665,3,3.476,NA,NA,NA,7.32150105466987,NA,16.9,NA
2558116,"Aaron Jones","GB","RB",23,0,8,12.286,9.7686,14.9326,3.23959920360529,9,0.576499999999999,3,5.164,NA,NA,NA,9.31673343277575,NA,1.1,NA
100025,"Eagles","PHI","DST",NA,NA,10,12.23,10.894,13.566,2.36173664916307,2,0.295,1,2.672,NA,NA,NA,6.11376401034863,NA,11,NA
2540165,"DeAndre Hopkins","HOU","WR",25,4,7,12.0986666666667,10.7408,13.544,1.76220467975015,1,0.319666666666665,1,2.8032,NA,NA,NA,6.10695833313651,NA,14.6,NA
100026,"Cardinals","ARI","DST",NA,NA,8,12.09,11.602,12.578,0.862670273047587,3,0.357499999999998,1,0.975999999999999,NA,NA,NA,4.19470579683139,NA,13,NA
2543477,"Blake Bortles","JAC","QB",26,3,8,12.0038666666667,11.216,12.84128,1.02144840953096,17,0.499000000000001,4,1.62528,NA,NA,NA,5.12651207492405,NA,16.36,NA
2543468,"Mike Evans","TB","WR",24,3,1,11.806,10.4256,13.6816,2.30015390789399,2,0.36916666666667,1,3.256,NA,NA,NA,7.09085300103769,NA,1.3,NA
100013,"Texans","HOU","DST",NA,NA,7,11.78,8.676,10.884,1.95161471607487,4,0.252500000000001,1,2.208,NA,NA,NA,5.58873865004674,NA,15,NA
2540011,"Chris Thompson","WAS","RB",27,4,5,11.7566666666667,9.878,13.614,2.33545677188282,10,0.209,3,3.736,NA,NA,NA,7.50086869133096,NA,3.1,NA
2495454,"Julio Jones","ATL","WR",28,6,5,11.752,10.7192,13.0072,1.50889098347097,3,0.708666666666668,1,2.288,NA,NA,NA,5.64365439656356,NA,11.8,NA
100015,"Jaguars","JAC","DST",NA,NA,8,11.685,11.113,12.257,1.01116269709676,5,0.4125,1,1.144,NA,NA,NA,4.38480118590621,NA,6,NA
2543743,"Carlos Hyde","SF","RB",26,3,11,11.6623333333333,9.6854,13.9254,2.72144747025059,11,0.334166666666668,3,4.24,NA,NA,NA,8.27608604105361,NA,12.5,NA
2543640,"Tom Savage","HOU","QB",27,3,7,11.6414666666667,10.40952,13.318,2.0569189224015,18,0.607133333333335,4,2.90848,NA,NA,NA,6.85354205271091,NA,9.76,NA
2495207,"DeMarco Murray","TEN","RB",29,6,8,11.433,9.3248,14.0568,3.16116228624852,12,0.8535,3,4.732,NA,NA,NA,9.15920202217221,NA,4.1,NA
100003,"Bills","BUF","DST",NA,NA,6,11.37,7.426,11.314,3.43653895656662,6,0.2675,1,3.888,NA,NA,NA,7.48969254079495,NA,NA,NA
2495824,"Jay Cutler","MIA","QB",34,11,1,11.3682666666667,10.936,11.88384,0.619248749157666,19,0.7643,4,0.947840000000003,NA,NA,NA,4.4556954153605,NA,24.44,NA
2507164,"Adrian Peterson","ARI","RB",32,10,8,11.2233333333333,8.219,14.519,3.9877008831322,13,1.362,3,6.3,NA,NA,NA,10.8192085021966,NA,13.7,NA
100010,"Lions","DET","DST",NA,NA,7,11.175,7.395,10.955,3.14662517628014,7,0.199999999999999,1,3.56,NA,NA,NA,7.11855392402982,NA,7,NA
2556370,"Michael Thomas","NO","WR",23,1,5,11.1216666666667,9.196,13.8,3.30688801342491,4,0.202833333333333,1,4.604,NA,NA,NA,8.93214259976776,NA,6.5,NA
100017,"Rams","LAR","DST",NA,NA,8,11.03,10.574,11.486,0.806101730552663,8,0.1875,1,0.911999999999999,NA,NA,NA,4.12228850575527,NA,12,NA
497278,"Dez Bryant","DAL","WR",29,7,6,10.965,9.268,13.136,2.62630443779848,5,0.224499999999999,1,3.868,NA,NA,NA,7.68737354706283,NA,7.3,NA
100030,"Seahawks","SEA","DST",NA,NA,6,10.92,6.696,11.144,3.9315137033972,9,0.154999999999999,1,4.448,NA,NA,NA,8.12334383771102,NA,14,NA
2556214,"Tyreek Hill","KC","WR",23,1,10,10.8726666666667,8.27,14.206,4.0331914575598,6,0.274333333333335,1,5.936,NA,NA,NA,10.2605320621493,NA,12.4,NA
100012,"Titans","TEN","DST",NA,NA,8,10.765,6.577,10.953,3.86787409309041,10,1.6925,1,4.376,NA,NA,NA,8.04187438525038,NA,10,NA
100018,"Raiders","OAK","DST",NA,NA,10,10.765,10.553,10.977,0.374766594028871,10,3.495,1,0.423999999999999,NA,NA,NA,3.57010666129984,NA,3,NA
2540258,"Travis Kelce","KC","TE",28,4,10,10.724,8.8652,12.7132,2.42151440218719,1,1.2515,1,3.848,NA,NA,NA,7.91300746379529,NA,13.3,NA
2495143,"Andy Dalton","CIN","QB",30,6,6,10.7004,10.346,11.07496,0.457686005903612,20,0.2286,5,0.728960000000004,NA,NA,NA,4.18622979811204,NA,5.34,NA
2530747,"Doug Baldwin","SEA","WR",29,6,6,10.6083333333333,8.8094,13.019,2.94555704975024,7,0.265000000000001,1,4.2096,NA,NA,NA,8.27127798670052,NA,16.8,NA
71269,"Michael Crabtree","OAK","WR",30,8,10,10.5883333333333,8.378,13.654,3.78191199439296,8,0.569000000000001,1,5.276,NA,NA,NA,9.80094868321973,NA,4,NA
2505996,"Eli Manning","NYG","QB",36,13,8,10.5075333333333,8.78,12.27808,2.18828248938142,21,0.1031,5,3.49808,NA,NA,NA,7.07263937643325,NA,10.8,NA
2557922,"C.J. Beathard","SF","QB",24,0,11,10.4360666666667,9.41,11.37656,1.24298528283055,22,0.6317,5,1.96656,NA,NA,NA,5.4960067313319,NA,16.36,NA
2552588,"Brett Hundley","GB","QB",24,2,8,10.3728,9.73472,11.128,0.906968312566652,23,1.26413333333333,5,1.39328,NA,NA,NA,4.9355741806433,NA,18,NA
2556601,"Wil Lutz","NO","K",23,1,5,10.2298936170213,8.14997872340426,12.3098085106383,3.67680481391873,1,0.671314349834624,1,4.15982978723404,NA,NA,NA,10.4702825472624,NA,7,NA
2495450,"A.J. Green","CIN","WR",29,6,6,10.0983333333333,7.833,12.289,2.78968785589595,9,0.173833333333333,1,4.456,NA,NA,NA,7.98619742388896,NA,0.6,NA
497326,"Golden Tate","DET","WR",29,7,7,9.94033333333333,8.1122,12.3602,2.94793916716973,10,0.086333333333334,1,4.248,NA,NA,NA,8.27563481538384,NA,11.3,NA
2558019,"Alvin Kamara","NO","RB",21,0,5,9.93566666666667,8.668,11.0176,1.52256242346031,14,0.358166666666666,4,2.3496,NA,NA,NA,5.86826509478469,NA,24.2,NA
2532865,"T.Y. Hilton","IND","WR",28,5,11,9.90866666666667,7.0482,13.4842,4.31014156766728,11,0.236666666666666,1,6.436,NA,NA,NA,10.7670663638149,NA,29.5,NA
2532968,"Blair Walsh","SEA","K",27,5,6,9.86387024608501,7.8993288590604,12.0553020134228,2.64352568462711,2,0.746640516355283,1,4.15597315436242,NA,NA,NA,8.08851472601255,NA,0,NA
2540158,"Zach Ertz","PHI","TE",27,4,10,9.847,7.9752,12.3152,3.00415828477795,2,1,1,4.34,NA,NA,NA,9.11471620007585,NA,0,NA
2552487,"Amari Cooper","OAK","WR",23,2,10,9.79933333333333,7.3884,12.902,3.75737426048209,12,0.404833333333332,1,5.5136,NA,NA,NA,9.75606982794079,NA,5.8,NA
2532899,"Doug Martin","TB","RB",28,5,1,9.787,7.2152,11.8352,3.10205851008649,15,0.652500000000002,4,4.62,NA,NA,NA,9.04049897334568,NA,0.7,NA
2506106,"Larry Fitzgerald","ARI","WR",34,13,8,9.54466666666667,8.1972,11.21,2.00482177096452,13,0.316000000000001,2,3.0128,NA,NA,NA,6.55069846677545,NA,7,NA
2555430,"Alex Collins","BAL","RB",23,1,10,9.368,7.9518,10.6438,1.70973886895046,16,0.674166666666666,4,2.692,NA,NA,NA,6.24418717947993,NA,4.6,NA
89802,"Ryan Succop","TEN","K",31,8,8,9.25328828828829,7.47154054054054,11.2652702702703,2.42291138257491,3,0.380532438913734,1,3.79372972972973,NA,NA,NA,7.57998607132495,NA,6,NA
1032,"Jordy Nelson","GB","WR",32,9,8,9.24433333333333,7.5766,11.2646,2.42808285141453,14,0.0456666666666674,2,3.688,NA,NA,NA,7.32483159755765,NA,3.5,NA
382,"Joe Flacco","BAL","QB",32,9,10,9.23593333333334,8.558,9.92424,0.854195301633843,24,0.440766666666669,6,1.36624,NA,NA,NA,4.84755567044317,NA,13.14,NA
2532884,"Marvin Jones","DET","WR",27,5,7,9.213,7.5472,11.508,2.82557020794034,15,0.0926666666666662,2,3.9608,NA,NA,NA,8.05182528057358,NA,22.7,NA
497328,"Demaryius Thomas","DEN","WR",30,7,5,9.18433333333333,6.8076,12.3716,3.8951927209489,16,0.1295,2,5.564,NA,NA,NA,10.0081360849359,NA,13,NA
2557858,"Evan Engram","NYG","TE",23,0,8,9.098,7.1466,11.277,2.62811015750862,3,0.686666666666666,1,4.1304,NA,NA,NA,8.33911324035353,NA,13,NA
2556462,"Robby Anderson","NYJ","WR",24,1,11,9.05633333333333,7.2412,11.5572,3.07907621427813,17,0.0389999999999997,2,4.316,NA,NA,NA,8.51548094707076,NA,10.8,NA
2552409,"DeVante Parker","MIA","WR",24,2,1,9.05333333333333,6.578,11.97,3.50284289304178,18,0.0854999999999979,2,5.392,NA,NA,NA,9.29053880356845,NA,7.6,NA
2533436,"Brock Osweiler","DEN","QB",27,5,5,8.9814,6.92784,10.45184,2.53867916050847,25,4.24593333333333,6,3.524,NA,NA,NA,7.65705539565485,NA,6.32,NA
2552458,"Devin Funchess","CAR","WR",23,2,11,8.98133333333333,6.6536,12.156,3.89731270663945,19,0.273333333333332,2,5.5024,NA,NA,NA,10.0120134817381,NA,8.6,NA
2558245,"Harrison Butker","KC","K",22,0,10,8.98117117117117,7.97481081081081,9.75837837837838,1.22015100232245,4,0.27845238417545,1,1.78356756756757,NA,NA,NA,4.80755421903007,NA,5,NA
2555346,"Will Fuller","HOU","WR",23,1,7,8.95433333333333,7.789,10.517,1.90972729292256,20,0.548999999999999,2,2.728,NA,NA,NA,6.37677322439679,NA,3.2,NA
2557976,"Joe Mixon","CIN","RB",21,0,6,8.901,8.266,9.7164,0.987062814617185,17,0.439,4,1.4504,NA,NA,NA,4.792776516173,NA,10.6,NA
2506677,"Matt Prater","DET","K",33,11,7,8.76434052757794,7.0549928057554,11.0214388489209,2.74808618381746,5,0.151079586070532,1,3.96644604316547,NA,NA,NA,8.32953269036079,NA,13,NA
2558172,"Jake Elliott","PHI","K",22,0,10,8.6410970464135,7.38926582278481,9.54683544303797,1.54268303273427,6,0.170960385688605,1,2.15756962025316,NA,NA,NA,5.55100909930421,NA,10,NA
2495748,"Drew Stanton","ARI","QB",33,10,8,8.60893333333333,7.15236,9.98836,1.78035232842641,26,7.88188333333333,6,2.836,NA,NA,NA,6.39226498811805,NA,13.24,NA
2495826,"Vernon Davis","WAS","TE",33,11,5,8.596,6.2524,11.374,3.33630753978107,4,0.408333333333333,1,5.1216,NA,NA,NA,9.79977730414425,NA,7.2,NA
71309,"Graham Gano","CAR","K",30,8,11,8.58542483660131,7.40776470588235,9.53372549019608,1.41848545074821,7,0.326572022748493,1,2.12596078431373,NA,NA,NA,5.26472652970056,NA,9,NA
497149,"LeGarrette Blount","PHI","RB",31,7,10,8.48666666666667,6.8,10.8,2.84443901909205,18,0.105333333333332,4,4,NA,NA,NA,8.52310023837584,NA,3.7,NA
2543457,"Sammy Watkins","LAR","WR",24,3,8,8.46166666666667,6.2092,11.354,3.50123411575595,21,0.215666666666667,2,5.1448,NA,NA,NA,9.28759639318739,NA,12.7,NA
2552374,"Ameer Abdullah","DET","RB",24,2,7,8.43733333333333,6.47,9.9676,2.38202357950826,19,0.184666666666667,4,3.4976,NA,NA,NA,7.59439269940962,NA,8.7,NA
2556521,"Kaimi Fairbairn","HOU","K",23,1,7,8.35484848484849,7.45527272727273,9.14181818181818,1.0819176170243,8,0.229022750299347,1,1.68654545454545,NA,NA,NA,4.48891831553392,NA,2,NA
2543488,"Jarvis Landry","MIA","WR",25,3,1,8.349,7.9646,8.7726,0.512082024679641,22,0.211499999999999,2,0.808000000000001,NA,NA,NA,3.82051762424223,NA,9.2,NA
2555230,"Kenyan Drake","MIA","RB",NA,1,1,8.32533333333333,6.516,10.3288,2.41978311700312,20,0.335833333333332,4,3.8128,NA,NA,NA,7.67022833147874,NA,7.4,NA
2540232,"Jack Doyle","IND","TE",27,4,11,8.22666666666667,6.4,10.744,3.09955776415497,5,0.160666666666668,1,4.344,NA,NA,NA,9.31147856423938,NA,6.3,NA
2506404,"Frank Gore","IND","RB",34,12,11,8.18,7.485,8.705,0.846684711093805,21,0.508666666666667,5,1.22,NA,NA,NA,4.51084344930723,NA,7.7,NA
2535686,"Giorgio Tavecchio","OAK","K",27,5,10,8.16285714285714,7.39942857142857,9.16857142857143,1.22383472273483,9,0.204011856116265,1,1.76914285714286,NA,NA,NA,4.81604540644688,NA,11,NA
497236,"Jimmy Graham","SEA","TE",31,7,6,8.14866666666667,6.4748,10.398,2.75038639709648,6,0.2225,1,3.9232,NA,NA,NA,8.5913091866988,NA,5.9,NA
2533040,"Mohamed Sanu","ATL","WR",28,5,5,8.143,5.7796,10.9836,3.41265190138109,23,0.0111666666666661,2,5.204,NA,NA,NA,9.12558190588155,NA,8.3,NA
2540169,"Robert Woods","LAR","WR",25,4,8,8.132,5.2042,11.4642,4.00927013307909,24,0.0748333333333342,2,6.26,NA,NA,NA,10.2167806031373,NA,19,NA
2543475,"Marqise Lee","JAC","WR",26,3,8,8.13166666666667,5.5908,11.3148,3.83824573644436,25,0.401333333333334,2,5.724,NA,NA,NA,9.90398158210229,NA,13.5,NA
2504797,"Matt Bryant","ATL","K",42,15,5,8.08879432624113,7.36147517730496,8.62468085106383,0.891681603312545,10,0.266068056925461,1,1.26320567375886,NA,NA,NA,4.05041336265429,NA,7,NA
2550656,"Cameron Brate","TB","TE",26,3,1,7.98333333333333,6.168,10.448,3.02192543477388,7,0.212166666666667,2,4.28,NA,NA,NA,9.1513611216255,NA,0.9,NA
2543491,"Paul Richardson","SEA","WR",25,3,6,7.98266666666667,6.5486,9.0806,1.74181696321207,26,0.778833333333334,2,2.532,NA,NA,NA,6.0696697480005,NA,4.1,NA
2505629,"Jason Witten","DAL","TE",35,14,6,7.869,6.3094,9.9734,2.57592371781464,8,0.559333333333334,2,3.664,NA,NA,NA,8.23147819539814,NA,0.5,NA
2543533,"Patrick Murray","TB","K",26,3,1,7.82889624724062,7.40793377483444,8.38541721854305,0.677768386128009,11,0.0325228634500165,2,0.977483443708609,NA,NA,NA,3.55733109399427,NA,6,NA
2503471,"Adam Vinatieri","IND","K",45,21,11,7.81655629139073,7.09483443708609,8.51523178807947,0.889149490450117,12,0.205911384421318,2,1.42039735099338,NA,NA,NA,4.04457669687393,NA,10,NA
2495328,"Bilal Powell","NYJ","RB",29,6,11,7.799,5.604,10.2576,2.96396406860812,22,0.273666666666666,5,4.6536,NA,NA,NA,8.76315237565049,NA,7.4,NA
2507374,"Steven Hauschka","BUF","K",NA,NA,6,7.77619047619048,7.24571428571429,8.37714285714286,0.723417813807023,13,0.38213137335404,2,1.13142857142857,NA,NA,NA,3.66255565028516,NA,3,NA
2543683,"Austin Seferian-Jenkins","NYJ","TE",25,3,11,7.67333333333333,6.302,9.534,2.28096653489992,9,0.797166666666667,2,3.232,NA,NA,NA,7.623126105677,NA,2,NA
2557997,"Christian McCaffrey","CAR","RB",21,0,11,7.54366666666667,7.0918,8.167,0.767724125798671,23,0.0833333333333339,5,1.0752,NA,NA,NA,4.35226031265681,NA,15.4,NA
2558123,"Marlon Mack","IND","RB",NA,0,11,7.507,5.5002,9.1162,2.41839347501601,24,0.166166666666667,5,3.616,NA,NA,NA,7.66743739744103,NA,2.9,NA
2507166,"Ted Ginn","NO","WR",32,10,5,7.478,6.198,8.4108,1.57408926049319,27,0.627999999999999,3,2.2128,NA,NA,NA,5.76290029145934,NA,11.9,NA
2550325,"Chandler Catanzaro","NYJ","K",26,3,11,7.44509933774834,6.08282119205298,9.05341721854305,1.93152985103975,14,0.12823125399705,2,2.97059602649007,NA,NA,NA,6.44732337971588,NA,11,NA
2555464,"DeAndre Washington","OAK","RB",24,1,10,7.41366666666667,4.8912,10.7672,4.08959415264319,25,0.215000000000001,5,5.876,NA,NA,NA,11.0238492634349,NA,1.4,NA
100009,"Broncos","DEN","DST",NA,NA,5,7.38,7.284,7.476,0.169705627484772,12,0.28,1,0.192,NA,NA,NA,3.3075939811489,NA,6,NA
2553833,"Josh Lambo","JAC","K",27,2,8,7.34301886792453,6.46241509433962,8.28883018867924,1.15020656896898,15,0.0561428052001745,2,1.82641509433962,NA,NA,NA,4.64632827735151,NA,13,NA
2550380,"Cody Parkey","MIA","K",25,3,1,7.29071729957806,6.17164556962025,8.36607594936709,1.37478047851198,16,0.0198933989469854,2,2.19443037974684,NA,NA,NA,5.1639840550391,NA,5,NA
2506386,"Mike Nugent","DAL","K",35,12,6,7.28303482587065,6.94823880597015,7.6265671641791,0.42437695169947,17,0.0271493908064766,2,0.678328358208955,NA,NA,NA,2.97324926402834,NA,4,NA
2540269,"C.J. Anderson","DEN","RB",26,4,5,7.268,6.758,7.9132,0.779080868716464,26,0.355,6,1.1552,NA,NA,NA,4.37506900774569,NA,1.3,NA
2534797,"Greg Zuerlein","LAR","K",30,5,8,7.2586129753915,6.46161073825503,8.11906040268456,1.04497362705313,18,0.0691327934551769,2,1.65744966442953,NA,NA,NA,4.40376029384598,NA,17,NA
2507232,"Mason Crosby","GB","K",33,10,8,7.25315789473684,6.21084210526316,8.32873684210526,1.32564185049714,19,0.138960363872644,2,2.11789473684211,NA,NA,NA,5.05071669129552,NA,5,NA
100002,"Ravens","BAL","DST",NA,NA,10,7.16,6.408,7.912,1.32936074863071,13,0.175000000000001,1,1.504,NA,NA,NA,4.7921484482094,NA,5,NA
2552453,"Tevin Coleman","ATL","RB",24,2,5,7.12933333333333,5.778,8.1764,1.63736414194685,27,0.492999999999999,6,2.3984,NA,NA,NA,6.09883097195499,NA,8.4,NA
2556450,"Nick Rose","WAS","K",23,1,5,7.1258024691358,6.34585185185185,8.16807407407407,1.27264510376146,20,0.0834535412605586,2,1.82222222222222,NA,NA,NA,4.92855614200378,NA,5,NA
2533444,"Randy Bullock","CIN","K",28,5,6,7.10259259259259,6.33844444444444,8.16777777777778,1.31605768070022,21,0.138833025890603,2,1.82933333333333,NA,NA,NA,5.02862462868767,NA,0,NA
100014,"Colts","IND","DST",NA,NA,11,7.04,6.928,7.152,0.197989898732233,14,0.11,1,0.223999999999998,NA,NA,NA,3.34380262668696,NA,8,NA
2541556,"Brandon McManus","DEN","K",26,3,5,6.9821052631579,5.80189473684211,8.22715789473684,1.52227668831572,22,0.0382379904821102,2,2.42526315789474,NA,NA,NA,5.50397130176468,NA,15,NA
2495966,"Delanie Walker","TEN","TE",33,11,8,6.946,4.4476,10.1196,3.83458381053277,10,1.09166666666667,2,5.672,NA,NA,NA,10.8274770115214,NA,7.1,NA
2556771,"Aldrick Rosas","NYG","K",23,1,8,6.94541387024608,5.70577181208054,8.24322147651007,1.59089813118406,23,0.317219989716403,2,2.53744966442953,NA,NA,NA,5.66214767428427,NA,7,NA
2536340,"Justin Tucker","BAL","K",28,5,10,6.94232067510548,5.78741772151899,7.84615189873418,1.39681985006372,24,1.3144934813349,2,2.05873417721519,NA,NA,NA,5.21478607404288,NA,9,NA
100004,"Panthers","CAR","DST",NA,NA,11,6.93,6.794,7.066,0.240416305603426,15,0.00999999999999979,1,0.271999999999998,NA,NA,NA,3.39811559499405,NA,8,NA
100011,"Packers","GB","DST",NA,NA,8,6.93,6.954,10.906,3.49310749906155,15,0.0899999999999999,1,3.952,NA,NA,NA,7.56210983187107,NA,3,NA
1581,"DeSean Jackson","TB","WR",31,9,1,6.92966666666667,6.156,7.7232,0.980443947063438,28,0.244166666666667,3,1.5672,NA,NA,NA,4.67713898174726,NA,2.5,NA
100001,"Falcons","ATL","DST",NA,NA,5,6.91,6.678,7.142,0.410121933088198,17,0.145,1,0.464,NA,NA,NA,3.61536746822242,NA,9,NA
2552586,"Tyler Kroft","CIN","TE",25,2,6,6.80633333333333,4.8572,9.41,3.17884575488232,11,2.08016666666667,2,4.5528,NA,NA,NA,9.47501082465807,NA,7.9,NA
2550353,"Allen Hurns","JAC","WR",26,3,8,6.77033333333333,5.6912,7.9352,1.41472977396156,29,0.208500000000001,3,2.244,NA,NA,NA,5.47143607722681,NA,3.1,NA
100022,"Saints","NO","DST",NA,NA,5,6.77,6.186,7.354,1.03237590053236,18,0.287500000000001,1,1.168,NA,NA,NA,4.41195767005976,NA,16,NA
100032,"Redskins","WAS","DST",NA,NA,5,6.76,6.328,7.192,0.763675323681472,19,0.607500000000001,1,0.864000000000002,NA,NA,NA,4.06797553744818,NA,10,NA
949,"Jonathan Stewart","CAR","RB",30,9,11,6.69666666666667,5.854,7.47,1.02109418435977,28,0.127333333333334,6,1.616,NA,NA,NA,4.86112455764352,NA,NA,NA
2555295,"Sterling Shepard","NYG","WR",NA,1,8,6.60066666666667,6.3758,6.8358,0.288357995091749,30,0.157166666666666,3,0.46,NA,NA,NA,3.41133239211093,NA,7,NA
234,"Matt Forte","NYJ","RB",32,9,11,6.576,6.012,7.0584,0.677442248461077,29,0.121166666666667,6,1.0464,NA,NA,NA,4.1709396798706,NA,21.6,NA
2550481,"Orleans Darkwa","NYG","RB",25,3,8,6.56266666666667,6.1296,7.0896,0.633483490971417,30,0.272,6,0.959999999999999,NA,NA,NA,4.08265363665159,NA,7.9,NA
2533039,"Alshon Jeffery","PHI","WR",27,5,10,6.523,5.358,7.5732,1.40663321445215,31,0.229166666666667,3,2.2152,NA,NA,NA,5.45662768767462,NA,20.4,NA
2540202,"Kenny Stills","MIA","WR",25,4,1,6.364,5.32,7.2736,1.25519440725331,32,0.180000000000001,3,1.9536,NA,NA,NA,5.17965018288227,NA,2.8,NA
2552631,"Javorius Allen","BAL","RB",26,2,10,6.347,6.0868,6.654,0.368696352029688,31,0.2705,7,0.5672,NA,NA,NA,3.55085951581121,NA,12.5,NA
2500351,"Phil Dawson","ARI","K",42,19,8,6.31406708595388,5.50666666666667,7.15703144654088,1.03434789120416,25,3.84327343516023,3,1.65036477987421,NA,NA,NA,4.3792673615833,NA,8,NA
2540168,"Eddie Lacy","SEA","RB",26,4,6,6.23433333333333,4.7686,7.4246,1.76388671215964,32,0.331,7,2.656,NA,NA,NA,6.35293681433724,NA,3.4,NA
80429,"Jeremy Maclin","BAL","WR",29,8,10,6.22366666666667,5.4228,7.118,1.07865209096044,33,0.102833333333333,3,1.6952,NA,NA,NA,4.85675903521985,NA,9.8,NA
100023,"Giants","NYG","DST",NA,NA,8,6.205,6.201,6.209,0.00707106781186532,20,0.1375,2,0.00800000000000001,NA,NA,NA,3.09939426930504,NA,NA,NA
2552430,"Tyler Lockett","SEA","WR",25,2,6,6.14433333333333,4.951,7.1574,1.43316654068302,34,0.0644999999999989,3,2.2064,NA,NA,NA,5.50515642762711,NA,1,NA
100006,"Bengals","CIN","DST",NA,NA,6,6.1,5.86,6.34,0.424264068711929,21,0.0899999999999999,2,0.48,NA,NA,NA,3.63347179099145,NA,2,NA
2543495,"Davante Adams","GB","WR",25,3,8,6.09733333333333,4.806,7.4012,1.62222696726856,35,0.0861666666666663,3,2.5952,NA,NA,NA,5.85094286228836,NA,5.3,NA
2543847,"John Brown","ARI","WR",27,3,8,6.06233333333333,5.2368,6.908,1.0454091702933,36,0.153,4,1.6712,NA,NA,NA,4.79595862752577,NA,5.2,NA
100008,"Cowboys","DAL","DST",NA,NA,6,6.035,5.823,6.247,0.37476659402887,22,0.1225,2,0.424,NA,NA,NA,3.57010666129984,NA,8,NA
100016,"Chiefs","KC","DST",NA,NA,10,5.985,5.973,5.997,0.0212132034355966,23,0.212499999999999,3,0.024,NA,NA,NA,3.11749859207408,NA,NA,NA
2532903,"Rishard Matthews","TEN","WR",28,5,8,5.96,5.064,7.0432,1.30170541982432,37,0.104000000000001,4,1.9792,NA,NA,NA,5.2647175737682,NA,13,NA
2556075,"Derrick Henry","TEN","RB",23,1,8,5.91866666666667,4.19,7.6028,2.13517805658763,33,0.156166666666667,7,3.4128,NA,NA,NA,7.09863222414784,NA,9.6,NA
2495663,"Marshawn Lynch","OAK","RB",31,10,10,5.888,4.0458,7.2178,2.2717893828434,34,0.551333333333332,7,3.172,NA,NA,NA,7.37300015770149,NA,18.3,NA
2557898,"Cooper Kupp","LAR","WR",24,0,8,5.85866666666667,5.547,6.2198,0.433924340563345,38,0.114666666666667,4,0.6728,NA,NA,NA,3.67756932236834,NA,5.4,NA
497322,"Emmanuel Sanders","DEN","WR",30,7,5,5.85333333333333,4.764,6.644,1.34117796482545,39,0.22325,4,1.88,NA,NA,NA,5.33691179679758,NA,3,NA
100019,"Dolphins","MIA","DST",NA,NA,1,5.84,5.632,6.048,0.367695526217005,24,0.279999999999999,3,0.416000000000001,NA,NA,NA,3.56105449991532,NA,5,NA
100031,"Buccaneers","TB","DST",NA,NA,1,5.705,5.549,5.861,0.275771644662754,25,0.29,4,0.311999999999999,NA,NA,NA,3.44337640191663,NA,5,NA
2550512,"Damien Williams","MIA","RB",25,3,1,5.637,5.0408,6.184,0.722396705418844,35,0.603999999999999,8,1.1432,NA,NA,NA,4.26122546947224,NA,12.1,NA
2532887,"Jermaine Kearse","NYJ","WR",27,5,11,5.63466666666667,4.3948,6.6908,1.48911562121057,40,0.0567500000000001,4,2.296,NA,NA,NA,5.6074857909296,NA,3.8,NA
2543759,"Ryan Grant","WAS","WR",27,3,5,5.6255,5.5419,5.7091,0.147785317267989,41,0.114666666666666,4,0.1672,NA,NA,NA,3.15422874565601,NA,3.9,NA
2543500,"Jordan Matthews","BUF","WR",25,3,6,5.53033333333333,5.1212,5.8692,0.49163028113953,42,0.121916666666666,4,0.748,NA,NA,NA,3.78311193544176,NA,1.6,NA
2539964,"Marquise Goodwin","SF","WR",27,4,11,5.49133333333333,5.142,5.8444,0.439074405235984,43,0.180249999999999,4,0.7024,NA,NA,NA,3.68698865212227,NA,6.8,NA
100024,"Jets","NYJ","DST",NA,NA,11,5.415,6.227,8.603,2.10010714012405,26,NA,5,2.376,NA,NA,NA,5.77883403912156,NA,13,NA
2541966,"Jaron Brown","ARI","WR",27,4,8,5.3255,5.1371,5.5139,0.333047293938864,44,0.0693333333333337,4,0.376799999999999,NA,NA,NA,3.4930679175984,NA,6.3,NA
2552600,"Nelson Agholor","PHI","WR",24,2,10,5.29666666666667,4.346,6.066,1.14444673678303,45,0.0946666666666669,4,1.72,NA,NA,NA,4.9770956726097,NA,3.6,NA
2555343,"Josh Doctson","WAS","WR",NA,1,5,5.21566666666667,4.25,6.126,1.17860440069318,46,0.146000000000001,4,1.876,NA,NA,NA,5.03956912108943,NA,5.9,NA
2555478,"Demarcus Robinson","KC","WR",NA,1,10,5.18833333333333,5.0256,5.3896,0.242314533887948,47,0.239833333333332,5,0.364,NA,NA,NA,3.32712014009888,NA,1.8,NA
2540020,"Theo Riddick","DET","RB",26,4,7,5.03633333333333,4.46,5.5792,0.703242727181258,36,0.075166666666667,8,1.1192,NA,NA,NA,4.22275693562213,NA,7.3,NA
2552429,"Ty Montgomery","GB","RB",24,2,8,5.02966666666667,3.6178,6.4658,1.78077520572736,37,0.165833333333333,8,2.848,NA,NA,NA,6.38685538615709,NA,5.1,NA
2531332,"Terrelle Pryor","WAS","WR",28,6,5,4.951,3.726,6.2644,1.59800281601754,48,0.0114999999999998,5,2.5384,NA,NA,NA,5.8066375412592,NA,1.7,NA
2495448,"Randall Cobb","GB","WR",27,6,8,4.946,4.238,5.582,0.854341851953889,49,0.0233333333333334,5,1.344,NA,NA,NA,4.44650164183035,NA,5.8,NA
2506264,"Robbie Gould","SF","K",35,12,11,4.9415873015873,2.824,6.58780952380952,2.56421303930854,26,4.9415873015873,3,3.76380952380952,NA,NA,NA,7.90569451694911,NA,5,NA
2507763,"Mike Wallace","BAL","WR",31,8,10,4.933,3.7738,6.0698,1.43581927832161,50,0.0861666666666672,5,2.296,NA,NA,NA,5.51000821341172,NA,7.9,NA
2557848,"Corey Davis","TEN","WR",22,0,8,4.91233333333333,4.241,5.569,0.83060720760979,51,0.154666666666667,5,1.328,NA,NA,NA,4.40309161576661,NA,2.8,NA
71265,"Jared Cook","OAK","TE",30,8,10,4.90233333333333,3.114,6.6716,2.22388316539636,12,0.387499999999999,3,3.5576,NA,NA,NA,7.50539109484374,NA,12.6,NA
2553733,"Thomas Rawls","SEA","RB",24,2,6,4.89266666666667,4.3256,5.3736,0.681029612669914,38,0.0905000000000005,9,1.048,NA,NA,NA,4.17814448295582,NA,7,NA
2555223,"Devontae Booker","DEN","RB",25,1,5,4.835,3.99,5.618,1.02631622807008,39,0.137666666666666,9,1.628,NA,NA,NA,4.87161242406716,NA,3,NA
2543614,"Donte Moncrief","IND","WR",24,3,11,4.78133333333333,3.4648,5.8648,1.58260081300792,52,0.0750000000000002,5,2.4,NA,NA,NA,5.7784676920553,NA,0.7,NA
2556885,"Jalen Richard","OAK","RB",24,1,10,4.76933333333333,4.5744,5.024,0.30933207614687,40,0.236833333333333,9,0.449599999999998,NA,NA,NA,3.43163328364373,NA,1.4,NA
2552656,"J.J. Nelson","ARI","WR",25,2,8,4.734,3.481,5.7026,1.51890519783165,53,0.208166666666666,5,2.2216,NA,NA,NA,5.66197012525544,NA,1.5,NA
2543836,"T.J. Jones","DET","WR",25,3,7,4.67866666666667,3.721,5.7042,1.24817880663522,54,0.323166666666666,5,1.9832,NA,NA,NA,5.16681883806544,NA,2.9,NA
2556414,"Rob Kelley","WAS","RB",25,1,5,4.62533333333333,3.54,5.6968,1.34833428100502,41,0.3395,9,2.1568,NA,NA,NA,5.51834816825658,NA,13.8,NA
2555415,"Austin Hooper","ATL","TE",NA,1,5,4.55,3.3576,5.6056,1.43587882497097,13,0.231166666666666,3,2.248,NA,NA,NA,5.88012439521665,NA,3.6,NA
497224,"Ed Dickson","CAR","TE",30,7,11,4.47966666666667,3.2558,5.7358,1.55157350239469,14,0.440416666666668,3,2.48,NA,NA,NA,6.11874580488982,NA,0,NA
2557952,"Wayne Gallman","NYG","RB",23,0,8,4.43966666666667,4.3068,4.5748,0.167571875126267,42,0.417416666666666,9,0.268,NA,NA,NA,3.14692443496926,NA,1.1,NA
2550328,"Brandon Coleman","NO","WR",25,3,5,4.373,2.8098,6.0498,2.03988161421196,55,0.0529999999999999,5,3.24,NA,NA,NA,6.61482197699524,NA,0.7,NA
2495189,"Jeremy Kerley","NYJ","WR",29,6,11,4.338,4.338,4.338,NA,56,0.056750000000001,5,0,NA,NA,NA,NA,NA,0,NA
497284,"Eric Decker","TEN","WR",30,7,8,4.302,3.28,5.2368,1.23748616153879,57,0.06975,5,1.9568,NA,NA,NA,5.14726227780706,NA,8.1,NA
2558066,"Curtis Samuel","CAR","WR",21,0,11,4.2605,3.6049,4.9161,1.15894801436475,58,0.0691666666666668,6,1.3112,NA,NA,NA,5.0036181192347,NA,2.3,NA
2550617,"Taylor Gabriel","ATL","WR",26,3,5,4.204,3.396,4.8984,0.970676568172942,59,0.0549166666666663,6,1.5024,NA,NA,NA,4.65927470849068,NA,5.6,NA
2539205,"Terrance Williams","DAL","WR",28,4,6,4.17866666666667,2.5172,5.6292,1.99789522581474,60,0.0705833333333334,6,3.112,NA,NA,NA,6.53803000201464,NA,14.1,NA
2506122,"Benjamin Watson","BAL","TE",37,13,10,4.158,3.67,4.5532,0.587428293496321,15,0.289083333333334,3,0.8832,NA,NA,NA,4.13018683225572,NA,4.1,NA
2558918,"Matt Breida","SF","RB",22,0,11,4.132,3.0824,5.1816,1.8554481938335,43,0.43025,9,2.0992,NA,NA,NA,6.53682738335884,NA,1.9,NA
2553895,"Adam Humphries","TB","WR",NA,NA,1,4.1195,3.5639,4.6751,0.982171319068115,61,0.0361666666666665,6,1.1112,NA,NA,NA,4.68029829867899,NA,1.4,NA
2541944,"Russell Shepard","CAR","WR",27,4,11,4.09666666666667,3.554,4.69,0.718424201522564,62,0.060833333333334,6,1.136,NA,NA,NA,4.19791191525995,NA,0,NA
2559241,"Travis Rudolph","NYG","WR",NA,0,8,4.07,4.07,4.07,NA,63,0.0893333333333333,6,0,NA,NA,NA,NA,NA,NA,NA
2535698,"Cole Beasley","DAL","WR",28,5,6,4.00166666666667,3.574,4.434,0.537594952853292,64,0.0643333333333338,6,0.86,NA,NA,NA,3.8671800835959,NA,14.4,NA
2495331,"Aldrick Robinson","SF","WR",29,6,11,3.95966666666667,3.4792,4.4,0.582022622698923,65,0.162333333333334,6,0.9208,NA,NA,NA,3.94843709667726,NA,1.8,NA
2558266,"George Kittle","SF","TE",24,0,11,3.9205,3.5377,4.3033,0.676701189595526,16,0.128,3,0.765600000000001,NA,NA,NA,4.31431305817344,NA,2.7,NA
2543646,"Bruce Ellington","HOU","WR",26,3,7,3.915,3.2982,4.5318,1.09035865658966,66,0.293666666666666,6,1.2336,NA,NA,NA,4.87817002885908,NA,2.2,NA
2555417,"C.J. Prosise","SEA","RB",23,1,6,3.9125,2.5545,5.2705,2.40062752212833,44,0.456166666666667,9,2.716,NA,NA,NA,7.63175655080114,NA,0,NA
2495888,"Marcedes Lewis","JAC","TE",33,11,8,3.81733333333333,2.3794,5.2314,1.78324881419653,17,0.114666666666667,3,2.852,NA,NA,NA,6.59657841326604,NA,4.9,NA
2543466,"Eric Ebron","DET","TE",24,3,7,3.76766666666667,2.475,4.827,1.55438358629179,18,0.161166666666666,3,2.352,NA,NA,NA,6.12454163055576,NA,3.5,NA
497302,"Brandon LaFell","CIN","WR",31,7,6,3.67966666666667,3,4.5832,1.10183044672642,67,0.136666666666667,6,1.5832,NA,NA,NA,4.89915162443788,NA,2.8,NA
2557856,"O.J. Howard","TB","TE",23,0,1,3.63766666666667,2.2366,5.1806,1.86546008623431,19,0.1575,3,2.944,NA,NA,NA,6.76613997012861,NA,NA,NA
2552403,"Nick OLeary","BUF","TE",25,2,6,3.57533333333333,2.7908,4.394,1.00472152028974,20,0.212083333333333,3,1.6032,NA,NA,NA,4.99085821525998,NA,2.1,NA
2530660,"Kamar Aiken","IND","WR",28,6,11,3.563,3.3592,3.848,0.352472693977846,68,0.0635000000000003,6,0.488799999999999,NA,NA,NA,3.52859645174306,NA,0,NA
2539336,"Tavon Austin","LAR","WR",26,4,8,3.523,3.5046,3.5414,0.0325269119345811,69,0.0825,6,0.0367999999999999,NA,NA,NA,2.94342422265369,NA,0.9,NA
2556440,"J.D. McKissic","SEA","RB",24,1,6,3.491,3.491,3.491,NA,45,0.0818333333333334,10,0,NA,NA,NA,NA,NA,2.6,NA
2557863,"Zay Jones","BUF","WR",22,0,6,3.476,3.051,3.9478,0.569584936598573,70,0.0883333333333334,6,0.8968,NA,NA,NA,3.92568890336283,NA,11.3,NA
2507428,"Mike Tolbert","BUF","RB",32,9,6,3.42166666666667,2.472,4.22,1.14057368606037,46,0.183833333333334,10,1.748,NA,NA,NA,5.10108521743712,NA,1.6,NA
2556592,"Roger Lewis","NYG","WR",24,1,8,3.405,2.703,4.0422,0.848676616857093,71,0.0820833333333333,6,1.3392,NA,NA,NA,4.43614007922828,NA,0.4,NA
2552471,"T.J. Yeldon","JAC","RB",24,2,8,3.39666666666667,2.329,4.245,1.28821905487123,47,0.3325,10,1.916,NA,NA,NA,5.39761373999579,NA,2.2,NA
2552580,"A.J. Derby","DEN","TE",26,2,5,3.385,2.471,4.183,1.09907916002443,21,0.0665833333333334,3,1.712,NA,NA,NA,5.18547177491805,NA,1.1,NA
2550597,"Seth Roberts","OAK","WR",NA,NA,10,3.37033333333333,2.7382,3.8582,0.766524841954475,72,0.107916666666667,6,1.12,NA,NA,NA,4.28588669274384,NA,2.8,NA
2495187,"Lance Kendricks","GB","TE",29,6,8,3.3415,2.6683,4.0147,1.19006071273696,22,0.1625,3,1.3464,NA,NA,NA,5.37312212189992,NA,3.2,NA
2541316,"Ryan Griffin","HOU","TE",27,4,7,3.29533333333333,2.748,4.0328,0.902366518291394,23,0.260166666666666,3,1.2848,NA,NA,NA,4.77975001730466,NA,0,NA
2543638,"DeAnthony Thomas","KC","WR",24,3,10,3.2755,3.1783,3.3727,0.171826947828331,73,0.0443333333333333,7,0.1944,NA,NA,NA,3.19820024125159,NA,4.1,NA
2558202,"Trent Taylor","SF","WR",23,0,11,3.24933333333333,2.416,4.1488,1.09242406295968,74,0.0579999999999998,7,1.7328,NA,NA,NA,4.88194760155219,NA,2.2,NA
2495453,"Andre Holmes","BUF","WR",29,6,6,3.213,2.3378,3.8498,1.07677156351754,75,0.0931666666666668,7,1.512,NA,NA,NA,4.85331960111135,NA,1.6,NA
2495459,"Torrey Smith","PHI","WR",28,6,10,3.16966666666667,2.2834,3.9634,1.06894168846263,76,0.264666666666667,7,1.68,NA,NA,NA,4.83899897025286,NA,1.1,NA
2557994,"DOnta Foreman","HOU","RB",21,0,7,3.079,1.1604,4.9404,2.36574364629814,48,0.119833333333333,10,3.78,NA,NA,NA,7.56169635017068,NA,3.7,NA
2557870,"Taywan Taylor","TEN","WR",NA,0,8,3.07,2.5268,3.6132,0.960251008851332,77,0.3975,7,1.0864,NA,NA,NA,4.64020664093008,NA,NA,NA
2495353,"Julius Thomas","MIA","TE",29,6,1,3.06266666666667,2.632,3.4064,0.519308514597376,24,0.0701666666666667,4,0.7744,NA,NA,NA,3.98968911853672,NA,14.4,NA
2540156,"Giovani Bernard","CIN","RB",26,4,6,3.04933333333333,2.19,3.8044,1.03394455041522,49,0.186833333333333,10,1.6144,NA,NA,NA,4.88693302079717,NA,NA,NA
2540928,"Darren Fells","DET","TE",31,5,7,3.00766666666667,2.4994,3.525,0.641300501585125,25,0.0601666666666665,4,1.0256,NA,NA,NA,4.24129879109956,NA,1,NA
497238,"Jermaine Gresham","ARI","TE",29,7,8,2.97733333333333,2.6004,3.2964,0.452682375770621,26,0.081,4,0.696,NA,NA,NA,3.85227205215178,NA,8.3,NA
2532838,"Coby Fleener","NO","TE",29,5,5,2.91766666666667,2.1056,3.8616,1.13402660168681,27,0.186416666666667,4,1.756,NA,NA,NA,5.25755121694291,NA,4.6,NA
2555364,"Tyler Higbee","LAR","TE",24,1,8,2.875,2.158,3.5812,0.8898072825056,28,0.328749999999999,4,1.4232,NA,NA,NA,4.75384647001658,NA,6.8,NA
2552582,"Jay Ajayi","PHI","RB",24,2,10,2.869,2.276,3.4896,0.76085018236181,50,0.0276666666666667,10,1.2136,NA,NA,NA,4.33845479807887,NA,13.7,NA
2507999,"Chris Ivory","JAC","RB",29,7,8,2.856,2.1906,3.5146,0.827630956405087,51,0.0333333333333332,10,1.324,NA,NA,NA,4.47257620277897,NA,10.4,NA
2550268,"Charcandrick West","KC","RB",26,3,10,2.82666666666667,1.898,4.002,1.41930734280258,52,0.0319999999999996,10,2.104,NA,NA,NA,5.66088929450928,NA,3.3,NA
925,"Jamaal Charles","DEN","RB",31,9,5,2.81866666666667,2.3908,3.218,0.520677763432753,53,0.184,10,0.8272,NA,NA,NA,3.85609647476698,NA,2.4,NA
2555461,"Wendell Smallwood","PHI","RB",23,1,10,2.77066666666667,2.0664,3.3464,0.847019086758577,54,0.293083333333334,10,1.28,NA,NA,NA,4.51151500387513,NA,2.5,NA
81306,"Brandon Tate","BUF","WR",30,8,6,2.74,2.74,2.74,NA,78,0.138500000000001,7,0,NA,NA,NA,NA,NA,0,NA
2550198,"Bennie Fowler","DEN","WR",26,3,5,2.605,1.365,3.709,1.49429749380771,79,0.00749999999999984,7,2.344,NA,NA,NA,5.61696329652183,NA,0,NA
2550256,"Willie Snead","NO","WR",25,3,5,2.598,2.2142,2.887,0.467917727811204,80,0.00399999999999956,8,0.672800000000001,NA,NA,NA,3.73974231325165,NA,NA,NA
2552418,"Justin Hardy","ATL","WR",26,2,5,2.597,1.7466,3.4474,1.5033090168026,81,0.0296666666666665,8,1.7008,NA,NA,NA,5.63344512967723,NA,2.6,NA
2555209,"Chris Moore","BAL","WR",24,1,10,2.591,2.0134,3.1686,1.02106219203337,82,0.0546666666666669,8,1.1552,NA,NA,NA,4.75142865920124,NA,1.6,NA
2541834,"Josh Hill","NO","TE",27,4,5,2.5875,1.8895,3.2855,1.23390133317053,29,0.085,4,1.396,NA,NA,NA,5.46354383257629,NA,0,NA
2552597,"Breshad Perriman","BAL","WR",24,2,10,2.54366666666667,2.19,2.9268,0.464898196741322,83,0.0206666666666666,8,0.7368,NA,NA,NA,3.73421967214764,NA,2.8,NA
2541388,"Brice Butler","DAL","WR",27,4,6,2.529,2.1456,2.9,0.472263697525016,84,0.0571666666666668,8,0.7544,NA,NA,NA,3.74769097495535,NA,0.6,NA
2558127,"Josh Malone","CIN","WR",21,0,6,2.517,2.1954,2.8386,0.568513852073984,85,0.1405,8,0.6432,NA,NA,NA,3.92372991857861,NA,1.3,NA
2534820,"Garrett Celek","SF","TE",29,5,11,2.505,1.957,3.053,0.96873629022557,30,0.00550000000000006,4,1.096,NA,NA,NA,4.9166383244531,NA,1.3,NA
1062,"Martellus Bennett","GB","TE",30,9,8,2.5,0.25,2.25,1.76776695296637,31,0.0977499999999996,5,2,NA,NA,NA,6.56464692226429,NA,0,NA
2558207,"Jonnu Smith","TEN","TE",22,0,8,2.499,1.9022,3.299,0.977587336251856,32,0.19625,5,1.3968,NA,NA,NA,4.93489369390402,NA,0,NA
2539217,"Andre Ellington","ARI","RB",28,4,8,2.49866666666667,1.207,3.6078,1.55167017543463,55,0.093083333333333,10,2.4008,NA,NA,NA,5.92672462356954,NA,1.4,NA
2495473,"Shane Vereen","NYG","RB",28,6,8,2.4565,1.7553,3.1577,1.23955818742002,56,0.173666666666667,10,1.4024,NA,NA,NA,5.2998840567152,NA,1.4,NA
2534436,"Deonte Thompson","BUF","WR",28,5,6,2.42666666666667,1.337,3.2914,1.31500050697075,86,0.18175,8,1.9544,NA,NA,NA,5.28903393053256,NA,14.1,NA
2543600,"Alfred Blue","HOU","RB",26,3,7,2.35466666666667,2.209,2.5122,0.19123371390352,57,0.151666666666666,11,0.3032,NA,NA,NA,3.19444648154715,NA,0,NA
2558010,"John Ross","CIN","WR",NA,0,6,2.32633333333333,1.8406,2.799,0.599667685750477,87,0.162916666666667,8,0.9584,NA,NA,NA,3.98070944236145,NA,0,NA
2541199,"Luke Willson","SEA","TE",27,4,6,2.3055,1.4139,3.1971,1.57614101526481,33,0.00800000000000001,5,1.7832,NA,NA,NA,6.16941654172727,NA,7,NA
2532835,"Rhett Ellison","NYG","TE",29,5,8,2.3,1.356,3.244,1.66877200360025,34,0.0727500000000005,5,1.888,NA,NA,NA,6.36046886589831,NA,2.1,NA
497246,"Michael Hoomanawanui","NO","TE",29,7,5,2.295,1.467,3.123,1.46371103705615,35,0.17675,5,1.656,NA,NA,NA,5.93752860628304,NA,0,NA
2543603,"Jeremy Hill","CIN","RB",25,3,6,2.211,1.508,2.8224,0.84509940243737,58,0.0484999999999993,11,1.3144,NA,NA,NA,4.50765954155937,NA,0,NA
2540230,"Kyle Juszczyk","SF","RB",26,4,11,2.195,1.751,2.639,0.784888527117068,59,0.0650000000000004,11,0.887999999999999,NA,NA,NA,4.38673301305061,NA,NA,NA
2558262,"Mack Hollins","PHI","WR",24,0,10,2.1635,1.7183,2.6087,0.787009847460628,88,0.0243333333333333,8,0.8904,NA,NA,NA,4.32335321678548,NA,0.8,NA
2540145,"Cordarrelle Patterson","OAK","WR",26,4,10,2.16333333333333,1.6504,2.7464,0.701627631534943,89,0.0948333333333333,8,1.096,NA,NA,NA,4.16719144056595,NA,0,NA
2541187,"Demetrius Harris","KC","TE",26,4,10,2.1595,1.8471,2.4719,0.552250396106694,36,0.232166666666667,5,0.6248,NA,NA,NA,4.05763207302762,NA,0,NA
284,"Darren McFadden","DAL","RB",30,9,6,2.13,0.213,1.917,1.50613744392735,60,0.0266666666666668,12,1.704,NA,NA,NA,5.83527743690424,NA,0,NA
2556118,"Dwayne Washington","DET","RB",NA,1,7,2.13,1.754,2.506,0.664680374315355,61,0.123833333333333,12,0.752,NA,NA,NA,4.14530894240834,NA,0.1,NA
2557895,"Dede Westbrook","JAC","WR",24,0,8,2.115,1.651,2.579,0.820243866176395,90,0.17175,8,0.928,NA,NA,NA,4.38413734304995,NA,0,NA
2556463,"Stephen Anderson","HOU","TE",24,1,7,2.077,1.9914,2.1626,0.151320851173921,37,0.336666666666666,5,0.1712,NA,NA,NA,3.23071094474537,NA,4.4,NA
2533457,"Alfred Morris","DAL","RB",29,5,6,2.07666666666667,1.167,2.771,1.10560315363757,62,0.233583333333333,12,1.604,NA,NA,NA,5.03085097713591,NA,1.1,NA
2556752,"Tommylee Lewis","NO","WR",25,1,5,2.022,1.0476,2.9964,1.72251211897043,91,0.17625,8,1.9488,NA,NA,NA,6.03436170716632,NA,0,NA
2552382,"Malcolm Brown","LAR","RB",24,2,8,1.93566666666667,1.5764,2.2524,0.432419163929321,63,0.205416666666667,12,0.676,NA,NA,NA,3.67883935979865,NA,5.7,NA
2556460,"Geronimo Allison","GB","WR",23,1,8,1.8645,1.3697,2.3593,0.87469108832776,92,0.0960000000000001,9,0.9896,NA,NA,NA,4.48371984778111,NA,0,NA
2558914,"Kendrick Bourne","SF","WR",22,0,11,1.827,1.827,1.827,NA,93,0.17125,9,0,NA,NA,NA,NA,NA,3.9,NA
2557889,"Gerald Everett","LAR","TE",23,0,8,1.77766666666667,1.1532,2.3972,0.777573362026589,38,0.1195,5,1.244,NA,NA,NA,4.52236290556736,NA,5.7,NA
2539980,"Kerwynn Williams","ARI","RB",26,4,8,1.7505,1.2621,2.2389,0.863377379828775,64,0.0465000000000002,12,0.9768,NA,NA,NA,4.54436872976409,NA,0.6,NA
2558105,"Chris Godwin","TB","WR",21,0,1,1.71,1.71,1.71,NA,94,0.157,9,0,NA,NA,NA,NA,NA,0.9,NA
2558138,"Samaje Perine","WAS","RB",22,0,5,1.71,1.606,1.814,0.183847763108503,65,0.048,12,0.208,NA,NA,NA,3.17961265983925,NA,0.9,NA
2552399,"Jeff Heuerman","DEN","TE",25,2,5,1.703,1.1694,2.2366,0.943280446102854,39,0.180833333333333,5,1.0672,NA,NA,NA,4.86413539567328,NA,0,NA
2543770,"Charles Sims","TB","RB",27,3,1,1.698,1.047,2.5662,1.059569252102,66,0.12675,12,1.5192,NA,NA,NA,4.93839724885516,NA,1.1,NA
2553650,"Corey Grant","JAC","RB",NA,NA,8,1.626,1.1908,2.0612,0.769332177930964,67,0.12225,12,0.8704,NA,NA,NA,4.35548989802632,NA,1.8,NA
2495288,"Virgil Green","DEN","TE",29,6,5,1.61333333333333,1.157,1.977,0.550371086934382,40,0.191083333333333,5,0.82,NA,NA,NA,4.05375597938274,NA,0,NA
2556396,"Chester Rogers","IND","WR",23,1,11,1.6015,1.2163,1.9867,0.680943830282645,95,0.1045,9,0.7704,NA,NA,NA,4.12936132445205,NA,1.7,NA
2555460,"Paul Perkins","NYG","RB",23,1,8,1.5165,0.8473,2.1857,1.18298964492509,68,0.2045,12,1.3384,NA,NA,NA,5.18627272935413,NA,0,NA
2555419,"Pharoh Cooper","LAR","WR",22,1,8,1.5045,1.0153,1.9937,0.864791593391148,96,0.105083333333333,9,0.9784,NA,NA,NA,4.46561393782999,NA,0.9,NA
2495471,"Jacquizz Rodgers","TB","RB",27,6,1,1.491,0.9866,1.9626,0.614119695173506,69,0.3945,12,0.976,NA,NA,NA,4.04376370867533,NA,0,NA
2556519,"Alex Erickson","CIN","WR",25,1,6,1.4895,1.2219,1.7571,0.4730544366138,97,0.261083333333333,9,0.5352,NA,NA,NA,3.74913721547853,NA,0,NA
2552402,"Nick Boyle","BAL","TE",24,2,10,1.431,1.0782,1.7838,0.623668181006535,41,0.020083333333333,5,0.7056,NA,NA,NA,4.2049319565488,NA,0,NA
2495835,"Anthony Fasano","MIA","TE",33,11,1,1.4135,1.0163,1.8107,0.702157033718242,42,0.00958333333333328,5,0.7944,NA,NA,NA,4.36681598695326,NA,0.9,NA
2550284,"Trey Burton","PHI","TE",26,3,10,1.40833333333333,1.078,1.722,0.404114257770415,43,0.0523333333333333,5,0.644,NA,NA,NA,3.75209983126442,NA,10.1,NA
2543767,"Logan Thomas","BUF","TE",26,3,6,1.3995,1.0791,1.7199,0.566392531730425,44,0.104,5,0.6408,NA,NA,NA,4.08680036679419,NA,2.5,NA
2555311,"Jerell Adams","NYG","TE",25,1,8,1.3125,0.5609,2.0641,1.32865364184952,45,0.12225,5,1.5032,NA,NA,NA,5.6589714008123,NA,0,NA
2539235,"Tavarres King","NYG","WR",27,4,8,1.30933333333333,0.5026,1.9386,0.976287013809634,98,0.195583333333333,9,1.436,NA,NA,NA,4.669536062644,NA,9.3,NA
2535535,"Phillip Supernaw","TEN","TE",27,5,8,1.2785,0.7093,1.8477,1.00621294962846,46,0.2175,5,1.1384,NA,NA,NA,4.99393430293451,NA,0,NA
2557866,"Jehu Chesson","KC","WR",24,0,10,1.1475,0.4775,1.8175,1.18440385848747,99,0.0955000000000001,9,1.34,NA,NA,NA,5.05017617339472,NA,1,NA
2552375,"Cameron Artis-Payne","CAR","RB",25,2,11,1.133,0.6554,1.6106,0.844285496736738,70,0.194166666666667,12,0.9552,NA,NA,NA,4.50602490677973,NA,0.3,NA
2543628,"Troy Niklas","ARI","TE",25,3,8,1.102,0.8236,1.3804,0.492146319705837,47,0.0847499999999999,5,0.5568,NA,NA,NA,3.9336668245197,NA,1.6,NA
2557034,"Marvin Hall","ATL","WR",24,1,5,1.08,0.108,0.972,0.763675323681471,100,0.1315,10,0.864,NA,NA,NA,4.28067500047212,NA,0,NA
2553743,"Rod Smith","DAL","RB",NA,NA,6,1.06,1.06,1.06,NA,71,0.252916666666667,12,0,NA,NA,NA,NA,NA,0,NA
2556855,"Marcus Johnson","PHI","WR",23,1,10,1.024,1.024,1.024,NA,101,0.1575,10,0,NA,NA,NA,NA,NA,NA,NA
2553744,"Eric Tomlinson","NYJ","TE",NA,NA,11,1.02,1.02,1.02,NA,48,0.135,5,0,NA,NA,NA,NA,NA,0.6,NA
2550313,"Richard Rodgers","GB","TE",25,3,8,1.0145,0.5869,1.4421,0.755897149088419,49,0.27375,5,0.8552,NA,NA,NA,4.47765550326623,NA,0.5,NA
2557960,"Ryan Switzer","DAL","WR",23,0,6,0.873,0.565,1.181,0.544472221513642,102,0.0155,10,0.616,NA,NA,NA,3.87975842298304,NA,0,NA
2553457,"Trevor Siemian","DEN","QB",NA,NA,5,0.862,0.5484,1.1756,0.554371716450253,27,0.27445,7,0.6272,NA,NA,NA,4.34748897301097,NA,0,NA
2532933,"Brian Quick","WAS","WR",28,5,5,0.86,0.836,0.884,0.0424264068711928,103,0.0177499999999999,10,0.0479999999999999,NA,NA,NA,2.96153013260481,NA,4.9,NA
2552651,"Kaelin Clay","CAR","WR",25,2,11,0.855,0.531,1.179,0.572756492761104,104,0.0352500000000001,10,0.648,NA,NA,NA,3.93148959427195,NA,0,NA
2557905,"Amara Darboh","SEA","WR",23,0,6,0.8295,0.5331,1.1259,0.523966124859232,105,0.0210000000000001,10,0.5928,NA,NA,NA,3.84225332379857,NA,0,NA
2557934,"Elijah McGuire","NYJ","RB",23,0,11,0.817666666666667,0.586,0.9884,0.284000586853854,72,0.0264166666666666,12,0.4024,NA,NA,NA,3.38075793851935,NA,3.9,NA
2558150,"ArDarius Stewart","NYJ","WR",NA,0,11,0.81,0.81,0.81,NA,106,0.0117499999999999,10,0,NA,NA,NA,NA,NA,0,NA
2555331,"Cody Core","CIN","WR",23,1,6,0.807,0.6494,0.9646,0.2786000717875,107,0.0294999999999999,10,0.3152,NA,NA,NA,3.39348541286724,NA,0,NA
2558204,"Jamaal Williams","GB","RB",NA,0,8,0.7965,0.6073,0.9857,0.334461507501237,73,0.0165,12,0.3784,NA,NA,NA,3.4821028189381,NA,9.2,NA
2543774,"Jared Abbrederis","DET","WR",27,3,7,0.7895,0.4955,1.0835,0.519723484172112,108,0.02725,10,0.588,NA,NA,NA,3.83449364810524,NA,0,NA
2553728,"Raheem Mostert","SF","RB",NA,NA,11,0.786,0.786,0.786,NA,74,0.04275,12,0,NA,NA,NA,NA,NA,0,NA
2495472,"Jordan Todman","HOU","RB",27,6,7,0.774,0.774,0.774,NA,75,0.12825,12,0,NA,NA,NA,NA,NA,0,NA
2555215,"Leonte Carroo","MIA","WR",23,1,1,0.7655,0.5707,0.9603,0.344361002437849,109,0.01,10,0.3896,NA,NA,NA,3.51376038611397,NA,0,NA
2555348,"Braxton Miller","HOU","WR",25,1,7,0.759,0.7022,0.8158,0.10040916292849,110,0.0180000000000001,10,0.1136,NA,NA,NA,3.06757903374708,NA,0,NA
2540203,"Levine Toilolo","ATL","TE",26,4,5,0.7555,0.2711,1.2399,0.856306312016909,50,0.03525,5,0.9688,NA,NA,NA,4.68475038900887,NA,0.8,NA
2558912,"Victor Bolden","SF","WR",22,0,11,0.752,0.752,0.752,NA,111,0.02525,10,0,NA,NA,NA,NA,NA,NA,NA
2531049,"Chris Matthews","BAL","WR",28,4,10,0.73,0.0730000000000001,0.657,0.51618795026618,112,0.01075,10,0.584,NA,NA,NA,3.82802725169412,NA,0,NA
2533028,"James Hanna","DAL","TE",28,5,6,0.726,0.726,0.726,NA,51,0.0209999999999999,5,0,NA,NA,NA,NA,NA,0,NA
2543590,"Cody Latimer","DEN","WR",25,3,5,0.7235,0.3927,1.0543,0.584777308041275,113,0.0860000000000001,10,0.6616,NA,NA,NA,3.95347534206974,NA,5.1,NA
2553606,"Jordan Taylor","DEN","WR",25,2,5,0.715,0.335,1.095,0.67175144212722,114,0.164,10,0.76,NA,NA,NA,4.11254869378315,NA,0,NA
2554630,"Ross Travis","KC","TE",24,2,10,0.7145,0.3509,1.0781,0.642760064098572,52,0.0695,5,0.7272,NA,NA,NA,4.24430915313367,NA,0.3,NA
2552477,"Aaron Ripkowski","GB","RB",NA,NA,8,0.7125,0.3905,1.0345,0.569220958855171,76,0.1455,12,0.644,NA,NA,NA,3.95358982748653,NA,0.9,NA
2507218,"Brent Celek","PHI","TE",32,10,10,0.6955,0.4271,0.9639,0.474468650176173,53,0.1225,5,0.5368,NA,NA,NA,3.89720645731149,NA,3.9,NA
2557886,"Jeremy Sprinkle","WAS","TE",23,0,5,0.5945,0.3573,0.8317,0.419314321243623,54,0.0555000000000001,5,0.4744,NA,NA,NA,3.78345011162187,NA,0,NA
2543801,"Jimmy Garoppolo","SF","QB",26,3,11,0.5921,0.38738,0.79682,0.361897250611275,28,0.11515,7,0.40944,NA,NA,NA,4.0264666277769,NA,0,NA
2495441,"Blaine Gabbert","ARI","QB",28,6,8,0.583,0.4926,0.6734,0.15980613254816,29,0.2277,7,0.1808,NA,NA,NA,3.68940495890145,NA,0,NA
2559150,"Corey Clement","PHI","RB",NA,0,10,0.579,0.1878,0.9702,0.691550432000444,77,0.0469999999999999,12,0.7824,NA,NA,NA,4.19927432290485,NA,24.6,NA
2540279,"Nick Williams","ATL","WR",27,4,5,0.56,0.56,0.56,NA,115,0.0304999999999999,10,0,NA,NA,NA,NA,NA,0,NA
2556762,"Elijhaa Penny","ARI","RB",24,1,8,0.555,0.111,0.999,0.784888527117068,78,0.05825,12,0.888,NA,NA,NA,4.38673301305061,NA,0,NA
2553454,"Geoff Swaim","DAL","TE",NA,NA,6,0.5515,0.3983,0.7047,0.270821897194448,55,0.03025,5,0.3064,NA,NA,NA,3.47718302707288,NA,0,NA
2558928,"Austin Carr","NO","WR",24,0,5,0.542,0.542,0.542,NA,116,0.0385,10,0,NA,NA,NA,NA,NA,NA,NA
2552396,"Ben Koyack","JAC","TE",24,2,8,0.5265,0.3293,0.7237,0.348603643124968,56,0.0272499999999999,5,0.3944,NA,NA,NA,3.63760864278902,NA,0,NA
2550246,"Bernard Reedy","TB","WR",26,3,1,0.517,0.517,0.517,NA,117,0.03775,10,0,NA,NA,NA,NA,NA,1.5,NA
2552468,"Maxx Williams","BAL","TE",23,2,10,0.516,0.4728,0.5592,0.0763675323681471,57,0.04075,5,0.0863999999999999,NA,NA,NA,3.07611898778255,NA,2.9,NA
2559325,"Trey Edmunds","NO","RB",NA,NA,5,0.509,0.509,0.509,NA,79,0.03125,12,0,NA,NA,NA,NA,NA,NA,NA
2556814,"Max McCaffrey","JAC","WR",23,1,8,0.49,0.0490000000000001,0.441,0.346482322781408,118,0.0495,10,0.392,NA,NA,NA,3.51764022396064,NA,0,NA
2553631,"Zach Zenner","DET","RB",NA,NA,7,0.4845,0.4089,0.5601,0.133643181644257,80,0.014,12,0.1512,NA,NA,NA,3.0787826068063,NA,0,NA
2553318,"James OShaughnessy","FA","TE",NA,NA,NA,0.4825,0.2245,0.7405,0.456083873865323,58,0.0175000000000001,5,0.516,NA,NA,NA,3.85928767541495,NA,0.6,NA
2553660,"Akeem Hunt","KC","RB",24,2,10,0.471,0.2782,0.6638,0.340825468531916,81,0.00525000000000003,12,0.3856,NA,NA,NA,3.49488409326622,NA,0,NA
2536044,"Jamize Olawale","OAK","RB",28,5,10,0.47,0.366,0.574,0.183847763108502,82,0.0207499999999999,12,0.208,NA,NA,NA,3.17961265983925,NA,0,NA
2558069,"Chad Hansen","NYJ","WR",22,0,11,0.4685,0.2081,0.7289,0.460326514552442,119,0.06425,10,0.5208,NA,NA,NA,3.72585818839852,NA,0,NA
2555289,"Nick Vannett","SEA","TE",NA,1,6,0.468,0.2952,0.6408,0.305470129472589,59,0.03975,5,0.3456,NA,NA,NA,3.54864534680098,NA,0,NA
2552397,"Clive Walford","OAK","TE",26,2,10,0.462,0.4556,0.4684,0.0113137084989847,60,0.08025,5,0.0128,NA,NA,NA,2.94194483645633,NA,0,NA
2559163,"Justin Davis","LAR","RB",NA,0,8,0.4615,0.3083,0.6147,0.270821897194448,83,0.0257500000000001,12,0.3064,NA,NA,NA,3.35429007565689,NA,NA,NA
2556603,"Tre Madden","SEA","RB",24,1,6,0.437,0.0874000000000001,0.7866,0.618011326757043,84,0.01975,12,0.6992,NA,NA,NA,4.05157959733546,NA,0,NA
2539289,"Kenjon Barner","PHI","RB",28,4,10,0.4345,0.1429,0.7261,0.515480843484993,85,0.0619999999999999,12,0.5832,NA,NA,NA,3.84565906649352,NA,0,NA
2558129,"Isaiah McKenzie","DEN","WR",22,0,5,0.4125,0.2673,0.5577,0.256679761570717,120,0.0205000000000001,10,0.2904,NA,NA,NA,3.35339375511833,NA,1.4,NA
2535708,"Lance Dunbar","LAR","RB",27,5,8,0.4,0.04,0.36,0.282842712474619,86,0.069,12,0.32,NA,NA,NA,3.37843248272112,NA,0,NA
2553467,"Quan Bray","IND","WR",NA,NA,11,0.396,0.396,0.396,NA,121,0.01475,10,0,NA,NA,NA,NA,NA,0,NA
2553451,"Neal Sterling","NYJ","TE",NA,NA,11,0.3945,0.3269,0.4621,0.119501046020526,61,0.0292500000000001,5,0.1352,NA,NA,NA,3.16508228377059,NA,0,NA
2559368,"Chris Thompson","HOU","WR",NA,0,7,0.388,0.388,0.388,NA,122,0.01825,10,0,NA,NA,NA,NA,NA,0,NA
2556612,"Tanner McEvoy","SEA","WR",24,1,6,0.3745,0.3261,0.4229,0.0855599205235723,123,0.012,10,0.0968000000000001,NA,NA,NA,3.0404201688204,NA,1,NA
2533349,"Austin Davis","SEA","QB",28,5,6,0.3709,0.10298,0.63882,0.473620122038749,30,0.0566,7,0.53584,NA,NA,NA,4.21280582890469,NA,0,NA
2552622,"Chris Manhertz","CAR","TE",NA,NA,11,0.369,0.2658,0.4722,0.182433549546129,62,0.00749999999999995,5,0.2064,NA,NA,NA,3.29488119103182,NA,0,NA
2556517,"Ed Eagan","NYG","WR",24,1,8,0.365,0.365,0.365,NA,124,0.00999999999999995,10,0,NA,NA,NA,NA,NA,0,NA
2558049,"Michael Roberts","DET","TE",23,0,7,0.3615,0.3219,0.4011,0.0700035713374682,63,0.00250000000000006,5,0.0792,NA,NA,NA,3.06299325558759,NA,0,NA
2539645,"Brandon Williams","IND","TE",30,5,11,0.3615,0.3443,0.3787,0.0304055915910215,64,0.00850000000000001,5,0.0343999999999999,NA,NA,NA,2.9813220330412,NA,2,NA
2558091,"Noah Brown","DAL","WR",NA,0,6,0.36,0.036,0.324,0.254558441227157,125,0.02375,10,0.288,NA,NA,NA,3.34951391727166,NA,0,NA
2534241,"Derek Carrier","LAR","TE",27,5,8,0.3565,0.2713,0.4417,0.150613744392735,65,0.01475,5,0.1704,NA,NA,NA,3.22925253005704,NA,0.5,NA
2556773,"Hunter Sharp","DEN","WR",23,1,5,0.35,0.035,0.315,0.247487373415292,126,0.033,10,0.28,NA,NA,NA,3.33658112444944,NA,0,NA
2495347,"Lee Smith","OAK","TE",30,6,10,0.3495,0.2619,0.4371,0.154856385079854,66,0.01875,5,0.1752,NA,NA,NA,3.23800301818701,NA,0,NA
2539303,"Zach Line","NO","RB",27,4,5,0.345,0.293,0.397,0.0919238815542512,87,0.0315,12,0.104,NA,NA,NA,2.99499425287751,NA,0.4,NA
2559242,"Cooper Rush","DAL","QB",NA,0,6,0.3397,0.0871400000000001,0.59226,0.446467221641186,31,0.053,8,0.50512,NA,NA,NA,4.16751832685844,NA,NA,NA
2540259,"MarQueis Gray","MIA","TE",27,4,1,0.334,0.2828,0.3852,0.090509667991878,67,0.0195,5,0.1024,NA,NA,NA,3.10528728154912,NA,0.3,NA
2541096,"Ifeanyi Momah","ARI","TE",28,4,8,0.3275,0.2615,0.3935,0.11667261889578,68,0.0317500000000001,5,0.132,NA,NA,NA,3.15924862501727,NA,0,NA
2556473,"Jace Billingsley","DET","WR",24,1,7,0.3225,0.0773,0.5677,0.433456456867354,127,0.01625,10,0.4904,NA,NA,NA,3.67671357567405,NA,0,NA
2553762,"Terron Ward","ATL","RB",NA,NA,5,0.317,0.317,0.317,NA,88,0.0215,12,0,NA,NA,NA,NA,NA,0,NA
2555413,"Trevor Davis","GB","WR",24,1,8,0.3115,0.2351,0.3879,0.135057395206631,128,0.011,10,0.1528,NA,NA,NA,3.130949718576,NA,0.5,NA
2558112,"Brian Hill","FA","RB",22,0,NA,0.31,0.031,0.279,0.21920310216783,89,0.02925,12,0.248,NA,NA,NA,3.25061973943992,NA,0,NA
2550206,"Ryan Hewitt","CIN","TE",26,3,6,0.3015,0.2043,0.3987,0.171826947828331,69,0.03175,5,0.1944,NA,NA,NA,3.2730049707069,NA,0,NA
2543750,"Jeff Janis","GB","WR",26,3,8,0.301,0.2074,0.3946,0.165462986797652,129,0.00550000000000006,10,0.1872,NA,NA,NA,3.18656072771158,NA,0,NA
2558258,"Shelton Gibson","PHI","WR",22,0,10,0.3,0.03,0.27,0.212132034355964,130,0.01775,10,0.24,NA,NA,NA,3.27191716033829,NA,0,NA
2558194,"Josh Reynolds","LAR","WR",22,0,8,0.291,0.279,0.303,0.0212132034355964,131,0.0192499999999999,10,0.024,NA,NA,NA,2.92273175413812,NA,0,NA
2552559,"C.J. Uzomah","CIN","TE",24,2,6,0.29,0.29,0.29,NA,70,0.04675,5,0,NA,NA,NA,NA,NA,0,NA
2532842,"Nick Foles","PHI","QB",28,5,10,0.2889,0.11858,0.45922,0.301086067429232,32,0.03015,8,0.34064,NA,NA,NA,3.92504149298583,NA,NA,NA
2556492,"Joe Callahan","GB","QB",24,1,8,0.2845,0.0761000000000001,0.4929,0.368402632998191,33,0.0517,8,0.4168,NA,NA,NA,4.03731675847548,NA,0,NA
2556411,"Josh Ferguson","IND","RB",24,1,11,0.281,0.0562000000000001,0.5058,0.39739401102684,90,0.00575000000000003,12,0.4496,NA,NA,NA,3.60849542062729,NA,0,NA
2543695,"Jay Prosch","HOU","RB",25,3,7,0.2805,0.1681,0.3929,0.19869700551342,91,0.017,12,0.2248,NA,NA,NA,3.20943563327153,NA,0.1,NA
2556190,"Jakeem Grant","MIA","WR",25,1,1,0.2735,0.1747,0.3723,0.174655374953077,132,0.0035,10,0.1976,NA,NA,NA,3.20337335838048,NA,0,NA
2552463,"Jaelen Strong","FA","WR",23,2,NA,0.27,0.27,0.27,NA,133,0.01,10,0,NA,NA,NA,NA,NA,0,NA
2556466,"Peyton Barber","TB","RB",23,1,1,0.27,0.027,0.243,0.190918830920368,92,0.0265,12,0.216,NA,NA,NA,3.19381407575938,NA,5.4,NA
2556805,"Johnny Holton","OAK","WR",26,1,10,0.27,0.254,0.286,0.0282842712474619,133,0.03425,10,0.032,NA,NA,NA,2.93566454696035,NA,10.4,NA
2534571,"Bobby Rainey","BAL","RB",30,5,10,0.257,0.0514,0.4626,0.363452885529885,93,0.037,12,0.4112,NA,NA,NA,3.54032862421064,NA,0.1,NA
497270,"Arrelious Benn","JAC","WR",29,7,8,0.25,0.154,0.346,0.169705627484771,135,0.03475,10,0.192,NA,NA,NA,3.19432040340492,NA,0,NA
2495234,"Luke Stocker","TB","TE",29,6,1,0.2495,0.2099,0.2891,0.0700035713374682,71,0.017,5,0.0792,NA,NA,NA,3.06299325558759,NA,7.3,NA
2540211,"Gavin Escobar","BAL","TE",26,4,10,0.237,0.0474,0.4266,0.335168614282424,72,0.013,5,0.3792,NA,NA,NA,3.60989876371078,NA,0,NA
2495443,"Ryan Mallett","BAL","QB",29,6,10,0.233,0.0882,0.3778,0.25597265478953,34,0.0033,8,0.2896,NA,NA,NA,3.84979819531524,NA,0,NA
2506581,"Ryan Fitzpatrick","TB","QB",35,12,1,0.2326,0.15692,0.30828,0.133784603000495,35,0.00659999999999999,8,0.15136,NA,NA,NA,3.64600443610713,NA,9.72,NA
2555219,"Daniel Lasco","NO","RB",25,1,5,0.23,0.023,0.207,0.162634559672906,94,0.025,12,0.184,NA,NA,NA,3.13700841207885,NA,0,NA
2558023,"Eric Saubert","ATL","TE",23,0,5,0.228,0.2152,0.2408,0.0226274169979695,73,0.118,5,0.0256,NA,NA,NA,2.96527947146958,NA,0,NA
2507282,"Matt Moore","MIA","QB",33,10,1,0.2268,0.11896,0.33464,0.190635988207893,36,0.00750000000000001,8,0.21568,NA,NA,NA,3.74082514351646,NA,0,NA
2539335,"Geno Smith","NYG","QB",27,4,8,0.2252,0.08404,0.35636,0.240699148315901,37,0.0224,8,0.27232,NA,NA,NA,3.82432397541423,NA,NA,NA
497320,"Andre Roberts","ATL","WR",29,7,5,0.2215,0.0787,0.3643,0.252437120883597,136,0.036,10,0.2856,NA,NA,NA,3.345634079425,NA,0,NA
497226,"Jim Dray","FA","TE",31,7,NA,0.22,0.022,0.198,0.15556349186104,74,0.22,5,0.176,NA,NA,NA,3.23946143287534,NA,0,NA
2552369,"Bryce Petty","NYJ","QB",26,2,11,0.2134,0.09708,0.32972,0.205626651969048,38,0.0252,8,0.23264,NA,NA,NA,3.76582761860449,NA,0,NA
2550289,"David Fluellen","TEN","RB",25,3,8,0.21,0.21,0.21,NA,95,0.011,12,0,NA,NA,NA,NA,NA,0,NA
2553896,"Darius Jennings","NYJ","WR",NA,NA,11,0.209,0.209,0.209,NA,137,0.0855,10,0,NA,NA,NA,NA,NA,0,NA
2530763,"Patrick DiMarco","BUF","RB",28,6,6,0.2,0.144,0.256,0.0989949493661166,96,0.018,12,0.112,NA,NA,NA,3.00919566879765,NA,0,NA
2495340,"Anthony Sherman","KC","RB",29,6,10,0.198,0.1436,0.2524,0.0961665222413705,97,0.06175,12,0.1088,NA,NA,NA,3.00351510242959,NA,0,NA
2542065,"Matt McGloin","HOU","QB",28,4,7,0.1922,0.06084,0.32356,0.232213866941662,39,0.0111,8,0.26272,NA,NA,NA,3.81017163102477,NA,0,NA
2506546,"Derek Anderson","CAR","QB",34,12,11,0.1842,0.08164,0.28676,0.181302178696231,40,0.00789999999999996,8,0.20512,NA,NA,NA,3.72525756468806,NA,0,NA
2552576,"Sean Mannion","LAR","QB",25,2,8,0.178,0.0548,0.3012,0.217788888605457,41,0.00639999999999999,8,0.2464,NA,NA,NA,3.7861126455627,NA,NA,NA
2506562,"Matt Cassel","TEN","QB",35,12,8,0.1746,0.09572,0.25348,0.139441457249987,42,0.00630000000000006,8,0.15776,NA,NA,NA,3.65543933236676,NA,0,NA
252,"Chad Henne","JAC","QB",32,9,8,0.1686,0.05292,0.28428,0.20449528111915,43,0.0111,8,0.23136,NA,NA,NA,3.76394063935256,NA,0,NA
2555316,"Paxton Lynch","DEN","QB",23,1,5,0.168,0.0168,0.1512,0.11879393923934,44,0.0341,8,0.1344,NA,NA,NA,3.6210019610191,NA,0,NA
2555432,"Andy Janovich","DEN","RB",24,1,5,0.166,0.1292,0.2028,0.0650538238691624,98,0.06075,12,0.0736,NA,NA,NA,2.94102887238101,NA,0,NA
2535988,"Brittan Golden","ARI","WR",29,5,8,0.162,0.0916,0.2324,0.124450793488832,138,0.0855,10,0.1408,NA,NA,NA,3.11155052934266,NA,0,NA
81284,"Chase Daniel","NO","QB",31,8,5,0.147,0.0486,0.2454,0.173948268171891,45,0.0353,8,0.1968,NA,NA,NA,3.71299219955054,NA,0,NA
2558125,"Patrick Mahomes","KC","QB",NA,0,10,0.1208,0.1208,0.1208,NA,46,0.0218,8,0,NA,NA,NA,NA,NA,0,NA
2495467,"Taiwan Jones","BUF","RB",29,6,6,0.1065,0.0517,0.1213,0.0615182899632296,99,0.00949999999999998,12,0.0696,NA,NA,NA,2.93392816442094,NA,0,NA
2552464,"Jalston Fowler","TEN","RB",NA,NA,8,0.104,0.0712,0.0968,0.0226274169979695,100,0.041,12,0.0256,NA,NA,NA,2.8558203768602,NA,0,NA
2556232,"Jake Rudock","DET","QB",24,1,7,0.1026,0.03972,0.16548,0.111157186002525,47,0.00979999999999999,8,0.12576,NA,NA,NA,3.60826485106859,NA,0,NA
2558191,"Nathan Peterman","BUF","QB",23,0,6,0.0954,0.03828,0.15252,0.100974848353439,48,0.0111,8,0.11424,NA,NA,NA,3.59128203780125,NA,0,NA
2495425,"Scott Tolzien","IND","QB",30,6,11,0.0902,0.05644,0.12396,0.0596798123321446,49,0.0175,8,0.06752,NA,NA,NA,3.52240729510591,NA,0,NA
2550400,"Keith Smith","DAL","RB",25,3,6,0.09,0.09,0.09,NA,101,0.072,12,0,NA,NA,NA,NA,NA,NA,NA
2552431,"Vince Mayle","BAL","WR",NA,NA,10,0.085,0.0826,0.0874,0.00424264068711929,139,0.051,10,0.00480000000000001,NA,NA,NA,2.89169305136477,NA,0,NA
2539228,"EJ Manuel","OAK","QB",27,4,10,0.0784,0.06972,0.07708,0.00650538238691624,50,0.0134,8,0.00736000000000001,NA,NA,NA,3.43371927026535,NA,0,NA
2507029,"Eric Weems","TEN","WR",32,10,8,0.068,0.0456,0.0904,0.0395979797464467,140,0.068,10,0.0448,NA,NA,NA,2.95635701547591,NA,0,NA
2543497,"AJ McCarron","CIN","QB",27,3,6,0.067,0.0662,0.0678,0.0014142135623731,51,0.00414999999999999,8,0.0016,NA,NA,NA,3.42522786363168,NA,0,NA
2505982,"Matt Schaub","ATL","QB",36,13,5,0.063,0.0482,0.0498,0.0014142135623731,52,0.000949999999999993,8,0.0016,NA,NA,NA,3.42522786363168,NA,0,NA
1037347,"Joe Webb","BUF","QB",31,7,6,0.0627,0.02854,0.09686,0.0603869191133312,53,0.028,8,0.06832,NA,NA,NA,3.52358665713837,NA,0,NA
497123,"Colt McCoy","WAS","QB",31,7,5,0.0614,0.03788,0.08492,0.041577878733769,54,0.0574,8,0.04704,NA,NA,NA,3.49221562707508,NA,0,NA
2540037,"Fozzy Whittaker","CAR","RB",28,5,11,0.036,0.036,0.036,NA,102,0.036,0,0,NA,NA,NA,NA,NA,0,NA
2543751,"David Fales","MIA","QB",27,3,1,0.008,0.008,0.008,NA,55,0.008,8,0,NA,NA,NA,NA,NA,0,NA
184,"Donnie Avery","FA","WR",33,9,NA,0,0,0,NA,141,0,10,0,NA,NA,NA,NA,NA,NA,NA
206,"Andre Caldwell","FA","WR",32,9,NA,0,0,0,NA,141,0,10,0,NA,NA,NA,NA,NA,NA,NA
222,"Harry Douglas","TEN","WR",33,9,8,0,0,0,NA,141,0,10,0,NA,NA,NA,NA,NA,0,NA
230,"Jerome Felton","FA","RB",31,9,NA,0,0,0,NA,103,0,0,0,NA,NA,NA,NA,NA,0,NA
262,"Chris Johnson","FA","RB",32,9,NA,0,0,0,NA,103,0,0,0,NA,NA,NA,NA,NA,0,NA
768,"Steve Johnson","FA","WR",31,9,NA,0,0,0,NA,141,0,10,0,NA,NA,NA,NA,NA,0,NA
927,"Justin Forsett","FA","RB",32,9,NA,0,0,0,NA,103,0,0,0,NA,NA,NA,NA,NA,0,NA
1060,"Gary Barnidge","FA","TE",32,9,NA,0,0,0,NA,75,0,5,0,NA,NA,NA,NA,NA,0,NA
1990,"Eddie Royal","FA","WR",31,9,NA,0,0,0,NA,141,0,10,0,NA,NA,NA,NA,NA,0,NA
2346,"Pierre Garcon","SF","WR",31,9,11,0,0,0,NA,141,0,10,0,NA,NA,NA,NA,NA,0,NA
4327,"Danny Woodhead","BAL","RB",32,9,10,0,0,0,NA,103,0,0,0,NA,NA,NA,NA,NA,0,NA
4383,"Tim Hightower","FA","RB",31,9,NA,0,0,0,NA,103,0,0,0,NA,NA,NA,NA,NA,0,NA
4433,"Marcel Reece","FA","RB",32,9,NA,0,0,0,NA,103,0,0,0,NA,NA,NA,NA,NA,0,NA
71345,"Rashad Jennings","FA","RB",32,8,NA,0,0,0,NA,103,0,0,0,NA,NA,NA,NA,NA,0,NA
71417,"Jordan Norwood","FA","WR",31,8,NA,0,0,0,NA,141,0,10,0,NA,NA,NA,NA,NA,0,NA
71435,"John Phillips","NO","TE",30,8,5,0,0,0,NA,75,0,5,0,NA,NA,NA,NA,NA,0,NA
79589,"David Johnson","FA","TE",30,8,NA,0,0,0,NA,75,0,5,0,NA,NA,NA,NA,NA,0,NA
79629,"Cedric Peerman","CIN","RB",31,8,6,0,0,0,0,103,0,12,0,NA,NA,NA,2.81037584591578,NA,0,NA
89766,"Brandon Myers","FA","TE",32,8,NA,0,0,0,NA,75,0,5,0,NA,NA,NA,NA,NA,0,NA
89798,"Antone Smith","FA","RB",32,8,NA,0,0,0,NA,103,0,0,0,NA,NA,NA,NA,NA,0,NA
163982,"Will Johnson","NYG","RB",28,6,8,0,0,0,NA,103,0,0,0,NA,NA,NA,NA,NA,NA,NA
497135,"Tim Tebow","FA","QB",30,7,NA,0,0,0,NA,56,0,0,0,NA,NA,NA,NA,NA,NA,NA
497188,"Ryan Mathews","FA","RB",30,7,NA,0,0,0,NA,103,0,0,0,NA,NA,NA,NA,NA,0,NA
497190,"Dexter McCluster","FA","WR",29,7,NA,0,0,0,NA,141,0,10,0,NA,NA,NA,NA,NA,0,NA
497204,"C.J. Spiller","KC","RB",30,7,10,0,0,0,0,103,0,12,0,NA,NA,NA,2.81037584591578,NA,0,NA
497206,"James Starks","FA","RB",31,7,NA,0,0,0,NA,103,0,0,0,NA,NA,NA,NA,NA,0,NA
497242,"Clay Harbor","NO","TE",30,7,5,0,0,0,NA,75,0,5,0,NA,NA,NA,NA,NA,0,NA
497254,"Dennis Pitta","FA","TE",32,7,NA,0,0,0,NA,75,0,5,0,NA,NA,NA,NA,NA,0,NA
497286,"Marcus Easley","BUF","WR",30,7,6,0,0,0,NA,141,0,10,0,NA,NA,NA,NA,NA,NA,NA
1037885,"Marc Mariani","FA","WR",30,7,NA,0,0,0,NA,141,0,10,0,NA,NA,NA,NA,NA,0,NA
2495139,"Charles Clay","BUF","TE",28,6,6,0,0,0,NA,75,0,5,0,NA,NA,NA,NA,NA,0,NA
2495159,"Dwayne Harris","NYG","WR",30,6,8,0,0,0,NA,141,0,10,0,NA,NA,NA,NA,NA,0,NA
2495186,"Colin Kaepernick","FA","QB",30,6,NA,0,0,0,NA,56,0,0,0,NA,NA,NA,NA,NA,0,NA
2495211,"Niles Paul","WAS","TE",28,6,5,0,0,0,NA,75,0,5,0,NA,NA,NA,NA,NA,0,NA
2495258,"Matt Asiata","FA","RB",30,6,NA,0,0,0,NA,103,0,0,0,NA,NA,NA,NA,NA,0,NA
2495259,"Dan Bailey","DAL","K",29,6,6,0,0,0,NA,27,0,3,0,NA,NA,NA,NA,NA,NA,NA
2495341,"Cecil Shorts","FA","WR",30,6,NA,0,0,0,NA,141,0,10,0,NA,NA,NA,NA,NA,0,NA
2495461,"Shaun Draughn","FA","RB",30,6,NA,0,0,0,NA,103,0,0,0,NA,NA,NA,NA,NA,0,NA
2495470,"Stevan Ridley","FA","RB",28,6,NA,0,0,0,NA,103,0,0,0,NA,NA,NA,NA,NA,0,NA
2495700,"Greg Olsen","CAR","TE",32,10,11,0,0,0,NA,75,0,5,0,NA,NA,NA,NA,NA,0,NA
2495893,"Brandon Marshall","NYG","WR",33,11,8,0,0,0,NA,141,0,10,0,NA,NA,NA,NA,NA,0,NA
2495979,"DeAngelo Williams","FA","RB",34,11,NA,0,0,0,NA,103,0,0,0,NA,NA,NA,NA,NA,0,NA
2499277,"David Ausberry","FA","TE",30,6,NA,0,0,0,NA,75,0,5,0,NA,NA,NA,NA,NA,NA,NA
2504162,"Shayne Graham","FA","K",NA,NA,NA,0,0,0,NA,27,0,3,0,NA,NA,NA,NA,NA,NA,NA
2504257,"Sebastian Janikowski","OAK","K",39,17,10,0,0,0,NA,27,0,3,0,NA,NA,NA,NA,NA,0,NA
2504833,"Shaun Hill","FA","QB",NA,NA,NA,0,0,0,NA,56,0,0,0,NA,NA,NA,NA,NA,0,NA
2505245,"Carson Palmer","ARI","QB",38,14,8,0,0,0,NA,56,0,0,0,NA,NA,NA,NA,NA,0,NA
2505354,"Tony Romo","FA","QB",37,14,NA,0,0,0,NA,56,0,0,0,NA,NA,NA,NA,NA,0,NA
2505587,"Anquan Boldin","FA","WR",37,14,NA,0,0,0,NA,141,0,10,0,NA,NA,NA,NA,NA,0,NA
2506053,"Luke McCown","FA","QB",36,13,NA,0,0,0,NA,56,0,0,0,NA,NA,NA,NA,NA,0,NA
2506147,"John Kuhn","FA","RB",35,11,NA,0,0,0,0,103,0,12,0,NA,NA,NA,2.81037584591578,NA,0,NA
2506363,"Aaron Rodgers","GB","QB",34,12,8,0,0,0,NA,56,0,0,0,NA,NA,NA,NA,NA,0,NA
2506400,"Vincent Jackson","FA","WR",34,12,NA,0,0,0,NA,141,0,10,0,NA,NA,NA,NA,NA,0,NA
2506467,"Darren Sproles","PHI","RB",34,12,10,0,0,0,NA,103,0,0,0,NA,NA,NA,NA,NA,0,NA
2507225,"Nick Folk","FA","K",33,10,NA,0,0,0,0,27,0,4,0,NA,NA,NA,1.995035982656,NA,0,NA
2507401,"Dan Carpenter","FA","K",32,9,NA,0,0,0,NA,27,0,3,0,NA,NA,NA,NA,NA,0,NA
2507405,"Matthew Mulligan","DET","TE",32,9,7,0,0,0,NA,75,0,5,0,NA,NA,NA,NA,NA,NA,NA
2507486,"Kellen Davis","FA","TE",32,9,NA,0,0,0,NA,75,0,5,0,NA,NA,NA,NA,NA,0,NA
2507828,"Logan Paulsen","FA","TE",30,7,NA,0,0,0,0,75,0,5,0,NA,NA,NA,2.91861020144307,NA,0,NA
2507855,"Victor Cruz","FA","WR",31,7,NA,0,0,0,NA,141,0,10,0,NA,NA,NA,NA,NA,0,NA
2507883,"Jeff Cumberland","FA","TE",30,7,NA,0,0,0,NA,75,0,5,0,NA,NA,NA,NA,NA,0,NA
2508097,"Andrew Hawkins","FA","WR",31,6,NA,0,0,0,NA,141,0,10,0,NA,NA,NA,NA,NA,0,NA
2508123,"T.J. Yates","HOU","QB",30,6,7,0,0,0,NA,56,0,0,0,NA,NA,NA,NA,NA,0,NA
2530598,"Jeremy Ross","FA","WR",29,6,NA,0,0,0,NA,141,0,10,0,NA,NA,NA,NA,NA,0,NA
2530690,"DuJuan Harris","FA","RB",29,6,NA,0,0,0,NA,103,0,0,0,NA,NA,NA,NA,NA,0,NA
2532853,"Ladarius Green","FA","TE",27,5,NA,0,0,0,NA,75,0,5,0,NA,NA,NA,NA,NA,0,NA
2532917,"Kellen Moore","FA","QB",28,5,NA,0,0,0,0,56,0,9,0,NA,NA,NA,3.42286913956677,NA,0,NA
2532956,"Ryan Tannehill","MIA","QB",29,5,1,0,0,0,NA,56,0,0,0,NA,NA,NA,NA,NA,0,NA
2532970,"Brandon Weeden","TEN","QB",34,5,8,0,0,0,NA,56,0,0,0,NA,NA,NA,NA,NA,0,NA
2533031,"Andrew Luck","IND","QB",28,5,11,0,0,0,NA,56,0,0,0,NA,NA,NA,NA,NA,0,NA
2533033,"Robert Griffin","FA","QB",27,5,NA,0,0,0,NA,56,0,0,0,NA,NA,NA,NA,NA,0,NA
2533038,"Justin Blackmon","FA","WR",27,5,NA,0,0,0,NA,141,0,10,0,NA,NA,NA,NA,NA,NA,NA
2533353,"Cory Harkey","FA","TE",27,5,NA,0,0,0,NA,75,0,5,0,NA,NA,NA,NA,NA,0,NA
2533437,"Ronnie Hillman","FA","RB",26,5,NA,0,0,0,NA,103,0,0,0,NA,NA,NA,NA,NA,0,NA
2533460,"Robert Turbin","IND","RB",28,5,11,0,0,0,NA,103,0,0,0,NA,NA,NA,NA,NA,0,NA
2534437,"Austin Johnson","FA","RB",28,4,NA,0,0,0,NA,103,0,0,0,NA,NA,NA,NA,NA,0,NA
2534770,"Jonathan Grimes","FA","RB",28,5,NA,0,0,0,NA,103,0,0,0,NA,NA,NA,NA,NA,0,NA
2534789,"Daryl Richardson","FA","RB",27,5,NA,0,0,0,NA,103,0,0,0,NA,NA,NA,NA,NA,0,NA
2534870,"Alex Tanney","FA","QB",30,5,NA,0,0,0,NA,56,0,0,0,NA,NA,NA,NA,NA,0,NA
2534871,"Derrick Coleman","ATL","RB",27,5,5,0,0,0,NA,103,0,0,0,NA,NA,NA,NA,NA,0.9,NA
2534889,"Matt Simms","FA","QB",29,5,NA,0,0,0,NA,56,0,0,0,NA,NA,NA,NA,NA,0,NA
2535696,"Joe Banyard","BUF","RB",29,5,6,0,0,0,0,103,0,12,0,NA,NA,NA,2.81037584591578,NA,0,NA
2535724,"Dominique Jones","FA","TE",30,5,NA,0,0,0,NA,75,0,5,0,NA,NA,NA,NA,NA,NA,NA
2535876,"Griff Whalen","FA","WR",27,5,NA,0,0,0,NA,141,0,10,0,NA,NA,NA,NA,NA,0,NA
2535890,"Travaris Cadet","FA","RB",28,5,NA,0,0,0,0,103,0,12,0,NA,NA,NA,2.81037584591578,NA,0,NA
2535966,"Brenton Bersin","CAR","WR",27,4,11,0,0,0,NA,141,0,10,0,NA,NA,NA,NA,NA,0,NA
2536071,"Cooper Helfet","OAK","TE",28,6,10,0,0,0,NA,75,0,5,0,NA,NA,NA,NA,NA,0,NA
2536342,"Brandon Bostick","FA","TE",28,5,NA,0,0,0,NA,75,0,5,0,NA,NA,NA,NA,NA,NA,NA
2537933,"Larry Donnell","FA","TE",29,5,NA,0,0,0,NA,75,0,5,0,NA,NA,NA,NA,NA,0,NA
2539202,"Chris Gragg","NYJ","TE",27,4,11,0,0,0,0,75,0,5,0,NA,NA,NA,2.91861020144307,NA,0,NA
2539203,"Cobi Hamilton","FA","WR",27,4,NA,0,0,0,NA,141,0,10,0,NA,NA,NA,NA,NA,0,NA
2539227,"Dustin Hopkins","WAS","K",27,4,5,0,0,0,NA,27,0,3,0,NA,NA,NA,NA,NA,0,NA
2539250,"Quinton Patton","FA","WR",27,4,NA,0,0,0,NA,141,0,10,0,NA,NA,NA,NA,NA,0,NA
2539260,"Denard Robinson","FA","RB",27,4,NA,0,0,0,NA,103,0,0,0,NA,NA,NA,NA,NA,0,NA
2539283,"Jake Stoneburner","NO","TE",28,4,5,0,0,0,NA,75,0,5,0,NA,NA,NA,NA,NA,0,NA
2539308,"Matt Barkley","FA","QB",27,4,NA,0,0,0,NA,56,0,0,0,NA,NA,NA,NA,NA,0,NA
2539315,"Stepfan Taylor","FA","RB",26,4,NA,0,0,0,NA,103,0,0,0,NA,NA,NA,NA,NA,0,NA
2539322,"Christine Michael","IND","RB",27,4,11,0,0,0,NA,103,0,0,0,NA,NA,NA,NA,NA,0,NA
2539637,"Caleb Sturgis","PHI","K",28,4,10,0,0,0,NA,27,0,3,0,NA,NA,NA,NA,NA,0,NA
2539961,"Ryan Nassib","FA","QB",27,4,NA,0,0,0,0,56,0,0,0,NA,NA,NA,3.42286913956677,NA,0,NA
2539995,"Mychal Rivera","JAC","TE",27,4,8,0,0,0,NA,75,0,5,0,NA,NA,NA,NA,NA,0,NA
2540005,"Marlon Brown","DEN","WR",26,4,5,0,0,0,NA,141,0,10,0,NA,NA,NA,NA,NA,0,NA
2540148,"Tyler Eifert","CIN","TE",27,4,6,0,0,0,NA,75,0,5,0,NA,NA,NA,NA,NA,0,NA
2540157,"Stedman Bailey","FA","WR",27,4,NA,0,0,0,NA,141,0,10,0,NA,NA,NA,NA,NA,NA,NA
2540160,"Jordan Reed","WAS","TE",27,4,5,0,0,0,NA,75,0,5,0,NA,NA,NA,NA,NA,0,NA
2540173,"Tyler Bray","KC","QB",26,4,10,0,0,0,NA,56,0,0,0,NA,NA,NA,NA,NA,0,NA
2540178,"Knile Davis","FA","RB",26,4,NA,0,0,0,NA,103,0,0,0,NA,NA,NA,NA,NA,0,NA
2540181,"Josh Boyce","FA","WR",26,4,NA,0,0,0,NA,141,0,10,0,NA,NA,NA,NA,NA,0,NA
2540204,"Spencer Ware","KC","RB",26,4,10,0,0,0,NA,103,0,0,0,NA,NA,NA,NA,NA,0,NA
2540224,"Mike James","DET","RB",26,4,7,0,0,0,0,103,0,12,0,NA,NA,NA,2.81037584591578,NA,0,NA
2540225,"Tommy Bohanon","JAC","RB",27,4,8,0,0,0,NA,103,0,0,0,NA,NA,NA,NA,NA,0.6,NA
2540261,"Corey Fuller","NO","WR",27,4,5,0,0,0,NA,141,0,10,0,NA,NA,NA,NA,NA,0,NA
2541147,"Charles Johnson","CAR","WR",28,4,11,0,0,0,NA,141,0,10,0,NA,NA,NA,NA,NA,0,NA
2541185,"Ryan Griffin","TB","QB",28,4,1,0,0,0,NA,56,0,0,0,NA,NA,NA,NA,NA,0,NA
2541512,"Brian Leonhardt","OAK","TE",27,4,10,0,0,0,NA,75,0,5,0,NA,NA,NA,NA,NA,NA,NA
2541828,"Frankie Hammond","FA","WR",NA,NA,NA,0,0,0,NA,141,0,10,0,NA,NA,NA,NA,NA,0,NA
2541883,"Eric Rogers","FA","WR",26,4,NA,0,0,0,NA,141,0,10,0,NA,NA,NA,NA,NA,0,NA
2541910,"George Winn","NYG","RB",27,4,8,0,0,0,0,103,0,12,0,NA,NA,NA,2.81037584591578,NA,0,NA
2541940,"Rashad Ross","FA","WR",27,4,NA,0,0,0,NA,141,0,10,0,NA,NA,NA,NA,NA,0,NA
2542022,"Khiry Robinson","FA","RB",28,4,NA,0,0,0,NA,103,0,0,0,NA,NA,NA,NA,NA,0,NA
2542060,"Jordan Gay","FA","K",NA,NA,NA,0,0,0,NA,27,0,3,0,NA,NA,NA,NA,NA,0,NA
2543471,"Kelvin Benjamin","BUF","WR",26,3,6,0,0,0,NA,141,0,10,0,NA,NA,NA,NA,NA,0,NA
2543481,"Jace Amaro","FA","TE",25,3,NA,0,0,0,NA,75,0,5,0,NA,NA,NA,NA,NA,0,NA
2543496,"Odell Beckham","NYG","WR",25,3,8,0,0,0,NA,141,0,10,0,NA,NA,NA,NA,NA,0,NA
2543502,"Tre Mason","FA","RB",24,3,NA,0,0,0,NA,103,0,0,0,NA,NA,NA,NA,NA,NA,NA
2543509,"Allen Robinson","JAC","WR",24,3,8,0,0,0,NA,141,0,10,0,NA,NA,NA,NA,NA,0,NA
2543551,"KaDeem Carey","FA","RB",25,3,NA,0,0,0,NA,103,0,0,0,NA,NA,NA,NA,NA,0,NA
2543570,"Storm Johnson","FA","RB",25,3,NA,0,0,0,NA,103,0,0,0,NA,NA,NA,NA,NA,0,NA
2543587,"Aaron Murray","FA","QB",27,3,NA,0,0,0,NA,56,0,0,0,NA,NA,NA,NA,NA,0,NA
2543596,"Dri Archer","FA","RB",26,3,NA,0,0,0,NA,103,0,0,0,NA,NA,NA,NA,NA,NA,NA
2543605,"Zach Mettenberger","FA","QB",26,3,NA,0,0,0,NA,56,0,0,0,NA,NA,NA,NA,NA,0,NA
2543619,"Walt Powell","FA","WR",26,3,NA,0,0,0,NA,141,0,10,0,NA,NA,NA,NA,NA,0,NA
2543664,"Terrance West","BAL","RB",26,3,10,0,0,0,NA,103,0,0,0,NA,NA,NA,NA,NA,0,NA
2543689,"Kevin Norwood","NYG","WR",28,3,8,0,0,0,NA,141,0,10,0,NA,NA,NA,NA,NA,0,NA
2543704,"Lorenzo Taliaferro","FA","RB",26,3,NA,0,0,0,NA,103,0,0,0,NA,NA,NA,NA,NA,0,NA
2543721,"C.J. Fiedorowicz","HOU","TE",26,3,7,0,0,0,NA,75,0,5,0,NA,NA,NA,NA,NA,0,NA
2543746,"Josh Huff","FA","WR",26,3,NA,0,0,0,NA,141,0,10,0,NA,NA,NA,NA,NA,0,NA
2543781,"Zach Hocker","FA","K",26,3,NA,0,0,0,NA,27,0,3,0,NA,NA,NA,NA,NA,0,NA
2543792,"Matt Hazel","IND","WR",25,3,11,0,0,0,0,141,0,10,0,NA,NA,NA,2.88393337567143,NA,0,NA
2543794,"Crockett Gillmore","FA","TE",26,3,NA,0,0,0,NA,75,0,5,0,NA,NA,NA,NA,NA,0,NA
2543828,"Quincy Enunwa","NYJ","WR",25,3,11,0,0,0,NA,141,0,10,0,NA,NA,NA,NA,NA,0,NA
2549982,"Garrett Gilbert","FA","QB",26,3,NA,0,0,0,NA,56,0,8,0,NA,NA,NA,NA,NA,0,NA
2550163,"Michael Campanaro","BAL","WR",26,3,10,0,0,0,0,141,0,10,0,NA,NA,NA,2.88393337567143,NA,0,NA
2550183,"Jeremy Butler","BUF","WR",26,3,6,0,0,0,NA,141,0,10,0,NA,NA,NA,NA,NA,0,NA
2550216,"Jonathan Krause","FA","WR",NA,NA,NA,0,0,0,NA,141,0,10,0,NA,NA,NA,NA,NA,0,NA
2550223,"Freddie Martino","FA","WR",26,3,NA,0,0,0,NA,141,0,10,0,NA,NA,NA,NA,NA,0,NA
2550243,"Justin Perillo","FA","TE",26,3,NA,0,0,0,NA,75,0,5,0,NA,NA,NA,NA,NA,0,NA
2550252,"Connor Shaw","FA","QB",26,3,NA,0,0,0,NA,56,0,8,0,NA,NA,NA,NA,NA,0,NA
2550263,"Juwan Thompson","FA","RB",25,3,NA,0,0,0,NA,103,0,0,0,NA,NA,NA,NA,NA,0,NA
2550359,"Seantavius Jones","FA","WR",25,3,NA,0,0,0,NA,141,0,10,0,NA,NA,NA,NA,NA,0,NA
2550376,"Stephen Morris","FA","QB",25,3,NA,0,0,0,NA,56,0,8,0,NA,NA,NA,NA,NA,0,NA
2550459,"Javontee Herndon","FA","WR",26,3,NA,0,0,0,NA,141,0,10,0,NA,NA,NA,NA,NA,0,NA
2550474,"Antonio Andrews","FA","RB",25,3,NA,0,0,0,NA,103,0,0,0,NA,NA,NA,NA,NA,0,NA
2550540,"George Atkinson","FA","RB",25,3,NA,0,0,0,NA,103,0,0,0,NA,NA,NA,NA,NA,NA,NA
2550542,"Kapri Bibbs","FA","RB",24,3,NA,0,0,0,NA,103,0,0,0,NA,NA,NA,NA,NA,0,NA
2550546,"Philly Brown","FA","WR",26,3,NA,0,0,0,0,141,0,10,0,NA,NA,NA,2.88393337567143,NA,0,NA
2550596,"Darrin Reaves","FA","RB",24,3,NA,0,0,0,NA,103,0,0,0,NA,NA,NA,NA,NA,0,NA
2550608,"RaShaun Allen","SEA","TE",27,3,6,0,0,0,0,75,0,5,0,NA,NA,NA,2.91861020144307,NA,0,NA
2550633,"Senorise Perry","MIA","RB",26,3,1,0,0,0,NA,103,0,0,0,NA,NA,NA,NA,NA,0,NA
2550636,"Cairo Santos","FA","K",26,3,NA,0,0,0,NA,27,0,3,0,NA,NA,NA,NA,NA,NA,NA
2550738,"Fitzgerald Toussaint","FA","RB",27,3,NA,0,0,0,NA,103,0,0,0,NA,NA,NA,NA,NA,0,NA
2551359,"Jerome Cunningham","FA","TE",26,3,NA,0,0,0,NA,75,0,5,0,NA,NA,NA,NA,NA,0,NA
2552371,"Garrett Grayson","FA","QB",26,2,NA,0,0,0,NA,56,0,8,0,NA,NA,NA,NA,NA,0,NA
2552376,"David Cobb","FA","RB",24,2,NA,0,0,0,NA,103,0,0,0,NA,NA,NA,NA,NA,0,NA
2552379,"Jeremy Langford","BAL","RB",26,2,10,0,0,0,NA,103,0,0,0,NA,NA,NA,NA,NA,0,NA
2552380,"Karlos Williams","FA","RB",24,2,NA,0,0,0,NA,103,0,0,0,NA,NA,NA,NA,NA,NA,NA
2552401,"MyCole Pruitt","FA","TE",25,2,NA,0,0,0,NA,75,0,5,0,NA,NA,NA,NA,NA,0,NA
2552411,"Dezmin Lewis","FA","WR",25,2,NA,0,0,0,NA,141,0,10,0,NA,NA,NA,NA,NA,0,NA
2552415,"Jamison Crowder","WAS","WR",24,2,5,0,0,0,NA,141,0,10,0,NA,NA,NA,NA,NA,0,NA
2552420,"Keith Mumphery","FA","WR",25,2,NA,0,0,0,NA,141,0,10,0,NA,NA,NA,NA,NA,0,NA
2552421,"Kenny Bell","BAL","WR",25,2,10,0,0,0,NA,141,0,10,0,NA,NA,NA,NA,NA,0,NA
2552425,"Rashad Greene","JAC","WR",25,2,8,0,0,0,0,141,0,10,0,NA,NA,NA,2.88393337567143,NA,0,NA
2552462,"Gerald Christian","FA","TE",26,2,NA,0,0,0,NA,75,0,5,0,NA,NA,NA,NA,NA,0,NA
2552479,"DaRon Brown","KC","WR",26,2,10,0,0,0,NA,141,0,10,0,NA,NA,NA,NA,NA,0,NA
2552491,"Dorial Green-Beckham","FA","WR",24,2,NA,0,0,0,NA,141,0,10,0,NA,NA,NA,NA,NA,0,NA
2552627,"DeAndre Smelter","FA","WR",26,2,NA,0,0,0,NA,141,0,10,0,NA,NA,NA,NA,NA,0,NA
2552635,"Matt Jones","IND","RB",25,2,11,0,0,0,NA,103,0,0,0,NA,NA,NA,NA,NA,0,NA
2552647,"Marcus Murphy","FA","RB",26,2,NA,0,0,0,NA,103,0,0,0,NA,NA,NA,NA,NA,0,NA
2552650,"Mario Alford","FA","WR",NA,NA,NA,0,0,0,NA,141,0,10,0,NA,NA,NA,NA,NA,0,NA
2552652,"Chris Conley","KC","WR",25,2,10,0,0,0,NA,141,0,10,0,NA,NA,NA,NA,NA,0,NA
2552654,"Geremy Davis","FA","WR",25,2,NA,0,0,0,NA,141,0,10,0,NA,NA,NA,NA,NA,0,NA
2553112,"Jason Myers","FA","K",NA,NA,NA,0,0,0,0,27,0,3,0,NA,NA,NA,1.995035982656,NA,NA,NA
2553292,"Kennard Backman","FA","TE",24,2,NA,0,0,0,NA,75,0,5,0,NA,NA,NA,NA,NA,0,NA
2553434,"Devin Smith","FA","WR",NA,NA,NA,0,0,0,NA,141,0,10,0,NA,NA,NA,NA,NA,0,NA
2553435,"David Johnson","ARI","RB",26,2,8,0,0,0,NA,103,0,0,0,NA,NA,NA,NA,NA,0,NA
2553439,"Mike Davis","FA","RB",24,2,NA,0,0,0,NA,103,0,0,0,NA,NA,NA,NA,NA,0,NA
2553465,"Rory Anderson","SF","TE",25,2,11,0,0,0,NA,75,0,5,0,NA,NA,NA,NA,NA,0,NA
2553499,"Damiere Byrd","CAR","WR",NA,NA,11,0,0,0,NA,141,0,10,0,NA,NA,NA,NA,NA,0,NA
2553511,"John Crockett","FA","RB",25,2,NA,0,0,0,NA,103,0,0,0,NA,NA,NA,NA,NA,0,NA
2553648,"Andrew Franks","FA","K",24,2,NA,0,0,0,0,27,0,3,0,NA,NA,NA,1.995035982656,NA,NA,NA
2553652,"Chris Harper","FA","WR",NA,NA,NA,0,0,0,NA,141,0,10,0,NA,NA,NA,NA,NA,0,NA
2553682,"Wes Saxton","WAS","TE",24,2,5,0,0,0,NA,75,0,5,0,NA,NA,NA,NA,NA,0,NA
2553725,"Bradley Marquez","LAR","WR",NA,NA,8,0,0,0,NA,141,0,10,0,NA,NA,NA,NA,NA,0,NA
2553791,"E.J. Bibbs","FA","TE",26,2,NA,0,0,0,NA,75,0,5,0,NA,NA,NA,NA,NA,0,NA
2553835,"Mike Meyer","FA","K",NA,NA,NA,0,0,0,NA,27,0,3,0,NA,NA,NA,NA,NA,NA,NA
2553876,"Donteea Dye","FA","WR",NA,NA,NA,0,0,0,NA,141,0,10,0,NA,NA,NA,NA,NA,0,NA
2555227,"Jonathan Williams","FA","RB",23,1,NA,0,0,0,NA,103,0,0,0,NA,NA,NA,NA,NA,0,NA
2555229,"Kenneth Dixon","BAL","RB",23,1,10,0,0,0,NA,103,0,0,0,NA,NA,NA,NA,NA,0,NA
2555234,"Tyler Ervin","HOU","RB",24,1,7,0,0,0,NA,103,0,0,0,NA,NA,NA,NA,NA,0,NA
2555262,"Jeff Driskel","CIN","QB",24,1,6,0,0,0,0,56,0,8,0,NA,NA,NA,3.42286913956677,NA,0,NA
2555317,"Tajae Sharpe","TEN","WR",23,1,8,0,0,0,NA,141,0,10,0,NA,NA,NA,NA,NA,0,NA
2555332,"Connor Cook","OAK","QB",24,1,10,0,0,0,0,56,0,8,0,NA,NA,NA,3.42286913956677,NA,0,NA
2555350,"Kolby Listenbee","FA","WR",23,1,NA,0,0,0,NA,141,0,10,0,NA,NA,NA,NA,NA,0,NA
2555356,"Keenan Reynolds","FA","WR",24,1,NA,0,0,0,NA,141,0,10,0,NA,NA,NA,NA,NA,0,NA
2555362,"Aaron Burbridge","SF","WR",24,1,11,0,0,0,NA,141,0,10,0,NA,NA,NA,NA,NA,0,NA
2555365,"Brandon Allen","LAR","QB",25,1,8,0,0,0,0,56,0,8,0,NA,NA,NA,3.42286913956677,NA,0,NA
2555370,"Jordan Payton","FA","WR",24,1,NA,0,0,0,NA,141,0,10,0,NA,NA,NA,NA,NA,0,NA
2555408,"Roberto Aguayo","FA","K",23,1,NA,0,0,0,0,27,0,3,0,NA,NA,NA,1.995035982656,NA,0,NA
2555416,"Christian Hackenberg","NYJ","QB",22,1,11,0,0,0,0,56,0,8,0,NA,NA,NA,3.42286913956677,NA,0,NA
2555427,"Nate Sudfeld","WAS","QB",24,1,5,0,0,0,NA,56,0,8,0,NA,NA,NA,NA,NA,0,NA
2555459,"Keith Marshall","WAS","RB",23,1,5,0,0,0,0,103,0,12,0,NA,NA,NA,2.81037584591578,NA,0,NA
2555462,"Kelvin Taylor","FA","RB",24,1,NA,0,0,0,NA,103,0,0,0,NA,NA,NA,NA,NA,0,NA
2555465,"Demarcus Ayers","FA","WR",23,1,NA,0,0,0,NA,141,0,10,0,NA,NA,NA,NA,NA,0,NA
2555466,"Tyler Boyd","CIN","WR",23,1,6,0,0,0,NA,141,0,10,0,NA,NA,NA,NA,NA,0,NA
2555471,"Kenny Lawler","FA","WR",23,1,NA,0,0,0,NA,141,0,10,0,NA,NA,NA,NA,NA,0,NA
2555477,"Charone Peake","NYJ","WR",25,1,11,0,0,0,NA,141,0,10,0,NA,NA,NA,NA,NA,0,NA
2555483,"Thomas Duarte","MIA","TE",22,1,1,0,0,0,NA,75,0,5,0,NA,NA,NA,NA,NA,0,NA
2555486,"Temarrick Hemingway","LAR","TE",24,1,8,0,0,0,NA,75,0,5,0,NA,NA,NA,NA,NA,0,NA
2555487,"Beau Sandland","FA","TE",24,1,NA,0,0,0,NA,75,0,5,0,NA,NA,NA,NA,NA,0,NA
2556144,"Daniel Braverman","FA","WR",24,1,NA,0,0,0,NA,141,0,10,0,NA,NA,NA,NA,NA,0,NA
2556185,"Devin Lucien","FA","WR",24,1,NA,0,0,0,NA,141,0,10,0,NA,NA,NA,NA,NA,0,NA
2556212,"Devin Fuller","ATL","WR",23,1,5,0,0,0,NA,141,0,10,0,NA,NA,NA,NA,NA,0,NA
2556261,"Moritz Boehringer","FA","WR",NA,1,NA,0,0,0,NA,141,0,10,0,NA,NA,NA,NA,NA,0,NA
2556375,"Rico Gathers","DAL","TE",23,1,6,0,0,0,NA,75,0,5,0,NA,NA,NA,NA,NA,0,NA
2556379,"Zac Brooks","FA","RB",24,1,NA,0,0,0,NA,103,0,0,0,NA,NA,NA,NA,NA,0,NA
2556392,"Mekale McKay","FA","WR",24,1,NA,0,0,0,NA,141,0,10,0,NA,NA,NA,NA,NA,NA,NA
2556399,"Tevaun Smith","FA","WR",24,1,NA,0,0,0,NA,141,0,10,0,NA,NA,NA,NA,NA,0,NA
2556404,"Maurice Harris","WAS","WR",25,1,5,0,0,0,NA,141,0,10,0,NA,NA,NA,NA,NA,0,NA
2556415,"Joe Kerridge","GB","RB",25,1,8,0,0,0,NA,103,0,0,0,NA,NA,NA,NA,NA,0,NA
2556444,"Joshua Perkins","FA","TE",24,1,NA,0,0,0,NA,75,0,5,0,NA,NA,NA,NA,NA,0,NA
2556454,"Brandon Wilds","FA","RB",24,1,NA,0,0,0,NA,103,0,0,0,NA,NA,NA,NA,NA,0,NA
2556477,"Trevone Boykin","FA","QB",24,1,NA,0,0,0,NA,56,0,8,0,NA,NA,NA,NA,NA,0,NA
2556478,"Ben Braunecker","FA","TE",23,1,NA,0,0,0,NA,75,0,5,0,NA,NA,NA,NA,NA,0,NA
2556493,"Tra Carson","CIN","RB",25,1,6,0,0,0,NA,103,0,0,0,NA,NA,NA,NA,NA,0,NA
2556508,"Alan Cross","TB","RB",24,1,1,0,0,0,NA,103,0,12,0,NA,NA,NA,NA,NA,0,NA
2556508,"Alan Cross","TB","TE",24,1,1,0,0,0,NA,75,0,5,0,NA,NA,NA,NA,NA,0,NA
2556528,"D.J. Foster","ARI","RB",NA,1,8,0,0,0,NA,103,0,0,0,NA,NA,NA,NA,NA,0,NA
2556541,"Aaron Green","FA","RB",25,1,NA,0,0,0,NA,103,0,0,0,NA,NA,NA,NA,NA,0,NA
2556544,"Glenn Gronkowski","FA","RB",24,1,NA,0,0,0,NA,103,0,0,0,NA,NA,NA,NA,NA,0,NA
2556563,"Don Jackson","FA","RB",24,1,NA,0,0,0,NA,103,0,0,0,NA,NA,NA,NA,NA,0,NA
2556569,"Andy Jones","FA","WR",NA,1,NA,0,0,0,0,141,0,10,0,NA,NA,NA,2.88393337567143,NA,0,NA
2556577,"Marshall Koehn","FA","K",25,1,NA,0,0,0,NA,27,0,3,0,NA,NA,NA,NA,NA,1,NA
2556606,"Jalin Marshall","FA","WR",NA,1,NA,0,0,0,0,141,0,10,0,NA,NA,NA,2.88393337567143,NA,0,NA
2556636,"Marquez North","FA","WR",22,1,NA,0,0,0,NA,141,0,10,0,NA,NA,NA,NA,NA,0,NA
2556656,"Jhurell Pressley","FA","RB",25,1,NA,0,0,0,NA,103,0,0,0,NA,NA,NA,NA,NA,0,NA
2556661,"Kalif Raymond","FA","WR",23,1,NA,0,0,0,0,141,0,10,0,NA,NA,NA,2.88393337567143,NA,0,NA
2556676,"Rashawn Scott","MIA","WR",25,1,1,0,0,0,NA,141,0,10,0,NA,NA,NA,NA,NA,0,NA
2556687,"Joel Stave","FA","QB",25,1,NA,0,0,0,NA,56,0,8,0,NA,NA,NA,NA,NA,0,NA
2556728,"Brandon Burks","FA","RB",24,1,NA,0,0,0,NA,103,0,0,0,NA,NA,NA,NA,NA,0,NA
2556743,"Chris Hubert","ARI","WR",24,1,8,0,0,0,NA,141,0,10,0,NA,NA,NA,NA,NA,0,NA
2556818,"Ryan OMalley","OAK","TE",24,2017,10,0,0,0,NA,75,0,5,0,NA,NA,NA,NA,NA,0,NA
2556827,"Dom Williams","PHI","WR",27,1,10,0,0,0,NA,141,0,10,0,NA,NA,NA,NA,NA,0,NA
2556841,"Byron Marshall","FA","WR",23,1,NA,0,0,0,NA,141,0,10,0,NA,NA,NA,NA,NA,0,NA
2556851,"Keyarris Garrett","FA","WR",25,1,NA,0,0,0,NA,141,0,10,0,NA,NA,NA,NA,NA,0,NA
2556854,"Devon Johnson","FA","RB",24,1,NA,0,0,0,NA,103,0,0,0,NA,NA,NA,NA,NA,0,NA
2556882,"Jake Lampman","FA","WR",24,1,NA,0,0,0,NA,141,0,10,0,NA,NA,NA,NA,NA,0,NA
2557531,"Troymaine Pope","FA","RB",24,1,NA,0,0,0,NA,103,0,0,0,NA,NA,NA,NA,NA,0,NA
2557850,"DeAngelo Henderson","DEN","RB",25,0,5,0,0,0,NA,103,0,0,0,NA,NA,NA,NA,NA,0,NA
2557859,"Jake Butt","DEN","TE",22,0,5,0,0,0,NA,75,0,5,0,NA,NA,NA,NA,NA,0,NA
2557869,"Chad Kelly","DEN","QB",23,0,5,0,0,0,NA,56,0,8,0,NA,NA,NA,NA,NA,0,NA
2557885,"Jordan Leggett","NYJ","TE",22,0,11,0,0,0,0,75,0,5,0,NA,NA,NA,2.91861020144307,NA,0,NA
2557897,"Davis Webb","NYG","QB",22,0,8,0,0,0,NA,56,0,8,0,NA,NA,NA,NA,NA,0,NA
2557936,"Joe Williams","SF","RB",24,0,11,0,0,0,0,103,0,12,0,NA,NA,NA,2.81037584591578,NA,0,NA
2557977,"Jeremy McNichols","FA","RB",22,0,NA,0,0,0,NA,103,0,0,0,NA,NA,NA,NA,NA,0,NA
2558003,"Carlos Henderson","DEN","WR",23,0,5,0,0,0,NA,141,0,10,0,NA,NA,NA,NA,NA,0,NA
2558011,"Bucky Hodges","FA","TE",22,0,NA,0,0,0,NA,75,0,5,0,NA,NA,NA,NA,NA,0,NA
2558016,"Brad Kaaya","FA","QB",22,0,NA,0,0,0,0,56,NA,8,0,NA,NA,NA,3.42286913956677,NA,0,NA
2558052,"Kenny Golladay","DET","WR",24,0,7,0,0,0,NA,141,0,10,0,NA,NA,NA,NA,NA,0,NA
2558071,"Isaiah Ford","MIA","WR",21,0,1,0,0,0,NA,141,0,10,0,NA,NA,NA,NA,NA,0,NA
2558095,"Malachi Dupre","FA","WR",22,0,NA,0,0,0,NA,141,0,10,0,NA,NA,NA,NA,NA,0,NA
2558113,"Elijah Hood","FA","RB",NA,0,NA,0,0,0,NA,103,0,0,0,NA,NA,NA,NA,NA,0,NA
2558196,"Sam Rogers","FA","RB",22,0,NA,0,0,0,NA,103,0,0,0,NA,NA,NA,NA,NA,0,NA
2558254,"Robert Davis","FA","WR",22,0,NA,0,0,0,NA,141,0,10,0,NA,NA,NA,NA,NA,0,NA
2558273,"T.J. Logan","ARI","RB",23,0,8,0,0,0,NA,103,0,0,0,NA,NA,NA,NA,NA,0,NA
2558786,"Brandon Wilson","FA","RB",23,0,NA,0,0,0,NA,103,0,0,0,NA,NA,NA,NA,NA,0,NA
2558832,"Mo Alie-Cox","FA","TE",24,1,NA,0,0,0,NA,75,0,5,0,NA,NA,NA,NA,NA,0,NA
2558837,"Devante Mays","GB","RB",NA,0,8,0,0,0,NA,103,0,0,0,NA,NA,NA,NA,NA,0,NA
2558850,"Donnel Pumphrey","PHI","RB",23,0,10,0,0,0,NA,103,0,0,0,NA,NA,NA,NA,NA,0,NA
2558856,"David Moore","FA","WR",22,0,NA,0,0,0,NA,141,0,10,0,NA,NA,NA,NA,NA,0,NA
2558860,"Marquez Williams","FA","RB",NA,0,NA,0,0,0,NA,103,0,0,0,NA,NA,NA,NA,NA,0,NA
2558861,"Khalfani Muhammad","TEN","RB",23,0,8,0,0,0,NA,103,0,0,0,NA,NA,NA,NA,NA,0,NA
2558864,"Mason Schreck","CIN","TE",NA,0,6,0,0,0,NA,75,NA,5,0,NA,NA,NA,NA,NA,0,NA
2558865,"Chris Carson","SEA","RB",23,0,6,0,0,0,NA,103,0,0,0,NA,NA,NA,NA,NA,0,NA
2558906,"Quincy Adeboyejo","FA","WR",NA,NA,NA,0,0,0,NA,141,0,10,0,NA,NA,NA,NA,NA,NA,NA
2558950,"Keon Hatcher","OAK","WR",23,0,10,0,0,0,NA,141,0,10,0,NA,NA,NA,NA,NA,NA,NA
2558993,"Fred Ross","CAR","WR",NA,0,11,0,0,0,NA,141,0,10,0,NA,NA,NA,NA,NA,NA,NA
2559101,"Travin Dural","NO","WR",NA,0,5,0,0,0,NA,141,0,10,0,NA,NA,NA,NA,NA,NA,NA
2559103,"Devine Redding","FA","RB",NA,NA,NA,0,0,0,NA,103,0,0,0,NA,NA,NA,NA,NA,NA,NA
2559170,"Amba Etta-Tawo","FA","WR",24,0,NA,0,0,0,NA,141,0,10,0,NA,NA,NA,NA,NA,NA,NA
2559180,"Tion Green","DET","RB",NA,NA,7,0,0,0,NA,103,0,0,0,NA,NA,NA,NA,NA,NA,NA
2559205,"Younghoe Koo","FA","K",23,0,NA,0,0,0,NA,27,NA,3,0,NA,NA,NA,NA,NA,0,NA
2559235,"Brandon Reilly","BUF","WR",24,0,6,0,0,0,NA,141,0,10,0,NA,NA,NA,NA,NA,NA,NA
2559246,"Artavis Scott","FA","WR",NA,0,NA,0,0,0,NA,141,0,10,0,NA,NA,NA,NA,NA,NA,NA
2559254,"Shane Smith","NYG","RB",NA,NA,8,0,0,0,NA,103,0,0,0,NA,NA,NA,NA,NA,NA,NA
2559286,"Krishawn Hogan","IND","WR",NA,0,11,0,0,0,NA,141,0,10,0,NA,NA,NA,NA,NA,NA,NA
2559362,"Dare Ogunbowale","FA","RB",NA,0,NA,0,0,0,NA,103,NA,0,0,NA,NA,NA,NA,NA,NA,NA
2559394,"Lance Lenoir","FA","WR",22,0,NA,0,0,0,NA,141,NA,10,0,NA,NA,NA,NA,NA,NA,NA
