"playerId","player","team","position","age","exp","bye","points","lower","upper","sdPts","positionRank","dropoff","tier","ptSpread","overallECR","positionECR","sdRank","risk","sleeper","actualPoints","salary"
2495455,"Cam Newton","CAR","QB",27,5,7,22.455,20.511,24.999,3.96686904245653,1,2.79,1,4.488,NA,1.6,1.1,5.94099774703916,NA,27.82,NA
2543499,"Derek Carr","OAK","QB",25,2,10,19.96,18.452,22.068,3.19612265096319,2,0.640000000000001,1,3.61599999999999,NA,8.8,2.7,6.9844535527434,NA,24.96,NA
2505996,"Eli Manning","NYG","QB",35,12,8,19.37,19.086,20.254,1.03237590053236,3,0.7075,2,1.168,NA,2.5,2,4.55281881606065,NA,11.32,NA
2506121,"Philip Rivers","SD","QB",35,12,11,19.27,16.97,22.17,4.59619407771256,4,1.485,2,5.2,NA,13.7,3.3,8.70971651018613,NA,22.8,NA
79860,"Matthew Stafford","DET","QB",28,7,10,18.055,17.805,18.005,0.176776695296637,5,0.692499999999999,3,0.200000000000003,NA,6,2.9,4.80644546084046,NA,14.5,NA
2495979,"DeAngelo Williams","PIT","RB",33,10,8,17.995,16.661,19.629,2.62336615820209,1,1.8025,1,2.968,NA,NA,NA,7.31141495383434,NA,19.2,NA
2505245,"Carson Palmer","ARI","QB",37,13,9,17.515,16.941,18.389,1.27986327394765,6,0.532499999999999,3,1.448,NA,5.4,1.7,4.43849328003185,NA,24.16,NA
2532820,"Kirk Cousins","WAS","QB",28,4,9,17.21,16.246,22.374,5.41643794388895,7,0.472499999999997,3,6.128,NA,14.1,3.9,9.97706090568266,NA,17.56,NA
2543477,"Blake Bortles","JAC","QB",25,2,5,16.755,15.515,18.595,2.72236110756821,8,0.0650000000000013,3,3.08,NA,8.5,2.7,6.61030058139712,NA,15.56,NA
2533033,"Robert Griffin","CLE","QB",26,4,13,16.72,16.72,16.72,NA,9,0.132500000000004,3,0,NA,NA,NA,NA,NA,NA,NA
2495240,"Tyrod Taylor","BUF","QB",27,5,10,16.66,14.618,17.802,2.81428498912246,10,0.602499999999999,3,3.184,NA,23.2,3.2,7.19919506118693,NA,23.38,NA
2504775,"Drew Brees","NO","QB",37,15,5,16.515,15.115,17.315,1.944543648263,11,1.035,4,2.2,NA,3.8,2.1,5.37646242214056,NA,14.52,NA
2553435,"David Johnson","ARI","RB",25,1,9,16.27,15.376,15.664,0.254558441227158,2,0.49,2,0.287999999999998,NA,1.5,0.8,2.14271831245291,NA,14.3,NA
2552379,"Jeremy Langford","CHI","RB",25,1,9,16.115,11.437,21.093,8.53477884892163,3,0.974999999999998,2,9.656,NA,17.1,5.2,11.0024769864467,NA,6.4,NA
2543801,"Jimmy Garoppolo","NE","QB",25,2,9,15.6,15.612,16.188,0.509116882454316,12,0.522499999999999,4,0.576000000000004,NA,19.9,3.6,5.79172766649803,NA,21.28,NA
2541161,"Latavius Murray","OAK","RB",26,3,10,15.445,11.911,19.279,6.5124534547281,4,0.942500000000001,2,7.36799999999999,NA,12.9,5,9.14872859063301,NA,16.1,NA
382,"Joe Flacco","BAL","QB",31,8,8,15.36,14.66,15.46,0.707106781186548,13,0.690000000000001,4,0.800000000000001,NA,15.3,4.6,6.98068537149097,NA,14.18,NA
2508061,"Antonio Brown","PIT","WR",28,6,8,15.15,14.66,15.94,1.13137084989848,1,1.2875,1,1.28,NA,2,0.9,2.78183257967712,NA,3.9,NA
2543496,"Odell Beckham","NYG","WR",24,2,8,14.86,14.572,15.148,0.509116882454315,2,2.065,1,0.575999999999999,NA,1.5,1.1,2.30590737916085,NA,8.6,NA
4327,"Danny Woodhead","SD","RB",31,8,11,14.835,12.573,17.397,4.26385389055488,5,0.85,2,4.824,NA,21.3,4.3,6.91821674700719,NA,3.1,NA
2506363,"Aaron Rodgers","GB","QB",33,11,4,14.795,12.291,16.699,3.89615836433788,14,0.397499999999999,4,4.408,NA,5.2,3.5,8.36338266606798,NA,15.42,NA
2532975,"Russell Wilson","SEA","QB",28,4,5,14.545,11.873,16.617,4.19314321243623,15,0.3125,4,4.744,NA,NA,NA,10.0696966112052,NA,11.56,NA
2506109,"Ben Roethlisberger","PIT","QB",34,12,8,14.25,14.002,14.498,0.43840620433566,16,0.100000000000001,5,0.496000000000002,NA,8.2,2.3,4.39351008946306,NA,17.76,NA
2552033,"Jameis Winston","TB","QB",22,1,6,14.215,12.819,14.411,1.40714249456123,17,0.375,5,1.592,NA,15.1,3.1,5.98464536564076,NA,-0.379999999999999,NA
71345,"Rashad Jennings","NYG","RB",31,7,8,14.17,13.746,14.594,0.749533188057741,6,0.565,3,0.848000000000001,NA,14.1,4.8,3.99736029793657,NA,4,NA
2552466,"Marcus Mariota","TEN","QB",23,1,13,14.085,12.899,14.971,1.83140656327316,18,0.6,5,2.072,NA,15.8,4.2,7.45556252416749,NA,15.62,NA
2495466,"Mark Ingram","NO","RB",27,5,5,13.8,12.81,14.49,1.48492424049175,7,0.6325,3,1.68,NA,10.3,5,4.71657784075842,NA,4.7,NA
2495824,"Jay Cutler","CHI","QB",33,10,9,13.595,11.463,15.727,3.7688791437243,19,0.252499999999998,5,4.264,NA,23.2,3.3,8.0563449035068,NA,0.28,NA
2540204,"Spencer Ware","KC","RB",25,3,5,13.41,12.138,14.682,2.24859956417322,8,0.642499999999998,3,2.544,NA,NA,NA,6.65064423725669,NA,7.5,NA
310,"Matt Ryan","ATL","QB",31,8,11,13.375,12.815,14.535,1.52027957955108,20,0.184999999999999,5,1.72,NA,16,3.6,6.59029296355055,NA,24.84,NA
2505076,"Josh McCown","CLE","QB",37,14,13,13.31,11.334,15.286,3.49310749906154,21,0.299999999999999,5,3.952,NA,25.2,3.7,8.2515924756296,NA,12.4,NA
100030,"Seahawks","SEA","DST",NA,NA,5,13.2,10.96,15.44,3.95979797464467,1,1.025,1,4.48,NA,1.8,0.9,5.5172941255422,NA,7,NA
2495143,"Andy Dalton","CIN","QB",29,5,9,13.07,10.27,14.67,3.88908729652601,22,0.317499999999999,5,4.4,NA,15.2,3.9,8.77083640104389,NA,19.34,NA
2506581,"Ryan Fitzpatrick","NYJ","QB",34,11,11,12.95,12.72,12.88,0.14142135623731,23,0.477500000000001,6,0.160000000000002,NA,20.5,3.4,5.29482123191038,NA,21.06,NA
2555224,"Ezekiel Elliott","DAL","RB",21,0,7,12.925,7.875,14.075,5.48007755419574,9,0.32,3,6.2,NA,5.2,2,7.17489746001074,NA,11.7,NA
2495450,"A.J. Green","CIN","WR",28,5,9,12.865,12.707,13.323,0.544472221513643,3,0.33,2,0.616000000000001,NA,3.5,0.8,2.2280664374229,NA,3.8,NA
2540165,"DeAndre Hopkins","HOU","WR",24,3,9,12.725,11.545,13.905,2.08596500450031,4,0.534999999999998,2,2.36,NA,6.5,2.4,4.16849082224072,NA,17.3,NA
2540269,"C.J. Anderson","DEN","RB",25,3,11,12.61,8.932,12.388,3.05470129472589,10,0.295,4,3.456,NA,2.2,1,4.68217216886602,NA,15.3,NA
2507999,"Chris Ivory","JAC","RB",28,6,5,12.6,12.6,12.6,NA,11,0.662500000000001,4,0,NA,NA,NA,NA,NA,NA,NA
2553457,"Trevor Siemian","DEN","QB",NA,NA,11,12.555,10.119,14.991,4.30628029742608,24,0.244999999999999,6,4.872,NA,24.9,4.2,9.41009297149882,NA,8.34,NA
2506340,"Alex Smith","KC","QB",32,11,5,12.39,11.822,12.958,1.0040916292849,25,0.245000000000001,6,1.136,NA,NA,NA,5.03259242979706,NA,1.64,NA
2495454,"Julio Jones","ATL","WR",27,5,11,12.345,10.199,11.791,1.40714249456123,5,0.365,3,1.592,NA,NA,NA,5.35464379899578,NA,16.6,NA
100009,"Broncos","DEN","DST",NA,NA,11,12.25,10.31,12.79,2.1920310216783,2,0.199999999999999,1,2.48,NA,4.2,2.1,4.39269182029775,NA,25,NA
2532956,"Ryan Tannehill","MIA","QB",28,4,8,12.23,11.454,13.006,1.3717871555019,26,0.172499999999999,6,1.552,NA,26.4,2.9,5.75020444826617,NA,20.98,NA
100013,"Texans","HOU","DST",NA,NA,9,12.1,9.32,11.88,2.26274169979695,3,0.299999999999999,1,2.56,NA,8.7,2.6,5.0529580572709,NA,14,NA
2539227,"Dustin Hopkins","WAS","K",26,3,9,12.075,8.935,15.215,5.5507882323144,1,0.608333333333333,1,6.28,NA,17.3,3.7,10.7396224217562,NA,11,NA
2555259,"Carson Wentz","PHI","QB",24,0,4,12.06,11.66,12.46,0.707106781186546,27,0.5025,7,0.799999999999999,NA,23.5,3.4,5.74157104844325,NA,12.6,NA
2533436,"Brock Osweiler","HOU","QB",26,4,9,12.055,11.133,12.677,1.36471608769004,28,1.105,7,1.544,NA,22.5,3.3,6.15765818324208,NA,8.42,NA
2543471,"Kelvin Benjamin","CAR","WR",25,2,7,12.035,11.927,12.143,0.190918830920369,6,0.272500000000001,4,0.216000000000003,NA,14.1,4.6,3.29717282725983,NA,22.8,NA
949,"Jonathan Stewart","CAR","RB",29,8,7,12.03,10.184,13.576,2.99813275223096,12,0.220000000000001,4,3.392,NA,NA,NA,7.97218567041198,NA,1.6,NA
100004,"Panthers","CAR","DST",NA,NA,7,12,9.34,12.06,2.40416305603426,4,0.475,1,2.72,NA,1.5,0.7,3.1174353855716,NA,14,NA
1032,"Jordy Nelson","GB","WR",31,8,4,11.925,10.745,13.105,2.08596500450032,7,0.4275,4,2.36,NA,12.6,3.7,4.64087340248395,NA,13.3,NA
234,"Matt Forte","NYJ","RB",31,8,11,11.845,9.439,12.151,2.3970919882224,13,0.0800000000000001,4,2.712,NA,11.1,3.9,5.1306952450583,NA,28.9,NA
2552469,"Melvin Gordon","SD","RB",23,1,11,11.775,10.665,13.185,2.22738636073763,14,0.26,4,2.52,NA,25,4.7,5.26474357394796,NA,18,NA
2543583,"Devonta Freeman","ATL","RB",24,2,11,11.755,9.861,10.349,0.431335136523794,15,0.569999999999999,4,0.488,NA,NA,NA,3.44652963045566,NA,9.3,NA
100010,"Lions","DET","DST",NA,NA,10,11.6,11.06,11.54,0.424264068711928,5,0.275000000000002,1,0.480000000000002,NA,16.9,3.6,3.60492280598215,NA,11,NA
2533039,"Alshon Jeffery","CHI","WR",26,4,9,11.6,9.52,13.68,3.67695526217005,8,0.347499999999998,4,4.16,NA,6.8,1.9,5.38947424646494,NA,9.6,NA
2550325,"Chandler Catanzaro","ARI","K",25,2,9,11.5,10.3,12.7,2.12132034355964,2,0.108333333333334,1,2.4,NA,5,2.9,5.33335836682906,NA,11,NA
100002,"Ravens","BAL","DST",NA,NA,8,11.45,11.03,11.27,0.212132034355965,6,0.399999999999999,1,0.240000000000002,NA,6.7,2.7,2.2977906769204,NA,13,NA
2505459,"Josh Brown","NYG","K",37,13,8,11.4333333333333,10.18,12.6866666666667,2.21560124771785,3,0.183333333333334,1,2.50666666666667,NA,9,3.4,6.33579522475638,NA,11,NA
2530747,"Doug Baldwin","SEA","WR",28,5,5,11.395,10.431,12.359,1.70412734265958,9,0.440000000000001,4,1.928,NA,17,5.5,4.95830102283061,NA,2,NA
2506677,"Matt Prater","DET","K",32,10,10,11.35,10.03,12.67,2.33345237791561,4,0.625,1,2.64,NA,10.2,3.7,7.00832958404069,NA,8,NA
2507164,"Adrian Peterson","MIN","RB",31,9,6,11.275,9.375,10.775,1.23743686707646,16,0.307500000000001,4,1.4,NA,NA,NA,4.86781003969814,NA,2.6,NA
100025,"Eagles","PHI","DST",NA,NA,4,11.2,10.18,11.62,1.27279220613579,7,0.299999999999999,1,1.44,NA,11.5,3.7,4.90372959472584,NA,13,NA
2536340,"Justin Tucker","BAL","K",27,4,8,11.15,9.67,12.63,2.61629509039023,5,0.874999999999998,1,2.96,NA,3.8,2.8,5.72878443013149,NA,15,NA
2543509,"Allen Robinson","JAC","WR",23,2,5,11.11,8.102,10.518,2.13546247918337,10,0.317499999999999,5,2.416,NA,6.9,2.9,4.39381502213356,NA,5.4,NA
2553733,"Thomas Rawls","SEA","RB",23,1,5,11.095,9.689,10.401,0.629325035256026,17,0.257499999999999,4,0.711999999999998,NA,24.4,5.4,4.10413023060925,NA,0.8,NA
2543465,"Teddy Bridgewater","MIN","QB",24,2,6,11.06,11.06,11.06,NA,29,0.42,7,0,NA,NA,NA,NA,NA,NA,NA
100024,"Jets","NYJ","DST",NA,NA,11,10.9,10.28,10.92,0.565685424949239,8,0.15,1,0.640000000000001,NA,7.9,5.4,5.82367738907208,NA,2,NA
100026,"Cardinals","ARI","DST",NA,NA,9,10.9,10.12,11.08,0.848528137423858,8,0.4,1,0.960000000000001,NA,6.1,2.5,2.96313191846005,NA,23,NA
2533034,"Lamar Miller","HOU","RB",25,4,9,10.84,7.418,11.562,3.66281312654632,18,0.00749999999999851,4,4.144,NA,3.9,1.5,5.39555466097245,NA,9.7,NA
2555260,"Dak Prescott","DAL","QB",23,0,7,10.84,8.556,12.524,3.50724963468527,30,0.57,7,3.968,NA,23.2,3.7,8.26276122104292,NA,18.28,NA
497149,"LeGarrette Blount","NE","RB",30,6,9,10.835,10.593,10.777,0.162634559672906,19,0.0575000000000028,4,0.183999999999999,NA,23.5,5.6,3.7636211525047,NA,18.3,NA
2495207,"DeMarco Murray","TEN","RB",28,5,13,10.83,9.204,12.756,3.13955410846827,20,0.262500000000001,4,3.552,NA,15.3,5.4,6.31708876254382,NA,14.5,NA
2553467,"Quan Bray","IND","WR",NA,NA,10,10.8,10.8,10.8,NA,11,0.137500000000001,5,0,NA,119,0,0.0412117700928594,NA,0.7,NA
2532841,"Michael Floyd","ARI","WR",27,4,9,10.785,10.293,11.277,0.869741340859454,12,0.467500000000001,5,0.984000000000002,NA,23.5,6.5,4.58605025717037,NA,6.8,NA
2552635,"Matt Jones","WAS","RB",24,1,9,10.725,8.855,12.895,3.57088924499206,21,0.452499999999999,4,4.04,NA,NA,NA,8.9820428032948,NA,12.5,NA
100005,"Bears","CHI","DST",NA,NA,9,10.6,8.48,10.72,1.97989898732233,10,0.225,2,2.24,NA,20,4.8,7.12755918238227,NA,2,NA
2543457,"Sammy Watkins","BUF","WR",23,2,10,10.54,8.332,12.748,3.90322943214974,13,0.465,5,4.416,NA,31.5,9.3,8.27791194847036,NA,2,NA
497095,"Sam Bradford","MIN","QB",29,6,6,10.44,9.942,11.238,1.14551298552221,31,0.475,8,1.296,NA,29.5,1.6,4.22913067168465,NA,19.14,NA
2532899,"Doug Martin","TB","RB",27,4,6,10.41,9.622,10.598,0.862670273047588,22,0.355,4,0.976000000000001,NA,15.5,4.4,3.95527087751354,NA,2.3,NA
100003,"Bills","BUF","DST",NA,NA,10,10.4,10.02,10.18,0.141421356237309,11,0.275,2,0.159999999999998,NA,16,4.3,3.99535747644924,NA,5,NA
100016,"Chiefs","KC","DST",NA,NA,5,10.35,10.01,10.09,0.0707106781186545,12,0.449999999999999,2,0.0799999999999983,NA,10.7,2.9,2.32459136668951,NA,10,NA
2541556,"Brandon McManus","DEN","K",25,2,11,10.3,8.94,11.66,2.40416305603426,6,0.0749999999999993,1,2.72,NA,9.2,2.9,5.66138411080405,NA,15,NA
2553833,"Josh Lambo","SD","K",26,1,11,10.25,8.85,11.65,2.47487373415292,7,0.125,1,2.8,NA,18.5,4.7,8.95853234256617,NA,8,NA
2506922,"Stephen Gostkowski","NE","K",32,10,9,10.2,10.04,10.36,0.282842712474619,8,0.550000000000001,1,0.319999999999999,NA,1.5,1.1,-0.0139507647767507,NA,7,NA
2552374,"Ameer Abdullah","DET","RB",23,1,10,10.135,7.217,9.753,2.24152849636136,23,0.197500000000002,4,2.536,NA,27.9,4.3,5.13538254944863,NA,3.8,NA
2495441,"Blaine Gabbert","SF","QB",27,5,8,10.1,9.064,10.536,1.30107647738325,32,1.6625,8,1.472,NA,30.9,1,3.73242970970734,NA,18.72,NA
2506106,"Larry Fitzgerald","ARI","WR",33,12,9,10.095,6.809,10.081,2.89206673505298,14,0.147499999999999,5,3.272,NA,NA,NA,7.97295932541458,NA,13.7,NA
2495893,"Brandon Marshall","NYJ","WR",32,10,11,10.055,8.061,9.349,1.13844191771034,15,0.287499999999998,5,1.288,NA,NA,NA,4.88085337040571,NA,10.1,NA
2553112,"Jason Myers","JAC","K",NA,NA,5,10.05,8.49,11.61,2.75771644662754,9,1.1,1,3.12,NA,18.4,3.8,7.67898718865697,NA,2,NA
2540011,"Chris Thompson","WAS","RB",26,3,9,9.975,7.475,12.475,4.41941738241592,24,0.1275,4,5,NA,45.2,3.6,6.80715814523419,NA,5.8,NA
79607,"LeSean McCoy","BUF","RB",28,7,10,9.9,8.6,9.4,0.707106781186548,25,0.2425,4,0.800000000000001,NA,13.6,4.4,3.81812978539365,NA,9,NA
100014,"Colts","IND","DST",NA,NA,10,9.9,8.22,11.58,2.9698484809835,13,0,2,3.36,NA,23.9,5.8,9.63462068142931,NA,3,NA
100021,"Patriots","NE","DST",NA,NA,9,9.9,8.22,9.98,1.5556349186104,13,0.6,2,1.76,NA,5,2.5,3.951906106044,NA,8,NA
100032,"Redskins","WAS","DST",NA,NA,9,9.9,7.42,12.38,4.38406204335659,13,1.675,2,4.96,NA,18.6,4.6,10.2648358928818,NA,6,NA
2552487,"Amari Cooper","OAK","WR",22,1,10,9.84,5.938,11.042,4.51134126397017,16,0.167500000000002,5,5.104,NA,9.2,3,6.52480456482577,NA,7.1,NA
2533031,"Andrew Luck","IND","QB",27,4,10,9.83,8.77,10.29,1.34350288425444,33,3.6765,8,1.52,NA,NA,NA,5.56869220963651,NA,8.08,NA
2540168,"Eddie Lacy","GB","RB",25,3,4,9.795,6.839,10.351,3.10419876940894,26,0.494999999999999,4,3.512,NA,15.5,4.4,5.93134934124103,NA,5,NA
2540160,"Jordan Reed","WAS","TE",26,3,9,9.765,6.553,9.377,2.49608693758851,1,0.3125,1,2.824,NA,1.6,1.1,5.48305386339738,NA,7,NA
2555346,"Will Fuller","HOU","WR",22,0,9,9.695,7.691,11.699,3.5426049737446,17,0.17,5,4.008,NA,36.3,4.8,6.32480316447538,NA,10.4,NA
2543468,"Mike Evans","TB","WR",23,2,6,9.65,7.72,9.48,1.55563491861041,18,0.307499999999999,5,1.76,NA,10.9,2.4,3.70093447823737,NA,13,NA
2505299,"Antonio Gates","SD","TE",36,13,11,9.6,8.4,10.8,2.12132034355964,2,0.5425,1,2.4,NA,6.6,2.4,5.61662300415835,NA,7.5,NA
2552475,"Todd Gurley","LA","RB",22,1,8,9.52,7.774,9.166,1.23036579926459,27,0.472500000000002,4,1.392,NA,NA,NA,4.85534266768724,NA,7,NA
2543498,"Brandin Cooks","NO","WR",23,2,5,9.4,4.32,10.88,5.79827560572969,19,0.2525,5,6.56,NA,9.1,3,7.65940795960725,NA,6.8,NA
1060,"Gary Barnidge","CLE","TE",31,8,13,9.305,7.789,10.821,2.67993470069701,3,0.885,1,3.032,NA,7,2,6.08962296349272,NA,3.7,NA
2552608,"Stefon Diggs","MIN","WR",23,1,6,9.285,8.393,10.177,1.576848122046,20,0.3225,5,1.784,NA,33.8,5.9,4.99143598649849,NA,24.2,NA
2507374,"Steven Hauschka","SEA","K",NA,NA,5,9.25,8.65,9.85,1.06066017177982,10,0.9,1,1.2,NA,6.5,2.5,3.38878587230765,NA,3,NA
2543743,"Carlos Hyde","SF","RB",25,2,8,9.08,7.606,8.454,0.749533188057742,28,0.187499999999998,5,0.848000000000003,NA,23,5.3,4.17464579357434,NA,2.2,NA
497188,"Ryan Mathews","PHI","RB",29,6,4,9.015,6.583,9.647,2.70821897194448,29,0.245000000000001,5,3.064,NA,16.4,4.2,5.51134872668075,NA,15.5,NA
2532790,"Travis Benjamin","SD","WR",27,4,11,9.01,7.768,10.552,2.46073159852919,21,0.187500000000002,5,2.784,NA,36.8,6.3,5.9160450460661,NA,23.5,NA
497284,"Eric Decker","NYJ","WR",29,6,11,8.915,6.793,8.337,1.36471608769004,22,0.202499999999999,5,1.544,NA,20.8,4.9,4.44104223332544,NA,18.6,NA
2495700,"Greg Olsen","CAR","TE",31,9,7,8.81,6.162,9.058,2.5597265478953,4,0.865,1,2.896,NA,2.5,1,5.51315021228655,NA,18.2,NA
79555,"Arian Foster","MIA","RB",30,7,8,8.77,5.624,9.816,3.70523953341751,30,0.0500000000000025,5,4.192,NA,NA,NA,9.21892287150188,NA,0.9,NA
927,"Justin Forsett","BAL","RB",31,8,8,8.77,7.684,8.356,0.593969696196699,31,0.2775,5,0.671999999999999,NA,34.8,4.8,3.86021920581668,NA,4.6,NA
71269,"Michael Crabtree","OAK","WR",29,7,10,8.73,5.606,8.854,2.87085353161738,23,0.0449999999999999,5,3.248,NA,30.5,5.6,6.02326210119517,NA,9.1,NA
100028,"Chargers","SD","DST",NA,NA,11,8.7,6.26,8.34,1.83847763108502,16,1.25,3,2.08,NA,21,6.5,8.83852632679566,NA,12,NA
80429,"Jeremy Maclin","KC","WR",28,7,5,8.695,6.589,8.101,1.33643181644257,24,0.0999999999999996,6,1.512,NA,NA,NA,5.22996210726155,NA,6.8,NA
2543488,"Jarvis Landry","MIA","WR",24,2,8,8.675,7.585,8.265,0.601040764008565,25,0.195,6,0.679999999999998,NA,25,6.7,4.42182928598968,NA,10.5,NA
2552471,"T.J. Yeldon","JAC","RB",23,1,5,8.67,3.004,11.036,7.09935208311294,32,0.5,5,8.032,NA,20.4,6.2,10.091609718616,NA,3.8,NA
71309,"Graham Gano","CAR","K",29,7,7,8.65,8.37,8.93,0.494974746830584,11,0.924999999999998,1,0.56,NA,4.5,3.4,4.34030528224187,NA,18,NA
2550256,"Willie Snead","NO","WR",24,2,5,8.515,6.593,8.937,2.07182286887658,26,0.102499999999999,6,2.344,NA,27.2,5.9,5.42782190756829,NA,11.4,NA
497322,"Emmanuel Sanders","DEN","WR",29,6,11,8.445,6.599,8.191,1.40714249456123,27,0.0924999999999994,6,1.592,NA,26.3,7,5.2415262935463,NA,3.9,NA
238498,"Julian Edelman","NE","WR",30,7,9,8.38,6.106,8.554,2.16374675043083,28,0.0774999999999988,6,2.448,NA,23.7,5.5,5.36351652096685,NA,7.6,NA
497326,"Golden Tate","DET","WR",28,6,10,8.325,5.665,8.585,2.5809397513309,29,0.0750000000000011,6,2.92,NA,26.8,6.2,5.98568736248303,NA,1.3,NA
2540020,"Theo Riddick","DET","RB",25,3,10,8.315,5.313,8.617,2.92035100630044,33,0.389999999999999,5,3.304,NA,NA,NA,7.83504457829209,NA,6.5,NA
2532884,"Marvin Jones","DET","WR",26,4,10,8.28,5.416,8.744,2.94156420973604,30,0.0625,6,3.328,NA,24.3,5.5,6.04926582550511,NA,11.8,NA
2495448,"Randall Cobb","GB","WR",26,5,4,8.22,5.564,8.476,2.57386868351903,31,0.1675,6,2.912,NA,20.9,7.2,6.34282449346802,NA,4.2,NA
2543500,"Jordan Matthews","PHI","WR",24,2,4,8.215,5.773,7.957,1.93040151263928,32,0.3275,6,2.184,NA,18.5,5.4,5.12145460804821,NA,7.1,NA
2504257,"Sebastian Janikowski","OAK","K",38,16,10,8.05,8.01,8.09,0.0707106781186545,12,0.662500000000001,2,0.0800000000000001,NA,13.4,4.8,6.34893250743257,NA,4,NA
2540258,"Travis Kelce","KC","TE",27,3,5,8.03,5.894,10.166,3.77595021153616,5,0.222499999999998,1,4.272,NA,5,1.6,7.18584866345739,NA,3.4,NA
2543603,"Jeremy Hill","CIN","RB",24,2,9,8.025,6.035,7.915,1.66170093578839,34,0.225,5,1.88,NA,26.6,5,4.87241999089466,NA,5.9,NA
2540169,"Robert Woods","BUF","WR",24,3,10,7.89,5.912,10.168,3.76180807591243,33,0.0225,6,4.256,NA,71,8.6,7.89887040583594,NA,1,NA
2550353,"Allen Hurns","JAC","WR",25,2,5,7.885,5.977,7.393,1.25157900270019,34,0.0600000000000014,6,1.416,NA,34.7,6.1,4.77734233862411,NA,6.4,NA
497240,"Rob Gronkowski","NE","TE",27,6,9,7.86,6.212,7.108,0.791959594928933,6,0.2475,1,0.896,NA,NA,NA,4.70365697886614,NA,NA,NA
2532887,"Jermaine Kearse","SEA","WR",26,4,5,7.85,5.25,10.45,4.59619407771256,35,0.129999999999999,6,5.2,NA,61.9,7.7,8.30745829305335,NA,1.1,NA
2550189,"Isaiah Crowell","CLE","RB",23,2,13,7.825,6.235,7.315,0.954594154601839,35,0.105,6,1.08,NA,32.1,4.9,4.21359429122216,NA,20.8,NA
2553432,"Kevin White","CHI","WR",23,1,9,7.8,5.56,10.04,3.95979797464467,36,0.169999999999999,6,4.48,NA,53.8,7.2,7.56470507246346,NA,3.6,NA
2543770,"Charles Sims","TB","RB",26,2,6,7.775,6.015,7.735,1.52027957955108,36,0.125,6,1.72,NA,37.5,3.7,4.28680398212746,NA,2.8,NA
2495966,"Delanie Walker","TEN","TE",32,10,13,7.755,6.011,7.699,1.49199530830362,7,0.422499999999999,1,1.688,NA,3.9,1.4,4.4497258670919,NA,14.3,NA
100011,"Packers","GB","DST",NA,NA,4,7.75,6.17,7.53,1.20208152801713,17,0.824999999999999,3,1.36,NA,8.1,3.2,4.24346335775269,NA,10,NA
2506404,"Frank Gore","IND","RB",33,11,10,7.665,6.933,7.197,0.233345237791561,37,0.2425,6,0.263999999999999,NA,33.7,4.4,3.40047282302854,NA,12.3,NA
2555295,"Sterling Shepard","NYG","WR",NA,0,8,7.64,5.128,7.752,2.31931024229188,37,0.0824999999999996,6,2.624,NA,32.9,7.2,6.11839744834641,NA,11.7,NA
2495473,"Shane Vereen","NYG","RB",27,5,8,7.635,4.997,8.173,2.80721392131059,38,0.48,6,3.176,NA,41.6,4.2,5.59862033075704,NA,3.6,NA
2539291,"Markus Wheaton","PIT","WR",25,3,8,7.62,5.556,9.684,3.64867099092259,38,0.134999999999999,6,4.128,NA,NA,NA,9.30705342697083,NA,NA,NA
2552458,"Devin Funchess","CAR","WR",22,1,7,7.495,5.121,10.169,4.46184378928711,39,0.0475000000000003,6,5.048,NA,64.7,7.2,8.00732507811997,NA,7.9,NA
1581,"DeSean Jackson","WAS","WR",30,8,9,7.475,5.525,7.325,1.59099025766973,40,0.0575000000000001,6,1.8,NA,23.7,6.7,5.29460112812928,NA,4,NA
497254,"Dennis Pitta","BAL","TE",31,6,8,7.47,5.366,9.574,3.71938166904124,8,0.360000000000001,1,4.208,NA,21.5,4.4,8.34403353553144,NA,10.2,NA
497278,"Dez Bryant","DAL","WR",28,6,7,7.42,5.244,7.196,1.72534054609518,41,0.0525000000000011,6,1.952,NA,17.4,7.9,5.84909419396285,NA,10.2,NA
1990,"Eddie Royal","CHI","WR",30,8,9,7.415,5.747,9.083,2.9486352775479,42,0.18,6,3.336,NA,70.2,10.7,7.94503023106472,NA,5.2,NA
2543533,"Patrick Murray","CLE","K",25,2,13,7.4,6.12,8.68,2.26274169979695,13,0.2875,2,2.56,NA,30.1,2.1,4.06841932958616,NA,2,NA
89802,"Ryan Succop","TEN","K",30,7,13,7.375,6.075,8.675,2.29809703885628,14,0.625,2,2.6,NA,25.4,3.5,6.61008838873622,NA,5,NA
2555317,"Tajae Sharpe","TEN","WR",22,0,13,7.32,4.344,7.896,3.13955410846827,43,0.175,6,3.552,NA,36.7,5,6.04213458614717,NA,3.3,NA
2543664,"Terrance West","BAL","RB",25,2,8,7.21,6.342,7.478,1.0040916292849,39,0.444999999999999,6,1.136,NA,39,4.7,4.18631589500519,NA,5.7,NA
238457,"Zach Miller","CHI","TE",32,7,9,7.195,5.511,8.879,2.97691954879537,9,0.210000000000001,1,3.368,NA,18,8,9.0564391491795,NA,3.3,NA
100031,"Buccaneers","TB","DST",NA,NA,6,7.15,6.09,6.81,0.636396103067893,18,0.45,3,0.720000000000001,NA,24.4,4.2,4.57522164411505,NA,-3,NA
2495189,"Jeremy Kerley","SF","WR",28,5,8,7.15,4.31,9.99,5.02045814642449,44,0.0575000000000001,6,5.68,NA,64.7,11.5,10.0623139874285,NA,2.9,NA
2543847,"John Brown","ARI","WR",26,2,9,7.14,4.658,7.522,2.53144227664784,45,0.125,6,2.864,NA,40.2,5.7,5.76036316259019,NA,1.4,NA
2540156,"Giovani Bernard","CIN","RB",25,3,9,7.1,5.89,7.41,1.34350288425444,40,0.680000000000001,6,1.52,NA,32.1,3.3,3.989133435481,NA,14.7,NA
2507166,"Ted Ginn","CAR","WR",31,9,7,7.045,4.201,9.889,5.02752921423635,46,0.147499999999999,6,5.688,NA,70.7,8.6,9.01477154685728,NA,2.1,NA
2532888,"Case Keenum","LA","QB",28,4,8,7.045,5.749,8.941,2.82135605693432,34,3.178,9,3.192,NA,31.9,0.6,4.52003173395687,NA,10.06,NA
2543683,"Austin Seferian-Jenkins","TB","TE",24,2,6,7.025,4.245,9.805,4.91439212924651,10,0.132499999999999,1,5.56,NA,24.5,4.5,9.77359747390797,NA,1.4,NA
2552430,"Tyler Lockett","SEA","WR",24,1,5,6.985,6.573,7.397,0.728319984622143,47,0.23,6,0.823999999999999,NA,43.5,5,3.91631174207858,NA,9.9,NA
2495438,"Kyle Rudolph","MIN","TE",27,5,6,6.945,5.061,8.829,3.33047293938864,11,0.125,1,3.768,NA,NA,NA,10.591500160084,NA,9.1,NA
2550636,"Cairo Santos","KC","K",25,2,5,6.85,6.73,6.97,0.212132034355965,15,0.45,3,0.240000000000001,NA,15.1,3.7,4.54813650422827,NA,15,NA
2552397,"Clive Walford","OAK","TE",25,1,10,6.84,5.592,8.088,2.20617315730203,12,0.1775,1,2.496,NA,18.6,3.6,6.23950746058872,NA,11,NA
497328,"Demaryius Thomas","DEN","WR",29,6,11,6.81,5.788,6.332,0.480832611206852,48,0.2475,7,0.544,NA,NA,NA,3.72131363727739,NA,9,NA
2550521,"Xavier Grimble","PIT","TE",24,2,8,6.8,6.8,6.8,NA,13,0.2775,1,0,NA,49.5,0.5,1.78540710602141,NA,8.6,NA
100008,"Cowboys","DAL","DST",NA,NA,7,6.7,4.3,6.7,2.12132034355964,19,0.100000000000001,3,2.4,NA,24.9,3.2,5.52886980161182,NA,4,NA
100018,"Raiders","OAK","DST",NA,NA,10,6.7,4.26,6.34,1.83847763108502,19,0.2,4,2.08,NA,15.2,4,6.03158223572186,NA,-1,NA
2543689,"Kevin Norwood","CAR","WR",27,2,7,6.7,6.7,6.7,NA,49,0.302499999999999,7,0,NA,NA,NA,NA,NA,NA,NA
2504797,"Matt Bryant","ATL","K",41,14,11,6.65,5.33,7.97,2.33345237791561,16,0.775,3,2.64,NA,16.3,3.4,6.47247261807929,NA,9,NA
2552633,"Jesse James","PIT","TE",22,1,8,6.525,4.785,8.265,3.07591449816148,14,0.1575,1,3.48,NA,15.5,4,7.42297591714014,NA,8.9,NA
2495353,"Julius Thomas","JAC","TE",28,5,5,6.52,4.344,6.296,1.72534054609518,15,0.4175,2,1.952,NA,NA,NA,6.86854639368717,NA,7.1,NA
100015,"Jaguars","JAC","DST",NA,NA,5,6.5,4.28,6.52,1.97989898732233,21,0.0250000000000004,4,2.24,NA,18.2,3.1,5.21883720045208,NA,1,NA
100029,"49ers","SF","DST",NA,NA,8,6.5,4.26,6.34,1.83847763108502,21,0.15,4,2.08,NA,27.7,4.3,6.36841552665072,NA,5,NA
100027,"Steelers","PIT","DST",NA,NA,8,6.45,4.25,6.25,1.76776695296637,23,0.25,4,2,NA,14.4,3,4.80992718053395,NA,9,NA
4383,"Tim Hightower","NO","RB",30,8,5,6.43,4.536,5.624,0.961665222413704,41,0.0425000000000004,7,1.088,NA,59.1,6.1,4.64531316675826,NA,0.9,NA
2507855,"Victor Cruz","NYG","WR",30,6,8,6.425,3.845,6.605,2.43951839509359,50,0.0675000000000008,7,2.76,NA,54,11.3,7.71419887016452,NA,6.1,NA
2550268,"Charcandrick West","KC","RB",25,2,5,6.41,5.168,7.952,2.46073159852919,42,0.149999999999999,7,2.784,NA,48.2,3.6,5.08042712172469,NA,6.3,NA
2505551,"Andre Johnson","TEN","WR",35,13,13,6.37,4.216,8.824,4.07293505963451,51,0.0449999999999999,7,4.608,NA,89.6,7.4,7.73712466896519,NA,6.9,NA
2543773,"James White","NE","RB",24,2,9,6.365,4.023,6.607,2.28395490323255,43,0.2975,7,2.584,NA,40.2,4.3,5.17278466548133,NA,2.9,NA
2550597,"Seth Roberts","OAK","WR",NA,NA,10,6.345,3.529,6.161,2.32638131010374,52,0.16,7,2.632,NA,82,5.9,5.6522489526899,NA,2.5,NA
2543614,"Donte Moncrief","IND","WR",23,2,10,6.305,4.681,6.129,1.27986327394765,53,0.244999999999999,7,1.448,NA,32,6.4,4.91129004164247,NA,0.9,NA
100020,"Vikings","MIN","DST",NA,NA,6,6.25,5.91,5.99,0.0707106781186545,24,0.225,4,0.0800000000000001,NA,14.6,3,2.43686913033246,NA,15,NA
2543466,"Eric Ebron","DET","TE",23,2,10,6.215,3.803,6.227,2.14253354699524,16,0.31,2,2.424,NA,10.5,2.2,5.55381062154914,NA,5.3,NA
2540037,"Fozzy Whittaker","CAR","RB",27,4,7,6.155,4.729,7.281,2.25567063198509,44,0.229999999999999,7,2.552,NA,65.6,7.8,6.38884839092395,NA,10.1,NA
100022,"Saints","NO","DST",NA,NA,5,6.15,5.11,5.99,0.777817459305202,25,0.25,4,0.88,NA,31,1.3,1.51692133598623,NA,12,NA
2539637,"Caleb Sturgis","PHI","K",27,3,4,6.15,6.03,6.27,0.212132034355964,17,0.575,4,0.239999999999998,NA,24.7,2.9,3.11918459499788,NA,13,NA
2552409,"DeVante Parker","MIA","WR",23,1,8,6.065,5.253,5.677,0.37476659402887,54,0.0125000000000002,8,0.424,NA,NA,NA,3.53429109967605,NA,10.6,NA
2508097,"Andrew Hawkins","CLE","WR",30,5,13,6.055,3.409,9.001,4.94267640049397,55,0.0150000000000015,8,5.592,NA,NA,NA,11.5887283857072,NA,2.8,NA
2555333,"Corey Coleman","CLE","WR",22,0,13,6.05,4.85,6.05,1.06066017177982,56,0.04,8,1.2,NA,44.8,6.1,4.6090220547829,NA,22.4,NA
2539205,"Terrance Williams","DAL","WR",27,3,7,6.03,5.026,5.234,0.183847763108502,57,0.0549999999999988,9,0.207999999999999,NA,72,5.5,3.61797283668766,NA,NA,NA
2532838,"Coby Fleener","NO","TE",28,4,5,5.99,3.738,6.442,2.39002092041053,17,0.2075,2,2.704,NA,10.4,2.4,5.9282358744735,NA,2.9,NA
2532865,"T.Y. Hilton","IND","WR",27,4,10,5.99,4.038,6.742,2.39002092041053,58,0.0924999999999994,9,2.704,NA,NA,NA,7.08771931410156,NA,4.1,NA
2495328,"Bilal Powell","NYJ","RB",28,5,11,5.98,0.598000000000001,5.382,4.22849855149555,45,0.195,7,4.784,NA,44.2,3.3,6.53247732570439,NA,0.3,NA
2506400,"Vincent Jackson","TB","WR",33,11,6,5.96,5.328,5.392,0.0565685424949239,59,0.187500000000001,10,0.0640000000000001,NA,45.7,6.8,3.97814189437007,NA,4.4,NA
100012,"Titans","TEN","DST",NA,NA,13,5.9,4.22,5.98,1.5556349186104,26,0.0250000000000004,4,1.76,NA,22.9,4.2,5.86062808797418,NA,10,NA
100023,"Giants","NYG","DST",NA,NA,8,5.9,4.16,5.44,1.13137084989848,26,0.15,4,1.28,NA,24.4,4.2,5.26736357542381,NA,6,NA
2552461,"Duke Johnson","CLE","RB",23,1,13,5.87,4.444,6.396,1.72534054609518,46,0.255,7,1.952,NA,35.4,3.8,4.50303797541305,NA,5.6,NA
100001,"Falcons","ATL","DST",NA,NA,11,5.85,5.01,5.89,0.777817459305202,28,0.3,4,0.879999999999999,NA,27.6,4.3,4.88525424527479,NA,1,NA
2533040,"Mohamed Sanu","ATL","WR",27,4,11,5.835,3.847,6.623,2.45366053071732,60,0.1475,10,2.776,NA,NA,NA,7.19993283666236,NA,1.9,NA
2540232,"Jack Doyle","IND","TE",26,3,10,5.82,4.236,7.404,2.80014285349873,18,0.0800000000000001,2,3.168,NA,31.4,5.9,7.93358999565633,NA,3.7,NA
2534820,"Garrett Celek","SF","TE",28,4,8,5.745,4.581,6.909,2.05768073325285,19,0.100000000000001,2,2.328,NA,38.3,9.2,8.51487551127431,NA,1.2,NA
2505629,"Jason Witten","DAL","TE",34,13,7,5.735,3.607,6.063,2.1708178182427,20,0.330000000000001,2,2.456,NA,9.5,2.4,5.67402537500588,NA,5.1,NA
2556370,"Michael Thomas","NO","WR",22,0,5,5.71,2.482,7.138,4.11536146650571,61,0.0674999999999999,10,4.656,NA,45.9,7,7.62918069025677,NA,5.6,NA
2535890,"Travaris Cadet","FA","RB",27,4,NA,5.7,0.570000000000001,5.13,4.03050865276332,47,0.175,7,4.56,NA,NA,NA,9.79242198400323,NA,1.7,NA
2507763,"Mike Wallace","BAL","WR",30,7,8,5.665,3.353,6.177,2.49608693758851,62,0.1275,10,2.824,NA,40.4,7,6.20157531989986,NA,16.1,NA
100007,"Browns","CLE","DST",NA,NA,13,5.65,5.07,5.63,0.494974746830583,29,0.25,4,0.56,NA,26.7,5.2,5.50024444302778,NA,4,NA
2539336,"Tavon Austin","LA","WR",25,3,8,5.62,5.034,5.306,0.240416305603426,63,0.1875,11,0.271999999999998,NA,49.2,7.9,4.53993643075345,NA,5,NA
2507401,"Dan Carpenter","BUF","K",31,8,10,5.6,5.12,6.08,0.848528137423857,18,0.0999999999999996,4,0.959999999999999,NA,23.9,3.9,5.6434324054796,NA,7,NA
2555341,"Hunter Henry","SD","TE",22,0,11,5.555,3.999,7.111,2.75064537881567,21,0.352499999999999,2,3.112,NA,35.4,5.3,7.61394742874865,NA,NA,NA
2507225,"Nick Folk","NYJ","K",32,9,11,5.55,5.11,5.99,0.777817459305202,19,0.675,5,0.88,NA,22.3,4.3,6.27590192410104,NA,13,NA
262,"Chris Johnson","ARI","RB",31,8,9,5.53,4.134,6.326,1.93747258045114,48,0.155,7,2.192,NA,59.2,4.2,4.83187695208675,NA,11.4,NA
497206,"James Starks","GB","RB",30,6,4,5.52,4.344,5.496,1.01823376490863,49,0.295,7,1.152,NA,49.7,3,3.59601258184766,NA,1.9,NA
2346,"Pierre Garcon","WAS","WR",30,8,9,5.455,4.819,4.891,0.0636396103067892,64,0.0824999999999996,12,0.072000000000001,NA,59.6,6.8,3.98437597895679,NA,2.5,NA
100006,"Bengals","CIN","DST",NA,NA,9,5.45,4.13,5.17,0.919238815542512,30,0.275,4,1.04,NA,16.5,3.4,4.07250921000501,NA,5,NA
2503471,"Adam Vinatieri","IND","K",44,20,10,5.45,5.09,5.81,0.636396103067892,20,1.975,5,0.719999999999998,NA,12.6,4.1,5.75465107480595,NA,11,NA
71217,"Kenny Britt","LA","WR",28,7,8,5.41,4.578,5.042,0.410121933088198,65,0.0849999999999991,12,0.464,NA,72.9,10.5,5.63431962132098,NA,9.4,NA
100019,"Dolphins","MIA","DST",NA,NA,8,5.35,4.11,4.99,0.777817459305202,31,0.35,4,0.879999999999999,NA,20.3,3.2,3.65019884520232,NA,4,NA
2530660,"Kamar Aiken","BAL","WR",27,5,8,5.335,4.073,5.697,1.43542676580869,66,0.0675000000000008,12,1.624,NA,57.7,10.1,6.39291340016545,NA,0,NA
2505587,"Anquan Boldin","DET","WR",36,13,10,5.315,4.357,5.373,0.898025612106915,67,0.1025,12,1.016,NA,66.4,8.8,5.44674039133216,NA,10.8,NA
2504833,"Shaun Hill","MIN","QB",NA,NA,6,5.262,1.1516,9.3724,7.26622928347296,35,2.9015,9,8.2208,NA,32.2,0.9,8.34014699812587,NA,NA,NA
2495139,"Charles Clay","BUF","TE",27,5,10,5.255,3.891,5.419,1.35057395206631,22,0.18,2,1.528,NA,NA,NA,5.99931049228176,NA,2.7,NA
2507428,"Mike Tolbert","CAR","RB",31,8,7,5.23,3.254,7.206,3.49310749906154,50,0.0274999999999999,7,3.952,NA,70.1,5.5,6.66423016194385,NA,2.5,NA
2552425,"Rashad Greene","JAC","WR",24,1,5,5.22,3.316,7.124,3.36582827844797,68,0.0925000000000002,12,3.808,NA,116.3,3.1,5.55121998333569,NA,0.7,NA
2552453,"Tevin Coleman","ATL","RB",23,1,11,5.22,3.084,6.156,2.71529003975634,51,0.0374999999999996,7,3.072,NA,34.5,4.9,5.76578210657908,NA,13.1,NA
2495459,"Torrey Smith","SF","WR",27,5,8,5.205,3.881,5.329,1.27986327394765,69,0.24,12,1.448,NA,57.8,9.7,6.11041505302911,NA,11.5,NA
2532797,"Brandon Bolden","NE","RB",26,4,9,5.185,2.483,8.187,5.04167134986008,52,0.00750000000000028,7,5.704,NA,80.5,5.1,7.88757900062707,NA,NA,NA
2506467,"Darren Sproles","PHI","RB",33,11,4,5.18,4.546,4.914,0.325269119345812,53,0.0774999999999997,7,0.368,NA,43.2,3.4,3.12693974982383,NA,4.8,NA
2543715,"Jerick McKinnon","MIN","RB",24,2,6,5.175,3.895,4.655,0.67175144212722,54,0.26,7,0.759999999999999,NA,NA,NA,3.87042027882622,NA,0.1,NA
497236,"Jimmy Graham","SEA","TE",30,6,5,5.15,4.11,4.99,0.777817459305203,23,0.165,2,0.88,NA,NA,NA,4.67085562409612,NA,4.2,NA
2532903,"Rishard Matthews","TEN","WR",27,4,13,5.05,4.09,4.81,0.636396103067893,70,0.185,12,0.720000000000001,NA,59.2,9.2,5.36142774785252,NA,4,NA
2555223,"Devontae Booker","DEN","RB",24,0,11,5.03,0.503,4.527,3.55674710936833,55,0.4325,7,4.024,NA,52.8,5.2,6.61396203861023,NA,5.1,NA
100017,"Rams","LA","DST",NA,NA,8,5,5,5,NA,32,NA,4,0,NA,13.5,4.1,6.22266537342047,NA,13,NA
2540158,"Zach Ertz","PHI","TE",26,3,4,5,5,5,NA,24,0.159999999999999,2,0,NA,NA,NA,NA,NA,NA,NA
2537933,"Larry Donnell","NYG","TE",28,4,8,4.97,2.754,4.786,1.79605122421383,25,0.2725,2,2.032,NA,28.4,4.1,5.98242131314029,NA,2.4,NA
2530515,"Chris Hogan","NE","WR",28,5,9,4.88,2.316,5.644,2.94156420973604,71,0.0649999999999995,12,3.328,NA,NA,NA,8.06023650962854,NA,5.9,NA
2552491,"Dorial Green-Beckham","PHI","WR",23,1,4,4.85,3.73,4.77,0.919238815542512,72,0.0925000000000002,12,1.04,NA,78.9,7.1,4.84771157862038,NA,1.8,NA
284,"Darren McFadden","DAL","RB",29,8,7,4.8,4.8,4.8,NA,56,0.470000000000001,7,0,NA,NA,NA,NA,NA,NA,NA
2552597,"Breshad Perriman","BAL","WR",23,1,8,4.78,4.78,4.78,NA,73,0.0599999999999996,12,0,NA,NA,NA,NA,NA,3.2,NA
2504595,"Steve Smith","BAL","WR",37,15,8,4.735,2.347,5.923,3.16076731190387,74,0.0450000000000008,12,3.576,NA,48.9,12.6,8.82245807825231,NA,6.4,NA
2495826,"Vernon Davis","WAS","TE",32,10,9,4.71,3.038,6.382,2.95570634535977,26,0.0325000000000006,2,3.344,NA,40,2.8,6.75908976724726,NA,5.1,NA
497302,"Brandon LaFell","CIN","WR",30,6,9,4.705,3.731,4.779,0.926309883354378,75,0.0350000000000001,12,1.048,NA,57.4,8.2,5.25365400033597,NA,3.9,NA
2556463,"Stephen Anderson","HOU","TE",23,0,9,4.685,2.673,6.697,3.55674710936833,27,0.0750000000000002,2,4.024,NA,52.2,14,12.3512688825664,NA,1.5,NA
2552600,"Nelson Agholor","PHI","WR",23,1,4,4.675,2.945,4.905,1.73241161390704,76,0.0249999999999995,12,1.96,NA,63.6,8.9,6.21869949412127,NA,4.2,NA
2550313,"Richard Rodgers","GB","TE",24,2,4,4.67,3.634,3.906,0.240416305603426,28,0.295,3,0.272,NA,30.6,4.8,4.48429369619295,NA,2.5,NA
2543590,"Cody Latimer","DEN","WR",24,2,11,4.665,2.877,6.453,3.16076731190387,77,0.0324999999999998,12,3.576,NA,90.6,8.7,7.40531033752264,NA,1.2,NA
80427,"Darrius Heyward-Bey","PIT","WR",29,7,8,4.635,1.463,7.807,5.60735677480932,78,0.0625,12,6.344,NA,95.8,5.7,8.47218995780966,NA,0.7,NA
2552424,"Phillip Dorsett","IND","WR",23,1,10,4.63,2.406,5.654,2.87085353161738,79,0.172499999999999,12,3.248,NA,54,6.8,6.45930755988122,NA,3,NA
497224,"Ed Dickson","CAR","TE",29,6,7,4.55,2.67,6.43,3.32340187157677,29,0.3825,3,3.76,NA,54.5,3.9,7.66628107203442,NA,0,NA
2540202,"Kenny Stills","MIA","WR",24,3,8,4.515,3.183,4.647,1.29400540957138,80,0.135,13,1.464,NA,61.7,10.5,6.4135801946599,NA,9.9,NA
2539964,"Marquise Goodwin","BUF","WR",26,3,10,4.4,0.960000000000001,7.84,6.08111831820431,81,0.04,13,6.88,NA,NA,NA,13.5961036226283,NA,17.2,NA
2552582,"Jay Ajayi","MIA","RB",23,1,8,4.395,3.241,5.249,1.77483802077823,57,0.3625,7,2.008,NA,NA,NA,5.81533031252646,NA,1.5,NA
2539250,"Quinton Patton","SF","WR",26,3,8,4.36,3.948,4.172,0.197989898732233,82,0.1375,13,0.224,NA,76.1,10.1,5.30194859749095,NA,2.5,NA
2550546,"Philly Brown","CAR","WR",25,2,7,4.36,3.552,3.968,0.367695526217005,82,0.302499999999999,13,0.416,NA,96.2,4.1,3.27133933414176,NA,1.5,NA
2534797,"Greg Zuerlein","LA","K",29,4,8,4.3,4.06,4.54,0.424264068711929,21,1.825,6,0.48,NA,30,3.2,3.90106086894052,NA,10,NA
2539322,"Christine Michael","SEA","RB",26,3,5,4.265,2.043,5.587,3.13248304065641,58,0.57,7,3.544,NA,37.8,5.6,6.38176927479348,NA,5.6,NA
2552559,"C.J. Uzomah","CIN","TE",23,1,9,4.2,2.88,4.32,1.27279220613579,30,0.0974999999999993,3,1.44,NA,26,4.9,5.72524984464189,NA,0.9,NA
1062,"Martellus Bennett","NE","TE",29,8,9,4.135,3.267,3.803,0.473761543394987,31,0.155000000000001,3,0.536,NA,16.1,4.2,4.49266467698542,NA,17.4,NA
2543495,"Davante Adams","GB","WR",24,2,4,4.085,2.937,4.033,0.96873629022557,84,0.0700000000000003,13,1.096,NA,66.4,8.9,5.54541835875644,NA,-0.4,NA
324,"Jacob Tamme","ATL","TE",31,8,11,4.07,3.234,4.306,0.947523086789973,32,0.282500000000001,4,1.072,NA,22.9,5.3,5.52286106216015,NA,13.5,NA
2555466,"Tyler Boyd","CIN","WR",22,0,9,4.03,2.286,4.574,2.02232539419353,85,0.0874999999999999,13,2.288,NA,74.5,9,6.51063408373361,NA,4.8,NA
2530700,"Dontrelle Inman","SD","WR",27,3,11,4,2.63,4.47,1.62634559672906,86,0.1575,13,1.84,NA,72.9,8.7,6.05251398220626,NA,0.7,NA
2533046,"Dwayne Allen","IND","TE",26,4,10,3.89,1.878,4.102,1.9657568516986,33,0.2075,4,2.224,NA,11.6,3.4,5.87328254635687,NA,2.5,NA
2550272,"Albert Wilson","KC","WR",24,2,5,3.885,3.493,3.677,0.162634559672906,87,0.0850000000000004,13,0.184,NA,94.5,5.9,3.74461906915621,NA,1.1,NA
2532977,"Kendall Wright","TEN","WR",27,4,13,3.8,3.8,3.8,NA,88,0.0225000000000004,13,0,NA,NA,NA,NA,NA,NA,NA
2552463,"Jaelen Strong","HOU","WR",22,1,9,3.8,2.96,3.44,0.424264068711929,88,0.0500000000000003,13,0.48,NA,90.1,12.5,6.37353022163782,NA,0,NA
2539663,"Mike Gillislee","BUF","RB",26,3,10,3.8,0.38,3.42,2.68700576850888,59,0.222499999999999,8,3.04,NA,69.9,8.3,6.94638873289414,NA,7.8,NA
2552415,"Jamison Crowder","WAS","WR",23,1,9,3.755,3.369,3.841,0.417193000900063,90,0.0149999999999997,13,0.472,NA,72.9,8.6,4.95014839632144,NA,9.9,NA
2535698,"Cole Beasley","DAL","WR",27,4,7,3.745,3.249,3.641,0.346482322781408,91,0.0724999999999998,13,0.392,NA,65.3,13.2,6.55931514208419,NA,7.5,NA
2543828,"Quincy Enunwa","NYJ","WR",24,2,11,3.735,3.303,3.567,0.233345237791561,92,0.1975,13,0.264,NA,NA,NA,3.28492771620759,NA,9.2,NA
2495288,"Virgil Green","DEN","TE",28,5,11,3.685,1.117,4.453,2.9486352775479,34,0.0474999999999999,4,3.336,NA,14.9,3.2,6.92571622592819,NA,4.6,NA
2540215,"Vance McDonald","SF","TE",26,3,8,3.68,2.776,3.384,0.537401153701776,35,0.1775,4,0.608,NA,20.3,4.5,4.69758782324804,NA,13.5,NA
2555343,"Josh Doctson","WAS","WR",NA,0,9,3.61,1.722,4.298,2.27688383542068,93,0.145,13,2.576,NA,NA,NA,6.88822860732679,NA,5.7,NA
2550656,"Cameron Brate","TB","TE",25,2,6,3.595,2.519,3.471,0.841457069611992,36,0.365,4,0.952,NA,30.2,3.2,4.48201529556202,NA,1.6,NA
2556885,"Jalen Richard","OAK","RB",23,0,10,3.59,0.359,3.231,2.53851334445971,60,0.0375000000000001,8,2.872,NA,54.1,5.5,5.82268255120817,NA,2.7,NA
2556075,"Derrick Henry","TEN","RB",22,0,13,3.565,2.143,4.087,1.71826947828331,61,0.1275,8,1.944,NA,41.7,5.7,5.17048917283114,NA,4.9,NA
2555464,"DeAndre Washington","OAK","RB",23,0,10,3.54,2.298,3.882,1.40007142674936,62,0.2075,8,1.584,NA,51.5,3.6,4.14537422090726,NA,5.2,NA
2649,"Danny Amendola","NE","WR",31,8,9,3.465,3.057,3.273,0.190918830920368,94,0.0150000000000001,13,0.216,NA,87.6,8.3,4.64164632487516,NA,13.8,NA
2543746,"Josh Huff","PHI","WR",25,2,4,3.465,3.003,3.027,0.0212132034355963,95,0.105,13,0.0239999999999996,NA,105.4,8.1,4.41935405167974,NA,-0.1,NA
2553913,"Tyrell Williams","SD","WR",NA,NA,11,3.435,1.127,4.543,3.01934595566656,96,0.17,13,3.416,NA,50.9,10.4,7.89835971226032,NA,12.1,NA
71265,"Jared Cook","GB","TE",29,7,4,3.41,2.942,3.278,0.29698484809835,37,0.4375,4,0.336,NA,22.3,2.8,3.67576241886578,NA,3.1,NA
2539217,"Andre Ellington","ARI","RB",27,3,9,3.335,2.873,2.897,0.0212132034355966,63,0.085,8,0.024,NA,65.1,5.3,3.53257613501305,NA,1.1,NA
2535708,"Lance Dunbar","DAL","RB",26,4,7,3.33,0.333,2.997,2.3546655813512,64,0.1625,8,2.664,NA,68.3,7.8,6.47611999500024,NA,3.2,NA
2555214,"Laquon Treadwell","MIN","WR",21,0,6,3.285,1.933,4.037,1.85969083452062,97,0.0525000000000002,13,2.104,NA,89.3,11.2,7.16666681249701,NA,NA,NA
2552418,"Justin Hardy","ATL","WR",25,1,11,3.245,2.269,3.621,1.19501046020527,98,0.0349999999999997,13,1.352,NA,92.5,6.3,4.80014390504476,NA,6.8,NA
2550328,"Brandon Coleman","NO","WR",24,2,5,3.22,1.396,5.044,3.22440692221066,99,0.0700000000000003,13,3.648,NA,98.6,7.4,6.98903451855982,NA,1.5,NA
2541147,"Charles Johnson","MIN","WR",27,3,6,3.2,2.9,2.9,0,100,0.175,14,0,NA,NA,NA,2.87347813348464,NA,1.5,NA
2556118,"Dwayne Washington","DET","RB",NA,0,10,3.17,3.17,3.17,NA,65,0.0150000000000001,8,0,NA,68.6,7.9,6.18549937083542,NA,3.1,NA
2550738,"Fitzgerald Toussaint","PIT","RB",26,2,8,3.165,2.223,3.207,0.869741340859453,66,0.1125,8,0.984,NA,72.5,7.5,5.06067463647319,NA,1.3,NA
2543600,"Alfred Blue","HOU","RB",25,2,9,3.145,2.831,3.159,0.289913780286485,67,0.2125,8,0.328,NA,75.3,6.3,4.12402719449567,NA,1.1,NA
2550198,"Bennie Fowler","DEN","WR",25,2,11,3.1,3.1,3.1,NA,101,0.1675,14,0,NA,NA,NA,NA,NA,NA,NA
2495187,"Lance Kendricks","LA","TE",28,5,8,3.05,2.17,2.73,0.494974746830583,38,0.1875,5,0.56,NA,33.5,2.5,3.77425180422581,NA,6.1,NA
2495258,"Matt Asiata","MIN","RB",29,5,6,2.96,0.296,2.664,2.09303607231218,68,0.0899999999999999,8,2.368,NA,74,9.6,6.8837013970946,NA,2.5,NA
2541388,"Brice Butler","DAL","WR",26,3,7,2.95,2.05,3.25,1.06066017177982,102,0.04,14,1.2,NA,108,5.8,4.50001069011139,NA,0,NA
2543475,"Marqise Lee","JAC","WR",25,2,5,2.915,2.363,2.867,0.445477272147525,103,0.0225,14,0.504,NA,94.3,6.1,4.066656695739,NA,7.5,NA
2532978,"Jarius Wright","MIN","WR",27,4,6,2.905,2.601,2.609,0.00707106781186564,104,0.0474999999999999,15,0.00800000000000045,NA,97.5,2.5,2.37200707530474,NA,NA,NA
2550512,"Damien Williams","MIA","RB",24,2,8,2.905,1.611,3.299,1.49199530830362,69,0.1675,8,1.688,NA,68.1,6.9,5.39649641018741,NA,NA,NA
2495267,"Jordan Cameron","MIA","TE",28,5,8,2.895,2.519,2.671,0.134350288425444,39,0.13,5,0.152,NA,NA,NA,3.17839398206041,NA,10.9,NA
2552652,"Chris Conley","KC","WR",24,1,5,2.88,2.404,2.756,0.311126983722081,105,0.0550000000000002,15,0.352,NA,76.5,7.8,4.5659401550634,NA,1.5,NA
2495159,"Dwayne Harris","NYG","WR",29,5,8,2.835,1.677,3.093,1.25157900270019,106,0.0775000000000001,15,1.416,NA,102.8,5.8,4.66833097395259,NA,0,NA
2533457,"Alfred Morris","DAL","RB",28,4,7,2.835,1.977,3.393,1.25157900270019,70,0.26,8,1.416,NA,48.8,3.9,4.12083811217549,NA,6.7,NA
497238,"Jermaine Gresham","ARI","TE",28,6,9,2.83,1.166,3.294,1.88090403795622,40,0.1925,5,2.128,NA,32.5,4.1,6.08082537745034,NA,0,NA
2555215,"Leonte Carroo","MIA","WR",22,0,8,2.815,1.703,3.327,1.43542676580869,107,0.2125,15,1.624,NA,93.5,14.8,8.10075811335249,NA,NA,NA
2531332,"Terrelle Pryor","CLE","WR",27,5,13,2.7,2.7,2.7,NA,108,0.215,15,0,NA,NA,NA,NA,NA,3.2,NA
2532853,"Ladarius Green","PIT","TE",26,4,8,2.7,2.7,2.7,NA,41,0.16,5,0,NA,NA,NA,NA,NA,NA,NA
2550545,"Chris Boswell","PIT","K",27,2,8,2.65,2.37,2.93,0.494974746830583,22,0.425,7,0.56,NA,9.9,2.7,3.08997236166527,NA,7,NA
2536044,"Jamize Olawale","OAK","RB",27,4,10,2.64,0.828,2.652,1.61220346110533,71,0.135,8,1.824,NA,78,11.2,7.02712433476491,NA,3.9,NA
2541316,"Ryan Griffin","HOU","TE",26,3,9,2.575,2.055,2.495,0.388908729652601,42,0.0975000000000001,5,0.44,NA,33.6,6,5.18098120085586,NA,0.5,NA
2533460,"Robert Turbin","IND","RB",27,4,10,2.51,2.232,2.488,0.226274169979695,72,0.0425,8,0.256,NA,71.1,6.7,4.20975241695685,NA,7,NA
2541199,"Luke Willson","SEA","TE",26,3,5,2.505,1.481,2.929,1.27986327394765,43,0.0800000000000001,5,1.448,NA,34,6.2,6.30163727479807,NA,0.6,NA
2555348,"Braxton Miller","HOU","WR",24,0,9,2.505,1.641,2.769,0.997020561473032,109,0.0475000000000003,15,1.128,NA,82.9,9.2,5.6793660617748,NA,0.3,NA
2555417,"C.J. Prosise","SEA","RB",22,0,5,2.5,2.07,2.63,0.494974746830583,73,0.0825,8,0.56,NA,NA,NA,3.55873597855375,NA,NA,NA
81294,"Brian Hoyer","CHI","QB",31,7,9,2.472,0.6326,4.3014,3.24279169852151,36,1.0445,10,3.6688,NA,NA,NA,8.56861722765477,NA,3.12,NA
71417,"Jordan Norwood","DEN","WR",30,7,11,2.465,2.033,2.297,0.233345237791561,110,0.0199999999999996,16,0.264,NA,NA,NA,3.28492771620759,NA,2.4,NA
2507218,"Brent Celek","PHI","TE",31,9,4,2.45,1.87,2.43,0.494974746830583,44,0.0674999999999999,5,0.56,NA,23.2,4.8,4.77950588912309,NA,0,NA
2552470,"Sammie Coates","PIT","WR",23,1,8,2.45,0.99,3.31,2.05060966544099,111,0.0350000000000001,16,2.32,NA,70.6,12.1,7.66202119035276,NA,9.7,NA
2532933,"Brian Quick","LA","WR",27,4,8,2.44,1.788,2.492,0.622253967444162,112,0.0799999999999996,16,0.704,NA,93.5,8.4,5.05826260622173,NA,0.8,NA
2555461,"Wendell Smallwood","PHI","RB",22,0,4,2.435,2.033,2.537,0.445477272147525,74,0.0425,8,0.504,NA,77.5,12.5,6.45950843252396,NA,1.6,NA
2553830,"Will Tye","NYG","TE",NA,NA,8,2.4,2.4,2.4,NA,45,0.135,5,0,NA,28.2,4.4,5.1945296548035,NA,1,NA
2506874,"Reggie Bush","BUF","RB",31,10,10,2.4,2.21,2.29,0.0707106781186548,75,0.0274999999999994,8,0.0799999999999996,NA,61.9,5,3.46984063966853,NA,NA,NA
2495341,"Cecil Shorts","TB","WR",29,5,6,2.39,1.982,2.798,0.721248916810278,113,0.0924999999999998,16,0.816,NA,114.3,1.2,2.52926703831937,NA,1.2,NA
2539260,"Denard Robinson","JAC","RB",26,3,5,2.385,2.127,2.343,0.190918830920368,76,0.0299999999999998,8,0.216,NA,66.3,9.5,5.17138276250113,NA,1.4,NA
2495888,"Marcedes Lewis","JAC","TE",32,10,5,2.365,1.453,2.677,1.08187337521542,46,0.2025,5,1.224,NA,46.3,7.2,6.50909478484156,NA,7.7,NA
2541544,"Benny Cunningham","LA","RB",26,3,8,2.36,1.722,2.698,0.862670273047588,77,0.0125000000000002,8,0.976,NA,62.3,5.1,4.20347057140642,NA,0.9,NA
2540230,"Kyle Juszczyk","BAL","RB",25,3,8,2.35,1.894,2.166,0.240416305603426,78,0.0724999999999998,8,0.272,NA,74.3,8.1,4.71861917675351,NA,0.8,NA
2556414,"Rob Kelley","WAS","RB",24,0,9,2.345,1.879,2.511,0.558614357137373,79,0.14,8,0.632,NA,NA,NA,3.67094232665184,NA,NA,NA
2550162,"James Wright","CIN","WR",25,2,9,2.33,1.446,2.614,1.03237590053236,114,0.0925000000000002,16,1.168,NA,NA,NA,4.69383083280437,NA,1,NA
2507232,"Mason Crosby","GB","K",32,9,4,2.3,2.06,2.54,0.424264068711929,23,0.175,7,0.48,NA,7.3,3.1,3.72244188028672,NA,2,NA
2543774,"Jared Abbrederis","GB","WR",26,2,4,2.265,1.433,2.497,0.940452018978108,115,0.0775000000000001,16,1.064,NA,102.7,10.2,5.99286460065282,NA,NA,NA
497123,"Colt McCoy","WAS","QB",30,6,9,2.249,0.5442,3.9538,3.01368910141707,37,1.652,10,3.4096,NA,NA,NA,8.20674987626314,NA,NA,NA
2535964,"Josh Bellamy","CHI","WR",27,4,9,2.21,0.862,2.958,1.85261976670875,116,0.0625000000000004,16,2.096,NA,NA,NA,6.14013845692142,NA,0,NA
2552631,"Javorius Allen","BAL","RB",25,1,8,2.21,1.098,3.322,1.9657568516986,80,0.0350000000000001,8,2.224,NA,82.8,16.4,9.18257778967023,NA,NA,NA
2556528,"D.J. Foster","NE","RB",NA,0,9,2.2,2.2,2.2,NA,81,0.105,8,0,NA,NA,NA,NA,NA,0.9,NA
2543481,"Jace Amaro","TEN","TE",24,2,13,2.165,1.597,2.133,0.473761543394987,47,0.0774999999999997,6,0.536,NA,34.5,0.8,3.00663689931118,NA,NA,NA
2555216,"Malcolm Mitchell","NE","WR",23,0,9,2.165,1.413,2.317,0.799030662740799,117,0.0525000000000002,16,0.904,NA,92.6,9.9,5.75917154424708,NA,1.5,NA
89766,"Brandon Myers","TB","TE",31,7,6,2.16,0.216,1.944,1.52735064736294,48,0.195,6,1.728,NA,61.7,2.1,4.79667445595794,NA,NA,NA
2495461,"Shaun Draughn","SF","RB",29,5,8,2.15,0.64,3.36,2.40416305603426,82,0.11,8,2.72,NA,49,2.9,4.78235793978821,NA,2.1,NA
2495259,"Dan Bailey","DAL","K",28,5,7,2.15,2.03,2.27,0.212132034355964,24,0.0749999999999997,8,0.24,NA,6.5,3.8,4.72675549288207,NA,17,NA
2543491,"Paul Richardson","SEA","WR",24,2,5,2.13,1.614,2.046,0.381837661840736,118,0.0375000000000001,17,0.432,NA,95.8,2.9,2.84776204462913,NA,3.5,NA
2506386,"Mike Nugent","CIN","K",34,11,9,2.1,2.02,2.18,0.14142135623731,25,0.0500000000000003,8,0.16,NA,20.2,4.3,5.53784400015732,NA,10,NA
222,"Harry Douglas","TEN","WR",32,8,13,2.095,1.581,2.309,0.643467170879758,119,0.0499999999999994,17,0.728,NA,99.6,7.5,4.74993076596732,NA,NA,NA
2543759,"Ryan Grant","WAS","WR",26,2,9,2.09,1.158,2.422,1.11722871427475,120,0.1275,17,1.264,NA,NA,NA,4.84344886288545,NA,0.5,NA
2507463,"Connor Barth","CHI","K",30,8,9,2.05,2.01,2.09,0.0707106781186548,26,0.0249999999999999,8,0.0800000000000001,NA,21.9,4.8,6.34893250743257,NA,2,NA
2555408,"Roberto Aguayo","TB","K",22,0,6,2.05,2.01,2.09,0.0707106781186548,26,0.0749999999999997,8,0.0800000000000001,NA,19.6,4.2,5.27721857550977,NA,1,NA
2539289,"Kenjon Barner","PHI","RB",27,3,4,2.04,1.338,2.442,0.975807358037435,83,0.155,8,1.104,NA,64,8.3,5.43783671957537,NA,0.2,NA
2556411,"Josh Ferguson","IND","RB",23,0,10,2.04,1.658,2.122,0.410121933088198,83,0.3175,8,0.464,NA,61.9,8.9,5.15188443390474,NA,3.6,NA
2543794,"Crockett Gillmore","BAL","TE",25,2,8,2.015,1.543,1.887,0.304055915910216,49,0.125,6,0.344,NA,36.2,4,4.20844314967861,NA,2.2,NA
2543646,"Bruce Ellington","SF","WR",25,2,8,2,2,2,NA,121,0.0875000000000004,17,0,NA,NA,NA,NA,NA,NA,NA
2532968,"Blair Walsh","MIN","K",26,4,6,2,2,2,0,28,0.1,8,0,NA,14.3,4.3,5.37383112816982,NA,6,NA
2506194,"Nick Novak","HOU","K",NA,NA,9,1.95,1.91,1.99,0.0707106781186548,29,0.35,9,0.0800000000000001,NA,17.2,3.2,3.49102868897178,NA,14,NA
2552656,"J.J. Nelson","ARI","WR",24,1,9,1.925,1.635,1.915,0.247487373415292,122,0.0249999999999999,17,0.28,NA,NA,NA,3.30986405455444,NA,NA,NA
2555415,"Austin Hooper","ATL","TE",NA,0,11,1.915,1.043,2.187,1.01116269709676,50,0.1025,6,1.144,NA,51.9,10,7.65087897953061,NA,8.4,NA
2553737,"Eli Rogers","PIT","WR",NA,NA,8,1.9,1.9,1.9,NA,123,0.00250000000000017,17,0,NA,50.7,7.8,5.70980273301155,NA,0.9,NA
2553895,"Adam Humphries","TB","WR",NA,NA,6,1.9,1.9,1.9,NA,123,0.0349999999999999,17,0,NA,92.2,5.7,4.18364362761036,NA,6.7,NA
2543750,"Jeff Janis","GB","WR",25,2,4,1.895,1.359,1.831,0.417193000900063,125,0.0774999999999997,17,0.472,NA,NA,NA,3.60910011471658,NA,NA,NA
2507486,"Kellen Davis","NYJ","TE",31,8,11,1.865,0.953,2.177,1.08187337521542,51,0.1075,6,1.224,NA,NA,NA,5.37608475165146,NA,0,NA
2553648,"Andrew Franks","MIA","K",23,1,8,1.85,1.73,1.97,0.212132034355964,30,1.175,9,0.24,NA,27.9,4.1,5.26261245884347,NA,6,NA
2555209,"Chris Moore","BAL","WR",23,0,8,1.835,1.267,1.803,0.473761543394987,126,0.0925,17,0.536,NA,NA,NA,3.70884546810397,NA,0.9,NA
2550459,"Javontee Herndon","SD","WR",25,2,11,1.8,1.8,1.8,NA,127,0.155,17,0,NA,NA,NA,NA,NA,NA,NA
2541187,"Demetrius Harris","KC","TE",25,3,5,1.76,0.932,1.988,0.933380951166243,52,0.0199999999999998,6,1.056,NA,45.9,5.6,5.63758048280522,NA,0,NA
2540928,"Darren Fells","ARI","TE",30,4,9,1.755,1.259,1.651,0.346482322781408,53,0.0574999999999999,6,0.392,NA,39.8,9.6,6.7052203450618,NA,3.1,NA
2555418,"Jordan Howard","CHI","RB",22,0,9,1.73,0.173,1.557,1.22329473145273,85,0.0725,8,1.384,NA,69.1,10.5,6.43607191057231,NA,3.1,NA
2552399,"Jeff Heuerman","DEN","TE",24,1,11,1.725,1.085,1.765,0.601040764008566,54,0.0675000000000001,6,0.68,NA,NA,NA,4.26083868947093,NA,NA,NA
2543551,"KaDeem Carey","CHI","RB",24,2,9,1.715,-0.496999999999999,2.727,2.84964032818179,86,0.115,8,3.224,NA,63.3,7.6,6.8415638171266,NA,0.6,NA
2541785,"Adam Thielen","MIN","WR",26,2,6,1.685,0.757,2.013,1.11015764646288,128,0.0924999999999998,17,1.256,NA,85.3,8.9,5.67010005049067,NA,4.1,NA
2552586,"Tyler Kroft","CIN","TE",24,1,9,1.67,0.594,2.146,1.3717871555019,55,0.0450000000000002,6,1.552,NA,38.4,4.9,5.84005458633694,NA,3.5,NA
2550284,"Trey Burton","PHI","TE",25,2,4,1.645,0.509,2.181,1.47785317267988,56,0.0524999999999998,6,1.672,NA,NA,NA,6.2945226852119,NA,10.9,NA
2541966,"Jaron Brown","ARI","WR",26,3,9,1.605,0.741,1.869,0.997020561473032,129,0.0375000000000001,17,1.128,NA,NA,NA,4.63148998693726,NA,13.8,NA
2543721,"C.J. Fiedorowicz","HOU","TE",25,2,9,1.605,0.901,1.709,0.714177848998413,57,0.14,6,0.808,NA,47,6.6,5.8204369767712,NA,0.1,NA
2550542,"Kapri Bibbs","DEN","RB",23,2,11,1.6,1.6,1.6,NA,87,0.02,8,0,NA,78.7,10.5,8.02926852546827,NA,0.7,NA
2552382,"Malcolm Brown","LA","RB",23,1,8,1.6,1.6,1.6,NA,87,0.1225,8,0,NA,78,4.9,4.05807342318213,NA,NA,NA
2495453,"Andre Holmes","OAK","WR",28,5,10,1.58,1.264,1.296,0.0282842712474618,130,0.0525,18,0.0319999999999998,NA,104.6,13.3,6.31511845723935,NA,6.6,NA
2540211,"Gavin Escobar","DAL","TE",25,3,7,1.58,-0.0439999999999998,2.004,1.81019335983756,58,0.2325,6,2.048,NA,53,3,5.51804829774834,NA,NA,NA
2555432,"Andy Janovich","DEN","RB",23,0,11,1.56,0.732,1.788,0.933380951166243,89,0.18,8,1.056,NA,87.6,6.4,4.72674972011913,NA,1.1,NA
2552429,"Ty Montgomery","GB","WR",23,1,4,1.555,1.139,1.371,0.205060966544099,131,0.0800000000000001,18,0.232,NA,NA,NA,3.2350550395139,NA,NA,NA
2555419,"Pharoh Cooper","LA","WR",21,0,8,1.5,1.5,1.5,NA,132,0.0674999999999999,18,0,NA,NA,NA,NA,NA,NA,NA
2543638,"DeAnthony Thomas","KC","WR",23,2,5,1.45,0.85,2.05,1.06066017177982,133,0.0925,18,1.2,NA,NA,NA,4.74370350949806,NA,NA,NA
2528181,"Bryan Walters","JAC","WR",29,6,5,1.415,0.867,1.963,0.96873629022557,134,0.115,18,1.096,NA,NA,NA,4.58161731024357,NA,NA,NA
2530763,"Patrick DiMarco","ATL","RB",27,5,11,1.395,0.779,1.411,0.558614357137373,90,0.0449999999999999,8,0.632,NA,86.2,7.7,4.85730665048852,NA,NA,NA
2555234,"Tyler Ervin","HOU","RB",23,0,9,1.365,1.367,1.663,0.261629509039023,91,0.1275,8,0.296,NA,73.8,8,4.70186313564231,NA,NA,NA
2500351,"Phil Dawson","SF","K",41,18,8,1.35,1.07,1.63,0.494974746830583,31,1.35,10,0.56,NA,28.6,3.9,5.23340022551086,NA,16,NA
2553454,"Geoff Swaim","DAL","TE",NA,NA,7,1.35,0.53,1.57,0.919238815542512,59,0.0600000000000001,7,1.04,NA,NA,NA,4.99886917179628,NA,2.9,NA
2495347,"Lee Smith","OAK","TE",29,5,10,1.345,0.529,1.561,0.912167747730646,60,0.185,7,1.032,NA,53.3,9.7,7.40495413980547,NA,2.4,NA
2556273,"Darius Jackson","DAL","RB",23,0,7,1.335,0.563,2.107,1.36471608769004,92,0.25,8,1.544,NA,NA,NA,5.09222273589432,NA,NA,NA
2553725,"Bradley Marquez","LA","WR",NA,NA,8,1.3,1.3,1.3,NA,135,0.0500000000000003,18,0,NA,NA,NA,NA,NA,NA,NA
2556686,"Nelson Spruce","LA","WR",24,0,8,1.3,1.3,1.3,NA,136,0.1175,18,0,NA,NA,NA,NA,NA,NA,NA
2550206,"Ryan Hewitt","CIN","TE",25,2,9,1.235,0.507,1.363,0.756604255869606,61,0.175,7,0.856,NA,66,1,3.42206384569805,NA,NA,NA
2553606,"Jordan Taylor","DEN","WR",24,1,11,1.2,1.2,1.2,NA,137,0.165,18,0,NA,NA,NA,NA,NA,2,NA
2540145,"Cordarrelle Patterson","MIN","WR",25,3,6,1.165,0.443,1.587,1.01116269709676,138,0.2775,18,1.144,NA,115,12.3,6.81828499922053,NA,0,NA
2555230,"Kenyan Drake","MIA","RB",NA,0,8,1.14,0.114,1.026,0.806101730552664,93,0.115,8,0.912,NA,77,11.8,6.529226724909,NA,7.8,NA
2539995,"Mychal Rivera","OAK","TE",26,3,10,1.085,0.513,1.657,1.01116269709676,62,0.0674999999999999,7,1.144,NA,47,6,5.9026110057962,NA,NA,NA
2532835,"Rhett Ellison","MIN","TE",28,4,6,1.035,0.547,0.923,0.332340187157677,63,0.0475000000000001,7,0.376,NA,NA,NA,3.63761294884063,NA,NA,NA
2532926,"Isaiah Pead","MIA","RB",27,4,8,1.03,0.103,0.927,0.728319984622144,94,0.04,8,0.824,NA,NA,NA,3.97015925491341,NA,NA,NA
2553439,"Mike Davis","SF","RB",23,1,8,1.02,0.396,1.644,1.10308657865101,95,0.0899999999999999,8,1.248,NA,89,6.7,4.98272948163258,NA,1,NA
2541834,"Josh Hill","NO","TE",26,3,5,1,1,1,NA,64,0.0625,7,0,NA,NA,NA,NA,NA,NA,NA
2555364,"Tyler Higbee","LA","TE",23,0,8,0.975,0.915,1.035,0.106066017177982,65,0.1125,7,0.12,NA,39.9,4.8,4.32848726103538,NA,NA,NA
2556466,"Peyton Barber","FA","RB",22,0,NA,0.96,0.448,1.472,0.905096679918781,96,0.1125,8,1.024,NA,NA,NA,4.28184355518589,NA,NA,NA
2495223,"Greg Salas","BUF","WR",28,5,10,0.905,0.749,1.061,0.275771644662754,139,0.045,19,0.312,NA,95.7,5.3,3.62634169320056,NA,14.9,NA
2530690,"DuJuan Harris","SF","RB",28,5,8,0.9,0.18,1.62,1.27279220613579,97,0.1475,8,1.44,NA,NA,NA,4.93014689975263,NA,NA,NA
2495211,"Niles Paul","WAS","TE",27,5,9,0.9,0.9,0.9,NA,66,0.0775,7,0,NA,57.7,1.2,2.39730089682845,NA,1.6,NA
2555413,"Trevor Davis","GB","WR",23,0,4,0.87,0.446,1.294,0.74953318805774,140,0.0449999999999999,19,0.848,NA,NA,NA,4.19510406586746,NA,0,NA
2540151,"Justin Hunter","MIA","WR",25,3,8,0.85,0.0850000000000001,0.765,0.601040764008565,141,0.05,20,0.68,NA,NA,NA,3.93327251322558,NA,NA,NA
2552468,"Maxx Williams","BAL","TE",22,1,8,0.825,0.685,0.965,0.247487373415292,67,0.0650000000000001,7,0.28,NA,40.4,10.9,7.15860269483043,NA,NA,NA
2543628,"Troy Niklas","ARI","TE",24,2,9,0.82,0.344,0.696,0.311126983722081,68,0.12,7,0.352,NA,57.3,6.2,5.17819087392503,NA,0,NA
2495331,"Aldrick Robinson","ATL","WR",28,5,11,0.8,0.8,0.8,NA,142,0.01,20,0,NA,120.7,0.5,0.404582985664571,NA,3.9,NA
2556592,"Roger Lewis","NYG","WR",23,0,8,0.8,0.24,1.36,0.989949493661167,142,0.035,20,1.12,NA,NA,NA,4.61902181776384,NA,NA,NA
2495472,"Jordan Todman","IND","RB",26,5,10,0.795,0.311,1.279,0.855599205235723,98,0.115,8,0.968,NA,103.5,10.5,6.11192023828893,NA,NA,NA
2556214,"Tyreek Hill","KC","WR",22,0,5,0.78,0.364,1.196,0.735391052434009,144,0.03,20,0.832,NA,109.3,20.8,9.66381103269833,NA,0.8,NA
1037885,"Marc Mariani","TEN","WR",29,6,13,0.75,0.15,1.35,1.06066017177982,145,0,20,1.2,NA,NA,NA,4.74370350949806,NA,0,NA
2535869,"Rod Streater","SF","WR",28,4,8,0.75,0.47,1.03,0.494974746830583,145,0.035,20,0.56,NA,100.3,13.3,6.7265680399623,NA,1.3,NA
2550617,"Taylor Gabriel","ATL","WR",25,2,11,0.75,0.15,1.35,1.06066017177982,145,0.0775,20,1.2,NA,NA,NA,4.74370350949806,NA,1.9,NA
2550474,"Antonio Andrews","TEN","RB",24,2,13,0.71,0.0710000000000001,0.639,0.502045814642449,99,0.0875,8,0.568,NA,91,5.5,4.02738098163872,NA,NA,NA
71431,"Brandon Pettigrew","DET","TE",31,7,10,0.7,0.7,0.7,NA,69,0.0375,7,0,NA,NA,NA,NA,NA,NA,NA
497242,"Clay Harbor","NE","TE",29,6,9,0.7,0.62,0.78,0.141421356237309,69,0.0875,7,0.16,NA,NA,NA,3.19479465944542,NA,NA,NA
2556190,"Jakeem Grant","MIA","WR",24,0,8,0.68,0.504,0.856,0.311126983722081,148,0.0225,20,0.352,NA,99.7,3.3,2.9307696849907,NA,NA,NA
2555362,"Aaron Burbridge","SF","WR",23,0,8,0.665,0.317,1.013,0.615182899632296,149,0.02,20,0.696,NA,NA,NA,3.95820885157242,NA,0,NA
2495467,"Taiwan Jones","OAK","RB",28,5,10,0.65,-1.83,1.93,3.32340187157677,100,0.0625000000000001,8,3.76,NA,NA,NA,8.54568478291333,NA,NA,NA
497320,"Andre Roberts","DET","WR",28,6,10,0.65,0.13,1.17,0.919238815542512,150,0.0125,20,1.04,NA,116.8,11.7,6.51921917025025,NA,0,NA
2535966,"Brenton Bersin","CAR","WR",26,3,7,0.64,0.512,0.768,0.226274169979695,151,0.0150000000000001,20,0.256,NA,NA,NA,3.27245954703417,NA,NA,NA
2555473,"Ricardo Louis","CLE","WR",NA,0,13,0.635,0.343,0.927,0.51618795026618,152,0.0249999999999999,20,0.584,NA,NA,NA,3.7836544831445,NA,0,NA
2540200,"Dion Sims","MIA","TE",25,3,8,0.625,0.405,0.845,0.388908729652601,71,0.0249999999999999,7,0.44,NA,47.2,9.5,6.71071567787346,NA,2.1,NA
2534436,"Deonte Thompson","CHI","WR",27,4,9,0.615,0.467,0.763,0.261629509039023,153,0.0125000000000001,20,0.296,NA,126.3,9,4.95834702164247,NA,0,NA
2555316,"Paxton Lynch","DEN","QB",22,0,11,0.606,0.6092,0.6828,0.0650538238691623,38,0.1515,10,0.0736,NA,NA,NA,3.54938303890791,NA,NA,NA
2555477,"Charone Peake","NYJ","WR",24,0,11,0.605,0.369,0.841,0.417193000900063,154,0.0549999999999999,20,0.472,NA,NA,NA,3.60910011471658,NA,NA,NA
2552401,"MyCole Pruitt","MIN","TE",24,1,6,0.6,0.6,0.6,NA,72,1.11022302462516e-16,7,0,NA,NA,NA,NA,NA,NA,NA
2556606,"Jalin Marshall","NYJ","WR",NA,0,11,0.6,0.12,1.08,0.848528137423857,155,0.125,20,0.96,NA,NA,NA,4.36965843429538,NA,1.5,NA
2550405,"Erik Swoope","IND","TE",24,2,10,0.6,0.6,0.6,NA,73,0,7,0,NA,71,1,2.22247409945501,NA,NA,NA
2552396,"Ben Koyack","JAC","TE",23,1,5,0.6,0.6,0.6,NA,73,0.00749999999999995,7,0,NA,NA,NA,NA,NA,NA,NA
2552478,"Blake Bell","SF","TE",25,1,8,0.6,0.52,0.68,0.14142135623731,73,0.0575,7,0.16,NA,59.3,3.3,3.7138884643475,NA,0.6,NA
2552477,"Aaron Ripkowski","GB","RB",NA,NA,4,0.595,0.191,0.999,0.714177848998413,101,0.0674999999999999,8,0.808,NA,93.3,1.9,2.93793599321023,NA,NA,NA
2555334,"Jared Goff","LA","QB",22,0,8,0.588,0.4116,0.6644,0.223445742854949,39,0.2695,10,0.2528,NA,NA,NA,3.79956293616632,NA,NA,NA
2495835,"Anthony Fasano","TEN","TE",32,10,13,0.585,0.333,0.837,0.445477272147525,76,0.0875,7,0.504,NA,43.5,8,6.12071789726309,NA,0.1,NA
2552375,"Cameron Artis-Payne","CAR","RB",24,1,7,0.58,0.0580000000000001,0.522,0.410121933088198,102,0.1175,8,0.464,NA,78.8,9.2,5.2582557312874,NA,NA,NA
2550243,"Justin Perillo","GB","TE",25,2,4,0.5,0.5,0.5,NA,77,0.0525,7,0,NA,57,2,3.09660808632221,NA,NA,NA
2553621,"Lucky Whitehead","DAL","WR",NA,NA,7,0.5,0.5,0.5,NA,156,0.05,20,0,NA,123,7.8,5.70980273301155,NA,0,NA
2552403,"Nick OLeary","BUF","TE",24,1,10,0.495,0.411,0.579,0.148492424049175,78,0.1075,7,0.168,NA,NA,NA,3.21119533683042,NA,NA,NA
2539303,"Zach Line","MIN","RB",26,3,6,0.475,0.295,0.655,0.318198051533946,103,0.04,8,0.36,NA,89,6.2,4.11350483938992,NA,NA,NA
2550540,"George Atkinson","CLE","RB",24,2,13,0.45,0.0900000000000001,0.81,0.636396103067893,104,0.03,8,0.72,NA,85,17.3,8.32975871279372,NA,0,NA
2556462,"Robby Anderson","NYJ","WR",23,0,11,0.45,0.0900000000000001,0.81,0.636396103067893,157,0.0225,20,0.72,NA,NA,NA,3.99561335909269,NA,NA,NA
2556519,"Alex Erickson","CIN","WR",24,0,9,0.45,0.0900000000000001,0.81,0.636396103067893,157,0.0475,20,0.72,NA,NA,NA,3.99561335909269,NA,2,NA
2553650,"Corey Grant","JAC","RB",NA,NA,5,0.42,0.196,0.644,0.395979797464467,105,0.01,8,0.448,NA,NA,NA,3.38419277040116,NA,7.5,NA
2555430,"Alex Collins","SEA","RB",22,0,5,0.42,0.042,0.378,0.29698484809835,105,0.0425,8,0.336,NA,86.3,27.7,11.7180800937978,NA,0,NA
2552420,"Keith Mumphery","HOU","WR",24,1,9,0.405,0.329,0.481,0.134350288425444,159,0.015,20,0.152,NA,NA,NA,3.11037334777967,NA,NA,NA
2535943,"Sean McGrath","SD","TE",29,4,11,0.4,0.0800000000000001,0.72,0.565685424949238,79,0.035,7,0.64,NA,NA,NA,4.17883530254589,NA,NA,NA
2550182,"Isaiah Burse","SD","WR",25,2,11,0.4,0.4,0.4,NA,160,0.035,20,0,NA,NA,NA,NA,NA,NA,NA
2553728,"Raheem Mostert","FA","RB",NA,NA,NA,0.4,0.4,0.4,NA,107,0.0725,8,0,NA,NA,NA,NA,NA,NA,NA
2555331,"Cody Core","CIN","WR",22,0,9,0.38,0.038,0.342,0.268700576850888,161,0.05,20,0.304,NA,NA,NA,3.3472685620747,NA,NA,NA
2540203,"Levine Toilolo","ATL","TE",25,3,11,0.375,0.355,0.395,0.0353553390593274,80,0.035,8,0.04,NA,NA,NA,2.9487844986703,NA,2.1,NA
2543695,"Jay Prosch","HOU","RB",24,2,9,0.355,0.311,0.399,0.0777817459305202,108,0.0549999999999999,8,0.088,NA,NA,NA,2.82316102991071,NA,NA,NA
2552660,"Randall Telfer","CLE","TE",24,1,13,0.355,0.239,0.471,0.205060966544099,81,0.035,8,0.232,NA,66,1.6,3.04467762374291,NA,NA,NA
2543641,"Devin Street","FA","WR",25,2,NA,0.35,0.15,0.55,0.353553390593274,162,0.0449999999999999,20,0.4,NA,NA,NA,3.49688659215578,NA,NA,NA
2555486,"Temarrick Hemingway","LA","TE",23,0,8,0.325,0.185,0.465,0.247487373415292,82,0.0425,8,0.28,NA,NA,NA,3.44080482022053,NA,NA,NA
2495186,"Colin Kaepernick","SF","QB",29,5,8,0.321,0.2418,0.4002,0.140007142674936,40,0.021,10,0.1584,NA,37.5,2.5,4.36436861508325,NA,NA,NA
2506546,"Derek Anderson","CAR","QB",33,11,7,0.316,0.0888,0.5432,0.401636651713959,41,0.034,10,0.4544,NA,34,0,1.98950223221363,NA,NA,NA
2495234,"Luke Stocker","TB","TE",28,5,6,0.315,0.247,0.383,0.120208152801713,83,0.075,8,0.136,NA,NA,NA,3.14559262729039,NA,NA,NA
2555370,"Jordan Payton","CLE","WR",23,0,13,0.31,0.31,0.31,NA,163,0.02,20,0,NA,NA,NA,NA,NA,NA,NA
163982,"Will Johnson","NYG","RB",27,5,8,0.3,0.3,0.3,NA,109,0.005,8,0,NA,NA,NA,NA,NA,NA,NA
2534571,"Bobby Rainey","NYG","RB",29,4,8,0.3,0.03,0.27,0.212132034355964,109,0.01,8,0.24,NA,NA,NA,3.06004109811779,NA,NA,NA
2541940,"Rashad Ross","WAS","WR",26,3,9,0.3,0.0600000000000001,0.54,0.424264068711929,164,0.035,20,0.48,NA,NA,NA,3.62156828389001,NA,NA,NA
2495471,"Jacquizz Rodgers","FA","RB",26,5,NA,0.29,0.29,0.29,NA,111,0,8,0,NA,NA,NA,NA,NA,2.9,NA
2555227,"Jonathan Williams","BUF","RB",22,0,10,0.29,0.29,0.29,NA,111,0.005,8,0,NA,NA,NA,NA,NA,NA,NA
2550481,"Orleans Darkwa","NYG","RB",24,2,8,0.29,0.029,0.261,0.205060966544099,113,0.015,8,0.232,NA,71.9,6.8,4.22650845806805,NA,0.2,NA
2539287,"Landry Jones","PIT","QB",27,3,8,0.284,0.0952,0.4728,0.33375440072005,42,0.00899999999999995,10,0.3776,NA,NA,NA,3.97379536461414,NA,NA,NA
2542065,"Matt McGloin","OAK","QB",27,3,10,0.28,0.0880000000000001,0.472,0.339411254969543,43,0.013,10,0.384,NA,NA,NA,3.9827303609448,NA,NA,NA
2555219,"Daniel Lasco","NO","RB",24,0,5,0.28,0.028,0.252,0.197989898732233,114,0.02,8,0.224,NA,107,11,5.7094729354199,NA,NA,NA
2555478,"Demarcus Robinson","KC","WR",NA,0,5,0.28,0.28,0.28,NA,165,0.055,20,0,NA,NA,NA,NA,NA,NA,NA
79858,"Mark Sanchez","DAL","QB",30,7,7,0.27,0.212,0.308,0.0848528137423857,44,0.00800000000000001,10,0.096,NA,34.7,2,3.80451287336808,NA,NA,NA
2534770,"Jonathan Grimes","HOU","RB",27,4,9,0.27,0.027,0.243,0.190918830920368,115,0.02,8,0.216,NA,89,8.9,4.9586401677358,NA,2.1,NA
2532842,"Nick Foles","KC","QB",27,4,5,0.264,0.1782,0.3398,0.142835569799683,45,0.012,10,0.1616,NA,NA,NA,3.67223923845445,NA,NA,NA
2555261,"Jacoby Brissett","NE","QB",24,0,9,0.26,0.052,0.468,0.367695526217005,46,0.017,10,0.416,NA,NA,NA,4.02740534259809,NA,4.88,NA
2506147,"John Kuhn","NO","RB",34,10,5,0.25,0.05,0.45,0.353553390593274,116,0.02,8,0.4,NA,88.3,0.5,2.12361861914654,NA,1,NA
2506897,"Devin Hester","BAL","WR",34,10,8,0.25,0.05,0.45,0.353553390593274,166,0.0575,20,0.4,NA,NA,NA,3.49688659215578,NA,0,NA
2552647,"Marcus Murphy","NO","RB",25,1,5,0.25,0.21,0.29,0.0707106781186548,116,0.045,8,0.08,NA,NA,NA,2.81069365789981,NA,NA,NA
2555311,"Jerell Adams","NYG","TE",24,0,8,0.25,0.05,0.45,0.353553390593274,84,0.025,8,0.4,NA,NA,NA,3.68681498099565,NA,NA,NA
2555387,"Cody Kessler","CLE","QB",23,0,13,0.244,0.0552,0.4328,0.33375440072005,47,0.005,10,0.3776,NA,NA,NA,3.97379536461414,NA,NA,NA
2539335,"Geno Smith","NYJ","QB",26,3,11,0.242,0.2076,0.2364,0.0254558441227157,48,0.00899999999999998,10,0.0288,NA,NA,NA,3.48683806459331,NA,NA,NA
2543497,"AJ McCarron","CIN","QB",26,2,9,0.236,0.1598,0.3022,0.125865007051205,49,0.014,10,0.1424,NA,NA,NA,3.64543424946248,NA,NA,NA
2506562,"Matt Cassel","TEN","QB",34,11,13,0.23,0.181,0.269,0.0777817459305202,50,0.025,10,0.088,NA,NA,NA,3.56948678065189,NA,-0.1,NA
497226,"Jim Dray","BUF","TE",30,6,10,0.23,0.126,0.334,0.183847763108502,85,0.00999999999999995,9,0.208,NA,NA,NA,3.29319872375546,NA,NA,NA
71435,"John Phillips","DEN","TE",29,7,11,0.22,0.156,0.284,0.113137084989848,86,0,9,0.128,NA,NA,NA,3.12919194990538,NA,NA,NA
2533353,"Cory Harkey","LA","TE",26,4,8,0.22,0.076,0.364,0.254558441227157,86,0.0025,9,0.288,NA,NA,NA,3.45720549760554,NA,NA,NA
2553318,"James OShaughnessy","KC","TE",NA,NA,5,0.22,0.022,0.198,0.15556349186104,86,0.0125,9,0.176,NA,NA,NA,3.22759601421543,NA,NA,NA
2540259,"MarQueis Gray","MIA","TE",26,3,8,0.215,0.203,0.227,0.0212132034355964,89,0.015,9,0.024,NA,NA,NA,2.91598314390028,NA,NA,NA
2539228,"EJ Manuel","BUF","QB",26,3,10,0.214,0.1432,0.2648,0.107480230740355,51,0.019,10,0.1216,NA,NA,NA,3.61639551138784,NA,0.6,NA
230,"Jerome Felton","FA","RB",30,8,NA,0.21,0.155,0.195,0.0353553390593274,118,0.00999999999999995,8,0.04,NA,NA,NA,2.74835679784532,NA,NA,NA
79629,"Cedric Peerman","CIN","RB",30,7,9,0.2,0.2,0.2,NA,119,0.005,8,0,NA,NA,NA,NA,NA,NA,NA
2533047,"Orson Charles","DET","TE",25,4,10,0.2,0.04,0.36,0.282842712474619,90,0.01,9,0.32,NA,NA,NA,3.52280820714557,NA,NA,NA
2553446,"Malcolm Johnson","CLE","RB",24,1,13,0.2,0.2,0.2,NA,119,0.03,8,0,NA,NA,NA,NA,NA,NA,NA
2553451,"Neal Sterling","JAC","WR",NA,NA,5,0.2,0.2,0.2,NA,167,0.0525,20,0,NA,NA,NA,NA,NA,NA,NA
2555306,"David Morgan","MIN","TE",23,0,6,0.2,0.02,0.18,0.14142135623731,90,0.035,9,0.16,NA,66.5,1.5,2.92716787616701,NA,NA,NA
2495443,"Ryan Mallett","BAL","QB",28,5,8,0.196,0.1608,0.2312,0.0622253967444162,52,0.002,10,0.0704,NA,NA,NA,3.54491554074258,NA,NA,NA
2539275,"Mike Glennon","TB","QB",27,3,6,0.194,0.1712,0.1968,0.0226274169979695,53,0.003,10,0.0256,NA,NA,NA,3.48237056642798,NA,NA,NA
2506481,"Dan Orlovsky","DET","QB",33,11,10,0.194,0.0612,0.3268,0.234759451353934,54,0.014,10,0.2656,NA,NA,NA,3.81743292882763,NA,NA,NA
2508101,"James Develin","NE","RB",28,6,9,0.19,0.019,0.171,0.134350288425444,121,0.045,8,0.152,NA,NA,NA,2.9229000059979,NA,NA,NA
2506895,"Kellen Clemens","SD","QB",33,10,11,0.188,0.0504,0.3256,0.243244732728172,55,0.027,10,0.2752,NA,NA,NA,3.83083542332362,NA,-0.1,NA
2541828,"Frankie Hammond","FA","WR",NA,NA,NA,0.185,0.093,0.277,0.162634559672906,168,0.08,20,0.184,NA,NA,NA,3.16024602447336,NA,NA,NA
79589,"David Johnson","PIT","TE",29,7,8,0.18,0.164,0.196,0.0282842712474619,92,0.03,9,0.032,NA,62.5,11.6,7.21033909076632,NA,0.5,NA
2539961,"Ryan Nassib","NYG","QB",26,3,8,0.172,0.0536,0.2904,0.209303607231218,56,0.025,10,0.2368,NA,NA,NA,3.77722544533968,NA,NA,NA
2495340,"Anthony Sherman","KC","RB",28,5,5,0.15,0.11,0.19,0.0707106781186548,122,0.02,8,0.08,NA,99,5,3.46984063966853,NA,NA,NA
2507828,"Logan Paulsen","CHI","TE",29,6,9,0.15,0.03,0.27,0.212132034355964,93,0.025,9,0.24,NA,56.3,9.2,6.37458711253078,NA,NA,NA
2535535,"Phillip Supernaw","TEN","TE",26,4,13,0.15,0.03,0.27,0.212132034355964,93,0.0575,9,0.24,NA,NA,NA,3.35880143329549,NA,0.7,NA
2543640,"Tom Savage","HOU","QB",26,2,9,0.15,0.046,0.254,0.183847763108502,57,0.014,11,0.208,NA,NA,NA,3.73701796185172,NA,NA,NA
2556477,"Trevone Boykin","SEA","QB",23,0,5,0.144,0.0352,0.2528,0.192333044482741,58,0.018,11,0.2176,NA,35,0,1.82420480009647,NA,NA,NA
2555460,"Paul Perkins","NYG","RB",22,0,8,0.14,0.014,0.126,0.0989949493661167,123,0.02,8,0.112,NA,69.6,16.4,7.53688468423157,NA,NA,NA
2505982,"Matt Schaub","ATL","QB",35,12,11,0.128,0.1024,0.1536,0.045254833995939,59,0.00399999999999999,11,0.0512,NA,NA,NA,3.51811055175061,NA,NA,NA
2495425,"Scott Tolzien","IND","QB",29,5,10,0.124,0.0312,0.2168,0.164048773235279,60,0.00200000000000002,11,0.1856,NA,NA,NA,3.70574547469442,NA,NA,NA
2552588,"Brett Hundley","GB","QB",23,1,4,0.124,0.0312,0.2168,0.164048773235279,60,0.01,11,0.1856,NA,NA,NA,3.70574547469442,NA,NA,NA
2543565,"Andre Williams","SD","RB",24,2,11,0.12,0.12,0.12,NA,124,0,8,0,NA,NA,NA,NA,NA,NA,NA
2552636,"Michael Burton","DET","RB",24,1,10,0.12,0.012,0.108,0.0848528137423857,124,1.38777878078145e-17,8,0.096,NA,NA,NA,2.83562840192161,NA,NA,NA
2539265,"Rex Burkhead","CIN","RB",26,3,9,0.12,0.012,0.108,0.0848528137423857,126,0,8,0.096,NA,88.3,3.8,3.05682282214877,NA,NA,NA
2552464,"Jalston Fowler","TEN","RB",NA,NA,13,0.12,0.012,0.108,0.0848528137423857,126,0.01,8,0.096,NA,NA,NA,2.83562840192161,NA,NA,NA
2553631,"Zach Zenner","DET","RB",NA,NA,10,0.12,0.12,0.12,NA,126,0.07,8,0,NA,78,11.6,8.80932470627447,NA,NA,NA
252,"Chad Henne","JAC","QB",31,8,5,0.12,0.079,0.151,0.0636396103067893,62,0.014,11,0.072,NA,NA,NA,3.54714928982524,NA,NA,NA
2555468,"Rashard Higgins","CLE","WR",22,0,13,0.11,0.011,0.099,0.0777817459305202,169,0.025,20,0.088,NA,112.5,0.5,1.70760549002843,NA,0,NA
81284,"Chase Daniel","PHI","QB",30,7,4,0.108,0.0344,0.1816,0.130107647738325,63,0.024,11,0.1472,NA,34.5,1.1,2.91091711640492,NA,NA,NA
2506053,"Luke McCown","NO","QB",35,12,5,0.104,0.0592,0.1488,0.0791959594928933,64,0.072,11,0.0896,NA,NA,NA,3.57172052973455,NA,NA,NA
81306,"Brandon Tate","BUF","WR",29,7,10,0.1,0.02,0.18,0.14142135623731,170,0.04,20,0.16,NA,NA,NA,3.12284151695309,NA,0,NA
2536342,"Brandon Bostick","NYJ","TE",27,4,11,0.1,0.1,0.1,NA,95,0.0575,10,0,NA,70,1,2.22247409945501,NA,0,NA
2553743,"Rod Smith","DAL","RB",NA,NA,7,0.1,0.1,0.1,NA,129,0.1,9,0,NA,NA,NA,NA,NA,NA,NA
2539645,"Brandon Williams","SEA","TE",29,4,5,0.085,0.073,0.097,0.0212132034355964,96,0.085,10,0.024,NA,NA,NA,2.91598314390028,NA,NA,NA
2541944,"Russell Shepard","TB","WR",26,3,6,0.07,0.07,0.07,NA,171,0.02,20,0,NA,NA,NA,NA,NA,1.6,NA
2507282,"Matt Moore","MIA","QB",32,9,8,0.064,0.0192,0.1088,0.0791959594928933,65,0.064,11,0.0896,NA,NA,NA,3.57172052973455,NA,NA,NA
4487,"Matthew Slater","NE","WR",31,8,9,0.05,0.01,0.09,0.0707106781186548,172,0.025,20,0.08,NA,NA,NA,2.99815982521887,NA,0,NA
2507029,"Eric Weems","ATL","WR",31,9,11,0.05,0.01,0.09,0.0707106781186548,172,0.05,20,0.08,NA,NA,NA,2.99815982521887,NA,0,NA
184,"Donnie Avery","FA","WR",32,8,NA,0,0,0,NA,174,0,20,0,NA,NA,NA,NA,NA,NA,NA
206,"Andre Caldwell","DET","WR",31,8,10,0,0,0,0,174,0,20,0,NA,NA,NA,2.87347813348464,NA,NA,NA
216,"Fred Davis","FA","TE",30,8,NA,0,0,0,NA,97,0,10,0,NA,NA,NA,NA,NA,NA,NA
264,"Josh Johnson","NYG","QB",30,8,8,0,0,0,0,66,0,12,0,NA,NA,NA,3.44663058110535,NA,NA,NA
318,"Jerome Simpson","FA","WR",30,8,NA,0,0,0,NA,174,0,20,0,NA,NA,NA,NA,NA,NA,NA
367,"Matt Flynn","NO","QB",31,8,5,0,0,0,NA,66,0,12,0,NA,NA,NA,NA,NA,NA,NA
768,"Steve Johnson","SD","WR",30,8,11,0,0,0,NA,174,0,20,0,NA,NA,NA,NA,NA,NA,NA
925,"Jamaal Charles","KC","RB",30,8,5,0,0,0,NA,130,0,9,0,NA,NA,NA,NA,NA,NA,NA
941,"Ray Rice","FA","RB",29,8,NA,0,0,0,NA,130,0,9,0,NA,NA,NA,NA,NA,NA,NA
1966,"John Carlson","FA","TE",32,8,NA,0,0,0,NA,97,0,10,0,NA,NA,NA,NA,NA,NA,NA
4231,"Jed Collins","FA","RB",30,8,NA,0,0,0,NA,130,0,9,0,NA,NA,NA,NA,NA,NA,NA
4381,"Garrett Hartley","FA","K",30,8,NA,0,0,0,NA,32,0,10,0,NA,NA,NA,NA,NA,NA,NA
4433,"Marcel Reece","OAK","RB",31,8,10,0,0,0,NA,130,0,9,0,NA,NA,NA,NA,NA,NA,NA
71247,"James Casey","FA","TE",32,7,NA,0,0,0,NA,97,0,10,0,NA,NA,NA,NA,NA,NA,NA
71255,"Chase Coffman","IND","TE",30,7,10,0,0,0,0,97,0,11,0,NA,NA,NA,2.86678111174526,NA,NA,NA
79557,"Josh Freeman","FA","QB",28,7,NA,0,0,0,NA,66,0,12,0,NA,NA,NA,NA,NA,NA,NA
79563,"Shonn Greene","FA","RB",31,7,NA,0,0,0,NA,130,0,9,0,NA,NA,NA,NA,NA,NA,NA
79619,"Knowshon Moreno","FA","RB",29,7,NA,0,0,0,NA,130,0,9,0,NA,NA,NA,NA,NA,NA,NA
80674,"Chris Ogbonnaya","FA","RB",30,7,NA,0,0,0,NA,130,0,9,0,NA,NA,NA,NA,NA,NA,NA
81288,"Brandon Gibson","NE","WR",29,7,9,0,0,0,NA,174,0,20,0,NA,NA,NA,NA,NA,NA,NA
81831,"Brian Hartline","FA","WR",30,7,NA,0,0,0,NA,174,0,20,0,NA,NA,NA,NA,NA,NA,NA
89798,"Antone Smith","NYJ","RB",31,7,11,0,0,0,NA,130,0,9,0,NA,NA,NA,NA,NA,NA,NA
496812,"Erik Lorig","FA","RB",30,6,NA,0,0,0,NA,130,0,9,0,NA,NA,NA,NA,NA,NA,NA
497108,"Jimmy Clausen","FA","QB",28,6,NA,0,0,0,NA,66,0,12,0,NA,NA,NA,NA,NA,NA,NA
497121,"Thad Lewis","SF","QB",29,6,8,0,0,0,NA,66,0,12,0,NA,NA,NA,NA,NA,NA,NA
497145,"Joique Bell","FA","RB",30,6,NA,0,0,0,0,130,0,8,0,NA,NA,NA,2.68601993779082,NA,NA,NA
497172,"Anthony Dixon","FA","RB",29,6,NA,0,0,0,NA,130,0,9,0,NA,NA,NA,NA,NA,NA,NA
497174,"Jonathan Dwyer","FA","RB",27,6,NA,0,0,0,NA,130,0,9,0,NA,NA,NA,NA,NA,NA,NA
497176,"Toby Gerhart","FA","RB",29,6,NA,0,0,0,NA,130,0,9,0,NA,NA,NA,NA,NA,NA,NA
497190,"Dexter McCluster","FA","RB",28,6,NA,0,0,0,0,130,0,8,0,NA,NA,NA,2.68601993779082,NA,NA,NA
497204,"C.J. Spiller","NO","RB",29,6,5,0,0,0,NA,130,0,9,0,NA,NA,NA,NA,NA,NA,NA
497218,"Trindon Holliday","FA","WR",30,6,NA,0,0,0,NA,174,0,20,0,NA,NA,NA,NA,NA,NA,NA
497234,"Garrett Graham","DEN","TE",30,6,11,0,0,0,NA,97,0,10,0,NA,NA,NA,NA,NA,NA,NA
497246,"Michael Hoomanawanui","NO","TE",28,6,5,0,0,0,NA,97,0,10,0,NA,NA,NA,NA,NA,NA,NA
497250,"Anthony McCoy","SEA","TE",29,6,5,0,0,0,NA,97,0,10,0,NA,NA,NA,NA,NA,NA,NA
497256,"Tony Moeaki","FA","TE",29,6,NA,0,0,0,0,97,0,10,0,NA,NA,NA,2.86678111174526,NA,NA,NA
497260,"Seyi Ajirotutu","PHI","WR",29,6,4,0,0,0,NA,174,0,20,0,NA,NA,NA,NA,NA,NA,NA
497282,"Riley Cooper","FA","WR",29,6,NA,0,0,0,0,174,0,20,0,NA,NA,NA,2.87347813348464,NA,NA,NA
497286,"Marcus Easley","BUF","WR",29,6,10,0,0,0,NA,174,0,20,0,NA,NA,NA,NA,NA,NA,NA
497288,"Jacoby Ford","FA","WR",29,6,NA,0,0,0,NA,174,0,20,0,NA,NA,NA,NA,NA,NA,NA
1037347,"Joe Webb","CAR","QB",30,6,7,0,0,0,NA,66,0,12,0,NA,NA,NA,NA,NA,NA,NA
1037366,"Michael Palmer","FA","TE",28,6,NA,0,0,0,NA,97,0,10,0,NA,NA,NA,NA,NA,NA,NA
1037847,"Deji Karim","FA","RB",30,6,NA,0,0,0,NA,130,0,9,0,NA,NA,NA,NA,NA,NA,NA
2495150,"Kai Forbath","FA","K",29,5,NA,0,0,0,0,32,0,11,0,NA,NA,NA,2.80674968097381,NA,NA,NA
2495158,"Leonard Hankerson","FA","WR",28,5,NA,0,0,0,NA,174,0,20,0,NA,NA,NA,NA,NA,NA,NA
2495161,"Roy Helu","FA","RB",28,5,NA,0,0,0,NA,130,0,9,0,NA,NA,NA,NA,NA,NA,NA
2495162,"Alex Henery","FA","K",29,5,NA,0,0,0,NA,32,0,10,0,NA,NA,NA,NA,NA,NA,NA
2495172,"Kendall Hunter","NO","RB",28,5,5,0,0,0,NA,130,0,9,0,NA,NA,NA,NA,NA,NA,NA
2495179,"Jerrel Jernigan","FA","WR",27,5,NA,0,0,0,NA,174,0,20,0,NA,NA,NA,NA,NA,NA,NA
2495181,"Jerrod Johnson","DAL","QB",28,5,7,0,0,0,NA,66,0,12,0,NA,NA,NA,NA,NA,NA,NA
2495192,"Greg Little","FA","WR",27,5,NA,0,0,0,NA,174,0,20,0,NA,NA,NA,NA,NA,NA,NA
2495215,"Christian Ponder","SF","QB",28,5,8,0,0,0,0,66,0,12,0,NA,NA,NA,3.44663058110535,NA,NA,NA
2495314,"Bruce Miller","FA","RB",29,5,NA,0,0,0,0,130,0,8,0,NA,NA,NA,2.68601993779082,NA,NA,NA
2495449,"Tandon Doss","FA","WR",27,5,NA,0,0,0,NA,174,0,20,0,NA,NA,NA,NA,NA,NA,NA
2495469,"Dion Lewis","NE","RB",26,5,9,0,0,0,NA,130,0,9,0,NA,NA,NA,NA,NA,NA,NA
2495470,"Stevan Ridley","FA","RB",27,5,NA,0,0,0,0,130,0,8,0,NA,NA,NA,2.68601993779082,NA,NA,NA
2495558,"Dwayne Bowe","FA","WR",32,9,NA,0,0,0,0,174,0,20,0,NA,NA,NA,2.87347813348464,NA,NA,NA
2495560,"Ahmad Bradshaw","FA","RB",30,9,NA,0,0,0,NA,130,0,9,0,NA,NA,NA,NA,NA,NA,NA
2495573,"Scott Chandler","FA","TE",31,9,NA,0,0,0,NA,97,0,10,0,NA,NA,NA,NA,NA,NA,NA
2495651,"Jacoby Jones","FA","WR",32,9,NA,0,0,0,NA,174,0,20,0,NA,NA,NA,NA,NA,NA,NA
2495660,"Brian Leonard","FA","RB",32,9,NA,0,0,0,NA,130,0,9,0,NA,NA,NA,NA,NA,NA,NA
2495663,"Marshawn Lynch","FA","RB",30,9,NA,0,0,0,NA,130,0,9,0,NA,NA,NA,NA,NA,NA,NA
2495801,"Miles Austin","FA","WR",32,10,NA,0,0,0,NA,174,0,20,0,NA,NA,NA,NA,NA,NA,NA
2495802,"Jason Avant","KC","WR",33,10,5,0,0,0,NA,174,0,20,0,NA,NA,NA,NA,NA,NA,NA
2495821,"Marques Colston","FA","WR",33,10,NA,0,0,0,NA,174,0,20,0,NA,NA,NA,NA,NA,NA,NA
2495825,"Owen Daniels","FA","TE",34,10,NA,0,0,0,NA,97,0,10,0,NA,NA,NA,NA,NA,NA,NA
2495838,"Bruce Gradkowski","PIT","QB",33,10,8,0,0,0,NA,66,0,12,0,NA,NA,NA,NA,NA,NA,NA
2495843,"Derek Hagan","FA","WR",32,10,NA,0,0,0,NA,174,0,20,0,NA,NA,NA,NA,NA,NA,NA
2495863,"Tarvaris Jackson","SEA","QB",33,10,5,0,0,0,NA,66,0,12,0,NA,NA,NA,NA,NA,NA,NA
2495867,"Greg Jennings","FA","WR",33,10,NA,0,0,0,NA,174,0,20,0,NA,NA,NA,NA,NA,NA,NA
2499248,"Kris Durham","FA","WR",28,5,NA,0,0,0,NA,174,0,20,0,NA,NA,NA,NA,NA,NA,NA
2499255,"Richard Gordon","BAL","TE",29,5,8,0,0,0,NA,97,0,10,0,NA,NA,NA,NA,NA,NA,NA
2499277,"David Ausberry","FA","TE",29,5,NA,0,0,0,NA,97,0,10,0,NA,NA,NA,NA,NA,NA,NA
2504162,"Shayne Graham","FA","K",NA,NA,NA,0,0,0,0,32,0,10,0,NA,NA,NA,2.80674968097381,NA,NA,NA
2504211,"Tom Brady","NE","QB",39,16,9,0,0,0,NA,66,0,12,0,NA,NA,NA,NA,NA,NA,NA
2504941,"Billy Cundiff","FA","K",36,14,NA,0,0,0,NA,32,0,10,0,NA,NA,NA,NA,NA,NA,NA
2505354,"Tony Romo","DAL","QB",36,13,7,0,0,0,NA,66,0,12,0,NA,NA,NA,NA,NA,NA,NA
2505936,"Steven Jackson","NE","RB",33,12,9,0,0,0,NA,130,0,9,0,NA,NA,NA,NA,NA,NA,NA
2506004,"Jerricho Cotchery","FA","WR",34,12,NA,0,0,0,NA,174,0,20,0,NA,NA,NA,NA,NA,NA,NA
2506063,"Josh Scobee","FA","K",34,12,NA,0,0,0,NA,32,0,10,0,NA,NA,NA,NA,NA,NA,NA
2506149,"Shaun Suisham","FA","K",NA,NA,NA,0,0,0,NA,32,0,10,0,NA,NA,NA,NA,NA,NA,NA
2506222,"Josh Cribbs","FA","WR",33,11,NA,0,0,0,NA,174,0,20,0,NA,NA,NA,NA,NA,NA,NA
2506264,"Robbie Gould","FA","K",34,11,NA,0,0,0,0,32,0,10,0,NA,NA,NA,2.80674968097381,NA,NA,NA
2506341,"Ronnie Brown","FA","RB",35,11,NA,0,0,0,NA,130,0,9,0,NA,NA,NA,NA,NA,NA,NA
2506619,"Daniel Fells","NYG","TE",33,10,8,0,0,0,NA,97,0,10,0,NA,NA,NA,NA,NA,NA,NA
2506871,"Fred Jackson","SEA","RB",35,10,5,0,0,0,NA,130,0,9,0,NA,NA,NA,NA,NA,NA,NA
2506885,"Santonio Holmes","FA","WR",32,10,NA,0,0,0,NA,174,0,20,0,NA,NA,NA,NA,NA,NA,NA
2507170,"Zach Miller","FA","TE",31,9,NA,0,0,0,NA,97,0,10,0,NA,NA,NA,NA,NA,NA,NA
2507183,"James Jones","FA","WR",32,9,NA,0,0,0,0,174,0,20,0,NA,NA,NA,2.87347813348464,NA,NA,NA
2507237,"Jordan Palmer","FA","QB",32,9,NA,0,0,0,NA,66,0,12,0,NA,NA,NA,NA,NA,NA,NA
2507278,"Jackie Battle","FA","RB",33,9,NA,0,0,0,NA,130,0,9,0,NA,NA,NA,NA,NA,NA,NA
2507405,"Matthew Mulligan","FA","TE",31,8,NA,0,0,0,NA,97,0,10,0,NA,NA,NA,NA,NA,NA,NA
2507779,"Donald Brown","FA","RB",29,7,NA,0,0,0,NA,130,0,9,0,NA,NA,NA,NA,NA,NA,NA
2507883,"Jeff Cumberland","SD","TE",29,6,11,0,0,0,NA,97,0,10,0,NA,NA,NA,NA,NA,NA,NA
2508051,"John Conner","FA","RB",29,6,NA,0,0,0,NA,130,0,9,0,NA,NA,NA,NA,NA,NA,NA
2508096,"Tyler Clutts","FA","RB",32,6,NA,0,0,0,NA,130,0,9,0,NA,NA,NA,NA,NA,NA,NA
2508112,"Rob Housler","FA","TE",28,5,NA,0,0,0,0,97,0,10,0,NA,NA,NA,2.86678111174526,NA,NA,NA
2508115,"Vincent Brown","FA","WR",27,5,NA,0,0,0,0,174,0,20,0,NA,NA,NA,2.87347813348464,NA,NA,NA
2530516,"Robert Hughes","FA","RB",27,5,NA,0,0,0,NA,130,0,9,0,NA,NA,NA,NA,NA,NA,NA
2530575,"Drew Davis","FA","WR",27,4,NA,0,0,0,NA,174,0,20,0,NA,NA,NA,NA,NA,NA,NA
2530598,"Jeremy Ross","FA","WR",28,5,NA,0,0,0,NA,174,0,20,0,NA,NA,NA,NA,NA,NA,NA
2530699,"Henry Hynoski","FA","RB",28,5,NA,0,0,0,NA,130,0,9,0,NA,NA,NA,NA,NA,NA,NA
2531218,"Chase Reynolds","LA","RB",29,4,8,0,0,0,NA,130,0,9,0,NA,NA,NA,NA,NA,NA,NA
2532799,"Jarrett Boykin","FA","WR",27,4,NA,0,0,0,NA,174,0,20,0,NA,NA,NA,NA,NA,NA,NA
2532802,"LaVon Brazill","FA","WR",27,4,NA,0,0,0,NA,174,0,20,0,NA,NA,NA,NA,NA,NA,NA
2532807,"Ryan Broyles","FA","WR",28,4,NA,0,0,0,NA,174,0,20,0,NA,NA,NA,NA,NA,NA,NA
2532823,"Juron Criner","FA","WR",27,4,NA,0,0,0,NA,174,0,20,0,NA,NA,NA,NA,NA,NA,NA
2532850,"T.J. Graham","FA","WR",27,4,NA,0,0,0,NA,174,0,20,0,NA,NA,NA,NA,NA,NA,NA
2532851,"Cyrus Gray","ATL","RB",27,4,11,0,0,0,NA,130,0,9,0,NA,NA,NA,NA,NA,NA,NA
2532862,"Junior Hemingway","FA","WR",28,4,NA,0,0,0,NA,174,0,20,0,NA,NA,NA,NA,NA,NA,NA
2532864,"Dan Herron","FA","RB",27,4,NA,0,0,0,0,130,0,8,0,NA,NA,NA,2.68601993779082,NA,NA,NA
2532876,"A.J. Jenkins","FA","WR",26,4,NA,0,0,0,NA,174,0,20,0,NA,NA,NA,NA,NA,NA,NA
2532894,"Ryan Lindley","FA","QB",27,4,NA,0,0,0,NA,66,0,12,0,NA,NA,NA,NA,NA,NA,NA
2532900,"Keshawn Martin","FA","WR",26,4,NA,0,0,0,NA,174,0,20,0,NA,NA,NA,NA,NA,NA,NA
2532917,"Kellen Moore","DAL","QB",27,4,7,0,0,0,NA,66,0,12,0,NA,NA,NA,NA,NA,NA,NA
2532960,"Nick Toon","FA","WR",28,4,NA,0,0,0,NA,174,0,20,0,NA,NA,NA,NA,NA,NA,NA
2532970,"Brandon Weeden","HOU","QB",33,4,9,0,0,0,NA,66,0,12,0,NA,NA,NA,NA,NA,NA,NA
2533012,"Vick Ballard","FA","RB",26,4,NA,0,0,0,NA,130,0,9,0,NA,NA,NA,NA,NA,NA,NA
2533028,"James Hanna","DAL","TE",27,4,7,0,0,0,NA,97,0,10,0,NA,NA,NA,NA,NA,NA,NA
2533030,"Jonas Gray","FA","RB",26,4,NA,0,0,0,NA,130,0,9,0,NA,NA,NA,NA,NA,NA,NA
2533032,"Trent Richardson","FA","RB",25,4,NA,0,0,0,0,130,0,8,0,NA,NA,NA,2.68601993779082,NA,NA,NA
2533036,"LaMichael James","FA","RB",27,4,NA,0,0,0,NA,130,0,9,0,NA,NA,NA,NA,NA,NA,NA
2533037,"Chris Polk","HOU","RB",27,4,9,0,0,0,NA,130,0,9,0,NA,NA,NA,NA,NA,NA,NA
2533038,"Justin Blackmon","JAC","WR",26,4,5,0,0,0,NA,174,0,20,0,NA,NA,NA,NA,NA,NA,NA
2533349,"Austin Davis","DEN","QB",27,4,11,0,0,0,0,66,0,12,0,NA,NA,NA,3.44663058110535,NA,NA,NA
2533437,"Ronnie Hillman","FA","RB",25,4,NA,0,0,0,0,130,0,8,0,NA,NA,NA,2.68601993779082,NA,NA,NA
2533444,"Randy Bullock","NYG","K",27,4,8,0,0,0,0,32,0,10,0,NA,NA,NA,2.80674968097381,NA,NA,NA
2533533,"Rueben Randle","FA","WR",25,4,NA,0,0,0,NA,174,0,20,0,NA,NA,NA,NA,NA,NA,NA
2533537,"Stephen Hill","FA","WR",25,4,NA,0,0,0,NA,174,0,20,0,NA,NA,NA,NA,NA,NA,NA
2533540,"Edwin Baker","FA","RB",25,4,NA,0,0,0,NA,130,0,9,0,NA,NA,NA,NA,NA,NA,NA
2533545,"Bernard Pierce","FA","RB",25,4,NA,0,0,0,NA,130,0,9,0,NA,NA,NA,NA,NA,NA,NA
2534241,"Derek Carrier","WAS","TE",26,4,9,0,0,0,NA,97,0,10,0,NA,NA,NA,NA,NA,NA,NA
2534244,"Chase Ford","FA","TE",26,4,NA,0,0,0,NA,97,0,10,0,NA,NA,NA,NA,NA,NA,NA
2534437,"Austin Johnson","NO","RB",27,3,5,0,0,0,0,130,0,8,0,NA,NA,NA,2.68601993779082,NA,NA,NA
2534789,"Daryl Richardson","PIT","RB",26,4,8,0,0,0,0,130,0,8,0,NA,NA,NA,2.68601993779082,NA,0.6,NA
2534796,"Bryce Brown","FA","RB",25,4,NA,0,0,0,NA,130,0,9,0,NA,NA,NA,NA,NA,NA,NA
2534871,"Derrick Coleman","SEA","RB",26,4,5,0,0,0,NA,130,0,9,0,NA,NA,NA,NA,NA,NA,NA
2534889,"Matt Simms","FA","QB",28,4,NA,0,0,0,NA,66,0,12,0,NA,NA,NA,NA,NA,NA,NA
2535634,"Chris Givens","FA","WR",27,4,NA,0,0,0,0,174,0,20,0,NA,NA,NA,2.87347813348464,NA,NA,NA
2535696,"Joe Banyard","JAC","RB",28,4,5,0,0,0,0,130,0,8,0,NA,NA,NA,2.68601993779082,NA,NA,NA
2535876,"Griff Whalen","FA","WR",26,4,NA,0,0,0,NA,174,0,20,0,NA,NA,NA,NA,NA,NA,NA
2535882,"Mike Brown","FA","WR",27,4,NA,0,0,0,NA,174,0,20,0,NA,NA,NA,NA,NA,NA,NA
2535988,"Brittan Golden","FA","WR",28,4,NA,0,0,0,0,174,0,20,0,NA,NA,NA,2.87347813348464,NA,NA,NA
2536031,"Damaris Johnson","FA","WR",27,4,NA,0,0,0,NA,174,0,20,0,NA,NA,NA,NA,NA,NA,NA
2536071,"Cooper Helfet","FA","TE",27,5,NA,0,0,0,NA,97,0,10,0,NA,NA,NA,NA,NA,NA,NA
2536532,"Jorvorskie Lane","FA","RB",29,4,NA,0,0,0,NA,130,0,9,0,NA,NA,NA,NA,NA,NA,NA
2537931,"Josh Gordon","CLE","WR",25,4,13,0,0,0,NA,174,0,20,0,NA,NA,NA,NA,NA,NA,NA
2539202,"Chris Gragg","BUF","TE",26,3,10,0,0,0,NA,97,0,10,0,NA,NA,NA,NA,NA,NA,NA
2539203,"Cobi Hamilton","FA","WR",26,3,NA,0,0,0,NA,174,0,20,0,NA,NA,NA,NA,NA,NA,NA
2539214,"Kenbrell Thompkins","FA","WR",28,3,NA,0,0,0,NA,174,0,20,0,NA,NA,NA,NA,NA,NA,NA
2539235,"Tavarres King","NYG","WR",26,3,8,0,0,0,NA,174,0,20,0,NA,NA,NA,NA,NA,NA,NA
2539246,"Chris Harper","FA","WR",27,3,NA,0,0,0,NA,174,0,20,0,NA,NA,NA,NA,NA,NA,NA
2539256,"Aaron Dobson","FA","WR",25,3,NA,0,0,0,0,174,0,20,0,NA,NA,NA,2.87347813348464,NA,NA,NA
2539308,"Matt Barkley","FA","QB",26,3,NA,0,0,0,NA,66,0,12,0,NA,NA,NA,NA,NA,NA,NA
2539315,"Stepfan Taylor","ARI","RB",25,3,9,0,0,0,NA,130,0,9,0,NA,NA,NA,NA,NA,NA,NA
2539327,"Joseph Fauria","FA","TE",26,3,NA,0,0,0,NA,97,0,10,0,NA,NA,NA,NA,NA,NA,NA
2539341,"Montee Ball","FA","RB",26,3,NA,0,0,0,NA,130,0,9,0,NA,NA,NA,NA,NA,NA,NA
2539674,"Rodney Smith","FA","WR",26,3,NA,0,0,0,NA,174,0,20,0,NA,NA,NA,NA,NA,NA,NA
2539980,"Kerwynn Williams","FA","RB",25,3,NA,0,0,0,NA,130,0,9,0,NA,NA,NA,NA,NA,NA,NA
2540005,"Marlon Brown","FA","WR",25,3,NA,0,0,0,0,174,0,20,0,NA,NA,NA,2.87347813348464,NA,NA,NA
2540148,"Tyler Eifert","CIN","TE",26,3,9,0,0,0,NA,97,0,10,0,NA,NA,NA,NA,NA,NA,NA
2540154,"Keenan Allen","SD","WR",24,3,11,0,0,0,NA,174,0,20,0,NA,NA,NA,NA,NA,NA,NA
2540157,"Stedman Bailey","LA","WR",26,3,8,0,0,0,NA,174,0,20,0,NA,NA,NA,NA,NA,NA,NA
2540171,"Joseph Randle","FA","RB",25,3,NA,0,0,0,NA,130,0,9,0,NA,NA,NA,NA,NA,NA,NA
2540173,"Tyler Bray","KC","QB",25,3,5,0,0,0,NA,66,0,12,0,NA,NA,NA,NA,NA,NA,NA
2540175,"LeVeon Bell","PIT","RB",24,3,8,0,0,0,NA,130,0,9,0,NA,NA,NA,NA,NA,NA,NA
2540181,"Josh Boyce","FA","WR",25,3,NA,0,0,0,NA,174,0,20,0,NA,NA,NA,NA,NA,NA,NA
2540224,"Mike James","FA","RB",25,3,NA,0,0,0,NA,130,0,9,0,NA,NA,NA,NA,NA,NA,NA
2540225,"Tommy Bohanon","FA","RB",26,3,NA,0,0,0,0,130,0,8,0,NA,NA,NA,2.68601993779082,NA,NA,NA
2540233,"Nick Kasa","FA","TE",26,3,NA,0,0,0,NA,97,0,10,0,NA,NA,NA,NA,NA,NA,NA
2540257,"Justice Cunningham","FA","TE",25,3,NA,0,0,0,NA,97,0,10,0,NA,NA,NA,NA,NA,NA,NA
2540261,"Corey Fuller","DET","WR",26,3,10,0,0,0,NA,174,0,20,0,NA,NA,NA,NA,NA,NA,NA
2540263,"Sean Renfree","FA","QB",26,3,NA,0,0,0,NA,66,0,12,0,NA,NA,NA,NA,NA,NA,NA
2540279,"Nick Williams","FA","WR",26,3,NA,0,0,0,NA,174,0,20,0,NA,NA,NA,NA,NA,NA,NA
2541096,"Ifeanyi Momah","FA","TE",27,3,NA,0,0,0,NA,97,0,10,0,NA,NA,NA,NA,NA,NA,NA
2541185,"Ryan Griffin","TB","QB",27,3,6,0,0,0,NA,66,0,12,0,NA,NA,NA,NA,NA,NA,NA
2541314,"Justin Brown","FA","WR",25,3,NA,0,0,0,NA,174,0,20,0,NA,NA,NA,NA,NA,NA,NA
2541390,"Kevin Dorsey","NE","WR",26,3,9,0,0,0,NA,174,0,20,0,NA,NA,NA,NA,NA,NA,NA
2541429,"B.J. Daniels","FA","QB",27,3,NA,0,0,0,NA,66,0,12,0,NA,NA,NA,NA,NA,NA,NA
2541432,"Michael Cox","FA","RB",27,3,NA,0,0,0,NA,130,0,9,0,NA,NA,NA,NA,NA,NA,NA
2541512,"Brian Leonhardt","OAK","TE",26,3,10,0,0,0,NA,97,0,10,0,NA,NA,NA,NA,NA,NA,NA
2541778,"Kendall Gaskins","FA","RB",26,3,NA,0,0,0,NA,130,0,9,0,NA,NA,NA,NA,NA,NA,NA
2541910,"George Winn","FA","RB",26,3,NA,0,0,0,NA,130,0,9,0,NA,NA,NA,NA,NA,NA,NA
2542022,"Khiry Robinson","FA","RB",27,3,NA,0,0,0,0,130,0,8,0,NA,NA,NA,2.68601993779082,NA,NA,NA
2542060,"Jordan Gay","FA","K",NA,NA,NA,0,0,0,NA,32,0,10,0,NA,NA,NA,NA,NA,NA,NA
2543462,"Johnny Manziel","FA","QB",24,2,NA,0,0,0,NA,66,0,12,0,NA,NA,NA,NA,NA,NA,NA
2543502,"Tre Mason","LA","RB",23,2,8,0,0,0,NA,130,0,9,0,NA,NA,NA,NA,NA,NA,NA
2543570,"Storm Johnson","FA","RB",24,2,NA,0,0,0,NA,130,0,9,0,NA,NA,NA,NA,NA,NA,NA
2543572,"Martavis Bryant","PIT","WR",25,2,8,0,0,0,NA,174,0,20,0,NA,NA,NA,NA,NA,NA,NA
2543587,"Aaron Murray","FA","QB",26,2,NA,0,0,0,0,66,0,12,0,NA,NA,NA,3.44663058110535,NA,NA,NA
2543596,"Dri Archer","BUF","RB",25,2,10,0,0,0,0,130,0,8,0,NA,NA,NA,2.68601993779082,NA,NA,NA
2543605,"Zach Mettenberger","PIT","QB",25,2,8,0,0,0,0,66,0,12,0,NA,NA,NA,3.44663058110535,NA,NA,NA
2543619,"Walt Powell","BUF","WR",25,2,10,0,0,0,NA,174,0,20,0,NA,NA,NA,NA,NA,NA,NA
2543655,"Tyler Gaffney","FA","RB",25,2,NA,0,0,0,NA,130,0,9,0,NA,NA,NA,NA,NA,NA,NA
2543682,"Bishop Sankey","FA","RB",24,2,NA,0,0,0,NA,130,0,9,0,NA,NA,NA,NA,NA,NA,NA
2543690,"Marion Grice","FA","RB",24,2,NA,0,0,0,NA,130,0,9,0,NA,NA,NA,NA,NA,NA,NA
2543751,"David Fales","FA","QB",26,2,NA,0,0,0,0,66,0,12,0,NA,NA,NA,3.44663058110535,NA,NA,NA
2543767,"Logan Thomas","FA","QB",25,2,NA,0,0,0,NA,66,0,12,0,NA,NA,NA,NA,NA,NA,NA
2543777,"Robert Herron","FA","WR",24,2,NA,0,0,0,NA,174,0,20,0,NA,NA,NA,NA,NA,NA,NA
2543781,"Zach Hocker","FA","K",25,2,NA,0,0,0,NA,32,0,10,0,NA,NA,NA,NA,NA,NA,NA
2543784,"Keith Wenning","FA","QB",25,2,NA,0,0,0,NA,66,0,12,0,NA,NA,NA,NA,NA,NA,NA
2543792,"Matt Hazel","FA","WR",24,2,NA,0,0,0,NA,174,0,20,0,NA,NA,NA,NA,NA,NA,NA
2543836,"T.J. Jones","FA","WR",24,2,NA,0,0,0,0,174,0,20,0,NA,NA,NA,2.87347813348464,NA,NA,NA
2550158,"Nate Freese","FA","K",26,2,NA,0,0,0,NA,32,0,10,0,NA,NA,NA,NA,NA,NA,NA
2550163,"Michael Campanaro","BAL","WR",25,2,8,0,0,0,NA,174,0,20,0,NA,NA,NA,NA,NA,NA,NA
2550183,"Jeremy Butler","FA","WR",25,2,NA,0,0,0,0,174,0,20,0,NA,NA,NA,2.87347813348464,NA,NA,NA
2550216,"Jonathan Krause","FA","WR",NA,NA,NA,0,0,0,0,174,0,20,0,NA,NA,NA,2.87347813348464,NA,NA,NA
2550223,"Freddie Martino","ATL","WR",25,2,11,0,0,0,NA,174,0,20,0,NA,NA,NA,NA,NA,NA,NA
2550233,"Rajion Neal","CLE","RB",24,2,13,0,0,0,NA,130,0,9,0,NA,NA,NA,NA,NA,NA,NA
2550247,"Bryn Renner","FA","QB",26,2,NA,0,0,0,NA,66,0,12,0,NA,NA,NA,NA,NA,NA,NA
2550252,"Connor Shaw","CLE","QB",25,2,13,0,0,0,NA,66,0,12,0,NA,NA,NA,NA,NA,NA,NA
2550263,"Juwan Thompson","FA","RB",24,2,NA,0,0,0,NA,130,0,9,0,NA,NA,NA,NA,NA,NA,NA
2550310,"Carey Spear","FA","K",24,2,NA,0,0,0,NA,32,0,10,0,NA,NA,NA,NA,NA,NA,NA
2550330,"Kain Colter","FA","WR",24,2,NA,0,0,0,NA,174,0,20,0,NA,NA,NA,NA,NA,NA,NA
2550355,"Nic Jacobs","FA","TE",25,2,NA,0,0,0,0,97,0,10,0,NA,NA,NA,2.86678111174526,NA,NA,NA
2550356,"Marcel Jensen","WAS","TE",26,2,9,0,0,0,0,97,0,10,0,NA,NA,NA,2.86678111174526,NA,NA,NA
2550359,"Seantavius Jones","FA","WR",24,2,NA,0,0,0,NA,174,0,20,0,NA,NA,NA,NA,NA,NA,NA
2550376,"Stephen Morris","FA","QB",24,2,NA,0,0,0,NA,66,0,12,0,NA,NA,NA,NA,NA,NA,NA
2550380,"Cody Parkey","FA","K",24,2,NA,0,0,0,0,32,0,10,0,NA,NA,NA,2.80674968097381,NA,NA,NA
2550413,"Corey Washington","FA","WR",25,2,NA,0,0,0,NA,174,0,20,0,NA,NA,NA,NA,NA,NA,NA
2550454,"Asante Cleveland","FA","TE",24,2,NA,0,0,0,0,97,0,10,0,NA,NA,NA,2.86678111174526,NA,NA,NA
2550485,"Gator Hoskins","FA","TE",25,2,NA,0,0,0,NA,97,0,10,0,NA,NA,NA,NA,NA,NA,NA
2550529,"Silas Redd","WAS","RB",24,2,9,0,0,0,NA,130,0,9,0,NA,NA,NA,NA,NA,NA,NA
2550551,"Travis Coons","FA","K",24,2,NA,0,0,0,NA,32,0,10,0,NA,NA,NA,NA,NA,NA,NA
2550596,"Darrin Reaves","FA","RB",23,2,NA,0,0,0,NA,130,0,9,0,NA,NA,NA,NA,NA,NA,NA
2550608,"RaShaun Allen","SEA","TE",26,2,5,0,0,0,0,97,0,10,0,NA,NA,NA,2.86678111174526,NA,NA,NA
2550658,"Branden Oliver","SD","RB",25,2,11,0,0,0,NA,130,0,9,0,NA,NA,NA,NA,NA,NA,NA
2551247,"Josh Harris","PIT","RB",25,2,8,0,0,0,NA,130,0,9,0,NA,NA,NA,NA,NA,NA,NA
2551359,"Jerome Cunningham","FA","TE",25,2,NA,0,0,0,0,97,0,10,0,NA,NA,NA,2.86678111174526,NA,NA,NA
2552369,"Bryce Petty","NYJ","QB",25,1,11,0,0,0,NA,66,0,12,0,NA,NA,NA,NA,NA,NA,NA
2552371,"Garrett Grayson","FA","QB",25,1,NA,0,0,0,0,66,0,12,0,NA,NA,NA,3.44663058110535,NA,NA,NA
2552376,"David Cobb","FA","RB",23,1,NA,0,0,0,0,130,0,8,0,NA,NA,NA,2.68601993779082,NA,NA,NA
2552383,"Terrence Magee","BAL","RB",23,1,8,0,0,0,NA,130,0,9,0,NA,NA,NA,NA,NA,NA,NA
2552402,"Nick Boyle","BAL","TE",23,1,8,0,0,0,NA,97,0,10,0,NA,NA,NA,NA,NA,NA,NA
2552411,"Dezmin Lewis","FA","WR",24,1,NA,0,0,0,NA,174,0,20,0,NA,NA,NA,NA,NA,NA,NA
2552421,"Kenny Bell","FA","WR",24,1,NA,0,0,0,0,174,0,20,0,NA,NA,NA,2.87347813348464,NA,NA,NA
2552431,"Vince Mayle","FA","WR",NA,NA,NA,0,0,0,NA,174,0,20,0,NA,NA,NA,NA,NA,NA,NA
2552462,"Gerald Christian","FA","TE",25,1,NA,0,0,0,NA,97,0,10,0,NA,NA,NA,NA,NA,NA,NA
2552476,"Kenny Hilliard","FA","RB",25,1,NA,0,0,0,NA,130,0,9,0,NA,NA,NA,NA,NA,NA,NA
2552479,"DaRon Brown","KC","WR",25,1,5,0,0,0,NA,174,0,20,0,NA,NA,NA,NA,NA,NA,NA
2552576,"Sean Mannion","LA","QB",24,1,8,0,0,0,0,66,0,12,0,NA,NA,NA,3.44663058110535,NA,NA,NA
2552580,"A.J. Derby","NE","TE",25,1,9,0,0,0,NA,97,0,10,0,NA,NA,NA,NA,NA,NA,NA
2552616,"Duron Carter","FA","WR",25,1,NA,0,0,0,NA,174,0,20,0,NA,NA,NA,NA,NA,NA,NA
2552634,"Joey Iosefa","FA","RB",NA,NA,NA,0,0,0,0,130,0,8,0,NA,NA,NA,2.68601993779082,NA,NA,NA
2552650,"Mario Alford","FA","WR",NA,NA,NA,0,0,0,NA,174,0,20,0,NA,NA,NA,NA,NA,NA,NA
2552651,"Kaelin Clay","BAL","WR",24,1,8,0,0,0,NA,174,0,20,0,NA,NA,NA,NA,NA,NA,NA
2552654,"Geremy Davis","FA","WR",24,1,NA,0,0,0,0,174,0,20,0,NA,NA,NA,2.87347813348464,NA,NA,NA
2553117,"Jarryd Hayne","FA","RB",28,1,NA,0,0,0,NA,130,0,9,0,NA,NA,NA,NA,NA,NA,NA
2553289,"Evan Spencer","TB","WR",NA,NA,6,0,0,0,NA,174,0,20,0,NA,NA,NA,NA,NA,NA,NA
2553292,"Kennard Backman","GB","TE",23,1,4,0,0,0,NA,97,0,10,0,NA,NA,NA,NA,NA,NA,NA
2553453,"Andre Debose","FA","WR",NA,NA,NA,0,0,0,NA,174,0,20,0,NA,NA,NA,NA,NA,NA,NA
2553462,"Josh Robinson","FA","RB",24,1,NA,0,0,0,NA,130,0,9,0,NA,NA,NA,NA,NA,NA,NA
2553465,"Rory Anderson","SF","TE",24,1,8,0,0,0,NA,97,0,10,0,NA,NA,NA,NA,NA,NA,NA
2553497,"Kyle Brindza","FA","K",23,1,NA,0,0,0,NA,32,NA,10,0,NA,NA,NA,NA,NA,NA,NA
2553502,"DeAndre Carter","FA","WR",23,1,NA,0,0,0,NA,174,0,20,0,NA,NA,NA,NA,NA,NA,NA
2553511,"John Crockett","GB","RB",24,1,4,0,0,0,NA,130,0,9,0,NA,NA,NA,NA,NA,NA,NA
2553533,"Alonzo Harris","FA","RB",NA,NA,NA,0,0,0,NA,130,0,9,0,NA,NA,NA,NA,NA,NA,NA
2553548,"Jake Kumerow","FA","WR",NA,NA,NA,0,0,0,NA,174,0,20,0,NA,NA,NA,NA,NA,NA,NA
2553652,"Chris Harper","FA","WR",NA,NA,NA,0,0,0,NA,174,0,20,0,NA,NA,NA,NA,NA,NA,NA
2553653,"Josh Harper","OAK","WR",25,1,10,0,0,0,NA,174,0,20,0,NA,NA,NA,NA,NA,NA,NA
2553660,"Akeem Hunt","FA","RB",23,1,NA,0,0,0,0,130,0,8,0,NA,NA,NA,2.68601993779082,NA,NA,NA
2553662,"Gus Johnson","FA","RB",23,1,NA,0,0,0,0,130,0,8,0,NA,NA,NA,2.68601993779082,NA,NA,NA
2553703,"Devante Davis","FA","WR",24,1,NA,0,0,0,NA,174,0,20,0,NA,NA,NA,NA,NA,NA,NA
2553773,"Mitchell Henry","FA","TE",NA,NA,NA,0,0,0,NA,97,0,10,0,NA,NA,NA,NA,NA,NA,NA
2553791,"E.J. Bibbs","FA","TE",25,1,NA,0,0,0,NA,97,0,10,0,NA,NA,NA,NA,NA,NA,NA
2553797,"Michael Dyer","FA","RB",26,1,NA,0,0,0,NA,130,0,9,0,NA,NA,NA,NA,NA,NA,NA
2553867,"Mack Brown","FA","RB",NA,NA,NA,0,0,0,NA,130,0,9,0,NA,NA,NA,NA,NA,NA,NA
2553876,"Donteea Dye","TB","WR",NA,NA,6,0,0,0,NA,174,0,20,0,NA,NA,NA,NA,NA,NA,NA
2553879,"Jahwan Edwards","SD","RB",24,1,11,0,0,0,NA,130,0,9,0,NA,NA,NA,NA,NA,NA,NA
2553896,"Darius Jennings","FA","WR",NA,NA,NA,0,0,0,NA,174,0,20,0,NA,NA,NA,NA,NA,NA,NA
2553900,"Daniel Brown","FA","WR",NA,NA,NA,0,0,0,NA,174,0,20,0,NA,NA,NA,NA,NA,NA,NA
2555229,"Kenneth Dixon","BAL","RB",22,0,8,0,0,0,NA,130,0,9,0,NA,NA,NA,NA,NA,NA,NA
2555262,"Jeff Driskel","CIN","QB",23,0,9,0,0,0,0,66,0,12,0,NA,NA,NA,3.44663058110535,NA,NA,NA
2555263,"Kevin Hogan","FA","QB",24,0,NA,0,0,0,0,66,0,12,0,NA,NA,NA,3.44663058110535,NA,NA,NA
2555332,"Connor Cook","OAK","QB",23,0,10,0,0,0,0,66,0,12,0,NA,NA,NA,3.44663058110535,NA,NA,NA
2555350,"Kolby Listenbee","BUF","WR",22,0,10,0,0,0,NA,174,0,20,0,NA,NA,NA,NA,NA,NA,NA
2555416,"Christian Hackenberg","NYJ","QB",21,0,11,0,0,0,0,66,0.552,12,0,NA,NA,NA,3.44663058110535,NA,NA,NA
2555426,"Cardale Jones","BUF","QB",24,0,10,0,0,0,0,66,1.104,12,0,NA,NA,NA,3.44663058110535,NA,NA,NA
2555459,"Keith Marshall","WAS","RB",22,0,9,0,0,0,NA,130,0,9,0,NA,NA,NA,NA,NA,NA,NA
2555462,"Kelvin Taylor","FA","RB",23,0,NA,0,0,0,NA,130,0,9,0,NA,NA,NA,NA,NA,NA,NA
2555471,"Kenny Lawler","FA","WR",22,0,NA,0,0,0,0,174,0,20,0,NA,NA,NA,2.87347813348464,NA,NA,NA
2555483,"Thomas Duarte","FA","TE",21,0,NA,0,0,0,0,97,0,10,0,NA,NA,NA,2.86678111174526,NA,NA,NA
2555487,"Beau Sandland","FA","TE",23,0,NA,0,0,0,NA,97,0,10,0,NA,NA,NA,NA,NA,NA,NA
2555573,"Anthony Dable","FA","WR",NA,2016,NA,0,0,0,NA,174,0,20,0,NA,NA,NA,NA,NA,NA,NA
2556144,"Daniel Braverman","FA","WR",23,0,NA,0,0,0,0,174,0,20,0,NA,NA,NA,2.87347813348464,NA,NA,NA
2556261,"Moritz Boehringer","FA","WR",NA,0,NA,0,0,0,0,174,0,20,0,NA,NA,NA,2.87347813348464,NA,NA,NA
2556375,"Rico Gathers","FA","TE",22,0,NA,0,0,0,0,97,0,10,0,NA,NA,NA,2.86678111174526,NA,NA,NA
2556379,"Zac Brooks","FA","RB",23,0,NA,0,0,0,NA,130,0,9,0,NA,NA,NA,NA,NA,NA,NA
2556454,"Brandon Wilds","FA","RB",23,0,NA,0,0,0,NA,130,0,9,0,NA,NA,NA,NA,NA,NA,NA
2556460,"Geronimo Allison","FA","WR",22,0,NA,0,0,0,0,174,0,20,0,NA,NA,NA,2.87347813348464,NA,NA,NA
2556473,"Jace Billingsley","FA","WR",23,0,NA,0,0,0,0,174,0,20,0,NA,NA,NA,2.87347813348464,NA,NA,NA
2556478,"Ben Braunecker","FA","TE",22,0,NA,0,0,0,0,97,0,10,0,NA,NA,NA,2.86678111174526,NA,NA,NA
2556490,"Devon Cajuste","FA","WR",23,0,NA,0,0,0,0,174,0,20,0,NA,NA,NA,2.87347813348464,NA,NA,NA
2556507,"Marshaun Coprich","FA","RB",22,0,NA,0,0,0,0,130,0,8,0,NA,NA,NA,2.68601993779082,NA,NA,NA
2556528,"D.J. Foster","NE","WR",NA,0,9,0,0,0,NA,174,0,20,0,NA,NA,NA,NA,NA,0.9,NA
2556541,"Aaron Green","FA","RB",24,0,NA,0,0,0,0,130,0,8,0,NA,NA,NA,2.68601993779082,NA,NA,NA
2556569,"Andy Jones","FA","WR",NA,0,NA,0,0,0,0,174,0,20,0,NA,NA,NA,2.87347813348464,NA,NA,NA
2556603,"Tre Madden","SEA","RB",23,0,5,0,0,0,NA,130,0.4025,9,0,NA,NA,NA,NA,NA,NA,NA
2556708,"Cole Wick","DET","TE",23,0,10,0,0,0,NA,97,NA,10,0,NA,NA,NA,NA,NA,NA,NA
2556785,"Paul Turner","PHI","WR",23,0,4,0,0,0,NA,174,0,20,0,NA,NA,NA,NA,NA,NA,NA
2556851,"Keyarris Garrett","FA","WR",24,0,NA,0,0,0,0,174,NA,20,0,NA,NA,NA,2.87347813348464,NA,NA,NA
2556854,"Devon Johnson","CAR","RB",23,0,7,0,0,0,NA,130,0.805,9,0,NA,NA,NA,NA,NA,NA,NA
2540178,"Knile Davis","KC","RB",25,3,5,-0.805,-1.681,0.0709999999999998,1.54856385079854,225,NA,9,1.752,NA,94.5,10.9,6.8646498633332,NA,NA,NA
2495748,"Drew Stanton","ARI","QB",32,9,9,-1.104,-2.0448,-0.1632,1.66311514935076,106,NA,12,1.8816,NA,NA,NA,6.07351950231866,NA,0.44,NA
