"playerId","player","team","position","age","exp","bye","points","lower","upper","sdPts","positionRank","dropoff","tier","ptSpread","overallECR","positionECR","sdRank","risk","sleeper","actualPoints","salary"
2553435,"David Johnson","ARI","RB",25,1,9,20.69,18.16,19.816,1.1186152153444,1,2.12166666666667,1,1.656,NA,1.3,0.6,2.60737441220401,NA,22.8,NA
2495240,"Tyrod Taylor","BUF","QB",27,5,10,20.34,17.744,20.704,1.88541772559823,1,1.59666666666667,1,2.96,NA,NA,NA,6.72294896038262,NA,15.86,NA
2540175,"LeVeon Bell","PIT","RB",24,3,8,19.5666666666667,19.2,19.68,0.321455025366431,2,2.47833333333334,1,0.48,NA,2.1,1,2.01487738528144,NA,13.1,NA
310,"Matt Ryan","ATL","QB",31,8,11,19.2466666666667,16.796,21.852,3.20433040327201,2,1.025,1,5.056,NA,1.6,0.8,4.93934513057193,NA,19.34,NA
2506340,"Alex Smith","KC","QB",32,11,5,18.24,16.62,20.076,2.31447618263831,3,0.208333333333332,1,3.456,NA,20.4,2.8,6.38289076182943,NA,10.62,NA
2532975,"Russell Wilson","SEA","QB",28,4,5,18.2033333333333,17.344,19.808,1.54312453591191,4,0.451666666666668,1,2.464,NA,5.9,3.8,6.81674782763511,NA,19.36,NA
2506363,"Aaron Rodgers","GB","QB",33,11,4,17.86,16.432,20.928,2.81133420282968,5,0.293333333333333,1,4.496,NA,NA,NA,8.35631843528723,NA,11.98,NA
2532820,"Kirk Cousins","WAS","QB",28,4,9,17.6433333333333,15.536,19.896,2.72756912530798,6,0.361666666666668,1,4.36,NA,2.8,1.8,5.63303930251493,NA,7.7,NA
79607,"LeSean McCoy","BUF","RB",28,7,10,17.57,15.868,19.46,2.39701898198575,3,1.41833333333333,1,3.592,NA,3.2,1.2,4.27087139039938,NA,28.9,NA
2506121,"Philip Rivers","SD","QB",35,12,11,17.49,15.144,21.424,4.27975466586579,7,0.568333333333332,1,6.28,NA,10.7,4,9.45337588624972,NA,13.24,NA
2495186,"Colin Kaepernick","SF","QB",29,5,8,17.0733333333333,15.016,19.24,2.84572193535021,8,0.419999999999998,1,4.224,NA,NA,NA,8.4169803567363,NA,17.42,NA
382,"Joe Flacco","BAL","QB",31,8,8,16.77,15.548,18.42,2.0200742560609,9,0.251666666666672,2,2.872,NA,16.7,4,7.46027332507096,NA,10.14,NA
2555224,"Ezekiel Elliott","DAL","RB",21,0,7,16.6066666666667,15.456,17.76,1.50536817202083,4,1.28833333333334,2,2.304,NA,3.8,0.8,3.1212486579261,NA,24.8,NA
2543499,"Derek Carr","OAK","QB",25,2,10,16.5366666666667,13.758,19.47,3.60929817739313,10,0.263333333333332,2,5.712,NA,NA,NA,9.76397239779435,NA,10.02,NA
2504775,"Drew Brees","NO","QB",37,15,5,16.5,13.896,19.448,3.47211750953219,11,0.471666666666668,2,5.552,NA,NA,NA,9.52197787567389,NA,28.36,NA
2555260,"Dak Prescott","DAL","QB",23,0,7,16.0466666666667,14.28,17.432,2.13600873905828,12,0.333333333333336,2,3.152,NA,14.5,3.7,7.22826748070062,NA,19.16,NA
497095,"Sam Bradford","MIN","QB",29,6,6,16.01,13.984,18.76,3.15789486842105,13,0.613333333333332,2,4.776,NA,NA,NA,8.96767121526165,NA,5.64,NA
2555418,"Jordan Howard","CHI","RB",22,0,9,15.6966666666667,12.392,16.72,2.710725610115,5,0.776666666666667,2,4.328,NA,11.2,3.1,5.68615490611111,NA,17.3,NA
2495455,"Cam Newton","CAR","QB",27,5,7,15.4166666666667,13.598,16.814,2.20731360103936,14,0.236666666666666,2,3.216,NA,NA,NA,7.2907916437911,NA,20,NA
2506109,"Ben Roethlisberger","PIT","QB",34,12,8,15.3766666666667,14.234,16.65,1.51744302474041,15,0.565,2,2.416,NA,NA,NA,6.07382060086205,NA,14.94,NA
2505245,"Carson Palmer","ARI","QB",37,13,9,14.9833333333333,12.824,17.248,2.96517003447245,16,0.498333333333333,2,4.424,NA,NA,NA,8.6276936162357,NA,20.72,NA
2543583,"Devonta Freeman","ATL","RB",24,2,11,14.94,12.976,16.64,2.30885252885497,6,0.536666666666667,2,3.664,NA,6.3,1.8,4.52466119440684,NA,30.5,NA
2495207,"DeMarco Murray","TEN","RB",28,5,13,14.9,9.38,17.94,5.46717477313466,7,1.04166666666667,2,8.56,NA,6.1,2.1,7.95504822699549,NA,14.1,NA
2505996,"Eli Manning","NYG","QB",35,12,8,14.64,14.208,15.648,0.97734333782965,17,0.446666666666669,3,1.44,NA,19.1,3.2,5.64918594743889,NA,16.04,NA
2552033,"Jameis Winston","TB","QB",22,1,6,14.33,13.84,14.584,0.47148700936505,18,0.299999999999997,3,0.744,NA,13.2,3.4,5.42584848313279,NA,6.48,NA
2508061,"Antonio Brown","PIT","WR",28,6,8,14.1266666666667,12.964,15.3,1.46018263697845,1,0.488333333333332,1,2.336,NA,1.6,1.3,2.80520261704523,NA,5.8,NA
2553457,"Trevor Siemian","DEN","QB",NA,NA,11,14.0566666666667,11.788,16.148,2.99800489214633,19,0.305,3,4.36,NA,NA,NA,8.68561617788805,NA,8.68,NA
2504211,"Tom Brady","NE","QB",39,16,9,14.0033333333333,11.63,17.086,3.4751450809043,20,0.558333333333334,3,5.456,NA,8.8,3.4,8.07516055811203,NA,7.42,NA
2553733,"Thomas Rawls","SEA","RB",23,1,5,13.9066666666667,8.804,16.084,4.58869625638191,8,0.213333333333333,3,7.28,NA,9.2,2.7,7.39357909310445,NA,3.9,NA
2541161,"Latavius Murray","OAK","RB",26,3,10,13.81,13.3,14.124,0.515072810387038,9,0.301666666666668,3,0.824,NA,8.6,3.2,3.47865100434889,NA,6.2,NA
2543496,"Odell Beckham","NYG","WR",24,2,8,13.7166666666667,12.36,15.28,1.87905117900853,2,0.543333333333337,1,2.92,NA,2,0.8,2.96342030974789,NA,12.4,NA
2552453,"Tevin Coleman","ATL","RB",23,1,11,13.5766666666667,11.406,13.406,1.25643676057863,10,0.283333333333331,3,2,NA,17.5,3.7,4.53069949522367,NA,6.6,NA
2543468,"Mike Evans","TB","WR",23,2,6,13.56,8.876,15.196,3.96368515399495,3,0.985000000000001,1,6.32,NA,2.9,1.2,4.68760275917117,NA,5.9,NA
2495143,"Andy Dalton","CIN","QB",29,5,9,13.5,11.876,15.188,2.09083715291268,21,0.263333333333332,3,3.312,NA,20,3.1,6.51989812455466,NA,9.38,NA
2543743,"Carlos Hyde","SF","RB",25,2,8,13.44,11.756,14.78,1.89388489618561,11,0.324999999999999,3,3.024,NA,9.3,3.1,4.84352991843427,NA,4.7,NA
79860,"Matthew Stafford","DET","QB",28,7,10,13.39,12.154,15.114,1.95225510628094,22,0.350000000000001,3,2.96,NA,19.9,3.1,6.3976648074552,NA,9.22,NA
2543603,"Jeremy Hill","CIN","RB",24,2,9,13.1466666666667,11.192,14.68,2.36316172390578,12,0.0883333333333347,3,3.488,NA,15,3.8,5.72981572691767,NA,11.1,NA
2533031,"Andrew Luck","IND","QB",27,4,10,13.0833333333333,10.994,15.042,2.53444931559764,23,0.551666666666668,3,4.048,NA,10.6,3.2,7.02259782411401,NA,18.8,NA
2533034,"Lamar Miller","HOU","RB",25,4,9,13.0833333333333,11.58,14.1,1.69287723516306,13,0.0633333333333344,3,2.52,NA,NA,NA,6.10132117143932,NA,14.9,NA
2552582,"Jay Ajayi","MIA","RB",23,1,8,13.0333333333333,10.76,14.84,2.74286954362276,14,0.0450000000000017,3,4.08,NA,11.8,3.3,5.83422659243307,NA,5.1,NA
2495328,"Bilal Powell","NYJ","RB",28,5,11,13.0066666666667,10.216,15.56,3.34097790075501,15,0.568333333333333,3,5.344,NA,17.8,6.4,8.23236783310683,NA,16.2,NA
2552466,"Marcus Mariota","TEN","QB",23,1,13,12.9966666666667,11.942,13.846,1.19005602109032,24,1.43833333333333,4,1.904,NA,15.4,4.5,7.28527917954005,NA,3.44,NA
2540204,"Spencer Ware","KC","RB",25,3,5,12.97,8.722,13.602,3.1802043959469,16,1.07833333333333,3,4.88,NA,13.9,3.5,6.40027939447588,NA,9.4,NA
2532865,"T.Y. Hilton","IND","WR",27,4,10,12.7866666666667,10.268,14.86,3.02762833474212,4,0.479999999999999,1,4.592,NA,NA,NA,7.1229783226638,NA,4.5,NA
100003,"Bills","BUF","DST",NA,NA,10,12.4,11.76,13.04,1.13137084989848,1,0.65,1,1.28,NA,2.8,2.5,4.65049951279889,NA,9,NA
2530747,"Doug Baldwin","SEA","WR",28,5,5,12.3633333333333,10.592,14.36,2.40500173250111,5,0.421666666666667,1,3.768,NA,10.7,4.3,4.50080959267958,NA,9.5,NA
2506106,"Larry Fitzgerald","ARI","WR",33,12,9,12.25,11.76,12.92,0.823103881657716,6,0.676666666666666,2,1.16,NA,NA,NA,3.75066802508595,NA,2.7,NA
2533033,"Robert Griffin","CLE","QB",26,4,13,12.0666666666667,9.588,18.812,6.29407922839658,25,1.35333333333333,4,9.224,NA,28.8,2.5,9.55875077077661,NA,18.64,NA
497149,"LeGarrette Blount","NE","RB",30,6,9,11.9066666666667,7.924,12.644,2.95163231675853,17,0.265000000000001,3,4.72,NA,12.3,3.8,6.33686189588912,NA,9.1,NA
2532899,"Doug Martin","TB","RB",27,4,6,11.8766666666667,8.346,12.746,2.76633933806634,18,1.06,3,4.4,NA,20,3.8,6.14571998630427,NA,4.2,NA
100020,"Vikings","MIN","DST",NA,NA,6,11.8,11.32,12.28,0.848528137423858,2,0.325000000000001,1,0.959999999999999,NA,6.1,2.6,4.1081789492133,NA,0,NA
100021,"Patriots","NE","DST",NA,NA,9,11.7,11.3,12.1,0.707106781186548,3,0.475,1,0.800000000000001,NA,10.8,2.8,4.01298081993581,NA,17,NA
497322,"Emmanuel Sanders","DEN","WR",29,6,11,11.6333333333333,9.5,13.18,2.62741951985847,7,0.154999999999998,2,3.68,NA,11.1,4,4.57363316753654,NA,4.8,NA
1032,"Jordy Nelson","GB","WR",31,8,4,11.5133333333333,7.188,12.228,3.18284987602829,8,0.185,3,5.04,NA,5,2.5,4.51198450949202,NA,12.4,NA
71269,"Michael Crabtree","OAK","WR",29,7,10,11.4433333333333,6.366,13.486,4.46437378960738,9,0.243333333333336,3,7.12,NA,NA,NA,9.32079993705384,NA,12,NA
2556414,"Rob Kelley","WAS","RB",24,0,9,11.4066666666667,7.284,11.924,3.02987348470746,19,1.18166666666666,3,4.64,NA,NA,NA,8.85972052417709,NA,11.5,NA
2540148,"Tyler Eifert","CIN","TE",26,3,9,11.2833333333333,9.66,13.06,2.15077505409871,1,0.603333333333335,1,3.4,NA,2.4,1.2,4.88131394766552,NA,0.9,NA
100019,"Dolphins","MIA","DST",NA,NA,8,11.25,10.97,11.53,0.494974746830583,4,0.0749999999999993,2,0.560000000000002,NA,7.3,2.4,3.04902691428147,NA,15,NA
497328,"Demaryius Thomas","DEN","WR",29,6,11,11.2133333333333,8.972,13.02,2.69935794835241,10,0.0666666666666664,3,4.048,NA,10.3,3.8,4.56379264211018,NA,9.1,NA
100002,"Ravens","BAL","DST",NA,NA,8,11.2,9.74,10.86,0.989949493661167,5,0.0749999999999993,3,1.12,NA,5.8,3.3,5.25914999358264,NA,3,NA
2550617,"Taylor Gabriel","ATL","WR",25,2,11,11.1866666666667,10.648,11.64,0.646941522344434,11,0.106666666666669,3,0.992000000000001,NA,23,7.1,4.06422570883666,NA,12,NA
100030,"Seahawks","SEA","DST",NA,NA,5,11.15,10.79,11.51,0.636396103067893,6,0.15,4,0.720000000000001,NA,1.2,0.4,1.03267921337525,NA,11,NA
2552487,"Amari Cooper","OAK","WR",22,1,10,11.1066666666667,6.544,12.784,3.9043736160021,12,0.0683333333333316,3,6.24,NA,NA,NA,8.46415516296108,NA,2.8,NA
100013,"Texans","HOU","DST",NA,NA,9,11.1,10.7,11.5,0.707106781186549,7,0.225,4,0.799999999999999,NA,3.9,2.6,3.77836461658207,NA,10,NA
2553913,"Tyrell Williams","SD","WR",NA,NA,11,11.0533333333333,6.232,13.432,4.56601941885198,13,0.0416666666666661,3,7.2,NA,NA,NA,9.47628952653231,NA,2,NA
2533436,"Brock Osweiler","HOU","QB",26,4,9,11.05,9.612,12.628,1.9092144981641,26,0.75,5,3.016,NA,NA,NA,6.76492782442288,NA,-4.08,NA
497278,"Dez Bryant","DAL","WR",28,6,7,11.0233333333333,6.414,12.494,3.80231946755311,14,0.0783333333333349,3,6.08,NA,NA,NA,8.30804065253069,NA,8.2,NA
2543614,"Donte Moncrief","IND","WR",23,2,10,11,11,11,NA,15,0.198333333333334,3,0,NA,NA,NA,NA,NA,NA,NA
100011,"Packers","GB","DST",NA,NA,4,10.9,10.82,10.98,0.141421356237309,8,0.324999999999999,4,0.16,NA,10.3,3.3,3.28026399779524,NA,9,NA
2552608,"Stefon Diggs","MIN","WR",23,1,6,10.89,6.474,12.474,3.75063994539598,16,0.195,3,6,NA,NA,NA,8.22898533313947,NA,1.3,NA
100026,"Cardinals","ARI","DST",NA,NA,9,10.85,10.57,11.13,0.494974746830583,9,0.575000000000001,4,0.559999999999999,NA,11.7,3.5,4.33941603272707,NA,7,NA
2506194,"Nick Novak","HOU","K",NA,NA,9,10.85,9.41,12.21,1.7585505395069,1,0.96111111111111,1,2.8,NA,14.3,4.3,6.74695176472151,NA,15,NA
2540258,"Travis Kelce","KC","TE",27,3,5,10.76,6.276,12.756,4.10594690662215,2,0.261666666666665,1,6.48,NA,1.3,0.7,6.35752988249534,NA,4.1,NA
1581,"DeSean Jackson","WAS","WR",30,8,9,10.7133333333333,7.952,13.12,3.32002008026056,17,0.0449999999999999,3,5.168,NA,22.7,6.1,5.78444251821224,NA,11.1,NA
2533039,"Alshon Jeffery","CHI","WR",26,4,9,10.6766666666667,8.224,12.52,2.99159377812786,18,0.0383333333333322,3,4.296,NA,23.6,9,6.47376181348459,NA,14.9,NA
2556370,"Michael Thomas","NO","WR",22,0,5,10.66,6.976,12.016,3.31161591975881,19,0.0783333333333331,3,5.04,NA,NA,NA,7.55740047479558,NA,11.2,NA
2543498,"Brandin Cooks","NO","WR",23,2,5,10.6166666666667,6.27,12.99,4.41370970197784,20,0.0716666666666672,3,6.72,NA,18.9,6.8,6.84798526568587,NA,30.6,NA
497236,"Jimmy Graham","SEA","TE",30,6,5,10.6,5.52,12.4,4.30348695827,3,0.618333333333334,1,6.88,NA,NA,NA,10.591842602603,NA,3.1,NA
2543457,"Sammy Watkins","BUF","WR",23,2,10,10.5466666666667,6.248,12.088,3.68761892463597,21,0.0249999999999986,3,5.84,NA,NA,NA,8.13258067000428,NA,1,NA
2552415,"Jamison Crowder","WAS","WR",23,1,9,10.5433333333333,7.884,13.06,3.24971280782369,22,0.110000000000001,3,5.176,NA,20.3,7.6,6.21714298486255,NA,-0.6,NA
2553895,"Adam Humphries","TB","WR",NA,NA,6,10.5,10.5,10.5,NA,23,0.138333333333332,3,0,NA,NA,NA,NA,NA,10.9,NA
2495700,"Greg Olsen","CAR","TE",31,9,7,10.3966666666667,6.258,12.178,3.73711564355899,4,1.06,1,5.92,NA,4,1.6,6.36240674161593,NA,8.5,NA
2555259,"Carson Wentz","PHI","QB",24,0,4,10.3766666666667,9.606,10.918,0.822455672564384,27,0.286666666666667,5,1.312,NA,27.7,2.5,4.73262275921552,NA,10.6,NA
2532903,"Rishard Matthews","TEN","WR",27,4,13,10.3666666666667,6.92,13.24,4.14045086111807,24,0.0150000000000006,3,6.32,NA,29.9,7.9,6.99572908681517,NA,7.5,NA
2552409,"DeVante Parker","MIA","WR",23,1,8,10.3566666666667,7.996,12.34,2.83524837242407,25,0.0216666666666665,3,4.344,NA,42.3,8.6,6.22445241203209,NA,1.7,NA
2504595,"Steve Smith","BAL","WR",37,15,8,10.3466666666667,7.352,12.76,3.60673444175383,26,0.0966666666666676,3,5.408,NA,27.2,5.4,5.77671717409861,NA,10,NA
2556214,"Tyreek Hill","KC","WR",22,0,5,10.3233333333333,6.814,11.614,3.44407220210804,27,0.210000000000001,3,4.8,NA,18,6.3,5.94418860495355,NA,0,NA
100016,"Chiefs","KC","DST",NA,NA,5,10.3,10.06,10.54,0.424264068711928,10,0.0750000000000011,5,0.479999999999999,NA,5.5,2.6,3.1187359513196,NA,11,NA
100024,"Jets","NYJ","DST",NA,NA,11,10.25,9.97,10.53,0.494974746830583,11,0.0500000000000007,5,0.559999999999999,NA,17.9,4.8,5.86442135452642,NA,3,NA
2556801,"Kenneth Farrow","SD","RB",23,0,11,10.2266666666667,8.256,12.656,3.09776263347167,20,0.113333333333333,3,4.4,NA,20.6,3.2,6.14286563425032,NA,2.3,NA
2550189,"Isaiah Crowell","CLE","RB",23,2,13,10.2233333333333,8.254,12.894,3.27347419927717,21,0.428333333333335,3,4.64,NA,23.4,4.2,6.89868919618089,NA,2.8,NA
2507282,"Matt Moore","MIA","QB",32,9,8,10.2233333333333,8.646,12.07,2.21802464669204,28,0.32,5,3.424,NA,27.4,1.9,5.29502766309985,NA,22.44,NA
100008,"Cowboys","DAL","DST",NA,NA,7,10.2,9.88,10.52,0.565685424949237,12,0.199999999999999,5,0.639999999999999,NA,20.8,4.4,5.56009611413454,NA,16,NA
100023,"Giants","NYG","DST",NA,NA,8,10.2,9.88,10.52,0.565685424949237,12,0.449999999999999,5,0.639999999999999,NA,12.4,4.2,5.3254799107808,NA,12,NA
2543495,"Davante Adams","GB","WR",24,2,4,10.1766666666667,6.506,11.066,2.88905405510754,28,0.126666666666667,3,4.56,NA,12.8,5.3,5.19535959713794,NA,2.5,NA
2507401,"Dan Carpenter","BUF","K",31,8,10,10.0777777777778,8.58666666666667,12.1333333333333,2.53121256259466,2,0.477777777777778,1,3.54666666666667,NA,15.5,2.9,5.7932979037622,NA,9,NA
497326,"Golden Tate","DET","WR",28,6,10,10.05,5.95,12.51,4.41786147360915,29,0.0950000000000006,3,6.56,NA,21.6,5.2,6.33225330745235,NA,12.2,NA
2543500,"Jordan Matthews","PHI","WR",24,2,4,10.05,5.71,12.35,4.32348239270151,29,0.270000000000001,3,6.64,NA,NA,NA,9.10527522016489,NA,2.7,NA
497188,"Ryan Mathews","PHI","RB",29,6,4,10.0033333333333,6.482,10.562,2.55128072413314,22,0.448333333333334,4,4.08,NA,28.4,3.8,5.92387286381752,NA,19.3,NA
2552369,"Bryce Petty","NYJ","QB",25,1,11,9.95666666666667,9.452,10.708,0.791475415495221,29,0.231666666666666,5,1.256,NA,30,1.4,3.47966495251266,NA,4.4,NA
497302,"Brandon LaFell","CIN","WR",30,6,9,9.86,7.944,11.64,2.32869061921072,31,0.163333333333332,3,3.696,NA,NA,NA,6.05379768728718,NA,9.1,NA
2543477,"Blake Bortles","JAC","QB",25,2,5,9.85,8.308,11.356,1.93780804002873,30,1.94666666666667,5,3.048,NA,NA,NA,6.81536846308691,NA,6.18,NA
100001,"Falcons","ATL","DST",NA,NA,11,9.8,8.18,9.62,1.27279220613579,14,0.850000000000001,6,1.44,NA,8.8,3.8,6.50531916722947,NA,8,NA
100027,"Steelers","PIT","DST",NA,NA,8,9.7,8.16,9.44,1.13137084989848,15,1.625,6,1.28,NA,14.4,3,5.23704002118325,NA,7,NA
2507374,"Steven Hauschka","SEA","K",NA,NA,5,9.7,8.28,11.4,2.04205778566621,3,0.25,1,3.12,NA,NA,NA,6.78546314867081,NA,7,NA
2553652,"Chris Harper","SF","WR",NA,NA,8,9.7,19.4,19.4,NA,32,0.014999999999997,3,0,NA,91.4,11.1,7.24180032417645,NA,2.6,NA
2540165,"DeAndre Hopkins","HOU","WR",24,3,9,9.69333333333334,7.236,11.956,2.9799552569348,33,0.141666666666669,3,4.72,NA,31.4,6.4,5.62163529397442,NA,8.7,NA
2507763,"Mike Wallace","BAL","WR",30,7,8,9.67666666666667,5.446,11.926,4.26575120387175,34,0.256666666666668,3,6.48,NA,34.1,5.7,6.37806865855605,NA,6,NA
2539308,"Matt Barkley","CHI","QB",26,3,9,9.6,8.3,11.02,1.70880074906351,31,6.05866666666667,5,2.72,NA,26.4,2.6,5.62582551425666,NA,10.48,NA
949,"Jonathan Stewart","CAR","RB",29,8,7,9.58666666666667,6.352,12.592,3.93147978925663,23,0.0799999999999983,4,6.24,NA,NA,NA,10.7198530770845,NA,14,NA
2495438,"Kyle Rudolph","MIN","TE",27,5,6,9.56666666666667,7.62,11.3,2.34591844132172,5,0.603333333333332,1,3.68,NA,6.8,1.9,5.29239379558881,NA,9.7,NA
2539663,"Mike Gillislee","BUF","RB",26,3,10,9.52333333333333,8.116,10.7,1.61636423287987,24,0.0466666666666669,4,2.584,NA,33.9,5.8,6.10857595761167,NA,9.7,NA
2504257,"Sebastian Janikowski","OAK","K",38,16,10,9.5,7,11.4,3.04138126514911,4,0.155555555555555,1,4.4,NA,8.5,2.7,6.10121410684405,NA,15,NA
2556118,"Dwayne Washington","DET","RB",NA,0,10,9.49,7.354,11.994,3.14996825380828,25,0.145000000000001,4,4.64,NA,35,5,7.23093708877688,NA,4,NA
2543664,"Terrance West","BAL","RB",25,2,8,9.46333333333333,5.678,10.718,3.30983886818276,26,0.366666666666665,4,5.04,NA,32.8,5.4,7.62568035971434,NA,12.2,NA
2543475,"Marqise Lee","JAC","WR",25,2,5,9.42666666666667,5.536,11.616,4.0900040749776,35,0.133333333333333,3,6.08,NA,44.9,7.1,6.69769055546246,NA,0,NA
2533040,"Mohamed Sanu","ATL","WR",27,4,11,9.41333333333333,7.832,10.68,1.90592059995513,36,0.288333333333334,3,2.848,NA,NA,NA,5.40707694556529,NA,4.4,NA
2504797,"Matt Bryant","ATL","K",41,14,11,9.4,6.84,11.64,3.07896086366813,5,0.43888888888889,1,4.8,NA,2,1.5,4.5897719065782,NA,14,NA
2506264,"Robbie Gould","NYG","K",34,11,8,9.28888888888889,7.49333333333333,11.3333333333333,2.45975006258164,6,0.672222222222221,1,3.84,NA,23,5.2,8.69085655589471,NA,6,NA
2552471,"T.J. Yeldon","JAC","RB",23,1,5,9.22666666666667,7.604,11.22,2.57568113968584,27,0.436666666666667,4,3.616,NA,30.6,3.9,6.00650005036625,NA,6.2,NA
2550256,"Willie Snead","NO","WR",24,2,5,9.17333333333333,5.404,11.244,3.95324339414276,37,0.135,3,5.84,NA,36.1,5.1,5.94445326242052,NA,7.6,NA
2532853,"Ladarius Green","PIT","TE",26,4,8,9.10666666666667,6.756,11.22,2.83692321597419,6,0.306666666666667,1,4.464,NA,9.3,2,5.74244892893518,NA,7.2,NA
71217,"Kenny Britt","LA","WR",28,7,8,9.07666666666667,5.484,10.9,3.83309709416985,38,0.0999999999999996,3,5.416,NA,42.9,7.5,6.63091925375431,NA,5,NA
2553900,"Daniel Brown","CHI","WR",NA,NA,9,9,9,9,NA,39,0.0966666666666676,3,0,NA,NA,NA,NA,NA,0.8,NA
2555229,"Kenneth Dixon","BAL","RB",22,0,8,8.96666666666667,6.96,10.88,2.53837218179946,28,0.42,4,3.92,NA,24.1,3.8,5.9105568523365,NA,9.6,NA
2530700,"Dontrelle Inman","SD","WR",27,3,11,8.95333333333333,5.252,10.852,3.73129110809293,40,0.351666666666667,3,5.6,NA,27.3,7,6.39089321857156,NA,6.8,NA
2555295,"Sterling Shepard","NYG","WR",NA,0,8,8.85333333333333,6.808,10.52,2.46059613373128,41,0.533333333333333,3,3.712,NA,48.6,4.6,4.6406267451945,NA,11.6,NA
2550656,"Cameron Brate","TB","TE",25,2,6,8.82,4.792,10.872,4.03301376144441,7,0.403333333333332,2,6.08,NA,7.8,1.7,6.64760222630768,NA,13.3,NA
2505299,"Antonio Gates","SD","TE",36,13,11,8.78,4.248,10.728,4.0769105950462,8,0.758333333333333,2,6.48,NA,10.1,2.4,6.93088298165573,NA,1.1,NA
2507232,"Mason Crosby","GB","K",32,9,4,8.63333333333333,8.12,9,0.635085296108588,7,0.0333333333333314,2,0.880000000000001,NA,11.3,3,3.81619226285694,NA,12,NA
2552475,"Todd Gurley","LA","RB",22,1,8,8.61333333333333,7.672,9,0.835783065952723,29,0.26,4,1.328,NA,24,3.3,3.86694130370748,NA,3.6,NA
2503471,"Adam Vinatieri","IND","K",44,20,10,8.6,7.04,10.4,2.16333076527839,8,0.0500000000000007,2,3.36,NA,10.1,3.9,6.67891932710431,NA,13,NA
2550325,"Chandler Catanzaro","ARI","K",25,2,9,8.6,4.36,12.36,5.10685813392148,9,0.333333333333334,2,8,NA,14.7,4.5,10.7256824867869,NA,5,NA
2556601,"Wil Lutz","NO","K",22,0,5,8.5,7.3,9.7,2.12132034355964,10,0.533333333333333,2,2.4,NA,NA,NA,6.96157961222927,NA,12,NA
2543715,"Jerick McKinnon","MIN","RB",24,2,6,8.48,5.592,12.04,4.45030336044634,30,0.33,4,6.448,NA,32.2,6.2,9.26179699484009,NA,7.1,NA
2553568,"Cameron Meredith","CHI","WR",NA,NA,9,8.35,6.55,10.15,3.18198051533946,42,0.0633333333333308,3,3.6,NA,51.2,7.9,6.26263233833732,NA,10.4,NA
2543509,"Allen Robinson","JAC","WR",23,2,5,8.29,6.014,10.814,3.04767124211257,43,0.0499999999999989,3,4.8,NA,37.7,6.5,5.70586033945771,NA,1.5,NA
2556462,"Robby Anderson","NYJ","WR",23,0,11,8.28333333333333,4.03,11.55,5.38431363623381,44,0.196666666666667,3,7.52,NA,40.6,8.4,8.10927001195656,NA,14,NA
2506404,"Frank Gore","IND","RB",33,11,10,8.22666666666667,6.76,8.984,1.52582218273734,31,0.195,4,2.224,NA,21.3,3.1,4.46384899154737,NA,11.5,NA
100032,"Redskins","WAS","DST",NA,NA,9,8.2,6.54,7.66,0.989949493661167,16,0.425000000000001,7,1.12,NA,19.8,4.3,6.43223101035137,NA,2,NA
2507166,"Ted Ginn","CAR","WR",31,9,7,8.19666666666667,3.672,11.2,5.07504022972561,45,0.301666666666667,3,7.528,NA,NA,NA,10.2549500307462,NA,12.4,NA
2543773,"James White","NE","RB",24,2,9,8.07333333333333,4.604,9.324,3.06335328248854,32,0.195833333333335,4,4.72,NA,41.1,4.5,6.85430528667041,NA,3.5,NA
1062,"Martellus Bennett","NE","TE",29,8,9,8.05333333333333,3.552,10.352,4.33618880277754,9,0.131666666666668,2,6.8,NA,NA,NA,10.64710688405,NA,3.5,NA
2495150,"Kai Forbath","MIN","K",29,5,6,8.03333333333333,6.6,9.08,1.76162803489651,11,0.316666666666666,2,2.48,NA,16.1,5.3,8.04469740214305,NA,8,NA
2507999,"Chris Ivory","JAC","RB",28,6,5,7.99,5.582,10.398,4.25678282274302,33,0.230833333333333,4,4.816,NA,NA,NA,11.3909960794066,NA,4.4,NA
2543466,"Eric Ebron","DET","TE",23,2,10,7.99,3.854,10.014,3.90016666310557,10,0.881666666666666,2,6.16,NA,NA,NA,9.91025394481081,NA,3.6,NA
2555466,"Tyler Boyd","CIN","WR",22,0,9,7.97666666666667,6.106,10.426,2.9765136205523,46,0.216666666666667,3,4.32,NA,50.8,6.5,5.65143463789583,NA,1.3,NA
100018,"Raiders","OAK","DST",NA,NA,10,7.95,5.51,7.99,2.1920310216783,17,0.500000000000001,7,2.48,NA,17.3,3.9,8.76642043100935,NA,11,NA
2507225,"Nick Folk","NYJ","K",32,9,11,7.9,6.16,9.6,2.151743479135,12,0.55,2,3.44,NA,22.2,4.6,7.57207485845373,NA,8,NA
497238,"Jermaine Gresham","ARI","TE",28,6,9,7.85333333333333,3.252,10.292,4.50072586738332,11,1.70166666666667,2,7.04,NA,NA,NA,10.9251652866801,NA,4.2,NA
80429,"Jeremy Maclin","KC","WR",28,7,5,7.81333333333333,5.388,9.948,2.9186526571919,47,0.208333333333333,3,4.56,NA,53.1,8.5,6.25581339277712,NA,8.2,NA
2533437,"Ronnie Hillman","SD","RB",25,4,11,7.765,5.837,9.093,2.87792459942925,34,0.0883333333333329,4,3.256,NA,49.7,4.8,6.83539304230477,NA,3.4,NA
2495466,"Mark Ingram","NO","RB",27,5,5,7.75333333333333,5.64,9.128,2.25222852600116,35,0.653333333333334,4,3.488,NA,NA,NA,7.25533655415009,NA,9.2,NA
2346,"Pierre Garcon","WAS","WR",30,8,9,7.70666666666667,5.564,10.604,3.54853960571576,48,0.258333333333335,3,5.04,NA,39.4,7.9,6.54299915246297,NA,7.8,NA
71345,"Rashad Jennings","NYG","RB",31,7,8,7.6,5.58,8.62,1.9,36,1.155,4,3.04,NA,28.3,3.2,4.90729460178573,NA,3.8,NA
100012,"Titans","TEN","DST",NA,NA,13,7.6,6.82,6.98,0.14142135623731,18,0.324999999999999,7,0.159999999999999,NA,23.5,4.9,5.15719362462521,NA,7,NA
2541556,"Brandon McManus","DEN","K",25,2,11,7.53333333333333,6.88,8,0.808290376865476,13,0.383333333333333,3,1.12,NA,12.1,2.7,3.62031971924475,NA,3,NA
2543488,"Jarvis Landry","MIA","WR",24,2,8,7.50333333333333,6.64,7.928,0.877515431963069,49,0.161666666666667,4,1.288,NA,NA,NA,3.83390258895989,NA,16.8,NA
2555346,"Will Fuller","HOU","WR",22,0,9,7.39333333333333,5.336,9.736,2.81853389785068,50,0.203333333333331,4,4.4,NA,65.4,6.8,5.62789723645612,NA,4.2,NA
100022,"Saints","NO","DST",NA,NA,5,7.3,7.22,7.38,0.14142135623731,19,0.274999999999999,7,0.159999999999999,NA,26,3.4,3.39757209947212,NA,1,NA
2541785,"Adam Thielen","MIN","WR",26,2,6,7.29,5.696,9.48,2.69412323400397,51,0.200000000000001,4,3.784,NA,41.1,9.3,6.34353329940111,NA,0,NA
100025,"Eagles","PHI","DST",NA,NA,4,7.25,7.21,7.29,0.0707106781186551,20,0.5,7,0.080000000000001,NA,16.5,3.2,2.99804872980276,NA,7,NA
2495259,"Dan Bailey","DAL","K",28,5,7,7.16666666666667,6.3,7.9,1.04083299973307,14,0.100000000000001,3,1.6,NA,4.6,3.1,4.3963979809586,NA,15,NA
71309,"Graham Gano","CAR","K",29,7,7,7.13333333333333,6.28,7.88,1.02632028788938,15,0.199999999999999,3,1.6,NA,NA,NA,4.52855773498606,NA,15,NA
238498,"Julian Edelman","NE","WR",30,7,9,7.09,6.214,7.414,0.757165767847438,52,0.0233333333333343,4,1.2,NA,23.3,7.2,4.18096367197579,NA,7.5,NA
2531332,"Terrelle Pryor","CLE","WR",27,5,13,7.09,5.82,7.636,1.16631899581547,53,0.0616666666666665,4,1.816,NA,32.5,7.4,4.55877252383545,NA,1.9,NA
2555216,"Malcolm Mitchell","NE","WR",23,0,9,7.04333333333333,4.786,9.746,3.24648014522395,54,0.0383333333333322,4,4.96,NA,41.9,7.6,6.21467044676971,NA,1.4,NA
2540202,"Kenny Stills","MIA","WR",24,3,8,7.01333333333333,4.428,9.948,3.53193053914334,55,0.414999999999999,4,5.52,NA,56.1,8,6.56272724034547,NA,11.2,NA
2550545,"Chris Boswell","PIT","K",27,2,8,7,6.2,7.8,1,16,0.2,3,1.6,NA,19.4,3.7,5.12762977229245,NA,23,NA
2552430,"Tyler Lockett","SEA","WR",24,1,5,6.99666666666667,5.498,8.938,2.35393995958549,56,0.806666666666668,4,3.44,NA,54.6,8.2,5.72659142527983,NA,19,NA
2533444,"Randy Bullock","CIN","K",27,4,9,6.86666666666667,6.12,7.72,1.02632028788938,17,0.300000000000001,3,1.6,NA,25.7,2.9,4.12140948316708,NA,8,NA
100029,"49ers","SF","DST",NA,NA,8,6.8,5.88,6.52,0.565685424949238,21,0.124999999999999,8,0.639999999999999,NA,29.9,3,3.91778269065832,NA,-1,NA
2553112,"Jason Myers","JAC","K",NA,NA,5,6.73333333333333,5.54,8.34,1.96553639837408,18,0.533333333333332,3,2.8,NA,28.9,2.7,4.90598398615642,NA,10,NA
100014,"Colts","IND","DST",NA,NA,10,6.7,5.52,6.48,0.848528137423857,22,0.0999999999999996,8,0.960000000000001,NA,25.3,4.2,5.98510857604326,NA,18,NA
100004,"Panthers","CAR","DST",NA,NA,7,6.65,6.61,6.69,0.0707106781186551,23,0.0999999999999996,9,0.0799999999999992,NA,20.6,4.3,4.28843784824836,NA,11,NA
2552429,"Ty Montgomery","GB","RB",23,1,4,6.6,6.6,6.6,NA,37,0.529999999999999,5,0,NA,NA,NA,NA,NA,28.3,NA
100007,"Browns","CLE","DST",NA,NA,13,6.55,6.03,7.07,0.919238815542512,24,0.175000000000001,9,1.04,NA,30.2,2.3,3.92116181049829,NA,1,NA
100010,"Lions","DET","DST",NA,NA,10,6.55,6.03,7.07,0.919238815542512,24,0.4,9,1.04,NA,15.7,2.8,4.50770231888266,NA,6,NA
2506922,"Stephen Gostkowski","NE","K",32,10,9,6.4,6,6.96,0.69282032302755,19,0.516666666666667,4,0.959999999999999,NA,7.2,2.8,3.62146875139152,NA,12,NA
2495966,"Delanie Walker","TEN","TE",32,10,13,6.36333333333333,5.44,6.872,0.980832979325906,12,0.436666666666666,2,1.432,NA,6.8,2.5,4.34995417846666,NA,5.5,NA
234,"Matt Forte","NYJ","RB",31,8,11,6.29,4.1,7.756,2.29091684702872,38,0.645,5,3.656,NA,NA,NA,7.33515565589948,NA,2.8,NA
2555334,"Jared Goff","LA","QB",22,0,8,6.20666666666667,5.088,7.296,1.42861238036541,32,5.61066666666667,6,2.208,NA,30.8,2.3,5.04442801838112,NA,5.4,NA
100031,"Buccaneers","TB","DST",NA,NA,6,6.2,5.88,6.52,0.565685424949237,26,0.15,10,0.64,NA,22.4,5.4,6.73317713090327,NA,5,NA
2532790,"Travis Benjamin","SD","WR",27,4,11,6.2,3.26,9.1,3.65102725270574,57,0.0575000000000001,4,5.84,NA,71.5,5.8,5.94032189701524,NA,11.6,NA
2550597,"Seth Roberts","OAK","WR",NA,NA,10,6.18,4.248,8.648,2.98482830326972,58,0.0775000000000006,4,4.4,NA,70.1,5.4,5.30104531842867,NA,2.7,NA
2553606,"Jordan Taylor","DEN","WR",24,1,11,6.105,3.389,8.821,4.80125504425666,59,0.0949999999999998,4,5.432,NA,111.2,9.5,8.02006003349919,NA,1.5,NA
100009,"Broncos","DEN","DST",NA,NA,11,6.1,6.02,6.18,0.14142135623731,27,0.0999999999999996,10,0.16,NA,9.8,3.9,3.98411260785648,NA,6,NA
2553737,"Eli Rogers","PIT","WR",NA,NA,8,6.1,3.3,8.9,4.94974746830583,60,0.291666666666666,4,5.6,NA,70.3,6.1,7.03095771228509,NA,13.5,NA
100015,"Jaguars","JAC","DST",NA,NA,5,6,4.74,5.86,0.989949493661167,28,0.225,11,1.12,NA,18.7,2.3,4.08606897681391,NA,4,NA
100017,"Rams","LA","DST",NA,NA,8,6,6,6,NA,28,0.45,11,0,NA,23.5,5.8,10.3407262697029,NA,4,NA
2550380,"Cody Parkey","CLE","K",24,2,13,6,6,6,0,20,0.466666666666667,4,0,NA,31.2,0.9,0.392546354404777,NA,8,NA
2540160,"Jordan Reed","WAS","TE",26,3,9,5.94,3.2,7.776,2.86754250186462,13,0.0516666666666667,2,4.576,NA,NA,NA,8.16517708033743,NA,0.6,NA
2540169,"Robert Woods","BUF","WR",24,3,10,5.92,4.584,6.056,1.30107647738325,61,0.303333333333333,5,1.472,NA,66.4,6.8,4.46725298095275,NA,0.5,NA
2532838,"Coby Fleener","NO","TE",28,4,5,5.91333333333333,3.348,8.948,3.64452100190592,14,0.0683333333333334,2,5.6,NA,17.5,2.6,6.63586567277153,NA,1,NA
2540158,"Zach Ertz","PHI","TE",26,3,4,5.86333333333333,4.818,6.658,1.19458500464945,15,0.431666666666667,2,1.84,NA,9.6,2.7,4.60090840108313,NA,8,NA
2555223,"Devontae Booker","DEN","RB",24,0,11,5.85,4.39,6.39,1.42916059279565,39,0.500000000000001,5,2,NA,37.8,5.7,5.85800652390838,NA,3.3,NA
2541316,"Ryan Griffin","HOU","TE",26,3,9,5.82666666666667,3.556,8.436,3.13689868075673,16,0.98,2,4.88,NA,22.4,5.5,7.2268655921947,NA,8.5,NA
2555408,"Roberto Aguayo","TB","K",22,0,6,5.76666666666667,5.2,6.24,0.680685928555405,21,0.716666666666666,4,1.04,NA,19.3,4.3,5.54947777119465,NA,8,NA
2532887,"Jermaine Kearse","SEA","WR",26,4,5,5.69666666666667,3.318,8.678,3.59514023834027,62,0.195,5,5.36,NA,81.4,8.8,6.87052762828979,NA,0,NA
100005,"Bears","CHI","DST",NA,NA,9,5.55,2.93,5.57,2.33345237791561,30,0.0499999999999998,11,2.64,NA,27.5,3.8,8.97892666196371,NA,4,NA
100028,"Chargers","SD","DST",NA,NA,11,5.55,4.71,6.39,1.48492424049175,30,0.0999999999999996,11,1.68,NA,23.5,4.9,8.29042978462192,NA,10,NA
2535698,"Cole Beasley","DAL","WR",27,4,7,5.53666666666667,4.38,6.068,1.12072892946213,63,0.0808333333333335,5,1.688,NA,56,7.2,4.45903901652863,NA,4.8,NA
2543471,"Kelvin Benjamin","CAR","WR",25,2,7,5.46666666666667,3.86,6.5,1.72143351115671,64,0.0374999999999996,5,2.64,NA,NA,NA,5.12486292500652,NA,2,NA
100006,"Bengals","CIN","DST",NA,NA,9,5.45,5.33,5.57,0.212132034355964,32,NA,11,0.239999999999998,NA,17.6,3,3.09324685908024,NA,1,NA
2552458,"Devin Funchess","CAR","WR",22,1,7,5.445,3.869,5.221,1.19501046020526,65,0.0366666666666671,5,1.352,NA,72.6,8,4.77530781848488,NA,0,NA
4383,"Tim Hightower","NO","RB",30,8,5,5.44,4.76,5.576,0.524213696883246,40,0.306666666666667,5,0.816000000000001,NA,35.7,3.2,3.48808043072282,NA,16.8,NA
2552656,"J.J. Nelson","ARI","WR",24,1,9,5.41333333333333,2.78,7.052,2.70675697714688,66,0.0199999999999996,5,4.272,NA,NA,NA,6.63213423975865,NA,9.8,NA
2539205,"Terrance Williams","DAL","WR",27,3,7,5.40333333333333,2.742,8.422,3.63332262995365,67,0.0233333333333325,5,5.68,NA,82.3,7.7,6.54298295954401,NA,3,NA
2495448,"Randall Cobb","GB","WR",26,5,4,5.38333333333333,4.02,6.54,1.7904841058589,68,0.0533333333333337,5,2.52,NA,NA,NA,5.23049116208152,NA,0,NA
2532884,"Marvin Jones","DET","WR",26,4,10,5.37666666666667,4.62,5.924,0.913582691021088,69,0.168333333333333,5,1.304,NA,49.6,7,4.23573746668856,NA,4.1,NA
2553648,"Andrew Franks","MIA","K",23,1,8,5.3,5,5.72,0.519615242270663,22,1.46666666666667,5,0.72,NA,25.1,3.3,4.0762066221931,NA,4,NA
2555333,"Corey Coleman","CLE","WR",22,0,13,5.28333333333333,3.78,6.38,1.67804449682758,70,0.156666666666667,5,2.6,NA,53.9,5.7,4.39883228332174,NA,2.4,NA
2507164,"Adrian Peterson","MIN","RB",31,9,6,5.26,0.2,6.376,3.86084619394937,41,0.375,5,6.176,NA,35.2,11.6,11.7563868679732,NA,-0.7,NA
2552597,"Breshad Perriman","BAL","WR",23,1,8,5.13333333333333,2.92,7.72,3.10698138606161,71,0.0183333333333335,5,4.8,NA,64.1,8.5,6.39985872436972,NA,0,NA
2535988,"Brittan Golden","ARI","WR",28,4,9,5.12,1.136,9.104,7.04278354061801,72,0.0324999999999998,5,7.968,NA,98.1,6.6,8.79399831763122,NA,-0.7,NA
2539336,"Tavon Austin","LA","WR",25,3,8,5.11,4.344,5.6,0.802059848141022,73,0.0674999999999999,5,1.256,NA,65.5,5.6,3.696393923546,NA,1.4,NA
2556404,"Maurice Harris","WAS","WR",24,0,9,5.065,1.357,8.773,6.5548798615993,74,0.048333333333332,5,7.416,NA,127.5,9.1,9.23161268831348,NA,NA,NA
2534820,"Garrett Celek","SF","TE",28,4,8,5.03666666666667,3.282,7.362,2.83355489329805,17,0.57,2,4.08,NA,28.1,3.7,6.33749075825892,NA,8.2,NA
2507855,"Victor Cruz","NYG","WR",30,6,8,5.02,2.592,7.792,3.33424654157427,75,0.00999999999999979,5,5.2,NA,86.8,8.3,6.50882158084312,NA,2.9,NA
2505587,"Anquan Boldin","DET","WR",36,13,10,5.01333333333333,4.28,5.032,0.53153864707407,76,0.00999999999999979,5,0.752,NA,54.7,6.2,3.6840730693163,NA,1.3,NA
2495893,"Brandon Marshall","NYJ","WR",32,10,11,5.00666666666667,4.544,5.104,0.357957166897568,77,0.0433333333333348,5,0.56,NA,NA,NA,3.03912270569724,NA,1.6,NA
2543770,"Charles Sims","TB","RB",26,2,6,5.00666666666667,3.24,6.696,2.43846946532724,42,0.265,5,3.456,NA,40.8,4.2,6.03732682570105,NA,1.9,NA
2552652,"Chris Conley","KC","WR",24,1,5,5,2.46,8.14,3.78021163428716,78,0.104166666666666,5,5.68,NA,88.7,8,6.75262780885038,NA,1.1,NA
2495189,"Jeremy Kerley","SF","WR",28,5,8,4.92666666666667,3.9,5.484,1.02962776445341,79,0.0941666666666672,5,1.584,NA,68.1,6.2,4.06504209356543,NA,2.8,NA
2540151,"Justin Hunter","BUF","WR",25,3,10,4.865,1.713,5.017,2.92035100630044,80,0.120000000000001,5,3.304,NA,97.8,13.1,7.74897141957093,NA,1.6,NA
2500351,"Phil Dawson","SF","K",41,18,8,4.8,3.4,6.12,1.70880074906351,23,1.93333333333333,5,2.72,NA,25.3,2.9,4.87962400755415,NA,1,NA
2534436,"Deonte Thompson","CHI","WR",27,4,9,4.8,1.44,8.16,5.939696961967,81,0.175,5,6.72,NA,99.5,7.9,8.37190256161612,NA,11,NA
927,"Justin Forsett","DEN","RB",31,8,11,4.76333333333333,2.978,5.698,1.96011054110051,43,0.0583333333333336,5,2.72,NA,35.7,5.1,6.06097705371164,NA,5.3,NA
284,"Darren McFadden","DAL","RB",29,8,7,4.72,-0.0679999999999996,4.188,3.76180807591243,44,0.081666666666667,5,4.256,NA,71,10.2,10.8498308122975,NA,0.8,NA
2543847,"John Brown","ARI","WR",26,2,9,4.69,2.32,6.776,2.86780403793565,82,0.149999999999999,5,4.456,NA,NA,NA,6.87849152589931,NA,14.1,NA
2552461,"Duke Johnson","CLE","RB",23,1,13,4.69,4.24,5.016,0.512152321092075,45,0.136666666666666,5,0.776,NA,NA,NA,3.66533016559723,NA,9.3,NA
2505629,"Jason Witten","DAL","TE",34,13,7,4.65666666666667,3.94,4.956,0.636107957294462,18,0.483333333333334,3,1.016,NA,15.3,2.4,4.02350133026006,NA,2.1,NA
2556885,"Jalen Richard","OAK","RB",23,0,10,4.58666666666667,3.38,5.428,1.37714680892537,46,0.145,5,2.048,NA,46.4,3.8,4.71267641025969,NA,4.9,NA
2539964,"Marquise Goodwin","BUF","WR",26,3,10,4.56,3.356,4.956,1.09672238966842,83,0.106666666666667,5,1.6,NA,75.5,5.8,3.98663329521225,NA,4.3,NA
2543828,"Quincy Enunwa","NYJ","WR",24,2,11,4.52,3.92,4.848,0.642806347199528,84,0.166666666666667,6,0.927999999999999,NA,NA,NA,3.47486285938205,NA,6.4,NA
2555460,"Paul Perkins","NYG","RB",22,0,8,4.52,3.24,5.448,1.3839075113605,47,0.298333333333334,5,2.208,NA,44,4.9,5.35167258180426,NA,5.6,NA
2495331,"Aldrick Robinson","ATL","WR",28,5,11,4.38666666666667,3.56,4.728,0.771059876620054,85,0.101666666666667,6,1.168,NA,68,11.1,5.45642773613374,NA,11.1,NA
2540011,"Chris Thompson","WAS","RB",26,3,9,4.36333333333333,2.74,5.532,1.77314222027826,48,0.423333333333333,5,2.792,NA,45.9,4,5.23608485662219,NA,3.6,NA
2530515,"Chris Hogan","NE","WR",28,5,9,4.32,2.28,5.688,2.13569660766692,86,0.135,6,3.408,NA,61.9,6.3,4.94346291918036,NA,1.8,NA
2533046,"Dwayne Allen","IND","TE",26,4,10,4.27666666666667,2.46,5.604,2.07692882240421,19,0.21,3,3.144,NA,NA,NA,6.82908434442419,NA,1.3,NA
2556612,"Tanner McEvoy","SEA","WR",23,0,5,4.25,1.57,4.53,2.61629509039023,87,0.191666666666666,6,2.96,NA,NA,NA,6.49375267097134,NA,NA,NA
2532977,"Kendall Wright","TEN","WR",27,4,13,4.12,3.26,4.588,0.830180703220691,88,0.335,6,1.328,NA,80.7,6.1,3.88006106334595,NA,1.9,NA
2495473,"Shane Vereen","NYG","RB",27,5,8,4.08,2.856,4.104,1.10308657865101,49,0.31,5,1.248,NA,NA,NA,4.88450536830749,NA,2,NA
2535724,"Dominique Jones","MIA","TE",29,4,8,4.07,0.407,3.663,2.87792459942925,20,0.15,4,3.256,NA,NA,NA,8.18272224240585,NA,NA,NA
497254,"Dennis Pitta","BAL","TE",31,6,8,4.06333333333333,3.22,4.572,0.85675745303635,21,0.315,5,1.352,NA,18.7,2.6,4.2802837217797,NA,1.6,NA
2539250,"Quinton Patton","SF","WR",26,3,8,3.99666666666667,3.618,4.098,0.343559795862864,89,0.438333333333333,6,0.48,NA,78.7,8.3,4.22136142242181,NA,0.3,NA
2495469,"Dion Lewis","NE","RB",26,5,9,3.8,3.08,4.44,0.888819441731559,50,0.111666666666667,5,1.36,NA,35.8,4.9,4.84095663504,NA,10.4,NA
2555341,"Hunter Henry","SD","TE",22,0,11,3.77666666666667,1.7,5.084,2.11604190254667,22,0.0900000000000003,5,3.384,NA,17.2,2.7,5.37951361607124,NA,9.7,NA
2556075,"Derrick Henry","TEN","RB",22,0,13,3.74,3.084,4.124,0.668430998682736,51,0.143333333333334,5,1.04,NA,43.1,4.5,4.38378523855571,NA,17.8,NA
2495139,"Charles Clay","BUF","TE",27,5,10,3.72,2.78,4.268,0.930161276338679,23,0.0933333333333333,5,1.488,NA,NA,NA,4.89111156722038,NA,13.2,NA
1060,"Gary Barnidge","CLE","TE",31,8,13,3.65333333333333,3.012,3.972,0.65615038926555,24,0.0583333333333331,5,0.96,NA,22,2.8,4.18111614446954,NA,3.5,NA
2539322,"Christine Michael","GB","RB",26,3,4,3.63666666666667,2.28,4.688,1.63463553532074,52,0.0966666666666667,5,2.408,NA,NA,NA,5.9811608739051,NA,10.5,NA
2553451,"Neal Sterling","JAC","TE",NA,NA,5,3.6,3.6,3.6,NA,25,0.0366666666666666,5,0,NA,104.5,19.5,15.6809238050416,NA,1.4,NA
2495826,"Vernon Davis","WAS","TE",32,10,9,3.59,1.92,4.616,1.7658708899577,26,0.061666666666667,5,2.696,NA,21,4.3,5.64634702614522,NA,2.3,NA
2552418,"Justin Hardy","ATL","WR",25,1,11,3.57333333333333,1.54,5.236,2.49000669343143,90,0.0883333333333334,6,3.696,NA,82,9.7,6.31713935548769,NA,1.6,NA
2539265,"Rex Burkhead","CIN","RB",26,3,9,3.55666666666667,2.56,4.216,1.04385503463524,53,0.0899999999999999,5,1.656,NA,43.7,4.2,4.5986902011591,NA,5,NA
2555317,"Tajae Sharpe","TEN","WR",22,0,13,3.54333333333333,2.786,4.066,0.803513119577604,91,0.1225,7,1.28,NA,66.7,7,4.15154952567718,NA,1,NA
71265,"Jared Cook","GB","TE",29,7,4,3.53666666666667,2.8,3.928,0.714865954800852,27,0.0200000000000005,5,1.128,NA,NA,NA,4.52727455977179,NA,8.5,NA
2495258,"Matt Asiata","MIN","RB",29,5,6,3.52333333333333,1.44,5.096,2.36931072958642,54,0.165833333333333,5,3.656,NA,NA,NA,7.49689256053137,NA,2,NA
2540232,"Jack Doyle","IND","TE",26,3,10,3.52,2.152,4.232,1.41322326615436,28,0.11,5,2.08,NA,21.5,3.7,5.13735039962657,NA,3.2,NA
2552397,"Clive Walford","OAK","TE",25,1,10,3.51333333333333,3.008,3.568,0.366787858759438,29,0.2275,5,0.56,NA,31.6,2.9,3.97178280854596,NA,1.3,NA
2535964,"Josh Bellamy","CHI","WR",27,4,9,3.42666666666667,2.376,4.056,1.15418080617091,92,0.019166666666667,7,1.68,NA,78.3,8.3,4.84137395543546,NA,7,NA
2508097,"Andrew Hawkins","CLE","WR",30,5,13,3.415,2.243,3.387,1.01116269709676,93,0.04,7,1.144,NA,NA,NA,4.0383457956673,NA,3.3,NA
2543600,"Alfred Blue","HOU","RB",25,2,9,3.41,2.8,3.624,0.515072810387037,55,0.1725,6,0.824,NA,54,5.8,4.97252133217235,NA,0.5,NA
2530660,"Kamar Aiken","BAL","WR",27,5,8,3.4,3.14,3.46,0.2,94,0.0983333333333332,7,0.32,NA,92.2,6.7,3.59265062209947,NA,7.9,NA
2541944,"Russell Shepard","TB","WR",26,3,6,3.35,2.94,3.54,0.377491721763538,95,0.0983333333333332,7,0.6,NA,80.1,10,4.79865383998969,NA,1.9,NA
2555415,"Austin Hooper","ATL","TE",NA,0,11,3.30666666666667,2.42,4.036,1.13847851685191,30,0.0741666666666672,5,1.616,NA,29,3.9,4.97553855896148,NA,6.9,NA
2495979,"DeAngelo Williams","PIT","RB",33,10,8,3.305,2.301,3.109,0.714177848998413,56,0.1525,6,0.808,NA,NA,NA,4.08213543756658,NA,NA,NA
2540203,"Levine Toilolo","ATL","TE",25,3,11,3.265,1.333,3.997,2.3546655813512,31,0.221666666666667,5,2.664,NA,40.7,2.4,5.47563428558512,NA,3,NA
2552491,"Dorial Green-Beckham","PHI","WR",23,1,4,3.25333333333333,1.56,4.408,1.80514080706557,96,0.0783333333333336,7,2.848,NA,NA,NA,5.252911845299,NA,1.1,NA
2532933,"Brian Quick","LA","WR",27,4,8,3.25,2.96,3.4,0.304138126514911,97,0.165,7,0.44,NA,NA,NA,2.95679451748674,NA,4.6,NA
2553830,"Will Tye","NYG","TE",NA,NA,8,3.2,2.56,3.84,1.13137084989848,32,0.326666666666667,5,1.28,NA,26.2,3.5,4.82885325813495,NA,2.5,NA
2536044,"Jamize Olawale","OAK","RB",27,4,10,3.17,0.934,3.606,2.36173664916307,57,0.0600000000000001,6,2.672,NA,70.5,4.2,5.95817187275592,NA,1.2,NA
2552379,"Jeremy Langford","CHI","RB",25,1,9,3.135,2.427,2.643,0.190918830920368,58,0.200833333333334,7,0.216,NA,61,4.2,3.718830338779,NA,2.2,NA
2552408,"Darren Waller","BAL","WR",24,1,8,3.1,3.1,3.1,NA,98,0.0300000000000002,8,0,NA,NA,NA,NA,NA,1.1,NA
2534770,"Jonathan Grimes","HOU","RB",27,4,9,3.085,1.777,3.193,1.25157900270019,59,0.343333333333333,7,1.416,NA,68,6,5.84718907268809,NA,1.5,NA
2540145,"Cordarrelle Patterson","MIN","WR",25,3,6,3.07,2.32,3.608,0.902053213507939,99,0.0233333333333334,8,1.288,NA,81.7,7.7,4.45394104266882,NA,4.9,NA
2552429,"Ty Montgomery","GB","WR",23,1,4,3.07,3.07,3.07,NA,99,0.113333333333333,9,0,NA,NA,NA,NA,NA,28.3,NA
2552424,"Phillip Dorsett","IND","WR",23,1,10,3.02333333333333,2.24,3.656,0.891422084835985,101,0.223333333333333,10,1.416,NA,NA,NA,3.85517590648765,NA,11,NA
2556606,"Jalin Marshall","NYJ","WR",NA,0,11,2.89,2.89,2.89,NA,102,0.185,10,0,NA,NA,NA,NA,NA,NA,NA
2495187,"Lance Kendricks","LA","TE",28,5,8,2.88666666666667,2.448,3.12,0.420158700175699,33,0.103333333333333,6,0.672,NA,26.7,4.1,4.43891823676669,NA,0.5,NA
2539227,"Dustin Hopkins","WAS","K",26,3,9,2.86666666666667,2.12,3.72,1.02632028788938,24,0.0500000000000003,6,1.6,NA,8.1,3.9,5.41573611911402,NA,10,NA
2550636,"Cairo Santos","KC","K",25,2,5,2.86666666666667,2.68,3,0.23094010767585,24,0.25,6,0.32,NA,6.4,3.3,3.75549754357329,NA,5,NA
2540200,"Dion Sims","MIA","TE",25,3,8,2.86,2.536,3.016,0.307896086366813,34,0.265,6,0.48,NA,29.8,3.5,4.13304019649311,NA,15.1,NA
2550268,"Charcandrick West","KC","RB",25,2,5,2.78333333333333,1.82,3.3,0.930501656813857,60,0.165,7,1.48,NA,57.1,4,4.36684562515731,NA,0.5,NA
2536340,"Justin Tucker","BAL","K",27,4,8,2.76666666666667,2.44,3,0.404145188432738,26,0.55,6,0.56,NA,2.5,2.6,3.04189434558232,NA,12,NA
2552600,"Nelson Agholor","PHI","WR",23,1,4,2.71,2.3,2.884,0.373229152130431,103,0.0350000000000001,10,0.584,NA,88.2,6.3,3.59542000200252,NA,0.9,NA
2550284,"Trey Burton","PHI","TE",25,2,4,2.70666666666667,2.356,2.9,0.352325606979302,35,0.28,6,0.544,NA,28.4,4.3,4.45194093785134,NA,0.2,NA
2553451,"Neal Sterling","JAC","WR",NA,NA,5,2.7,2.7,2.7,NA,104,0.0683333333333334,10,0,NA,104.5,19.5,12.6903289390841,NA,1.4,NA
2553762,"Terron Ward","ATL","RB",NA,NA,11,2.7,2.7,2.7,NA,61,0.256666666666667,7,0,NA,76.5,5,5.35438232756496,NA,5.2,NA
2495453,"Andre Holmes","OAK","WR",28,5,10,2.65,1.13,2.97,1.62634559672906,105,0.0508333333333333,10,1.84,NA,112.7,8.6,5.29980962262171,NA,2.3,NA
2528181,"Bryan Walters","JAC","WR",29,6,5,2.61333333333333,1.82,2.892,0.714516153304692,106,0.0583333333333327,10,1.072,NA,85.2,4.8,3.36998140726689,NA,2.6,NA
2539203,"Cobi Hamilton","PIT","WR",26,3,8,2.585,2.193,2.377,0.162634559672906,107,0.0608333333333335,10,0.184,NA,98.7,4.8,2.94786860678418,NA,2.1,NA
2533460,"Robert Turbin","IND","RB",27,4,10,2.53666666666667,1.78,2.988,0.782325592917254,62,0.19,7,1.208,NA,58.7,3.5,3.92670950208669,NA,17.4,NA
2543491,"Paul Richardson","SEA","WR",24,2,5,2.525,1.725,2.725,0.883883476483184,108,0.0108333333333333,10,1,NA,118.6,10.1,5.21840494708098,NA,NA,NA
2550328,"Brandon Coleman","NO","WR",24,2,5,2.52333333333333,1.52,3.256,1.12055045996748,109,0.065833333333333,10,1.736,NA,87.2,10.1,5.39942233257293,NA,0,NA
222,"Harry Douglas","TEN","WR",32,8,13,2.505,1.641,2.769,0.997020561473032,110,0.12,10,1.128,NA,121.4,11.4,5.72655144338372,NA,NA,NA
2550313,"Richard Rodgers","GB","TE",24,2,4,2.48333333333333,1.7,2.94,0.791096285753721,36,0.153333333333333,6,1.24,NA,37.2,4.9,5.03370912849222,NA,1,NA
2553833,"Josh Lambo","SD","K",26,1,11,2.46666666666667,2.08,2.88,0.503322295684717,27,0.516666666666667,6,0.8,NA,13.5,3.4,4.18753832986406,NA,4,NA
2550272,"Albert Wilson","KC","WR",24,2,5,2.41,1.32,3.264,1.26581989240176,111,0.0525000000000002,10,1.944,NA,94.5,8.7,5.05648922914433,NA,0,NA
2552396,"Ben Koyack","JAC","TE",23,1,5,2.37,2.046,2.094,0.0424264068711929,37,0.15,7,0.048,NA,NA,NA,3.39088947224992,NA,0.2,NA
2532841,"Michael Floyd","NE","WR",27,4,9,2.36,1.628,2.492,0.763675323681471,112,0.0575000000000001,11,0.864,NA,NA,NA,3.65975883251469,NA,NA,NA
2550198,"Bennie Fowler","DEN","WR",25,2,11,2.355,1.771,2.339,0.502045814642449,113,0.16,11,0.568,NA,NA,NA,3.25953832861051,NA,NA,NA
2552635,"Matt Jones","WAS","RB",24,1,9,2.35,0.47,4.23,3.32340187157677,63,0.0508333333333328,7,3.76,NA,NA,NA,9.46530824562835,NA,NA,NA
2550512,"Damien Williams","MIA","RB",24,2,8,2.34333333333333,1.42,2.804,0.875576000889319,64,0.0941666666666667,7,1.384,NA,51.9,3.8,4.19527309192194,NA,0,NA
2539995,"Mychal Rivera","OAK","TE",26,3,10,2.29,1.894,2.454,0.356791255498225,38,0.151666666666666,7,0.56,NA,36.6,3.7,4.24469500288007,NA,1.5,NA
2550263,"Juwan Thompson","DEN","RB",24,2,11,2.255,0.971,2.339,1.209152595829,65,0.0658333333333334,8,1.368,NA,78.1,3.6,4.42446621441903,NA,NA,NA
2552470,"Sammie Coates","PIT","WR",23,1,8,2.25,0.86,3.86,2.08386659841747,114,0.111666666666666,11,3,NA,88.7,12.8,7.01188182423361,NA,1,NA
2495461,"Shaun Draughn","SF","RB",29,5,8,2.24333333333333,1.34,2.804,0.923381466856106,66,0.110833333333333,8,1.464,NA,NA,NA,4.5137500545004,NA,1.5,NA
2552402,"Nick Boyle","BAL","TE",23,1,8,2.15,1.25,2.45,1.06066017177982,39,0.061666666666667,7,1.2,NA,51,7.1,6.03522041561315,NA,NA,NA
2556519,"Alex Erickson","CIN","WR",24,0,9,2.14,1.008,2.672,1.47078210486802,115,0.00333333333333341,11,1.664,NA,113.5,6,4.33760048189519,NA,0,NA
2541388,"Brice Butler","DAL","WR",26,3,7,2.13666666666667,1.14,2.988,1.27985676281892,116,0.0083333333333333,11,1.848,NA,108.8,12.1,6.16990389641112,NA,2.1,NA
2550223,"Freddie Martino","TB","WR",25,2,6,2.13666666666667,1.04,3.208,1.40678119596948,116,0.0283333333333333,11,2.168,NA,99.3,8.6,5.13187333853399,NA,2.5,NA
2535708,"Lance Dunbar","DAL","RB",26,4,7,2.135,1.407,2.263,0.756604255869606,67,0.02,8,0.856,NA,81.3,6.9,5.85369898548416,NA,2,NA
2539289,"Kenjon Barner","PHI","RB",27,3,4,2.13,1.058,2.978,1.20112447315006,68,0.0383333333333336,8,1.92,NA,55.3,6.6,6.13988120930523,NA,3.1,NA
2543683,"Austin Seferian-Jenkins","NYJ","TE",24,2,11,2.12666666666667,1.78,2.244,0.296872587709498,40,0.115,7,0.464,NA,35.7,4.2,4.36991481260296,NA,0.3,NA
2543759,"Ryan Grant","WAS","WR",26,2,9,2.12,0.924,2.716,1.58391918985787,118,0.0716666666666668,11,1.792,NA,132.3,2.1,3.15929764501222,NA,NA,NA
2552375,"Cameron Artis-Payne","CAR","RB",24,1,7,2.1,1.56,2.04,0.424264068711928,69,0.0458333333333334,8,0.48,NA,NA,NA,3.48400512555971,NA,NA,NA
2550546,"Philly Brown","CAR","WR",25,2,7,2.09666666666667,1.8,2.272,0.340636658821879,119,0.0991666666666666,11,0.472,NA,107.4,8,4.12183047457183,NA,4.2,NA
2539217,"Andre Ellington","ARI","RB",27,3,9,2.08333333333333,1.12,2.92,1.27115433104456,70,0.0608333333333335,8,1.8,NA,65,3.7,4.54588163835268,NA,0.9,NA
2540211,"Gavin Escobar","DAL","TE",25,3,7,2.05,0.45,2.45,1.76776695296637,41,0.0900000000000003,7,2,NA,56.7,6.3,6.35134675492351,NA,NA,NA
2506147,"John Kuhn","NO","RB",34,10,5,2.025,1.005,1.845,0.742462120245875,71,0.0300000000000002,8,0.84,NA,NA,NA,4.14048961434773,NA,0.2,NA
2535890,"Travaris Cadet","NO","RB",27,4,5,2.02,1.704,1.736,0.0282842712474619,72,0.0524999999999998,8,0.032,NA,60.5,7,5.15984551049689,NA,10.6,NA
2495459,"Torrey Smith","SF","WR",27,5,8,2,2,2,NA,120,0.0474999999999999,11,0,NA,NA,NA,NA,NA,NA,NA
497320,"Andre Roberts","DET","WR",28,6,10,1.995,1.059,2.331,1.12429978208661,121,0.085,11,1.272,NA,111.1,8.8,4.98067771017297,NA,0,NA
2552580,"A.J. Derby","DEN","TE",25,1,11,1.97333333333333,0.944,2.944,1.28690844015156,42,0.041666666666667,7,2,NA,NA,NA,5.49399424748637,NA,3.5,NA
2540037,"Fozzy Whittaker","CAR","RB",27,4,7,1.97,1.24,2.688,0.992320512737694,73,0.0708333333333333,8,1.448,NA,65.2,5.4,5.23500756097016,NA,2.8,NA
89802,"Ryan Succop","TEN","K",30,7,13,1.96666666666667,1.92,2,0.0577350269189626,28,0.0333333333333332,7,0.0800000000000001,NA,22.7,3.4,3.6925047599961,NA,9,NA
2540178,"Knile Davis","KC","RB",25,3,5,1.965,0.833,1.897,0.940452018978108,74,0.196666666666667,8,1.064,NA,81.5,2.5,3.51526181293707,NA,NA,NA
2495288,"Virgil Green","DEN","TE",28,5,11,1.94666666666667,1.12,2.672,0.993243843843662,43,0.033333333333333,7,1.552,NA,41.6,7.4,6.08376515208257,NA,0.9,NA
2506677,"Matt Prater","DET","K",32,10,10,1.93333333333333,1.84,2,0.115470053837925,29,0.0666666666666667,7,0.16,NA,9.8,4.3,4.92154054807231,NA,7,NA
2539637,"Caleb Sturgis","PHI","K",27,3,4,1.93333333333333,1.84,2,0.115470053837925,29,0.333333333333333,7,0.16,NA,18.7,4.4,5.050973211667,NA,13,NA
2556463,"Stephen Anderson","HOU","TE",23,0,9,1.91666666666667,0.8,2.52,1.10264832713487,44,0.0116666666666665,7,1.72,NA,38.4,3.9,4.94526305434334,NA,0.7,NA
2556396,"Chester Rogers","IND","WR",22,0,10,1.91,0.878,2.942,1.82433549546129,122,0.00750000000000006,11,2.064,NA,89.4,7.1,4.96476863869457,NA,2.4,NA
2552633,"Jesse James","PIT","TE",22,1,8,1.91,1.1,2.564,1.05655099261702,45,0.0374999999999999,7,1.464,NA,34.6,4,4.94148198098765,NA,0,NA
2555477,"Charone Peake","NYJ","WR",24,0,11,1.91,1.362,1.858,0.438406204335659,123,0.0274999999999999,11,0.496,NA,117,2.2,2.31557096251921,NA,1.8,NA
2532835,"Rhett Ellison","MIN","TE",28,4,6,1.9,0.88,2.32,1.27279220613579,46,0.0600000000000001,7,1.44,NA,53.6,4,5.12419973688625,NA,NA,NA
81306,"Brandon Tate","BUF","WR",29,7,10,1.895,0.959,2.231,1.12429978208661,124,0.0600000000000001,11,1.272,NA,95,30.3,11.9534970685369,NA,0,NA
71417,"Jordan Norwood","DEN","WR",30,7,11,1.87,1.282,2.162,0.587962583843564,125,0.0999999999999999,11,0.88,NA,103.6,11.2,5.3488154448093,NA,-4.8,NA
497224,"Ed Dickson","CAR","TE",29,6,7,1.845,0.949,2.141,1.05358910396796,47,0.0425,7,1.192,NA,53.7,2.2,4.30592142033467,NA,2.8,NA
2540259,"MarQueis Gray","MIA","TE",26,3,8,1.835,0.467,2.603,1.88797510576808,48,0.131666666666667,7,2.136,NA,54.1,6.1,6.38257950912611,NA,2.8,NA
2543551,"KaDeem Carey","CHI","RB",24,2,9,1.83333333333333,1.1,2.46,0.873689494805411,75,0.206666666666667,8,1.36,NA,72.3,6.1,5.51482771127771,NA,0.1,NA
2556697,"Bryce Treggs","PHI","WR",22,0,4,1.8,1.16,2.44,1.13137084989848,126,0.0875000000000001,11,1.28,NA,106.2,16.7,7.54819181308529,NA,0,NA
2507463,"Connor Barth","CHI","K",30,8,9,1.8,1.52,2,0.346410161513776,31,1.1,7,0.48,NA,27.1,3.1,3.62491584783183,NA,9,NA
2555311,"Jerell Adams","NYG","TE",24,0,8,1.77,1.014,1.926,0.806101730552664,49,0.149166666666667,8,0.912,NA,41.8,3.9,4.69468950379227,NA,1.8,NA
497270,"Arrelious Benn","JAC","WR",28,6,5,1.74,1.74,1.74,NA,127,0.1325,12,0,NA,122.2,1.6,1.07977391445947,NA,NA,NA
2555430,"Alex Collins","SEA","RB",22,0,5,1.70333333333333,0.34,2.748,1.51526675319342,76,0.175833333333334,8,2.408,NA,57.8,6.4,6.34902655618248,NA,NA,NA
2556592,"Roger Lewis","NYG","WR",23,0,8,1.685,1.077,1.693,0.544472221513642,128,0.2175,12,0.616,NA,107.8,9.6,4.79664386833266,NA,NA,NA
2541199,"Luke Willson","SEA","TE",26,3,5,1.63666666666667,0.94,2.308,0.934897498837885,50,0.0741666666666669,8,1.368,NA,50.5,4.3,4.94419783466517,NA,7.9,NA
2495835,"Anthony Fasano","TEN","TE",32,10,13,1.605,0.981,1.629,0.572756492761104,51,0.0883333333333336,8,0.648,NA,49.2,4.4,4.67336872965297,NA,NA,NA
2552477,"Aaron Ripkowski","GB","RB",NA,NA,4,1.55,0.6,2.24,1.0688779163216,77,0.0725,8,1.64,NA,NA,NA,4.81392839244863,NA,NA,NA
2543750,"Jeff Janis","GB","WR",25,2,4,1.53,0.806,1.654,0.74953318805774,129,0.2,12,0.848,NA,121.5,16.5,7.19127557704724,NA,0,NA
2550405,"Erik Swoope","IND","TE",24,2,10,1.52,0.804,1.636,0.73539105243401,52,0.0283333333333333,8,0.832,NA,46.6,1.5,3.79086383500472,NA,11,NA
2541187,"Demetrius Harris","KC","TE",25,3,5,1.51333333333333,0.94,2.012,0.722864671521118,53,0.205833333333333,8,1.072,NA,57.5,3.4,4.44850712304512,NA,NA,NA
2556411,"Josh Ferguson","IND","RB",23,0,10,1.505,0.801,1.609,0.714177848998413,78,0.0616666666666668,8,0.808,NA,80.4,5.8,5.17791129112683,NA,0.1,NA
2550521,"Xavier Grimble","PIT","TE",24,2,8,1.47,0.147,1.323,1.03944696834423,54,0.3725,8,1.176,NA,NA,NA,5.07579825178106,NA,NA,NA
2553631,"Zach Zenner","DET","RB",NA,NA,10,1.45,0.95,1.67,0.482182538049648,79,0.0149999999999999,8,0.72,NA,NA,NA,3.60349855599167,NA,3.4,NA
2495471,"Jacquizz Rodgers","TB","RB",26,5,6,1.43666666666667,0.948,1.9,0.597522663447449,80,0.01,8,0.952,NA,59.6,6,5.17248688729917,NA,NA,NA
2530690,"DuJuan Harris","SF","RB",28,5,8,1.43333333333333,0.74,1.86,0.757187779440037,81,0.0183333333333335,8,1.12,NA,77,5.7,5.16482231563213,NA,NA,NA
2555230,"Kenyan Drake","MIA","RB",NA,0,8,1.42,0.944,1.296,0.311126983722081,82,0.0549999999999999,8,0.352,NA,77.4,4.6,4.07265916871949,NA,1.6,NA
2540230,"Kyle Juszczyk","BAL","RB",25,3,8,1.41,1.258,1.562,0.268700576850888,83,0.1525,8,0.304,NA,70.6,4.5,3.97143698506349,NA,1.5,NA
2553434,"Devin Smith","NYJ","WR",NA,NA,11,1.405,0.621,1.589,0.855599205235723,130,0.174166666666667,12,0.968,NA,NA,NA,3.80037684739995,NA,NA,NA
2534797,"Greg Zuerlein","LA","K",29,4,8,1.4,1.04,1.84,0.529150262212918,32,1.4,8,0.8,NA,29.5,3.3,4.08679973221137,NA,3,NA
2555464,"DeAndre Washington","OAK","RB",23,0,10,1.32,0.696,1.944,1.10308657865101,84,0.175,8,1.248,NA,81.4,10.6,8.33701070786367,NA,3.4,NA
2543836,"T.J. Jones","DET","WR",24,2,10,1.255,0.819,1.691,0.770746391493337,131,0.0516666666666665,12,0.872,NA,NA,NA,3.67057560289048,NA,NA,NA
2555331,"Cody Core","CIN","WR",22,0,9,1.20666666666667,0.616,1.88,0.81002057587035,132,0.0116666666666665,12,1.264,NA,95.2,8.2,4.54570744165062,NA,1.3,NA
2556805,"Johnny Holton","OAK","WR",25,0,10,1.2,0.34,1.46,0.989949493661167,133,0.02,12,1.12,NA,130,7.3,4.39144262241479,NA,NA,NA
2507428,"Mike Tolbert","CAR","RB",31,8,7,1.195,0.959,1.431,0.417193000900063,85,0.139166666666667,8,0.472,NA,76.7,5.2,4.52681255660496,NA,10.1,NA
2541147,"Charles Johnson","MIN","WR",27,3,6,1.19,0.516,1.9,0.868504461704141,134,0.0566666666666669,12,1.384,NA,114.3,5.7,3.77964654625072,NA,5,NA
2552420,"Keith Mumphery","HOU","WR",24,1,9,1.17,0.426,1.914,1.31521861300698,135,0.0741666666666667,12,1.488,NA,96.9,5.3,3.99159398214036,NA,1.1,NA
2537933,"Larry Donnell","NYG","TE",28,4,8,1.145,0.569,1.121,0.487903679018718,55,0.1875,8,0.552,NA,73,5,4.81268976634205,NA,NA,NA
2535869,"Rod Streater","SF","WR",28,4,8,1.09666666666667,0.432,1.8,0.859088664419065,136,0.00916666666666677,12,1.368,NA,94.2,10.1,5.1994403581572,NA,7.1,NA
2543746,"Josh Huff","TB","WR",25,2,6,1.095,0.611,1.579,0.855599205235723,137,0.0174999999999998,12,0.968,NA,112.7,12.1,5.84540576524698,NA,0,NA
2556454,"Brandon Wilds","NYJ","RB",23,0,11,1.095,0.451,1.739,1.13844191771034,86,0.104166666666667,8,1.288,NA,70.3,5.1,5.21337175949458,NA,NA,NA
2556785,"Paul Turner","PHI","WR",23,0,4,1.08,0.584,1.576,0.876812408671319,138,0.0825,12,0.992,NA,98.5,13.6,6.34810668999885,NA,NA,NA
2555419,"Pharoh Cooper","LA","WR",21,0,8,1.075,0.975,1.175,0.176776695296637,139,0.1625,12,0.2,NA,116.5,8,3.99650035142809,NA,2.1,NA
2543794,"Crockett Gillmore","BAL","TE",25,2,8,1.05,0.105,0.945,0.742462120245875,56,0.2175,9,0.84,NA,NA,NA,4.57391053021859,NA,NA,NA
2533457,"Alfred Morris","DAL","RB",28,4,7,1.01666666666667,0.52,1.44,0.596517672272443,87,0.0666666666666665,8,0.92,NA,62.3,5.5,4.88416741736999,NA,NA,NA
497145,"Joique Bell","DET","RB",30,6,10,0.965,0.697,1.233,0.473761543394987,88,0.0725,8,0.536,NA,74.8,4.3,4.06805777375492,NA,NA,NA
2553660,"Akeem Hunt","HOU","RB",23,1,9,0.935,0.403,1.467,0.940452018978108,89,0.16,8,1.064,NA,81.6,8.7,7.07756797928532,NA,1.5,NA
2555473,"Ricardo Louis","CLE","WR",NA,0,13,0.92,0.664,1.176,0.452548339959391,140,0.0724999999999998,12,0.512,NA,NA,NA,3.18382093597999,NA,NA,NA
2550183,"Jeremy Butler","SD","WR",25,2,11,0.905,0.749,1.061,0.275771644662754,141,0.1575,13,0.312,NA,NA,NA,2.91340167658527,NA,NA,NA
2505354,"Tony Romo","DAL","QB",36,13,7,0.876,0.876,0.876,NA,33,0.57,7,0,NA,NA,NA,NA,NA,NA,NA
2555364,"Tyler Higbee","LA","TE",23,0,8,0.865,0.757,0.973,0.190918830920368,57,0.0850000000000001,9,0.216,NA,49.4,7.3,5.37065315562935,NA,1.5,NA
4433,"Marcel Reece","SEA","RB",31,8,5,0.85,0.17,1.53,1.20208152801713,90,0.15,8,1.36,NA,75.7,5.6,5.56630296372405,NA,0.9,NA
2552408,"Darren Waller","BAL","TE",24,1,8,0.8,0.8,0.8,NA,58,0.0533333333333333,10,0,NA,NA,NA,NA,NA,1.1,NA
2532978,"Jarius Wright","MIN","WR",27,4,6,0.79,0.782,0.798,0.014142135623731,142,0.0875,13,0.016,NA,NA,NA,2.51318117268109,NA,0.2,NA
2540928,"Darren Fells","ARI","TE",30,4,9,0.76,0.568,0.952,0.339411254969543,59,0.0683333333333334,11,0.384,NA,46.6,4.3,4.44102867288709,NA,1.3,NA
2552478,"Blake Bell","SF","TE",25,1,8,0.733333333333333,0.26,1.3,0.680685928555405,60,0.133333333333333,11,1.04,NA,40.1,4.2,4.6942263126271,NA,4.5,NA
2555209,"Chris Moore","BAL","WR",23,0,8,0.705,0.541,0.869,0.289913780286485,143,0.0099999999999999,13,0.328,NA,126,4.5,2.94792438632864,NA,0,NA
2556144,"Daniel Braverman","CHI","WR",23,0,9,0.7,0.46,0.94,0.424264068711929,144,0.0133333333333333,13,0.48,NA,122,8.3,4.28308898684203,NA,0,NA
2534571,"Bobby Rainey","NYG","RB",29,4,8,0.7,0.52,0.92,0.264575131106459,91,0.005,9,0.4,NA,81.4,6.9,5.34613854178909,NA,NA,NA
2553439,"Mike Davis","SF","RB",23,1,8,0.7,0.14,1.26,0.989949493661166,91,0.0125,10,1.12,NA,NA,NA,4.65108866118286,NA,NA,NA
2543638,"DeAnthony Thomas","KC","WR",23,2,5,0.69,0.522,0.858,0.29698484809835,145,0.00833333333333341,13,0.336,NA,NA,NA,2.94585198771264,NA,0.4,NA
2506874,"Reggie Bush","BUF","RB",31,10,10,0.69,0.362,1.018,0.579827560572969,93,0.0149999999999999,10,0.656,NA,73.9,7.6,6.07353804053397,NA,NA,NA
2555220,"Derek Watt","SD","RB",24,0,11,0.685,0.377,0.993,0.544472221513642,94,0.0600000000000001,10,0.616,NA,81.8,4.9,4.48573980115216,NA,NA,NA
2555215,"Leonte Carroo","MIA","WR",22,0,8,0.683333333333333,0.46,0.98,0.361708906903512,146,0.0433333333333333,13,0.52,NA,115.3,13,5.75953371615274,NA,NA,NA
2556460,"Geronimo Allison","GB","WR",22,0,4,0.68,0.504,0.856,0.311126983722081,147,0.0799999999999998,13,0.352,NA,137,7,3.7749424905393,NA,0.7,NA
2552382,"Malcolm Brown","LA","RB",23,1,8,0.665,0.477,0.853,0.332340187157677,95,0.0974999999999999,10,0.376,NA,76.6,3.9,3.69234612752149,NA,0.8,NA
2552559,"C.J. Uzomah","CIN","TE",23,1,9,0.65,0.65,0.65,NA,61,0.105,11,0,NA,NA,NA,NA,NA,NA,NA
2553621,"Lucky Whitehead","DAL","WR",NA,NA,7,0.6,0.6,0.6,NA,148,0.0425000000000001,13,0,NA,132.5,5.5,3.60944791423802,NA,0,NA
2556381,"Mike Thomas","LA","WR",22,0,8,0.6,0.6,0.6,NA,149,0.0924999999999999,14,0,NA,NA,NA,NA,NA,0.6,NA
2552631,"Javorius Allen","BAL","RB",25,1,8,0.585,0.253,0.917,0.586898628384834,96,0.055,10,0.664,NA,NA,NA,3.81954164205137,NA,NA,NA
2536342,"Brandon Bostick","NYJ","TE",27,4,11,0.55,0.35,0.75,0.353553390593274,62,0.03,11,0.4,NA,NA,NA,3.91667660912489,NA,NA,NA
2539980,"Kerwynn Williams","ARI","RB",25,3,9,0.55,0.11,0.99,0.777817459305202,97,0.0425,10,0.88,NA,NA,NA,4.21343233532418,NA,12.3,NA
2552586,"Tyler Kroft","CIN","TE",24,1,9,0.54,0.412,0.668,0.226274169979695,63,0.045,11,0.256,NA,63.3,10.1,6.38528407702732,NA,NA,NA
2550162,"James Wright","CIN","WR",25,2,9,0.515,0.287,0.743,0.403050865276332,150,0.0175,14,0.456,NA,NA,NA,3.10810354334947,NA,0.5,NA
2553650,"Corey Grant","JAC","RB",NA,NA,5,0.51,0.198,0.822,0.551543289325507,98,0.0125,10,0.624,NA,71.5,8.5,6.56146991177459,NA,NA,NA
2550738,"Fitzgerald Toussaint","PIT","RB",26,2,8,0.505,0.269,0.741,0.417193000900063,99,0.0425000000000001,10,0.472,NA,81.4,7.9,6.07813943549855,NA,NA,NA
2553554,"Matt Lengel","NE","TE",NA,NA,9,0.5,0.5,0.5,NA,64,0.0275,12,0,NA,NA,NA,NA,NA,NA,NA
2556882,"Jake Lampman","NO","WR",23,0,5,0.5,0.5,0.5,NA,151,0.0125,14,0,NA,NA,NA,NA,NA,NA,NA
2556752,"Tommylee Lewis","NO","WR",24,0,5,0.495,0.331,0.659,0.289913780286485,152,0.0175000000000001,14,0.328,NA,NA,NA,2.93503521733685,NA,0,NA
497258,"Andrew Quarless","FA","TE",28,6,NA,0.49,0.49,0.49,NA,65,0.04,12,0,NA,NA,NA,NA,NA,NA,NA
2532797,"Brandon Bolden","NE","RB",26,4,9,0.49,0.242,0.738,0.438406204335659,100,0.055,10,0.496,NA,NA,NA,3.51318221395029,NA,NA,NA
2550163,"Michael Campanaro","BAL","WR",25,2,8,0.48,0.048,0.432,0.339411254969543,153,0.0175,14,0.384,NA,NA,NA,3.01075260996737,NA,0,NA
2543641,"Devin Street","IND","WR",25,2,10,0.475,0.455,0.495,0.0353553390593273,154,0.0325,14,0.0399999999999999,NA,120,13,5.50991854496415,NA,NA,NA
2550206,"Ryan Hewitt","CIN","TE",25,2,9,0.455,0.339,0.571,0.205060966544099,66,0.0149999999999999,12,0.232,NA,66,3.3,3.9758076457751,NA,NA,NA
2540261,"Corey Fuller","FA","WR",26,3,NA,0.45,0.045,0.405,0.318198051533946,155,0.03,14,0.36,NA,NA,NA,2.97830229884,NA,NA,NA
2555289,"Nick Vannett","SEA","TE",NA,0,5,0.445,0.401,0.489,0.0777817459305202,67,0.015,12,0.088,NA,62.7,2.9,3.72758075511781,NA,NA,NA
2495472,"Jordan Todman","IND","RB",26,5,10,0.435,0.223,0.647,0.37476659402887,101,0.00250000000000006,10,0.424,NA,92.1,2.7,3.04663314726577,NA,1.9,NA
2535966,"Brenton Bersin","CAR","WR",26,3,7,0.435,0.407,0.463,0.0494974746830584,156,0.0325,14,0.056,NA,133,1,1.62892916183448,NA,NA,NA
89766,"Brandon Myers","TB","TE",31,7,6,0.435,0.303,0.567,0.233345237791561,68,0.015,12,0.264,NA,58.9,5.9,4.91412395246942,NA,NA,NA
2550474,"Antonio Andrews","TEN","RB",24,2,13,0.435,0.383,0.487,0.0919238815542511,102,0.0475,10,0.104,NA,NA,NA,2.79834354838111,NA,NA,NA
2556466,"Peyton Barber","TB","RB",22,0,6,0.43,0.043,0.387,0.304055915910215,103,0.105,10,0.344,NA,78.3,12.7,8.71934553330261,NA,NA,NA
2552403,"Nick OLeary","BUF","TE",24,1,10,0.425,0.405,0.445,0.0353553390593274,69,0.0175,12,0.04,NA,50.4,5.2,4.5006388822176,NA,0,NA
2534241,"Derek Carrier","WAS","TE",26,4,9,0.415,0.267,0.563,0.261629509039023,70,0.0375,12,0.296,NA,NA,NA,3.76133040959365,NA,NA,NA
2543590,"Cody Latimer","DEN","WR",24,2,11,0.405,0.249,0.561,0.275771644662754,157,0.02,14,0.312,NA,123.2,12.6,5.56407676956904,NA,0,NA
2507218,"Brent Celek","PHI","TE",31,9,4,0.4,0.4,0.4,0,71,0.0600000000000001,12,0,NA,NA,NA,3.31919122631242,NA,0.5,NA
2553725,"Bradley Marquez","LA","WR",NA,NA,8,0.4,0.4,0.4,NA,158,0.04,14,0,NA,132,9,5.87966817044954,NA,NA,NA
2555468,"Rashard Higgins","CLE","WR",22,0,13,0.37,0.346,0.394,0.0424264068711929,159,0.0275,14,0.048,NA,124.4,6.7,3.47212869956168,NA,NA,NA
2535535,"Phillip Supernaw","TEN","TE",26,4,13,0.355,0.319,0.391,0.0636396103067893,72,0.035,12,0.072,NA,NA,NA,3.42673859521867,NA,NA,NA
2532900,"Keshawn Martin","FA","WR",26,4,NA,0.35,0.35,0.35,NA,160,0.0175,14,0,NA,NA,NA,NA,NA,NA,NA
2530763,"Patrick DiMarco","ATL","RB",27,5,11,0.345,0.221,0.469,0.21920310216783,104,0.0525,10,0.248,NA,81.8,7.8,5.81644326569436,NA,NA,NA
1037885,"Marc Mariani","TEN","WR",29,6,13,0.335,0.147,0.523,0.332340187157677,161,0.00500000000000006,14,0.376,NA,NA,NA,2.99993583959158,NA,0,NA
2555413,"Trevor Davis","GB","WR",23,0,4,0.33,0.033,0.297,0.233345237791561,162,0.0025,15,0.264,NA,NA,NA,2.84850105433054,NA,NA,NA
2556190,"Jakeem Grant","MIA","WR",24,0,8,0.33,0.306,0.354,0.0424264068711928,163,0.0175,15,0.0479999999999999,NA,NA,NA,2.55644825418424,NA,0,NA
2555362,"Aaron Burbridge","SF","WR",23,0,8,0.325,0.185,0.465,0.247487373415292,164,0.025,15,0.28,NA,NA,NA,2.87013459508212,NA,2.9,NA
2555486,"Temarrick Hemingway","LA","TE",23,0,8,0.325,0.265,0.385,0.106066017177982,73,0.01,12,0.12,NA,NA,NA,3.49843684115616,NA,NA,NA
2532842,"Nick Foles","KC","QB",27,4,5,0.316,0.2008,0.4312,0.203646752981726,34,0.0205,7,0.2304,NA,NA,NA,3.75620904592943,NA,NA,NA
2507828,"Logan Paulsen","CHI","TE",29,6,9,0.315,0.247,0.383,0.120208152801713,74,0.005,12,0.136,NA,58.7,13,7.31558780230057,NA,NA,NA
2555306,"David Morgan","MIN","TE",23,0,6,0.315,0.303,0.327,0.0212132034355964,74,0.0125,12,0.0239999999999999,NA,NA,NA,3.35504034928117,NA,NA,NA
230,"Jerome Felton","BUF","RB",30,8,10,0.305,0.229,0.381,0.134350288425444,105,0.035,10,0.152,NA,NA,NA,2.88587481355285,NA,1.2,NA
71435,"John Phillips","NO","TE",29,7,5,0.305,0.229,0.381,0.134350288425444,76,0.0125,12,0.152,NA,57.7,6,4.86564587931344,NA,0.9,NA
2541940,"Rashad Ross","WAS","WR",26,3,9,0.3,0.14,0.46,0.282842712474619,165,0.015,15,0.32,NA,NA,NA,2.92421844696106,NA,NA,NA
2550182,"Isaiah Burse","SD","WR",25,2,11,0.3,0.3,0.3,NA,165,0.08,15,0,NA,NA,NA,NA,NA,0,NA
2552622,"Chris Manhertz","CAR","TE",NA,NA,7,0.3,0.14,0.46,0.282842712474619,77,0.0175,12,0.32,NA,NA,NA,3.79717953256239,NA,NA,NA
2506581,"Ryan Fitzpatrick","NYJ","QB",34,11,11,0.296,0.2178,0.3442,0.111722871427475,35,0.0115000000000001,7,0.1264,NA,33.5,0.5,1.87731373051549,NA,-0.66,NA
2543497,"AJ McCarron","CIN","QB",26,2,9,0.295,0.163,0.427,0.233345237791561,36,0.0245,7,0.264,NA,NA,NA,3.80859886696852,NA,NA,NA
497242,"Clay Harbor","DET","TE",29,6,10,0.285,0.137,0.433,0.261629509039023,78,0.00750000000000001,12,0.296,NA,NA,NA,3.76133040959365,NA,NA,NA
2534789,"Daryl Richardson","FA","RB",26,4,NA,0.28,0.28,0.28,NA,106,0.02,10,0,NA,NA,NA,NA,NA,NA,NA
2556478,"Ben Braunecker","CHI","TE",22,0,9,0.28,0.264,0.296,0.0282842712474619,79,0.00750000000000001,13,0.032,NA,66,7.5,5.30357127845801,NA,NA,NA
2552399,"Jeff Heuerman","DEN","TE",24,1,11,0.275,0.255,0.295,0.0353553390593274,80,0.015,13,0.04,NA,NA,NA,3.37893976459367,NA,4,NA
2552588,"Brett Hundley","GB","QB",23,1,4,0.274,0.0612000000000001,0.4868,0.376180807591243,37,0.01,7,0.4256,NA,NA,NA,4.06056895863273,NA,NA,NA
79589,"David Johnson","PIT","TE",29,7,8,0.27,0.246,0.294,0.0424264068711929,81,0.025,13,0.048,NA,NA,NA,3.39088947224992,NA,1.2,NA
2495159,"Dwayne Harris","NYG","WR",29,5,8,0.27,0.246,0.294,0.0424264068711929,167,0.11,15,0.048,NA,134.7,11,4.86669257123446,NA,0,NA
2555316,"Paxton Lynch","DEN","QB",22,0,11,0.267,0.1126,0.4214,0.272943217538007,38,0.00650000000000001,7,0.3088,NA,NA,NA,3.87845196168731,NA,NA,NA
2539228,"EJ Manuel","BUF","QB",26,3,10,0.261,0.1018,0.4202,0.281428498912246,39,0.002,7,0.3184,NA,NA,NA,3.89342048198419,NA,0.1,NA
2495443,"Ryan Mallett","BAL","QB",28,5,8,0.26,0.1,0.42,0.282842712474619,40,0.012,7,0.32,NA,NA,NA,3.89591523536701,NA,NA,NA
2539303,"Zach Line","MIN","RB",26,3,6,0.26,0.148,0.372,0.197989898732233,107,0.005,10,0.224,NA,85.3,7,5.33490804084036,NA,NA,NA
2556273,"Darius Jackson","CLE","RB",23,0,13,0.26,0.026,0.234,0.183847763108502,107,0.0125,10,0.208,NA,NA,NA,2.98799462291987,NA,NA,NA
497123,"Colt McCoy","WAS","QB",30,6,9,0.258,0.1584,0.3376,0.158391918985787,41,0.024,7,0.1792,NA,NA,NA,3.67637693767938,NA,NA,NA
2552462,"Gerald Christian","BUF","TE",25,1,10,0.25,0.05,0.45,0.353553390593274,82,0.03,13,0.4,NA,NA,NA,3.91667660912489,NA,NA,NA
2555227,"Jonathan Williams","BUF","RB",22,0,10,0.25,0.25,0.25,NA,109,0.0325,10,0,NA,82,4.3,4.5499906125831,NA,1,NA
2555218,"Dan Vitale","CLE","RB",NA,0,13,0.245,0.094,0.366,0.240416305603426,110,0.06,10,0.272,NA,NA,NA,3.10470297648219,NA,1.7,NA
2552401,"MyCole Pruitt","CHI","TE",24,1,9,0.24,0.24,0.24,NA,83,0.0425,14,0,NA,NA,NA,NA,NA,NA,NA
2543640,"Tom Savage","HOU","QB",26,2,9,0.238,0.0604,0.4156,0.313955410846827,42,0.00800000000000001,7,0.3552,NA,NA,NA,3.95079980978891,NA,10.4,NA
79858,"Mark Sanchez","DAL","QB",30,7,7,0.23,0.046,0.414,0.325269119345812,43,0.00600000000000001,7,0.368,NA,NA,NA,3.97075783685142,NA,NA,NA
2543751,"David Fales","CHI","QB",26,2,9,0.23,0.046,0.414,0.325269119345812,43,0.021,7,0.368,NA,NA,NA,3.97075783685142,NA,NA,NA
2495748,"Drew Stanton","ARI","QB",32,9,9,0.218,0.1044,0.3316,0.200818325856979,45,0.019,7,0.2272,NA,NA,NA,3.7512195391638,NA,NA,NA
2505982,"Matt Schaub","ATL","QB",35,12,11,0.2,0.072,0.328,0.226274169979695,46,0.002,7,0.256,NA,NA,NA,3.79612510005445,NA,0.64,NA
2535943,"Sean McGrath","SD","TE",29,4,11,0.2,0.2,0.2,0,84,0.0275,14,0,NA,NA,NA,3.31919122631242,NA,NA,NA
2495441,"Blaine Gabbert","SF","QB",27,5,8,0.198,0.1626,0.1834,0.0183847763108502,47,0.003,7,0.0208,NA,NA,NA,3.4293963527808,NA,NA,NA
2556477,"Trevone Boykin","SEA","QB",23,0,5,0.198,0.0524,0.3436,0.257386868351903,47,0.00700000000000001,7,0.2912,NA,NA,NA,3.85100967447636,NA,NA,NA
2552660,"Randall Telfer","CLE","TE",24,1,13,0.195,0.191,0.199,0.00707106781186548,85,0.0575,14,0.00800000000000001,NA,NA,NA,3.33114093396867,NA,NA,NA
2539287,"Landry Jones","PIT","QB",27,3,8,0.192,0.0736,0.3104,0.209303607231218,49,0.002,7,0.2368,NA,NA,NA,3.76618805946068,NA,NA,NA
2539315,"Stepfan Taylor","ARI","RB",25,3,9,0.19,0.19,0.19,NA,111,0.0125,10,0,NA,NA,NA,NA,NA,NA,NA
2539961,"Ryan Nassib","NYG","QB",26,3,8,0.19,0.054,0.326,0.240416305603426,50,0.00600000000000001,7,0.272,NA,NA,NA,3.82107263388259,NA,NA,NA
2555387,"Cody Kessler","CLE","QB",23,0,13,0.19,0.15,0.23,0.0707106781186547,50,0.013,7,0.08,NA,NA,NA,3.52170222794492,NA,NA,NA
2543695,"Jay Prosch","HOU","RB",24,2,9,0.18,0.084,0.276,0.169705627484771,112,0.0175,10,0.192,NA,NA,NA,2.9588175345293,NA,NA,NA
2504833,"Shaun Hill","MIN","QB",NA,NA,6,0.178,0.1284,0.2276,0.0876812408671319,52,0.00300000000000003,7,0.0992,NA,NA,NA,3.55163926853868,NA,NA,NA
2543801,"Jimmy Garoppolo","NE","QB",25,2,9,0.176,0.0768,0.2752,0.175362481734264,53,0.00600000000000001,7,0.1984,NA,NA,NA,3.70631397827315,NA,NA,NA
2552647,"Marcus Murphy","NO","RB",25,1,5,0.175,0.155,0.195,0.0353553390593274,113,0.025,10,0.04,NA,NA,NA,2.6816351948188,NA,NA,NA
2532888,"Case Keenum","LA","QB",28,4,8,0.174,0.1442,0.1938,0.0438406204335659,54,0.012,7,0.0496,NA,NA,NA,3.47430191367145,NA,1.28,NA
2555478,"Demarcus Robinson","KC","WR",NA,0,5,0.17,0.17,0.17,NA,168,0.025,15,0,NA,NA,NA,NA,NA,NA,NA
2506895,"Kellen Clemens","SD","QB",33,10,11,0.166,0.0428,0.2892,0.217788888605457,55,0.00800000000000001,7,0.2464,NA,NA,NA,3.78115657975757,NA,NA,NA
2506546,"Derek Anderson","CAR","QB",33,11,7,0.158,0.0924,0.2236,0.115965512114594,56,0.00899999999999998,7,0.1312,NA,NA,NA,3.60153433619496,NA,NA,NA
2542065,"Matt McGloin","OAK","QB",27,3,10,0.158,0.0604,0.2556,0.172534054609518,56,0.023,7,0.1952,NA,NA,NA,3.70132447150752,NA,NA,NA
2530598,"Jeremy Ross","ARI","WR",28,5,9,0.15,0.03,0.27,0.212132034355964,169,0.0175,15,0.24,NA,NA,NA,2.81605074320317,NA,NA,NA
2550540,"George Atkinson","CLE","RB",24,2,13,0.15,0.03,0.27,0.212132034355964,114,0.01,10,0.24,NA,NA,NA,3.04634879970103,NA,NA,NA
2552464,"Jalston Fowler","TEN","RB",NA,NA,13,0.15,0.11,0.19,0.0707106781186548,114,0.0375,10,0.08,NA,NA,NA,2.75457791579524,NA,0.3,NA
2556453,"Hakeem Valles","ARI","TE",24,0,9,0.15,0.03,0.27,0.212132034355964,86,0.025,14,0.24,NA,NA,NA,3.6776824559999,NA,NA,NA
2539275,"Mike Glennon","TB","QB",27,3,6,0.14,0.115,0.155,0.0353553390593274,58,0.022,8,0.04,NA,NA,NA,3.45933339337457,NA,NA,NA
2541828,"Frankie Hammond","FA","WR",NA,NA,NA,0.14,0.014,0.126,0.0989949493661166,170,0.0525,15,0.112,NA,NA,NA,2.64298241719055,NA,NA,NA
2495425,"Scott Tolzien","IND","QB",29,5,10,0.13,0.058,0.202,0.127279220613579,59,0.026,8,0.144,NA,NA,NA,3.62149236325747,NA,NA,NA
2495467,"Taiwan Jones","OAK","RB",28,5,10,0.13,0.013,0.117,0.0919238815542512,116,0.0375,10,0.104,NA,87.3,3.4,3.15705812085091,NA,NA,NA
2495234,"Luke Stocker","TB","TE",28,5,6,0.125,0.105,0.145,0.0353553390593274,87,0.0125,15,0.04,NA,NA,NA,3.37893976459367,NA,0,NA
2507029,"Eric Weems","ATL","WR",31,9,11,0.125,0.065,0.185,0.106066017177982,171,0.1,15,0.12,NA,NA,NA,2.65379918756634,NA,0,NA
2539645,"Brandon Williams","SEA","TE",29,4,5,0.125,0.105,0.145,0.0353553390593274,87,0.045,15,0.04,NA,NA,NA,3.37893976459367,NA,NA,NA
2508123,"T.J. Yates","MIA","QB",29,5,8,0.106,0.0628,0.1492,0.0763675323681471,60,0.00499999999999999,8,0.0864,NA,NA,NA,3.53168124147617,NA,NA,NA
2506562,"Matt Cassel","TEN","QB",34,11,13,0.102,0.0786,0.1154,0.0325269119345812,61,0.00700000000000001,9,0.0368,NA,NA,NA,3.45434388660894,NA,NA,NA
1037347,"Joe Webb","CAR","QB",30,6,7,0.1,0.02,0.18,0.14142135623731,62,0.018,9,0.16,NA,NA,NA,3.64643989708561,NA,NA,NA
2507405,"Matthew Mulligan","DET","TE",31,8,10,0.1,0.1,0.1,NA,89,0.07,16,0,NA,NA,NA,NA,NA,NA,NA
2495340,"Anthony Sherman","KC","RB",28,5,5,0.095,0.091,0.099,0.00707106781186547,117,0.0074999999999999,10,0.00799999999999999,NA,NA,NA,2.62328101803764,NA,0,NA
2508101,"James Develin","NE","RB",28,6,9,0.09,0.00900000000000001,0.081,0.0636396103067893,118,0.0124999999999999,10,0.072,NA,NA,NA,2.73998937159995,NA,1.3,NA
81284,"Chase Daniel","PHI","QB",30,7,4,0.09,0.034,0.146,0.0989949493661166,63,0.023,9,0.112,NA,NA,NA,3.5715972956012,NA,NA,NA
2555234,"Tyler Ervin","HOU","RB",23,0,9,0.0850000000000002,-0.603,0.173,0.685893577750951,119,0.0200000000000002,11,0.776,NA,NA,NA,4.02378126078542,NA,NA,NA
252,"Chad Henne","JAC","QB",31,8,5,0.074,0.0372,0.1108,0.0650538238691624,64,0.018,9,0.0736,NA,NA,NA,3.51172321441366,NA,NA,NA
2552636,"Michael Burton","DET","RB",24,1,10,0.07,0.046,0.094,0.0424264068711929,120,0.03,11,0.048,NA,NA,NA,2.69622373901409,NA,NA,NA
2506053,"Luke McCown","NO","QB",35,12,5,0.06,0.044,0.076,0.0282842712474619,65,0.034,10,0.032,NA,NA,NA,3.4468596264605,NA,NA,NA
2553318,"James OShaughnessy","KC","TE",NA,NA,5,0.06,0.00600000000000001,0.054,0.0424264068711929,90,0.06,16,0.048,NA,NA,NA,3.39088947224992,NA,0,NA
2555219,"Daniel Lasco","NO","RB",24,0,5,0.06,0.00600000000000001,0.054,0.0424264068711929,121,0.05,11,0.048,NA,NA,NA,2.69622373901409,NA,NA,NA
2506481,"Dan Orlovsky","DET","QB",33,11,10,0.052,0.0296,0.0744,0.0395979797464467,66,0.052,10,0.0448,NA,NA,NA,3.46681765352301,NA,NA,NA
4487,"Matthew Slater","NE","WR",31,8,9,0.05,0.01,0.09,0.0707106781186548,172,0.05,15,0.08,NA,NA,NA,2.5997153356874,NA,NA,NA
2550235,"Roosevelt Nix","PIT","RB",NA,NA,8,0.02,0.02,0.02,NA,122,0.02,11,0,NA,NA,NA,NA,NA,NA,NA
184,"Donnie Avery","FA","WR",32,8,NA,0,0,0,NA,173,0,15,0,NA,NA,NA,NA,NA,NA,NA
206,"Andre Caldwell","DET","WR",31,8,10,0,0,0,0,173,0,15,0,NA,NA,NA,2.49154763192951,NA,NA,NA
216,"Fred Davis","FA","TE",30,8,NA,0,0,0,NA,91,0,16,0,NA,NA,NA,NA,NA,NA,NA
262,"Chris Johnson","ARI","RB",31,8,9,0,0,0,NA,123,0,0,0,NA,NA,NA,NA,NA,NA,NA
264,"Josh Johnson","NYG","QB",30,8,8,0,0,0,0,67,0,11,0,NA,NA,NA,3.39696455880422,NA,NA,NA
318,"Jerome Simpson","FA","WR",30,8,NA,0,0,0,NA,173,0,15,0,NA,NA,NA,NA,NA,NA,NA
367,"Matt Flynn","NO","QB",31,8,5,0,0,0,NA,67,0,10,0,NA,NA,NA,NA,NA,NA,NA
768,"Steve Johnson","SD","WR",30,8,11,0,0,0,NA,173,0,15,0,NA,NA,NA,NA,NA,NA,NA
925,"Jamaal Charles","KC","RB",30,8,5,0,0,0,NA,123,0,0,0,NA,NA,NA,NA,NA,NA,NA
1966,"John Carlson","FA","TE",32,8,NA,0,0,0,NA,91,0,16,0,NA,NA,NA,NA,NA,NA,NA
2649,"Danny Amendola","NE","WR",31,8,9,0,0,0,NA,173,0,15,0,NA,NA,NA,NA,NA,NA,NA
4231,"Jed Collins","FA","RB",30,8,NA,0,0,0,NA,123,0,0,0,NA,NA,NA,NA,NA,NA,NA
4381,"Garrett Hartley","FA","K",30,8,NA,0,0,0,NA,33,0,8,0,NA,NA,NA,NA,NA,NA,NA
71247,"James Casey","FA","TE",32,7,NA,0,0,0,NA,91,0,16,0,NA,NA,NA,NA,NA,NA,NA
71255,"Chase Coffman","IND","TE",30,7,10,0,0,0,0,91,0,16,0,NA,NA,NA,3.31919122631242,NA,NA,NA
79555,"Arian Foster","FA","RB",30,7,NA,0,0,0,NA,123,0,0,0,NA,NA,NA,NA,NA,NA,NA
79557,"Josh Freeman","FA","QB",28,7,NA,0,0,0,NA,67,0,10,0,NA,NA,NA,NA,NA,NA,NA
79563,"Shonn Greene","FA","RB",31,7,NA,0,0,0,NA,123,0,0,0,NA,NA,NA,NA,NA,NA,NA
79619,"Knowshon Moreno","FA","RB",29,7,NA,0,0,0,NA,123,0,0,0,NA,NA,NA,NA,NA,NA,NA
79625,"Bear Pascoe","NE","TE",30,7,9,0,0,0,NA,91,0,16,0,NA,NA,NA,NA,NA,NA,NA
79629,"Cedric Peerman","CIN","RB",30,7,9,0,0,0,NA,123,0,0,0,NA,NA,NA,NA,NA,NA,NA
80425,"Percy Harvin","BUF","WR",28,7,10,0,0,0,NA,173,0,15,0,NA,NA,NA,NA,NA,NA,NA
80427,"Darrius Heyward-Bey","PIT","WR",29,7,8,0,0,0,NA,173,0,15,0,NA,NA,NA,NA,NA,NA,NA
80674,"Chris Ogbonnaya","FA","RB",30,7,NA,0,0,0,NA,123,0,0,0,NA,NA,NA,NA,NA,NA,NA
81288,"Brandon Gibson","NE","WR",29,7,9,0,0,0,NA,173,0,15,0,NA,NA,NA,NA,NA,NA,NA
81294,"Brian Hoyer","CHI","QB",31,7,9,0,0,0,NA,67,0,10,0,NA,NA,NA,NA,NA,NA,NA
81831,"Brian Hartline","FA","WR",30,7,NA,0,0,0,NA,173,0,15,0,NA,NA,NA,NA,NA,NA,NA
163982,"Will Johnson","NYG","RB",27,5,8,0,0,0,NA,123,0,0,0,NA,NA,NA,NA,NA,NA,NA
238457,"Zach Miller","CHI","TE",32,7,9,0,0,0,NA,91,0,16,0,NA,NA,NA,NA,NA,NA,NA
496812,"Erik Lorig","FA","RB",30,6,NA,0,0,0,NA,123,0,0,0,NA,NA,NA,NA,NA,NA,NA
497108,"Jimmy Clausen","FA","QB",28,6,NA,0,0,0,NA,67,0,10,0,NA,NA,NA,NA,NA,NA,NA
497121,"Thad Lewis","SF","QB",29,6,8,0,0,0,NA,67,0,10,0,NA,NA,NA,NA,NA,NA,NA
497172,"Anthony Dixon","FA","RB",29,6,NA,0,0,0,NA,123,0,0,0,NA,NA,NA,NA,NA,NA,NA
497174,"Jonathan Dwyer","FA","RB",27,6,NA,0,0,0,NA,123,0,0,0,NA,NA,NA,NA,NA,NA,NA
497176,"Toby Gerhart","FA","RB",29,6,NA,0,0,0,NA,123,0,0,0,NA,NA,NA,NA,NA,NA,NA
497190,"Dexter McCluster","SD","RB",28,6,11,0,0,0,NA,123,0,0,0,NA,NA,NA,NA,NA,NA,NA
497204,"C.J. Spiller","FA","RB",29,6,NA,0,0,0,NA,123,0,0,0,NA,NA,NA,NA,NA,NA,NA
497218,"Trindon Holliday","FA","WR",30,6,NA,0,0,0,NA,173,0,15,0,NA,NA,NA,NA,NA,NA,NA
497226,"Jim Dray","FA","TE",30,6,NA,0,0,0,0,91,0,16,0,NA,NA,NA,3.31919122631242,NA,NA,NA
497234,"Garrett Graham","DEN","TE",30,6,11,0,0,0,NA,91,0,16,0,NA,NA,NA,NA,NA,NA,NA
497240,"Rob Gronkowski","NE","TE",27,6,9,0,0,0,NA,91,0,16,0,NA,NA,NA,NA,NA,NA,NA
497246,"Michael Hoomanawanui","NO","TE",28,6,5,0,0,0,NA,91,0,16,0,NA,NA,NA,NA,NA,NA,NA
497250,"Anthony McCoy","FA","TE",29,6,NA,0,0,0,NA,91,0,16,0,NA,NA,NA,NA,NA,NA,NA
497256,"Tony Moeaki","FA","TE",29,6,NA,0,0,0,0,91,0,16,0,NA,NA,NA,3.31919122631242,NA,NA,NA
497260,"Seyi Ajirotutu","PHI","WR",29,6,4,0,0,0,NA,173,0,15,0,NA,NA,NA,NA,NA,NA,NA
497282,"Riley Cooper","FA","WR",29,6,NA,0,0,0,0,173,0,15,0,NA,NA,NA,2.49154763192951,NA,NA,NA
497284,"Eric Decker","NYJ","WR",29,6,11,0,0,0,NA,173,0,15,0,NA,NA,NA,NA,NA,NA,NA
497286,"Marcus Easley","BUF","WR",29,6,10,0,0,0,NA,173,0,15,0,NA,NA,NA,NA,NA,NA,NA
497288,"Jacoby Ford","FA","WR",29,6,NA,0,0,0,NA,173,0,15,0,NA,NA,NA,NA,NA,NA,NA
1037366,"Michael Palmer","FA","TE",28,6,NA,0,0,0,NA,91,0,16,0,NA,NA,NA,NA,NA,NA,NA
1037847,"Deji Karim","FA","RB",30,6,NA,0,0,0,NA,123,0,0,0,NA,NA,NA,NA,NA,NA,NA
2495158,"Leonard Hankerson","FA","WR",28,5,NA,0,0,0,NA,173,0,15,0,NA,NA,NA,NA,NA,NA,NA
2495161,"Roy Helu","FA","RB",28,5,NA,0,0,0,NA,123,0,0,0,NA,NA,NA,NA,NA,NA,NA
2495162,"Alex Henery","FA","K",29,5,NA,0,0,0,NA,33,0,8,0,NA,NA,NA,NA,NA,NA,NA
2495172,"Kendall Hunter","NO","RB",28,5,5,0,0,0,NA,123,0,0,0,NA,NA,NA,NA,NA,NA,NA
2495179,"Jerrel Jernigan","FA","WR",27,5,NA,0,0,0,NA,173,0,15,0,NA,NA,NA,NA,NA,NA,NA
2495181,"Jerrod Johnson","DAL","QB",28,5,7,0,0,0,NA,67,0,10,0,NA,NA,NA,NA,NA,NA,NA
2495215,"Christian Ponder","SF","QB",28,5,8,0,0,0,0,67,0,10,0,NA,NA,NA,3.39696455880422,NA,NA,NA
2495267,"Jordan Cameron","MIA","TE",28,5,8,0,0,0,NA,91,0,16,0,NA,NA,NA,NA,NA,NA,NA
2495314,"Bruce Miller","FA","RB",29,5,NA,0,0,0,0,123,0,11,0,NA,NA,NA,2.60869247384235,NA,NA,NA
2495449,"Tandon Doss","FA","WR",27,5,NA,0,0,0,NA,173,0,15,0,NA,NA,NA,NA,NA,NA,NA
2495450,"A.J. Green","CIN","WR",28,5,9,0,0,0,NA,173,0,15,0,NA,NA,NA,NA,NA,NA,NA
2495454,"Julio Jones","ATL","WR",27,5,11,0,0,0,NA,173,0,15,0,NA,NA,NA,NA,NA,NA,NA
2495470,"Stevan Ridley","FA","RB",27,5,NA,0,0,0,NA,123,0,0,0,NA,NA,NA,NA,NA,NA,NA
2495558,"Dwayne Bowe","FA","WR",32,9,NA,0,0,0,0,173,0,15,0,NA,NA,NA,2.49154763192951,NA,NA,NA
2495560,"Ahmad Bradshaw","FA","RB",30,9,NA,0,0,0,NA,123,0,0,0,NA,NA,NA,NA,NA,NA,NA
2495573,"Scott Chandler","FA","TE",31,9,NA,0,0,0,NA,91,0,16,0,NA,NA,NA,NA,NA,NA,NA
2495651,"Jacoby Jones","FA","WR",32,9,NA,0,0,0,NA,173,0,15,0,NA,NA,NA,NA,NA,NA,NA
2495660,"Brian Leonard","FA","RB",32,9,NA,0,0,0,NA,123,0,0,0,NA,NA,NA,NA,NA,NA,NA
2495663,"Marshawn Lynch","FA","RB",30,9,NA,0,0,0,NA,123,0,0,0,NA,NA,NA,NA,NA,NA,NA
2495801,"Miles Austin","FA","WR",32,10,NA,0,0,0,NA,173,0,15,0,NA,NA,NA,NA,NA,NA,NA
2495802,"Jason Avant","KC","WR",33,10,5,0,0,0,NA,173,0,15,0,NA,NA,NA,NA,NA,NA,NA
2495821,"Marques Colston","FA","WR",33,10,NA,0,0,0,NA,173,0,15,0,NA,NA,NA,NA,NA,NA,NA
2495824,"Jay Cutler","CHI","QB",33,10,9,0,0,0,NA,67,0,10,0,NA,NA,NA,NA,NA,NA,NA
2495825,"Owen Daniels","FA","TE",34,10,NA,0,0,0,NA,91,0,16,0,NA,NA,NA,NA,NA,NA,NA
2495838,"Bruce Gradkowski","PIT","QB",33,10,8,0,0,0,NA,67,0,10,0,NA,NA,NA,NA,NA,NA,NA
2495843,"Derek Hagan","FA","WR",32,10,NA,0,0,0,NA,173,0,15,0,NA,NA,NA,NA,NA,NA,NA
2495863,"Tarvaris Jackson","FA","QB",33,10,NA,0,0,0,NA,67,0,10,0,NA,NA,NA,NA,NA,NA,NA
2495867,"Greg Jennings","FA","WR",33,10,NA,0,0,0,NA,173,0,15,0,NA,NA,NA,NA,NA,NA,NA
2495888,"Marcedes Lewis","JAC","TE",32,10,5,0,0,0,NA,91,0,16,0,NA,NA,NA,NA,NA,NA,NA
2499248,"Kris Durham","FA","WR",28,5,NA,0,0,0,NA,173,0,15,0,NA,NA,NA,NA,NA,NA,NA
2499255,"Richard Gordon","BAL","TE",29,5,8,0,0,0,NA,91,0,16,0,NA,NA,NA,NA,NA,NA,NA
2499277,"David Ausberry","FA","TE",29,5,NA,0,0,0,NA,91,0,16,0,NA,NA,NA,NA,NA,NA,NA
2504162,"Shayne Graham","FA","K",NA,NA,NA,0,0,0,0,33,0,9,0,NA,NA,NA,2.24813802124922,NA,NA,NA
2504941,"Billy Cundiff","FA","K",36,14,NA,0,0,0,NA,33,0,8,0,NA,NA,NA,NA,NA,NA,NA
2505076,"Josh McCown","CLE","QB",37,14,13,0,0,0,0,67,0,10,0,NA,NA,NA,3.39696455880422,NA,NA,NA
2505459,"Josh Brown","FA","K",37,13,NA,0,0,0,NA,33,0,8,0,NA,NA,NA,NA,NA,NA,NA
2505551,"Andre Johnson","FA","WR",35,13,NA,0,0,0,NA,173,0,15,0,NA,NA,NA,NA,NA,NA,NA
2505936,"Steven Jackson","NE","RB",33,12,9,0,0,0,NA,123,0,0,0,NA,NA,NA,NA,NA,NA,NA
2506004,"Jerricho Cotchery","FA","WR",34,12,NA,0,0,0,NA,173,0,15,0,NA,NA,NA,NA,NA,NA,NA
2506063,"Josh Scobee","FA","K",34,12,NA,0,0,0,NA,33,0,8,0,NA,NA,NA,NA,NA,NA,NA
2506222,"Josh Cribbs","FA","WR",33,11,NA,0,0,0,NA,173,0,15,0,NA,NA,NA,NA,NA,NA,NA
2506341,"Ronnie Brown","FA","RB",35,11,NA,0,0,0,NA,123,0,0,0,NA,NA,NA,NA,NA,NA,NA
2506386,"Mike Nugent","FA","K",34,11,NA,0,0,0,0,33,0,8,0,NA,NA,NA,2.24813802124922,NA,NA,NA
2506400,"Vincent Jackson","TB","WR",33,11,6,0,0,0,NA,173,0,15,0,NA,NA,NA,NA,NA,NA,NA
2506619,"Daniel Fells","NYG","TE",33,10,8,0,0,0,NA,91,0,16,0,NA,NA,NA,NA,NA,NA,NA
2506871,"Fred Jackson","FA","RB",35,10,NA,0,0,0,NA,123,0,0,0,NA,NA,NA,NA,NA,NA,NA
2506885,"Santonio Holmes","FA","WR",32,10,NA,0,0,0,NA,173,0,15,0,NA,NA,NA,NA,NA,NA,NA
2506897,"Devin Hester","FA","WR",34,10,NA,0,0,0,NA,173,0,15,0,NA,NA,NA,NA,NA,NA,NA
2507170,"Zach Miller","FA","TE",31,9,NA,0,0,0,NA,91,0,16,0,NA,NA,NA,NA,NA,NA,NA
2507183,"James Jones","FA","WR",32,9,NA,0,0,0,0,173,0,15,0,NA,NA,NA,2.49154763192951,NA,NA,NA
2507237,"Jordan Palmer","FA","QB",32,9,NA,0,0,0,NA,67,0,10,0,NA,NA,NA,NA,NA,NA,NA
2507278,"Jackie Battle","FA","RB",33,9,NA,0,0,0,NA,123,0,0,0,NA,NA,NA,NA,NA,NA,NA
2507486,"Kellen Davis","FA","TE",31,8,NA,0,0,0,NA,91,0,16,0,NA,NA,NA,NA,NA,NA,NA
2507779,"Donald Brown","FA","RB",29,7,NA,0,0,0,NA,123,0,0,0,NA,NA,NA,NA,NA,NA,NA
2507883,"Jeff Cumberland","SD","TE",29,6,11,0,0,0,NA,91,0,16,0,NA,NA,NA,NA,NA,NA,NA
2508051,"John Conner","FA","RB",29,6,NA,0,0,0,NA,123,0,0,0,NA,NA,NA,NA,NA,NA,NA
2508096,"Tyler Clutts","FA","RB",32,6,NA,0,0,0,NA,123,0,0,0,NA,NA,NA,NA,NA,NA,NA
2508112,"Rob Housler","FA","TE",28,5,NA,0,0,0,0,91,0,16,0,NA,NA,NA,3.31919122631242,NA,NA,NA
2508115,"Vincent Brown","FA","WR",27,5,NA,0,0,0,0,173,0,15,0,NA,NA,NA,2.49154763192951,NA,NA,NA
2530516,"Robert Hughes","FA","RB",27,5,NA,0,0,0,NA,123,0,0,0,NA,NA,NA,NA,NA,NA,NA
2530575,"Drew Davis","FA","WR",27,4,NA,0,0,0,NA,173,0,15,0,NA,NA,NA,NA,NA,NA,NA
2530699,"Henry Hynoski","FA","RB",28,5,NA,0,0,0,NA,123,0,0,0,NA,NA,NA,NA,NA,NA,NA
2531218,"Chase Reynolds","LA","RB",29,4,8,0,0,0,NA,123,0,0,0,NA,NA,NA,NA,NA,NA,NA
2532799,"Jarrett Boykin","FA","WR",27,4,NA,0,0,0,NA,173,0,15,0,NA,NA,NA,NA,NA,NA,NA
2532802,"LaVon Brazill","FA","WR",27,4,NA,0,0,0,NA,173,0,15,0,NA,NA,NA,NA,NA,NA,NA
2532807,"Ryan Broyles","FA","WR",28,4,NA,0,0,0,NA,173,0,15,0,NA,NA,NA,NA,NA,NA,NA
2532823,"Juron Criner","FA","WR",27,4,NA,0,0,0,NA,173,0,15,0,NA,NA,NA,NA,NA,NA,NA
2532850,"T.J. Graham","FA","WR",27,4,NA,0,0,0,NA,173,0,15,0,NA,NA,NA,NA,NA,NA,NA
2532851,"Cyrus Gray","ATL","RB",27,4,11,0,0,0,NA,123,0,0,0,NA,NA,NA,NA,NA,NA,NA
2532862,"Junior Hemingway","FA","WR",28,4,NA,0,0,0,NA,173,0,15,0,NA,NA,NA,NA,NA,NA,NA
2532864,"Dan Herron","FA","RB",27,4,NA,0,0,0,0,123,0,11,0,NA,NA,NA,2.60869247384235,NA,NA,NA
2532876,"A.J. Jenkins","FA","WR",26,4,NA,0,0,0,NA,173,0,15,0,NA,NA,NA,NA,NA,NA,NA
2532894,"Ryan Lindley","FA","QB",27,4,NA,0,0,0,NA,67,0,10,0,NA,NA,NA,NA,NA,NA,NA
2532917,"Kellen Moore","DAL","QB",27,4,7,0,0,0,NA,67,0,10,0,NA,NA,NA,NA,NA,NA,NA
2532926,"Isaiah Pead","FA","RB",27,4,NA,0,0,0,0,123,0,11,0,NA,NA,NA,2.60869247384235,NA,NA,NA
2532960,"Nick Toon","FA","WR",28,4,NA,0,0,0,NA,173,0,15,0,NA,NA,NA,NA,NA,NA,NA
2532968,"Blair Walsh","FA","K",26,4,NA,0,0,0,NA,33,0,8,0,NA,NA,NA,NA,NA,NA,NA
2532970,"Brandon Weeden","HOU","QB",33,4,9,0,0,0,NA,67,0,10,0,NA,NA,NA,NA,NA,NA,NA
2533012,"Vick Ballard","FA","RB",26,4,NA,0,0,0,NA,123,0,0,0,NA,NA,NA,NA,NA,NA,NA
2533028,"James Hanna","DAL","TE",27,4,7,0,0,0,NA,91,0,16,0,NA,NA,NA,NA,NA,NA,NA
2533030,"Jonas Gray","FA","RB",26,4,NA,0,0,0,NA,123,0,0,0,NA,NA,NA,NA,NA,NA,NA
2533036,"LaMichael James","FA","RB",27,4,NA,0,0,0,NA,123,0,0,0,NA,NA,NA,NA,NA,NA,NA
2533037,"Chris Polk","HOU","RB",27,4,9,0,0,0,NA,123,0,0,0,NA,NA,NA,NA,NA,NA,NA
2533038,"Justin Blackmon","JAC","WR",26,4,5,0,0,0,NA,173,0,15,0,NA,NA,NA,NA,NA,NA,NA
2533047,"Orson Charles","DET","TE",25,4,10,0,0,0,0,91,0,16,0,NA,NA,NA,3.31919122631242,NA,NA,NA
2533349,"Austin Davis","DEN","QB",27,4,11,0,0,0,0,67,0,10,0,NA,NA,NA,3.39696455880422,NA,NA,NA
2533353,"Cory Harkey","LA","TE",26,4,8,0,0,0,NA,91,0,16,0,NA,NA,NA,NA,NA,NA,NA
2533533,"Rueben Randle","FA","WR",25,4,NA,0,0,0,NA,173,0,15,0,NA,NA,NA,NA,NA,NA,NA
2533537,"Stephen Hill","FA","WR",25,4,NA,0,0,0,NA,173,0,15,0,NA,NA,NA,NA,NA,NA,NA
2533540,"Edwin Baker","FA","RB",25,4,NA,0,0,0,NA,123,0,0,0,NA,NA,NA,NA,NA,NA,NA
2533545,"Bernard Pierce","FA","RB",25,4,NA,0,0,0,NA,123,0,0,0,NA,NA,NA,NA,NA,NA,NA
2534244,"Chase Ford","FA","TE",26,4,NA,0,0,0,NA,91,0,16,0,NA,NA,NA,NA,NA,NA,NA
2534437,"Austin Johnson","FA","RB",27,3,NA,0,0,0,0,123,0,11,0,NA,NA,NA,2.60869247384235,NA,NA,NA
2534796,"Bryce Brown","FA","RB",25,4,NA,0,0,0,NA,123,0,0,0,NA,NA,NA,NA,NA,NA,NA
2534870,"Alex Tanney","FA","QB",29,4,NA,0,0,0,NA,67,0,10,0,NA,NA,NA,NA,NA,NA,NA
2534871,"Derrick Coleman","FA","RB",26,4,NA,0,0,0,NA,123,0,0,0,NA,NA,NA,NA,NA,NA,NA
2534889,"Matt Simms","FA","QB",28,4,NA,0,0,0,NA,67,0,10,0,NA,NA,NA,NA,NA,NA,NA
2535634,"Chris Givens","FA","WR",27,4,NA,0,0,0,0,173,0,15,0,NA,NA,NA,2.49154763192951,NA,NA,NA
2535696,"Joe Banyard","JAC","RB",28,4,5,0,0,0,0,123,0,11,0,NA,NA,NA,2.60869247384235,NA,NA,NA
2535876,"Griff Whalen","FA","WR",26,4,NA,0,0,0,NA,173,0,15,0,NA,NA,NA,NA,NA,NA,NA
2535882,"Mike Brown","FA","WR",27,4,NA,0,0,0,NA,173,0,15,0,NA,NA,NA,NA,NA,NA,NA
2536031,"Damaris Johnson","FA","WR",27,4,NA,0,0,0,NA,173,0,15,0,NA,NA,NA,NA,NA,NA,NA
2536071,"Cooper Helfet","FA","TE",27,5,NA,0,0,0,NA,91,0,16,0,NA,NA,NA,NA,NA,NA,NA
2536532,"Jorvorskie Lane","FA","RB",29,4,NA,0,0,0,NA,123,0,0,0,NA,NA,NA,NA,NA,NA,NA
2537931,"Josh Gordon","CLE","WR",25,4,13,0,0,0,NA,173,0,15,0,NA,NA,NA,NA,NA,NA,NA
2539202,"Chris Gragg","BUF","TE",26,3,10,0,0,0,NA,91,0,16,0,NA,NA,NA,NA,NA,NA,NA
2539214,"Kenbrell Thompkins","FA","WR",28,3,NA,0,0,0,NA,173,0,15,0,NA,NA,NA,NA,NA,NA,NA
2539235,"Tavarres King","NYG","WR",26,3,8,0,0,0,NA,173,0,15,0,NA,NA,NA,NA,NA,NA,NA
2539246,"Chris Harper","FA","WR",27,3,NA,0,0,0,NA,173,0,15,0,NA,NA,NA,NA,NA,NA,NA
2539256,"Aaron Dobson","FA","WR",25,3,NA,0,0,0,0,173,0,15,0,NA,NA,NA,2.49154763192951,NA,NA,NA
2539258,"Zac Dysert","FA","QB",26,3,NA,0,0,0,NA,67,0,10,0,NA,NA,NA,NA,NA,NA,NA
2539327,"Joseph Fauria","FA","TE",26,3,NA,0,0,0,NA,91,0,16,0,NA,NA,NA,NA,NA,NA,NA
2539341,"Montee Ball","FA","RB",26,3,NA,0,0,0,NA,123,0,0,0,NA,NA,NA,NA,NA,NA,NA
2539674,"Rodney Smith","FA","WR",26,3,NA,0,0,0,NA,173,0,15,0,NA,NA,NA,NA,NA,NA,NA
2540005,"Marlon Brown","DEN","WR",25,3,11,0,0,0,NA,173,0,15,0,NA,NA,NA,NA,NA,NA,NA
2540154,"Keenan Allen","SD","WR",24,3,11,0,0,0,NA,173,0,15,0,NA,NA,NA,NA,NA,NA,NA
2540156,"Giovani Bernard","CIN","RB",25,3,9,0,0,0,NA,123,0,0,0,NA,NA,NA,NA,NA,NA,NA
2540157,"Stedman Bailey","LA","WR",26,3,8,0,0,0,NA,173,0,15,0,NA,NA,NA,NA,NA,NA,NA
2540168,"Eddie Lacy","GB","RB",25,3,4,0,0,0,NA,123,0,0,0,NA,NA,NA,NA,NA,NA,NA
2540171,"Joseph Randle","FA","RB",25,3,NA,0,0,0,NA,123,0,0,0,NA,NA,NA,NA,NA,NA,NA
2540173,"Tyler Bray","KC","QB",25,3,5,0,0,0,NA,67,0,10,0,NA,NA,NA,NA,NA,NA,NA
2540181,"Josh Boyce","FA","WR",25,3,NA,0,0,0,NA,173,0,15,0,NA,NA,NA,NA,NA,NA,NA
2540215,"Vance McDonald","SF","TE",26,3,8,0,0,0,NA,91,0,16,0,NA,NA,NA,NA,NA,NA,NA
2540224,"Mike James","TB","RB",25,3,6,0,0,0,0,123,0,11,0,NA,NA,NA,2.60869247384235,NA,NA,NA
2540225,"Tommy Bohanon","FA","RB",26,3,NA,0,0,0,0,123,0,11,0,NA,NA,NA,2.60869247384235,NA,NA,NA
2540233,"Nick Kasa","FA","TE",26,3,NA,0,0,0,NA,91,0,16,0,NA,NA,NA,NA,NA,NA,NA
2540257,"Justice Cunningham","FA","TE",25,3,NA,0,0,0,NA,91,0,16,0,NA,NA,NA,NA,NA,NA,NA
2540269,"C.J. Anderson","DEN","RB",25,3,11,0,0,0,NA,123,0,0,0,NA,NA,NA,NA,NA,NA,NA
2541096,"Ifeanyi Momah","FA","TE",27,3,NA,0,0,0,NA,91,0,16,0,NA,NA,NA,NA,NA,NA,NA
2541185,"Ryan Griffin","TB","QB",27,3,6,0,0,0,NA,67,0,10,0,NA,NA,NA,NA,NA,NA,NA
2541314,"Justin Brown","FA","WR",25,3,NA,0,0,0,NA,173,0,15,0,NA,NA,NA,NA,NA,NA,NA
2541390,"Kevin Dorsey","NE","WR",26,3,9,0,0,0,NA,173,0,15,0,NA,NA,NA,NA,NA,NA,NA
2541429,"B.J. Daniels","FA","QB",27,3,NA,0,0,0,NA,67,0,10,0,NA,NA,NA,NA,NA,NA,NA
2541432,"Michael Cox","FA","RB",27,3,NA,0,0,0,NA,123,0,0,0,NA,NA,NA,NA,NA,NA,NA
2541512,"Brian Leonhardt","OAK","TE",26,3,10,0,0,0,NA,91,0,16,0,NA,NA,NA,NA,NA,NA,NA
2541544,"Benny Cunningham","LA","RB",26,3,8,0,0,0,NA,123,0,0,0,NA,NA,NA,NA,NA,NA,NA
2541778,"Kendall Gaskins","FA","RB",26,3,NA,0,0,0,NA,123,0,0,0,NA,NA,NA,NA,NA,NA,NA
2541834,"Josh Hill","NO","TE",26,3,5,0,0,0,NA,91,0,16,0,NA,NA,NA,NA,NA,NA,NA
2541910,"George Winn","FA","RB",26,3,NA,0,0,0,NA,123,0,0,0,NA,NA,NA,NA,NA,NA,NA
2541966,"Jaron Brown","ARI","WR",26,3,9,0,0,0,NA,173,0,15,0,NA,NA,NA,NA,NA,NA,NA
2542060,"Jordan Gay","BUF","K",NA,NA,10,0,0,0,NA,33,0,8,0,NA,NA,NA,NA,NA,NA,NA
2543462,"Johnny Manziel","FA","QB",24,2,NA,0,0,0,NA,67,0,10,0,NA,NA,NA,NA,NA,NA,NA
2543465,"Teddy Bridgewater","MIN","QB",24,2,6,0,0,0,NA,67,0,10,0,NA,NA,NA,NA,NA,NA,NA
2543481,"Jace Amaro","TEN","TE",24,2,13,0,0,0,0,91,0,16,0,NA,NA,NA,3.31919122631242,NA,NA,NA
2543502,"Tre Mason","LA","RB",23,2,8,0,0,0,NA,123,0,0,0,NA,NA,NA,NA,NA,NA,NA
2543533,"Patrick Murray","CLE","K",25,2,13,0,0,0,NA,33,0,8,0,NA,NA,NA,NA,NA,NA,NA
2543565,"Andre Williams","FA","RB",24,2,NA,0,0,0,NA,123,0,0,0,NA,NA,NA,NA,NA,NA,NA
2543570,"Storm Johnson","FA","RB",24,2,NA,0,0,0,NA,123,0,0,0,NA,NA,NA,NA,NA,NA,NA
2543572,"Martavis Bryant","PIT","WR",25,2,8,0,0,0,NA,173,0,15,0,NA,NA,NA,NA,NA,NA,NA
2543587,"Aaron Murray","FA","QB",26,2,NA,0,0,0,0,67,0,10,0,NA,NA,NA,3.39696455880422,NA,NA,NA
2543596,"Dri Archer","BUF","RB",25,2,10,0,0,0,0,123,0,11,0,NA,NA,NA,2.60869247384235,NA,NA,NA
2543605,"Zach Mettenberger","PIT","QB",25,2,8,0,0,0,0,67,0,10,0,NA,NA,NA,3.39696455880422,NA,NA,NA
2543628,"Troy Niklas","ARI","TE",24,2,9,0,0,0,NA,91,0,16,0,NA,NA,NA,NA,NA,NA,NA
2543646,"Bruce Ellington","SF","WR",25,2,8,0,0,0,NA,173,0,15,0,NA,NA,NA,NA,NA,NA,NA
2543655,"Tyler Gaffney","FA","RB",25,2,NA,0,0,0,NA,123,0,0,0,NA,NA,NA,NA,NA,NA,NA
2543682,"Bishop Sankey","FA","RB",24,2,NA,0,0,0,NA,123,0,0,0,NA,NA,NA,NA,NA,NA,NA
2543690,"Marion Grice","FA","RB",24,2,NA,0,0,0,NA,123,0,0,0,NA,NA,NA,NA,NA,NA,NA
2543721,"C.J. Fiedorowicz","HOU","TE",25,2,9,0,0,0,NA,91,0,16,0,NA,NA,NA,NA,NA,NA,NA
2543767,"Logan Thomas","BUF","QB",25,2,10,0,0,0,NA,67,0,10,0,NA,NA,NA,NA,NA,NA,NA
2543774,"Jared Abbrederis","FA","WR",26,2,NA,0,0,0,NA,173,0,15,0,NA,NA,NA,NA,NA,NA,NA
2543777,"Robert Herron","FA","WR",24,2,NA,0,0,0,NA,173,0,15,0,NA,NA,NA,NA,NA,NA,NA
2543781,"Zach Hocker","FA","K",25,2,NA,0,0,0,NA,33,0,8,0,NA,NA,NA,NA,NA,NA,NA
2543784,"Keith Wenning","FA","QB",25,2,NA,0,0,0,NA,67,0,10,0,NA,NA,NA,NA,NA,NA,NA
2543792,"Matt Hazel","FA","WR",24,2,NA,0,0,0,NA,173,0,15,0,NA,NA,NA,NA,NA,NA,NA
2550158,"Nate Freese","FA","K",26,2,NA,0,0,0,NA,33,0,8,0,NA,NA,NA,NA,NA,NA,NA
2550216,"Jonathan Krause","FA","WR",NA,NA,NA,0,0,0,0,173,0,15,0,NA,NA,NA,2.49154763192951,NA,NA,NA
2550233,"Rajion Neal","CLE","RB",24,2,13,0,0,0,NA,123,0,0,0,NA,NA,NA,NA,NA,NA,NA
2550243,"Justin Perillo","FA","TE",25,2,NA,0,0,0,NA,91,0,16,0,NA,NA,NA,NA,NA,NA,NA
2550247,"Bryn Renner","FA","QB",26,2,NA,0,0,0,NA,67,0,10,0,NA,NA,NA,NA,NA,NA,NA
2550310,"Carey Spear","FA","K",24,2,NA,0,0,0,NA,33,0,8,0,NA,NA,NA,NA,NA,NA,NA
2550330,"Kain Colter","FA","WR",24,2,NA,0,0,0,NA,173,0,15,0,NA,NA,NA,NA,NA,NA,NA
2550353,"Allen Hurns","JAC","WR",25,2,5,0,0,0,NA,173,0,15,0,NA,NA,NA,NA,NA,NA,NA
2550355,"Nic Jacobs","FA","TE",25,2,NA,0,0,0,0,91,0,16,0,NA,NA,NA,3.31919122631242,NA,NA,NA
2550356,"Marcel Jensen","WAS","TE",26,2,9,0,0,0,0,91,0,16,0,NA,NA,NA,3.31919122631242,NA,NA,NA
2550359,"Seantavius Jones","FA","WR",24,2,NA,0,0,0,NA,173,0,15,0,NA,NA,NA,NA,NA,NA,NA
2550376,"Stephen Morris","FA","QB",24,2,NA,0,0,0,NA,67,0,10,0,NA,NA,NA,NA,NA,NA,NA
2550413,"Corey Washington","FA","WR",25,2,NA,0,0,0,NA,173,0,15,0,NA,NA,NA,NA,NA,NA,NA
2550454,"Asante Cleveland","SD","TE",24,2,11,0,0,0,0,91,0,16,0,NA,NA,NA,3.31919122631242,NA,NA,NA
2550459,"Javontee Herndon","SD","WR",25,2,11,0,0,0,NA,173,0,15,0,NA,NA,NA,NA,NA,NA,NA
2550481,"Orleans Darkwa","NYG","RB",24,2,8,0,0,0,NA,123,0,11,0,NA,NA,NA,NA,NA,NA,NA
2550485,"Gator Hoskins","FA","TE",25,2,NA,0,0,0,NA,91,0,16,0,NA,NA,NA,NA,NA,NA,NA
2550529,"Silas Redd","WAS","RB",24,2,9,0,0,0,NA,123,0,11,0,NA,NA,NA,NA,NA,NA,NA
2550542,"Kapri Bibbs","DEN","RB",23,2,11,0,0,0,NA,123,0,11,0,NA,NA,NA,NA,NA,NA,NA
2550551,"Travis Coons","FA","K",24,2,NA,0,0,0,NA,33,0,8,0,NA,NA,NA,NA,NA,NA,NA
2550596,"Darrin Reaves","FA","RB",23,2,NA,0,0,0,NA,123,0,11,0,NA,NA,NA,NA,NA,NA,NA
2550608,"RaShaun Allen","SEA","TE",26,2,5,0,0,0,0,91,0,16,0,NA,NA,NA,3.31919122631242,NA,NA,NA
2550658,"Branden Oliver","SD","RB",25,2,11,0,0,0,NA,123,0,11,0,NA,NA,NA,NA,NA,NA,NA
2551247,"Josh Harris","PIT","RB",25,2,8,0,0,0,NA,123,0,11,0,NA,NA,NA,NA,NA,NA,NA
2551359,"Jerome Cunningham","FA","TE",25,2,NA,0,0,0,0,91,0,16,0,NA,NA,NA,3.31919122631242,NA,NA,NA
2552371,"Garrett Grayson","FA","QB",25,1,NA,0,0,0,0,67,0,10,0,NA,NA,NA,3.39696455880422,NA,NA,NA
2552374,"Ameer Abdullah","DET","RB",23,1,10,0,0,0,NA,123,0,11,0,NA,NA,NA,NA,NA,NA,NA
2552376,"David Cobb","FA","RB",23,1,NA,0,0,0,0,123,0,11,0,NA,NA,NA,2.60869247384235,NA,NA,NA
2552383,"Terrence Magee","BAL","RB",23,1,8,0,0,0,NA,123,0,11,0,NA,NA,NA,NA,NA,NA,NA
2552421,"Kenny Bell","FA","WR",24,1,NA,0,0,0,0,173,0,15,0,NA,NA,NA,2.49154763192951,NA,NA,NA
2552425,"Rashad Greene","JAC","WR",24,1,5,0,0,0,NA,173,0,15,0,NA,NA,NA,NA,NA,NA,NA
2552431,"Vince Mayle","DAL","WR",NA,NA,7,0,0,0,NA,173,0,15,0,NA,NA,NA,NA,NA,NA,NA
2552469,"Melvin Gordon","SD","RB",23,1,11,0,0,0,NA,123,0,11,0,NA,NA,NA,NA,NA,NA,NA
2552476,"Kenny Hilliard","FA","RB",25,1,NA,0,0,0,NA,123,0,11,0,NA,NA,NA,NA,NA,NA,NA
2552479,"DaRon Brown","KC","WR",25,1,5,0,0,0,NA,173,0,15,0,NA,NA,NA,NA,NA,NA,NA
2552576,"Sean Mannion","LA","QB",24,1,8,0,0,0,0,67,0,10,0,NA,NA,NA,3.39696455880422,NA,NA,NA
2552616,"Duron Carter","FA","WR",25,1,NA,0,0,0,NA,173,0,15,0,NA,NA,NA,NA,NA,NA,NA
2552634,"Joey Iosefa","FA","RB",NA,NA,NA,0,0,0,0,123,0,11,0,NA,NA,NA,2.60869247384235,NA,NA,NA
2552650,"Mario Alford","CLE","WR",NA,NA,13,0,0,0,NA,173,0,15,0,NA,NA,NA,NA,NA,0,NA
2552651,"Kaelin Clay","BAL","WR",24,1,8,0,0,0,NA,173,0,15,0,NA,NA,NA,NA,NA,NA,NA
2552654,"Geremy Davis","SD","WR",24,1,11,0,0,0,0,173,0,15,0,NA,NA,NA,2.49154763192951,NA,0,NA
2553117,"Jarryd Hayne","FA","RB",28,1,NA,0,0,0,NA,123,0,11,0,NA,NA,NA,NA,NA,NA,NA
2553289,"Evan Spencer","FA","WR",NA,NA,NA,0,0,0,NA,173,0,15,0,NA,NA,NA,NA,NA,NA,NA
2553292,"Kennard Backman","FA","TE",23,1,NA,0,0,0,NA,91,0,16,0,NA,NA,NA,NA,NA,NA,NA
2553446,"Malcolm Johnson","FA","RB",24,1,NA,0,0,0,NA,123,0,11,0,NA,NA,NA,NA,NA,NA,NA
2553453,"Andre Debose","FA","WR",NA,NA,NA,0,0,0,NA,173,0,15,0,NA,NA,NA,NA,NA,NA,NA
2553465,"Rory Anderson","SF","TE",24,1,8,0,0,0,NA,91,0,16,0,NA,NA,NA,NA,NA,NA,NA
2553467,"Quan Bray","IND","WR",NA,NA,10,0,0,0,NA,173,0,15,0,NA,NA,NA,NA,NA,NA,NA
2553497,"Kyle Brindza","FA","K",23,1,NA,0,0,0,NA,33,0,8,0,NA,NA,NA,NA,NA,NA,NA
2553502,"DeAndre Carter","FA","WR",23,1,NA,0,0,0,NA,173,0,15,0,NA,NA,NA,NA,NA,NA,NA
2553511,"John Crockett","GB","RB",24,1,4,0,0,0,NA,123,0,11,0,NA,NA,NA,NA,NA,NA,NA
2553533,"Alonzo Harris","FA","RB",NA,NA,NA,0,0,0,NA,123,0,11,0,NA,NA,NA,NA,NA,NA,NA
2553548,"Jake Kumerow","FA","WR",NA,NA,NA,0,0,0,NA,173,0,15,0,NA,NA,NA,NA,NA,NA,NA
2553653,"Josh Harper","OAK","WR",25,1,10,0,0,0,NA,173,0,15,0,NA,NA,NA,NA,NA,NA,NA
2553662,"Gus Johnson","FA","RB",23,1,NA,0,0,0,0,123,0,11,0,NA,NA,NA,2.60869247384235,NA,NA,NA
2553703,"Devante Davis","FA","WR",24,1,NA,0,0,0,NA,173,0,15,0,NA,NA,NA,NA,NA,NA,NA
2553728,"Raheem Mostert","FA","RB",NA,NA,NA,0,0,0,NA,123,0,11,0,NA,NA,NA,NA,NA,NA,NA
2553767,"George Farmer","SEA","WR",23,1,5,0,0,0,NA,173,0,15,0,NA,NA,NA,NA,NA,NA,NA
2553773,"Mitchell Henry","FA","TE",NA,NA,NA,0,0,0,NA,91,0,16,0,NA,NA,NA,NA,NA,NA,NA
2553791,"E.J. Bibbs","FA","TE",25,1,NA,0,0,0,NA,91,0,16,0,NA,NA,NA,NA,NA,NA,NA
2553797,"Michael Dyer","FA","RB",26,1,NA,0,0,0,NA,123,0,11,0,NA,NA,NA,NA,NA,NA,NA
2553867,"Mack Brown","WAS","RB",NA,NA,9,0,0,0,NA,123,0,11,0,NA,NA,NA,NA,NA,NA,NA
2553876,"Donteea Dye","TB","WR",NA,NA,6,0,0,0,NA,173,0,15,0,NA,NA,NA,NA,NA,NA,NA
2553879,"Jahwan Edwards","SD","RB",24,1,11,0,0,0,NA,123,0,11,0,NA,NA,NA,NA,NA,NA,NA
2553896,"Darius Jennings","FA","WR",NA,NA,NA,0,0,0,NA,173,0,15,0,NA,NA,NA,NA,NA,NA,NA
2555261,"Jacoby Brissett","NE","QB",24,0,9,0,0,0,NA,67,0,10,0,NA,NA,NA,NA,NA,NA,NA
2555262,"Jeff Driskel","CIN","QB",23,0,9,0,0,0,0,67,0,10,0,NA,NA,NA,3.39696455880422,NA,NA,NA
2555263,"Kevin Hogan","CLE","QB",24,0,13,0,0,0,NA,67,0,10,0,NA,NA,NA,NA,NA,NA,NA
2555332,"Connor Cook","OAK","QB",23,0,10,0,0,0,0,67,0,10,0,NA,NA,NA,3.39696455880422,NA,NA,NA
2555343,"Josh Doctson","WAS","WR",NA,0,9,0,0,0,NA,173,0,15,0,NA,NA,NA,NA,NA,NA,NA
2555416,"Christian Hackenberg","NYJ","QB",21,0,11,0,0,0,0,67,0,10,0,NA,NA,NA,3.39696455880422,NA,NA,NA
2555417,"C.J. Prosise","SEA","RB",22,0,5,0,0,0,NA,123,0,11,0,NA,NA,NA,NA,NA,NA,NA
2555426,"Cardale Jones","BUF","QB",24,0,10,0,0,0,0,67,0,10,0,NA,NA,NA,3.39696455880422,NA,NA,NA
2555427,"Nate Sudfeld","WAS","QB",23,0,9,0,0,0,NA,67,0,10,0,NA,NA,NA,NA,NA,NA,NA
2555432,"Andy Janovich","DEN","RB",23,0,11,0,0,0,NA,123,0,11,0,NA,NA,NA,NA,NA,NA,NA
2555459,"Keith Marshall","WAS","RB",22,0,9,0,0,0,NA,123,0,11,0,NA,NA,NA,NA,NA,NA,NA
2555462,"Kelvin Taylor","SEA","RB",23,0,5,0,0,0,NA,123,0,11,0,NA,NA,NA,NA,NA,NA,NA
2555471,"Kenny Lawler","FA","WR",22,0,NA,0,0,0,NA,173,0,15,0,NA,NA,NA,NA,NA,NA,NA
2555483,"Thomas Duarte","MIA","TE",21,0,8,0,0,0,0,91,0,16,0,NA,NA,NA,3.31919122631242,NA,NA,NA
2555487,"Beau Sandland","FA","TE",23,0,NA,0,0,0,NA,91,0,16,0,NA,NA,NA,NA,NA,NA,NA
2555573,"Anthony Dable","FA","WR",NA,2016,NA,0,0,0,NA,173,0,15,0,NA,NA,NA,NA,NA,NA,NA
2556212,"Devin Fuller","ATL","WR",22,0,11,0,0,0,NA,173,0,15,0,NA,NA,NA,NA,NA,NA,NA
2556232,"Jake Rudock","DET","QB",23,0,10,0,0,0,NA,67,0,10,0,NA,NA,NA,NA,NA,NA,NA
2556261,"Moritz Boehringer","FA","WR",NA,0,NA,0,0,0,0,173,0,15,0,NA,NA,NA,2.49154763192951,NA,NA,NA
2556375,"Rico Gathers","FA","TE",22,0,NA,0,0,0,0,91,0,16,0,NA,NA,NA,3.31919122631242,NA,NA,NA
2556379,"Zac Brooks","FA","RB",23,0,NA,0,0,0,NA,123,0,11,0,NA,NA,NA,NA,NA,NA,NA
2556473,"Jace Billingsley","FA","WR",23,0,NA,0,0,0,0,173,0,15,0,NA,NA,NA,2.49154763192951,NA,NA,NA
2556490,"Devon Cajuste","FA","WR",23,0,NA,0,0,0,0,173,0,15,0,NA,NA,NA,2.49154763192951,NA,NA,NA
2556492,"Joe Callahan","GB","QB",23,0,4,0,0,0,NA,67,NA,10,0,NA,NA,NA,NA,NA,NA,NA
2556507,"Marshaun Coprich","FA","RB",22,0,NA,0,0,0,0,123,0,11,0,NA,NA,NA,2.60869247384235,NA,NA,NA
2556517,"Ed Eagan","BUF","WR",23,0,10,0,0,0,NA,173,0,15,0,NA,NA,NA,NA,NA,NA,NA
2556521,"Kaimi Fairbairn","HOU","K",22,0,9,0,0,0,NA,33,0,8,0,NA,NA,NA,NA,NA,NA,NA
2556528,"D.J. Foster","NE","RB",NA,0,9,0,0,0,NA,123,0,11,0,NA,NA,NA,NA,NA,NA,NA
2556528,"D.J. Foster","NE","WR",NA,0,9,0,0,0,NA,173,0,15,0,NA,NA,NA,NA,NA,NA,NA
2556541,"Aaron Green","FA","RB",24,0,NA,0,0,0,0,123,0,11,0,NA,NA,NA,2.60869247384235,NA,NA,NA
2556544,"Glenn Gronkowski","FA","RB",23,0,NA,0,0,0,0,123,0,11,0,NA,NA,NA,2.60869247384235,NA,NA,NA
2556547,"Russell Hansbrough","TB","RB",23,0,6,0,0,0,NA,123,0,11,0,NA,NA,NA,NA,NA,NA,NA
2556563,"Don Jackson","GB","RB",23,0,4,0,0,0,NA,123,0,11,0,NA,NA,NA,NA,NA,NA,NA
2556569,"Andy Jones","FA","WR",NA,0,NA,0,0,0,0,173,0,15,0,NA,NA,NA,2.49154763192951,NA,NA,NA
2556577,"Marshall Koehn","FA","K",24,0,NA,0,0,0,NA,33,NA,8,0,NA,NA,NA,NA,NA,NA,NA
2556603,"Tre Madden","SEA","RB",23,0,5,0,0,0,NA,123,0,11,0,NA,NA,NA,NA,NA,NA,NA
2556743,"Chris Hubert","ARI","WR",23,0,9,0,0,0,NA,173,0,15,0,NA,NA,NA,NA,NA,NA,NA
2556818,"Ryan OMalley","OAK","TE",23,2016,10,0,0,0,NA,91,NA,16,0,NA,NA,NA,NA,NA,NA,NA
2556851,"Keyarris Garrett","FA","WR",24,0,NA,0,0,0,0,173,NA,15,0,NA,NA,NA,2.49154763192951,NA,NA,NA
2556854,"Devon Johnson","CAR","RB",23,0,7,0,0,0,NA,123,0,11,0,NA,NA,NA,NA,NA,NA,NA
2557531,"Troymaine Pope","SEA","RB",23,0,5,0,0,0,NA,123,NA,11,0,NA,NA,NA,NA,NA,NA,NA
