"playerId","player","team","position","age","exp","bye","points","lower","upper","sdPts","positionRank","dropoff","tier","ptSpread","overallECR","positionECR","sdRank","risk","sleeper","actualPoints","salary"
2558125,"Patrick Mahomes","KC","QB",NA,3,NA,23.4918,21.8299,25.279,1.56514745631202,1,1.9582,1,3.4491,NA,NA,NA,5.55727189615511,NA,NA,NA
2532975,"Russell Wilson","SEA","QB",32,8,NA,22.4998666666667,20.0769,25.154,2.56934000448883,2,2.202615,1,5.0771,NA,NA,NA,7.1989573902911,NA,NA,NA
2506363,"Aaron Rodgers","GB","QB",37,15,NA,20.5673333333333,19.0491,22.719,2.18434069747983,3,1.30839833333333,2,3.6699,NA,NA,NA,6.56954844006873,NA,NA,NA
2560757,"Lamar Jackson","BAL","QB",23,2,NA,20.02717,19.14035,20.73664,0.809797054514277,4,1.62935333333333,2,1.59629,NA,NA,NA,4.32240135277919,NA,NA,NA
2556075,"Derrick Henry","TEN","RB",26,4,NA,18.9058333333333,18.33675,19.44575,0.555651029574018,1,1.8551,1,1.109,NA,NA,NA,4.00795909444385,NA,NA,NA
2560955,"Josh Allen","BUF","QB",24,2,NA,18.4907,16.8625,19.862,1.66706582053619,5,0.397366666666667,3,2.9995,NA,NA,NA,5.72389123667567,NA,NA,NA
2532956,"Ryan Tannehill","TEN","QB",32,8,NA,18.3049333333333,17.3228,19.085,1.07264507954247,6,0.631,3,1.7622,NA,NA,NA,4.75211355352646,NA,NA,NA
2504211,"Tom Brady","TB","QB",43,20,NA,17.8817333333333,16.2782,19.178,1.44196060787619,7,0.461133333333333,3,2.8998,NA,NA,NA,5.35588217013831,NA,NA,NA
2557917,"Kareem Hunt","CLE","RB",25,3,NA,17.5023666666667,17.28,17.76635,0.285927240162014,2,1.59595,2,0.486349999999998,NA,NA,NA,3.42249103297483,NA,NA,NA
2565045,"Justin Herbert","LAC","QB",50,0,NA,17.4661333333333,17.0154933333333,17.8724,0.464943561688465,8,0.213750000000001,3,0.856906666666667,NA,NA,NA,3.75862403955162,NA,NA,NA
2543465,"Teddy Bridgewater","CAR","QB",28,6,NA,17.3750666666667,15.8886,18.4426,1.34934894325622,9,0.281083333333335,3,2.554,NA,NA,NA,5.20447771421954,NA,NA,NA
2555259,"Carson Wentz","PHI","QB",28,4,NA,17.1297,15.6363,18.836,1.60282545837031,10,0.240600000000001,3,3.1997,NA,NA,NA,5.61886907643634,NA,NA,NA
2543499,"Derek Carr","LVR","QB",29,6,NA,17.0582666666667,16.5581,17.4687,0.524643721649909,11,0.479550000000003,4,0.910599999999999,NA,NA,NA,3.85622373473383,NA,NA,NA
310,"Matt Ryan","ATL","QB",35,12,NA,16.7199333333333,15.6764,17.658,0.944933484784334,12,0.375758333333334,4,1.9816,NA,NA,NA,4.54332663021374,NA,NA,NA
2558019,"Alvin Kamara","NO","RB",24,3,NA,16.5991,15.925,17.3038,0.7980992294195,3,1.4804,3,1.3788,NA,NA,NA,4.53422219448271,NA,NA,NA
2563722,"Joe Burrow","CIN","QB",50,0,NA,16.4375,14.4758,17.8964,2.11503971593916,13,0.200941666666665,4,3.4206,NA,NA,NA,6.456253020449,NA,NA,NA
79860,"Matthew Stafford","DET","QB",32,11,NA,16.25085,15.03515,17.4522,1.18792507655155,14,0.0912116666666662,4,2.41705,NA,NA,NA,4.9405769106759,NA,NA,NA
2495455,"Cam Newton","NE","QB",31,9,NA,16.2222666666667,14.6141866666667,18.2372,2.18628953455138,15,0.301806666666664,4,3.62301333333333,NA,NA,NA,6.57273446007715,NA,NA,NA
2504775,"Drew Brees","NO","QB",41,19,NA,16.09701,14.86675,17.6012,1.39795438963508,16,0.447505,4,2.73445,NA,NA,NA,5.28393942343165,NA,NA,NA
2543801,"Jimmy Garoppolo","SF","QB",29,6,NA,15.74391,15.0147,16.50312,0.746575458677822,17,0.412700000000003,5,1.48842,NA,NA,NA,4.21904470370897,NA,NA,NA
2555334,"Jared Goff","LAR","QB",26,4,NA,15.5551,14.3301,16.6576,1.26739774735479,18,0.543994999999999,5,2.3275,NA,NA,NA,5.07050132713846,NA,NA,NA
2557991,"Dalvin Cook","MIN","RB",25,3,NA,15.2137333333333,14.5487,16.2425,1.08654948652451,4,0.735566666666667,4,1.6938,NA,NA,NA,5.16033831581432,NA,NA,NA
2506109,"Ben Roethlisberger","PIT","QB",38,16,NA,15.10732,14.6526,15.6416,0.496304454946759,19,0.274669999999999,6,0.989000000000001,NA,NA,NA,3.80989381210546,NA,NA,NA
2564148,"Jonathan Taylor","IND","RB",50,0,NA,15.0236666666667,13.5884,16.048,1.45216482076473,5,1.11205,4,2.4596,NA,NA,NA,5.95395055686883,NA,NA,NA
2506121,"Philip Rivers","IND","QB",39,16,NA,14.91489,12.93575,16.91888,2.14195607693062,20,0.380151666666666,6,3.98313,NA,NA,NA,6.50025673216228,NA,NA,NA
2560800,"Baker Mayfield","CLE","QB",25,2,NA,14.75041,12.67112,15.9788,2.22573089467258,21,1.02644333333333,6,3.30768,NA,NA,NA,6.63721443346226,NA,NA,NA
2543495,"Davante Adams","GB","WR",28,6,NA,14.6168333333333,13.48425,16.15625,1.35521351331318,1,1.65695833333333,1,2.672,NA,NA,NA,5.50747750920051,NA,NA,NA
2532820,"Kirk Cousins","MIN","QB",32,8,NA,14.3190666666667,12.6397466666667,15.8786,1.77457453304541,22,1.49965,6,3.23885333333333,NA,NA,NA,5.89964985402457,NA,NA,NA
2562377,"Josh Jacobs","LVR","RB",50,1,NA,13.9326666666667,13.425,14.3175,0.436330914177149,6,0.0486999999999984,5,0.892499999999998,NA,NA,NA,3.74896037279621,NA,NA,NA
2555224,"Ezekiel Elliott","DAL","RB",25,4,NA,13.8905666666667,13.2565,14.7552,0.897151406768482,7,0.256616666666668,5,1.4987,NA,NA,NA,4.74922690868762,NA,NA,NA
2552475,"Todd Gurley","ATL","RB",26,5,NA,13.8773666666667,13.25,14.727,0.840452846188688,8,0.550433333333334,5,1.477,NA,NA,NA,4.62615583504187,NA,NA,NA
2558116,"Aaron Jones","GB","RB",26,3,NA,13.3905333333333,11.21275,15.54125,2.48698957912305,9,0.6708,5,4.3285,NA,NA,NA,8.2001626783764,NA,NA,NA
2564271,"Clyde Edwards-Helaire","KC","RB",50,0,NA,13.2633333333333,12.0061,14.7371,1.49771730013081,10,1.20864166666667,5,2.731,NA,NA,NA,6.05282771504499,NA,NA,NA
2556214,"Tyreek Hill","KC","WR",26,4,NA,13.14475,11.809375,14.943125,1.50158299803907,2,0.428833333333333,2,3.13375,NA,NA,NA,5.85823996476464,NA,NA,NA
2564499,"Tua Tagovailoa","MIA","QB",50,0,NA,13.1288666666667,12.3158,14.07836,0.966611851319396,23,1.16678333333333,7,1.76256,NA,NA,NA,4.57876710419633,NA,NA,NA
100031,"Buccaneers","TB","DST",NA,NA,NA,12.8733333333333,11.78,14.52,1.52796160510226,1,1.19266666666667,1,2.74,NA,NA,NA,5.71232773987932,NA,NA,NA
2560854,"Calvin Ridley","ATL","WR",26,2,NA,12.775,11.41,14.51425,1.60071256008067,3,0.122783333333333,2,3.10425,NA,NA,NA,6.09579582325404,NA,NA,NA
100016,"Chiefs","KC","DST",NA,NA,NA,12.748,11.7,14.36,1.44447914488233,2,2.43008333333333,1,2.66,NA,NA,NA,5.53592622141017,NA,NA,NA
2552430,"Tyler Lockett","SEA","WR",28,5,NA,12.6568333333333,11.11925,14.89625,1.81449432808887,4,0.382283333333332,2,3.777,NA,NA,NA,6.60810628223961,NA,NA,NA
2562685,"DK Metcalf","SEA","WR",50,1,NA,12.6476,10.952,15.128,2.2838320428613,5,0.817350000000003,2,4.176,NA,NA,NA,7.73283559061111,NA,NA,NA
2532842,"Nick Foles","CHI","QB",31,8,NA,12.5099666666667,10.8583,13.99534,1.7046935612531,24,1.09686666666667,7,3.13704,NA,NA,NA,5.78540624813858,NA,NA,NA
2553439,"Mike Davis","CAR","RB",27,5,NA,12.1761333333333,9.6715,14.8769,2.65089440503892,11,0.257125,5,5.2054,NA,NA,NA,8.55593789903297,NA,NA,NA
2562502,"David Montgomery","CHI","RB",50,1,NA,11.93325,10.6718,13.5377,1.61408743567379,12,0.152450000000002,6,2.8659,NA,NA,NA,6.30542314912874,NA,NA,NA
2562574,"Darrell Henderson","LAR","RB",50,1,NA,11.9047666666667,11.027,13.5623,1.34842670051682,13,0.271808333333334,6,2.5353,NA,NA,NA,5.72877443764557,NA,NA,NA
2562238,"A.J. Brown","TEN","WR",NA,1,NA,11.9015,10.8293,13.7365,2.00410719939495,6,0.170166666666667,2,2.9072,NA,NA,NA,7.06249796415639,NA,NA,NA
2558266,"George Kittle","SF","TE",27,3,NA,11.8955,10.1476666666667,13.9076666666667,1.82787268885627,1,1.08908333333333,1,3.76,NA,NA,NA,8.59285270650725,NA,NA,NA
2540258,"Travis Kelce","KC","TE",31,7,NA,11.8648333333333,10.89175,13.44075,1.24170240664447,2,2.30908333333333,1,2.549,NA,NA,NA,6.54101033290615,NA,NA,NA
2541785,"Adam Thielen","MIN","WR",30,6,NA,11.759,10.05275,14.04525,1.95000966664271,7,0.138083333333334,2,3.9925,NA,NA,NA,6.93285766745333,NA,NA,NA
2558052,"Kenny Golladay","DET","WR",27,3,NA,11.7036666666667,10.492,13.8286666666667,2.19565176352414,8,0.168650000000001,2,3.33666666666667,NA,NA,NA,7.52151878936283,NA,NA,NA
2560770,"Ronald Jones","TB","RB",23,2,NA,11.6568333333333,11.2,12.4135,0.82790124209755,14,0.142925,6,1.2135,NA,NA,NA,4.59891106241138,NA,NA,NA
2552469,"Melvin Gordon","DEN","RB",27,5,NA,11.6090833333333,10.4129,13.286,1.77075784937159,15,0.407758333333332,6,2.8731,NA,NA,NA,6.64549520431217,NA,NA,NA
2543468,"Mike Evans","TB","WR",27,6,NA,11.5381666666667,10.14,13.79,1.84776734646618,9,0.114983333333331,2,3.65,NA,NA,NA,6.68784233960097,NA,NA,NA
2495454,"Julio Jones","ATL","WR",31,9,NA,11.5318666666667,10.2822666666667,13.214,1.66494400306237,10,0.255283333333331,3,2.93173333333333,NA,NA,NA,6.24972120399089,NA,NA,NA
2557978,"James Conner","PIT","RB",25,3,NA,11.4187333333333,10.23125,12.06475,1.23934539441863,16,0.446608333333332,6,1.8335,NA,NA,NA,5.49200028819795,NA,NA,NA
2562305,"Drew Lock","DEN","QB",50,1,NA,11.4142,9.9872,13.09896,1.70906731679397,25,0.798916666666667,8,3.11176,NA,NA,NA,5.79255660096621,NA,NA,NA
2562299,"Daniel Jones","NYG","QB",50,1,NA,11.412,10.1688,12.5704,1.29328522247286,26,2.18536666666667,8,2.4016,NA,NA,NA,5.11282298393456,NA,NA,NA
2552608,"Stefon Diggs","BUF","WR",27,5,NA,11.3145,10.4,12.86675,1.61580803315245,11,0.1136,3,2.46675,NA,NA,NA,6.13197088537493,NA,NA,NA
2560813,"D.J. Moore","CAR","WR",23,2,NA,11.2386666666667,10.2902,12.8446,1.73745796112213,12,0.171808333333333,3,2.5544,NA,NA,NA,6.423494952251,NA,NA,NA
2540154,"Keenan Allen","LAC","WR",28,7,NA,11.1631333333333,9.8924,13.0616,1.87211249661979,13,0.439508333333336,3,3.1692,NA,NA,NA,6.74618349359869,NA,NA,NA
2543715,"Jerick McKinnon","SF","RB",28,6,NA,10.9839166666667,9.138,13.2787,2.44027849617393,17,0.316875,6,4.1407,NA,NA,NA,8.09877063119005,NA,NA,NA
2556462,"Robby Anderson","CAR","WR",27,4,NA,10.9705833333333,9.579875,12.841875,2.14410740558086,14,0.496016666666668,3,3.262,NA,NA,NA,7.39799696651484,NA,NA,NA
2561146,"Boston Scott","PHI","RB",25,2,NA,10.9603333333333,7.4772,14.8216,3.98179987219627,18,0.92925,6,7.3444,NA,NA,NA,11.4448289588605,NA,NA,NA
100003,"Bills","BUF","DST",NA,NA,NA,10.6133333333333,10.1933333333333,11.04,0.432434966208793,3,1.97458333333333,2,0.846666666666666,NA,NA,NA,3.39743953324145,NA,NA,NA
2562653,"Travis Fulgham","FA","WR",NA,1,NA,10.4766666666667,8.182,13.142,3.20219195760238,15,0.0204333333333313,3,4.96,NA,NA,NA,9.933609743704,NA,NA,NA
2540169,"Robert Woods","LAR","WR",28,7,NA,10.4724666666667,9.0698,12.6294,2.22590326983602,16,0.0403333333333347,3,3.5596,NA,NA,NA,7.59401404107694,NA,NA,NA
2564556,"Justin Jefferson","MIN","WR",50,0,NA,10.44,9.378,11.942,1.5890877886385,17,0.0193666666666683,3,2.564,NA,NA,NA,6.06793801269973,NA,NA,NA
2555466,"Tyler Boyd","CIN","WR",26,4,NA,10.4242666666667,9.2024,12.6384,2.43465140557466,18,0.0950166666666661,3,3.436,NA,NA,NA,8.0942618135088,NA,NA,NA
2557898,"Cooper Kupp","LAR","WR",27,3,NA,10.417,9.19885,12.49195,2.25226467509187,19,0.17775,3,3.2931,NA,NA,NA,7.65718698492504,NA,NA,NA
2562270,"Myles Gaskin","MIA","RB",50,1,NA,10.37375,8.7391,11.6306,1.6729192797821,19,0.745791666666667,6,2.8915,NA,NA,NA,6.43312477232567,NA,NA,NA
2543509,"Allen Robinson","CHI","WR",27,6,NA,10.2415,8.836,11.9185,1.92214343897639,20,0.131333333333332,3,3.0825,NA,NA,NA,6.86607854022029,NA,NA,NA
2565093,"Brandon Aiyuk","SF","WR",50,0,NA,10.237,8.52225,12.80015,2.70956118833536,21,0.4094,3,4.2779,NA,NA,NA,8.7530605422215,NA,NA,NA
100028,"Chargers","LAC","DST",NA,NA,NA,10.0225,5.893,8.41,1.48279859275178,4,2.772,3,2.517,NA,NA,NA,5.61689662852638,NA,NA,NA
2562736,"Darius Slayton","NYG","WR",NA,1,NA,9.98333333333333,7.964,12.58,3.14414270244423,22,0.320775000000001,3,4.616,NA,NA,NA,9.79449946862808,NA,NA,NA
2561036,"Sam Darnold","NYJ","QB",23,2,NA,9.81856666666667,7.60126666666667,11.86672,2.37599432191615,27,2.37371666666667,8,4.26545333333333,NA,NA,NA,6.8828698003068,NA,NA,NA
2560957,"Mark Andrews","BAL","TE",24,2,NA,9.748,8.285,11.76375,1.63209206235433,3,0.886916666666666,2,3.47875,NA,NA,NA,7.9075382209774,NA,NA,NA
2540156,"Giovani Bernard","CIN","RB",29,7,NA,9.68841666666667,6.7386,13.5395,3.87224813039316,20,0.245666666666667,6,6.8009,NA,NA,NA,11.2070336718973,NA,NA,NA
2552487,"Amari Cooper","DAL","WR",26,5,NA,9.67186666666667,8.3476,11.7546666666667,2.1450917307503,23,0.201241666666668,3,3.40706666666667,NA,NA,NA,7.40035582098615,NA,NA,NA
2563731,"Tee Higgins","CIN","WR",50,0,NA,9.65325,7.92225,12.04245,2.52440641537768,24,0.411875,3,4.1202,NA,NA,NA,8.30935232705847,NA,NA,NA
2557997,"Christian McCaffrey","CAR","RB",24,3,NA,9.5675,7.7834,11.0038,2.14899633550176,21,0.250875000000001,7,3.2204,NA,NA,NA,7.46650752113583,NA,NA,NA
2552408,"Darren Waller","LVR","TE",28,5,NA,9.3635,8.155,10.7255,1.51264718292138,4,1.40166666666667,2,2.5705,NA,NA,NA,7.48943093651151,NA,NA,NA
2557973,"Leonard Fournette","TB","RB",24,3,NA,9.318,6.3698,12.6874,3.47307231904741,22,0.24255,7,6.3176,NA,NA,NA,10.3405743619366,NA,NA,NA
2540175,"LeVeon Bell","NYJ","RB",28,7,NA,9.31525,7.6845,10.9158,1.73277818834379,23,0.595174999999999,7,3.2313,NA,NA,NA,6.56305576296489,NA,NA,NA
2552409,"DeVante Parker","MIA","WR",27,5,NA,9.288,7.6534,11.837,2.7604207408775,25,0.132625000000001,4,4.1836,NA,NA,NA,8.87494128513716,NA,NA,NA
2543488,"Jarvis Landry","CLE","WR",28,6,NA,9.19475,7.13725,12.24885,3.13459536197789,26,0.443499999999998,4,5.1116,NA,NA,NA,9.77162005088365,NA,NA,NA
2564433,"Henry Ruggs","LVR","WR",50,0,NA,9.116,6.2264,12.78,4.42586579100632,27,0.825125000000002,4,6.5536,NA,NA,NA,12.8660436415084,NA,NA,NA
2557976,"Joe Mixon","CIN","RB",24,3,NA,8.83565,7.2091,10.154,1.75117867092424,24,0.324566666666668,7,2.9449,NA,NA,NA,6.60299623276904,NA,NA,NA
2495143,"Andy Dalton","DAL","QB",33,9,NA,8.6347,6.52096,10.2666,2.1282270148334,28,3.4412,9,3.74564,NA,NA,NA,6.47781203056196,NA,NA,NA
2562734,"Devin Singletary","BUF","RB",50,1,NA,8.6045,7.7003,9.2619,0.960511842717204,25,0.253083333333333,7,1.5616,NA,NA,NA,4.88675838742592,NA,NA,NA
2562281,"Damien Harris","NE","RB",50,1,NA,8.41766666666667,5.1164,11.9296,3.66492825456531,26,0.191791666666667,7,6.8132,NA,NA,NA,10.757020841848,NA,NA,NA
2535698,"Cole Beasley","BUF","WR",31,8,NA,8.3865,6.5432,11.005,2.80534353214242,28,0.421541666666666,4,4.4618,NA,NA,NA,8.98259506696464,NA,NA,NA
497240,"Rob Gronkowski","TB","TE",31,10,NA,8.35866666666667,7.0785,10.2125,1.98195677719436,5,0.826666666666666,2,3.134,NA,NA,NA,9.13221178209332,NA,NA,NA
2562722,"Miles Sanders","PHI","RB",50,1,NA,8.28516666666667,7.7156,9.0608,0.951792037859812,27,0.171374999999999,7,1.3452,NA,NA,NA,4.8678309978272,NA,NA,NA
2562379,"Marquise Brown","BAL","WR",50,1,NA,8.19525,7.1746,9.0849,1.07601777401677,29,0.576916666666666,4,1.9103,NA,NA,NA,4.83840783745808,NA,NA,NA
2563965,"D'Andre Swift","DET","RB",50,0,NA,8.16658333333333,6.9373,9.2206,1.29560145835395,28,0.206458333333334,7,2.2833,NA,NA,NA,5.61411086943327,NA,NA,NA
2565054,"Joshua Kelley","LAC","RB",50,0,NA,8.061,5.544,9.858,2.57162490784847,29,0.27975,7,4.314,NA,NA,NA,8.38387388141373,NA,NA,NA
2564808,"Lamical Perine","NYJ","RB",50,0,NA,7.85925,5.0064,11.6575,3.82269131851719,30,0.633208333333333,7,6.6511,NA,NA,NA,11.0994646263754,NA,NA,NA
2556370,"Michael Thomas","NO","WR",26,4,NA,7.73466666666667,6.2732,9.326,1.92860580039917,30,0.321166666666667,4,3.0528,NA,NA,NA,6.881565058914,NA,NA,NA
2558204,"Jamaal Williams","GB","RB",NA,3,NA,7.70325,5.6136,9.8307,2.41255761589231,31,1.086625,7,4.2171,NA,NA,NA,8.0385991124817,NA,NA,NA
2550284,"Trey Burton","IND","TE",29,6,NA,7.565,5.906,10.0624,2.59291393352473,6,0.0738333333333339,3,4.1564,NA,NA,NA,11.2708186338144,NA,NA,NA
2562674,"Diontae Johnson","PIT","WR",NA,1,NA,7.502,4.1199,11.2255,4.06602031065594,31,0.242625,4,7.1056,NA,NA,NA,12.0037034853773,NA,NA,NA
2558207,"Jonnu Smith","TEN","TE",25,3,NA,7.499,6.467,9.25333333333333,1.69027985848498,7,0.0274166666666673,3,2.78633333333333,NA,NA,NA,8.11121996560088,NA,NA,NA
2555341,"Hunter Henry","LAC","TE",26,4,NA,7.48333333333333,5.985,9.4,1.84038764032653,8,0.353216666666667,3,3.415,NA,NA,NA,8.63666029708203,NA,NA,NA
71265,"Jared Cook","NO","TE",33,11,NA,7.45983333333333,6.0745,9.8,2.34009490548282,9,0.931733333333334,3,3.7255,NA,NA,NA,10.3858457678554,NA,NA,NA
2562865,"Scott Miller","TB","WR",50,1,NA,7.325,7.313,7.337,0.0212132034355953,32,0.159875,4,0.0239999999999982,NA,NA,NA,2.31065526655697,NA,NA,NA
100012,"Titans","TEN","DST",NA,NA,NA,7.255,7.1,7.454,0.200249843945008,5,0.214666666666666,3,0.354000000000001,NA,NA,NA,2.9068238035974,NA,NA,NA
100025,"Eagles","PHI","DST",NA,NA,NA,7.246,6.98,9.798,1.75615489066312,6,0.436666666666667,3,2.818,NA,NA,NA,6.19450857129419,NA,NA,NA
2564970,"Chase Claypool","PIT","WR",50,0,NA,7.19375,6.18435,7.86995,1.06369485756019,33,0.141500000000001,5,1.6856,NA,NA,NA,4.80887697968322,NA,NA,NA
2495450,"A.J. Green","CIN","WR",32,9,NA,7.1365,6.609,7.6748,0.57565817403502,34,0.178166666666667,5,1.0658,NA,NA,NA,3.63933712758047,NA,NA,NA
2558149,"JuJu Smith-Schuster","PIT","WR",24,3,NA,6.968,6.4121,7.5035,0.596349450126908,35,0.0276666666666667,5,1.0914,NA,NA,NA,3.68892207231358,NA,NA,NA
2558846,"Mike Williams","LAC","WR",26,3,NA,6.94866666666667,5.56,8.1568,1.66940268759018,36,0.0674166666666656,5,2.5968,NA,NA,NA,6.26040607547549,NA,NA,NA
2532865,"T.Y. Hilton","IND","WR",31,8,NA,6.932,5.7729,7.9139,1.21188530810469,37,0.30175,5,2.141,NA,NA,NA,5.16400323035965,NA,NA,NA
100027,"Steelers","PIT","DST",NA,NA,NA,6.83466666666667,5.944,10.42,2.96801617246268,7,0.131,3,4.476,NA,NA,NA,8.7552161704744,NA,NA,NA
2563848,"CeeDee Lamb","DAL","WR",50,0,NA,6.8305,5.9776,7.751,0.980177364902224,38,0.466500000000001,5,1.7734,NA,NA,NA,4.6087341639718,NA,NA,NA
2559270,"Robert Tonyan","GB","TE",26,3,NA,6.8004,5.292,9.3568,2.5614919090249,10,0.6473,3,4.0648,NA,NA,NA,11.160828340397,NA,NA,NA
100017,"Rams","LAR","DST",NA,NA,NA,6.784,6.708,9.028,1.4718967355083,8,0.235333333333332,3,2.32,NA,NA,NA,5.59386060195484,NA,NA,NA
2560756,"Justin Jackson","LAC","RB",25,2,NA,6.74883333333333,6.1293,7.6773,0.992575941679023,32,0.267333333333333,8,1.548,NA,NA,NA,4.95635738684251,NA,NA,NA
100014,"Colts","IND","DST",NA,NA,NA,6.62333333333333,6.07,7.19333333333333,0.612780547994141,9,0.223833333333334,3,1.12333333333333,NA,NA,NA,3.77851640127254,NA,NA,NA
2543743,"Carlos Hyde","SEA","RB",29,6,NA,6.48441666666667,5.2199,7.6142,1.35605040261948,33,0.168583333333333,8,2.3943,NA,NA,NA,5.74532260383066,NA,NA,NA
2507164,"Adrian Peterson","DET","RB",35,13,NA,6.47858333333333,5.569,7.2693,0.940046822119929,34,0.332041666666666,8,1.7003,NA,NA,NA,4.84233658850663,NA,NA,NA
100002,"Ravens","BAL","DST",NA,NA,NA,6.474,6.082,11.04,2.53926761094612,10,0.1675,3,4.958,NA,NA,NA,7.84925464162457,NA,NA,NA
2557848,"Corey Davis","TEN","WR",25,3,NA,6.43,5.455,7.285,1.00249688278817,39,0.139583333333333,5,1.83,NA,NA,NA,4.66222105651189,NA,NA,NA
100022,"Saints","NO","DST",NA,NA,NA,6.325,6.32,8.83,1.60286202358989,11,0.0397500000000006,3,2.51,NA,NA,NA,5.87059508753997,NA,NA,NA
2563896,"Jerry Jeudy","DEN","WR",50,0,NA,6.298,5.084,7.1376,1.27079607595659,40,0.0592083333333324,5,2.0536,NA,NA,NA,5.30517804988982,NA,NA,NA
100021,"Patriots","NE","DST",NA,NA,NA,6.288,5.96,6.624,0.344557687477728,12,0.0294166666666662,3,0.663999999999999,NA,NA,NA,3.21175160111463,NA,NA,NA
2552415,"Jamison Crowder","NYJ","WR",27,5,NA,6.28283333333333,4.806,7.9168,1.97378990354428,41,0.123708333333332,5,3.1108,NA,NA,NA,6.98984505321283,NA,NA,NA
100030,"Seahawks","SEA","DST",NA,NA,NA,6.2825,6.13,6.417,0.158403493227475,13,0.1385,3,0.287,NA,NA,NA,2.81840092064068,NA,NA,NA
2557858,"Evan Engram","NYG","TE",26,3,NA,6.2558,5.873,6.5524,0.386452713795621,11,0.418433333333335,3,0.679399999999999,NA,NA,NA,3.54727691951125,NA,NA,NA
2562718,"Brett Rypien","FA","QB",NA,1,NA,6.255,1.883,10.627,7.72867711836896,29,2.817,9,8.744,NA,NA,NA,15.6336036287963,NA,NA,NA
100011,"Packers","GB","DST",NA,NA,NA,6.23466666666667,5.68,6.78266666666667,0.570192949798575,14,0.286750000000001,3,1.10266666666667,NA,NA,NA,3.68852723504695,NA,NA,NA
2555468,"Rashard Higgins","CLE","WR",26,4,NA,6.19475,5.5877,6.774,0.651651939305025,42,0.0742500000000001,6,1.1863,NA,NA,NA,3.8214499481837,NA,NA,NA
2541161,"Latavius Murray","NO","RB",30,7,NA,6.15308333333333,5.3748,6.7609,0.811607064889025,35,0.271291666666667,8,1.3861,NA,NA,NA,4.56354258281117,NA,NA,NA
2565108,"JaMycal Hasty","FA","RB",50,0,NA,6.14,4.784,7.408,1.65102998155697,36,0.656916666666667,8,2.624,NA,NA,NA,6.38561140679449,NA,NA,NA
2532884,"Marvin Jones","DET","WR",30,8,NA,6.1235,4.87,7.1118,1.29379892822133,43,0.031625,6,2.2418,NA,NA,NA,5.36030249717793,NA,NA,NA
2558914,"Kendrick Bourne","SF","WR",25,3,NA,6.1175,5.618,6.767,0.653318452211477,44,0.0750000000000002,6,1.149,NA,NA,NA,3.82544360957009,NA,NA,NA
2552600,"Nelson Agholor","LVR","WR",27,5,NA,6.06625,4.5035,7.862,1.88532656322453,45,0.0741250000000004,6,3.3585,NA,NA,NA,6.77784991955451,NA,NA,NA
100008,"Cowboys","DAL","DST",NA,NA,NA,6.05333333333333,4.78,7.228,1.54484087637961,15,0.265416666666667,3,2.448,NA,NA,NA,5.74799426283677,NA,NA,NA
2562378,"T.J. Hockenson","DET","TE",50,1,NA,6.0504,5,6.8752,0.962741294429609,12,0.431233333333333,3,1.8752,NA,NA,NA,5.56452918399912,NA,NA,NA
2562712,"Hunter Renfrow","LVR","WR",50,1,NA,6.01875,5.465,6.6095,0.619103855046415,46,0.14275,6,1.1445,NA,NA,NA,3.74345113593237,NA,NA,NA
2558066,"Curtis Samuel","CAR","WR",24,3,NA,5.9655,4.1185,7.4375,1.87016652556218,47,0.21575,6,3.319,NA,NA,NA,6.74152013369207,NA,NA,NA
100007,"Browns","CLE","DST",NA,NA,NA,5.8425,5.679,6.08,0.244727739879783,16,0.194833333333333,4,0.401,NA,NA,NA,3.0008072386871,NA,NA,NA
2558877,"Zach Pascal","IND","WR",26,3,NA,5.7865,5.007,6.6152,0.870598836050987,48,0.0793749999999989,6,1.6082,NA,NA,NA,4.34613821421528,NA,NA,NA
100029,"49ers","SF","DST",NA,NA,NA,5.73333333333333,4.924,6.412,0.972076814523077,17,0.337333333333333,4,1.488,NA,NA,NA,4.53772266842177,NA,NA,NA
238498,"Julian Edelman","NE","WR",34,11,NA,5.713,5.3665,6.1783,0.46932504727534,49,0.0437500000000011,6,0.8118,NA,NA,NA,3.38451851754104,NA,NA,NA
2560907,"Marquez Valdes-Scantling","GB","WR",26,2,NA,5.70125,4.974,6.2919,0.736313961568026,50,0.126625000000002,6,1.3179,NA,NA,NA,4.0243355351461,NA,NA,NA
2555295,"Sterling Shepard","NYG","WR",NA,4,NA,5.63725,4.966,6.2135,0.682686543493181,51,0.189375,6,1.2475,NA,NA,NA,3.89582182967857,NA,NA,NA
2560747,"Hayden Hurst","ATL","TE",27,2,NA,5.62433333333333,4.993,6.11,0.643807942376192,13,0.152916666666667,4,1.117,NA,NA,NA,4.44812839406385,NA,NA,NA
2543773,"James White","NE","RB",28,6,NA,5.62358333333333,5.1331,6.35613333333333,0.767572960701457,37,0.449,9,1.22303333333333,NA,NA,NA,4.46796124134544,NA,NA,NA
2562383,"Noah Fant","DEN","TE",50,1,NA,5.614,4.29708333333333,6.39325,1.04231721019403,14,0.312483333333334,4,2.09616666666667,NA,NA,NA,5.84307833744213,NA,NA,NA
100009,"Broncos","DEN","DST",NA,NA,NA,5.562,5.068,6,0.48251424849428,18,0.396999999999999,4,0.932,NA,NA,NA,3.50325890434927,NA,NA,NA
2562805,"Preston Williams","MIA","WR",50,1,NA,5.512,5.0706,5.935,0.468447079899818,52,0.219,7,0.8644,NA,NA,NA,3.38241454079261,NA,NA,NA
2560878,"Tre'Quan Smith","NO","WR",NA,2,NA,5.38375,4.9915,5.855,0.476731493260794,53,0.186499999999999,7,0.8635,NA,NA,NA,3.40226745739504,NA,NA,NA
2557952,"Wayne Gallman","NYG","RB",26,3,NA,5.34258333333333,4.3826,6.4225,1.13099465810704,38,0.350875,9,2.0399,NA,NA,NA,5.25681192870851,NA,NA,NA
2560994,"Mike Gesicki","MIA","TE",25,2,NA,5.32883333333333,4.7515,5.735,0.471308992770843,15,0.104533333333332,4,0.983499999999999,NA,NA,NA,3.84430956369529,NA,NA,NA
497236,"Jimmy Graham","CHI","TE",34,10,NA,5.2742,4.4764,5.816,0.713819444957897,16,0.1022,4,1.3396,NA,NA,NA,4.69319808114279,NA,NA,NA
100001,"Falcons","ATL","DST",NA,NA,NA,5.23,5.208,5.248,0.0264575131106458,19,0.223750000000001,5,0.04,NA,NA,NA,2.53959419660316,NA,NA,NA
2562580,"Mecole Hardman","KC","WR",50,1,NA,5.20225,4.17455,6.37295,1.23660331149484,54,0.0547500000000003,7,2.1984,NA,NA,NA,5.22323789653346,NA,NA,NA
2560735,"Michael Gallup","DAL","WR",24,2,NA,5.19225,3.82,6.3587,1.39294182099134,55,0.146541666666666,7,2.5387,NA,NA,NA,5.59789030166372,NA,NA,NA
2543466,"Eric Ebron","PIT","TE",27,6,NA,5.1744,4.4,5.83,0.733762086782903,17,0.1677,4,1.43,NA,NA,NA,4.76300571005174,NA,NA,NA
2550313,"Richard Rodgers","FA","TE",28,6,NA,5.1696,4.5828,5.738,0.570842184846215,18,0.5027,4,1.1552,NA,NA,NA,4.1927175728994,NA,NA,NA
2558985,"Tim Patrick","DEN","WR",27,3,NA,5.10275,3.5677,6.28,1.61355205989767,56,0.200916666666666,7,2.7123,NA,NA,NA,6.12656463064897,NA,NA,NA
100010,"Lions","DET","DST",NA,NA,NA,5.1,4.264,5.752,1.01173118959534,20,0.271250000000001,5,1.488,NA,NA,NA,4.6215138259687,NA,NA,NA
2539265,"Rex Burkhead","NE","RB",30,7,NA,5.00658333333333,3.3613,6.08473333333333,1.73164110504073,39,0.077375,9,2.72343333333333,NA,NA,NA,6.56058758632156,NA,NA,NA
2543847,"John Brown","BUF","WR",30,6,NA,4.98866666666667,3.5552,6.3296,1.74553497052718,57,0.180916666666667,7,2.7744,NA,NA,NA,6.4428508422976,NA,NA,NA
2563617,"Zack Moss","BUF","RB",50,0,NA,4.97683333333333,4.6145,5.3237,0.380994458985663,40,0.129791666666666,10,0.7092,NA,NA,NA,3.62884591340739,NA,NA,NA
100019,"Dolphins","MIA","DST",NA,NA,NA,4.9125,4.608,5.143,0.328164084973763,21,0.18,6,0.535,NA,NA,NA,3.17711131419375,NA,NA,NA
2561324,"Gus Edwards","BAL","RB",25,2,NA,4.88158333333333,4.3429,5.335,0.551042471644024,41,0.0701666666666663,10,0.992100000000001,NA,NA,NA,3.99795566284694,NA,NA,NA
2555364,"Tyler Higbee","LAR","TE",27,4,NA,4.8438,4.3796,5.324,0.498800761827807,19,0.3857,5,0.9444,NA,NA,NA,3.9405423110524,NA,NA,NA
2559278,"Greg Ward","PHI","WR",50,3,NA,4.815,4.675,4.955,0.247487373415291,58,0.0250833333333338,8,0.279999999999999,NA,NA,NA,2.85290274144187,NA,NA,NA
2506404,"Frank Gore","NYJ","RB",37,15,NA,4.8125,3.9278,5.5912,0.975661655834986,42,0.0073333333333343,10,1.6634,NA,NA,NA,4.9196428865538,NA,NA,NA
2563548,"J.K. Dobbins","BAL","RB",50,0,NA,4.81033333333333,3.192,6.1816,1.64363668599711,43,0.185375,10,2.9896,NA,NA,NA,6.36956336583847,NA,NA,NA
2543457,"Sammy Watkins","KC","WR",27,6,NA,4.8005,3.3936,5.9356,1.6942304300183,59,0.082583333333333,8,2.542,NA,NA,NA,6.31990372224599,NA,NA,NA
2540145,"Cordarrelle Patterson","CHI","RB",29,7,NA,4.8,4.8,4.8,NA,44,0.468416666666667,10,0,NA,NA,NA,NA,NA,NA,NA
2553895,"Adam Humphries","TEN","WR",NA,NA,NA,4.77933333333333,4.5546,5.0306,0.302995599528002,60,0.133958333333333,8,0.475999999999999,NA,NA,NA,2.98592364898805,NA,NA,NA
100023,"Giants","NYG","DST",NA,NA,NA,4.745,4.196,5.082,0.592030404624627,22,0.0499999999999998,6,0.885999999999999,NA,NA,NA,3.73467058277136,NA,NA,NA
100004,"Panthers","CAR","DST",NA,NA,NA,4.72,3.832,5.432,1.07014017773374,23,0.067333333333333,6,1.6,NA,NA,NA,4.74493417286214,NA,NA,NA
100006,"Bengals","CIN","DST",NA,NA,NA,4.67,0.156,5.812,3.8507445167569,24,0.0835833333333333,6,5.656,NA,NA,NA,10.6204537295863,NA,NA,NA
2649,"Danny Amendola","DET","WR",35,12,NA,4.6565,4.207,5.2652,0.621422293345408,61,0.0761250000000002,8,1.0582,NA,NA,NA,3.74900708300939,NA,NA,NA
100005,"Bears","CHI","DST",NA,NA,NA,4.63533333333333,4.214,7.224,1.85549274677465,25,0.319916666666667,6,3.01,NA,NA,NA,6.40441312625557,NA,NA,NA
2564802,"Denzel Mims","NYJ","WR",50,0,NA,4.63425,2.9236,6.1135,1.82685036333029,62,0.127375,8,3.1899,NA,NA,NA,6.63771650646383,NA,NA,NA
100024,"Jets","NYJ","DST",NA,NA,NA,4.5375,1.292,5.081,2.42627801374863,26,0.960833333333333,6,3.789,NA,NA,NA,7.61050345407754,NA,NA,NA
497326,"Golden Tate","NYG","WR",32,10,NA,4.5265,3.3088,5.431,1.22518937311748,63,0.0418750000000001,8,2.1222,NA,NA,NA,5.19588533011295,NA,NA,NA
2563767,"Harrison Bryant","CLE","TE",50,0,NA,4.49,3.33,5.65,2.05060966544099,20,0.396649999999999,5,2.32,NA,NA,NA,9.37252574793103,NA,NA,NA
2540145,"Cordarrelle Patterson","CHI","WR",29,7,NA,4.48725,4.0255,4.9522,0.534795989139784,64,0.0133749999999999,8,0.926699999999999,NA,NA,NA,3.54141425560746,NA,NA,NA
2533039,"Alshon Jeffery","PHI","WR",30,8,NA,4.482,2.7168,6.72,2.70330297968985,65,0.0371249999999996,8,4.0032,NA,NA,NA,8.73806325890084,NA,NA,NA
2552597,"Breshad Perriman","NYJ","WR",27,5,NA,4.46575,3.8438,5.0631,0.663464329611371,66,0.0465000000000009,8,1.2193,NA,NA,NA,3.84975737194552,NA,NA,NA
2560742,"Nyheim Hines","IND","RB",24,2,NA,4.44991666666667,3.6974,5.2085,0.810314770800692,45,0.261583333333333,10,1.5111,NA,NA,NA,4.56073750241247,NA,NA,NA
2560866,"Dalton Schultz","DAL","TE",24,2,NA,4.4262,3.5564,5.264,0.884150552790643,21,0.819283333333334,5,1.7076,NA,NA,NA,5.28942855409496,NA,NA,NA
2560810,"Anthony Miller","CHI","WR",26,2,NA,4.424,3.60215,5.15745,0.886356117295225,67,0.0378750000000005,8,1.5553,NA,NA,NA,4.38389924529764,NA,NA,NA
2561061,"Russell Gage","ATL","WR",24,2,NA,4.4145,3.59935,5.02585,0.875903438361406,68,0.0856250000000003,8,1.4265,NA,NA,NA,4.35885025822964,NA,NA,NA
2555478,"Demarcus Robinson","KC","WR",NA,4,NA,4.35775,3.5955,4.8862,0.792880980980122,69,0.0696249999999994,8,1.2907,NA,NA,NA,4.15989375392435,NA,NA,NA
2563602,"Gabriel Davis","BUF","WR",50,0,NA,4.3,3.34,5.26,1.69705627484771,70,0.134375,8,1.92,NA,NA,NA,6.32667562742325,NA,NA,NA
2558194,"Josh Reynolds","LAR","WR",25,3,NA,4.27625,3.10915,5.34755,1.2080552208681,71,0.286875,8,2.2384,NA,NA,NA,5.15482474068573,NA,NA,NA
2543583,"Devonta Freeman","FA","RB",28,6,NA,4.21325,1.7446,6.2333,2.52563475519852,46,0.0753750000000002,10,4.4887,NA,NA,NA,8.28404670051384,NA,NA,NA
2552382,"Malcolm Brown","LAR","RB",27,5,NA,4.16341666666667,3.3821,4.942,0.853022094933329,47,0.0833749999999993,11,1.5599,NA,NA,NA,4.65343890752387,NA,NA,NA
2562746,"Jarrett Stidham","NE","QB",50,1,NA,4.132,1.3016,6.9624,5.00348758367601,30,1.7114,10,5.6608,NA,NA,NA,11.1783782479673,NA,NA,NA
2559947,"Phillip Lindsay","DEN","RB",26,2,NA,4.11233333333333,3.59,4.6532,0.665710397495287,48,0.131125,11,1.0632,NA,NA,NA,4.24685624520627,NA,NA,NA
100020,"Vikings","MIN","DST",NA,NA,NA,4.09333333333333,3.564,4.54,0.635714820759539,27,1.03333333333333,7,0.975999999999999,NA,NA,NA,3.82697736576909,NA,NA,NA
2563890,"KJ Hamler","DEN","WR",50,0,NA,4.055,2.8728,5.1072,1.42458099102859,72,0.147625000000001,8,2.2344,NA,NA,NA,5.67371097559081,NA,NA,NA
2562682,"Alexander Mattison","MIN","RB",NA,1,NA,4.04775,3.1713,4.788,0.911076423797696,49,0.173416666666667,11,1.6167,NA,NA,NA,4.77945283997752,NA,NA,NA
2553499,"Damiere Byrd","NE","WR",NA,NA,NA,3.92375,3.5345,4.334,0.429677689281939,73,0.048249999999999,9,0.799500000000001,NA,NA,NA,3.28950687852052,NA,NA,NA
2495466,"Mark Ingram","BAL","RB",31,9,NA,3.91466666666667,3.6975,4.13956666666667,0.239970831560838,50,0.119166666666667,11,0.442066666666667,NA,NA,NA,3.32273709760834,NA,NA,NA
2560920,"James Washington","PIT","WR",24,2,NA,3.891,1.9835,5.4073,2.00658100592359,74,0.098875,9,3.4238,NA,NA,NA,7.06842623844254,NA,NA,NA
2563707,"Darnell Mooney","CHI","WR",50,0,NA,3.86,2.868,4.852,1.75362481734264,75,0.20475,9,1.984,NA,NA,NA,6.46223749614447,NA,NA,NA
2558112,"Brian Hill","ATL","RB",25,3,NA,3.834,3.5273,4.1455,0.338468117651673,51,0.11625,11,0.6182,NA,NA,NA,3.5365373533191,NA,NA,NA
2495700,"Greg Olsen","SEA","TE",35,13,NA,3.7605,3.4,4.1966,0.443953075598462,22,0.355166666666667,6,0.7966,NA,NA,NA,3.74855235503706,NA,NA,NA
2558918,"Matt Breida","MIA","RB",25,3,NA,3.757,2.889,4.5514,0.944370689930601,52,0.2085,11,1.6624,NA,NA,NA,4.8517220658154,NA,NA,NA
2558856,"David Moore","SEA","WR",25,3,NA,3.72425,2.8075,4.6334,1.02491824877239,76,0.19575,9,1.8259,NA,NA,NA,4.71595201965941,NA,NA,NA
2565144,"DeeJay Dallas","SEA","RB",50,0,NA,3.6785,1.537,6.1048,2.55609448182183,53,0.388083333333332,11,4.5678,NA,NA,NA,8.35016321599771,NA,NA,NA
2562659,"N'Keal Harry","NE","WR",50,1,NA,3.58625,2.914,4.2111,0.703644026953023,77,0.182875,9,1.2971,NA,NA,NA,3.94604471851763,NA,NA,NA
2565225,"Tyler Johnson","TB","WR",50,0,NA,3.47075,1.812,4.6989,1.67936662167616,78,0.14775,9,2.8869,NA,NA,NA,6.28428382563374,NA,NA,NA
2562720,"Drew Sample","CIN","TE",NA,1,NA,3.45333333333333,3.092,3.812,0.450037035513005,23,0.159416666666667,6,0.72,NA,NA,NA,3.76984877201822,NA,NA,NA
2560809,"Sony Michel","NE","RB",25,2,NA,3.4185,2.8173,4.0197,1.06278149212338,54,0.262166666666667,11,1.2024,NA,NA,NA,5.10874701332903,NA,NA,NA
2558942,"Anthony Firkser","TEN","TE",50,2,NA,3.35733333333333,3.0164,3.7604,0.484067488407694,25,0.146333333333333,6,0.744,NA,NA,NA,3.88896966122245,NA,NA,NA
2556855,"Marcus Johnson","FA","WR",26,4,NA,3.336,2.5484,4.07,0.958054278211835,79,0.136125,9,1.5216,NA,NA,NA,4.55571800266801,NA,NA,NA
2563803,"Donovan Peoples-Jones","CLE","WR",50,0,NA,3.31,3.31,3.31,NA,80,0.283875,10,0,NA,NA,NA,NA,NA,NA,NA
2557889,"Gerald Everett","LAR","TE",26,3,NA,3.2305,2.1274,4.126,1.12161832486219,27,0.0588750000000005,7,1.9986,NA,NA,NA,6.12066557154066,NA,NA,NA
2557986,"David Njoku","CLE","TE",24,3,NA,3.1915,2.03,4.3318,1.24428118472742,28,0.0582499999999997,7,2.3018,NA,NA,NA,6.55003714013824,NA,NA,NA
2556885,"Jalen Richard","LVR","RB",27,4,NA,3.16233333333333,2.8646,3.34313333333333,0.3257057294894,55,0.0264583333333337,12,0.478533333333333,NA,NA,NA,3.50883504840424,NA,NA,NA
2540232,"Jack Doyle","IND","TE",30,7,NA,3.15175,2.622,3.7641,0.63042227911139,29,0.0760000000000001,7,1.1421,NA,NA,NA,4.40127294622053,NA,NA,NA
2563986,"AJ Dillon","GB","RB",50,0,NA,3.15033333333333,2.982,3.3076,0.204905669353811,56,0.0855416666666664,12,0.3256,NA,NA,NA,3.24662392795727,NA,NA,NA
2559150,"Corey Clement","PHI","RB",NA,3,NA,3.12141666666667,2.84446666666667,3.4575,0.347072238718237,57,0.136583333333333,12,0.613033333333334,NA,NA,NA,3.55521363727784,NA,NA,NA
2495438,"Kyle Rudolph","MIN","TE",31,9,NA,3.11475,2.1787,4.079,1.04170865248719,30,0.208041666666666,7,1.9003,NA,NA,NA,5.84094812967217,NA,NA,NA
2562631,"Miles Boykin","BAL","WR",50,1,NA,3.08975,2.73,3.6613,0.61599803841679,81,0.130833333333334,10,0.931300000000001,NA,NA,NA,3.73600830131708,NA,NA,NA
100018,"Raiders","LVR","DST",NA,NA,NA,3.06,3.06,3.06,NA,28,NA,7,0,NA,NA,NA,NA,NA,NA,NA
2562738,"Irv Smith Jr.","MIN","TE",50,1,NA,3.03675,2.1,3.9789,1.08172189124562,31,0.290416666666667,7,1.8789,NA,NA,NA,5.98101128415312,NA,NA,NA
2560733,"Royce Freeman","DEN","RB",24,2,NA,3.00816666666667,2.595,3.3104,0.422897807461277,58,0.0490833333333334,12,0.7154,NA,NA,NA,3.7198021922531,NA,NA,NA
2564850,"Jalen Reagor","PHI","WR",50,0,NA,2.9625,2.7725,3.1525,0.33587572106361,82,0.0398333333333332,10,0.38,NA,NA,NA,3.06471816131878,NA,NA,NA
2562699,"Tony Pollard","DAL","RB",NA,1,NA,2.9615,2.1836,3.6702,0.867273697667966,59,0.0266666666666664,12,1.4866,NA,NA,NA,4.68437373253157,NA,NA,NA
2558865,"Chris Carson","SEA","RB",26,3,NA,2.95666666666667,0.984,4.11066666666667,2.17289361604904,60,0.153166666666666,12,3.12666666666667,NA,NA,NA,7.5183794548162,NA,NA,NA
497322,"Emmanuel Sanders","NO","WR",33,10,NA,2.95533333333333,1.4082,4.5082,1.93753976303284,83,0.117833333333333,10,3.1,NA,NA,NA,6.90297456703087,NA,NA,NA
2552453,"Tevin Coleman","SF","RB",27,5,NA,2.913,2.7186,3.1074,0.343653895656662,61,0.229,12,0.3888,NA,NA,NA,3.54779371080395,NA,NA,NA
2560975,"Braxton Berrios","NYJ","WR",25,2,NA,2.89,2.45,3.33,0.777817459305203,84,0.1265,10,0.88,NA,NA,NA,4.12379526070335,NA,NA,NA
2556190,"Jakeem Grant","MIA","WR",28,4,NA,2.785,2.252,3.232,0.640175757116747,85,0.0640000000000001,10,0.98,NA,NA,NA,3.79394821957954,NA,NA,NA
2563911,"Albert Okwuegbunam","DEN","TE",50,0,NA,2.77666666666667,1.846,3.686,1.1509271624796,32,0.0786666666666669,7,1.84,NA,NA,NA,6.22325882263055,NA,NA,NA
2563839,"Ben DiNucci","DAL","QB",50,0,NA,2.744,1.3088,4.1792,2.53709913089733,31,0.6704,10,2.8704,NA,NA,NA,7.14624899827053,NA,NA,NA
2556661,"Kalif Raymond","TEN","WR",26,4,NA,2.742,2.4327,3.1013,0.365607257404262,86,0.0469999999999997,10,0.6686,NA,NA,NA,3.13596734767803,NA,NA,NA
2560738,"Chris Herndon","NYJ","TE",NA,2,NA,2.716,1.9455,3.4593,0.826591797684928,33,0.0592499999999996,7,1.5138,NA,NA,NA,5.08794871746455,NA,NA,NA
2562932,"Tyron Johnson","FA","WR",50,1,NA,2.7,2.556,2.844,0.254558441227157,87,0.0306666666666668,10,0.288,NA,NA,NA,2.86984797503202,NA,NA,NA
2557977,"Jeremy McNichols","FA","RB",25,3,NA,2.694,2.3202,3.1418,0.537913561829408,62,0.0700833333333337,13,0.8216,NA,NA,NA,3.96945777841813,NA,NA,NA
2552424,"Phillip Dorsett","SEA","WR",27,5,NA,2.69,2.538,2.842,0.268700576850888,88,0.0554166666666669,10,0.304,NA,NA,NA,2.90373844221233,NA,NA,NA
2558954,"Taysom Hill","NO","TE",30,3,NA,2.68,2.592,2.768,0.15556349186104,34,0.047625,8,0.175999999999999,NA,NA,NA,2.73906759271707,NA,NA,NA
2540230,"Kyle Juszczyk","SF","RB",29,7,NA,2.674,2.0932,3.2548,1.02671904628287,63,0.134208333333333,13,1.1616,NA,NA,NA,5.03046911910211,NA,NA,NA
2560051,"Justin Watson","TB","WR",NA,2,NA,2.64866666666667,2.0982,3.3422,0.836929108905488,89,0.052,10,1.244,NA,NA,NA,4.26545147685437,NA,NA,NA
2552586,"Tyler Kroft","BUF","TE",28,5,NA,2.6335,1.9268,3.499,0.933699987504909,35,0.0630000000000002,8,1.5722,NA,NA,NA,5.46287240278529,NA,NA,NA
2560894,"Ian Thomas","CAR","TE",24,2,NA,2.63125,2.049,3.1485,0.623168984572671,36,0.126375,8,1.0995,NA,NA,NA,4.37588336654652,NA,NA,NA
2550256,"Willie Snead","BAL","WR",28,6,NA,2.6205,1.8395,3.3091,0.832721041726059,90,0.0690833333333334,10,1.4696,NA,NA,NA,4.25536718927353,NA,NA,NA
2555223,"Devontae Booker","LVR","RB",28,4,NA,2.57383333333333,2.2554,2.8292,0.336309546565528,64,0.0959583333333334,13,0.5738,NA,NA,NA,3.53185191406992,NA,NA,NA
2562492,"Jakobi Meyers","NE","WR",50,1,NA,2.57283333333333,2.1332,2.9696,0.530924743568553,91,0.043333333333333,10,0.8364,NA,NA,NA,3.53213713336302,NA,NA,NA
2564829,"John Hightower","PHI","WR",50,0,NA,2.53,2.234,2.826,0.523259018078045,92,0.0163333333333333,10,0.592,NA,NA,NA,3.51376685145784,NA,NA,NA
2560890,"Auden Tate","CIN","WR",23,2,NA,2.529,2.144,2.9176,0.483562819083519,93,0.108666666666667,10,0.7736,NA,NA,NA,3.41863816898718,NA,NA,NA
2558832,"Mo Alie-Cox","IND","TE",27,4,NA,2.50975,2.0873,3.18,0.730785137141326,37,0.0674166666666669,8,1.0927,NA,NA,NA,4.75258513500039,NA,NA,NA
2560933,"Jordan Wilkins","IND","RB",26,2,NA,2.50575,2.239,2.8419,0.350260260377908,65,0.0737499999999995,13,0.6029,NA,NA,NA,3.56213362333126,NA,NA,NA
2562394,"Donald Parham","LAC","TE",NA,1,NA,2.5,2.5,2.5,NA,38,0.176416666666666,8,0,NA,NA,NA,NA,NA,NA,NA
2558071,"Isaiah Ford","MIA","WR",24,3,NA,2.49833333333333,1.907,2.947,0.719658483819466,94,0.252916666666667,10,1.04,NA,NA,NA,3.98442204986862,NA,NA,NA
2562665,"Travis Homer","SEA","RB",50,1,NA,2.45,1.248,3.688,1.52699050422719,66,0.109166666666667,13,2.44,NA,NA,NA,6.116368740079,NA,NA,NA
2562743,"Benny Snell","PIT","RB",50,1,NA,2.414,1.7137,2.9411,0.723994935525565,67,0.193625,13,1.2274,NA,NA,NA,4.37336987445861,NA,NA,NA
2552402,"Nick Boyle","BAL","TE",27,5,NA,2.38466666666667,2.0728,2.6568,0.375000444444181,39,0.185916666666667,8,0.584,NA,NA,NA,3.50718916303116,NA,NA,NA
2560936,"Cedrick Wilson","DAL","WR",NA,2,NA,2.34233333333333,1.9716,2.646,0.445809750155078,95,0.203916666666666,11,0.6744,NA,NA,NA,3.32816603822016,NA,NA,NA
2564319,"Cam Akers","LAR","RB",50,0,NA,2.26766666666667,0.9415,3.4913,1.39061880710232,68,0.222791666666666,13,2.5498,NA,NA,NA,5.82035750084425,NA,NA,NA
2561046,"Will Dissly","SEA","TE",NA,2,NA,2.2625,1.737,2.738,0.57679430186737,40,0.27,8,1.001,NA,NA,NA,4.21355248433598,NA,NA,NA
2495469,"Dion Lewis","NYG","RB",30,9,NA,2.17308333333333,1.73273333333333,2.8119,0.652124583359823,69,0.28975,13,1.07916666666667,NA,NA,NA,4.21736659476532,NA,NA,NA
2564136,"Michael Pittman","IND","WR",50,0,NA,2.1485,1.7553,2.5417,0.695085965906376,96,0.0420833333333333,11,0.7864,NA,NA,NA,3.92553602769856,NA,NA,NA
2562317,"Foster Moreau","LVR","TE",50,1,NA,2.135,2.083,2.187,0.0919238815542511,41,0.350333333333333,8,0.104,NA,NA,NA,2.51630220690765,NA,NA,NA
2558202,"Trent Taylor","SF","WR",26,3,NA,2.12833333333333,1.118,2.906,1.22578886164516,97,0.1375,11,1.788,NA,NA,NA,5.19732195516116,NA,NA,NA
2558954,"Taysom Hill","NO","QB",30,3,NA,2.0972,1.30632,3.03432,1.12545436158025,32,0.2222,10,1.728,NA,NA,NA,4.83844782521028,NA,NA,NA
2563551,"Devin Duvernay","BAL","WR",50,0,NA,2.0845,1.3535,2.8213,0.823691791064271,98,0.196916666666667,11,1.4678,NA,NA,NA,4.23372933121886,NA,NA,NA
2555262,"Jeff Driskel","DEN","QB",27,4,NA,2.05,0.41,3.69,2.89913780286484,33,0.367,10,3.28,NA,NA,NA,7.73812118171226,NA,NA,NA
2559924,"Ito Smith","ATL","RB",25,2,NA,1.91666666666667,1.6458,2.1954,0.343921987278123,70,0.120916666666667,14,0.5496,NA,NA,NA,3.54837563604775,NA,NA,NA
2564358,"Van Jefferson","LAR","WR",50,0,NA,1.89716666666667,1.2904,2.3356,0.748038156335179,99,0.0411666666666668,11,1.0452,NA,NA,NA,4.05243160553769,NA,NA,NA
2564418,"Bryan Edwards","LVR","WR",50,0,NA,1.878,1.1038,2.6598,0.972639193123534,100,0.0724166666666668,11,1.556,NA,NA,NA,4.59066955406688,NA,NA,NA
2562740,"Kaden Smith","NYG","TE",NA,1,NA,1.85,1.602,2.098,0.43840620433566,43,0.132166666666667,8,0.496,NA,NA,NA,3.72913597409229,NA,NA,NA
2563938,"Jason Huntley","PHI","RB",50,0,NA,1.85,1.618,2.082,0.410121933088198,71,0.1505,14,0.464,NA,NA,NA,3.69207061388886,NA,NA,NA
2556381,"Mike Thomas","CIN","WR",26,4,NA,1.834,1.4372,2.2308,0.701449926937055,101,0.0743333333333334,11,0.7936,NA,NA,NA,3.9407867379297,NA,NA,NA
2558129,"Isaiah McKenzie","BUF","WR",25,3,NA,1.77716666666667,1.3859,2.1971,0.510784772025687,102,0.0445833333333332,12,0.8112,NA,NA,NA,3.48387334472841,NA,NA,NA
2557034,"Marvin Hall","DET","WR",27,4,NA,1.74216666666667,1.4851,2.0139,0.332021962124998,103,0.0306666666666668,12,0.5288,NA,NA,NA,3.05548294435405,NA,NA,NA
2565258,"Ke'Shawn Vaughn","TB","RB",50,0,NA,1.7415,1.2432,2.354,0.736963872927296,73,0.134916666666667,14,1.1108,NA,NA,NA,4.40152051944419,NA,NA,NA
2507166,"Ted Ginn","CHI","WR",35,13,NA,1.723,1.332,2.0992,0.480569453877376,104,0.0429999999999999,12,0.7672,NA,NA,NA,3.41146481497782,NA,NA,NA
2505629,"Jason Witten","LVR","TE",38,17,NA,1.71933333333333,1.1044,2.362,0.788290132713415,44,0.0155000000000001,8,1.2576,NA,NA,NA,4.95387679066628,NA,NA,NA
2560880,"Durham Smythe","MIA","TE",NA,2,NA,1.71633333333333,1.4858,1.9978,0.338467625236644,45,0.0278333333333336,8,0.512,NA,NA,NA,3.37930893990847,NA,NA,NA
2562844,"Jalen Guyton","LAC","WR",NA,1,NA,1.7,1.7,1.7,NA,105,0.0763333333333334,12,0,NA,NA,NA,NA,NA,NA,NA
2564832,"Jalen Hurts","PHI","QB",50,0,NA,1.7,1.564,1.836,0.240416305603426,34,0.2245,10,0.272,NA,NA,NA,3.39155983456206,NA,NA,NA
2540215,"Vance McDonald","PIT","TE",30,7,NA,1.69133333333333,1.318,1.9612,0.460201405184006,46,0.0125,8,0.6432,NA,NA,NA,3.80542833827192,NA,NA,NA
2558144,"Adam Shaheen","MIA","TE",26,3,NA,1.68566666666667,1.266,2.0716,0.508769430423383,47,0.0213333333333332,8,0.8056,NA,NA,NA,3.97543684128278,NA,NA,NA
2558956,"Jacob Hollister","SEA","TE",27,3,NA,1.672,1.4508,1.974,0.370853070635798,48,0.0236666666666667,8,0.5232,NA,NA,NA,3.49267161142978,NA,NA,NA
2558008,"Mitchell Trubisky","CHI","QB",26,3,NA,1.666,0.1096,3.6216,2.35903115706427,35,0.5905,10,3.512,NA,NA,NA,6.85513788602152,NA,NA,NA
2562465,"Olabisi Johnson","MIN","WR",50,1,NA,1.66,1.462,1.838,0.23895606290697,106,0.0870833333333336,12,0.376,NA,NA,NA,2.83245815609211,NA,NA,NA
2560765,"Kerryon Johnson","DET","RB",23,2,NA,1.6575,1.0874,2.3356,0.687796723846031,74,0.104666666666666,14,1.2482,NA,NA,NA,4.29479728408064,NA,NA,NA
2562744,"Jace Sternberger","GB","TE",NA,1,NA,1.65666666666667,1.18,2.036,0.575007246331152,49,0.0658333333333334,8,0.856,NA,NA,NA,4.20729703880341,NA,NA,NA
2550656,"Cameron Brate","TB","TE",29,6,NA,1.64,0.663,2.541,1.01367318862311,50,0.0994999999999999,8,1.878,NA,NA,NA,5.74281222195808,NA,NA,NA
2561482,"Chad Beebe","MIN","WR",50,2,NA,1.58733333333333,0.816,2.1776,0.936953218327006,107,0.0759166666666664,12,1.3616,NA,NA,NA,4.50515104471179,NA,NA,NA
2560836,"Dante Pettis","SF","WR",25,2,NA,1.5585,0.9413,2.1757,1.09106576337084,108,0.113666666666667,12,1.2344,NA,NA,NA,4.87446910874713,NA,NA,NA
2561137,"Trenton Cannon","CAR","RB",NA,2,NA,1.55566666666667,1.2252,2.0148,0.566695979633995,76,0.0145833333333334,14,0.7896,NA,NA,NA,4.03193349252988,NA,NA,NA
2563327,"D'Ernest Johnson","CLE","RB",NA,1,NA,1.55,1.55,1.55,NA,77,0.0590833333333336,14,0,NA,NA,NA,NA,NA,NA,NA
2541187,"Demetrius Harris","CHI","TE",29,7,NA,1.54166666666667,1.106,1.854,0.538384930447847,52,0.00283333333333347,9,0.748,NA,NA,NA,4.07910353969726,NA,NA,NA
2541316,"Ryan Griffin","NYJ","TE",30,7,NA,1.53933333333333,1.2704,1.768,0.322988131876906,53,0.0155000000000003,9,0.4976,NA,NA,NA,3.32512420663004,NA,NA,NA
2552401,"MyCole Pruitt","TEN","TE",28,5,NA,1.53833333333333,0.704,2.468,1.12165428423081,54,0.0481666666666667,9,1.764,NA,NA,NA,6.12079144444569,NA,NA,NA
2564994,"Anthony McFarland","PIT","RB",50,0,NA,1.53216666666667,0.8747,2.2199,0.723831395346243,78,0.102833333333333,14,1.3452,NA,NA,NA,4.37301489074742,NA,NA,NA
2563704,"Cole Kmet","CHI","TE",50,0,NA,1.50933333333333,0.8744,2.18,0.819659278806342,55,0.051333333333333,9,1.3056,NA,NA,NA,5.06368198743313,NA,NA,NA
2562491,"Hakeem Butler","FA","TE",50,1,NA,1.471,0.7204,2.206,0.92911409417789,56,0.0413333333333332,9,1.4856,NA,NA,NA,5.4468198485451,NA,NA,NA
2557863,"Zay Jones","LVR","WR",25,3,NA,1.46433333333333,0.8424,2.064,0.765020479028721,109,0.0416666666666667,12,1.2216,NA,NA,NA,4.0931283478971,NA,NA,NA
2561461,"Dontrell Hilliard","FA","RB",50,2,NA,1.44966666666667,1.1298,1.8178,0.442515913084867,79,0.0458333333333332,15,0.688,NA,NA,NA,3.76238565993378,NA,NA,NA
2560751,"Ryan Izzo","NE","TE",25,2,NA,1.445,1.025,1.865,0.742462120245875,57,0.0868333333333333,9,0.84,NA,NA,NA,4.79345948407065,NA,NA,NA
2561002,"DaeSean Hamilton","DEN","WR",25,2,NA,1.42533333333333,1.2052,1.6612,0.28702845387406,110,0.0153333333333332,12,0.456,NA,NA,NA,2.94765969507432,NA,NA,NA
2565195,"Freddie Swain","SEA","WR",50,0,NA,1.42,1.42,1.42,NA,111,0.0917499999999998,12,0,NA,NA,NA,NA,NA,NA,NA
2495888,"Marcedes Lewis","GB","TE",36,14,NA,1.41433333333333,0.6144,2.372,1.15035921925863,58,0.117833333333333,9,1.7576,NA,NA,NA,6.22127078263273,NA,NA,NA
2558138,"Samaje Perine","CIN","RB",25,3,NA,1.409,1.2002,1.6178,0.369109739779378,80,0.0446666666666666,15,0.4176,NA,NA,NA,3.60304869496413,NA,NA,NA
2563128,"Darrius Shepherd","FA","WR",50,1,NA,1.4,0.784,2.016,1.08894444302728,112,0.153416666666667,12,1.232,NA,NA,NA,4.86938553867008,NA,NA,NA
2555418,"Jordan Howard","MIA","RB",26,4,NA,1.39866666666667,0.4166,2.1854,1.18363099542608,81,0.0711666666666666,15,1.7688,NA,NA,NA,5.37106545614184,NA,NA,NA
2562293,"Ty Johnson","DET","RB",NA,1,NA,1.33,1.282,1.378,0.0848528137423858,82,0.0139999999999998,15,0.0960000000000001,NA,NA,NA,2.98603470517545,NA,NA,NA
2560949,"Josh Adams","FA","RB",24,2,NA,1.325,1.297,1.353,0.0494974746830584,83,0.100833333333333,15,0.0560000000000003,NA,NA,NA,2.90929167161964,NA,NA,NA
2560935,"Darrel Williams","KC","RB",NA,2,NA,1.307,0.4502,2.0606,0.91076597799142,84,0.166333333333333,15,1.6104,NA,NA,NA,4.77877897986014,NA,NA,NA
2541834,"Josh Hill","NO","TE",30,7,NA,1.302,1.0968,1.476,0.246438633334954,60,0.128166666666667,9,0.3792,NA,NA,NA,3.0571687855643,NA,NA,NA
2552633,"Jesse James","DET","TE",26,5,NA,1.291,0.7584,1.9,0.732422692166211,61,0.254666666666667,9,1.1416,NA,NA,NA,4.75831726590352,NA,NA,NA
2506581,"Ryan Fitzpatrick","MIA","QB",38,15,NA,1.285,0.144,2.934,1.77534034295775,36,0.429,10,2.79,NA,NA,NA,5.90090182410405,NA,NA,NA
2561653,"KhaDarel Hodge","CLE","WR",50,2,NA,1.2565,0.8697,1.6433,0.683772257407391,113,0.0431666666666666,12,0.7736,NA,NA,NA,3.89842365395431,NA,NA,NA
2560801,"Ray-Ray McCloud","PIT","WR",NA,2,NA,1.23666666666667,0.73,1.754,0.640416531121218,114,0.0566666666666664,12,1.024,NA,NA,NA,3.79452521471758,NA,NA,NA
2562466,"JJ Arcega-Whiteside","PHI","WR",NA,1,NA,1.19,0.511,1.955,0.921506918042398,115,0.0388333333333333,12,1.444,NA,NA,NA,4.46813525397264,NA,NA,NA
2560844,"Byron Pringle","KC","WR",50,2,NA,1.17,0.826,1.514,0.608111831820431,116,0.0405,13,0.688,NA,NA,NA,3.71710965453968,NA,NA,NA
2561099,"Mike Boone","MIN","RB",50,2,NA,1.14133333333333,0.7698,1.4458,0.446755339456993,88,0.0154166666666666,15,0.676,NA,NA,NA,3.77158784690157,NA,NA,NA
2560817,"Ryan Nall","CHI","RB",25,2,NA,1.14,1.02,1.26,0.212132034355964,89,0.0440833333333335,15,0.24,NA,NA,NA,3.26230962597635,NA,NA,NA
2560883,"Equanimeous St. Brown","GB","WR",24,2,NA,1.13233333333333,0.3904,1.7304,0.893547051549796,117,0.0190000000000001,13,1.34,NA,NA,NA,4.40113172897863,NA,NA,NA
2565069,"Joe Reed","LAC","WR",50,0,NA,1.12666666666667,0.6258,1.7546,0.757241264943567,119,0.0543333333333333,13,1.1288,NA,NA,NA,4.07448609989044,NA,NA,NA
79607,"LeSean McCoy","TB","RB",32,11,NA,1.11183333333333,0.6889,1.4385,0.512769522625256,90,0.0663333333333334,15,0.7496,NA,NA,NA,3.9148796044927,NA,NA,NA
2563926,"Quintez Cephus","DET","WR",50,0,NA,1.1,1.1,1.1,NA,120,0.132166666666667,13,0,NA,NA,NA,NA,NA,NA,NA
2564640,"J.J. Taylor","NE","RB",50,0,NA,1.08,1.064,1.096,0.0282842712474619,91,0.11425,16,0.032,NA,NA,NA,2.86324585148616,NA,NA,NA
2555289,"Nick Vannett","DEN","TE",NA,4,NA,1.05666666666667,0.98,1.164,0.132790561913614,62,0.0511666666666666,10,0.184,NA,NA,NA,2.65935276572027,NA,NA,NA
2558821,"Jamal Agnew","DET","WR",NA,3,NA,1.04466666666667,0.728,1.3792,0.408834114688749,122,0.164166666666667,13,0.6512,NA,NA,NA,3.2395569629303,NA,NA,NA
2552622,"Chris Manhertz","CAR","TE",NA,NA,NA,1.016,0.5676,1.6316,0.757144636116509,63,0.0569999999999999,10,1.064,NA,NA,NA,4.84485446114243,NA,NA,NA
2555464,"DeAndre Washington","FA","RB",27,4,NA,1.011,0.6518,1.3702,0.63498188950552,92,0.103333333333333,16,0.7184,NA,NA,NA,4.18015630730378,NA,NA,NA
2559159,"Jason Croom","FA","TE",50,3,NA,0.995,0.599,1.391,0.700035713374682,64,0.1285,10,0.792,NA,NA,NA,4.64494922686436,NA,NA,NA
2552478,"Blake Bell","DAL","TE",29,5,NA,0.923,0.4632,1.352,0.559488158945299,65,0.113333333333333,10,0.8888,NA,NA,NA,4.15297370979096,NA,NA,NA
2560862,"Jaylen Samuels","PIT","RB",24,2,NA,0.9205,0.6108,1.1864,0.372038640466283,93,0.0291666666666666,16,0.5756,NA,NA,NA,3.6094062276502,NA,NA,NA
2558833,"Alexander Armah","CAR","RB",26,3,NA,0.894833333333333,0.6533,1.1701,0.331154168527792,95,0.0164166666666666,16,0.5168,NA,NA,NA,3.52066154338562,NA,NA,NA
2561224,"Keith Kirkwood","CAR","WR",50,2,NA,0.891,0.2278,1.5542,1.1723830432073,124,0.0213333333333335,13,1.3264,NA,NA,NA,5.06933929503389,NA,NA,NA
2552471,"T.J. Yeldon","BUF","RB",27,5,NA,0.887833333333333,0.2676,1.4912,0.765621370739698,96,0.0313333333333334,16,1.2236,NA,NA,NA,4.46372507962539,NA,NA,NA
2562562,"Ashton Dulin","IND","WR",NA,1,NA,0.87,0.806,0.934,0.113137084989848,125,0.0096666666666666,13,0.128,NA,NA,NA,2.53094330322896,NA,NA,NA
2561261,"Brandon Powell","ATL","WR",50,2,NA,0.869333333333333,0.3186,1.3146,0.663058318199337,126,0.0463333333333332,13,0.996,NA,NA,NA,3.84878439892359,NA,NA,NA
2557531,"Troymaine Pope","FA","RB",27,4,NA,0.869,0.8538,0.8842,0.0268700576850887,97,0.0444166666666667,17,0.0303999999999998,NA,NA,NA,2.86017613014393,NA,NA,NA
2560860,"Mason Rudolph","PIT","QB",25,2,NA,0.866,0.7972,0.9348,0.121622366364086,37,0.0298333333333335,10,0.1376,NA,NA,NA,3.19735177437024,NA,NA,NA
2560761,"Richie James","SF","WR",25,2,NA,0.851333333333333,0.0448,1.9728,1.38453794940165,127,0.0610000000000001,13,1.928,NA,NA,NA,5.57775111322178,NA,NA,NA
2558979,"Nick Mullens","SF","QB",50,3,NA,0.846,0.0415999999999999,1.6656,1.01553335740388,38,0.0903333333333332,11,1.624,NA,NA,NA,4.65874551773465,NA,NA,NA
2555234,"Tyler Ervin","GB","RB",27,4,NA,0.844,0.656,1.0896,0.298316945546176,98,0.0499166666666666,17,0.4336,NA,NA,NA,3.44938438490811,NA,NA,NA
2555261,"Jacoby Brissett","IND","QB",28,4,NA,0.826333333333333,0.0268,1.7588,1.1201072865281,39,0.175333333333333,11,1.732,NA,NA,NA,4.82970625909817,NA,NA,NA
2562626,"Andrew Beck","DEN","TE",50,1,NA,0.81,0.61,1.01,0.353553390593274,67,0.0135000000000001,11,0.4,NA,NA,NA,3.43211545967972,NA,NA,NA
2561060,"Ross Dwelley","SF","TE",50,2,NA,0.809333333333333,0.2664,1.316,0.660682475424718,68,0.0304999999999997,11,1.0496,NA,NA,NA,4.50719635263222,NA,NA,NA
2552374,"Ameer Abdullah","MIN","RB",27,5,NA,0.805166666666667,0.6857,0.9313,0.15417711676294,99,0.1245,17,0.2456,NA,NA,NA,3.13651147769379,NA,NA,NA
2556519,"Alex Erickson","CIN","WR",28,4,NA,0.794666666666667,0.4332,1.262,0.566445348937859,128,0.0266666666666667,13,0.8288,NA,NA,NA,3.61725934845995,NA,NA,NA
2558091,"Noah Brown","DAL","WR",NA,3,NA,0.786,0.3924,1.138,0.474624061758356,129,0.0525,13,0.7456,NA,NA,NA,3.39721717078569,NA,NA,NA
2553454,"Geoff Swaim","TEN","TE",NA,NA,NA,0.783666666666667,0.1962,1.2922,0.705995986768575,69,0.0676666666666667,11,1.096,NA,NA,NA,4.66581268903391,NA,NA,NA
2495340,"Anthony Sherman","KC","RB",32,9,NA,0.783,0.6814,0.8846,0.179605122421383,100,0.208583333333333,17,0.2032,NA,NA,NA,3.19170603510501,NA,NA,NA
2559248,"Ricky Seals-Jones","KC","TE",25,3,NA,0.774,0.1856,1.432,0.793440608993515,70,0.1245,11,1.2464,NA,NA,NA,4.97190562255427,NA,NA,NA
2560987,"Deon Cain","FA","WR",24,2,NA,0.75,0.414,1.086,0.5939696961967,130,0.0498333333333334,13,0.672,NA,NA,NA,3.68321918735937,NA,NA,NA
2560939,"Javon Wims","CHI","WR",26,2,NA,0.717,0.2328,1.136,0.581882290502126,131,0.0668333333333334,13,0.9032,NA,NA,NA,3.654252711794,NA,NA,NA
2562651,"Ryan Finley","CIN","QB",50,1,NA,0.685,0.481,0.889,0.360624458405139,40,0.0955,11,0.408,NA,NA,NA,3.58807989547044,NA,NA,NA
2560243,"Brandon Zylstra","CAR","WR",27,3,NA,0.683333333333333,0.185,1.253,0.685133806882519,132,0.0948333333333333,13,1.068,NA,NA,NA,3.90168649551014,NA,NA,NA
2495288,"Virgil Green","LAC","TE",32,9,NA,0.658,0.4244,0.8916,0.412950360212944,72,0.0211666666666667,11,0.4672,NA,NA,NA,3.64002981976852,NA,NA,NA
2564703,"Adam Trautman","NO","TE",50,0,NA,0.641,0.3682,0.9138,0.482246824769225,73,0.0161666666666667,11,0.5456,NA,NA,NA,3.88259657320545,NA,NA,NA
2541199,"Luke Willson","SEA","TE",30,7,NA,0.632666666666667,0.2064,1.088,0.554582124967379,74,0.0213333333333334,11,0.8816,NA,NA,NA,4.1358005287074,NA,NA,NA
2552033,"Jameis Winston","NO","QB",26,5,NA,0.617,0.0672,1.0632,0.661677413850586,41,0.078,11,0.996,NA,NA,NA,4.08025071551773,NA,NA,NA
2558010,"John Ross","CIN","WR",NA,3,NA,0.617,0.0226000000000001,1.2114,1.05076067684321,133,0.0669999999999999,13,1.1888,NA,NA,NA,4.77788127728326,NA,NA,NA
2558929,"Cethan Carter","CIN","TE",27,3,NA,0.617,0.3266,0.9074,0.513359523141434,75,0.0138333333333334,11,0.5808,NA,NA,NA,3.99150409515672,NA,NA,NA
2564586,"Devin Asiasi","NE","TE",50,0,NA,0.605666666666667,0.1396,1.11,0.612132610904968,76,0.0158333333333334,11,0.9704,NA,NA,NA,4.33725141977358,NA,NA,NA
2495234,"Luke Stocker","ATL","TE",32,9,NA,0.600666666666667,0.2464,1.0224,0.506518838083376,77,0.123833333333333,11,0.776,NA,NA,NA,3.96755882209781,NA,NA,NA
2534241,"Derek Carrier","LVR","TE",30,8,NA,0.579,0.2016,1.084,0.616824934645155,78,0.230666666666667,11,0.8824,NA,NA,NA,4.35367652519592,NA,NA,NA
2555432,"Andy Janovich","CLE","RB",27,4,NA,0.578333333333333,0.4332,0.7188,0.178785719041912,103,0.0142500000000001,18,0.2856,NA,NA,NA,3.18992742110442,NA,NA,NA
2556803,"C.J. Ham","MIN","RB",27,4,NA,0.5705,0.4544,0.726,0.189978288233156,104,0.0488333333333332,18,0.2716,NA,NA,NA,3.21422224434393,NA,NA,NA
2563043,"David Blough","FA","QB",50,1,NA,0.562,0.2964,0.8276,0.469518902707868,42,0.0541666666666667,11,0.5312,NA,NA,NA,3.76610395064628,NA,NA,NA
2539336,"Tavon Austin","SF","WR",29,7,NA,0.56,0.56,0.56,NA,135,0.0275000000000001,14,0,NA,NA,NA,NA,NA,NA,NA
2562407,"Justice Hill","BAL","RB",50,1,NA,0.557666666666667,0.1426,0.9586,0.510917149186963,105,0.0983333333333333,18,0.816,NA,NA,NA,3.91085880421995,NA,NA,NA
2557870,"Taywan Taylor","FA","WR",NA,3,NA,0.54,0.298,0.834,0.353411940941446,136,0.017,14,0.536,NA,NA,NA,3.1067422728143,NA,NA,NA
2561427,"Vyncint Smith","NYJ","WR",50,2,NA,0.525,0.401,0.649,0.21920310216783,137,0.0645,14,0.248,NA,NA,NA,2.78512180708126,NA,NA,NA
2556861,"Jaydon Mickens","TB","WR",26,4,NA,0.521,0.4242,0.6178,0.171119841047145,138,0.13025,14,0.1936,NA,NA,NA,2.66989421866822,NA,NA,NA
2558904,"Phillip Walker","CAR","QB",25,3,NA,0.516,0.2152,0.8168,0.531744299452284,43,0.0570000000000001,11,0.6016,NA,NA,NA,3.86783198217532,NA,NA,NA
2505982,"Matt Schaub","ATL","QB",39,16,NA,0.499666666666667,0.145,0.7642,0.433417043196658,44,0.0968333333333333,11,0.6192,NA,NA,NA,3.70708349766792,NA,NA,NA
2556118,"Dwayne Washington","NO","RB",NA,4,NA,0.485666666666667,0.1404,0.8164,0.423670076041881,106,0.0603333333333334,18,0.676,NA,NA,NA,3.72147849447993,NA,NA,NA
2552429,"Ty Montgomery","NO","RB",27,5,NA,0.433,0.1634,0.7026,0.476589970519733,107,0.0251666666666667,18,0.5392,NA,NA,NA,3.83634751697377,NA,NA,NA
252,"Chad Henne","KC","QB",35,12,NA,0.418333333333333,0.089,0.737,0.405657901849987,46,0.035,11,0.648,NA,NA,NA,3.66170198217944,NA,NA,NA
2562832,"Darwin Thompson","KC","RB",NA,1,NA,0.417666666666667,0.0464,0.716,0.447298930619483,108,0.0533333333333333,18,0.6696,NA,NA,NA,3.77276777717331,NA,NA,NA
2558911,"C.J. Board","NYG","WR",50,3,NA,0.4,0.4,0.4,NA,139,0.0365833333333333,14,0,NA,NA,NA,NA,NA,NA,NA
2558990,"Patrick Ricard","BAL","RB",26,3,NA,0.398,0.187,0.5814,0.253639507963566,109,0.069,18,0.3944,NA,NA,NA,3.35240661060828,NA,NA,NA
2532888,"Case Keenum","CLE","QB",32,8,NA,0.387333333333333,0.0964,0.6164,0.351520032620238,47,0.0256666666666667,11,0.52,NA,NA,NA,3.57319569445676,NA,NA,NA
2555209,"Chris Moore","BAL","WR",27,4,NA,0.3815,0.1107,0.6523,0.478711290863293,140,0.0495833333333333,14,0.5416,NA,NA,NA,3.40701187983988,NA,NA,NA
382,"Joe Flacco","NYJ","QB",35,12,NA,0.379333333333333,0.039,0.6734,0.408957618016016,49,0.0470333333333332,11,0.6344,NA,NA,NA,3.66709646172857,NA,NA,NA
2540203,"Levine Toilolo","NYG","TE",29,7,NA,0.374666666666667,0.0808,0.6568,0.360895183305809,81,0.0544999999999999,13,0.576,NA,NA,NA,3.45781482016066,NA,NA,NA
2555317,"Tajae Sharpe","MIN","WR",26,4,NA,0.345333333333333,0.1068,0.582,0.297027495921393,141,0.0284166666666666,14,0.4752,NA,NA,NA,2.97162157858016,NA,NA,NA
2561187,"Tim Boyle","GB","QB",50,2,NA,0.344,0.0768000000000001,0.6112,0.472347329832614,50,0.0265333333333334,11,0.5344,NA,NA,NA,3.77072795207941,NA,NA,NA
2552636,"Michael Burton","NO","RB",28,5,NA,0.330666666666667,0.2468,0.3988,0.100922412443091,110,0.00866666666666666,19,0.152,NA,NA,NA,3.02091571000041,NA,NA,NA
2550400,"Keith Smith","ATL","RB",28,6,NA,0.327333333333333,0.2936,0.356,0.0405133722779693,111,0.014,19,0.0624,NA,NA,NA,2.88979059227246,NA,NA,NA
2564616,"Dalton Keene","NE","TE",50,0,NA,0.322,0.3044,0.3396,0.0311126983722081,82,0.0078333333333333,13,0.0352,NA,NA,NA,2.30343750491197,NA,NA,NA
81284,"Chase Daniel","DET","QB",34,11,NA,0.3206,0.00556,0.75276,0.531401806545668,52,0.0137666666666666,11,0.7472,NA,NA,NA,3.86727206402252,NA,NA,NA
2559921,"Daurice Fountain","FA","WR",25,2,NA,0.3185,0.1093,0.5277,0.369816846560564,142,0.0108333333333334,14,0.4184,NA,NA,NA,3.14605528255152,NA,NA,NA
2561027,"Tyler Conklin","MIN","TE",NA,2,NA,0.318333333333333,0.076,0.608,0.347934380786569,83,0.00966666666666666,13,0.532,NA,NA,NA,3.41244656350919,NA,NA,NA
2556762,"Elijhaa Penny","NYG","RB",27,4,NA,0.316666666666667,0.0998,0.5614,0.294741129354784,112,0.0299166666666667,19,0.4616,NA,NA,NA,3.44162264398675,NA,NA,NA
2555419,"Pharoh Cooper","CAR","WR",25,4,NA,0.315333333333333,0.1088,0.496,0.248395517941313,143,0.0468333333333333,14,0.3872,NA,NA,NA,2.85507903525442,NA,NA,NA
2495240,"Tyrod Taylor","LAC","QB",31,9,NA,0.314333333333333,0.005,0.7394,0.522940085796961,53,0.0656666666666667,11,0.7344,NA,NA,NA,3.85343857737317,NA,NA,NA
2558929,"Cethan Carter","CIN","RB",27,3,NA,0.31,0.31,0.31,NA,113,0.0497500000000001,19,0,NA,NA,NA,NA,NA,NA,NA
2561293,"Deon Yelder","KC","TE",NA,2,NA,0.31,0.302,0.318,0.014142135623731,84,0.00633333333333336,13,0.016,NA,NA,NA,2.24403340202946,NA,NA,NA
2557859,"Jake Butt","DEN","TE",25,3,NA,0.307333333333333,0.0146,0.705,0.487653907329095,85,0.0230833333333333,13,0.6904,NA,NA,NA,3.90152363493235,NA,NA,NA
2562654,"Zach Gentry","PIT","TE",50,1,NA,0.3,0.0600000000000001,0.54,0.424264068711929,86,0.0482500000000001,13,0.48,NA,NA,NA,3.67963255502353,NA,NA,NA
2565048,"K.J. Hill","LAC","WR",50,0,NA,0.3,0.3,0.3,NA,144,0.06725,15,0,NA,NA,NA,NA,NA,NA,NA
2495441,"Blaine Gabbert","TB","QB",31,9,NA,0.299333333333333,0.002,0.7124,0.509824806510367,54,0.104333333333333,11,0.7104,NA,NA,NA,3.8319973071751,NA,NA,NA
2558875,"Johnny Mundt","LAR","TE",50,3,NA,0.2685,0.1337,0.4033,0.238294985259867,87,0.07125,13,0.2696,NA,NA,NA,3.02866259426932,NA,NA,NA
2495262,"Nick Bellore","SEA","RB",31,9,NA,0.2635,0.2127,0.3143,0.0898025612106915,114,0.0623333333333333,19,0.1016,NA,NA,NA,2.99677872987326,NA,NA,NA
2550633,"Senorise Perry","TEN","RB",29,6,NA,0.257,0.257,0.257,NA,115,0.13175,20,0,NA,NA,NA,NA,NA,NA,NA
497320,"Andre Roberts","BUF","WR",32,10,NA,0.237,0.0848,0.38,0.18557208841849,145,0.0285833333333333,15,0.2952,NA,NA,NA,2.70452784319649,NA,NA,NA
2562777,"Trevon Wesco","NYJ","TE",NA,1,NA,0.235,0.127,0.343,0.190918830920368,88,0.10525,13,0.216,NA,NA,NA,2.86282614038897,NA,NA,NA
2561671,"Malik Turner","DAL","WR",50,2,NA,0.2285,0.0913,0.3657,0.242537625946986,146,0.0726666666666667,15,0.2744,NA,NA,NA,2.84104107792876,NA,NA,NA
2539308,"Matt Barkley","BUF","QB",30,7,NA,0.198,-0.206,0.6132,0.512573897111431,56,0.0175,11,0.8192,NA,NA,NA,3.83649160676936,NA,NA,NA
2560942,"Logan Woodside","TEN","QB",25,2,NA,0.192,-0.3136,0.6976,0.893782971419796,58,0.0375000000000001,11,1.0112,NA,NA,NA,4.45970416561705,NA,NA,NA
2558262,"Mack Hollins","MIA","WR",27,3,NA,0.188333333333333,0.08,0.268,0.132884661768518,147,0.0766666666666667,15,0.188,NA,NA,NA,2.57826675002048,NA,NA,NA
497123,"Colt McCoy","NYG","QB",34,10,NA,0.169,0.005,0.3906,0.271354012316015,59,0.039,11,0.3856,NA,NA,NA,3.44213776846936,NA,NA,NA
2553900,"Daniel Brown","NYJ","TE",NA,NA,NA,0.1595,0.0791,0.2399,0.142128463018496,89,0.1075,13,0.1608,NA,NA,NA,2.69203934460175,NA,NA,NA
2495467,"Taiwan Jones","BUF","RB",32,9,NA,0.145333333333333,0.0506,0.2754,0.159976039872643,116,0.0401666666666667,20,0.2248,NA,NA,NA,3.14909874068252,NA,NA,NA
2562745,"Easton Stick","LAC","QB",NA,1,NA,0.14,0.14,0.14,NA,60,0.0306666666666667,11,0,NA,NA,NA,NA,NA,NA,NA
4487,"Matthew Slater","NE","WR",35,12,NA,0.123333333333333,0.019,0.263,0.170611644776473,148,0.0353333333333333,15,0.244,NA,NA,NA,2.6686763680203,NA,NA,NA
2558167,"Joshua Dobbs","PIT","QB",25,3,NA,0.12,0.024,0.216,0.169705627484771,61,0.0506666666666667,11,0.192,NA,NA,NA,3.27595979873359,NA,NA,NA
2555220,"Derek Watt","PIT","RB",28,4,NA,0.105166666666667,0.0618,0.1542,0.0590388290308449,117,NA,20,0.0924,NA,NA,NA,2.93000233361192,NA,NA,NA
2562691,"Isaac Nauta","FA","TE",50,1,NA,0.1,0.1,0.1,NA,91,0.098,13,0,NA,NA,NA,NA,NA,NA,NA
2562804,"Penny Hart","FA","WR",50,1,NA,0.1,0.1,0.1,NA,149,0.0575,16,0,NA,NA,NA,NA,NA,NA,NA
2533033,"Robert Griffin","BAL","QB",30,8,NA,0.0986666666666667,0.024,0.1648,0.0899184816004659,62,0.0593333333333333,12,0.1408,NA,NA,NA,3.14552126853877,NA,NA,NA
2562713,"Riley Ridley","CHI","WR",50,1,NA,0.076,0.0568,0.0952,0.0339411254969543,150,0.0715,16,0.0384,NA,NA,NA,2.34115668701925,NA,NA,NA
2558191,"Nathan Peterman","LVR","QB",26,3,NA,0.04,0.00800000000000001,0.072,0.0565685424949238,64,0.00133333333333332,12,0.064,NA,NA,NA,3.09099974140805,NA,NA,NA
2552576,"Sean Mannion","MIN","QB",28,5,NA,0.0386666666666667,-0.003,0.0778,0.0507969815376203,65,NA,12,0.0808,NA,NA,NA,3.0815642124158,NA,NA,NA
2563881,"Tyrie Cleveland","DEN","WR",50,0,NA,0.009,0.009,0.009,NA,152,0.009,16,0,NA,NA,NA,NA,NA,NA,NA
2558864,"Mason Schreck","CIN","TE",NA,3,NA,0.004,0.004,0.004,NA,92,0.004,0,0,NA,NA,NA,NA,NA,NA,NA
2564130,"Dezmon Patmon","IND","WR",50,0,NA,0,0,0,NA,153,0,16,0,NA,NA,NA,NA,NA,NA,NA
2564349,"Brycen Hopkins","LAR","TE",50,0,NA,0,0,0,NA,93,NA,0,0,NA,NA,NA,NA,NA,NA,NA
2564760,"Austin Mack","FA","WR",NA,0,NA,0,0,0,NA,153,NA,16,0,NA,NA,NA,NA,NA,NA,NA
