"playerId","player","team","position","age","exp","bye","points","lower","upper","sdPts","positionRank","dropoff","tier","ptSpread","overallECR","positionECR","sdRank","risk","sleeper","actualPoints","salary"
2504211,"Tom Brady","NE","QB",40,17,9,20.6428666666667,18.82088,23.094,2.99801111627915,1,1.47133333333333,1,4.27312,NA,1.2,0.5,5.97130778171541,NA,18.46,NA
2555260,"Dak Prescott","DAL","QB",24,1,6,20.1662666666667,19.97504,20.352,0.23590000706514,2,2.06253333333333,1,0.376959999999997,NA,3.3,1.4,3.52329445679334,NA,29.96,NA
2506340,"Alex Smith","KC","QB",33,12,10,18.1768,15.82232,20.19,2.82803301253716,3,0.198033333333335,1,4.36768,NA,10,2,8.17918646734561,NA,25.68,NA
310,"Matt Ryan","ATL","QB",32,9,5,18.0306666666667,16.753,19.0946,1.53491574144424,4,0.199633333333335,2,2.3416,NA,3.2,1.5,5.52889638247353,NA,17.02,NA
2504775,"Drew Brees","NO","QB",38,16,5,17.9268666666667,16.56412,19.22012,1.66680456362866,5,0.707433333333331,2,2.656,NA,3.6,1.6,5.87921208697017,NA,17.14,NA
2532820,"Kirk Cousins","WAS","QB",29,5,5,17.7352,16.05812,19.70212,2.36236959851756,6,1.05013333333333,2,3.644,NA,6,2,7.5187559478518,NA,22.92,NA
2557917,"Kareem Hunt","KC","RB",22,0,10,16.9103333333333,15.9888,17.644,1.11158910274136,1,0.419833333333337,1,1.6552,NA,2.4,1.5,3.45816549278246,NA,11.7,NA
2532975,"Russell Wilson","SEA","QB",29,5,6,16.7036666666667,13.7122,19.4162,3.61578903330011,7,0.0999999999999979,2,5.704,NA,8.3,1.7,8.80663689282576,NA,26.36,NA
2495455,"Cam Newton","CAR","QB",28,6,11,16.6664666666667,15.81552,17.504,1.05569950901444,8,0.39606666666667,3,1.68848,NA,7.5,1.7,5.17577132861919,NA,4.44,NA
2495240,"Tyrod Taylor","BUF","QB",28,6,6,16.5408666666667,16.06552,16.99752,0.583904318645901,9,0.606133333333332,3,0.932000000000002,NA,11.5,2,4.99643464597281,NA,20.02,NA
2540175,"LeVeon Bell","PIT","RB",25,4,9,16.511,15.7424,17.46,1.14234539435321,2,0.280666666666665,1,1.7176,NA,1.8,1,3.29405847273724,NA,19.2,NA
2555224,"Ezekiel Elliott","DAL","RB",22,1,6,16.47,15.307,17.751,1.54871721111377,3,0.579999999999998,1,2.444,NA,3.5,4.7,5.04283813604192,NA,39.9,NA
2555259,"Carson Wentz","PHI","QB",25,1,10,15.9999333333333,14.82984,16.838,1.44638653662613,10,0.493433333333334,3,2.00816,NA,5.3,1.3,5.07681234587076,NA,30.02,NA
2552475,"Todd Gurley","LAR","RB",23,2,8,15.9906666666667,15.0564,17.0804,1.3090154060718,4,0.868333333333334,1,2.024,NA,4.8,1.8,3.73860039349847,NA,21.4,NA
2552466,"Marcus Mariota","TEN","QB",24,2,8,15.8695333333333,15.31972,16.36772,0.664468700040366,11,1.01926666666667,3,1.048,NA,8.3,2.1,5.2739590895004,NA,8.92,NA
79607,"LeSean McCoy","BUF","RB",29,8,6,15.7893333333333,13.9936,18.1856,2.92487629368036,5,1.38616666666667,1,4.192,NA,5.8,2.2,5.25267554597808,NA,21.2,NA
2552033,"Jameis Winston","TB","QB",23,2,1,15.1434666666667,14.33308,16.24108,1.34490559272141,12,0.742999999999999,4,1.908,NA,16.9,3.8,9.01447186998512,NA,21.36,NA
2505245,"Carson Palmer","ARI","QB",38,14,8,14.5570666666667,13.29724,15.81324,1.57251989282595,13,0.977633333333335,4,2.516,NA,12,2.3,6.88833613851314,NA,1.88,NA
2552469,"Melvin Gordon","LAC","RB",24,2,9,14.4553333333333,12.4162,17.0282,3.10550162346332,6,0.393833333333333,2,4.612,NA,8,2.2,5.40492913007192,NA,4.4,NA
2555418,"Jordan Howard","CHI","RB",23,1,9,14.351,13.1456,15.6456,1.57438972303556,7,0.704000000000001,2,2.5,NA,9.8,2.3,4.15232327068677,NA,6.5,NA
2506109,"Ben Roethlisberger","PIT","QB",35,13,9,14.2438666666667,12.582,15.47928,2.03260346682114,14,1.34493333333333,4,2.89728,NA,14.3,2.5,7.86737985815746,NA,16.66,NA
2508061,"Antonio Brown","PIT","WR",29,7,9,14.0726666666667,12.6144,15.832,2.11400126143135,1,1.37766666666667,1,3.2176,NA,1.6,1,3.42569498403596,NA,12.5,NA
2543583,"Devonta Freeman","ATL","RB",25,3,5,13.772,13.0348,14.79,1.25419775155276,8,0.701500000000001,2,1.7552,NA,5.7,2.1,3.80641258678608,NA,9,NA
2495466,"Mark Ingram","NO","RB",28,6,5,13.522,11.8662,15.0782,2.01904853829718,9,1.27233333333333,2,3.212,NA,8.4,1.8,4.33710498494523,NA,17,NA
2495454,"Julio Jones","ATL","WR",28,6,5,13.0993333333333,11.2984,14.692,2.16840063948831,2,1.29733333333333,1,3.3936,NA,2.3,1.3,3.6275644627235,NA,15.9,NA
2543477,"Blake Bortles","JAC","QB",26,3,8,12.915,12.064,13.524,1.05222383550269,15,0.120499999999998,5,1.46,NA,19.2,3.1,7.45652987099202,NA,15.3,NA
2543499,"Derek Carr","OAK","QB",26,3,10,12.8828666666667,11.72,13.83888,1.39797734364092,16,0.211366666666665,5,2.11888,NA,15,2.5,6.96731674905821,NA,30.18,NA
100012,"Titans","TEN","DST",NA,NA,8,12.73,7.714,13.746,5.33158513014657,1,0.547499999999999,1,6.032,NA,9.1,3.2,8.26006316652418,NA,12,NA
2553457,"Trevor Siemian","DEN","QB",NA,NA,5,12.7061333333333,11.72368,14.07568,1.69212317912537,17,0.333800000000002,5,2.352,NA,22.1,2.1,6.73143751930394,NA,3.68,NA
2505076,"Josh McCown","NYJ","QB",38,15,11,12.6368666666667,10.75248,15.12,3.02187350055116,18,0.5604,5,4.36752,NA,20.6,2.6,9.43368269391164,NA,23.46,NA
2552582,"Jay Ajayi","MIA","RB",24,2,1,12.619,10.7864,14.4864,2.31372707984325,10,0.827999999999999,2,3.7,NA,8.5,2.4,4.81353557474892,NA,7.7,NA
100015,"Jaguars","JAC","DST",NA,NA,8,12.345,9.349,11.341,1.7606958851545,2,0.4475,1,1.992,NA,1.9,1.3,1.52521680248922,NA,20,NA
2495450,"A.J. Green","CIN","WR",29,6,6,12.2906666666667,10.7884,14.0444,2.10657098938852,3,1.03233333333334,1,3.256,NA,3.2,1.8,3.74733901094595,NA,4.1,NA
2557922,"C.J. Beathard","SF","QB",24,0,11,12.1078,11.497,12.72772,0.769453390401265,19,0.137633333333333,5,1.23072,NA,21.6,3,6.89222520879523,NA,12.4,NA
2555261,"Jacoby Brissett","IND","QB",25,1,11,12.0451333333333,11.38132,12.909,1.04844792590444,20,0.177199999999999,5,1.52768,NA,26.2,2.3,6.1450672645888,NA,11.1,NA
100020,"Vikings","MIN","DST",NA,NA,9,12.02,11.236,12.804,1.38592929112563,3,0.254999999999999,1,1.568,NA,2.9,2.9,4.27618998002597,NA,9,NA
2555334,"Jared Goff","LAR","QB",23,1,8,11.8952,11,12.63648,1.07571981482168,21,0.172166666666667,5,1.63648,NA,15.1,2.8,7.00006294113975,NA,17.7,NA
2543743,"Carlos Hyde","SF","RB",26,3,11,11.8803333333333,10.4142,13.5902,2.05394506580223,11,0.233333333333334,2,3.176,NA,11.5,2.3,4.55655239954321,NA,8.8,NA
2506121,"Philip Rivers","LAC","QB",36,13,9,11.8406666666667,10.567,13.3886,1.8607891695013,22,0.322066666666668,5,2.8216,NA,18.1,1.7,6.31759558774392,NA,15.32,NA
100004,"Panthers","CAR","DST",NA,NA,11,11.775,11.275,12.275,0.883883476483186,4,0.115,1,1,NA,6.3,2.7,3.45830737003957,NA,11,NA
100022,"Saints","NO","DST",NA,NA,5,11.755,11.399,12.111,0.629325035256028,5,0.2425,1,0.712,NA,12.4,3.6,4.96794629986242,NA,7,NA
2543715,"Jerick McKinnon","MIN","RB",25,3,9,11.7016666666667,8.564,14.504,3.78282412138515,12,0.176333333333332,2,5.94,NA,13.4,2.4,6.05187401944643,NA,5.7,NA
2495143,"Andy Dalton","CIN","QB",30,6,6,11.6054,11.314,11.92696,0.388625114988726,23,0.459200000000001,6,0.612960000000001,NA,21,2.3,5.20926877008095,NA,8.4,NA
2507999,"Chris Ivory","JAC","RB",29,7,8,11.5923333333333,7.3496,15.416,5.12249219944094,13,0.354166666666666,2,8.0664,NA,20.8,10.5,10.2596362380123,NA,7.7,NA
100019,"Dolphins","MIA","DST",NA,NA,1,11.565,7.377,11.753,3.86787409309042,6,0.167499999999999,1,4.376,NA,12,3,6.61170724330072,NA,7,NA
100027,"Steelers","PIT","DST",NA,NA,9,11.46,7.348,11.572,3.73352380466497,7,0.130000000000001,1,4.224,NA,6.8,2.3,5.15054182443584,NA,12,NA
497149,"LeGarrette Blount","PHI","RB",31,7,10,11.4583333333333,10.23,12.562,1.48228146225112,14,0.514333333333335,3,2.332,NA,22.3,3.2,4.41674100031738,NA,2.9,NA
2532888,"Case Keenum","MIN","QB",29,5,9,11.4318,10.396,12.53632,1.34594863200644,24,0.662233333333333,6,2.14032,NA,23.6,2.3,6.56699980205125,NA,5.42,NA
497240,"Rob Gronkowski","NE","TE",28,7,9,11.3826666666667,10.3924,12.562,1.41643790309824,1,1.3715,1,2.1696,NA,1.2,0.4,3.61201525369008,NA,5.1,NA
100009,"Broncos","DEN","DST",NA,NA,5,11.335,10.643,12.027,1.22329473145273,8,0.142500000000002,1,1.384,NA,5.3,3.4,5.09655901010942,NA,3,NA
100008,"Cowboys","DAL","DST",NA,NA,6,11.325,11.105,11.545,0.388908729652602,9,0.289999999999999,1,0.439999999999998,NA,17.9,4.6,6.68196141707963,NA,15,NA
2543468,"Mike Evans","TB","WR",24,3,1,11.3133333333333,9.646,13.558,2.74598494776161,4,0.183666666666664,2,3.912,NA,5.8,1.6,4.57280695860667,NA,14.8,NA
2556370,"Michael Thomas","NO","WR",23,1,5,11.2033333333333,9.2812,13.8412,3.24403842969428,5,0.154166666666667,2,4.56,NA,4.7,1.7,5.32199685952196,NA,8.2,NA
100003,"Bills","BUF","DST",NA,NA,6,11.06,6.948,11.172,3.73352380466497,10,0.0924999999999976,1,4.224,NA,7.5,2.5,5.53486851354113,NA,7,NA
71269,"Michael Crabtree","OAK","WR",30,8,10,11.056,9.2424,13.484,2.9660197234678,6,0.109000000000002,2,4.2416,NA,10.5,2.6,5.30069753326024,NA,8.4,NA
497278,"Dez Bryant","DAL","WR",29,7,6,11.0423333333333,9.6256,12.812,2.13306266512105,7,0.238333333333333,2,3.1864,NA,4.9,1.7,3.74345482124011,NA,12.3,NA
2540269,"C.J. Anderson","DEN","RB",26,4,5,11.018,8.7018,13.7618,3.29522032647287,15,0.231333333333335,3,5.06,NA,14.3,2.8,5.79288646076905,NA,6.1,NA
100002,"Ravens","BAL","DST",NA,NA,10,11.01,6.858,11.162,3.80423448278363,11,0.272499999999999,1,4.304,NA,10.8,3.8,8.09405620693416,NA,2,NA
100030,"Seahawks","SEA","DST",NA,NA,6,10.925,10.625,11.225,0.530330085889911,12,0.695,1,0.600000000000001,NA,2.9,2,1.807842887128,NA,7,NA
2506404,"Frank Gore","IND","RB",34,12,11,10.87,9.124,12.956,2.50557378658063,16,0.290333333333333,3,3.832,NA,29,5,5.963415706344,NA,3.4,NA
2558008,"Mitchell Trubisky","CHI","QB",23,0,9,10.8606,10.13,11.68344,0.991226048890968,25,0.296233333333333,6,1.55344,NA,NA,NA,6.16493208125718,NA,4.58,NA
497328,"Demaryius Thomas","DEN","WR",30,7,5,10.8516666666667,9.072,12.932,2.49878136965468,8,0.238666666666665,2,3.86,NA,12.1,3.3,4.92749305341706,NA,0.9,NA
2506106,"Larry Fitzgerald","ARI","WR",34,13,8,10.7563333333333,9.7712,12.108,1.6621703683237,9,0.366166666666667,2,2.3368,NA,8.5,2.8,3.53115930164653,NA,2.9,NA
2556075,"Derrick Henry","TEN","RB",23,1,8,10.7033333333333,8.214,13.398,3.2703567593358,17,0.2645,3,5.184,NA,22.3,6.7,7.25417999601954,NA,2.4,NA
2552588,"Brett Hundley","GB","QB",24,2,8,10.6785333333333,9.09512,11.87912,1.92732520694701,26,0.694066666666668,6,2.784,NA,15.7,3.5,9.35070244533818,NA,10.88,NA
100023,"Giants","NYG","DST",NA,NA,8,10.55,6.75,10.35,3.18198051533946,13,1.5775,1,3.6,NA,17.1,2.9,5.82722102092459,NA,3,NA
2543498,"Brandin Cooks","NE","WR",24,3,9,10.4696666666667,8.8152,12.4512,2.38027106299542,10,0.291000000000002,2,3.636,NA,8.4,2.6,4.46843015722245,NA,12.5,NA
2558019,"Alvin Kamara","NO","RB",21,0,5,10.456,8.7784,12.772,2.85314352951267,18,0.132,3,3.9936,NA,18.6,3.4,5.64828764665338,NA,10.7,NA
2505996,"Eli Manning","NYG","QB",36,13,8,10.4502,9.198,12.10248,2.01137120393029,27,1.16043333333333,6,2.90448,NA,26.6,2.3,7.51074019828534,NA,6.36,NA
2495663,"Marshawn Lynch","OAK","RB",31,10,10,10.4216666666667,8.632,12.252,2.26421251947191,19,0.404,3,3.62,NA,23.4,3.4,5.15186304678993,NA,0.9,NA
2530747,"Doug Baldwin","SEA","WR",29,6,6,10.3106666666667,8.3434,12.9314,3.19753128731109,11,0.300333333333333,2,4.588,NA,14.4,3.5,6.00336985132258,NA,15.2,NA
2552631,"Javorius Allen","BAL","RB",26,2,10,10.2263333333333,8.1348,12.7948,3.09012950106194,20,0.570499999999999,3,4.66,NA,28.9,3.5,5.88605547051996,NA,4.9,NA
2540158,"Zach Ertz","PHI","TE",27,4,10,10.0583333333333,8.412,12.072,2.42180889694735,2,0.907999999999999,1,3.66,NA,2.1,0.6,5.39107159648674,NA,14.9,NA
2543488,"Jarvis Landry","MIA","WR",25,3,1,10.0466666666667,8.062,12.814,3.41940175079404,12,0.0779999999999994,2,4.752,NA,15.4,3.5,6.31861692045684,NA,15.3,NA
2556214,"Tyreek Hill","KC","WR",23,1,10,9.974,8.3218,12.201,2.72523888861142,13,0.171833333333334,2,3.8792,NA,14.3,3.1,5.16620733787046,NA,18.5,NA
2540258,"Travis Kelce","KC","TE",28,4,10,9.964,8.1068,12.398,2.95848728237929,3,1.69016666666667,1,4.2912,NA,3.1,0.8,6.38727427767725,NA,9.3,NA
2533039,"Alshon Jeffery","PHI","WR",27,5,10,9.96333333333333,7.794,12.826,3.4848756553618,14,0.461,2,5.032,NA,15.1,3.4,6.37012105597335,NA,3.7,NA
100024,"Jets","NYJ","DST",NA,NA,11,9.91,9.422,10.398,0.862670273047587,14,1.8875,1,0.975999999999999,NA,18.7,3.1,4.20864148398758,NA,7,NA
2540011,"Chris Thompson","WAS","RB",27,4,5,9.809,8.3016,11.344,1.90243869809253,21,0.391500000000001,3,3.0424,NA,21,3.9,5.03694715589817,NA,12.4,NA
2346,"Pierre Garcon","SF","WR",31,9,11,9.641,7.0036,12.8316,3.83436083330716,15,0.284166666666666,2,5.828,NA,17.8,2.6,6.53448947468599,NA,4.9,NA
2557983,"DeShone Kizer","CLE","QB",21,0,9,9.51873333333333,6.61924,11.91524,3.48453968456859,28,0.594733333333334,6,5.296,NA,24.9,3.5,11.559233189769,NA,-1.44,NA
2507164,"Adrian Peterson","ARI","RB",32,10,8,9.50266666666667,7.24,11.2624,2.73968270668947,22,0.242666666666668,3,4.0224,NA,13.5,3.6,5.62866160176452,NA,3.3,NA
2506922,"Stephen Gostkowski","NE","K",33,11,9,9.48417670682731,8.62274698795181,10.3657831325301,1.09027307991349,1,0.125317057704503,1,1.74303614457831,NA,1.6,1.4,2.19416465240891,NA,11,NA
2556601,"Wil Lutz","NO","K",23,1,5,9.46,7.628,11.292,3.23854905783439,2,0.384706784443624,1,3.664,NA,NA,NA,11.2296159057866,NA,9,NA
2532903,"Rishard Matthews","TEN","WR",28,5,8,9.36366666666667,7.6,11.62,2.72954361264541,16,0.336500000000001,2,4.02,NA,21.3,4.1,5.58757551451645,NA,4,NA
2543471,"Kelvin Benjamin","CAR","WR",26,3,11,9.35,1.14,11.54,6.51638959342774,17,0.669499999999999,3,10.4,NA,20.2,4.8,11.2588331828956,NA,6.5,NA
2550189,"Isaiah Crowell","CLE","RB",24,3,9,9.33233333333333,7.3414,11.2694,2.45776856789514,23,0.201333333333332,4,3.928,NA,33.4,5.2,5.99913240357123,NA,7.1,NA
71309,"Graham Gano","CAR","K",30,8,11,9.25771929824561,7.34905263157895,11.3073684210526,2.49270627629304,3,0.371598231812047,1,3.95831578947369,NA,8.7,2.6,5.87301692230523,NA,3,NA
2532899,"Doug Martin","TB","RB",28,5,1,9.18766666666667,7.288,10.7384,2.28499810357325,24,0.343166666666667,4,3.4504,NA,15,3.5,5.20739018541609,NA,8,NA
2558116,"Aaron Jones","GB","RB",23,0,8,9.07433333333334,7.5464,10.744,2.0219214458859,25,0.792333333333335,4,3.1976,NA,29.3,4.7,5.44171375796611,NA,19.8,NA
2495824,"Jay Cutler","MIA","QB",34,11,1,9.0608,7.184,10.89792,2.32278925432334,29,4.4224,7,3.71392,NA,26.5,2.4,8.11567453478203,NA,10.52,NA
2558172,"Jake Elliott","PHI","K",22,0,10,8.89286713286713,7.55910489510489,9.99356643356643,1.60302728428284,4,0.203940949739561,1,2.43446153846154,NA,4.2,3.2,5.48499538332365,NA,13,NA
2558245,"Harrison Butker","KC","K",22,0,10,8.879375,8.214125,9.452125,0.799247448776034,5,0.436825354903746,1,1.238,NA,6.3,3.2,4.35960567454572,NA,14,NA
382,"Joe Flacco","BAL","QB",32,9,10,8.7872,8.405,9.07428,0.466247273450473,30,8.3934,7,0.669280000000001,NA,29.9,1.3,3.68672271617929,NA,11.44,NA
2552458,"Devin Funchess","CAR","WR",23,2,11,8.70433333333333,6.9776,11.0296,2.84478757262002,18,0.060333333333336,3,4.052,NA,23.4,3.1,5.33606939008305,NA,4.1,NA
2543475,"Marqise Lee","JAC","WR",26,3,8,8.65666666666667,6.574,11.462,3.43235463396971,19,0.122333333333334,3,4.888,NA,33.9,7,7.79040233471047,NA,7.2,NA
2543847,"John Brown","ARI","WR",27,3,8,8.63133333333333,6.3266,11.209,3.10818859359166,20,0.212499999999999,3,4.8824,NA,28,5.3,6.62387948257707,NA,0.6,NA
2557976,"Joe Mixon","CIN","RB",21,0,6,8.61466666666667,7.9868,9.0668,0.774845360916185,26,0.845333333333333,4,1.08,NA,21.6,4.7,4.3905223010287,NA,6.8,NA
89802,"Ryan Succop","TEN","K",31,8,8,8.49847736625514,7.76414814814815,9.3201975308642,0.990765134374002,6,0.210401146070502,1,1.55604938271605,NA,7.6,2.9,4.1989350426781,NA,15,NA
2541785,"Adam Thielen","MIN","WR",27,3,9,8.43733333333333,7.616,9.056,1.00126586545899,21,0.0521666666666665,3,1.44,NA,14.5,3.8,3.00735768935844,NA,4.1,NA
2532865,"T.Y. Hilton","IND","WR",28,5,11,8.40033333333333,6.67,10.2468,2.24959559328634,22,0.0653333333333332,3,3.5768,NA,22.4,5.2,5.36241307270324,NA,2.7,NA
2536340,"Justin Tucker","BAL","K",28,5,10,8.38662192393736,6.53063087248322,10.9252617449664,3.11905012437486,7,0.223214281615439,1,4.39463087248322,NA,9,4.5,9.46582657102832,NA,14,NA
2495448,"Randall Cobb","GB","WR",27,6,8,8.37,5.7646,11.7286,4.06860209408588,23,0.116333333333332,3,5.964,NA,39,6.8,8.6113711287694,NA,1.5,NA
2495438,"Kyle Rudolph","MIN","TE",28,6,9,8.33666666666667,6.968,10.2,2.28635262663775,4,0.133333333333335,2,3.232,NA,10.1,2.3,6.01305966868467,NA,4.3,NA
2543572,"Martavis Bryant","PIT","WR",26,3,9,8.3,5.8086,11.2526,3.54599252678288,24,0.226166666666668,3,5.444,NA,38.7,7.2,8.03491632725895,NA,0.3,NA
2557858,"Evan Engram","NYG","TE",23,0,8,8.211,6.0782,11.187,3.67804255005295,5,0.181333333333333,2,5.1088,NA,6.4,1.9,8.13800285413673,NA,12,NA
2556462,"Robby Anderson","NYJ","WR",24,1,11,8.20733333333333,5.6496,11.592,4.12300816556714,25,0.292666666666666,3,5.9424,NA,40.5,6.9,8.73019976537623,NA,9.5,NA
2550656,"Cameron Brate","TB","TE",26,3,1,8.19566666666667,6.4164,10.2604,2.48072496124285,6,0.360999999999998,2,3.844,NA,9,2.3,6.33771828528718,NA,6,NA
2504797,"Matt Bryant","ATL","K",42,15,5,8.18953051643192,7.68304225352113,8.55774647887324,0.623290860189861,8,0.0782690847069158,2,0.874704225352111,NA,3.2,1.9,2.25503052351359,NA,1,NA
2495259,"Dan Bailey","DAL","K",29,6,6,8.13728476821192,7.45230463576159,8.88117880794702,0.902109416346734,9,0.219733288160439,2,1.42887417218543,NA,5.6,3.8,5.36126241823545,NA,2,NA
2541556,"Brandon McManus","DEN","K",26,3,5,8.0852380952381,7.67885714285714,8.48,0.501345807848853,10,0.442459857817001,2,0.801142857142855,NA,16.6,3.7,4.65720495811746,NA,0,NA
100017,"Rams","LAR","DST",NA,NA,8,8.035,7.263,12.807,4.90024999362277,15,0.5875,1,5.544,NA,NA,NA,10.5563278396188,NA,17,NA
100028,"Chargers","LAC","DST",NA,NA,9,8.01,7.298,8.722,1.25865007051205,16,1.1775,1,1.424,NA,NA,NA,4.26671377613229,NA,21,NA
2557997,"Christian McCaffrey","CAR","RB",21,0,11,7.94933333333333,6.5156,9.0516,1.7398969318133,27,0.360666666666667,4,2.536,NA,19.7,3.8,4.86193020468605,NA,4.6,NA
2540169,"Robert Woods","LAR","WR",25,4,8,7.94033333333333,5.4464,10.6024,3.24299496350724,26,0.453166666666667,3,5.156,NA,38.7,8,7.93660034313188,NA,5.9,NA
1032,"Jordy Nelson","GB","WR",32,9,8,7.889,6.994,8.8716,1.18872747086959,27,0.864000000000001,3,1.8776,NA,13,4.3,3.48134043828847,NA,1.3,NA
2555341,"Hunter Henry","LAC","TE",23,1,9,7.86366666666667,5.131,11.243,4.06848968701327,7,0.1195,2,6.112,NA,7.6,2,8.8400601555177,NA,7.3,NA
2505629,"Jason Witten","DAL","TE",35,14,6,7.80566666666667,5.9014,10.2454,2.95215960498977,8,0.177166666666667,2,4.344,NA,14.6,4.7,8.32266673249246,NA,11.4,NA
2532968,"Blair Walsh","SEA","K",27,5,6,7.74986486486487,6.58843243243243,9.09924324324324,1.62115591848921,11,0.233463504320648,2,2.51081081081081,NA,16.5,4,6.65389428755612,NA,6,NA
2495966,"Delanie Walker","TEN","TE",33,11,8,7.68266666666667,5.8728,10.108,2.96348280462926,9,0.361499999999999,2,4.2352,NA,6.1,2.1,7.04427210200603,NA,3.3,NA
2543773,"James White","NE","RB",25,3,9,7.58933333333333,5.5056,10.0016,2.89862749130228,28,0.184833333333333,4,4.496,NA,32.6,4.6,6.14270464177061,NA,10.7,NA
2552453,"Tevin Coleman","ATL","RB",24,2,5,7.588,6.5848,8.4248,1.20511078328924,29,0.418750000000001,4,1.84,NA,21.3,3.5,4.29712629757548,NA,1.6,NA
2543683,"Austin Seferian-Jenkins","NYJ","TE",25,3,11,7.57433333333333,5.6116,9.8716,2.75925648197722,10,0.524000000000001,2,4.26,NA,6.9,1.5,6.40377574863798,NA,8.1,NA
2500351,"Phil Dawson","ARI","K",42,19,8,7.53569160997732,6.90209523809524,8.33556462585034,0.965540965937624,12,0.0398146258503393,2,1.4334693877551,NA,17.3,3.6,5.16419516482743,NA,0,NA
2550380,"Cody Parkey","MIA","K",25,3,1,7.49711111111111,6.0364,9.11266666666667,1.95167578515756,13,0.0208214285714288,2,3.07626666666667,NA,23.5,4.3,7.54548110189515,NA,7,NA
2507232,"Mason Crosby","GB","K",33,10,8,7.49464285714286,6.47857142857143,8.38857142857143,1.22269019012193,14,0.0495772946859905,2,1.91,NA,12.2,3.5,5.38129583591167,NA,6,NA
2543533,"Patrick Murray","TB","K",26,3,1,7.45793650793651,6.74102040816327,8.29802721088435,1.00900902384747,15,0.0601725327812286,2,1.55700680272109,NA,24.6,4,5.79681404610441,NA,11,NA
2553833,"Josh Lambo","JAC","K",27,2,8,7.43219461697723,6.54354037267081,8.27372670807453,1.08616849577255,16,0.0781321169772262,2,1.73018633540373,NA,17.4,4.8,7.04836331594014,NA,10,NA
2535686,"Giorgio Tavecchio","OAK","K",27,5,10,7.36333333333333,6.432,8.28,1.15543642548317,17,0.0221202956989242,2,1.848,NA,14,3.3,5.00125321882122,NA,7,NA
2556450,"Nick Rose","WAS","K",23,1,5,7.34479166666667,6.624375,8.234375,1.070832826686,18,0.0263939634993777,2,1.61,NA,20.5,4.7,6.88395193467098,NA,6,NA
2507374,"Steven Hauschka","BUF","K",NA,NA,6,7.33763440860215,6.51225806451613,8.13806451612903,1.01756341838753,19,0.0396412113232394,3,1.6258064516129,NA,15.6,4.1,5.95173081672288,NA,14,NA
2534797,"Greg Zuerlein","LAR","K",30,5,8,7.29916099773243,6.40834013605442,8.3936462585034,1.31683668212646,20,0.0265435062914046,3,1.98530612244898,NA,9.6,3.3,5.22723324444098,NA,17,NA
2506264,"Robbie Gould","SF","K",35,12,11,7.2968253968254,6.48204081632653,8.30625850340136,1.21552887702941,21,0.182476718904987,3,1.82421768707483,NA,18.6,4.1,6.22890658054208,NA,5,NA
2550545,"Chris Boswell","PIT","K",28,3,9,7.24840958605665,6.51806535947712,7.90211764705882,0.880801738220309,22,0.27051922229132,3,1.3840522875817,NA,15,2.9,4.04497288922894,NA,19,NA
2495328,"Bilal Powell","NYJ","RB",29,6,11,7.221,6.8202,7.6218,0.70852099474892,30,0.160583333333333,5,0.801599999999999,NA,42.7,5.8,4.75268682224861,NA,8.3,NA
2557973,"Leonard Fournette","JAC","RB",21,0,8,7.1175,1.9115,12.3235,9.20299475714292,31,0.154333333333332,5,10.412,NA,NA,NA,18.5906867737747,NA,0,NA
2540154,"Keenan Allen","LAC","WR",25,4,9,7.08533333333333,6.238,8.2428,1.42157143096411,28,0.219333333333334,3,2.0048,NA,21.8,5.4,4.26895625860939,NA,4.1,NA
497236,"Jimmy Graham","SEA","TE",31,7,6,7.068,5.5828,9.0308,2.39024099203407,11,0.815833333333333,2,3.448,NA,5.5,5.1,7.58368418952354,NA,11.1,NA
2540232,"Jack Doyle","IND","TE",27,4,11,7.03266666666667,5.1246,9.3446,2.77866448736319,12,1.75166666666667,2,4.22,NA,16.2,2.7,7.03495018340112,NA,4.4,NA
2550481,"Orleans Darkwa","NYG","RB",25,3,8,7.00333333333333,6.034,8.274,1.54454955677483,32,0.150166666666667,5,2.24,NA,27.5,3.7,4.65926058970869,NA,4.8,NA
2507463,"Connor Barth","CHI","K",31,9,9,6.98028776978417,6.01643165467626,8.17539568345324,1.43924546334265,23,0.0165085710745325,3,2.15896402877698,NA,26.6,2.5,4.2551038460211,NA,5,NA
2503471,"Adam Vinatieri","IND","K",45,21,11,6.97549295774648,6.36642253521127,7.78276056338028,0.983734690695738,24,0.0804747306637017,3,1.41633802816902,NA,16.9,3.8,5.47554774821095,NA,0,NA
2530515,"Chris Hogan","NE","WR",29,6,9,6.96466666666667,5.617,8.005,1.63410780958091,29,0.198166666666666,3,2.388,NA,10.2,3.7,3.86501289510811,NA,7.1,NA
2495150,"Kai Forbath","MIN","K",30,6,9,6.9520654396728,6.4039263803681,7.54434355828221,0.719138595592529,25,0.224615020145723,3,1.14041717791411,NA,13.2,3.1,4.10450394304958,NA,24,NA
2552429,"Ty Montgomery","GB","RB",24,2,8,6.923,4.848,8.8712,2.52944203333463,33,0.179833333333334,5,4.0232,NA,29.8,4.9,5.94552839264945,NA,1.5,NA
100005,"Bears","CHI","DST",NA,NA,9,6.885,6.633,7.137,0.445477272147525,17,0.235,2,0.504000000000001,NA,18.7,3,3.65619927560415,NA,30,NA
2533444,"Randy Bullock","CIN","K",28,5,6,6.83797101449275,5.60017391304348,8.19495652173913,1.64214123975124,26,0.276728324434274,3,2.59478260869565,NA,26.2,3,5.25388053509083,NA,2,NA
234,"Matt Forte","NYJ","RB",32,9,11,6.78333333333333,6.366,7.206,0.525126968773585,34,0.177166666666667,5,0.84,NA,38.1,5.4,4.44607362453124,NA,8.2,NA
100016,"Chiefs","KC","DST",NA,NA,10,6.78,6.204,7.356,1.01823376490863,18,0.39,2,1.152,NA,9.7,3.6,5.30379947800975,NA,NA,NA
1581,"DeSean Jackson","TB","WR",31,9,1,6.76733333333333,5.336,8.2256,1.80694115381031,30,0.177666666666666,3,2.8896,NA,26.6,3.3,3.94448433323687,NA,7.3,NA
2507166,"Ted Ginn","NO","WR",32,10,5,6.76566666666667,5.474,7.71,1.58698088625331,31,0.354,3,2.236,NA,37.2,6,4.75313114565483,NA,14.1,NA
949,"Jonathan Stewart","CAR","RB",30,9,11,6.703,5.5208,7.6608,1.42300632465214,35,0.292166666666666,5,2.14,NA,36.7,4.7,4.9368733023921,NA,4.8,NA
2506194,"Nick Novak","LAC","K",NA,NA,9,6.6169298245614,6.35305263157895,6.86357894736842,0.321251699860052,27,0.517733127864706,3,0.510526315789473,NA,19.4,3.9,4.69093041465404,NA,3,NA
100025,"Eagles","PHI","DST",NA,NA,10,6.52,6.296,10.744,3.9315137033972,19,0.299999999999999,2,4.448,NA,13.4,3.6,7.81964510340436,NA,6,NA
2558123,"Marlon Mack","IND","RB",NA,0,11,6.50933333333333,5.578,7.3124,1.1190068513344,36,0.263500000000001,5,1.7344,NA,37.2,4.3,4.52859877267226,NA,6.6,NA
2550325,"Chandler Catanzaro","NYJ","K",26,3,11,6.50555555555556,6.325,6.74944444444444,0.298620800876378,28,1.32609866195309,4,0.424444444444444,NA,23.1,3.8,4.51630482261879,NA,4,NA
2550353,"Allen Hurns","JAC","WR",26,3,8,6.41366666666667,4.8992,7.8552,1.85423578148339,32,0.112166666666666,3,2.956,NA,40.7,5.6,4.96676247486963,NA,10.1,NA
2540202,"Kenny Stills","MIA","WR",25,4,1,6.40966666666667,6.0688,6.7368,0.418557443289847,33,0.221833333333334,3,0.668,NA,40.9,7.3,3.63279123793854,NA,20.5,NA
2558250,"Tarik Cohen","CHI","RB",22,0,9,6.31233333333333,6.0354,6.5634,0.334718289511245,37,0.138333333333334,6,0.528,NA,39.8,2.7,3.25939918938955,NA,7,NA
100032,"Redskins","WAS","DST",NA,NA,5,6.26,5.908,6.612,0.622253967444162,20,0.0874999999999995,3,0.704,NA,20.6,3.7,5.1540032229942,NA,5,NA
2543495,"Davante Adams","GB","WR",25,3,8,6.19333333333333,4.494,7.7548,2.05974278329439,34,0.0988333333333333,3,3.2608,NA,22.4,4.7,4.8850327546505,NA,1.2,NA
497284,"Eric Decker","TEN","WR",30,7,8,6.18233333333333,5.302,6.8596,1.06817429913537,35,0.182,3,1.5576,NA,35.1,6.7,4.3066553787977,NA,0,NA
100021,"Patriots","NE","DST",NA,NA,9,6.18,6.084,6.276,0.169705627484771,21,0.017500000000001,3,0.191999999999999,NA,25,4.3,5.91617231937501,NA,5,NA
2495207,"DeMarco Murray","TEN","RB",29,6,8,6.17933333333333,4.5164,7.87,2.09685987451077,38,0.136333333333334,6,3.3536,NA,23,6.1,6.03697156131223,NA,7.6,NA
2552461,"Duke Johnson","CLE","RB",24,2,9,6.16866666666667,5.428,6.9928,0.994555344530074,39,0.269333333333333,6,1.5648,NA,28.2,4,4.30967614342432,NA,7.1,NA
100001,"Falcons","ATL","DST",NA,NA,5,6.165,5.633,6.697,0.940452018978108,22,0.00999999999999979,3,1.064,NA,27.6,4.1,6.19744556514352,NA,NA,NA
100026,"Cardinals","ARI","DST",NA,NA,8,6.16,5.408,6.912,1.32936074863071,23,0.0899999999999999,3,1.504,NA,16.1,3.4,5.18815533142233,NA,3,NA
100007,"Browns","CLE","DST",NA,NA,9,6.15,5.79,6.51,0.636396103067893,24,0.1775,3,0.719999999999999,NA,27,3.1,4.01323599852004,NA,8,NA
2543614,"Donte Moncrief","IND","WR",24,3,11,6.00666666666667,4.918,6.822,1.32902533208865,36,0.0148333333333328,3,1.904,NA,56.7,6.3,4.51118771041627,NA,3,NA
2531332,"Terrelle Pryor","WAS","WR",28,6,5,5.994,5.086,7.0876,1.31395319551345,37,0.0618333333333334,3,2.0016,NA,27.6,3.8,3.45164289437251,NA,1.4,NA
100018,"Raiders","OAK","DST",NA,NA,10,5.99,5.742,6.238,0.43840620433566,25,0.0625,3,0.496,NA,25.7,3.4,4.41874623239388,NA,NA,NA
2557898,"Cooper Kupp","LAR","WR",24,0,8,5.98966666666667,5.6092,6.4212,0.519403824912113,38,0.129,3,0.811999999999999,NA,35.6,5.3,2.94557639466567,NA,11.1,NA
100014,"Colts","IND","DST",NA,NA,11,5.955,5.839,6.071,0.205060966544099,26,0.1075,3,0.232,NA,20.8,3.3,4.02507098095283,NA,5,NA
2495469,"Dion Lewis","NE","RB",27,6,9,5.91733333333333,5.05,6.6756,1.0430802142373,40,0.0418333333333329,6,1.6256,NA,31.7,4.7,4.61662413207365,NA,8.2,NA
100031,"Buccaneers","TB","DST",NA,NA,1,5.9,5.74,6.06,0.282842712474619,27,0.154999999999999,3,0.32,NA,22.7,2.9,3.32358823837171,NA,3,NA
2556414,"Rob Kelley","WAS","RB",25,1,5,5.88133333333333,4.612,7.0472,1.53839700121046,41,0.148000000000001,6,2.4352,NA,43.6,7.5,6.09831964942798,NA,3,NA
2649,"Danny Amendola","NE","WR",32,9,9,5.87466666666667,5.7312,6.032,0.190382071985083,39,0.0385,3,0.300799999999999,NA,30.3,4.3,2.06283048414034,NA,1.7,NA
2539663,"Mike Gillislee","NE","RB",27,4,9,5.86966666666667,4.1968,7.2808,2.00907200800104,42,0.544833333333333,6,3.084,NA,36.2,5,5.54490200514527,NA,3.1,NA
2532887,"Jermaine Kearse","NYJ","WR",27,5,11,5.84666666666667,5.534,6.182,0.407962416569631,40,0.0263333333333344,3,0.648,NA,35.4,5,2.662658124793,NA,8.9,NA
2543457,"Sammy Watkins","LAR","WR",24,3,8,5.82566666666667,3.755,7.4814,2.49625446085397,41,0.0216666666666665,3,3.7264,NA,41.2,7,6.46033418882814,NA,4.2,NA
2555295,"Sterling Shepard","NYG","WR",NA,1,8,5.815,5.0952,6.4192,0.864521254799441,42,0.0318333333333332,3,1.324,NA,43.8,10,5.38762354479395,NA,0,NA
100006,"Bengals","CIN","DST",NA,NA,6,5.795,5.391,6.199,0.714177848998413,28,0.2525,3,0.808,NA,16.6,2.9,3.69607994504421,NA,NA,NA
2533040,"Mohamed Sanu","ATL","WR",28,5,5,5.793,4.961,6.4538,1.00393077450589,43,0.0726666666666667,3,1.4928,NA,48.4,10.9,5.95943166840867,NA,6.5,NA
2552600,"Nelson Agholor","PHI","WR",24,2,10,5.77333333333333,3.7806,7.4966,2.39465578598122,44,0.150499999999999,3,3.716,NA,29.8,5.3,5.61004860667219,NA,10.5,NA
100011,"Packers","GB","DST",NA,NA,8,5.695,5.371,6.019,0.572756492761104,29,0.305,3,0.648000000000001,NA,26.2,2.6,2.99746148296905,NA,5,NA
2556771,"Aldrick Rosas","NYG","K",23,1,8,5.69283783783784,5.24837837837838,6.29281081081081,0.734488698788925,29,3.35979986315429,5,1.04443243243243,NA,26.6,3.6,4.840693837533,NA,1,NA
2552430,"Tyler Lockett","SEA","WR",25,2,6,5.66733333333333,5.316,6.1384,0.575670333900691,45,0.1685,3,0.822399999999999,NA,52.4,8.3,4.27127856553829,NA,2.9,NA
2553733,"Thomas Rawls","SEA","RB",24,2,6,5.597,4.424,6.9288,1.60280909655517,43,0.572166666666666,6,2.5048,NA,43.3,3.9,4.78438191053923,NA,2.2,NA
2552487,"Amari Cooper","OAK","WR",23,2,10,5.57833333333333,4.8192,6.364,0.967207492388957,46,0.197833333333334,3,1.5448,NA,26.5,5.8,3.78946900338676,NA,33,NA
2540160,"Jordan Reed","WAS","TE",27,4,5,5.47166666666667,4.296,6.364,1.43068456807688,13,0.423833333333334,3,2.068,NA,10.7,2.6,4.73353323501538,NA,18.4,NA
2550617,"Taylor Gabriel","ATL","WR",26,3,5,5.41933333333333,4.083,6.591,1.60753175188963,47,0.116166666666667,3,2.508,NA,42.7,8.8,5.94503600242856,NA,2.4,NA
100029,"49ers","SF","DST",NA,NA,11,5.39,5.238,5.542,0.268700576850888,30,NA,4,0.303999999999999,NA,28.4,2.2,1.96623198366145,NA,NA,NA
2507763,"Mike Wallace","BAL","WR",31,8,10,5.34166666666667,5.0858,5.5338,0.312154342166392,48,0.117666666666667,3,0.448,NA,51,7.2,3.4400820543627,NA,0.9,NA
2543500,"Jordan Matthews","BUF","WR",25,3,6,5.26466666666667,5.0992,5.44,0.214068524854387,49,0.1135,3,0.3408,NA,51.6,11.7,5.16934868188038,NA,1,NA
2543491,"Paul Richardson","SEA","WR",25,3,6,5.18333333333333,3.53,6.61,1.98656948867472,50,0.0796666666666663,3,3.08,NA,53.7,5.9,5.27936579554258,NA,12.1,NA
2535698,"Cole Beasley","DAL","WR",28,5,6,5.119,4.2584,5.8384,1.03373739411903,51,0.0471666666666657,3,1.58,NA,59.3,8.7,5.08822885157949,NA,2.4,NA
2555415,"Austin Hooper","ATL","TE",NA,1,5,5.09033333333333,3.727,6.647,1.87238706824559,14,0.140333333333333,3,2.92,NA,12.3,2.2,5.27171972874175,NA,0.6,NA
2550198,"Bennie Fowler","DEN","WR",26,3,5,5.08833333333333,4.758,5.402,0.404114257770415,52,0.0596666666666676,3,0.643999999999999,NA,48.7,8.6,4.15209677147314,NA,4.5,NA
2541966,"Jaron Brown","ARI","WR",27,4,8,5.05533333333333,4.254,5.7308,0.962387828961554,53,0.111333333333334,3,1.4768,NA,57.7,6.3,3.99024681327696,NA,3.7,NA
2555430,"Alex Collins","BAL","RB",23,1,10,5.05266666666667,4.1226,5.8146,1.11839900452984,44,0.0884166666666673,7,1.692,NA,38.5,3.8,4.33805414007485,NA,3,NA
71265,"Jared Cook","OAK","TE",30,8,10,5.00533333333333,3.254,6.7708,2.19821298634444,15,0.197666666666667,3,3.5168,NA,17.7,2.6,6.0155300530508,NA,10.7,NA
80429,"Jeremy Maclin","BAL","WR",29,8,10,5.002,5.002,5.002,NA,54,0.152666666666666,3,0,NA,NA,NA,NA,NA,0,NA
2541161,"Latavius Murray","MIN","RB",27,4,9,4.997,4.4022,5.6342,0.775452770966743,45,0.105916666666666,7,1.232,NA,42.5,4.5,4.31502139671004,NA,17.3,NA
2558918,"Matt Breida","SF","RB",22,0,11,4.9315,4.4663,5.3967,0.822365186519955,46,0.247000000000001,7,0.930400000000001,NA,50.3,4.6,4.39257149155359,NA,0.5,NA
2506122,"Benjamin Watson","BAL","TE",37,13,10,4.89466666666667,4.5068,5.3788,0.583494073091864,16,0.203499999999999,3,0.872,NA,18.6,3.1,3.56795970938596,NA,3.8,NA
2558066,"Curtis Samuel","CAR","WR",21,0,11,4.886,4.8012,4.9708,0.149906637611549,55,0.129499999999999,3,0.169600000000002,NA,97.2,10.5,4.57988144921019,NA,2,NA
2540156,"Giovani Bernard","CIN","RB",26,4,6,4.85066666666667,4.2106,5.501,0.806806255140188,47,0.386166666666667,7,1.2904,NA,50.2,4.5,4.34145002853577,NA,0.7,NA
2532977,"Kendall Wright","CHI","WR",28,5,9,4.81266666666667,4.126,5.5244,0.875683352207483,56,0.117166666666666,3,1.3984,NA,55.7,6.5,3.95010216385014,NA,0,NA
497224,"Ed Dickson","CAR","TE",30,7,11,4.72066666666667,4.0304,5.5904,1.04957197625191,17,0.111583333333333,3,1.56,NA,18.1,3.4,4.49613539702978,NA,1.8,NA
2539205,"Terrance Williams","DAL","WR",28,4,6,4.70033333333333,3.3862,5.9062,1.59234742858879,57,0.0327500000000001,3,2.52,NA,69.5,8.1,5.63278495720241,NA,0,NA
2558149,"JuJu Smith-Schuster","PIT","WR",21,0,9,4.69066666666667,3.8382,5.4902,1.03884086044655,58,0.0512499999999996,3,1.652,NA,49,5.2,3.64209899855194,NA,9.9,NA
2558178,"Zane Gonzalez","CLE","K",NA,0,9,4.66607594936709,3.21164556962025,6.36364556962025,2.03911978207739,30,4.66607594936709,5,3.152,NA,27.4,2.6,5.23794056173804,NA,12,NA
238457,"Zach Miller","CHI","TE",33,8,9,4.66166666666667,4.521,4.777,0.169139981474912,18,0.125083333333333,3,0.256,NA,16.3,2.7,2.67628145725102,NA,2.9,NA
2550272,"Albert Wilson","KC","WR",25,3,10,4.6445,4.5329,4.7561,0.197282791951047,59,0.0285833333333336,3,0.2232,NA,77.6,9.1,4.06584390754184,NA,12.3,NA
2495189,"Jeremy Kerley","NYJ","WR",29,6,11,4.63433333333333,3.78,5.3104,1.0314341148776,60,0.0617499999999991,3,1.5304,NA,66.6,5.7,3.83920092455056,NA,NA,NA
2553895,"Adam Humphries","TB","WR",NA,NA,1,4.5975,4.0635,5.1315,0.943987552884041,61,0.0999999999999996,3,1.068,NA,60.4,6.7,4.13020328523608,NA,-1.7,NA
2558266,"George Kittle","SF","TE",24,0,11,4.5565,4.2497,4.8633,0.542350901170082,19,0.222,3,0.6136,NA,13.6,2.4,3.14996343989611,NA,1.6,NA
2539964,"Marquise Goodwin","SF","WR",27,4,11,4.54766666666667,3.775,5.3414,0.980061902806825,62,0.102166666666667,3,1.5664,NA,60.9,6,3.89078368520452,NA,8,NA
2507428,"Mike Tolbert","BUF","RB",32,9,6,4.51833333333333,3.67,5.25,1.01929305566816,48,0.125833333333333,7,1.58,NA,56.4,5,4.71059270237803,NA,3,NA
2552586,"Tyler Kroft","CIN","TE",25,2,6,4.51666666666667,3.718,5.334,1.01080825745209,20,0.457,3,1.616,NA,20.1,2.2,3.83263126291379,NA,8.3,NA
2553913,"Tyrell Williams","LAC","WR",NA,NA,9,4.44733333333333,3.323,5.8886,1.74414917175491,63,0.138666666666666,3,2.5656,NA,48,5.8,4.89339506665564,NA,1.1,NA
2495459,"Torrey Smith","PHI","WR",28,6,10,4.44366666666667,4.035,4.987,0.662595905007972,64,0.303583333333334,3,0.952,NA,65.6,5.5,3.23208277671592,NA,0,NA
925,"Jamaal Charles","DEN","RB",31,9,5,4.41066666666667,4.1124,4.6644,0.358219671896078,49,0.0923333333333334,7,0.552,NA,44.2,4.7,4.03933814288711,NA,2.2,NA
2557952,"Wayne Gallman","NYG","RB",23,0,8,4.37433333333333,3.828,4.9664,0.718356689488818,50,0.193166666666667,7,1.1384,NA,48.7,4,4.076861425785,NA,2.9,NA
2556885,"Jalen Richard","OAK","RB",24,1,10,4.26233333333333,3.184,5.1176,1.30142857404213,51,0.337333333333333,7,1.9336,NA,54.7,4.7,4.83439239177628,NA,7.6,NA
2557870,"Taywan Taylor","TEN","WR",NA,0,8,4.17366666666667,3.199,4.9478,1.17607411897947,65,0.0780833333333337,3,1.7488,NA,78.9,9.7,5.70572130283233,NA,4.5,NA
2495826,"Vernon Davis","WAS","TE",33,11,5,4.15233333333333,3.8224,4.4264,0.396404254938482,21,0.188999999999999,4,0.604,NA,23.6,2.7,3.0558792265311,NA,6.7,NA
2550256,"Willie Snead","NO","WR",25,3,5,4.1065,2.7533,5.4597,2.39214224075409,66,0.0509999999999993,3,2.7064,NA,NA,NA,8.42583870180344,NA,0,NA
2539265,"Rex Burkhead","NE","RB",27,4,9,4.1,0.41,3.69,2.89913780286485,52,0.402666666666667,8,3.28,NA,62.7,8.5,7.62538645063159,NA,4.2,NA
497302,"Brandon LaFell","CIN","WR",31,7,6,4.08466666666667,3.164,5.0632,1.19359345395881,67,0.0598333333333336,3,1.8992,NA,73.7,7.9,4.98316066856125,NA,8.8,NA
2552656,"J.J. Nelson","ARI","WR",25,2,8,4.02633333333333,2.9276,5.442,1.71477588428731,68,0.0716666666666668,3,2.5144,NA,64.4,6.1,4.97623523938865,NA,3.9,NA
71217,"Kenny Britt","CLE","WR",29,8,9,4.02333333333333,3.19,5.078,1.27359072442183,69,0.169,3,1.888,NA,69.7,10.4,6.13495506956547,NA,0.7,NA
1062,"Martellus Bennett","GB","TE",30,9,8,3.967,3.5902,4.3342,0.465464284344137,22,0.126666666666666,4,0.744,NA,21,3.1,3.37081546038275,NA,1.7,NA
2552633,"Jesse James","PIT","TE",23,2,9,3.95966666666667,3.5458,4.4498,0.58863429507066,23,0.2755,4,0.904,NA,30,3.2,3.62644183202851,NA,0,NA
2555343,"Josh Doctson","WAS","WR",NA,1,5,3.886,2.2922,5.437,1.96768315538859,70,0.0664166666666666,3,3.1448,NA,51,9,6.53981140663929,NA,3.9,NA
2555473,"Ricardo Louis","CLE","WR",NA,1,9,3.82266666666667,2.521,5.0706,1.59774100946722,71,0.02475,3,2.5496,NA,49.8,5.9,4.72689460788709,NA,2.1,NA
2495453,"Andre Holmes","BUF","WR",29,6,6,3.8165,3.5817,4.0513,0.415071680556503,72,0.0503333333333336,3,0.469599999999999,NA,85.2,9,4.33376645021964,NA,1.1,NA
2552415,"Jamison Crowder","WAS","WR",24,2,5,3.77933333333333,3.219,4.4662,0.826238666084645,73,0.0643333333333325,3,1.2472,NA,49.9,6.9,4.0459488470336,NA,2.8,NA
2550597,"Seth Roberts","OAK","WR",NA,NA,10,3.753,2.7838,4.6398,1.17363835997295,74,0.0892500000000003,3,1.856,NA,84,9.3,5.53615972305711,NA,1.5,NA
2555223,"Devontae Booker","DEN","RB",25,1,5,3.75,2.62,4.804,1.37488181310249,53,0.133166666666666,8,2.184,NA,63.6,6.3,5.50441119725124,NA,2.8,NA
2495888,"Marcedes Lewis","JAC","TE",33,11,8,3.721,2.4116,4.9036,1.58150972175324,24,0.0898333333333334,4,2.492,NA,29.7,3.8,5.58421272253454,NA,8.9,NA
2557863,"Zay Jones","BUF","WR",22,0,6,3.677,2.8012,4.3892,1.05381070406407,75,0.0342500000000001,3,1.588,NA,64.7,8.6,5.075225056806,NA,1.7,NA
2541388,"Brice Butler","DAL","WR",27,4,6,3.6505,2.9069,4.3941,1.31451150622579,76,0.0338333333333329,3,1.4872,NA,67.7,8.2,5.27954393136505,NA,0,NA
2552580,"A.J. Derby","DEN","TE",26,2,5,3.64733333333333,2.8524,4.7084,1.29522250340755,25,0.0870000000000002,4,1.856,NA,27.8,3.9,5.1559258314284,NA,3.6,NA
2540168,"Eddie Lacy","SEA","RB",26,4,6,3.64466666666667,2.8432,4.264,0.971617380110779,54,0.0831666666666662,8,1.4208,NA,49,4.2,4.36635406792322,NA,4.3,NA
2550163,"Michael Campanaro","BAL","WR",26,3,10,3.635,2.7672,4.68,1.25555047688255,77,0.0640000000000001,3,1.9128,NA,83,19.5,9.88811342599804,NA,3.1,NA
2552403,"Nick OLeary","BUF","TE",25,2,6,3.615,2.714,4.382,1.08211598269317,26,0.172333333333333,4,1.668,NA,19.7,4.5,5.09935434401856,NA,5.8,NA
2555214,"Laquon Treadwell","MIN","WR",22,1,9,3.59833333333333,3.4932,3.71,0.136236314297376,78,0.112666666666667,3,0.216800000000001,NA,78.5,12.2,5.26638581745407,NA,2.8,NA
2555461,"Wendell Smallwood","PHI","RB",23,1,10,3.589,3.3464,3.8144,0.294860984194247,55,0.373833333333333,8,0.468,NA,46.5,6.6,4.70805412971207,NA,3.9,NA
2556592,"Roger Lewis","NYG","WR",24,1,8,3.54366666666667,3.362,3.75,0.248310960960916,79,0.1205,3,0.388,NA,60.2,5.9,2.80954219821846,NA,1.2,NA
2553650,"Corey Grant","JAC","RB",NA,NA,8,3.534,1.6172,5.4508,3.38845569544594,56,0.654333333333334,8,3.8336,NA,63.9,12.7,9.63411568819212,NA,3.6,NA
2532838,"Coby Fleener","NO","TE",29,5,5,3.50566666666667,2.6466,4.573,1.28566571601382,27,0.153333333333333,4,1.9264,NA,24.9,2.4,4.39151646223135,NA,2.2,NA
2555478,"Demarcus Robinson","KC","WR",NA,1,10,3.42766666666667,2.829,3.997,0.732757349559411,80,0.0230833333333336,3,1.168,NA,86.3,9.6,5.03430465718846,NA,6.9,NA
2530660,"Kamar Aiken","IND","WR",28,6,11,3.41866666666667,3.0272,3.9072,0.588782925477067,81,0.0394166666666664,3,0.879999999999999,NA,90.3,9.1,4.62211114438943,NA,0.8,NA
2550328,"Brandon Coleman","NO","WR",25,3,5,3.3905,2.5421,4.2389,1.49977348289667,82,0.0739999999999998,3,1.6968,NA,77.3,10,6.29022860508426,NA,9.1,NA
2557986,"David Njoku","CLE","TE",21,0,9,3.37966666666667,3.033,3.8266,0.541425279547726,28,0.159833333333333,5,0.7936,NA,26,2.7,3.29810672934713,NA,5.8,NA
2543759,"Ryan Grant","WAS","WR",27,3,5,3.368,3.1984,3.5376,0.299813275223097,83,0.116,3,0.3392,NA,82.4,8.9,4.12847511102625,NA,1.9,NA
2558207,"Jonnu Smith","TEN","TE",22,0,8,3.325,1.8738,4.7762,2.5653834021448,29,0.307,5,2.9024,NA,28.9,5.2,7.92611966041622,NA,2.2,NA
2543638,"DeAnthony Thomas","KC","WR",24,3,10,3.265,2.917,3.613,0.615182899632296,84,0.0500000000000003,3,0.695999999999999,NA,77.5,10.2,5.11639877453077,NA,0.2,NA
2559176,"Tanner Gentry","CHI","WR",NA,0,9,3.239,2.6486,3.8294,1.04368960903134,85,0.0965000000000003,3,1.1808,NA,86.2,10.9,6.01592344230045,NA,NA,NA
2532790,"Travis Benjamin","LAC","WR",28,5,9,3.191,2.407,4.1574,1.16309414924158,86,0.106833333333333,3,1.7504,NA,72.1,7.5,4.77372469362799,NA,10.2,NA
2495353,"Julius Thomas","MIA","TE",29,6,1,3.11466666666667,2.616,3.5792,0.606519029654745,30,0.2,5,0.9632,NA,25.9,3.2,3.65631456674752,NA,5.8,NA
2558846,"Mike Williams","LAC","WR",23,0,9,3.094,2.1884,3.9996,1.60088975260634,87,0.0450833333333329,3,1.8112,NA,80.9,8.3,5.72797276400394,NA,0,NA
2541944,"Russell Shepard","CAR","WR",27,4,11,3.07433333333333,2.28,3.6904,0.962292228656832,88,0.0625833333333334,3,1.4104,NA,93.4,10.1,5.56806767614832,NA,2,NA
2534436,"Deonte Thompson","BUF","WR",28,5,6,3.0235,2.2207,3.8263,1.4191633098414,89,0.0355000000000003,3,1.6056,NA,100.2,14.8,8.16890122120031,NA,10.7,NA
2532841,"Michael Floyd","MIN","WR",28,5,9,3,0.3,2.7,2.12132034355964,90,0.0408333333333335,3,2.4,NA,81.2,10.7,7.46403647826972,NA,0,NA
2558202,"Trent Taylor","SF","WR",23,0,11,2.976,1.508,4.1912,1.76405697186911,91,0.0361666666666665,3,2.6832,NA,83.7,6.5,5.21235751545557,NA,0.9,NA
2539235,"Tavarres King","NYG","WR",27,4,8,2.94233333333333,2.02,4.1536,1.47293799371641,92,0.0486666666666666,3,2.1336,NA,91.2,7.5,5.21396970112756,NA,NA,NA
2540145,"Cordarrelle Patterson","OAK","WR",26,4,10,2.93733333333333,2.466,3.314,0.568250238304687,93,0.105333333333334,3,0.848,NA,83.2,8.6,4.38531117049965,NA,0.9,NA
2505299,"Antonio Gates","LAC","TE",37,14,9,2.92133333333333,2.228,3.5352,0.834919357383295,31,0.0595833333333329,5,1.3072,NA,30.3,3.1,3.98791342935742,NA,0.4,NA
497238,"Jermaine Gresham","ARI","TE",29,7,8,2.908,2.2128,3.4928,0.834944309520102,32,0.101916666666667,5,1.28,NA,33.2,2.7,3.78836930920937,NA,1.8,NA
2557934,"Elijah McGuire","NYJ","RB",23,0,11,2.89633333333333,1.6822,4.407,1.81999734432041,57,0.0906666666666669,8,2.7248,NA,54,3.9,4.96745528781723,NA,0.7,NA
2543603,"Jeremy Hill","CIN","RB",25,3,6,2.863,1.912,3.9752,1.33589557975165,58,0.163833333333333,8,2.0632,NA,64.2,5,4.97746484640561,NA,0.7,NA
2555468,"Rashard Higgins","CLE","WR",23,1,9,2.85,2.204,3.3928,0.775868545566838,94,0.044,3,1.1888,NA,83.4,8,4.43115685042826,NA,1.1,NA
2556365,"Seth DeValve","CLE","TE",24,1,9,2.8155,2.4511,3.1799,0.644174277660944,33,0.137666666666667,5,0.7288,NA,32.8,3.1,3.66931338870756,NA,2.7,NA
2558010,"John Ross","CIN","WR",NA,0,6,2.814,2.814,2.814,NA,95,0.0834999999999999,3,0,NA,97,9.6,6.35828087295576,NA,0,NA
2535876,"Griff Whalen","BAL","WR",27,5,10,2.798,2.798,2.798,NA,96,0.148,3,0,NA,NA,NA,NA,NA,2.3,NA
2555364,"Tyler Higbee","LAR","TE",24,1,8,2.79666666666667,1.779,3.7318,1.23351138354428,34,0.263666666666666,5,1.9528,NA,28.9,4.3,5.25243601972462,NA,1.3,NA
2495473,"Shane Vereen","NYG","RB",28,6,8,2.74833333333333,2.208,3.236,0.652539909379751,59,0.129666666666667,8,1.028,NA,55.9,4.6,4.24942154051741,NA,0.6,NA
2555215,"Leonte Carroo","MIA","WR",23,1,1,2.663,2.106,3.2764,0.741621871306395,97,0.0587499999999994,3,1.1704,NA,95.3,14.2,6.95705801727426,NA,2.1,NA
2552471,"T.J. Yeldon","JAC","RB",24,2,8,2.65,0.26,3.46,2.04042479237372,60,0.0720833333333335,8,3.2,NA,61.7,9.6,7.3196268704061,NA,19.7,NA
2495331,"Aldrick Robinson","SF","WR",29,6,11,2.637,2.3388,2.922,0.365618653791078,98,0.103,3,0.5832,NA,78.3,8.5,4.0558746962346,NA,1.5,NA
2543770,"Charles Sims","TB","RB",27,3,1,2.58733333333333,1.463,3.4846,1.35577149008722,61,0.153583333333333,8,2.0216,NA,60.2,4.4,4.76618002961837,NA,1.5,NA
2555209,"Chris Moore","BAL","WR",24,1,10,2.5715,2.1519,2.9911,0.741755013464688,99,0.131250000000001,3,0.8392,NA,87.3,11.8,5.96064296369482,NA,9.6,NA
2559169,"Austin Ekeler","LAC","RB",NA,NA,9,2.5685,2.0177,3.1193,0.973686037693876,62,0.3085,8,1.1016,NA,67.1,4.8,4.59613650694885,NA,10.4,NA
2557889,"Gerald Everett","LAR","TE",23,0,8,2.559,2.0594,3.1314,0.68828990984904,35,0.0567500000000001,6,1.072,NA,30.3,5,4.69103192826594,NA,0,NA
2540200,"Dion Sims","CHI","TE",26,4,9,2.507,2.2934,2.7206,0.377595021153617,36,0.0639999999999996,6,0.4272,NA,35.2,3.4,3.37373745354564,NA,0,NA
2552399,"Jeff Heuerman","DEN","TE",25,2,5,2.4975,1.5595,3.4355,1.65816540188245,37,0.15375,6,1.876,NA,49,11.2,9.4045873698436,NA,0,NA
2552651,"Kaelin Clay","BUF","WR",25,2,6,2.4965,1.9345,3.0585,0.993485027567099,100,0.133166666666667,3,1.124,NA,105.1,5.7,3.78528054973747,NA,0,NA
2541199,"Luke Willson","SEA","TE",27,4,6,2.3885,1.6353,3.1417,1.33148206897427,38,0.126166666666667,6,1.5064,NA,39.1,5.2,5.86514374702293,NA,1.3,NA
2532978,"Jarius Wright","MIN","WR",28,5,9,2.384,2.3232,2.4448,0.107480230740355,101,0.0614166666666667,3,0.1216,NA,98.3,11.5,4.93485118857018,NA,5.4,NA
2539336,"Tavon Austin","LAR","WR",26,4,8,2.34266666666667,2.0014,2.7174,0.453328063694862,102,0.0814166666666662,3,0.716,NA,78.5,8.6,4.2220227446517,NA,1.5,NA
2556519,"Alex Erickson","CIN","WR",25,1,6,2.3025,1.7941,2.8109,0.898732718888102,103,0.141,3,1.0168,NA,103.6,9.9,5.39470810061378,NA,2.2,NA
2539289,"Kenjon Barner","PHI","RB",28,4,10,2.299,1.6262,2.9718,1.18935360595577,63,0.0876666666666668,8,1.3456,NA,69.6,8.1,6.03214100410661,NA,0.4,NA
2541187,"Demetrius Harris","KC","TE",26,4,10,2.299,1.4342,3.1638,1.52876486092532,39,0.0766666666666671,6,1.7296,NA,41.6,3,5.09694179185432,NA,1.6,NA
2552402,"Nick Boyle","BAL","TE",24,2,10,2.22566666666667,1.6682,2.7242,0.67222044995175,40,0.0416666666666665,6,1.056,NA,38.7,4.6,4.46460543539424,NA,1.2,NA
2550512,"Damien Williams","MIA","RB",25,3,1,2.221,1.376,3.2904,1.29137639749223,64,0.0519999999999996,8,1.9144,NA,69.1,6.4,5.47202885765582,NA,2,NA
2553606,"Jordan Taylor","DEN","WR",25,2,5,2.22,0.6648,3.7752,2.7492311652533,104,0.156,3,3.1104,NA,85.5,10.1,8.10705936364365,NA,0.7,NA
497246,"Michael Hoomanawanui","NO","TE",29,7,5,2.219,1.6822,2.7558,0.948937300352347,41,0.0895000000000001,6,1.0736,NA,41.8,6,5.62535375514068,NA,0,NA
2555464,"DeAndre Washington","OAK","RB",24,1,10,2.20166666666667,1.876,2.544,0.419056479884673,65,0.0730000000000004,8,0.668,NA,63.6,5.3,4.318657717931,NA,10,NA
2534820,"Garrett Celek","SF","TE",29,5,11,2.149,1.5322,2.7658,1.09035865658966,42,0.0731666666666664,6,1.2336,NA,50.2,4.6,5.1630184682547,NA,1.1,NA
2495471,"Jacquizz Rodgers","TB","RB",27,6,1,2.13633333333333,1.891,2.4462,0.37407263109366,66,0.0186666666666668,8,0.5552,NA,63.6,5.8,4.47077197607494,NA,1.1,NA
2539217,"Andre Ellington","ARI","RB",28,4,8,2.121,2.121,2.121,NA,67,0.0180833333333328,8,0,NA,NA,NA,NA,NA,0,NA
497204,"C.J. Spiller","KC","RB",30,7,10,2.11433333333333,1.3304,2.744,0.944524395308736,68,0.0862500000000002,8,1.4136,NA,76.7,6.3,5.14165222330666,NA,0,NA
2557856,"O.J. Howard","TB","TE",23,0,1,2.11,1.2456,2.8936,1.04475020938021,43,0.139666666666667,6,1.648,NA,34.8,3.4,4.48808163688267,NA,21.8,NA
2554138,"Kasen Williams","CLE","WR",NA,2,9,2.103,1.6254,2.5806,0.844285496736738,105,0.0922499999999995,3,0.9552,NA,74.1,12.4,6.35547557720187,NA,0,NA
2555417,"C.J. Prosise","SEA","RB",23,1,6,2.0915,1.9463,2.2367,0.256679761570717,69,0.154166666666667,8,0.2904,NA,56,7.5,5.01792830141218,NA,0,NA
2550284,"Trey Burton","PHI","TE",26,3,10,2.04166666666667,1.148,3.032,1.1959549880047,44,0.224333333333333,6,1.884,NA,42.2,5.3,5.6886703546782,NA,0.7,NA
2553737,"Eli Rogers","PIT","WR",NA,NA,9,2.025,2.025,2.025,NA,106,0.0692500000000003,3,0,NA,96.5,13.1,9.26504321065386,NA,1,NA
2552418,"Justin Hardy","ATL","WR",26,2,5,1.9965,1.3513,2.6417,1.1405632380539,107,0.10575,3,1.2904,NA,86.3,9.4,5.53068975140897,NA,2.1,NA
2533457,"Alfred Morris","DAL","RB",29,5,6,1.96466666666667,1.0958,2.7158,1.04409306737155,70,0.0921666666666665,8,1.62,NA,57,7,5.49162630283567,NA,2.4,NA
2559241,"Travis Rudolph","NYG","WR",NA,0,8,1.915,1.915,1.915,NA,108,0.0732499999999998,3,0,NA,111.1,12.5,8.7667410956199,NA,NA,NA
284,"Darren McFadden","DAL","RB",30,9,6,1.91,0.191,1.719,1.35057395206631,71,0.0868333333333333,8,1.528,NA,55.5,11.6,7.49826348852963,NA,0,NA
2495288,"Virgil Green","DEN","TE",29,6,5,1.899,1.2024,2.5264,0.840953625356357,45,0.230416666666667,6,1.324,NA,39.2,2.6,3.74851017388724,NA,0.7,NA
81306,"Brandon Tate","BUF","WR",30,8,6,1.8665,0.8157,2.9173,1.85756951417706,109,0.0669999999999999,3,2.1016,NA,88.5,11.6,7.46300982051557,NA,0,NA
2555230,"Kenyan Drake","MIA","RB",NA,1,1,1.835,1.465,2.217,0.470717537383089,72,0.0290000000000004,8,0.752,NA,77.1,5.4,4.40021056120749,NA,0,NA
2556752,"Tommylee Lewis","NO","WR",25,1,5,1.817,0.537,3.097,2.26274169979695,110,0.0387499999999998,3,2.56,NA,98.2,14,9.03530737184079,NA,0,NA
2539980,"Kerwynn Williams","ARI","RB",26,4,8,1.81133333333333,1.0892,2.582,0.938898468064217,73,0.0286666666666668,8,1.4928,NA,68.3,7.5,5.59298742143874,NA,2.7,NA
2557978,"James Conner","PIT","RB",22,0,9,1.80066666666667,1.1414,2.4254,0.805975392511045,74,0.228166666666666,8,1.284,NA,73.8,6,4.91084646396663,NA,1.9,NA
2556773,"Hunter Sharp","DEN","WR",23,1,5,1.782,1.782,1.782,NA,111,0.0235000000000001,3,0,NA,126,5.7,3.11931712523503,NA,0,NA
2552428,"Tre McBride","CHI","WR",25,2,9,1.7745,1.3117,2.2373,0.818122545832836,112,0.0489166666666667,3,0.9256,NA,78.4,7.9,4.44966873153741,NA,0,NA
2558138,"Samaje Perine","WAS","RB",22,0,5,1.76466666666667,0.8258,2.8058,1.25715167475263,75,0.392333333333333,8,1.98,NA,49,7.4,5.82324451421915,NA,0,NA
2552463,"Jaelen Strong","FA","WR",23,2,NA,1.7425,1.0061,2.4789,1.30178358416443,113,0.0506666666666664,3,1.4728,NA,NA,NA,5.3273427109526,NA,0,NA
2532835,"Rhett Ellison","NYG","TE",29,5,8,1.73566666666667,0.9346,2.837,1.35511856799814,46,0.148666666666667,6,1.9024,NA,48.2,5.2,5.90462360967934,NA,0,NA
2556460,"Geronimo Allison","GB","WR",23,1,8,1.70866666666667,1.0922,2.4242,0.859686183053638,114,0.0896666666666668,3,1.332,NA,93.4,9.9,5.33922840408984,NA,1.4,NA
2556396,"Chester Rogers","IND","WR",23,1,11,1.675,1.3486,2.0014,0.576999133448223,115,0.112,3,0.6528,NA,115.1,8.5,4.35621695738119,NA,2.1,NA
2535535,"Phillip Supernaw","TEN","TE",27,5,8,1.6015,0.7867,2.4163,1.440376513277,47,0.102,6,1.6296,NA,60.3,6.6,6.74557959169757,NA,0,NA
2552559,"C.J. Uzomah","CIN","TE",24,2,6,1.5725,0.5865,2.5585,1.74301821562484,48,0.182,6,1.972,NA,49.4,5.3,6.60242585920562,NA,0.7,NA
2558105,"Chris Godwin","TB","WR",21,0,1,1.563,1.563,1.563,NA,116,0.028,3,0,NA,90.9,11,7.520985808035,NA,0.5,NA
2558150,"ArDarius Stewart","NYJ","WR",NA,0,11,1.563,1.563,1.563,NA,116,0.0776666666666666,3,0,NA,111.1,13,9.1819928581482,NA,0,NA
2555419,"Pharoh Cooper","LAR","WR",22,1,8,1.507,1.067,1.947,0.777817459305202,118,0.0751666666666668,3,0.88,NA,110.7,11.4,5.84578197837656,NA,0,NA
2535964,"Josh Bellamy","CHI","WR",28,5,9,1.46366666666667,0.7572,1.9772,0.869419538159417,119,0.172416666666666,4,1.22,NA,87.3,14,7.05559037427021,NA,0,NA
2555311,"Jerell Adams","NYG","TE",25,1,8,1.4265,0.8717,1.9813,0.980757105505741,49,0.149,7,1.1096,NA,56.1,7.5,6.42694887179471,NA,0,NA
2556190,"Jakeem Grant","MIA","WR",25,1,1,1.4,1.128,1.672,0.480832611206852,120,0.22375,4,0.544,NA,100.4,8.5,4.21957770486637,NA,0,NA
2541544,"Benny Cunningham","CHI","RB",27,4,9,1.38033333333333,0.5418,2.049,1.01124692006123,76,0.132833333333333,8,1.5072,NA,71.9,5.1,4.74181686718293,NA,0,NA
2550658,"Branden Oliver","LAC","RB",26,3,9,1.36433333333333,0.9046,1.8726,0.614057272030332,77,0.256,8,0.968,NA,74.1,7.5,5.31917069586146,NA,NA,NA
2540215,"Vance McDonald","PIT","TE",27,4,9,1.3545,1.3029,1.4061,0.0912167747730646,50,0.186,7,0.1032,NA,40,7.2,4.79146714598355,NA,3.7,NA
2543628,"Troy Niklas","ARI","TE",25,3,8,1.2005,0.9369,1.4641,0.465983368801935,51,0.0982499999999999,7,0.5272,NA,45.3,4.2,3.92054342631665,NA,0,NA
2530700,"Dontrelle Inman","LAC","WR",28,4,9,1.1825,0.5605,1.8045,1.09955104474508,121,0.0150000000000001,4,1.244,NA,112.2,21.4,10.4554382793525,NA,0,NA
2557034,"Marvin Hall","ATL","WR",24,1,5,1.17,0.117,1.053,0.827314933988261,122,0.0475000000000001,5,0.936,NA,114.4,10.1,5.37628371411946,NA,0,NA
2556517,"Ed Eagan","NYG","WR",24,1,8,1.165,1.165,1.165,NA,123,0.131,5,0,NA,NA,NA,NA,NA,0,NA
2495187,"Lance Kendricks","GB","TE",29,6,8,1.1365,0.7977,1.4753,0.598919443665006,52,0.071,7,0.6776,NA,47.3,8.6,6.33802930306726,NA,0,NA
2552382,"Malcolm Brown","LAR","RB",24,2,8,1.13066666666667,0.9044,1.3124,0.272619392804939,78,0.0601666666666667,8,0.408,NA,68.8,5,4.08120289610888,NA,5.5,NA
2553728,"Raheem Mostert","SF","RB",NA,NA,11,1.086,1.086,1.086,NA,79,0.0322500000000001,8,0,NA,84.2,9,7.66750636411786,NA,0,NA
2540151,"Justin Hunter","PIT","WR",26,4,9,1.08,0.108,0.972,0.763675323681471,124,0.10775,5,0.864,NA,120.3,10.8,5.57653691313681,NA,0,NA
2533046,"Dwayne Allen","NE","TE",27,5,9,1.068,0.9456,1.1904,0.216374675043083,53,0.1375,7,0.2448,NA,48.5,16.6,9.69078366637198,NA,0,NA
2543767,"Logan Thomas","BUF","TE",26,3,6,1.063,0.8094,1.3166,0.448305699272271,54,0.317,7,0.5072,NA,NA,NA,3.49905489742473,NA,8.2,NA
2553660,"Akeem Hunt","KC","RB",24,2,10,1.055,1.055,1.055,NA,80,0.0287500000000001,8,0,NA,71.3,8.5,7.28744183731034,NA,0.1,NA
2552635,"Matt Jones","IND","RB",25,2,11,1.0525,0.7545,1.3505,0.526794551983978,81,0.0565,8,0.596,NA,86,3.7,3.80136957633286,NA,0,NA
2540230,"Kyle Juszczyk","SF","RB",26,4,11,1,0.1,0.9,0.707106781186548,82,0.05325,8,0.8,NA,NA,NA,4.26789610035804,NA,0,NA
2556440,"J.D. McKissic","SEA","RB",24,1,6,0.992,0.992,0.992,NA,83,0.1625,8,0,NA,NA,NA,NA,NA,3.3,NA
2556855,"Marcus Johnson","PHI","WR",23,1,10,0.988,0.988,0.988,NA,125,0.0385000000000001,5,0,NA,116.6,10.6,7.18878439801236,NA,NA,NA
2557905,"Amara Darboh","SEA","WR",23,0,6,0.9565,0.4737,1.4393,0.853477884892163,126,0.04325,5,0.9656,NA,113.2,6.6,3.96007645955754,NA,2.9,NA
2555331,"Cody Core","CIN","WR",23,1,6,0.9425,0.7405,1.1445,0.357088924499206,127,0.0757499999999999,5,0.404,NA,116.5,10.7,4.9573090148544,NA,0,NA
2559150,"Corey Clement","PHI","RB",NA,0,10,0.9015,0.4363,1.3667,0.822365186519955,84,0.15175,8,0.9304,NA,64.4,5.1,4.58260375495735,NA,7.5,NA
2552424,"Phillip Dorsett","NE","WR",24,2,9,0.884,0.7608,1.0072,0.217788888605457,128,0.042,5,0.2464,NA,93.9,11,4.88395856754363,NA,NA,NA
2557896,"Stacy Coley","MIN","WR",NA,0,9,0.8495,0.2347,1.4643,1.08682312268372,129,0.0225000000000001,5,1.2296,NA,106,4.5,3.41959888567378,NA,0,NA
2552431,"Vince Mayle","BAL","WR",NA,NA,10,0.8345,0.6757,0.9933,0.280721392131059,130,0.02725,5,0.3176,NA,116.5,4.5,2.274240445476,NA,0,NA
2552470,"Sammie Coates","CLE","WR",24,2,9,0.8195,0.7895,0.8495,0.0530330085889911,131,0.049,5,0.0599999999999999,NA,104,16.9,7.09984877649034,NA,0,NA
2507218,"Brent Celek","PHI","TE",32,10,10,0.798,0.5748,0.9908,0.268201416849352,55,0.108,8,0.416,NA,55.7,6.2,4.58811873961589,NA,0.3,NA
2532933,"Brian Quick","WAS","WR",28,5,5,0.795,0.711,0.879,0.148492424049175,132,0.0845,5,0.168,NA,129,8.8,3.8719440521398,NA,0,NA
2552477,"Aaron Ripkowski","GB","RB",NA,NA,8,0.7575,0.3995,1.1155,0.63286056916196,85,0.0255,8,0.716,NA,81.8,7.1,5.1829946520815,NA,0,NA
2558047,"Rodney Adams","MIN","WR",23,0,9,0.746,0.2108,1.2812,0.946108873227601,133,0.0785,5,1.0704,NA,NA,NA,4.31661412249737,NA,0,NA
2558204,"Jamaal Williams","GB","RB",NA,0,8,0.742,0.6844,0.7996,0.101823376490863,86,0.03325,8,0.1152,NA,74.3,7.4,4.8493895492109,NA,0,NA
2557850,"DeAngelo Henderson","DEN","RB",25,0,5,0.722,0.722,0.722,NA,87,0.0314999999999999,8,0,NA,95.3,15.5,12.6083452126155,NA,0,NA
2553617,"Terrell Watson","PIT","RB",24,2,9,0.6955,0.1391,1.2519,0.983585532630488,88,0.0107499999999999,8,1.1128,NA,NA,NA,4.73399773608887,NA,NA,NA
2533028,"James Hanna","DAL","TE",28,5,6,0.694,0.694,0.694,NA,56,0.00800000000000001,8,0,NA,57.9,5.3,5.3807000904156,NA,0,NA
2552396,"Ben Koyack","JAC","TE",24,2,8,0.686,0.4652,0.9068,0.390322943214974,57,0.0172500000000001,8,0.4416,NA,52.1,6.8,5.09147608277996,NA,0.7,NA
2558144,"Adam Shaheen","CHI","TE",23,0,9,0.686,0.686,0.686,NA,57,0.0495,8,0,NA,64.6,11.9,11.9670314082584,NA,0,NA
2552464,"Jalston Fowler","TEN","RB",NA,NA,8,0.6855,0.1259,0.6451,0.458912300990069,89,0.00250000000000006,8,0.5192,NA,NA,NA,3.84947749641553,NA,0,NA
2552375,"Cameron Artis-Payne","CAR","RB",25,2,11,0.684,0.6152,0.7528,0.121622366364086,90,0.028,8,0.1376,NA,77.6,5.4,4.10594955672179,NA,0,NA
2559325,"Trey Edmunds","NO","RB",NA,NA,5,0.682,0.682,0.682,NA,91,0.0815,8,0,NA,NA,NA,NA,NA,NA,NA
2558262,"Mack Hollins","PHI","WR",24,0,10,0.675,0.479,0.871,0.346482322781408,134,0.04125,5,0.392,NA,103.9,6.5,3.19818110644347,NA,12.4,NA
2540279,"Nick Williams","ATL","WR",27,4,5,0.66,0.66,0.66,NA,135,0.05875,5,0,NA,115.3,12.3,8.60064039060858,NA,0,NA
2553318,"James OShaughnessy","FA","TE",NA,NA,NA,0.6515,0.3143,0.9887,0.59609101654026,59,0.0565,8,0.6744,NA,NA,NA,3.99274425662152,NA,0,NA
2555460,"Paul Perkins","NYG","RB",23,1,8,0.63,0.0630000000000001,0.567,0.445477272147525,92,0.0855,8,0.504,NA,NA,NA,3.82682805631608,NA,0,NA
2541834,"Josh Hill","NO","TE",27,4,5,0.6215,0.2683,0.9747,0.624375287787722,60,0.055,8,0.7064,NA,53.7,6,5.08324032004181,NA,0,NA
2556805,"Johnny Holton","OAK","WR",26,1,10,0.6075,0.3335,0.8815,0.484368145112785,136,0.02075,5,0.548,NA,117.5,14.7,6.79916213447251,NA,0,NA
2558928,"Austin Carr","NO","WR",24,0,5,0.595,0.595,0.595,NA,137,0.0167499999999999,5,0,NA,NA,NA,NA,NA,NA,NA
497320,"Andre Roberts","ATL","WR",29,7,5,0.5785,0.5773,0.5797,0.00212132034355957,138,0.01275,5,0.00239999999999996,NA,140.3,7.8,3.24871930968085,NA,0,NA
2558912,"Victor Bolden","SF","WR",22,0,11,0.578,0.578,0.578,NA,139,0.0302500000000001,5,0,NA,NA,NA,NA,NA,NA,NA
2553762,"Terron Ward","ATL","RB",NA,NA,5,0.571,0.571,0.571,NA,93,0.0687500000000001,8,0,NA,76.3,9,7.66750636411786,NA,0,NA
2555306,"David Morgan","MIN","TE",24,1,9,0.5685,0.2913,0.8457,0.490024999362278,61,0.03525,8,0.5544,NA,62,7,5.35780055963742,NA,0,NA
2557886,"Jeremy Sprinkle","WAS","TE",23,0,5,0.5645,0.3569,0.7721,0.366988419435818,62,0.07575,8,0.4152,NA,NA,NA,3.2274076423643,NA,0,NA
2558127,"Josh Malone","CIN","WR",21,0,6,0.5535,0.4051,0.7019,0.262336615820209,140,0.0235,5,0.2968,NA,NA,NA,2.37352357570569,NA,0,NA
2557960,"Ryan Switzer","DAL","WR",23,0,6,0.542,0.4508,0.6332,0.161220346110533,141,0.0285,5,0.1824,NA,135,8,3.55782724906766,NA,0.2,NA
2536044,"Jamize Olawale","OAK","RB",28,5,10,0.518,0.4476,0.5884,0.124450793488832,94,0.0345,8,0.1408,NA,72.8,7.3,4.83045630924548,NA,0,NA
2558194,"Josh Reynolds","LAR","WR",22,0,8,0.518,0.3732,0.6628,0.25597265478953,142,0.039,5,0.2896,NA,116,17,7.42972296356489,NA,0,NA
2550246,"Bernard Reedy","TB","WR",26,3,1,0.509,0.509,0.509,NA,143,0.0645,5,0,NA,136,6,3.36846818275201,NA,0,NA
2554630,"Ross Travis","KC","TE",24,2,10,0.502,0.3948,0.6092,0.189504617357995,63,0.035,9,0.2144,NA,65.3,11.1,6.90159809976809,NA,0.3,NA
2559252,"Kyle Sloter","MIN","QB",23,0,9,0.4896,0.4896,0.4896,NA,31,0.1943,8,0,NA,NA,NA,NA,NA,NA,NA
2534571,"Bobby Rainey","BAL","RB",30,5,10,0.4865,0.0973000000000001,0.8757,0.688014898094511,95,0.0534999999999999,8,0.7784,NA,79.2,5.9,4.7734081759061,NA,0.8,NA
2557987,"Matthew Dayes","CLE","RB",NA,0,9,0.4805,0.2241,0.7369,0.453255446740577,96,0.09775,8,0.5128,NA,78.6,3.4,3.62536227696579,NA,0,NA
2552397,"Clive Walford","OAK","TE",26,2,10,0.4755,0.4551,0.4959,0.0360624458405139,64,0.028,9,0.0408,NA,56.4,8.8,5.49768648430895,NA,0,NA
2550313,"Richard Rodgers","GB","TE",25,3,8,0.4585,0.3085,0.6085,0.265165042944955,65,0.0225,9,0.3,NA,57.2,11.4,7.17766247525508,NA,0,NA
2553467,"Quan Bray","IND","WR",NA,NA,11,0.449,0.449,0.449,NA,144,0.0159999999999999,5,0,NA,119.3,13.8,9.84639567819348,NA,1.7,NA
2556814,"Max McCaffrey","JAC","WR",23,1,8,0.44,0.044,0.396,0.311126983722081,145,0.02025,5,0.352,NA,NA,NA,2.51217222899279,NA,0,NA
2552478,"Blake Bell","MIN","TE",26,2,9,0.4365,0.3913,0.4817,0.0799030662740799,66,0.00625000000000003,9,0.0903999999999999,NA,NA,NA,2.26837472449877,NA,0,NA
2539645,"Brandon Williams","IND","TE",30,5,11,0.4355,0.3751,0.4959,0.106773123959169,67,0.01725,9,0.1208,NA,58,6.4,4.41827920144682,NA,0.6,NA
2556612,"Tanner McEvoy","SEA","WR",24,1,6,0.426,0.2292,0.6228,0.347896536343781,146,0.0175,5,0.3936,NA,115,10.6,4.90272273358177,NA,0,NA
2540203,"Levine Toilolo","ATL","TE",26,4,5,0.425,0.221,0.629,0.360624458405139,68,0.02275,9,0.408,NA,52.4,4.9,4.09383839368154,NA,0,NA
2558069,"Chad Hansen","NYJ","WR",22,0,11,0.4135,0.2075,0.6195,0.364159992311072,147,0.01175,5,0.412,NA,131.5,7.5,3.63855037862523,NA,0,NA
2552660,"Randall Telfer","CLE","TE",25,2,9,0.4115,0.2343,0.5887,0.313248304065641,69,0.02,9,0.3544,NA,73,9.4,6.26004658919927,NA,0,NA
2557866,"Jehu Chesson","KC","WR",24,0,10,0.4035,0.3919,0.4151,0.0205060966544099,148,0.00900000000000001,5,0.0232,NA,120,1,0.45112953452802,NA,0,NA
2558091,"Noah Brown","DAL","WR",NA,0,6,0.4,0.04,0.36,0.282842712474619,149,0.01125,5,0.32,NA,131,15.2,6.72044840568721,NA,0,NA
2534241,"Derek Carrier","LAR","TE",27,5,8,0.393,0.2706,0.5154,0.216374675043084,70,0.014,9,0.2448,NA,71.5,2.5,2.65538430413084,NA,0,NA
2495835,"Anthony Fasano","MIA","TE",33,11,1,0.39,0.294,0.486,0.169705627484771,71,0.0295,9,0.192,NA,55.3,6.3,4.47349842902739,NA,8.5,NA
497270,"Arrelious Benn","JAC","WR",29,7,8,0.389,0.2298,0.5482,0.281428498912246,150,0.00724999999999998,5,0.3184,NA,116.9,8.3,3.85320184346967,NA,0,NA
80427,"Darrius Heyward-Bey","PIT","WR",30,8,9,0.3885,0.3713,0.4057,0.0304055915910216,151,0.016,5,0.0344,NA,139,10.7,4.49313743645846,NA,4.4,NA
2556803,"C.J. Ham","MIN","RB",24,1,9,0.3855,0.0771000000000001,0.6939,0.545179328294828,97,0.0055,8,0.6168,NA,NA,NA,3.99491074336991,NA,1.2,NA
2535708,"Lance Dunbar","LAR","RB",27,5,8,0.38,0.038,0.342,0.268700576850888,98,0.00700000000000006,8,0.304,NA,NA,NA,3.52880910763908,NA,0,NA
2559163,"Justin Davis","LAR","RB",NA,0,8,0.38,0.276,0.484,0.183847763108502,99,0.032,8,0.208,NA,NA,NA,3.38576001227412,NA,NA,NA
2558914,"Kendrick Bourne","SF","WR",22,0,11,0.375,0.375,0.375,NA,152,0.0285,5,0,NA,NA,NA,NA,NA,0,NA
2558258,"Shelton Gibson","PHI","WR",22,0,10,0.37,0.037,0.333,0.261629509039023,153,0.0635000000000001,5,0.296,NA,NA,NA,2.37151417493341,NA,0,NA
2541096,"Ifeanyi Momah","ARI","TE",28,4,8,0.368,0.3024,0.4336,0.115965512114594,72,0.0165,9,0.1312,NA,NA,NA,2.38884437674296,NA,0,NA
2508101,"James Develin","NE","RB",29,7,9,0.366,0.2172,0.5148,0.263043722601396,100,0.0405,8,0.2976,NA,NA,NA,3.51927250128142,NA,0,NA
2553744,"Eric Tomlinson","NYJ","TE",NA,NA,11,0.353,0.353,0.353,NA,73,0.00599999999999995,10,0,NA,53.6,5.2,5.2809071916604,NA,2.6,NA
2553451,"Neal Sterling","FA","TE",NA,NA,NA,0.35,0.035,0.315,0.247487373415292,74,0.0125,10,0.28,NA,NA,NA,2.82820428492766,NA,0,NA
2555289,"Nick Vannett","SEA","TE",NA,1,6,0.344,0.2688,0.4192,0.132936074863071,75,0.01725,10,0.1504,NA,63.7,4.4,3.46404998970895,NA,1.2,NA
2553900,"Daniel Brown","CHI","TE",NA,NA,9,0.331,0.331,0.331,NA,76,0.021,10,0,NA,NA,NA,NA,NA,0,NA
2558112,"Brian Hill","FA","RB",22,0,NA,0.33,0.033,0.297,0.233345237791561,101,0.00950000000000006,8,0.264,NA,NA,NA,3.46920531790368,NA,0,NA
2553896,"Darius Jennings","NYJ","WR",NA,NA,11,0.323,0.323,0.323,NA,154,0.05325,5,0,NA,NA,NA,NA,NA,0,NA
2553454,"Geoff Swaim","DAL","TE",NA,NA,6,0.3225,0.3005,0.3445,0.0388908729652601,77,0.03075,10,0.044,NA,50.5,8.4,5.30282498688657,NA,0.7,NA
2553743,"Rod Smith","DAL","RB",NA,NA,6,0.321,0.321,0.321,NA,102,0.000999999999999945,8,0,NA,72.5,10.8,9.0357386606249,NA,6.6,NA
2556466,"Peyton Barber","TB","RB",23,1,1,0.32,0.032,0.288,0.226274169979695,103,0.00625000000000009,8,0.256,NA,NA,NA,3.4572845599566,NA,0,NA
2535890,"Travaris Cadet","NYJ","RB",28,5,11,0.32,0.032,0.288,0.226274169979695,104,0.01625,8,0.256,NA,81,9.7,5.82844063080249,NA,0,NA
2555218,"Dan Vitale","CLE","RB",NA,1,9,0.3075,0.1495,0.4655,0.279307178568686,105,0.00949999999999995,8,0.316,NA,NA,NA,3.5466902445597,NA,1.1,NA
2556528,"D.J. Foster","ARI","RB",NA,1,8,0.3,0.03,0.27,0.212132034355964,106,0.017,8,0.24,NA,NA,NA,3.43344304406244,NA,0,NA
2555316,"Paxton Lynch","DEN","QB",23,1,5,0.298,0.0298,0.2682,0.210717820793591,32,0.01135,8,0.2384,NA,NA,NA,3.95100915309755,NA,0,NA
2540259,"MarQueis Gray","MIA","TE",27,4,1,0.2975,0.2355,0.3595,0.109601551083915,78,0.024,10,0.124,NA,58.5,4.5,3.47497096336049,NA,0,NA
2495467,"Taiwan Jones","BUF","RB",29,6,6,0.296,0.1732,0.3588,0.164048773235279,107,0.0285,8,0.1856,NA,NA,NA,3.3523818900223,NA,1.1,NA
2556492,"Joe Callahan","GB","QB",24,1,8,0.2926,0.0777200000000001,0.50748,0.379857762853413,33,0.0241499999999999,8,0.42976,NA,NA,NA,4.43077705600186,NA,0,NA
2543590,"Cody Latimer","DEN","WR",25,3,5,0.29,0.029,0.261,0.205060966544099,155,0.046,5,0.232,NA,NA,NA,2.21076211315127,NA,0,NA
2550521,"Xavier Grimble","PIT","TE",25,3,9,0.286,0.2252,0.3468,0.107480230740355,79,0.03325,10,0.1216,NA,77,12.3,7.36335078974703,NA,1.2,NA
2555387,"Cody Kessler","CLE","QB",24,1,9,0.2807,0.11694,0.44446,0.289489516217773,34,0.0248,8,0.32752,NA,NA,NA,4.17444621155717,NA,1.74,NA
2543551,"KaDeem Carey","FA","RB",25,3,NA,0.27,0.027,0.243,0.190918830920368,108,0.01325,8,0.216,NA,NA,NA,3.3976807702212,NA,0,NA
2556603,"Tre Madden","SEA","RB",24,1,6,0.265,0.053,0.477,0.37476659402887,109,0.02075,8,0.424,NA,NA,NA,3.70762047684528,NA,NA,NA
2558023,"Eric Saubert","ATL","TE",23,0,5,0.261,0.2378,0.2842,0.0410121933088197,80,0.02375,10,0.0463999999999999,NA,NA,NA,2.13845647207856,NA,0,NA
2506581,"Ryan Fitzpatrick","TB","QB",35,12,1,0.2562,0.17444,0.33796,0.14453262607453,35,0.00779999999999997,8,0.16352,NA,28.5,3.7,7.14877076617829,NA,0,NA
2552576,"Sean Mannion","LAR","QB",25,2,8,0.2556,0.07032,0.44088,0.327531861045609,36,0.0149,8,0.37056,NA,NA,NA,4.28235387533748,NA,NA,NA
2535988,"Brittan Golden","ARI","WR",29,5,8,0.2495,0.2339,0.2651,0.0275771644662754,156,0.02175,5,0.0312,NA,138.7,13,5.44419768872899,NA,2,NA
2530763,"Patrick DiMarco","BUF","RB",28,6,6,0.2485,0.1777,0.3193,0.125157900270019,110,0.01575,8,0.1416,NA,83.5,5.6,4.18494265157006,NA,0,NA
2495211,"Niles Paul","WAS","TE",28,6,5,0.2445,0.1649,0.3241,0.140714249456123,81,0.016,10,0.1592,NA,NA,NA,2.47151962828309,NA,3.2,NA
2558191,"Nathan Peterman","BUF","QB",23,0,6,0.2412,0.06744,0.41496,0.307167185747436,37,0.00199999999999997,8,0.34752,NA,NA,NA,4.22458917799783,NA,0,NA
1037347,"Joe Webb","BUF","QB",31,7,6,0.2402,0.06404,0.41636,0.311409826434556,38,0.00495000000000001,8,0.35232,NA,NA,NA,4.23662348994359,NA,0,NA
2550289,"David Fluellen","TEN","RB",25,3,8,0.24,0.24,0.24,NA,111,0.01725,8,0,NA,72.5,12,9.94789352496294,NA,0,NA
2543750,"Jeff Janis","GB","WR",26,3,8,0.2385,0.2237,0.2533,0.0261629509039022,157,0.04,5,0.0296,NA,NA,NA,1.70238371776523,NA,0,NA
2532842,"Nick Foles","PHI","QB",28,5,10,0.2382,0.14044,0.33596,0.172816897321992,39,0.00605,8,0.19552,NA,NA,NA,3.84350263304876,NA,0,NA
2539228,"EJ Manuel","OAK","QB",27,4,10,0.2323,0.10566,0.35894,0.223870006923661,40,0.00360000000000002,8,0.25328,NA,NA,NA,3.98831552012941,NA,0,NA
81294,"Brian Hoyer","SF","QB",32,8,11,0.232,0.1232,0.3408,0.192333044482741,41,0.00969999999999999,8,0.2176,NA,32.5,0.8,2.48192474925159,NA,0,NA
497226,"Jim Dray","FA","TE",31,7,NA,0.23,0.023,0.207,0.162634559672906,82,0.0115,10,0.184,NA,NA,NA,2.54474627964721,NA,0,NA
2495234,"Luke Stocker","TB","TE",29,6,1,0.227,0.1974,0.2566,0.0523259018078045,83,0.019,10,0.0592,NA,63.5,10.7,6.47288374798933,NA,0,NA
2555220,"Derek Watt","LAC","RB",25,1,9,0.2255,0.1251,0.3259,0.177483802077823,112,0.016,8,0.2008,NA,NA,NA,3.37503133012175,NA,0,NA
2539275,"Mike Glennon","CHI","QB",28,4,9,0.2254,0.09948,0.35132,0.222597214717525,42,0.0091,8,0.25184,NA,NA,NA,3.98470522654568,NA,0,NA
2555219,"Daniel Lasco","NO","RB",25,1,5,0.22,0.022,0.198,0.15556349186104,113,0.02575,8,0.176,NA,NA,NA,3.3380769804858,NA,0,NA
2543801,"Jimmy Garoppolo","NE","QB",26,3,9,0.2192,0.07904,0.35936,0.247770216127766,43,0.00640000000000002,8,0.28032,NA,NA,NA,4.05610881075719,NA,0,NA
2555413,"Trevor Davis","GB","WR",24,1,8,0.217,0.2002,0.2338,0.029698484809835,158,0.09275,5,0.0336,NA,NA,NA,1.71243072162662,NA,0,NA
2539287,"Landry Jones","PIT","QB",28,4,9,0.2134,0.07788,0.34892,0.239567777466002,44,0.0068,8,0.27104,NA,NA,NA,4.03284247432872,NA,0,NA
2495425,"Scott Tolzien","IND","QB",30,6,11,0.2122,0.08084,0.34356,0.232213866941662,45,0.0139,8,0.26272,NA,NA,NA,4.0119830002894,NA,0,NA
2550206,"Ryan Hewitt","CIN","TE",26,3,6,0.21,0.021,0.189,0.148492424049175,84,0.004,10,0.168,NA,NA,NA,2.49750327876713,NA,0,NA
2495347,"Lee Smith","OAK","TE",30,6,10,0.206,0.1932,0.2188,0.0226274169979695,85,0.018,10,0.0256,NA,56.5,8.9,5.52514250826851,NA,0,NA
2535943,"Sean McGrath","LAC","TE",30,5,9,0.206,0.1532,0.2588,0.0933380951166243,85,0.049,10,0.1056,NA,NA,NA,2.31325557533484,NA,0,NA
2539335,"Geno Smith","NYG","QB",27,4,8,0.201,0.0792,0.3128,0.206475180106472,46,0.0171,8,0.2336,NA,NA,NA,3.93897484115179,NA,0,NA
2555432,"Andy Janovich","DEN","RB",24,1,5,0.199,0.1118,0.2862,0.154149278298667,114,0.0105,8,0.1744,NA,NA,NA,3.33569282889638,NA,1.7,NA
2558125,"Patrick Mahomes","KC","QB",NA,0,10,0.1956,0.1956,0.1956,NA,47,0.0365,8,0,NA,NA,NA,NA,NA,0,NA
2550235,"Roosevelt Nix","PIT","RB",NA,NA,9,0.1895,0.0619,0.3171,0.225567063198509,115,0.00899999999999998,8,0.2552,NA,NA,NA,3.45609248416189,NA,0,NA
2539303,"Zach Line","NO","RB",27,4,5,0.1875,0.1375,0.2375,0.0883883476483184,116,0.02725,8,0.1,NA,77.5,0.5,2.21561959418933,NA,0,NA
2552654,"Geremy Davis","FA","WR",25,2,NA,0.18,0.018,0.162,0.127279220613579,159,0.12925,5,0.144,NA,NA,NA,1.98972802820082,NA,0,NA
2556762,"Elijhaa Penny","ARI","RB",24,1,8,0.1735,0.0347,0.3123,0.245366053071732,117,0.045,8,0.2776,NA,82,12.9,7.06074013981509,NA,0,NA
2507282,"Matt Moore","MIA","QB",33,10,1,0.1722,0.08244,0.26196,0.158674761698261,48,0.04145,8,0.17952,NA,NA,NA,3.80338825989623,NA,12.52,NA
2507828,"Logan Paulsen","SF","TE",30,7,11,0.17,0.017,0.153,0.120208152801713,87,0.037,10,0.136,NA,NA,NA,2.40301727700698,NA,0,NA
2495340,"Anthony Sherman","KC","RB",29,6,10,0.147,0.1446,0.1494,0.00424264068711931,118,0.092,8,0.00480000000000005,NA,NA,NA,3.08297276041829,NA,0,NA
2495441,"Blaine Gabbert","ARI","QB",28,6,8,0.146,0.0146,0.1314,0.103237590053236,49,0.0396,8,0.1168,NA,NA,NA,3.6461399171383,NA,0,NA
2558956,"Jacob Hollister","NE","TE",24,0,9,0.144,0.144,0.144,NA,88,0.083,10,0,NA,54.5,10.2,10.2705521294201,NA,NA,NA
2552622,"Chris Manhertz","CAR","TE",NA,NA,11,0.122,0.0244,0.2196,0.172534054609518,89,0.122,10,0.1952,NA,NA,NA,2.57781638026326,NA,1.1,NA
2533436,"Brock Osweiler","DEN","QB",27,5,5,0.1155,0.0759,0.1551,0.0700035713374682,50,0.01875,8,0.0792,NA,33.5,1,2.63495693416374,NA,0,NA
2550400,"Keith Smith","DAL","RB",25,3,6,0.11,0.11,0.11,NA,119,0.11,8,0,NA,NA,NA,NA,NA,0,NA
252,"Chad Henne","JAC","QB",32,9,8,0.0973,0.03866,0.15594,0.103661854121948,51,0.00185,8,0.11728,NA,NA,NA,3.64734334833287,NA,0,NA
2552369,"Bryce Petty","NYJ","QB",26,2,11,0.0962,0.07364,0.11876,0.0398808224589213,52,0.00495,8,0.04512,NA,NA,NA,3.46642752541495,NA,0,NA
2495443,"Ryan Mallett","BAL","QB",29,6,10,0.0947,0.06374,0.12566,0.0547300648638387,53,0.00919999999999999,8,0.06192,NA,NA,NA,3.50854761722511,NA,0,NA
2533349,"Austin Davis","SEA","QB",28,5,6,0.0878,0.06296,0.10264,0.0350724963468528,54,0.0101,8,0.03968,NA,NA,NA,3.45278863854309,NA,NA,NA
2506562,"Matt Cassel","TEN","QB",35,12,8,0.0832,0.07936,0.08704,0.00678822509939086,55,0.0112,8,0.00768000000000002,NA,33.8,0.8,2.21877446137097,NA,0,NA
2532917,"Kellen Moore","DAL","QB",28,5,6,0.0722,0.03044,0.11396,0.0738219479558756,56,0.0052,8,0.08352,NA,NA,NA,3.56270202098103,NA,0,NA
2543497,"AJ McCarron","CIN","QB",27,3,6,0.0718,0.06844,0.07516,0.00593969696196699,57,0.0112,8,0.00671999999999999,NA,NA,NA,3.37015302984887,NA,0,NA
4487,"Matthew Slater","NE","WR",32,9,9,0.0685,0.0137,0.1233,0.096873629022557,160,0.052,5,0.1096,NA,NA,NA,1.90332379499291,NA,0,NA
497123,"Colt McCoy","WAS","QB",31,7,5,0.0622,0.03804,0.08636,0.0427092495836675,58,0.00390000000000001,8,0.04832,NA,NA,NA,3.47445040004546,NA,0,NA
2505982,"Matt Schaub","ATL","QB",36,13,5,0.059,0.0534,0.0646,0.00989949493661166,59,0.00580000000000001,8,0.0112,NA,NA,NA,3.38138505433158,NA,0,NA
2495748,"Drew Stanton","ARI","QB",33,10,8,0.0576,0.02752,0.08768,0.0531744299452284,60,0.0152,8,0.06016,NA,NA,NA,3.50413503617833,NA,0.0400000000000001,NA
81284,"Chase Daniel","NO","QB",31,8,5,0.0488,0.02896,0.06864,0.0350724963468528,61,0.0268,8,0.03968,NA,NA,NA,3.45278863854309,NA,0,NA
2506546,"Derek Anderson","CAR","QB",34,12,11,0.036,0.0216,0.0344,0.0113137084989848,62,0.03,8,0.0128,NA,NA,NA,3.38539649164683,NA,0,NA
2507029,"Eric Weems","TEN","WR",32,10,8,0.033,0.0146,0.0514,0.0325269119345812,161,0.033,5,0.0368,NA,135.7,9.7,4.08089977508857,NA,0.5,NA
2555426,"Cardale Jones","LAC","QB",25,1,9,0.008,0.000800000000000001,0.0072,0.00565685424949238,63,0.006,8,0.0064,NA,NA,NA,3.36935074238582,NA,0,NA
2559242,"Cooper Rush","DAL","QB",NA,0,6,0.004,4e-04,0.0036,0.00282842712474619,64,0.004,8,0.0032,NA,NA,NA,3.36132786775531,NA,NA,NA
184,"Donnie Avery","FA","WR",33,9,NA,0,0,0,NA,162,0,5,0,NA,NA,NA,NA,NA,NA,NA
206,"Andre Caldwell","FA","WR",32,9,NA,0,0,0,NA,162,0,5,0,NA,NA,NA,NA,NA,NA,NA
222,"Harry Douglas","TEN","WR",33,9,8,0,0,0,NA,162,0,5,0,NA,NA,NA,NA,NA,0,NA
230,"Jerome Felton","FA","RB",31,9,NA,0,0,0,NA,120,0,0,0,NA,NA,NA,NA,NA,0,NA
262,"Chris Johnson","FA","RB",32,9,NA,0,0,0,NA,120,0,0,0,NA,NA,NA,NA,NA,0,NA
768,"Steve Johnson","FA","WR",31,9,NA,0,0,0,NA,162,0,5,0,NA,NA,NA,NA,NA,0,NA
927,"Justin Forsett","FA","RB",32,9,NA,0,0,0,NA,120,0,0,0,NA,NA,NA,NA,NA,0,NA
1060,"Gary Barnidge","FA","TE",32,9,NA,0,0,0,NA,90,0,10,0,NA,NA,NA,NA,NA,0,NA
4327,"Danny Woodhead","BAL","RB",32,9,10,0,0,0,NA,120,0,0,0,NA,NA,NA,NA,NA,0,NA
4383,"Tim Hightower","FA","RB",31,9,NA,0,0,0,NA,120,0,0,0,NA,NA,NA,NA,NA,0,NA
4433,"Marcel Reece","FA","RB",32,9,NA,0,0,0,NA,120,0,0,0,NA,NA,NA,NA,NA,0,NA
71345,"Rashad Jennings","FA","RB",32,8,NA,0,0,0,NA,120,0,0,0,NA,NA,NA,NA,NA,0,NA
71417,"Jordan Norwood","FA","WR",31,8,NA,0,0,0,NA,162,0,5,0,NA,NA,NA,NA,NA,0,NA
71435,"John Phillips","NO","TE",30,8,5,0,0,0,NA,90,0,10,0,NA,NA,NA,NA,NA,0,NA
79589,"David Johnson","FA","TE",30,8,NA,0,0,0,NA,90,0,10,0,NA,NA,NA,NA,NA,0,NA
79629,"Cedric Peerman","CIN","RB",31,8,6,0,0,0,0,120,0,8,0,NA,NA,NA,3.07582030565004,NA,0,NA
79858,"Mark Sanchez","CHI","QB",31,8,9,0,0,0,0,65,0,8,0,NA,NA,NA,3.3533049931248,NA,0,NA
89766,"Brandon Myers","FA","TE",32,8,NA,0,0,0,NA,90,0,10,0,NA,NA,NA,NA,NA,0,NA
89798,"Antone Smith","FA","RB",32,8,NA,0,0,0,NA,120,0,0,0,NA,NA,NA,NA,NA,0,NA
163982,"Will Johnson","NYG","RB",28,6,8,0,0,0,NA,120,0,0,0,NA,NA,NA,NA,NA,NA,NA
238498,"Julian Edelman","NE","WR",31,8,9,0,0,0,NA,162,0,5,0,NA,NA,NA,NA,NA,0,NA
497095,"Sam Bradford","MIN","QB",30,7,9,0,0,0,NA,65,0,8,0,NA,NA,NA,NA,NA,0,NA
497188,"Ryan Mathews","FA","RB",30,7,NA,0,0,0,NA,120,0,0,0,NA,NA,NA,NA,NA,0,NA
497190,"Dexter McCluster","FA","WR",29,7,NA,0,0,0,NA,162,0,5,0,NA,NA,NA,NA,NA,0,NA
497206,"James Starks","FA","RB",31,7,NA,0,0,0,NA,120,0,0,0,NA,NA,NA,NA,NA,0,NA
497242,"Clay Harbor","NO","TE",30,7,5,0,0,0,NA,90,0,10,0,NA,NA,NA,NA,NA,0,NA
497254,"Dennis Pitta","FA","TE",32,7,NA,0,0,0,NA,90,0,10,0,NA,NA,NA,NA,NA,0,NA
497286,"Marcus Easley","BUF","WR",30,7,6,0,0,0,NA,162,0,5,0,NA,NA,NA,NA,NA,NA,NA
1037885,"Marc Mariani","FA","WR",30,7,NA,0,0,0,NA,162,0,5,0,NA,NA,NA,NA,NA,0,NA
2495139,"Charles Clay","BUF","TE",28,6,6,0,0,0,NA,90,0,10,0,NA,NA,NA,NA,NA,0,NA
2495159,"Dwayne Harris","NYG","WR",30,6,8,0,0,0,NA,162,0,5,0,NA,NA,NA,NA,NA,0,NA
2495186,"Colin Kaepernick","FA","QB",30,6,NA,0,0,0,NA,65,0,8,0,NA,NA,NA,NA,NA,0,NA
2495258,"Matt Asiata","FA","RB",30,6,NA,0,0,0,NA,120,0,0,0,NA,NA,NA,NA,NA,0,NA
2495461,"Shaun Draughn","FA","RB",30,6,NA,0,0,0,NA,120,0,0,0,NA,NA,NA,NA,NA,0,NA
2495470,"Stevan Ridley","FA","RB",28,6,NA,0,0,0,0,120,0,8,0,NA,NA,NA,3.07582030565004,NA,0,NA
2495700,"Greg Olsen","CAR","TE",32,10,11,0,0,0,NA,90,0,10,0,NA,NA,NA,NA,NA,0,NA
2495893,"Brandon Marshall","NYG","WR",33,11,8,0,0,0,NA,162,0,5,0,NA,NA,NA,NA,NA,0,NA
2495979,"DeAngelo Williams","FA","RB",34,11,NA,0,0,0,NA,120,0,0,0,NA,NA,NA,NA,NA,0,NA
2499277,"David Ausberry","FA","TE",30,6,NA,0,0,0,NA,90,0,10,0,NA,NA,NA,NA,NA,NA,NA
2504162,"Shayne Graham","FA","K",NA,NA,NA,0,0,0,NA,31,0,5,0,NA,NA,NA,NA,NA,NA,NA
2504257,"Sebastian Janikowski","OAK","K",39,17,10,0,0,0,NA,31,0,5,0,NA,NA,NA,NA,NA,0,NA
2504833,"Shaun Hill","FA","QB",NA,NA,NA,0,0,0,NA,65,0,8,0,NA,NA,NA,NA,NA,0,NA
2505354,"Tony Romo","FA","QB",37,14,NA,0,0,0,NA,65,0,8,0,NA,NA,NA,NA,NA,0,NA
2505587,"Anquan Boldin","FA","WR",37,14,NA,0,0,0,NA,162,0,5,0,NA,NA,NA,NA,NA,0,NA
2506053,"Luke McCown","FA","QB",36,13,NA,0,0,0,NA,65,0,8,0,NA,NA,NA,NA,NA,0,NA
2506147,"John Kuhn","FA","RB",35,11,NA,0,0,0,0,120,0,8,0,NA,NA,NA,3.07582030565004,NA,0,NA
2506363,"Aaron Rodgers","GB","QB",34,12,8,0,0,0,NA,65,0,8,0,NA,NA,NA,NA,NA,0,NA
2506386,"Mike Nugent","FA","K",35,12,NA,0,0,0,0,31,0,6,0,NA,NA,NA,2.16088932156905,NA,0,NA
2506400,"Vincent Jackson","FA","WR",34,12,NA,0,0,0,NA,162,0,5,0,NA,NA,NA,NA,NA,0,NA
2506467,"Darren Sproles","PHI","RB",34,12,10,0,0,0,NA,120,0,0,0,NA,NA,NA,NA,NA,0,NA
2506895,"Kellen Clemens","LAC","QB",34,11,9,0,0,0,0,65,0,8,0,NA,NA,NA,3.3533049931248,NA,0,NA
2507225,"Nick Folk","FA","K",33,10,NA,0,0,0,0,31,0,5,0,NA,NA,NA,2.16088932156905,NA,0,NA
2507401,"Dan Carpenter","FA","K",32,9,NA,0,0,0,NA,31,0,5,0,NA,NA,NA,NA,NA,0,NA
2507486,"Kellen Davis","FA","TE",32,9,NA,0,0,0,NA,90,0,10,0,NA,NA,NA,NA,NA,0,NA
2507855,"Victor Cruz","FA","WR",31,7,NA,0,0,0,NA,162,0,5,0,NA,NA,NA,NA,NA,0,NA
2507883,"Jeff Cumberland","FA","TE",30,7,NA,0,0,0,NA,90,0,10,0,NA,NA,NA,NA,NA,0,NA
2508097,"Andrew Hawkins","FA","WR",31,6,NA,0,0,0,NA,162,0,5,0,NA,NA,NA,NA,NA,0,NA
2530598,"Jeremy Ross","FA","WR",29,6,NA,0,0,0,NA,162,0,5,0,NA,NA,NA,NA,NA,0,NA
2530690,"DuJuan Harris","FA","RB",29,6,NA,0,0,0,NA,120,0,0,0,NA,NA,NA,NA,NA,0,NA
2531049,"Chris Matthews","BAL","WR",28,4,10,0,0,0,NA,162,0,5,0,NA,113.8,12.6,8.84979144812556,NA,0,NA
2532797,"Brandon Bolden","NE","RB",27,5,9,0,0,0,NA,120,0,0,0,NA,NA,NA,NA,NA,0,NA
2532853,"Ladarius Green","FA","TE",27,5,NA,0,0,0,NA,90,0,10,0,NA,NA,NA,NA,NA,0,NA
2532956,"Ryan Tannehill","MIA","QB",29,5,1,0,0,0,NA,65,0,8,0,NA,NA,NA,NA,NA,0,NA
2532970,"Brandon Weeden","TEN","QB",34,5,8,0,0,0,NA,65,0,8,0,NA,NA,NA,NA,NA,0,NA
2533031,"Andrew Luck","IND","QB",28,5,11,0,0,0,NA,65,0,8,0,NA,NA,NA,NA,NA,0,NA
2533033,"Robert Griffin","FA","QB",27,5,NA,0,0,0,NA,65,0,8,0,NA,NA,NA,NA,NA,0,NA
2533038,"Justin Blackmon","FA","WR",27,5,NA,0,0,0,NA,162,0,5,0,NA,NA,NA,NA,NA,NA,NA
2533353,"Cory Harkey","FA","TE",27,5,NA,0,0,0,NA,90,0,10,0,NA,NA,NA,NA,NA,0,NA
2533437,"Ronnie Hillman","FA","RB",26,5,NA,0,0,0,NA,120,0,0,0,NA,NA,NA,NA,NA,0,NA
2533460,"Robert Turbin","IND","RB",28,5,11,0,0,0,NA,120,0,0,0,NA,NA,NA,NA,NA,0,NA
2533533,"Rueben Randle","FA","WR",26,5,NA,0,0,0,NA,162,0,5,0,NA,NA,NA,NA,NA,0,NA
2534437,"Austin Johnson","FA","RB",28,4,NA,0,0,0,NA,120,0,0,0,NA,NA,NA,NA,NA,0,NA
2534770,"Jonathan Grimes","FA","RB",28,5,NA,0,0,0,NA,120,0,0,0,NA,NA,NA,NA,NA,0,NA
2534789,"Daryl Richardson","FA","RB",27,5,NA,0,0,0,NA,120,0,0,0,NA,NA,NA,NA,NA,0,NA
2534870,"Alex Tanney","FA","QB",30,5,NA,0,0,0,NA,65,0,8,0,NA,NA,NA,NA,NA,0,NA
2534871,"Derrick Coleman","ATL","RB",27,5,5,0,0,0,NA,120,0,0,0,NA,NA,NA,NA,NA,0,NA
2534889,"Matt Simms","FA","QB",29,5,NA,0,0,0,NA,65,0,8,0,NA,NA,NA,NA,NA,0,NA
2535138,"Greg Scruggs","NE","TE",27,5,9,0,0,0,NA,90,0,10,0,NA,NA,NA,NA,NA,NA,NA
2535696,"Joe Banyard","BUF","RB",29,5,6,0,0,0,0,120,0,8,0,NA,NA,NA,3.07582030565004,NA,0,NA
2535724,"Dominique Jones","FA","TE",30,5,NA,0,0,0,NA,90,0,10,0,NA,NA,NA,NA,NA,NA,NA
2535966,"Brenton Bersin","CAR","WR",27,4,11,0,0,0,NA,162,0,5,0,NA,NA,NA,NA,NA,0,NA
2536071,"Cooper Helfet","OAK","TE",28,6,10,0,0,0,NA,90,0,10,0,NA,NA,NA,NA,NA,0,NA
2536342,"Brandon Bostick","FA","TE",28,5,NA,0,0,0,NA,90,0,10,0,NA,NA,NA,NA,NA,NA,NA
2537931,"Josh Gordon","CLE","WR",26,5,9,0,0,0,NA,162,0,5,0,NA,NA,NA,NA,NA,0,NA
2537933,"Larry Donnell","FA","TE",29,5,NA,0,0,0,NA,90,0,10,0,NA,NA,NA,NA,NA,0,NA
2539202,"Chris Gragg","NYJ","TE",27,4,11,0,0,0,0,90,0,10,0,NA,NA,NA,2.00145176952634,NA,0,NA
2539203,"Cobi Hamilton","FA","WR",27,4,NA,0,0,0,NA,162,0,5,0,NA,NA,NA,NA,NA,0,NA
2539227,"Dustin Hopkins","WAS","K",27,4,5,0,0,0,NA,31,0,5,0,NA,NA,NA,NA,NA,0,NA
2539250,"Quinton Patton","FA","WR",27,4,NA,0,0,0,NA,162,0,5,0,NA,NA,NA,NA,NA,0,NA
2539260,"Denard Robinson","FA","RB",27,4,NA,0,0,0,NA,120,0,0,0,NA,NA,NA,NA,NA,0,NA
2539308,"Matt Barkley","FA","QB",27,4,NA,0,0,0,NA,65,0,8,0,NA,NA,NA,NA,NA,0,NA
2539315,"Stepfan Taylor","FA","RB",26,4,NA,0,0,0,NA,120,0,0,0,NA,NA,NA,NA,NA,0,NA
2539322,"Christine Michael","IND","RB",27,4,11,0,0,0,NA,120,0,0,0,NA,NA,NA,NA,NA,0,NA
2539637,"Caleb Sturgis","PHI","K",28,4,10,0,0,0,NA,31,0,5,0,NA,NA,NA,NA,NA,0,NA
2539961,"Ryan Nassib","FA","QB",27,4,NA,0,0,0,0,65,0,8,0,NA,NA,NA,3.3533049931248,NA,0,NA
2539995,"Mychal Rivera","JAC","TE",27,4,8,0,0,0,NA,90,0,10,0,NA,NA,NA,NA,NA,0,NA
2540005,"Marlon Brown","DEN","WR",26,4,5,0,0,0,NA,162,0,5,0,NA,NA,NA,NA,NA,0,NA
2540037,"Fozzy Whittaker","CAR","RB",28,5,11,0,0,0,NA,120,0,0,0,NA,NA,NA,NA,NA,0,NA
2540148,"Tyler Eifert","CIN","TE",27,4,6,0,0,0,NA,90,0,10,0,NA,NA,NA,NA,NA,0,NA
2540157,"Stedman Bailey","FA","WR",27,4,NA,0,0,0,NA,162,0,5,0,NA,NA,NA,NA,NA,NA,NA
2540173,"Tyler Bray","KC","QB",26,4,10,0,0,0,NA,65,0,8,0,NA,NA,NA,NA,NA,0,NA
2540178,"Knile Davis","FA","RB",26,4,NA,0,0,0,NA,120,0,0,0,NA,NA,NA,NA,NA,0,NA
2540181,"Josh Boyce","FA","WR",26,4,NA,0,0,0,NA,162,0,5,0,NA,NA,NA,NA,NA,0,NA
2540204,"Spencer Ware","KC","RB",26,4,10,0,0,0,NA,120,0,0,0,NA,NA,NA,NA,NA,0,NA
2540211,"Gavin Escobar","FA","TE",26,4,NA,0,0,0,NA,90,0,10,0,NA,NA,NA,NA,NA,0,NA
2540225,"Tommy Bohanon","JAC","RB",27,4,8,0,0,0,NA,120,0,0,0,NA,79.9,5.2,4.77901596038075,NA,1.4,NA
2540261,"Corey Fuller","NO","WR",27,4,5,0,0,0,NA,162,0,5,0,NA,NA,NA,NA,NA,0,NA
2541147,"Charles Johnson","CAR","WR",28,4,11,0,0,0,NA,162,0,5,0,NA,NA,NA,NA,NA,0,NA
2541185,"Ryan Griffin","TB","QB",28,4,1,0,0,0,NA,65,0,8,0,NA,NA,NA,NA,NA,0,NA
2541512,"Brian Leonhardt","OAK","TE",27,4,10,0,0,0,NA,90,0,10,0,NA,NA,NA,NA,NA,NA,NA
2541828,"Frankie Hammond","FA","WR",NA,NA,NA,0,0,0,NA,162,0,5,0,NA,NA,NA,NA,NA,0,NA
2541883,"Eric Rogers","FA","WR",26,4,NA,0,0,0,NA,162,0,5,0,NA,NA,NA,NA,NA,0,NA
2541910,"George Winn","NYG","RB",27,4,8,0,0,0,0,120,0,8,0,NA,NA,NA,3.07582030565004,NA,0,NA
2541940,"Rashad Ross","FA","WR",27,4,NA,0,0,0,NA,162,0,5,0,NA,NA,NA,NA,NA,0,NA
2542022,"Khiry Robinson","FA","RB",28,4,NA,0,0,0,NA,120,0,0,0,NA,NA,NA,NA,NA,0,NA
2542060,"Jordan Gay","FA","K",NA,NA,NA,0,0,0,NA,31,0,5,0,NA,NA,NA,NA,NA,0,NA
2542065,"Matt McGloin","FA","QB",28,4,NA,0,0,0,NA,65,0,8,0,NA,NA,NA,NA,NA,0,NA
2543465,"Teddy Bridgewater","MIN","QB",25,3,9,0,0,0,NA,65,0,8,0,NA,NA,NA,NA,NA,0,NA
2543481,"Jace Amaro","FA","TE",25,3,NA,0,0,0,NA,90,0,10,0,NA,NA,NA,NA,NA,0,NA
2543496,"Odell Beckham","NYG","WR",25,3,8,0,0,0,NA,162,0,5,0,NA,NA,NA,NA,NA,0,NA
2543502,"Tre Mason","FA","RB",24,3,NA,0,0,0,NA,120,0,0,0,NA,NA,NA,NA,NA,NA,NA
2543509,"Allen Robinson","JAC","WR",24,3,8,0,0,0,NA,162,0,5,0,NA,NA,NA,NA,NA,0,NA
2543565,"Andre Williams","LAC","RB",25,3,9,0,0,0,0,120,0,8,0,NA,NA,NA,3.07582030565004,NA,0,NA
2543570,"Storm Johnson","FA","RB",25,3,NA,0,0,0,NA,120,0,0,0,NA,NA,NA,NA,NA,0,NA
2543587,"Aaron Murray","FA","QB",27,3,NA,0,0,0,NA,65,0,8,0,NA,NA,NA,NA,NA,0,NA
2543596,"Dri Archer","FA","RB",26,3,NA,0,0,0,NA,120,0,0,0,NA,NA,NA,NA,NA,NA,NA
2543605,"Zach Mettenberger","FA","QB",26,3,NA,0,0,0,NA,65,0,8,0,NA,NA,NA,NA,NA,0,NA
2543619,"Walt Powell","FA","WR",26,3,NA,0,0,0,NA,162,0,5,0,NA,NA,NA,NA,NA,0,NA
2543655,"Tyler Gaffney","JAC","RB",26,3,8,0,0,0,NA,120,0,0,0,NA,NA,NA,NA,NA,0,NA
2543664,"Terrance West","BAL","RB",26,3,10,0,0,0,NA,120,0,0,0,NA,NA,NA,NA,NA,0,NA
2543682,"Bishop Sankey","MIN","RB",25,3,9,0,0,0,0,120,0,8,0,NA,NA,NA,3.07582030565004,NA,0,NA
2543689,"Kevin Norwood","NYG","WR",28,3,8,0,0,0,NA,162,0,5,0,NA,NA,NA,NA,NA,0,NA
2543704,"Lorenzo Taliaferro","FA","RB",26,3,NA,0,0,0,NA,120,0,0,0,NA,NA,NA,NA,NA,0,NA
2543746,"Josh Huff","FA","WR",26,3,NA,0,0,0,NA,162,0,5,0,NA,NA,NA,NA,NA,0,NA
2543781,"Zach Hocker","FA","K",26,3,NA,0,0,0,NA,31,0,5,0,NA,NA,NA,NA,NA,NA,NA
2543792,"Matt Hazel","IND","WR",25,3,11,0,0,0,0,162,0,5,0,NA,NA,NA,1.62803588919099,NA,0,NA
2543794,"Crockett Gillmore","FA","TE",26,3,NA,0,0,0,NA,90,0,10,0,NA,NA,NA,NA,NA,0,NA
2543828,"Quincy Enunwa","NYJ","WR",25,3,11,0,0,0,NA,162,0,5,0,NA,NA,NA,NA,NA,0,NA
2550182,"Isaiah Burse","LAC","WR",26,3,9,0,0,0,NA,162,0,5,0,NA,NA,NA,NA,NA,0,NA
2550183,"Jeremy Butler","BUF","WR",26,3,6,0,0,0,NA,162,0,5,0,NA,NA,NA,NA,NA,0,NA
2550216,"Jonathan Krause","FA","WR",NA,NA,NA,0,0,0,NA,162,0,5,0,NA,NA,NA,NA,NA,0,NA
2550223,"Freddie Martino","FA","WR",26,3,NA,0,0,0,NA,162,0,5,0,NA,NA,NA,NA,NA,0,NA
2550243,"Justin Perillo","FA","TE",26,3,NA,0,0,0,NA,90,0,10,0,NA,NA,NA,NA,NA,0,NA
2550252,"Connor Shaw","FA","QB",26,3,NA,0,0,0,0,65,0,8,0,NA,NA,NA,3.3533049931248,NA,0,NA
2550263,"Juwan Thompson","FA","RB",25,3,NA,0,0,0,NA,120,0,0,0,NA,NA,NA,NA,NA,0,NA
2550268,"Charcandrick West","KC","RB",26,3,10,0,0,0,NA,120,0,0,0,NA,67.6,6.2,5.53914501399578,NA,0,NA
2550359,"Seantavius Jones","FA","WR",25,3,NA,0,0,0,NA,162,0,5,0,NA,NA,NA,NA,NA,0,NA
2550376,"Stephen Morris","FA","QB",25,3,NA,0,0,0,NA,65,0,8,0,NA,NA,NA,NA,NA,0,NA
2550454,"Asante Cleveland","LAC","TE",25,3,9,0,0,0,NA,90,0,10,0,NA,NA,NA,NA,NA,0,NA
2550459,"Javontee Herndon","FA","WR",26,3,NA,0,0,0,NA,162,0,5,0,NA,NA,NA,NA,NA,0,NA
2550474,"Antonio Andrews","FA","RB",25,3,NA,0,0,0,NA,120,0,8,0,NA,NA,NA,NA,NA,0,NA
2550540,"George Atkinson","FA","RB",25,3,NA,0,0,0,NA,120,0,8,0,NA,NA,NA,NA,NA,0,NA
2550542,"Kapri Bibbs","FA","RB",24,3,NA,0,0,0,NA,120,0,8,0,NA,NA,NA,NA,NA,0,NA
2550546,"Philly Brown","FA","WR",26,3,NA,0,0,0,0,162,0,5,0,NA,NA,NA,1.62803588919099,NA,0,NA
2550596,"Darrin Reaves","FA","RB",24,3,NA,0,0,0,NA,120,0,8,0,NA,NA,NA,NA,NA,0,NA
2550608,"RaShaun Allen","SEA","TE",27,3,6,0,0,0,NA,90,0,10,0,NA,NA,NA,NA,NA,NA,NA
2550633,"Senorise Perry","MIA","RB",26,3,1,0,0,0,NA,120,0,8,0,NA,NA,NA,NA,NA,NA,NA
2550636,"Cairo Santos","FA","K",26,3,NA,0,0,0,NA,31,0,5,0,NA,NA,NA,NA,NA,NA,NA
2550738,"Fitzgerald Toussaint","FA","RB",27,3,NA,0,0,0,NA,120,0,8,0,NA,NA,NA,NA,NA,NA,NA
2551357,"Glenn Winston","CLE","RB",28,3,9,0,0,0,NA,120,0,8,0,NA,NA,NA,NA,NA,NA,NA
2551359,"Jerome Cunningham","FA","TE",26,3,NA,0,0,0,NA,90,0,10,0,NA,NA,NA,NA,NA,NA,NA
2552371,"Garrett Grayson","FA","QB",26,2,NA,0,0,0,NA,65,0,8,0,NA,NA,NA,NA,NA,0,NA
2552376,"David Cobb","FA","RB",24,2,NA,0,0,0,NA,120,0,8,0,NA,NA,NA,NA,NA,0,NA
2552379,"Jeremy Langford","BAL","RB",26,2,10,0,0,0,NA,120,0,8,0,NA,NA,NA,NA,NA,0,NA
2552380,"Karlos Williams","FA","RB",24,2,NA,0,0,0,NA,120,0,8,0,NA,NA,NA,NA,NA,NA,NA
2552401,"MyCole Pruitt","FA","TE",25,2,NA,0,0,0,NA,90,0,10,0,NA,NA,NA,NA,NA,0,NA
2552409,"DeVante Parker","MIA","WR",24,2,1,0,0,0,NA,162,0,5,0,NA,NA,NA,NA,NA,NA,NA
2552411,"Dezmin Lewis","FA","WR",25,2,NA,0,0,0,NA,162,0,5,0,NA,NA,NA,NA,NA,0,NA
2552420,"Keith Mumphery","FA","WR",25,2,NA,0,0,0,NA,162,0,5,0,NA,NA,NA,NA,NA,0,NA
2552421,"Kenny Bell","BAL","WR",25,2,10,0,0,0,NA,162,0,5,0,NA,NA,NA,NA,NA,0,NA
2552425,"Rashad Greene","JAC","WR",25,2,8,0,0,0,0,162,0,5,0,NA,NA,NA,1.62803588919099,NA,0,NA
2552462,"Gerald Christian","FA","TE",26,2,NA,0,0,0,NA,90,0,10,0,NA,NA,NA,NA,NA,0,NA
2552479,"DaRon Brown","KC","WR",26,2,10,0,0,0,NA,162,0,5,0,NA,NA,NA,NA,NA,0,NA
2552491,"Dorial Green-Beckham","FA","WR",24,2,NA,0,0,0,NA,162,0,5,0,NA,NA,NA,NA,NA,0,NA
2552597,"Breshad Perriman","BAL","WR",24,2,10,0,0,0,NA,162,0,5,0,NA,NA,NA,NA,NA,NA,NA
2552608,"Stefon Diggs","MIN","WR",24,2,9,0,0,0,NA,162,0,5,0,NA,NA,NA,NA,NA,0,NA
2552647,"Marcus Murphy","FA","RB",26,2,NA,0,0,0,NA,120,0,8,0,NA,NA,NA,NA,NA,0,NA
2552650,"Mario Alford","FA","WR",NA,NA,NA,0,0,0,NA,162,0,5,0,NA,NA,NA,NA,NA,0,NA
2552652,"Chris Conley","KC","WR",25,2,10,0,0,0,NA,162,0,5,0,NA,NA,NA,NA,NA,0,NA
2553112,"Jason Myers","FA","K",NA,NA,NA,0,0,0,0,31,0,5,0,NA,18.7,4.3,4.81289719463337,NA,NA,NA
2553292,"Kennard Backman","FA","TE",24,2,NA,0,0,0,NA,90,0,10,0,NA,NA,NA,NA,NA,0,NA
2553435,"David Johnson","ARI","RB",26,2,8,0,0,0,NA,120,0,8,0,NA,NA,NA,NA,NA,0,NA
2553439,"Mike Davis","FA","RB",24,2,NA,0,0,0,NA,120,0,8,0,NA,NA,NA,NA,NA,0,NA
2553465,"Rory Anderson","SF","TE",25,2,11,0,0,0,NA,90,0,10,0,NA,NA,NA,NA,NA,0,NA
2553499,"Damiere Byrd","CAR","WR",NA,NA,11,0,0,0,NA,162,0,5,0,NA,NA,NA,NA,NA,0,NA
2553511,"John Crockett","FA","RB",25,2,NA,0,0,0,NA,120,0,8,0,NA,NA,NA,NA,NA,0,NA
2553554,"Matt Lengel","FA","TE",NA,NA,NA,0,0,0,NA,90,0,10,0,NA,NA,NA,NA,NA,0,NA
2553568,"Cameron Meredith","CHI","WR",NA,NA,9,0,0,0,NA,162,0,5,0,NA,NA,NA,NA,NA,0,NA
2553648,"Andrew Franks","FA","K",24,2,NA,0,0,0,0,31,0,5,0,NA,NA,NA,2.16088932156905,NA,NA,NA
2553652,"Chris Harper","FA","WR",NA,NA,NA,0,0,0,NA,162,0,5,0,NA,NA,NA,NA,NA,0,NA
2553668,"Jordan Leslie","CLE","WR",NA,NA,9,0,0,0,0,162,0,5,0,NA,NA,NA,1.62803588919099,NA,0,NA
2553682,"Wes Saxton","WAS","TE",24,2,5,0,0,0,NA,90,0,10,0,NA,NA,NA,NA,NA,0,NA
2553716,"Rannell Hall","CLE","WR",24,2,9,0,0,0,NA,162,0,5,0,NA,NA,NA,NA,NA,0,NA
2553725,"Bradley Marquez","LAR","WR",NA,NA,8,0,0,0,NA,162,0,5,0,NA,NA,NA,NA,NA,0,NA
2553791,"E.J. Bibbs","FA","TE",26,2,NA,0,0,0,NA,90,0,10,0,NA,NA,NA,NA,NA,0,NA
2553835,"Mike Meyer","FA","K",NA,NA,NA,0,0,0,NA,31,0,5,0,NA,NA,NA,NA,NA,NA,NA
2553867,"Mack Brown","WAS","RB",NA,NA,5,0,0,0,NA,120,0,8,0,NA,91.8,7.6,6.60332568905682,NA,0,NA
2553876,"Donteea Dye","FA","WR",NA,NA,NA,0,0,0,NA,162,0,5,0,NA,NA,NA,NA,NA,0,NA
2555216,"Malcolm Mitchell","NE","WR",24,1,9,0,0,0,NA,162,0,5,0,NA,NA,NA,NA,NA,0,NA
2555227,"Jonathan Williams","FA","RB",23,1,NA,0,0,0,NA,120,0,8,0,NA,NA,NA,NA,NA,0,NA
2555229,"Kenneth Dixon","BAL","RB",23,1,10,0,0,0,NA,120,0,8,0,NA,NA,NA,NA,NA,0,NA
2555262,"Jeff Driskel","CIN","QB",24,1,6,0,0,0,0,65,0,8,0,NA,NA,NA,3.3533049931248,NA,0,NA
2555263,"Kevin Hogan","CLE","QB",25,1,9,0,0,0,0,65,0,8,0,NA,30.2,2.5,4.98462522658768,NA,0,NA
2555332,"Connor Cook","OAK","QB",24,1,10,0,0,0,0,65,0,8,0,NA,NA,NA,3.3533049931248,NA,0,NA
2555333,"Corey Coleman","CLE","WR",23,1,9,0,0,0,NA,162,0,5,0,NA,NA,NA,NA,NA,0,NA
2555350,"Kolby Listenbee","FA","WR",23,1,NA,0,0,0,NA,162,0,5,0,NA,NA,NA,NA,NA,0,NA
2555356,"Keenan Reynolds","FA","WR",24,1,NA,0,0,0,NA,162,0,5,0,NA,NA,NA,NA,NA,0,NA
2555362,"Aaron Burbridge","SF","WR",24,1,11,0,0,0,NA,162,0,5,0,NA,NA,NA,NA,NA,0,NA
2555365,"Brandon Allen","LAR","QB",25,1,8,0,0,0,0,65,0,8,0,NA,NA,NA,3.3533049931248,NA,0,NA
2555370,"Jordan Payton","FA","WR",24,1,NA,0,0,0,NA,162,0,5,0,NA,NA,NA,NA,NA,0,NA
2555408,"Roberto Aguayo","FA","K",23,1,NA,0,0,0,0,31,0,5,0,NA,NA,NA,2.16088932156905,NA,NA,NA
2555416,"Christian Hackenberg","NYJ","QB",22,1,11,0,0,0,0,65,0,8,0,NA,NA,NA,3.3533049931248,NA,0,NA
2555427,"Nate Sudfeld","WAS","QB",24,1,5,0,0,0,NA,65,0,8,0,NA,NA,NA,NA,NA,0,NA
2555459,"Keith Marshall","WAS","RB",23,1,5,0,0,0,0,120,0,8,0,NA,NA,NA,3.07582030565004,NA,0,NA
2555462,"Kelvin Taylor","FA","RB",24,1,NA,0,0,0,NA,120,0,8,0,NA,NA,NA,NA,NA,0,NA
2555465,"Demarcus Ayers","FA","WR",23,1,NA,0,0,0,NA,162,0,5,0,NA,NA,NA,NA,NA,0,NA
2555466,"Tyler Boyd","CIN","WR",23,1,6,0,0,0,NA,162,0,5,0,NA,NA,NA,NA,NA,0,NA
2555471,"Kenny Lawler","FA","WR",23,1,NA,0,0,0,NA,162,0,5,0,NA,NA,NA,NA,NA,0,NA
2555477,"Charone Peake","NYJ","WR",25,1,11,0,0,0,NA,162,0,5,0,NA,NA,NA,NA,NA,0,NA
2555483,"Thomas Duarte","MIA","TE",22,1,1,0,0,0,NA,90,0,10,0,NA,NA,NA,NA,NA,0,NA
2555486,"Temarrick Hemingway","LAR","TE",24,1,8,0,0,0,NA,90,0,10,0,NA,NA,NA,NA,NA,0,NA
2555487,"Beau Sandland","FA","TE",24,1,NA,0,0,0,NA,90,0,10,0,NA,NA,NA,NA,NA,0,NA
2556144,"Daniel Braverman","FA","WR",24,1,NA,0,0,0,NA,162,0,5,0,NA,NA,NA,NA,NA,0,NA
2556185,"Devin Lucien","FA","WR",24,1,NA,0,0,0,0,162,0,5,0,NA,NA,NA,1.62803588919099,NA,0,NA
2556212,"Devin Fuller","ATL","WR",23,1,5,0,0,0,NA,162,0,5,0,NA,NA,NA,NA,NA,0,NA
2556261,"Moritz Boehringer","FA","WR",NA,1,NA,0,0,0,NA,162,0,5,0,NA,NA,NA,NA,NA,0,NA
2556273,"Darius Jackson","CLE","RB",24,1,9,0,0,0,NA,120,0,8,0,NA,NA,NA,NA,NA,0,NA
2556375,"Rico Gathers","DAL","TE",23,1,6,0,0,0,NA,90,0,10,0,NA,NA,NA,NA,NA,0,NA
2556379,"Zac Brooks","FA","RB",24,1,NA,0,0,0,NA,120,0,8,0,NA,NA,NA,NA,NA,0,NA
2556392,"Mekale McKay","FA","WR",24,1,NA,0,0,0,NA,162,0,5,0,NA,NA,NA,NA,NA,NA,NA
2556404,"Maurice Harris","WAS","WR",25,1,5,0,0,0,NA,162,0,5,0,NA,NA,NA,NA,NA,0,NA
2556411,"Josh Ferguson","IND","RB",24,1,11,0,0,0,0,120,0,8,0,NA,95,11,6.13179238849898,NA,0.5,NA
2556415,"Joe Kerridge","GB","RB",25,1,8,0,0,0,NA,120,0,8,0,NA,NA,NA,NA,NA,0,NA
2556444,"Joshua Perkins","FA","TE",24,1,NA,0,0,0,NA,90,0,10,0,NA,NA,NA,NA,NA,0,NA
2556454,"Brandon Wilds","FA","RB",24,1,NA,0,0,0,0,120,0,8,0,NA,NA,NA,3.07582030565004,NA,0,NA
2556473,"Jace Billingsley","FA","WR",24,1,NA,0,0,0,NA,162,0,5,0,NA,NA,NA,NA,NA,0,NA
2556477,"Trevone Boykin","FA","QB",24,1,NA,0,0,0,NA,65,0,8,0,NA,NA,NA,NA,NA,0,NA
2556478,"Ben Braunecker","FA","TE",23,1,NA,0,0,0,NA,90,0,10,0,NA,NA,NA,NA,NA,0,NA
2556493,"Tra Carson","CIN","RB",25,1,6,0,0,0,NA,120,0,8,0,NA,NA,NA,NA,NA,0,NA
2556508,"Alan Cross","TB","RB",24,1,1,0,0,0,NA,120,0,8,0,NA,NA,NA,NA,NA,0,NA
2556508,"Alan Cross","TB","TE",24,1,1,0,0,0,NA,90,0,10,0,NA,NA,NA,NA,NA,0,NA
2556541,"Aaron Green","FA","RB",25,1,NA,0,0,0,NA,120,0,8,0,NA,NA,NA,NA,NA,0,NA
2556544,"Glenn Gronkowski","FA","RB",24,1,NA,0,0,0,NA,120,0,8,0,NA,NA,NA,NA,NA,0,NA
2556563,"Don Jackson","FA","RB",24,1,NA,0,0,0,NA,120,0,8,0,NA,NA,NA,NA,NA,0,NA
2556569,"Andy Jones","FA","WR",NA,1,NA,0,0,0,NA,162,0,5,0,NA,NA,NA,NA,NA,0,NA
2556577,"Marshall Koehn","FA","K",25,1,NA,0,0,0,NA,31,0,5,0,NA,NA,NA,NA,NA,0,NA
2556606,"Jalin Marshall","FA","WR",NA,1,NA,0,0,0,0,162,0,5,0,NA,NA,NA,1.62803588919099,NA,0,NA
2556636,"Marquez North","FA","WR",22,1,NA,0,0,0,NA,162,0,5,0,NA,NA,NA,NA,NA,0,NA
2556656,"Jhurell Pressley","FA","RB",25,1,NA,0,0,0,NA,120,0,8,0,NA,NA,NA,NA,NA,0,NA
2556661,"Kalif Raymond","FA","WR",23,1,NA,0,0,0,0,162,0,5,0,NA,NA,NA,1.62803588919099,NA,0,NA
2556676,"Rashawn Scott","MIA","WR",25,1,1,0,0,0,NA,162,0,5,0,NA,NA,NA,NA,NA,0,NA
2556687,"Joel Stave","FA","QB",25,1,NA,0,0,0,NA,65,0,8,0,NA,NA,NA,NA,NA,0,NA
2556728,"Brandon Burks","FA","RB",24,1,NA,0,0,0,NA,120,0,8,0,NA,NA,NA,NA,NA,0,NA
2556743,"Chris Hubert","ARI","WR",24,1,8,0,0,0,NA,162,0,5,0,NA,NA,NA,NA,NA,0,NA
2556801,"Kenneth Farrow","LAC","RB",24,1,9,0,0,0,NA,120,0,8,0,NA,NA,NA,NA,NA,0,NA
2556818,"Ryan OMalley","OAK","TE",24,2017,10,0,0,0,NA,90,0,10,0,NA,NA,NA,NA,NA,0,NA
2556827,"Dom Williams","PHI","WR",27,1,10,0,0,0,NA,162,0,5,0,NA,NA,NA,NA,NA,0,NA
2556841,"Byron Marshall","FA","WR",23,1,NA,0,0,0,NA,162,0,5,0,NA,NA,NA,NA,NA,0,NA
2556851,"Keyarris Garrett","FA","WR",25,1,NA,0,0,0,NA,162,0,5,0,NA,NA,NA,NA,NA,0,NA
2556854,"Devon Johnson","FA","RB",24,1,NA,0,0,0,NA,120,0,8,0,NA,NA,NA,NA,NA,0,NA
2556882,"Jake Lampman","FA","WR",24,1,NA,0,0,0,NA,162,0,5,0,NA,NA,NA,NA,NA,0,NA
2557531,"Troymaine Pope","FA","RB",24,1,NA,0,0,0,NA,120,0,8,0,NA,NA,NA,NA,NA,0,NA
2557848,"Corey Davis","TEN","WR",22,0,8,0,0,0,NA,162,0,5,0,NA,NA,NA,NA,NA,0,NA
2557859,"Jake Butt","DEN","TE",22,0,5,0,0,0,NA,90,0,10,0,NA,NA,NA,NA,NA,0,NA
2557869,"Chad Kelly","DEN","QB",23,0,5,0,0,0,NA,65,0,8,0,NA,NA,NA,NA,NA,0,NA
2557885,"Jordan Leggett","NYJ","TE",22,0,11,0,0,0,0,90,0,10,0,NA,NA,NA,2.00145176952634,NA,0,NA
2557897,"Davis Webb","NYG","QB",22,0,8,0,0,0,NA,65,0,8,0,NA,NA,NA,NA,NA,0,NA
2557936,"Joe Williams","SF","RB",24,0,11,0,0,0,0,120,0,8,0,NA,NA,NA,3.07582030565004,NA,0,NA
2557977,"Jeremy McNichols","FA","RB",22,0,NA,0,0,0,NA,120,0,8,0,NA,NA,NA,NA,NA,0,NA
2557991,"Dalvin Cook","MIN","RB",22,0,9,0,0,0,NA,120,0,8,0,NA,NA,NA,NA,NA,0,NA
2558003,"Carlos Henderson","DEN","WR",23,0,5,0,0,0,NA,162,0,5,0,NA,NA,NA,NA,NA,0,NA
2558011,"Bucky Hodges","FA","TE",22,0,NA,0,0,0,NA,90,0,10,0,NA,NA,NA,NA,NA,0,NA
2558071,"Isaiah Ford","MIA","WR",21,0,1,0,0,0,NA,162,0,5,0,NA,NA,NA,NA,NA,0,NA
2558095,"Malachi Dupre","FA","WR",22,0,NA,0,0,0,NA,162,0,5,0,NA,NA,NA,NA,NA,0,NA
2558113,"Elijah Hood","OAK","RB",NA,0,10,0,0,0,NA,120,0,8,0,NA,NA,NA,NA,NA,0,NA
2558129,"Isaiah McKenzie","DEN","WR",22,0,5,0,0,0,NA,162,0,5,0,NA,NA,NA,NA,NA,0,NA
2558167,"Joshua Dobbs","PIT","QB",22,0,9,0,0,0,0,65,NA,8,0,NA,NA,NA,3.3533049931248,NA,0,NA
2558196,"Sam Rogers","FA","RB",22,0,NA,0,0,0,NA,120,0,8,0,NA,NA,NA,NA,NA,0,NA
2558254,"Robert Davis","FA","WR",22,0,NA,0,0,0,NA,162,0,5,0,NA,NA,NA,NA,NA,0,NA
2558273,"T.J. Logan","ARI","RB",23,0,8,0,0,0,NA,120,0,8,0,NA,NA,NA,NA,NA,0,NA
2558786,"Brandon Wilson","FA","RB",23,0,NA,0,0,0,NA,120,0,8,0,NA,NA,NA,NA,NA,0,NA
2558832,"Mo Alie-Cox","FA","TE",24,1,NA,0,0,0,NA,90,0,10,0,NA,NA,NA,NA,NA,0,NA
2558837,"Devante Mays","GB","RB",NA,0,8,0,0,0,NA,120,0,8,0,NA,NA,NA,NA,NA,0,NA
2558850,"Donnel Pumphrey","PHI","RB",23,0,10,0,0,0,NA,120,0,8,0,NA,NA,NA,NA,NA,0,NA
2558856,"David Moore","FA","WR",22,0,NA,0,0,0,NA,162,0,5,0,NA,NA,NA,NA,NA,0,NA
2558860,"Marquez Williams","FA","RB",NA,0,NA,0,0,0,NA,120,0,8,0,NA,NA,NA,NA,NA,0,NA
2558861,"Khalfani Muhammad","TEN","RB",23,0,8,0,0,0,NA,120,0,8,0,NA,NA,NA,NA,NA,0,NA
2558864,"Mason Schreck","CIN","TE",NA,0,6,0,0,0,NA,90,0,10,0,NA,NA,NA,NA,NA,0,NA
2558865,"Chris Carson","SEA","RB",23,0,6,0,0,0,NA,120,0,8,0,NA,NA,NA,NA,NA,0,NA
2558906,"Quincy Adeboyejo","FA","WR",NA,NA,NA,0,0,0,NA,162,0,5,0,NA,NA,NA,NA,NA,NA,NA
2558950,"Keon Hatcher","OAK","WR",23,0,10,0,0,0,NA,162,0,5,0,NA,NA,NA,NA,NA,NA,NA
2558975,"Taquan Mizzell","CHI","RB",24,0,9,0,0,0,NA,120,0,8,0,NA,NA,NA,NA,NA,NA,NA
2558993,"Fred Ross","CAR","WR",NA,0,11,0,0,0,NA,162,0,5,0,NA,NA,NA,NA,NA,NA,NA
2559101,"Travin Dural","NO","WR",NA,0,5,0,0,0,NA,162,0,5,0,NA,NA,NA,NA,NA,NA,NA
2559103,"Devine Redding","FA","RB",NA,NA,NA,0,0,0,NA,120,0,8,0,NA,NA,NA,NA,NA,NA,NA
2559161,"Sean Culkin","LAC","TE",NA,NA,9,0,0,0,NA,90,NA,10,0,NA,NA,NA,NA,NA,NA,NA
2559170,"Amba Etta-Tawo","FA","WR",24,0,NA,0,0,0,NA,162,0,5,0,NA,NA,NA,NA,NA,NA,NA
2559205,"Younghoe Koo","FA","K",23,0,NA,0,0,0,0,31,NA,5,0,NA,NA,NA,2.16088932156905,NA,0,NA
2559235,"Brandon Reilly","BUF","WR",24,0,6,0,0,0,NA,162,0,5,0,NA,NA,NA,NA,NA,NA,NA
2559254,"Shane Smith","NYG","RB",NA,NA,8,0,0,0,NA,120,0,8,0,NA,NA,NA,NA,NA,NA,NA
2559286,"Krishawn Hogan","IND","WR",NA,0,11,0,0,0,NA,162,0,5,0,NA,NA,NA,NA,NA,NA,NA
2559362,"Dare Ogunbowale","FA","RB",NA,0,NA,0,0,0,NA,120,NA,8,0,NA,NA,NA,NA,NA,NA,NA
2559394,"Lance Lenoir","FA","WR",22,0,NA,0,0,0,NA,162,NA,5,0,NA,NA,NA,NA,NA,NA,NA
