"playerId","player","team","position","age","exp","bye","points","lower","upper","sdPts","positionRank","dropoff","tier","ptSpread","overallECR","positionECR","sdRank","risk","sleeper","actualPoints","salary"
2506363,"Aaron Rodgers","GB","QB",33,11,4,20.3733333333333,20.264,22.544,1.62561783126703,1,1.96833333333333,1,2.28,NA,1.2,0.5,3.29229188830094,NA,25.18,NA
2504775,"Drew Brees","NO","QB",37,15,5,19.4733333333333,19.644,21.244,1.00803439094772,2,2.14166666666667,1,1.6,NA,2.8,1.3,3.80588906929896,NA,24.72,NA
2556563,"Don Jackson","GB","RB",23,0,4,17.5,17.5,17.5,NA,1,1.07666666666666,1,0,NA,42.5,6.5,6.30715430272061,NA,1.6,NA
2552033,"Jameis Winston","TB","QB",22,1,6,17.3366666666667,16.206,19.39,2.2892429607478,3,0.0733333333333306,2,3.184,NA,7.7,1.3,4.59232680103038,NA,20.54,NA
2506121,"Philip Rivers","SD","QB",35,12,11,17.3266666666667,13.392,22.144,5.56892568933482,4,0.134999999999994,2,8.752,NA,6.4,1.6,6.94023472789343,NA,18.7,NA
2552466,"Marcus Mariota","TEN","QB",23,1,13,17.2,14.98,19.78,3.04466746952767,5,0.028333333333336,2,4.8,NA,9.9,2.3,6.17188177902607,NA,22.92,NA
2532842,"Nick Foles","KC","QB",27,4,5,17.1833333333333,14.884,20.356,3.51421873726342,6,0.419999999999998,2,5.472,NA,20.5,3.5,7.79913196107425,NA,11.18,NA
310,"Matt Ryan","ATL","QB",31,8,11,17.16,14.352,20.064,3.73304165527255,7,0.986666666666668,2,5.712,NA,2.9,1.2,5.36698074113302,NA,26.76,NA
2552469,"Melvin Gordon","SD","RB",23,1,11,16.7233333333333,13.956,16.46,1.60736844977539,2,0.721666666666668,1,2.504,NA,5,2,3.33802105515693,NA,32.1,NA
2555260,"Dak Prescott","DAL","QB",23,0,7,16.3666666666667,13.96,18.12,2.77908857961263,8,0.523333333333333,2,4.16,NA,7.3,2,5.6741058618623,NA,23.88,NA
2543583,"Devonta Freeman","ATL","RB",24,2,11,16.1233333333333,13.476,18.3,3.07142203764532,3,0.345000000000001,0,4.824,NA,4.5,1.7,4.25759443468778,NA,10.5,NA
2495240,"Tyrod Taylor","BUF","QB",27,5,10,15.98,11.296,20.032,6.01717541708732,9,0.278333333333332,2,8.736,NA,20.4,3.6,9.44709477320413,NA,22.86,NA
2540175,"LeVeon Bell","PIT","RB",24,3,8,15.88,11.648,17.488,3.65036984427606,4,0.315,0,5.84,NA,2.3,0.8,4.19850782402284,NA,7,NA
2495186,"Colin Kaepernick","SF","QB",29,5,8,15.7066666666667,13.344,19.024,3.63209764920126,10,0.199999999999999,2,5.68,NA,13.1,4.4,8.87575991223443,NA,20.22,NA
2533031,"Andrew Luck","IND","QB",27,4,10,15.6966666666667,14.244,17.756,2.36500176180343,11,0.65,2,3.512,NA,NA,NA,6.58023427627588,NA,10.74,NA
2495207,"DeMarco Murray","TEN","RB",28,5,13,15.6766666666667,14.584,17.04,1.54260602012741,5,0.255000000000001,0,2.456,NA,3.9,1.6,3.07376202652805,NA,14,NA
2555224,"Ezekiel Elliott","DAL","RB",21,0,7,15.4533333333333,13.452,17.772,2.92310337369949,6,0.671666666666669,0,4.32,NA,1.1,0.3,3.39058512738502,NA,21.7,NA
2550268,"Charcandrick West","KC","RB",25,2,5,15.39,14.714,16.314,1.1350330391667,7,1.31333333333333,0,1.6,NA,10.3,4.5,4.34149890022655,NA,7.4,NA
382,"Joe Flacco","BAL","QB",31,8,8,15.3166666666667,14.628,16.044,0.888950692295885,12,0.57,3,1.416,NA,20,3.3,5.96450572667599,NA,11.84,NA
2532956,"Ryan Tannehill","MIA","QB",28,4,8,14.7766666666667,12.822,17.334,2.95168313565893,13,0.43,3,4.512,NA,15.7,3,6.89590529808508,NA,9.66,NA
2495455,"Cam Newton","CAR","QB",27,5,7,14.7166666666667,13.616,16.568,1.99510233655653,14,0.859999999999998,3,2.952,NA,5.4,1.6,4.74653293927185,NA,14.6,NA
2543468,"Mike Evans","TB","WR",23,2,6,14.66,13.544,15.8,1.41095712195658,1,0.75,1,2.256,NA,3,1.5,2.85551004912425,NA,27,NA
2495454,"Julio Jones","ATL","WR",27,5,11,14.4966666666667,9.538,16.658,4.47158063030662,2,1.325,1,7.12,NA,NA,NA,9.21742496093313,NA,17.1,NA
2555223,"Devontae Booker","DEN","RB",24,0,11,14.1733333333333,12.396,16.22,2.4066851338165,8,0.361666666666666,0,3.824,NA,NA,NA,6.41926286351006,NA,3,NA
100016,"Chiefs","KC","DST",NA,NA,5,14.1,12.74,13.86,0.989949493661167,1,1.375,1,1.12,NA,2,1.8,2.31290230227094,NA,14,NA
234,"Matt Forte","NYJ","RB",31,8,11,13.98,9.488,15.728,3.93918773353086,9,0.438333333333333,0,6.24,NA,NA,NA,8.6841750084383,NA,15.7,NA
2532975,"Russell Wilson","SEA","QB",28,4,5,13.9766666666667,13.432,14.768,0.841090561909555,15,0.281666666666668,4,1.336,NA,NA,NA,4.70940497392169,NA,26.28,NA
100004,"Panthers","CAR","DST",NA,NA,7,13.8,12.04,15.56,3.11126983722081,2,2.5,1,3.52,NA,4.9,2.1,5.09262093105511,NA,10,NA
497095,"Sam Bradford","MIN","QB",29,6,6,13.7366666666667,11.522,16.962,3.64801772656512,16,0.686666666666666,4,5.44,NA,18.6,3.1,7.4349184737588,NA,14.92,NA
2543477,"Blake Bortles","JAC","QB",25,2,5,13.6533333333333,11.44,16.256,3.03778428024989,17,1.26833333333333,4,4.816,NA,16.2,3,6.94875632519159,NA,20.48,NA
2539322,"Christine Michael","SEA","RB",26,3,5,13.6433333333333,12.104,14.64,1.75003809482346,10,0.408333333333333,0,2.536,NA,10,2.5,3.71395086308032,NA,6.1,NA
2552475,"Todd Gurley","LA","RB",22,1,8,13.44,9.264,15.024,3.6280573314103,11,1.32166666666667,0,5.76,NA,9.9,2.9,5.31813171783696,NA,7.4,NA
2508061,"Antonio Brown","PIT","WR",28,6,8,13.3233333333333,8.674,14.994,3.95027003296399,3,0.618333333333332,1,6.32,NA,NA,NA,8.46697348444658,NA,14.5,NA
2495466,"Mark Ingram","NO","RB",27,5,5,13.03,11.212,14.9,2.30774781984514,12,1.86,0,3.688,NA,17.8,4.2,5.04578494425145,NA,29.1,NA
2543496,"Odell Beckham","NYG","WR",24,2,8,13.02,11.328,14.8,2.17834799791034,4,0.795000000000002,1,3.472,NA,NA,NA,5.91620717698343,NA,16.6,NA
79860,"Matthew Stafford","DET","QB",28,7,10,12.4466666666667,11.464,13.816,1.69166584564841,18,0.181666666666665,5,2.352,NA,14.5,3.2,6.34564662147602,NA,13.76,NA
2543488,"Jarvis Landry","MIA","WR",24,2,8,12.39,10.676,13.66,2.09816586570271,5,0.336666666666668,2,2.984,NA,10.7,4.1,4.41353985983531,NA,3.3,NA
2506109,"Ben Roethlisberger","PIT","QB",34,12,8,12.3233333333333,10.966,13.478,1.6301635909728,19,0.163333333333334,5,2.512,NA,NA,NA,5.67811033193185,NA,17.86,NA
2506581,"Ryan Fitzpatrick","NYJ","QB",34,11,11,12.2066666666667,12.338,14.482,1.49547094031724,20,0.127500000000001,5,2.144,NA,19,3.5,6.55997428152807,NA,8.36,NA
2532888,"Case Keenum","LA","QB",28,4,8,12.1133333333333,10.296,14.712,3.03343589570199,21,0.167499999999997,5,4.416,NA,22.9,3,6.94608717844909,NA,12.84,NA
1032,"Jordy Nelson","GB","WR",31,8,4,12.06,11.364,12.9,1.00935623047564,6,0.184999999999999,2,1.536,NA,7.7,4.5,3.7934423705429,NA,15.4,NA
2532865,"T.Y. Hilton","IND","WR",27,4,10,12.0466666666667,7.748,13.988,4.01603452840402,7,0.373333333333333,2,6.24,NA,NA,NA,8.56164461324185,NA,8.2,NA
2555387,"Cody Kessler","CLE","QB",23,0,13,12.045,2.12,12.912,7.10272482924687,22,0.231666666666669,5,10.792,NA,NA,NA,12.3964991226985,NA,13.22,NA
2505996,"Eli Manning","NYG","QB",35,12,8,11.8466666666667,10.888,13.608,1.75571447944514,23,0.198333333333334,5,2.72,NA,13.8,2.9,6.05020428853467,NA,19.88,NA
2553457,"Trevor Siemian","DEN","QB",NA,NA,11,11.78,10.768,13.568,1.93007771864244,24,0.333333333333334,5,2.8,NA,NA,NA,6.04629985522785,NA,13.32,NA
2543495,"Davante Adams","GB","WR",24,2,4,11.7033333333333,10.088,13.36,2.04695709122916,8,0.118333333333332,2,3.272,NA,15.9,5.3,4.86747878011093,NA,10.1,NA
100025,"Eagles","PHI","DST",NA,NA,4,11.65,5.73,11.57,5.1618795026618,3,1.025,2,5.84,NA,6.9,3,8.78468344330337,NA,5,NA
2495893,"Brandon Marshall","NYJ","WR",32,10,11,11.6433333333333,7.226,13.786,4.25483646375902,9,0.131666666666668,2,6.56,NA,NA,NA,8.90541139237221,NA,4.6,NA
2543471,"Kelvin Benjamin","CAR","WR",25,2,7,11.5266666666667,6.696,13.176,4.05020164107089,10,0.0683333333333316,2,6.48,NA,12.4,3.9,5.73676456520429,NA,7.6,NA
2543499,"Derek Carr","OAK","QB",25,2,10,11.5166666666667,11.23,14.59,2.26071522605863,25,1.97083333333333,5,3.36,NA,14.4,3.3,6.80652896460229,NA,7.66,NA
497328,"Demaryius Thomas","DEN","WR",29,6,11,11.4966666666667,6.678,12.838,3.89654120128779,11,0.136666666666667,2,6.16,NA,12.7,3.9,5.62616379811782,NA,5.6,NA
497278,"Dez Bryant","DAL","WR",28,6,7,11.42,6.512,13.152,4.15032528845632,12,0.153333333333336,2,6.64,NA,NA,NA,8.75496256931921,NA,1.9,NA
2555259,"Carson Wentz","PHI","QB",24,0,4,11.3766666666667,10.472,12.528,1.32719001402713,26,6.93516666666667,5,2.056,NA,23.8,2.6,5.45240831857479,NA,8.16,NA
2531332,"Terrelle Pryor","CLE","WR",27,5,13,11.3,11.3,11.3,NA,13,0.076666666666668,2,0,NA,NA,NA,NA,NA,10.7,NA
2552608,"Stefon Diggs","MIN","WR",23,1,6,11.2333333333333,6.26,13.22,4.35009578438606,14,0.111666666666666,2,6.96,NA,19.2,4.9,6.36161857653203,NA,8,NA
2543509,"Allen Robinson","JAC","WR",23,2,5,11.2133333333333,8.412,13.42,3.38445465818843,15,0.221666666666666,2,5.008,NA,18.6,4.6,5.54387592636973,NA,13.6,NA
949,"Jonathan Stewart","CAR","RB",29,8,7,11.2066666666667,7.364,12.964,3.56568833934394,13,0.134999999999998,0,5.6,NA,NA,NA,8.13217378235557,NA,4.2,NA
2506404,"Frank Gore","IND","RB",33,11,10,11.1333333333333,7.28,12.4,3.2331615074619,14,0.301666666666668,0,5.12,NA,15.2,3.1,5.13452116275612,NA,19.1,NA
2556370,"Michael Thomas","NO","WR",22,0,5,11.03,8.812,12.66,2.7211578418019,16,0.166666666666666,2,3.848,NA,NA,NA,6.6976078446014,NA,19.3,NA
2540020,"Theo Riddick","DET","RB",25,3,10,11.01,6.826,13.066,4.03166218822956,15,0.580000000000002,0,6.24,NA,NA,NA,8.82084460729037,NA,7.6,NA
71269,"Michael Crabtree","OAK","WR",29,7,10,10.9533333333333,8.688,12.8,2.72516666157014,17,0.271666666666667,2,4.112,NA,23.8,5.6,5.47833571129784,NA,2.7,NA
100020,"Vikings","MIN","DST",NA,NA,6,10.95,10.29,11.01,0.636396103067894,4,0.699999999999999,2,0.720000000000002,NA,2.8,1.6,1.60248442862625,NA,3,NA
2507232,"Mason Crosby","GB","K",32,9,4,10.9111111111111,9.94666666666667,11.8133333333333,1.17441868993101,1,0.822222222222223,1,1.86666666666667,NA,2.8,2,1.91695830967538,NA,8,NA
2495700,"Greg Olsen","CAR","TE",31,9,7,10.8233333333333,6.854,12.534,3.62610442945778,1,0.393333333333334,1,5.68,NA,1.2,0.6,5.67070957701629,NA,11.2,NA
71217,"Kenny Britt","LA","WR",28,7,8,10.7733333333333,7.976,13,3.37433450228831,18,0.196666666666667,2,5.024,NA,31.3,7.5,6.72268604117824,NA,10.9,NA
2506467,"Darren Sproles","PHI","RB",33,11,4,10.6533333333333,4.852,14.052,5.75000289854999,16,0.494999999999999,0,9.2,NA,21.9,3.8,7.37306688547957,NA,7.1,NA
2543500,"Jordan Matthews","PHI","WR",24,2,4,10.59,6.274,12.114,3.67767589654118,19,0.0916666666666668,3,5.84,NA,25.2,5.1,5.95942793130165,NA,8.8,NA
2539336,"Tavon Austin","LA","WR",25,3,8,10.5633333333333,8.012,12.82,3.07197547733268,20,0.299999999999999,3,4.808,NA,37.6,5.1,5.52346060566066,NA,1.7,NA
497236,"Jimmy Graham","SEA","TE",30,6,5,10.4566666666667,7.736,12.56,3.29797412563127,2,0.215,1,4.824,NA,NA,NA,9.79632253875254,NA,22.3,NA
2550256,"Willie Snead","NO","WR",24,2,5,10.4333333333333,6.22,12.54,4.09186184191663,21,0.413333333333334,3,6.32,NA,27,4.7,6.09394892675079,NA,3.6,NA
2495966,"Delanie Walker","TEN","TE",32,10,13,10.4033333333333,5.942,12.422,4.12323093378643,3,0.504999999999999,1,6.48,NA,NA,NA,11.5447184833999,NA,10.2,NA
2550636,"Cairo Santos","KC","K",25,2,5,10.3444444444444,9.42666666666667,11.5333333333333,1.44157835310751,2,0.633333333333335,1,2.10666666666667,NA,6.1,2.8,4.49587688154922,NA,15,NA
100024,"Jets","NYJ","DST",NA,NA,11,10.3,8.26,10.34,1.83847763108502,5,0.15,2,2.08,NA,11.8,3.2,5.53364467017065,NA,1,NA
2541161,"Latavius Murray","OAK","RB",26,3,10,10.2066666666667,6.404,11.764,3.43687842865198,17,0.326666666666666,0,5.36,NA,18.1,3,5.23095897896642,NA,30.7,NA
100008,"Cowboys","DAL","DST",NA,NA,7,10.2,9.82,9.98,0.141421356237309,6,0.399999999999999,2,0.16,NA,8.1,3,3.37577148328038,NA,8,NA
2495258,"Matt Asiata","MIN","RB",29,5,6,10.11,6.846,10.046,2.12233362127635,18,0.686666666666667,0,3.2,NA,24.3,4.1,4.85467094838793,NA,4.1,NA
100019,"Dolphins","MIA","DST",NA,NA,8,10.1,8.24,10.16,1.69705627484771,7,1.225,2,1.92,NA,8.8,3.4,5.71078953367222,NA,7,NA
80429,"Jeremy Maclin","KC","WR",28,7,5,10.0933333333333,6.116,11.236,3.21995859186626,22,0.199999999999999,3,5.12,NA,NA,NA,7.4156553219911,NA,0,NA
2540258,"Travis Kelce","KC","TE",27,3,5,10.08,8.072,11.88,2.42223037715243,4,0.673333333333334,1,3.808,NA,3.6,1.6,5.08419568806181,NA,5.8,NA
2552409,"DeVante Parker","MIA","WR",23,1,8,9.94666666666667,5.388,11.788,4.00805854913989,23,0.116666666666667,3,6.4,NA,NA,NA,8.55016281055894,NA,0.8,NA
2495189,"Jeremy Kerley","SF","WR",28,5,8,9.84,6.716,12.3,3.77449334348333,24,0.0549999999999997,3,5.584,NA,54,8.3,7.33790835106106,NA,2.2,NA
2495259,"Dan Bailey","DAL","K",28,5,7,9.83333333333333,8.2,11.5333333333333,2.08832734769028,3,0.244444444444444,1,3.33333333333333,NA,3.6,2.8,5.29676247433213,NA,5,NA
2507763,"Mike Wallace","BAL","WR",30,7,8,9.82,5.272,11.912,4.21630169698517,25,0.205,3,6.64,NA,27.6,5.1,6.34711670002936,NA,18.4,NA
2553913,"Tyrell Williams","SD","WR",NA,NA,11,9.75,5.5,12.74,5.15436708044741,26,0.313333333333333,3,7.24,NA,NA,NA,10.2003286314994,NA,12.5,NA
2505299,"Antonio Gates","SD","TE",36,13,11,9.71666666666667,8.48,10.92,1.52670669525398,5,0.718333333333332,1,2.44,NA,7.2,2.7,4.89319412072844,NA,13.5,NA
2552582,"Jay Ajayi","MIA","RB",23,1,8,9.65,7.78,10.3,1.64544826719043,19,0.471666666666666,0,2.52,NA,9.6,2.7,3.74486443896105,NA,19,NA
2504797,"Matt Bryant","ATL","K",41,14,11,9.58888888888889,7.15333333333333,11.6866666666667,2.92619079907524,4,0.0611111111111118,1,4.53333333333333,NA,5.5,2.6,5.77228791379126,NA,16,NA
2507374,"Steven Hauschka","SEA","K",NA,NA,5,9.58888888888889,8.21333333333333,11.3333333333333,2.10721863373746,4,0.316666666666668,1,3.12,NA,NA,NA,6.71549308819086,NA,8,NA
100030,"Seahawks","SEA","DST",NA,NA,5,9.5,8.14,9.26,0.989949493661167,8,1.475,2,1.12,NA,3.2,1.7,2.14814801192828,NA,7,NA
2543614,"Donte Moncrief","IND","WR",23,2,10,9.48,5.068,12.108,4.74143438212531,27,0.0950000000000006,3,7.04,NA,17,5.9,7.05229191532873,NA,11.5,NA
2550545,"Chris Boswell","PIT","K",27,2,8,9.46666666666667,7.92,11.3333333333333,2.24301384550143,6,0.522222222222222,1,3.41333333333333,NA,14.9,3.1,6.33134767461365,NA,4,NA
2552429,"Ty Montgomery","GB","WR",23,1,4,9.39333333333333,7.164,11.9,3.02028696208379,28,0.471666666666666,3,4.736,NA,18.9,8.9,7.04044914518124,NA,9.1,NA
497326,"Golden Tate","DET","WR",28,6,10,9.37666666666667,5.806,11.326,3.83987412988152,29,0.933333333333334,3,5.52,NA,32.7,5.2,6.1170737837426,NA,13.9,NA
2552461,"Duke Johnson","CLE","RB",23,1,13,9.19666666666667,5.618,11.458,3.9378970699262,20,0.339166666666667,0,5.84,NA,25.5,2.9,5.54709047682271,NA,4.6,NA
71345,"Rashad Jennings","NYG","RB",31,7,8,9.16,5.396,13.556,5.18505544811239,21,0.609166666666667,0,8.16,NA,24.1,4.8,7.49659974818894,NA,3.9,NA
2495438,"Kyle Rudolph","MIN","TE",27,5,6,9.09666666666667,4.758,10.678,3.73711564355899,6,0.636666666666667,1,5.92,NA,4.4,2.2,6.89031206821694,NA,6.1,NA
2507225,"Nick Folk","NYJ","K",32,9,11,9.07777777777778,6.98666666666667,11.3333333333333,2.7398972676064,7,0.555555555555554,1,4.34666666666667,NA,19.2,3.3,7.50867295458973,NA,11,NA
2550656,"Cameron Brate","TB","TE",25,2,6,8.9,4.74,9.94,3.26036807738022,7,0.945,1,5.2,NA,9.3,2.9,6.86741982108585,NA,10.3,NA
2532968,"Blair Walsh","MIN","K",26,4,6,8.81111111111111,6.68666666666667,11.22,2.89948909931337,8,0.588888888888887,1,4.53333333333333,NA,10.4,2.2,4.61517851425581,NA,4,NA
2555417,"C.J. Prosise","SEA","RB",22,0,5,8.555,7.549,8.661,0.982878425849301,22,0.0916666666666668,0,1.112,NA,32.7,3.1,3.471654984904,NA,1.5,NA
2550189,"Isaiah Crowell","CLE","RB",23,2,13,8.54666666666667,7.12,9.792,1.9001403456938,23,0.215,0,2.672,NA,16.1,2.6,3.87897078927694,NA,6.7,NA
2555333,"Corey Coleman","CLE","WR",22,0,13,8.46666666666667,6.06,11.1,3.18799832705937,30,0.0783333333333349,3,5.04,NA,37,5.3,5.68877042901063,NA,4.1,NA
2533040,"Mohamed Sanu","ATL","WR",27,4,11,8.42,4.392,10.472,4.03301376144441,31,0.279999999999999,3,6.08,NA,36.2,5.8,6.50148946952554,NA,7.4,NA
79607,"LeSean McCoy","BUF","RB",28,7,10,8.38,7,9.112,1.32408458944283,24,0.270833333333332,0,2.112,NA,NA,NA,4.81926876136965,NA,12,NA
497322,"Emmanuel Sanders","DEN","WR",29,6,11,8.35666666666667,6.42,9.836,2.43693113019907,32,0.458333333333332,3,3.416,NA,14.1,4,4.61647443539047,NA,4.7,NA
4383,"Tim Hightower","NO","RB",30,8,5,8.28333333333333,5.94,11.26,3.59664195234017,25,0.374166666666668,0,5.32,NA,21.1,4.4,6.10642556452512,NA,16.2,NA
100027,"Steelers","PIT","DST",NA,NA,8,8.25,6.05,10.45,3.88908729652601,9,0.549999999999999,2,4.4,NA,12.4,3.6,8.40193573070561,NA,5,NA
2536340,"Justin Tucker","BAL","K",27,4,8,8.23333333333333,5.74,10.54,3.02709982216202,9,0.127777777777778,2,4.8,NA,5.6,3.3,7.86432312193545,NA,9,NA
2500351,"Phil Dawson","SF","K",41,18,8,8.21111111111111,5.72666666666667,11.06,3.42544941631076,10,0.369444444444445,2,5.33333333333333,NA,18.1,3.5,8.91963147745877,NA,14,NA
497254,"Dennis Pitta","BAL","TE",31,6,8,8.02,4.412,9.852,3.6585789591042,8,0.268333333333333,1,5.44,NA,10.3,2.8,7.22037077517655,NA,1.4,NA
2556601,"Wil Lutz","NO","K",22,0,5,8,7.2,8.8,1.4142135623731,11,0.341666666666667,2,1.6,NA,NA,NA,4.99916176945641,NA,12,NA
2530690,"DuJuan Harris","SF","RB",28,5,8,7.935,1.54,8.076,4.58729767946228,26,0.0966666666666667,0,6.536,NA,32.3,9.3,9.48940700616963,NA,17.2,NA
2552487,"Amari Cooper","OAK","WR",22,1,10,7.92333333333333,7.04,8.376,0.91193932546707,33,0.0533333333333337,3,1.336,NA,NA,NA,4.09315147292722,NA,5.6,NA
2532838,"Coby Fleener","NO","TE",28,4,5,7.89,4.294,9.174,3.11308528633573,9,0.348333333333334,1,4.88,NA,9.2,2.9,6.71140254741186,NA,4.2,NA
2556466,"Peyton Barber","TB","RB",22,0,6,7.88333333333333,3.21,13.61,6.88845652765068,27,0.436666666666667,0,10.4,NA,32.4,5.2,8.97174500303928,NA,5.5,NA
2530747,"Doug Baldwin","SEA","WR",28,5,5,7.87333333333333,6.18,8.916,1.86979499767577,34,0.125000000000001,3,2.736,NA,20.6,5.2,4.69906233232044,NA,8.9,NA
2507855,"Victor Cruz","NYG","WR",30,6,8,7.86666666666667,4.08,9.68,3.61985266735172,35,0.241666666666666,3,5.6,NA,55.5,6.7,6.5722051591026,NA,4.6,NA
100012,"Titans","TEN","DST",NA,NA,13,7.8,6.24,8.16,1.69705627484771,10,0.300000000000001,2,1.92,NA,16.9,3.2,5.38128095298691,NA,-3,NA
2543664,"Terrance West","BAL","RB",25,2,8,7.79333333333333,6.4,8.704,1.4622357311095,28,0.874999999999999,0,2.304,NA,15.6,3.3,3.93408135349791,NA,2.7,NA
2505076,"Josh McCown","CLE","QB",37,14,13,7.715,1.743,13.687,10.5571042431152,27,6.877,5,11.944,NA,23.4,3.8,12.4569874842598,NA,NA,NA
71309,"Graham Gano","CAR","K",29,7,7,7.68333333333333,6.71,8.71,1.25532200384337,12,0.266666666666667,2,2,NA,11.3,2.8,4.26523094635728,NA,7,NA
2550380,"Cody Parkey","CLE","K",24,2,13,7.63333333333333,5.58,9.58,2.51064400768674,13,0.566666666666666,2,4,NA,22.9,3.5,7.78680486604748,NA,4,NA
2540202,"Kenny Stills","MIA","WR",24,3,8,7.63,5.538,9.858,2.7160081001352,36,0.0366666666666653,3,4.32,NA,43.6,6.7,5.92164147073758,NA,1.1,NA
2543498,"Brandin Cooks","NO","WR",23,2,5,7.62,6.04,8.568,1.76951970884757,37,0.111666666666668,3,2.528,NA,10.5,4.7,4.42238777726283,NA,6.6,NA
2543466,"Eric Ebron","DET","TE",23,2,10,7.61333333333333,4.132,9.7,3.8923686019355,10,0.23,1,5.568,NA,9.9,2.4,7.1925231545717,NA,9.2,NA
100011,"Packers","GB","DST",NA,NA,4,7.6,6.2,7.8,1.4142135623731,11,0.250000000000001,2,1.6,NA,10.1,3.9,6.22983355101803,NA,6,NA
2535698,"Cole Beasley","DAL","WR",27,4,7,7.56666666666667,5.46,10.1,3.04357246231026,38,0.138333333333333,3,4.64,NA,39.7,5.6,5.70751588191526,NA,11.6,NA
1060,"Gary Barnidge","CLE","TE",31,8,13,7.47,5.642,9.802,2.81969856544986,11,0.74,1,4.16,NA,7,2.3,5.98736382890247,NA,2.3,NA
2553895,"Adam Humphries","TB","WR",NA,NA,6,7.45,5.17,9.73,4.03050865276332,39,0.278333333333333,3,4.56,NA,53.5,7.8,7.31768245326414,NA,10.6,NA
2532933,"Brian Quick","LA","WR",27,4,8,7.40666666666667,5.764,9.284,2.25790463335663,40,0.493333333333333,3,3.52,NA,49,6.5,5.51011096296971,NA,4.8,NA
100018,"Raiders","OAK","DST",NA,NA,10,7.4,6.1,6.9,0.707106781186548,12,0.149999999999999,2,0.8,NA,16,3.2,4.31473493270068,NA,10,NA
100015,"Jaguars","JAC","DST",NA,NA,5,7.3,6.08,6.72,0.565685424949238,13,0.2,2,0.64,NA,19.2,2.8,3.5033540541463,NA,6,NA
2495353,"Julius Thomas","JAC","TE",28,5,5,7.29666666666667,3.578,8.938,3.53596285802514,12,1.3525,1,5.36,NA,NA,NA,10.3005274486392,NA,2.1,NA
100010,"Lions","DET","DST",NA,NA,10,7.2,6.28,6.92,0.565685424949238,14,0.325,2,0.640000000000001,NA,16,3,3.83286263483162,NA,6,NA
2534797,"Greg Zuerlein","LA","K",29,4,8,7.2,5.32,9.32,2.55342906696074,14,0.366666666666666,2,4,NA,21.5,3.4,7.55877568129605,NA,4,NA
2543743,"Carlos Hyde","SF","RB",25,2,8,7.1,2.22,11.98,8.62670273047588,29,0.456666666666667,0,9.76,NA,NA,NA,15.6119346403586,NA,NA,NA
100031,"Buccaneers","TB","DST",NA,NA,6,7,6.08,6.72,0.565685424949239,15,0.4,2,0.640000000000001,NA,22.2,2.2,2.51482831209034,NA,0,NA
2530700,"Dontrelle Inman","SD","WR",27,3,11,6.93666666666667,4.942,9.022,2.55754439518326,41,0.0700000000000003,3,4.08,NA,52.6,9.7,7.03457758217083,NA,5.6,NA
2553833,"Josh Lambo","SD","K",26,1,11,6.93333333333333,5.4,8.44,1.90087699058443,15,0.233333333333333,2,3.04,NA,9,2.7,4.78362696630617,NA,13,NA
2556214,"Tyreek Hill","KC","WR",22,0,5,6.89,5.214,8.894,2.40713522677892,42,0.0983333333333336,3,3.68,NA,52.1,7.7,6.10832089974704,NA,1.1,NA
2543828,"Quincy Enunwa","NYJ","WR",24,2,11,6.84333333333333,5.22,7.884,1.66542286922371,43,0.125,3,2.664,NA,NA,NA,5.17782698269601,NA,2.5,NA
100003,"Bills","BUF","DST",NA,NA,10,6.75,4.29,6.61,2.05060966544099,16,0.324999999999999,2,2.32,NA,13.6,3.5,6.25645311697425,NA,4,NA
2540145,"Cordarrelle Patterson","MIN","WR",25,3,6,6.74,4.612,8.868,3.76180807591243,44,0.0483333333333329,3,4.256,NA,55.8,5.9,6.34718251255619,NA,4.5,NA
89798,"Antone Smith","TB","RB",31,7,6,6.73666666666667,2.9,9.468,4.24829769829438,30,0.425000000000001,0,6.568,NA,NA,NA,9.14101398113677,NA,2.2,NA
2555408,"Roberto Aguayo","TB","K",22,0,6,6.73333333333333,5.44,7.84,1.55349069303081,16,0.166666666666668,2,2.4,NA,18.9,2.8,4.63446075481371,NA,2,NA
2504595,"Steve Smith","BAL","WR",37,15,8,6.69666666666667,5.44,7.512,1.33978854052919,45,0.160833333333334,3,2.072,NA,NA,NA,4.70906083059936,NA,4.7,NA
2532903,"Rishard Matthews","TEN","WR",27,4,13,6.68666666666667,4.252,9.692,3.61753138664108,46,0.327500000000001,3,5.44,NA,46.7,3.8,5.38444002350442,NA,18.3,NA
2553648,"Andrew Franks","MIA","K",23,1,8,6.66666666666667,6,7.6,1.15470053837925,17,2.23333333333333,2,1.6,NA,17.6,3.4,5.8266948645674,NA,9,NA
497188,"Ryan Mathews","PHI","RB",29,6,4,6.55,3.5,9.06,3.55211204778228,31,0.493333333333333,0,5.56,NA,27.9,4.1,5.9112181031377,NA,7.5,NA
89802,"Ryan Succop","TEN","K",30,7,13,6.46666666666667,5.28,7.68,1.50111069989303,18,4.23333333333333,2,2.4,NA,18.3,2.6,4.00757528252854,NA,5,NA
100023,"Giants","NYG","DST",NA,NA,8,6.45,4.21,5.89,1.48492424049175,17,0.0750000000000002,2,1.68,NA,16.5,3.6,5.81175253858193,NA,6,NA
100028,"Chargers","SD","DST",NA,NA,11,6.4,4.24,6.16,1.69705627484771,18,0.0500000000000007,2,1.92,NA,13.9,5.2,8.6763667598401,NA,14,NA
2540151,"Justin Hunter","BUF","WR",25,3,10,6.385,3.973,8.797,4.26385389055488,47,0.119999999999999,3,4.824,NA,74.8,6.3,6.87214118298595,NA,6.5,NA
100009,"Broncos","DEN","DST",NA,NA,11,6.35,5.37,6.73,1.20208152801713,19,0.125,2,1.36,NA,4.5,2.4,3.52997362010252,NA,2,NA
100022,"Saints","NO","DST",NA,NA,5,6.35,4.23,6.07,1.62634559672906,19,0.3,2,1.84,NA,20.3,3.5,5.79936196542301,NA,9,NA
2543475,"Marqise Lee","JAC","WR",25,2,5,6.33333333333333,4.26,8.82,2.98719489376461,48,0.158333333333333,3,4.56,NA,51,3.7,4.88984049137659,NA,8.4,NA
2495448,"Randall Cobb","GB","WR",26,5,4,6.19666666666667,2.278,10.278,5.01238798711087,49,0.0983333333333336,3,8,NA,NA,NA,9.99594295285071,NA,7.4,NA
2555415,"Austin Hooper","ATL","TE",NA,0,11,6.16333333333333,4.298,8.298,2.56710602300204,13,0.449166666666668,2,4,NA,13.8,3.5,6.54629738465776,NA,10.6,NA
2541785,"Adam Thielen","MIN","WR",26,2,6,6.15333333333333,4.052,9.012,3.50692647960195,50,0.116666666666666,3,4.96,NA,58.8,7.5,6.8181222798165,NA,6.8,NA
100014,"Colts","IND","DST",NA,NA,10,6.1,4.22,5.98,1.5556349186104,21,0.0999999999999996,2,1.76,NA,24.2,2.1,3.4166200420339,NA,5,NA
2556075,"Derrick Henry","TEN","RB",22,0,13,6.07333333333333,4.096,8.64,2.96245393775723,32,0.035000000000001,0,4.544,NA,26.6,4.2,5.52958570194488,NA,NA,NA
2550353,"Allen Hurns","JAC","WR",25,2,5,6.04333333333333,5.666,5.986,0.213619599600162,51,0.0166666666666675,4,0.32,NA,33.8,4.5,3.22069194826205,NA,0,NA
2553439,"Mike Davis","SF","RB",23,1,8,6.04,4.902,7.478,2.27688383542068,33,0.159166666666666,0,2.576,NA,45.7,6.8,6.42959249181078,NA,-1,NA
2543715,"Jerick McKinnon","MIN","RB",24,2,6,6.03666666666667,3.16,8.128,3.13081991390967,34,0.584166666666666,0,4.968,NA,NA,NA,7.4894742016857,NA,0.8,NA
2552470,"Sammie Coates","PIT","WR",23,1,8,6.03,5.658,5.978,0.206639783197718,52,0.114999999999999,4,0.319999999999999,NA,37.4,5.2,3.50196669231847,NA,0,NA
2532884,"Marvin Jones","DET","WR",26,4,10,6.02333333333333,5.574,6.054,0.302709982216202,53,0.288333333333334,4,0.48,NA,NA,NA,3.21613676712208,NA,0.5,NA
100001,"Falcons","ATL","DST",NA,NA,11,6,0.600000000000001,5.4,4.24264068711928,22,0.0999999999999996,3,4.8,NA,17.1,3.2,8.12382786229434,NA,7,NA
100017,"Rams","LA","DST",NA,NA,8,6,6,6,NA,22,0.275,3,0,NA,11,3,5.24859375170046,NA,9,NA
2532977,"Kendall Wright","TEN","WR",27,4,13,5.80666666666667,4.86,6.156,0.81002057587035,54,0.21,4,1.296,NA,40,5.5,4.05896382574647,NA,6.4,NA
100002,"Ravens","BAL","DST",NA,NA,8,5.8,3.32,5.88,2.26274169979695,24,0.55,3,2.56,NA,13.9,2.9,5.49647295069391,NA,8,NA
2555460,"Paul Perkins","NYG","RB",22,0,8,5.725,3.395,6.555,2.79307178568686,35,0.760000000000001,0,3.16,NA,42.1,4.9,5.78312326610933,NA,4.7,NA
2540259,"MarQueis Gray","MIA","TE",26,3,8,5.725,4.225,7.225,2.65165042944955,14,0.228333333333333,2,3,NA,28.8,4.6,7.39348602321493,NA,1,NA
2495187,"Lance Kendricks","LA","TE",28,5,8,5.70333333333333,3.382,8.342,3.17522177703122,15,0.586666666666666,2,4.96,NA,15.9,3.2,6.98385046254301,NA,9,NA
2550597,"Seth Roberts","OAK","WR",NA,NA,10,5.66333333333333,3.298,8.658,3.61649461956372,55,0.320833333333334,4,5.36,NA,63.1,6.2,6.36528910023361,NA,3.2,NA
100007,"Browns","CLE","DST",NA,NA,13,5.65,4.83,5.87,0.919238815542512,25,0.800000000000001,3,1.04,NA,22.9,3.3,4.70803479881896,NA,-4,NA
2552652,"Chris Conley","KC","WR",24,1,5,5.53,3.412,8.46,3.6117447307361,56,0.385833333333333,4,5.048,NA,67.6,6.2,6.36187025444186,NA,2.8,NA
2540215,"Vance McDonald","SF","TE",26,3,8,5.29,2.914,7.954,3.21112129948403,16,0.515,2,5.04,NA,20.6,2.3,6.40199956051066,NA,14.4,NA
2552471,"T.J. Yeldon","JAC","RB",23,1,5,5.18,4.78,5.612,0.52459508194416,36,0.459999999999999,0,0.832,NA,31.5,3.7,3.45760594300059,NA,9.5,NA
2552458,"Devin Funchess","CAR","WR",22,1,7,5.155,3.811,4.699,0.784888527117067,57,0.0399999999999991,5,0.887999999999999,NA,63.6,6.9,4.61347170096372,NA,2.8,NA
2495459,"Torrey Smith","SF","WR",27,5,8,5.13333333333333,3.38,6.18,1.76162803489651,58,0.0933333333333328,5,2.8,NA,44.7,6.4,5.11200423783182,NA,1.8,NA
2532790,"Travis Benjamin","SD","WR",27,4,11,5.09666666666667,3.992,6,1.32666247905537,59,0.120000000000001,5,2.008,NA,NA,NA,4.69016523886634,NA,0.5,NA
2555295,"Sterling Shepard","NYG","WR",NA,0,8,4.98333333333333,3.68,5.96,1.54299492330122,60,0.038333333333334,5,2.28,NA,43.2,4.8,4.300240963916,NA,11,NA
2552597,"Breshad Perriman","BAL","WR",23,1,8,4.97,3.102,7.582,3.23027862575351,61,0.149999999999999,5,4.48,NA,68.4,7.5,6.61899838760551,NA,3.3,NA
2552397,"Clive Walford","OAK","TE",25,1,10,4.94333333333333,2.964,7.66,3.34105272830785,17,0.4025,2,4.696,NA,23.7,2.3,6.53963646395265,NA,1.3,NA
2495453,"Andre Holmes","OAK","WR",28,5,10,4.92,3.336,6.504,2.80014285349873,62,0.201666666666666,5,3.168,NA,100,5.3,5.40960219966647,NA,2.7,NA
100029,"49ers","SF","DST",NA,NA,8,4.85,1.43,4.87,3.04055915910215,26,NA,3,3.44,NA,24.3,1.6,4.19266762074994,NA,-3,NA
2495328,"Bilal Powell","NYJ","RB",28,5,11,4.75,4.21,5.17,0.653834841531101,37,0.158333333333333,0,0.96,NA,29.7,3.1,3.22850537769553,NA,5.1,NA
2540169,"Robert Woods","BUF","WR",24,3,10,4.72,3.888,5.6,1.19716331383817,63,0.0116666666666667,5,1.712,NA,NA,NA,4.50374501216002,NA,16.2,NA
2539205,"Terrance Williams","DAL","WR",27,3,7,4.71666666666667,3.93,4.97,0.711219609778396,64,0.0399999999999991,5,1.04,NA,55.6,5.4,3.94694966874226,NA,1.9,NA
2550183,"Jeremy Butler","SD","WR",25,2,11,4.7,1.02,8.38,6.50538238691624,65,0.0566666666666658,5,7.36,NA,NA,NA,12.145179621799,NA,0.5,NA
2540230,"Kyle Juszczyk","BAL","RB",25,3,8,4.69,2.344,7.016,4.12950360212944,38,0.326666666666667,0,4.672,NA,65.2,8,8.44780872863869,NA,0.2,NA
2550617,"Taylor Gabriel","ATL","WR",25,2,11,4.65333333333333,1.712,7.632,3.70088277757258,66,0.0566666666666666,5,5.92,NA,71,5.8,6.26243027093636,NA,5.2,NA
2552491,"Dorial Green-Beckham","PHI","WR",23,1,4,4.63333333333333,4.32,4.56,0.152752523165195,67,0.108333333333333,5,0.24,NA,54,6.1,3.83127829439741,NA,0,NA
2540232,"Jack Doyle","IND","TE",26,3,10,4.60666666666667,3.424,5.024,1.06213621223143,18,0.2025,2,1.6,NA,12.5,3.4,4.88320110847646,NA,6.1,NA
2495341,"Cecil Shorts","TB","WR",29,5,6,4.56,1.328,7.792,5.7134227919873,68,0.175000000000001,5,6.464,NA,79.7,12.3,10.3694912655084,NA,2,NA
2507999,"Chris Ivory","JAC","RB",28,6,5,4.49333333333333,3.72,5.144,0.905612131838644,39,0.46,0,1.424,NA,31.8,3.4,3.57686009021208,NA,7.7,NA
2532887,"Jermaine Kearse","SEA","WR",26,4,5,4.49,3.68,4.856,0.741147758547512,69,0.27,5,1.176,NA,67.6,7.6,4.86828687276946,NA,3.6,NA
2550521,"Xavier Grimble","PIT","TE",24,2,8,4.475,2.135,6.815,4.1365746699413,19,0.193333333333333,2,4.68,NA,35.3,5.2,9.37972539647032,NA,1,NA
2540158,"Zach Ertz","PHI","TE",26,3,4,4.33333333333333,3.38,4.74,0.907377172587747,20,0.386666666666667,3,1.36,NA,16.9,2.9,4.37488676042085,NA,9.7,NA
2555413,"Trevor Davis","GB","WR",23,0,4,4.28,1.784,6.776,4.41234631460406,70,0.196666666666666,5,4.992,NA,77.1,16.1,10.9872030152729,NA,0,NA
2543682,"Bishop Sankey","KC","RB",24,2,5,4.23333333333333,2.12,7.4,3.78197479279454,40,0.418333333333334,0,5.28,NA,54.7,7.6,7.97459703407317,NA,NA,NA
2505629,"Jason Witten","DAL","TE",34,13,7,4.23,3.84,4.232,0.246373699895098,21,0.661666666666667,3,0.391999999999999,NA,11.7,2.6,3.46805655824885,NA,19.4,NA
2552424,"Phillip Dorsett","IND","WR",23,1,10,4.16,2.92,5.384,1.75008571218669,71,0.156666666666666,5,2.464,NA,64.1,6.6,5.1854959852677,NA,2.8,NA
2508097,"Andrew Hawkins","CLE","WR",30,5,13,4.00666666666667,3,4.696,1.22398257068201,72,0.0083333333333333,5,1.696,NA,70,5.9,4.52052206562337,NA,1.3,NA
2541944,"Russell Shepard","TB","WR",26,3,6,4,4,4,NA,73,0.0183333333333331,5,0,NA,NA,NA,NA,NA,NA,NA
2539964,"Marquise Goodwin","BUF","WR",26,3,10,3.99666666666667,3.692,3.94,0.176162803489651,74,0.0583333333333336,5,0.248,NA,NA,NA,3.03396606580765,NA,4.3,NA
2505587,"Anquan Boldin","DET","WR",36,13,10,3.96666666666667,3.56,3.96,0.251661147842358,75,0.0566666666666662,5,0.4,NA,55,6.8,4.18876876987778,NA,7,NA
2539291,"Markus Wheaton","PIT","WR",25,3,8,3.91,3.142,3.478,0.29698484809835,76,0.0100000000000002,6,0.336,NA,NA,NA,3.20789516341456,NA,NA,NA
2543750,"Jeff Janis","GB","WR",25,2,4,3.91,1.324,7.22,4.00453492930203,76,0.0233333333333339,6,5.896,NA,64.1,10.1,8.23968275599414,NA,2.5,NA
2552430,"Tyler Lockett","SEA","WR",24,1,5,3.89,3.514,3.994,0.338082830087539,78,0.0358333333333327,7,0.48,NA,56.7,5.7,3.80107498474431,NA,1.7,NA
2552600,"Nelson Agholor","PHI","WR",23,1,4,3.88333333333333,3.14,4.38,0.843109324662783,79,0.155833333333334,7,1.24,NA,75.5,6.3,4.40997868020658,NA,4.1,NA
2495461,"Shaun Draughn","SF","RB",29,5,8,3.83333333333333,2.18,4.82,1.65630109984065,41,0.0974999999999993,0,2.64,NA,43.7,8.1,6.67431488122556,NA,NA,NA
2556592,"Roger Lewis","NYG","WR",23,0,8,3.825,1.125,6.525,4.7729707730092,80,0.238333333333333,7,5.4,NA,99.9,5.1,6.74779254677612,NA,9,NA
2539663,"Mike Gillislee","BUF","RB",26,3,10,3.79666666666667,2.478,4.558,1.34388739607652,42,0.151666666666667,0,2.08,NA,33.2,6.6,5.63194555511049,NA,9.6,NA
2506147,"John Kuhn","NO","RB",34,10,5,3.675,0.835,3.515,2.36880771697493,43,0.097500000000001,0,2.68,NA,66.2,8.6,7.47133065629438,NA,1.4,NA
2552633,"Jesse James","PIT","TE",22,1,8,3.66333333333333,2.8,3.832,0.676781599434657,22,0.198333333333333,3,1.032,NA,20.4,2.5,3.8551139473439,NA,1.3,NA
2555317,"Tajae Sharpe","TEN","WR",22,0,13,3.63,3.218,3.778,0.376430604494374,81,0.0983333333333327,7,0.56,NA,69.4,4.7,3.41967866242004,NA,5.8,NA
2495979,"DeAngelo Williams","PIT","RB",33,10,8,3.615,1.693,4.037,2.07182286887658,44,0.112499999999999,0,2.344,NA,NA,NA,5.92436412018529,NA,0.1,NA
2552418,"Justin Hardy","ATL","WR",25,1,11,3.54333333333333,2.26,4.204,1.21599067978884,82,0.0408333333333331,7,1.944,NA,89.1,7,4.96466756401634,NA,NA,NA
2540224,"Mike James","TB","RB",25,3,6,3.54,0.354,3.186,2.50315800540038,45,0.194999999999999,0,2.832,NA,64.1,9.2,7.89521337111642,NA,2,NA
80425,"Percy Harvin","BUF","WR",28,7,10,3.52,3.156,3.284,0.113137084989848,83,0.0825000000000005,8,0.128,NA,84.9,16.2,7.9336444198769,NA,NA,NA
2550272,"Albert Wilson","KC","WR",24,2,5,3.485,3.013,3.357,0.304055915910216,84,0.15,8,0.344,NA,98.5,5.5,3.69478369200986,NA,10.2,NA
2541187,"Demetrius Harris","KC","TE",25,3,5,3.47333333333333,1.244,6.204,3.28452939297753,23,0.0483333333333333,3,4.96,NA,31.9,3.2,7.0996404751494,NA,0,NA
2535890,"Travaris Cadet","NO","RB",27,4,5,3.465,1.883,4.147,2.00111219075793,46,0.2625,0,2.264,NA,53.7,5.6,5.57660183534891,NA,0.4,NA
2495139,"Charles Clay","BUF","TE",27,5,10,3.45666666666667,2.954,3.834,0.573265499863138,24,0.0783333333333331,4,0.88,NA,NA,NA,4.02373215893113,NA,0.9,NA
2550313,"Richard Rodgers","GB","TE",24,2,4,3.39333333333333,2.52,3.864,0.942408262555742,25,0.0966666666666667,4,1.344,NA,21.9,2.3,3.99874239611283,NA,6.4,NA
2530660,"Kamar Aiken","BAL","WR",27,5,8,3.39,2.514,4.354,1.3081666560496,85,0.194999999999999,8,1.84,NA,71.6,6.9,4.99011361700407,NA,0.9,NA
2495288,"Virgil Green","DEN","TE",28,5,11,3.36333333333333,2.28,4.112,1.15370417929959,26,0.298333333333333,4,1.832,NA,19.6,2.4,4.29144453094264,NA,3.7,NA
2539250,"Quinton Patton","SF","WR",26,3,8,3.28,2.68,3.592,0.600999168052669,86,0.236666666666667,8,0.912,NA,74.9,8.2,5.01281041017313,NA,10.6,NA
2543683,"Austin Seferian-Jenkins","NYJ","TE",24,2,11,3.23,2.046,3.214,1.03237590053236,27,0.365,4,1.168,NA,NA,NA,4.99640727623178,NA,0,NA
2556801,"Kenneth Farrow","SD","RB",23,0,11,3.225,1.375,3.575,1.94454364826301,47,0.156666666666667,0,2.2,NA,66.8,8.9,7.32011874986934,NA,1.9,NA
2550512,"Damien Williams","MIA","RB",24,2,8,3.18,1.8,4.472,1.80144386534802,48,0.231666666666667,0,2.672,NA,45.8,6,5.6454574667063,NA,4.9,NA
2556612,"Tanner McEvoy","SEA","WR",23,0,5,3.11,1.222,3.798,2.27688383542068,87,0.196666666666667,8,2.576,NA,NA,NA,6.0580542162023,NA,NA,NA
2507166,"Ted Ginn","CAR","WR",31,9,7,2.97666666666667,2.184,3.44,0.833446658961048,88,0.273333333333333,8,1.256,NA,63.5,5.6,4.11672511265113,NA,4,NA
2540037,"Fozzy Whittaker","CAR","RB",27,4,7,2.95666666666667,2.46,3.556,0.720162018807805,49,0.0433333333333334,0,1.096,NA,51.7,4.9,4.25132863580338,NA,0.1,NA
2556885,"Jalen Richard","OAK","RB",23,0,10,2.94,2.764,3.084,0.211660104885167,50,0.0983333333333336,0,0.32,NA,42.2,5,3.92966730879431,NA,7.2,NA
2553830,"Will Tye","NYG","TE",NA,NA,8,2.9,2.34,3.46,0.989949493661166,28,0.1,4,1.12,NA,25.5,2.3,4.04910302013123,NA,3.3,NA
2555464,"DeAndre Washington","OAK","RB",23,0,10,2.88666666666667,2.608,3.52,0.578388566046506,51,0.198333333333333,0,0.912,NA,38,3.7,3.49735710410273,NA,3.5,NA
80427,"Darrius Heyward-Bey","PIT","WR",29,7,8,2.85,1.65,2.85,1.06066017177982,89,0.339166666666667,9,1.2,NA,76.8,9.7,5.95715945437069,NA,0,NA
2541834,"Josh Hill","NO","TE",26,3,5,2.83,1.166,3.294,1.88090403795622,29,0.0824999999999996,4,2.128,NA,25.6,2.6,5.19952134971033,NA,4,NA
2555229,"Kenneth Dixon","BAL","RB",22,0,8,2.79666666666667,1.96,3.632,1.13005899551012,52,0.226666666666667,0,1.672,NA,38.5,5.2,4.71652726040678,NA,1.3,NA
89766,"Brandon Myers","TB","TE",31,7,6,2.77,1.154,3.186,1.79605122421383,30,0.0500000000000007,5,2.032,NA,42.4,3,5.38513837337518,NA,0,NA
2534820,"Garrett Celek","SF","TE",28,4,8,2.725,1.605,3.245,1.44956890143242,31,0.0575000000000001,5,1.64,NA,30,3.2,5.15585918773568,NA,7.6,NA
2537933,"Larry Donnell","NYG","TE",28,4,8,2.715,1.463,2.767,1.15258405333407,32,0.255,5,1.304,NA,26.7,2.5,4.35913346746798,NA,NA,NA
2533046,"Dwayne Allen","IND","TE",26,4,10,2.62,1.1,3.868,1.87008021218342,33,0.325,5,2.768,NA,NA,NA,6.77117460542045,NA,1.5,NA
2550263,"Juwan Thompson","DEN","RB",24,2,11,2.58,1.306,2.954,1.45663996924429,53,0.0249999999999999,0,1.648,NA,59.5,7.5,6.20217015377921,NA,NA,NA
2553631,"Zach Zenner","DET","RB",NA,NA,10,2.56,1.5,3.324,1.15879247494968,54,0.0366666666666666,0,1.824,NA,45,5.3,4.79186068151041,NA,NA,NA
2550546,"Philly Brown","CAR","WR",25,2,7,2.55666666666667,1.974,2.854,0.580201114557128,90,0.1525,9,0.88,NA,84.7,7.6,4.75244168639321,NA,1.1,NA
2535708,"Lance Dunbar","DAL","RB",26,4,7,2.55,1.173,2.557,1.22329473145273,55,0.0766666666666667,0,1.384,NA,NA,NA,4.6703096839169,NA,NA,NA
2533457,"Alfred Morris","DAL","RB",28,4,7,2.49666666666667,1.74,3.252,1.03828384044698,56,0.0766666666666667,0,1.512,NA,39.5,4.8,4.43230694431521,NA,5.6,NA
71417,"Jordan Norwood","DEN","WR",30,7,11,2.465,1.633,2.697,0.940452018978108,91,0.193333333333333,9,1.064,NA,93.1,6.8,4.68454243040683,NA,11.6,NA
2553762,"Terron Ward","ATL","RB",NA,NA,11,2.45,2.01,2.89,0.777817459305202,57,0.085,0,0.879999999999999,NA,40.7,6.9,5.37594497398773,NA,3,NA
2503471,"Adam Vinatieri","IND","K",44,20,10,2.4,2.04,2.84,0.529150262212918,19,0.366666666666667,3,0.8,NA,3.7,3.2,4.49003817387468,NA,7,NA
2543704,"Lorenzo Taliaferro","BAL","RB",25,2,8,2.39,2.39,2.39,NA,58,0.0500000000000003,0,0,NA,68.3,5.8,5.54974635705764,NA,NA,NA
2550198,"Bennie Fowler","DEN","WR",25,2,11,2.34333333333333,1.2,3.144,1.22132441772583,92,0.145833333333333,9,1.944,NA,90,5.5,4.35500957752904,NA,0.4,NA
2541544,"Benny Cunningham","LA","RB",26,3,8,2.34,1.66,2.876,0.821462111116514,59,0.0199999999999996,0,1.216,NA,57.4,5.1,4.43438635169447,NA,4.2,NA
2556118,"Dwayne Washington","DET","RB",NA,0,10,2.34,2.038,2.342,0.268700576850888,59,0.0449999999999999,0,0.304,NA,57.4,8.1,5.64893545367547,NA,2.6,NA
2495835,"Anthony Fasano","TEN","TE",32,10,13,2.3,1.06,2.34,1.13137084989848,34,0.0500000000000003,5,1.28,NA,33.2,7.3,7.64268578269132,NA,0.9,NA
2540178,"Knile Davis","KC","RB",25,3,5,2.3,0.23,2.07,1.62634559672906,61,0.0425,0,1.84,NA,NA,NA,5.26598554114438,NA,1.7,NA
927,"Justin Forsett","DET","RB",31,8,10,2.29,0.229,2.061,1.61927452891719,62,0.1575,0,1.832,NA,59.9,7.9,6.53875264077769,NA,NA,NA
2495888,"Marcedes Lewis","JAC","TE",32,10,5,2.29,1.598,2.382,0.692964645562817,35,0.155,5,0.784,NA,31.7,4,4.90538907482888,NA,2.3,NA
2536044,"Jamize Olawale","OAK","RB",27,4,10,2.225,0.725,2.525,1.59099025766973,63,0.23,0,1.8,NA,NA,NA,5.21373327296654,NA,0.4,NA
2539995,"Mychal Rivera","OAK","TE",26,3,10,2.21,1.502,2.318,0.721248916810278,36,0.19,5,0.816,NA,29.8,4.6,5.34860366484667,NA,0.6,NA
2550328,"Brandon Coleman","NO","WR",24,2,5,2.2,2,2.24,0.173205080756888,93,0.0274999999999999,9,0.24,NA,84.3,5.9,3.76419990107042,NA,2.5,NA
2556462,"Robby Anderson","NYJ","WR",23,0,11,2.195,0.859,2.931,1.83140656327316,94,0.0499999999999998,9,2.072,NA,76.4,7.5,5.61212685069889,NA,4.9,NA
2555473,"Ricardo Louis","CLE","WR",NA,0,13,2.15,1.41,2.29,0.777817459305203,95,0.0150000000000006,9,0.88,NA,NA,NA,3.90007664766301,NA,0,NA
2541388,"Brice Butler","DAL","WR",26,3,7,2.14,1.08,3.016,1.29722781345452,96,0.0400000000000005,9,1.936,NA,89,6.2,4.69594149068658,NA,0.9,NA
2555477,"Charone Peake","NYJ","WR",24,0,11,2.13,1.44,2.632,0.745452882481515,97,0.118333333333333,9,1.192,NA,NA,NA,3.8534862952186,NA,NA,NA
2556606,"Jalin Marshall","NYJ","WR",NA,0,11,2.07,0.766,3.374,2.30516810666815,98,0.133333333333333,9,2.608,NA,103.4,7.1,5.78952880399181,NA,11.9,NA
2504257,"Sebastian Janikowski","OAK","K",38,16,10,2.06666666666667,1.24,2.84,1.00664459136943,20,0.116666666666667,3,1.6,NA,13.8,3,4.51930943977645,NA,12,NA
2535724,"Dominique Jones","MIA","TE",29,4,8,2.06,2.06,2.06,NA,37,0.13,5,0,NA,37.9,3.4,4.7069444965783,NA,10.2,NA
2552375,"Cameron Artis-Payne","CAR","RB",24,1,7,2.04,1.532,1.948,0.367695526217005,64,0.116666666666667,0,0.416,NA,73.9,7.5,5.39748522384033,NA,NA,NA
2506264,"Robbie Gould","NYG","K",34,11,8,2,2,2,0,21,0.133333333333333,4,0,NA,16.7,2.7,2.42972304351193,NA,4,NA
2540203,"Levine Toilolo","ATL","TE",25,3,11,1.98,0.84,3.032,1.5274815874504,38,0.13,5,2.192,NA,33,3.7,5.58276987349346,NA,9.2,NA
2541147,"Charles Johnson","MIN","WR",27,3,6,1.95333333333333,0.932,2.772,1.1500144926623,99,0.0483333333333331,9,1.84,NA,85.3,7.4,5.08077884857164,NA,0.9,NA
2533437,"Ronnie Hillman","MIN","RB",25,4,6,1.95,0.39,3.51,2.75771644662754,65,0.0591666666666664,0,3.12,NA,56.3,5,5.81109769956776,NA,6.2,NA
497270,"Arrelious Benn","JAC","WR",28,6,5,1.92,1.92,1.92,NA,100,0.1,9,0,NA,106.2,6.3,4.82588995750764,NA,1.6,NA
2506677,"Matt Prater","DET","K",32,10,10,1.9,1.14,2.74,1.01488915650922,22,0.0833333333333333,4,1.6,NA,16.5,3.9,7.05861791800697,NA,15,NA
2533460,"Robert Turbin","IND","RB",27,4,10,1.89666666666667,1.34,2.452,0.695005995177979,66,0.0116666666666665,0,1.112,NA,52.4,5.5,4.55734277949412,NA,2.3,NA
2495331,"Aldrick Robinson","ATL","WR",28,5,11,1.89,0.958,2.222,1.11722871427475,101,0.215,9,1.264,NA,90.8,4.9,4.0346853831375,NA,NA,NA
2507428,"Mike Tolbert","CAR","RB",31,8,7,1.885,1.197,1.973,0.685893577750951,67,0.0391666666666668,0,0.776,NA,72.1,6.4,5.03751418761975,NA,0.1,NA
2556411,"Josh Ferguson","IND","RB",23,0,10,1.885,1.227,2.243,0.898025612106915,67,0.0866666666666669,0,1.016,NA,63.9,8,6.05988007291098,NA,0.9,NA
2550284,"Trey Burton","PHI","TE",25,2,4,1.88,1.036,2.124,0.961665222413705,39,0.175,5,1.088,NA,39.5,5.7,6.36090805505568,NA,5.5,NA
2541556,"Brandon McManus","DEN","K",25,2,11,1.83333333333333,1.2,2.4,0.763762615825973,23,0.15,4,1.2,NA,8.9,2.8,3.65652055769361,NA,11,NA
497224,"Ed Dickson","CAR","TE",29,6,7,1.82,0.944,2.096,1.01823376490863,40,0.263333333333333,5,1.152,NA,39.6,4.2,5.38769898825526,NA,1.7,NA
2550542,"Kapri Bibbs","DEN","RB",23,2,11,1.80666666666667,0.78,2.876,1.41142953537657,69,0.0266666666666664,0,2.096,NA,44,4.5,4.54574448558414,NA,14,NA
2539637,"Caleb Sturgis","PHI","K",27,3,4,1.8,1.2,2.32,0.721110255092798,24,0.266666666666667,4,1.12,NA,13.8,3.3,5.00875807762507,NA,11,NA
2534571,"Bobby Rainey","NYG","RB",29,4,8,1.79,0.716,3.06,1.52522129541913,70,0.0799999999999998,0,2.344,NA,NA,NA,5.11653218411456,NA,NA,NA
2539289,"Kenjon Barner","PHI","RB",27,3,4,1.77,1.444,1.796,0.311126983722081,71,0.155,0,0.352,NA,62.9,6.8,4.97697943646657,NA,6.3,NA
2553737,"Eli Rogers","PIT","WR",NA,NA,8,1.75,1.15,2.35,1.06066017177982,102,0.205,9,1.2,NA,75.8,7.3,4.97556413980561,NA,10.3,NA
2555432,"Andy Janovich","DEN","RB",23,0,11,1.65,0.99,1.71,0.636396103067893,72,0.138333333333333,0,0.72,NA,NA,NA,3.8029220321646,NA,NA,NA
2556697,"Bryce Treggs","PHI","WR",22,0,4,1.6,1.6,1.6,NA,103,0.115,9,0,NA,NA,NA,NA,NA,6.9,NA
2553454,"Geoff Swaim","DAL","TE",NA,NA,7,1.59,0.578,2.002,1.25865007051205,41,0.126666666666667,5,1.424,NA,44.2,3.3,5.02249356599315,NA,1.1,NA
2555461,"Wendell Smallwood","PHI","RB",22,0,4,1.58,1.292,1.98,0.470319040652194,73,0.301666666666667,0,0.688,NA,59.6,7.2,5.3110180562401,NA,2.5,NA
2553112,"Jason Myers","JAC","K",NA,NA,5,1.56666666666667,1.14,1.94,0.513160143944688,25,0.816666666666667,5,0.8,NA,22.7,3.5,5.31327021553073,NA,2,NA
2507218,"Brent Celek","PHI","TE",31,9,4,1.52333333333333,0.92,2.096,0.821360659718575,42,0.374166666666667,5,1.176,NA,31.6,4.5,5.38577696023903,NA,NA,NA
2507401,"Dan Carpenter","BUF","K",31,8,10,1.5,1.1,1.9,0.5,26,1.5,5,0.8,NA,21.7,3.3,4.734951671734,NA,5,NA
497320,"Andre Roberts","DET","WR",28,6,10,1.49,0.558,1.822,1.11722871427475,104,0.03,9,1.264,NA,94.5,4.8,3.99378557836396,NA,2.7,NA
2543638,"DeAnthony Thomas","KC","WR",23,2,5,1.48,0.984,1.976,0.876812408671319,105,0.0675000000000001,9,0.992,NA,NA,NA,4.0425846003024,NA,0,NA
2552477,"Aaron Ripkowski","GB","RB",NA,NA,4,1.44333333333333,1.26,1.604,0.220529665426974,74,0.336666666666667,0,0.344,NA,48.1,6.1,4.53132779041653,NA,0.7,NA
2543491,"Paul Richardson","SEA","WR",24,2,5,1.44,1.152,1.728,0.509116882454314,106,0.1125,9,0.576,NA,94,4.8,3.55608258097155,NA,1.5,NA
2550405,"Erik Swoope","IND","TE",24,2,10,1.40333333333333,0.568,2,1.03345698184943,43,0.555833333333333,5,1.432,NA,27.2,3.9,5.1971985334624,NA,0.7,NA
2532978,"Jarius Wright","MIN","WR",27,4,6,1.385,0.973,1.797,0.728319984622144,107,0.175,9,0.824,NA,NA,NA,3.82882267134332,NA,NA,NA
2556396,"Chester Rogers","IND","WR",22,0,10,1.27,0.766,1.774,0.89095454429505,108,0.1625,10,1.008,NA,NA,NA,4.06294287925088,NA,0,NA
2539287,"Landry Jones","PIT","QB",27,3,8,1.168,0.3726,1.4334,0.937623591853362,28,0.684,6,1.0608,NA,27.3,1.2,3.65108350718035,NA,NA,NA
2539203,"Cobi Hamilton","PIT","WR",26,3,8,1.15,0.115,1.035,0.81317279836453,109,0.0925,10,0.92,NA,83.7,13.4,7.29231729019262,NA,0,NA
2552631,"Javorius Allen","BAL","RB",25,1,8,1.11333333333333,0.492,1.58,0.757979771058129,75,0.165833333333333,0,1.088,NA,65.6,9.4,6.7137999310832,NA,NA,NA
497204,"C.J. Spiller","NYJ","RB",29,6,11,1.1,0.22,1.98,1.5556349186104,76,0.310833333333333,0,1.76,NA,76.6,7.9,6.49172559941762,NA,NA,NA
2555209,"Chris Moore","BAL","WR",23,0,8,1.065,1.037,1.093,0.0494974746830584,110,0.0400000000000003,10,0.0559999999999998,NA,102.8,8.4,4.69765351990631,NA,0,NA
2556460,"Geronimo Allison","GB","WR",22,0,4,1.05,0.105,0.945,0.742462120245875,111,0.0525,10,0.84,NA,91.7,15.9,8.26391671216003,NA,0,NA
222,"Harry Douglas","TEN","WR",32,8,13,1,0.2,1.8,1.4142135623731,112,0.015,10,1.6,NA,107.3,15,8.37932759422462,NA,4.8,NA
2528181,"Bryan Walters","JAC","WR",29,6,5,0.995,0.591,1.399,0.714177848998413,113,0.0575,10,0.808,NA,93.3,14.6,7.71186097115547,NA,-3,NA
2543619,"Walt Powell","BUF","WR",25,2,10,0.975,0.955,0.995,0.0353553390593275,114,0.075,10,0.0400000000000001,NA,88.2,5.4,3.46048023722572,NA,0.9,NA
2553725,"Bradley Marquez","LA","WR",NA,NA,8,0.9,0.9,0.9,NA,115,0.13,10,0,NA,106.5,7.4,5.72568566252562,NA,0,NA
2556399,"Tevaun Smith","IND","WR",23,0,10,0.9,0.9,0.9,NA,115,0.265,10,0,NA,NA,NA,NA,NA,NA,NA
2540211,"Gavin Escobar","DAL","TE",25,3,7,0.895,0.359,0.831,0.417193000900063,44,0.185,6,0.472,NA,NA,NA,3.69307566320585,NA,6.2,NA
2553451,"Neal Sterling","JAC","TE",NA,NA,5,0.8,0.8,0.8,NA,45,0.206666666666667,6,0,NA,NA,NA,NA,NA,NA,NA
2555230,"Kenyan Drake","MIA","RB",NA,0,8,0.795,0.391,1.199,0.714177848998413,77,0.0283333333333334,0,0.808,NA,66.8,8.3,6.08632587829063,NA,0.6,NA
2506874,"Reggie Bush","BUF","RB",31,10,10,0.783333333333333,0.4,1.08,0.464578662158878,78,0.0358333333333333,0,0.68,NA,NA,NA,3.54899005926103,NA,2.2,NA
2495470,"Stevan Ridley","ATL","RB",27,5,11,0.75,0.15,1.35,1.06066017177982,79,0.145,0,1.2,NA,NA,NA,4.42994925029879,NA,0.7,NA
2555430,"Alex Collins","SEA","RB",22,0,5,0.745,0.381,1.109,0.643467170879758,80,0.2825,0,0.728,NA,74.2,5.9,4.73565998897626,NA,NA,NA
2552425,"Rashad Greene","JAC","WR",24,1,5,0.64,0.352,0.928,0.509116882454314,117,0.015,10,0.576,NA,NA,NA,3.51326934764182,NA,NA,NA
2535869,"Rod Streater","SF","WR",28,4,8,0.63,0.494,0.766,0.240416305603426,118,0.0175,10,0.272,NA,101.3,6.7,4.13977522165831,NA,NA,NA
2552403,"Nick OLeary","BUF","TE",24,1,10,0.62,0.476,0.764,0.254558441227157,46,0.0991666666666666,6,0.288,NA,36.4,3.6,4.16548159504955,NA,NA,NA
2555370,"Jordan Payton","CLE","WR",23,0,13,0.62,0.476,0.764,0.254558441227157,119,0.015,10,0.288,NA,NA,NA,3.14682032656911,NA,NA,NA
2532900,"Keshawn Martin","SF","WR",26,4,8,0.605,0.449,0.761,0.275771644662754,120,0,11,0.312,NA,NA,NA,3.17735774499184,NA,NA,NA
2555362,"Aaron Burbridge","SF","WR",23,0,8,0.605,0.289,0.921,0.558614357137373,120,0.00249999999999995,11,0.632,NA,96,5,3.67350917867849,NA,0,NA
2556752,"Tommylee Lewis","NO","WR",24,0,5,0.605,0.449,0.761,0.275771644662754,120,0.0149999999999999,11,0.312,NA,109,5.5,3.67442541306138,NA,NA,NA
2556381,"Mike Thomas","LA","WR",22,0,8,0.6,0.6,0.6,NA,123,0.0650000000000001,11,0,NA,92.2,11,8.67047160622086,NA,NA,NA
2535876,"Griff Whalen","SD","WR",26,4,11,0.58,0.404,0.756,0.311126983722081,124,0.0974999999999999,11,0.352,NA,88.7,9.2,5.21316603836814,NA,NA,NA
2536342,"Brandon Bostick","NYJ","TE",27,4,11,0.566666666666667,0.18,0.98,0.503322295684717,47,0.104166666666667,6,0.8,NA,43.5,7.5,7.11514231596915,NA,NA,NA
2555334,"Jared Goff","LA","QB",22,0,8,0.508,0.3756,0.5004,0.110308657865101,29,0.083,6,0.1248,NA,28.8,0.5,2.36215737523881,NA,NA,NA
2543641,"Devin Street","IND","WR",25,2,10,0.49,0.402,0.578,0.155563491861041,125,0.03,11,0.176,NA,109.2,6.5,3.99690077526577,NA,NA,NA
2555214,"Laquon Treadwell","MIN","WR",21,0,6,0.475,0.295,0.655,0.318198051533946,126,0.0475,11,0.36,NA,87.7,11.7,6.24075072744389,NA,1.5,NA
2555289,"Nick Vannett","SEA","TE",NA,0,5,0.475,0.375,0.575,0.176776695296637,48,0.0275,6,0.2,NA,41.4,8.7,7.59573708959064,NA,NA,NA
2552382,"Malcolm Brown","LA","RB",23,1,8,0.465,0.277,0.653,0.332340187157677,81,0.0174999999999999,0,0.376,NA,NA,NA,3.3535525258351,NA,0,NA
2550474,"Antonio Andrews","TEN","RB",24,2,13,0.46,0.412,0.508,0.0848528137423857,82,0.0525,0,0.096,NA,NA,NA,2.98778664859015,NA,1.5,NA
2540173,"Tyler Bray","KC","QB",25,3,5,0.46,0.46,0.46,NA,30,0.085,6,0,NA,NA,NA,NA,NA,NA,NA
497258,"Andrew Quarless","FA","TE",28,6,NA,0.45,0.045,0.405,0.318198051533946,49,0.0125,6,0.36,NA,NA,NA,3.48334413927064,NA,NA,NA
2535966,"Brenton Bersin","CAR","WR",26,3,7,0.445,0.409,0.481,0.0636396103067893,127,0.04,11,0.072,NA,NA,NA,2.87198356076458,NA,NA,NA
2555364,"Tyler Higbee","LA","TE",23,0,8,0.445,0.241,0.649,0.360624458405139,50,0.03,6,0.408,NA,35.8,7,6.61960444978717,NA,3.1,NA
2539260,"Denard Robinson","JAC","RB",26,3,5,0.435,0.407,0.463,0.0494974746830584,83,0.0825,0,0.056,NA,NA,NA,2.9355343804123,NA,NA,NA
2552660,"Randall Telfer","CLE","TE",24,1,13,0.43,0.374,0.486,0.0989949493661167,51,0.0375,6,0.112,NA,NA,NA,3.01893862198554,NA,NA,NA
2543590,"Cody Latimer","DEN","WR",24,2,11,0.41,0.258,0.562,0.268700576850888,128,0.015,11,0.304,NA,NA,NA,3.1671786055176,NA,NA,NA
2552622,"Chris Manhertz","CAR","TE",NA,NA,7,0.4,0.16,0.64,0.424264068711929,52,0.0175,6,0.48,NA,NA,NA,3.70805648634408,NA,NA,NA
2553621,"Lucky Whitehead","DAL","WR",NA,NA,7,0.4,0.4,0.4,NA,129,0.025,12,0,NA,102.7,3.6,2.61730049973621,NA,0,NA
2553606,"Jordan Taylor","DEN","WR",24,1,11,0.39,0.39,0.39,NA,130,0.0425,12,0,NA,99.1,4.6,3.43529659520711,NA,0.6,NA
2555263,"Kevin Hogan","CLE","QB",24,0,13,0.39,0.0780000000000001,0.702,0.551543289325507,31,0.055,6,0.624,NA,NA,NA,4.3539423183518,NA,NA,NA
2495234,"Luke Stocker","TB","TE",28,5,6,0.385,0.213,0.557,0.304055915910215,53,0.0175,6,0.344,NA,40.3,6.8,6.42193017598714,NA,NA,NA
2552399,"Jeff Heuerman","DEN","TE",24,1,11,0.38,0.284,0.476,0.169705627484771,54,0.04,6,0.192,NA,52.5,1.5,2.6292113531255,NA,NA,NA
2556273,"Darius Jackson","DAL","RB",23,0,7,0.38,0.038,0.342,0.268700576850888,84,0.0575,0,0.304,NA,NA,NA,3.25949844311497,NA,NA,NA
2555468,"Rashard Higgins","CLE","WR",22,0,13,0.36,0.036,0.324,0.254558441227157,131,0.0275,12,0.288,NA,99.2,8,4.68165182318864,NA,NA,NA
2539961,"Ryan Nassib","NYG","QB",26,3,8,0.36,0.0880000000000001,0.632,0.480832611206852,32,0.078,6,0.544,NA,NA,NA,4.26713436745353,NA,NA,NA
2555311,"Jerell Adams","NYG","TE",24,0,8,0.355,0.319,0.391,0.0636396103067893,55,0.035,6,0.072,NA,48,2.2,2.99898361395367,NA,2.4,NA
2495159,"Dwayne Harris","NYG","WR",29,5,8,0.335,0.283,0.387,0.0919238815542512,132,0.0125,12,0.104,NA,NA,NA,2.91270011866155,NA,0,NA
2556190,"Jakeem Grant","MIA","WR",24,0,8,0.33,0.306,0.354,0.0424264068711929,133,0.0175,12,0.048,NA,118,0,1.25698034919142,NA,0,NA
2495340,"Anthony Sherman","KC","RB",28,5,5,0.325,0.305,0.345,0.0353553390593274,85,0.00999999999999995,0,0.04,NA,74.9,8,5.42240240114121,NA,0.6,NA
2532835,"Rhett Ellison","MIN","TE",28,4,6,0.325,0.305,0.345,0.0353553390593274,56,0.01,6,0.04,NA,NA,NA,2.88411121374148,NA,6.5,NA
2550738,"Fitzgerald Toussaint","PIT","RB",26,2,8,0.32,0.256,0.384,0.113137084989848,86,0.01,0,0.128,NA,76.9,4.8,3.74866173462149,NA,NA,NA
497242,"Clay Harbor","DET","TE",29,6,10,0.315,0.223,0.407,0.162634559672906,57,0.00750000000000001,6,0.184,NA,NA,NA,3.1537660302296,NA,NA,NA
2552478,"Blake Bell","SF","TE",25,1,8,0.315,0.247,0.383,0.120208152801713,57,0.035,6,0.136,NA,NA,NA,3.06388109140023,NA,NA,NA
2555215,"Leonte Carroo","MIA","WR",22,0,8,0.315,0.167,0.463,0.261629509039023,134,0.0125,12,0.296,NA,NA,NA,3.15699946604335,NA,0,NA
2530763,"Patrick DiMarco","ATL","RB",27,5,11,0.31,0.238,0.382,0.127279220613579,87,0.01,0,0.144,NA,71.7,7.1,5.00342524184622,NA,6.1,NA
2550481,"Orleans Darkwa","NYG","RB",24,2,8,0.31,0.031,0.279,0.21920310216783,87,0.03,0,0.248,NA,75.4,6.7,4.85495092028801,NA,NA,NA
2555419,"Pharoh Cooper","LA","WR",21,0,8,0.31,0.031,0.279,0.21920310216783,135,0.065,12,0.248,NA,NA,NA,3.0959246291979,NA,0.3,NA
2495441,"Blaine Gabbert","SF","QB",27,5,8,0.31,0.239,0.311,0.0636396103067893,33,0.058,6,0.072,NA,NA,NA,3.75496745715373,NA,NA,NA
2550243,"Justin Perillo","GB","TE",25,2,4,0.3,0.14,0.46,0.282842712474619,59,0.04,6,0.32,NA,47.3,2.5,3.43781284446689,NA,1.8,NA
2555478,"Demarcus Robinson","KC","WR",NA,0,5,0.295,0.211,0.379,0.148492424049175,136,0.1325,12,0.168,NA,NA,NA,2.99413323445548,NA,NA,NA
230,"Jerome Felton","BUF","RB",30,8,10,0.29,0.228,0.292,0.0565685424949238,89,0.03,0,0.064,NA,77.8,7.9,5.38397751404721,NA,0.2,NA
2557531,"Troymaine Pope","FA","RB",23,0,NA,0.27,0.027,0.243,0.190918830920368,90,0.03,0,0.216,NA,79.5,1.5,2.0208205005544,NA,NA,NA
2552396,"Ben Koyack","JAC","TE",23,1,5,0.26,0.026,0.234,0.183847763108502,60,0.005,7,0.208,NA,49,5,5.05483434808819,NA,NA,NA
2555306,"David Morgan","MIN","TE",23,0,6,0.26,0.228,0.292,0.0565685424949238,60,0.0225,7,0.064,NA,NA,NA,2.92905368315617,NA,NA,NA
2539275,"Mike Glennon","TB","QB",27,3,6,0.254,0.1832,0.3048,0.107480230740355,34,0.00600000000000001,6,0.1216,NA,NA,NA,3.80878838671066,NA,7,NA
2495443,"Ryan Mallett","BAL","QB",28,5,8,0.25,0.162,0.338,0.15556349186104,35,0.0055,6,0.176,NA,NA,NA,3.86781779332148,NA,0.36,NA
2550540,"George Atkinson","CLE","RB",24,2,13,0.25,0.05,0.45,0.353553390593274,91,0.0275,0,0.4,NA,NA,NA,3.38490388674181,NA,NA,NA
2552401,"MyCole Pruitt","MIN","TE",24,1,6,0.25,0.025,0.225,0.176776695296637,62,0.0325,7,0.2,NA,NA,NA,3.18372767650606,NA,NA,NA
2504833,"Shaun Hill","MIN","QB",NA,NA,6,0.246,0.1778,0.3042,0.111722871427475,36,0.0165,6,0.1264,NA,NA,NA,3.81399686376455,NA,NA,NA
2555316,"Paxton Lynch","DEN","QB",22,0,11,0.243,0.1014,0.3846,0.250315800540038,37,0.03,6,0.2832,NA,NA,NA,3.98414044752516,NA,NA,NA
2495472,"Jordan Todman","IND","RB",26,5,10,0.23,0.174,0.286,0.0989949493661167,92,0.0175,0,0.112,NA,NA,NA,3.00868755586129,NA,NA,NA
79589,"David Johnson","PIT","TE",29,7,8,0.225,0.205,0.245,0.0353553390593274,63,0.02,7,0.04,NA,NA,NA,2.88411121374148,NA,1.5,NA
2552588,"Brett Hundley","GB","QB",23,1,4,0.216,0.0528,0.3792,0.288499566724111,38,0.01,6,0.3264,NA,NA,NA,4.03101674101023,NA,NA,NA
2552647,"Marcus Murphy","NO","RB",25,1,5,0.215,0.11,0.19,0.0707106781186548,93,0.04,0,0.08,NA,NA,NA,2.96688574131901,NA,NA,NA
79858,"Mark Sanchez","DAL","QB",30,7,7,0.21,0.042,0.378,0.29698484809835,39,0.0115,6,0.336,NA,NA,NA,4.04143369511802,NA,0.12,NA
2555227,"Jonathan Williams","BUF","RB",22,0,10,0.21,0.21,0.21,NA,94,0.075,0,0,NA,54.2,6.1,5.87434976234177,NA,0,NA
2555486,"Temarrick Hemingway","LA","TE",23,0,8,0.21,0.021,0.189,0.148492424049175,64,0.01,7,0.168,NA,NA,NA,3.12380438395314,NA,NA,NA
2506546,"Derek Anderson","CAR","QB",33,11,7,0.202,0.1076,0.2964,0.166877200360025,40,0.0115,7,0.1888,NA,NA,NA,3.8817070654652,NA,NA,NA
2535535,"Phillip Supernaw","TEN","TE",26,4,13,0.2,0.04,0.36,0.282842712474619,65,0.0225,7,0.32,NA,41.3,5.3,5.36632658192646,NA,NA,NA
2535943,"Sean McGrath","SD","TE",29,4,11,0.2,0.04,0.36,0.282842712474619,65,0.0475,7,0.32,NA,34,4.1,4.53982069444379,NA,NA,NA
2539228,"EJ Manuel","BUF","QB",26,3,10,0.195,0.079,0.311,0.205060966544099,41,0.019,7,0.232,NA,NA,NA,3.92858335895027,NA,NA,NA
2552408,"Darren Waller","BAL","WR",24,1,8,0.195,0.111,0.279,0.148492424049175,137,0.08,12,0.168,NA,NA,NA,2.99413323445548,NA,1.7,NA
2506895,"Kellen Clemens","SD","QB",33,10,11,0.186,0.0468,0.3252,0.246073159852919,42,0.021,7,0.2784,NA,NA,NA,3.97893197047127,NA,NA,NA
2552369,"Bryce Petty","NYJ","QB",25,1,11,0.166,0.0428,0.2892,0.217788888605457,43,0.00500000000000003,7,0.2464,NA,NA,NA,3.94420879011196,NA,0.76,NA
2507282,"Matt Moore","MIA","QB",32,9,8,0.164,0.0392,0.2888,0.220617315730203,44,0.00699999999999998,7,0.2496,NA,NA,NA,3.94768110814789,NA,NA,NA
2505982,"Matt Schaub","ATL","QB",35,12,11,0.158,0.0924,0.2236,0.115965512114594,45,0.00599999999999998,7,0.1312,NA,NA,NA,3.81920534081845,NA,-0.2,NA
2542065,"Matt McGloin","OAK","QB",27,3,10,0.156,0.0568,0.2552,0.175362481734264,46,0.00999999999999998,7,0.1984,NA,NA,NA,3.892124019573,NA,NA,NA
2533353,"Cory Harkey","LA","TE",26,4,8,0.155,0.119,0.191,0.0636396103067893,67,0.005,7,0.072,NA,NA,NA,2.9440345062944,NA,NA,NA
2550454,"Asante Cleveland","SD","TE",24,2,11,0.15,0.03,0.27,0.212132034355964,68,0,7,0.24,NA,NA,NA,3.25863179219721,NA,NA,NA
2552462,"Gerald Christian","FA","TE",25,1,NA,0.15,0.03,0.27,0.212132034355964,68,0.015,7,0.24,NA,NA,NA,3.25863179219721,NA,NA,NA
2552580,"A.J. Derby","DEN","TE",25,1,11,0.15,0.03,0.27,0.212132034355964,68,0.0475,7,0.24,NA,NA,NA,3.25863179219721,NA,0,NA
2556477,"Trevone Boykin","SEA","QB",23,0,5,0.148,0.0424,0.2536,0.186676190233249,47,0.024,7,0.2112,NA,NA,NA,3.90601329171672,NA,NA,NA
2506562,"Matt Cassel","TEN","QB",34,11,13,0.144,0.0902,0.1878,0.0862670273047588,48,0.04,7,0.0976,NA,NA,NA,3.78274600144117,NA,NA,NA
2539303,"Zach Line","MIN","RB",26,3,6,0.14,0.014,0.126,0.0989949493661167,95,0.02,0,0.112,NA,76.1,6.1,4.44151865910153,NA,NA,NA
2541828,"Frankie Hammond","FA","WR",NA,NA,NA,0.13,0.013,0.117,0.0919238815542512,138,0.03,12,0.104,NA,NA,NA,2.91270011866155,NA,NA,NA
2552464,"Jalston Fowler","TEN","RB",NA,NA,13,0.13,0.104,0.136,0.0282842712474619,96,0.03,0,0.032,NA,NA,NA,2.90418301950559,NA,NA,NA
2553318,"James OShaughnessy","KC","TE",NA,NA,5,0.12,0.012,0.108,0.0848528137423857,71,0.0775,7,0.096,NA,NA,NA,2.98897697570908,NA,0,NA
2495467,"Taiwan Jones","OAK","RB",28,5,10,0.11,0.011,0.099,0.0777817459305202,97,0.0275,0,0.088,NA,NA,NA,2.97733619495458,NA,NA,NA
2495425,"Scott Tolzien","IND","QB",29,5,10,0.104,0.0272,0.1808,0.135764501987817,49,0.00600000000000001,7,0.1536,NA,NA,NA,3.84351156706996,NA,NA,NA
2506053,"Luke McCown","NO","QB",35,12,5,0.104,0.0592,0.1488,0.0791959594928933,49,0.018,7,0.0896,NA,NA,NA,3.77406520635135,NA,NA,NA
1037885,"Marc Mariani","TEN","WR",29,6,13,0.1,0.02,0.18,0.14142135623731,139,0.01,12,0.16,NA,NA,NA,2.98395409498124,NA,0,NA
2506897,"Devin Hester","BAL","WR",34,10,8,0.1,0.02,0.18,0.14142135623731,139,0.06,12,0.16,NA,NA,NA,2.98395409498124,NA,0,NA
81284,"Chase Daniel","PHI","QB",30,7,4,0.092,0.0376,0.1464,0.0961665222413705,51,0.023,7,0.1088,NA,NA,NA,3.79489911456693,NA,NA,NA
2553650,"Corey Grant","JAC","RB",NA,NA,5,0.09,0.00900000000000001,0.081,0.0636396103067893,98,0.0275,0,0.072,NA,NA,NA,2.95643528768344,NA,NA,NA
2539645,"Brandon Williams","SEA","TE",29,4,5,0.085,0.073,0.097,0.0212132034355964,72,0.085,7,0.024,NA,51,5,4.88255488199855,NA,1.6,NA
2507029,"Eric Weems","ATL","WR",31,9,11,0.08,0.064,0.096,0.0282842712474619,141,0.08,12,0.032,NA,NA,NA,2.82108786339337,NA,0,NA
2543605,"Zach Mettenberger","PIT","QB",25,2,8,0.08,0.00800000000000001,0.072,0.0565685424949238,52,0.041,8,0.064,NA,NA,NA,3.7462866620639,NA,NA,NA
2552636,"Michael Burton","DET","RB",24,1,10,0.075,0.055,0.095,0.0353553390593274,99,0.05,0,0.04,NA,NA,NA,2.91463347314116,NA,0,NA
252,"Chad Henne","JAC","QB",31,8,5,0.058,0.0426,0.0634,0.0183847763108502,53,0.048,8,0.0208,NA,NA,NA,3.69941036857883,NA,NA,NA
2550235,"Roosevelt Nix","PIT","RB",NA,NA,8,0.05,0.05,0.05,NA,100,0.05,0,0,NA,NA,NA,NA,NA,NA,NA
2506481,"Dan Orlovsky","DET","QB",33,11,10,0.02,0.002,0.018,0.014142135623731,54,0.02,8,0.016,NA,NA,NA,3.69420189152494,NA,NA,NA
184,"Donnie Avery","FA","WR",32,8,NA,0,0,0,NA,142,0,12,0,NA,NA,NA,NA,NA,NA,NA
206,"Andre Caldwell","DET","WR",31,8,10,0,0,0,0,142,0,12,0,NA,NA,NA,2.7803713054964,NA,NA,NA
216,"Fred Davis","FA","TE",30,8,NA,0,0,0,NA,73,0,7,0,NA,NA,NA,NA,NA,NA,NA
264,"Josh Johnson","NYG","QB",30,8,8,0,0,0,0,55,0,8,0,NA,NA,NA,3.67684030134528,NA,NA,NA
284,"Darren McFadden","DAL","RB",29,8,7,0,0,0,NA,101,0,0,0,NA,NA,NA,NA,NA,NA,NA
318,"Jerome Simpson","FA","WR",30,8,NA,0,0,0,NA,142,0,12,0,NA,NA,NA,NA,NA,NA,NA
367,"Matt Flynn","NO","QB",31,8,5,0,0,0,NA,55,0,8,0,NA,NA,NA,NA,NA,NA,NA
768,"Steve Johnson","SD","WR",30,8,11,0,0,0,NA,142,0,12,0,NA,NA,NA,NA,NA,NA,NA
925,"Jamaal Charles","KC","RB",30,8,5,0,0,0,NA,101,0,0,0,NA,NA,NA,NA,NA,NA,NA
941,"Ray Rice","FA","RB",29,8,NA,0,0,0,NA,101,0,0,0,NA,NA,NA,NA,NA,NA,NA
1966,"John Carlson","FA","TE",32,8,NA,0,0,0,NA,73,0,7,0,NA,NA,NA,NA,NA,NA,NA
4231,"Jed Collins","FA","RB",30,8,NA,0,0,0,NA,101,0,0,0,NA,NA,NA,NA,NA,NA,NA
4381,"Garrett Hartley","FA","K",30,8,NA,0,0,0,NA,27,0,5,0,NA,NA,NA,NA,NA,NA,NA
4433,"Marcel Reece","FA","RB",31,8,NA,0,0,0,0,101,0,0,0,NA,NA,NA,2.86238120496331,NA,NA,NA
71247,"James Casey","FA","TE",32,7,NA,0,0,0,NA,73,0,7,0,NA,NA,NA,NA,NA,NA,NA
71255,"Chase Coffman","IND","TE",30,7,10,0,0,0,0,73,0,7,0,NA,NA,NA,2.80920709805033,NA,NA,NA
71265,"Jared Cook","GB","TE",29,7,4,0,0,0,NA,73,0,7,0,NA,NA,NA,NA,NA,NA,NA
71431,"Brandon Pettigrew","DET","TE",31,7,10,0,0,0,NA,73,0,7,0,NA,NA,NA,NA,NA,NA,NA
71435,"John Phillips","FA","TE",29,7,NA,0,0,0,0,73,0,7,0,NA,NA,NA,2.80920709805033,NA,NA,NA
79555,"Arian Foster","FA","RB",30,7,NA,0,0,0,NA,101,0,0,0,NA,NA,NA,NA,NA,NA,NA
79557,"Josh Freeman","FA","QB",28,7,NA,0,0,0,NA,55,0,8,0,NA,NA,NA,NA,NA,NA,NA
79563,"Shonn Greene","FA","RB",31,7,NA,0,0,0,NA,101,0,0,0,NA,NA,NA,NA,NA,NA,NA
79619,"Knowshon Moreno","FA","RB",29,7,NA,0,0,0,NA,101,0,0,0,NA,NA,NA,NA,NA,NA,NA
80674,"Chris Ogbonnaya","FA","RB",30,7,NA,0,0,0,NA,101,0,0,0,NA,NA,NA,NA,NA,NA,NA
81831,"Brian Hartline","FA","WR",30,7,NA,0,0,0,NA,142,0,12,0,NA,NA,NA,NA,NA,NA,NA
163982,"Will Johnson","NYG","RB",27,5,8,0,0,0,NA,101,0,0,0,NA,NA,NA,NA,NA,NA,NA
496812,"Erik Lorig","FA","RB",30,6,NA,0,0,0,NA,101,0,0,0,NA,NA,NA,NA,NA,NA,NA
497108,"Jimmy Clausen","FA","QB",28,6,NA,0,0,0,NA,55,0,8,0,NA,NA,NA,NA,NA,NA,NA
497121,"Thad Lewis","SF","QB",29,6,8,0,0,0,NA,55,0,8,0,NA,NA,NA,NA,NA,NA,NA
497145,"Joique Bell","FA","RB",30,6,NA,0,0,0,NA,101,0,0,0,NA,NA,NA,NA,NA,NA,NA
497172,"Anthony Dixon","FA","RB",29,6,NA,0,0,0,NA,101,0,0,0,NA,NA,NA,NA,NA,NA,NA
497174,"Jonathan Dwyer","FA","RB",27,6,NA,0,0,0,NA,101,0,0,0,NA,NA,NA,NA,NA,NA,NA
497176,"Toby Gerhart","FA","RB",29,6,NA,0,0,0,NA,101,0,0,0,NA,NA,NA,NA,NA,NA,NA
497190,"Dexter McCluster","SD","RB",28,6,11,0,0,0,NA,101,0,0,0,NA,64.5,8.1,8.03837246423598,NA,NA,NA
497218,"Trindon Holliday","FA","WR",30,6,NA,0,0,0,NA,142,0,12,0,NA,NA,NA,NA,NA,NA,NA
497226,"Jim Dray","FA","TE",30,6,NA,0,0,0,0,73,0,7,0,NA,NA,NA,2.80920709805033,NA,NA,NA
497234,"Garrett Graham","DEN","TE",30,6,11,0,0,0,NA,73,0,7,0,NA,NA,NA,NA,NA,NA,NA
497246,"Michael Hoomanawanui","NO","TE",28,6,5,0,0,0,NA,73,0,7,0,NA,NA,NA,NA,NA,NA,NA
497250,"Anthony McCoy","FA","TE",29,6,NA,0,0,0,NA,73,0,7,0,NA,NA,NA,NA,NA,NA,NA
497256,"Tony Moeaki","FA","TE",29,6,NA,0,0,0,NA,73,0,7,0,NA,NA,NA,NA,NA,NA,NA
497260,"Seyi Ajirotutu","PHI","WR",29,6,4,0,0,0,NA,142,0,12,0,NA,NA,NA,NA,NA,NA,NA
497282,"Riley Cooper","FA","WR",29,6,NA,0,0,0,0,142,0,12,0,NA,NA,NA,2.7803713054964,NA,NA,NA
497284,"Eric Decker","NYJ","WR",29,6,11,0,0,0,NA,142,0,12,0,NA,NA,NA,NA,NA,NA,NA
497286,"Marcus Easley","BUF","WR",29,6,10,0,0,0,NA,142,0,12,0,NA,NA,NA,NA,NA,NA,NA
497288,"Jacoby Ford","FA","WR",29,6,NA,0,0,0,NA,142,0,12,0,NA,NA,NA,NA,NA,NA,NA
1037347,"Joe Webb","CAR","QB",30,6,7,0,0,0,NA,55,0,8,0,NA,NA,NA,NA,NA,NA,NA
1037366,"Michael Palmer","FA","TE",28,6,NA,0,0,0,NA,73,0,7,0,NA,NA,NA,NA,NA,NA,NA
1037847,"Deji Karim","FA","RB",30,6,NA,0,0,0,NA,101,0,0,0,NA,NA,NA,NA,NA,NA,NA
2495150,"Kai Forbath","FA","K",29,5,NA,0,0,0,0,27,0,6,0,NA,NA,NA,1.49664912016042,NA,NA,NA
2495158,"Leonard Hankerson","FA","WR",28,5,NA,0,0,0,NA,142,0,12,0,NA,NA,NA,NA,NA,NA,NA
2495161,"Roy Helu","FA","RB",28,5,NA,0,0,0,NA,101,0,0,0,NA,NA,NA,NA,NA,NA,NA
2495162,"Alex Henery","FA","K",29,5,NA,0,0,0,NA,27,0,5,0,NA,NA,NA,NA,NA,NA,NA
2495172,"Kendall Hunter","NO","RB",28,5,5,0,0,0,NA,101,0,0,0,NA,NA,NA,NA,NA,NA,NA
2495179,"Jerrel Jernigan","FA","WR",27,5,NA,0,0,0,NA,142,0,12,0,NA,NA,NA,NA,NA,NA,NA
2495181,"Jerrod Johnson","DAL","QB",28,5,7,0,0,0,NA,55,0,8,0,NA,NA,NA,NA,NA,NA,NA
2495192,"Greg Little","FA","WR",27,5,NA,0,0,0,NA,142,0,12,0,NA,NA,NA,NA,NA,NA,NA
2495215,"Christian Ponder","SF","QB",28,5,8,0,0,0,0,55,0,8,0,NA,NA,NA,3.67684030134528,NA,NA,NA
2495267,"Jordan Cameron","MIA","TE",28,5,8,0,0,0,NA,73,0,7,0,NA,NA,NA,NA,NA,NA,NA
2495306,"Ricardo Lockette","FA","WR",30,5,NA,0,0,0,NA,142,0,12,0,NA,NA,NA,NA,NA,NA,NA
2495314,"Bruce Miller","FA","RB",29,5,NA,0,0,0,0,101,0,0,0,NA,NA,NA,2.86238120496331,NA,NA,NA
2495449,"Tandon Doss","FA","WR",27,5,NA,0,0,0,NA,142,0,12,0,NA,NA,NA,NA,NA,NA,NA
2495558,"Dwayne Bowe","FA","WR",32,9,NA,0,0,0,0,142,0,12,0,NA,NA,NA,2.7803713054964,NA,NA,NA
2495560,"Ahmad Bradshaw","FA","RB",30,9,NA,0,0,0,NA,101,0,0,0,NA,NA,NA,NA,NA,NA,NA
2495573,"Scott Chandler","FA","TE",31,9,NA,0,0,0,NA,73,0,7,0,NA,NA,NA,NA,NA,NA,NA
2495651,"Jacoby Jones","FA","WR",32,9,NA,0,0,0,NA,142,0,12,0,NA,NA,NA,NA,NA,NA,NA
2495660,"Brian Leonard","FA","RB",32,9,NA,0,0,0,NA,101,0,0,0,NA,NA,NA,NA,NA,NA,NA
2495663,"Marshawn Lynch","FA","RB",30,9,NA,0,0,0,NA,101,0,0,0,NA,NA,NA,NA,NA,NA,NA
2495801,"Miles Austin","FA","WR",32,10,NA,0,0,0,NA,142,0,12,0,NA,NA,NA,NA,NA,NA,NA
2495802,"Jason Avant","KC","WR",33,10,5,0,0,0,NA,142,0,12,0,NA,NA,NA,NA,NA,NA,NA
2495821,"Marques Colston","FA","WR",33,10,NA,0,0,0,NA,142,0,12,0,NA,NA,NA,NA,NA,NA,NA
2495825,"Owen Daniels","FA","TE",34,10,NA,0,0,0,NA,73,0,7,0,NA,NA,NA,NA,NA,NA,NA
2495838,"Bruce Gradkowski","PIT","QB",33,10,8,0,0,0,NA,55,0,8,0,NA,NA,NA,NA,NA,NA,NA
2495843,"Derek Hagan","FA","WR",32,10,NA,0,0,0,NA,142,0,12,0,NA,NA,NA,NA,NA,NA,NA
2495863,"Tarvaris Jackson","FA","QB",33,10,NA,0,0,0,NA,55,0,8,0,NA,NA,NA,NA,NA,NA,NA
2495867,"Greg Jennings","FA","WR",33,10,NA,0,0,0,NA,142,0,12,0,NA,NA,NA,NA,NA,NA,NA
2495974,"Charlie Whitehurst","FA","QB",34,10,NA,0,0,0,NA,55,0,8,0,NA,NA,NA,NA,NA,NA,NA
2499248,"Kris Durham","FA","WR",28,5,NA,0,0,0,NA,142,0,12,0,NA,NA,NA,NA,NA,NA,NA
2499255,"Richard Gordon","BAL","TE",29,5,8,0,0,0,NA,73,0,7,0,NA,NA,NA,NA,NA,NA,NA
2499277,"David Ausberry","FA","TE",29,5,NA,0,0,0,NA,73,0,7,0,NA,NA,NA,NA,NA,NA,NA
2504162,"Shayne Graham","FA","K",NA,NA,NA,0,0,0,0,27,0,5,0,NA,NA,NA,1.49664912016042,NA,NA,NA
2504941,"Billy Cundiff","FA","K",36,14,NA,0,0,0,NA,27,0,5,0,NA,NA,NA,NA,NA,NA,NA
2505354,"Tony Romo","DAL","QB",36,13,7,0,0,0,NA,55,0,8,0,NA,NA,NA,NA,NA,NA,NA
2505459,"Josh Brown","FA","K",37,13,NA,0,0,0,NA,27,0,5,0,NA,NA,NA,NA,NA,NA,NA
2505551,"Andre Johnson","FA","WR",35,13,NA,0,0,0,NA,142,0,12,0,NA,NA,NA,NA,NA,NA,NA
2506004,"Jerricho Cotchery","FA","WR",34,12,NA,0,0,0,NA,142,0,12,0,NA,NA,NA,NA,NA,NA,NA
2506063,"Josh Scobee","FA","K",34,12,NA,0,0,0,NA,27,0,5,0,NA,NA,NA,NA,NA,NA,NA
2506222,"Josh Cribbs","FA","WR",33,11,NA,0,0,0,NA,142,0,12,0,NA,NA,NA,NA,NA,NA,NA
2506341,"Ronnie Brown","FA","RB",35,11,NA,0,0,0,NA,101,0,0,0,NA,NA,NA,NA,NA,NA,NA
2506400,"Vincent Jackson","TB","WR",33,11,6,0,0,0,NA,142,0,12,0,NA,NA,NA,NA,NA,NA,NA
2506619,"Daniel Fells","NYG","TE",33,10,8,0,0,0,NA,73,0,7,0,NA,NA,NA,NA,NA,NA,NA
2506871,"Fred Jackson","FA","RB",35,10,NA,0,0,0,NA,101,0,0,0,NA,NA,NA,NA,NA,NA,NA
2506885,"Santonio Holmes","FA","WR",32,10,NA,0,0,0,NA,142,0,12,0,NA,NA,NA,NA,NA,NA,NA
2507164,"Adrian Peterson","MIN","RB",31,9,6,0,0,0,NA,101,0,0,0,NA,NA,NA,NA,NA,NA,NA
2507170,"Zach Miller","FA","TE",31,9,NA,0,0,0,NA,73,0,7,0,NA,NA,NA,NA,NA,NA,NA
2507183,"James Jones","FA","WR",32,9,NA,0,0,0,0,142,0,12,0,NA,NA,NA,2.7803713054964,NA,NA,NA
2507237,"Jordan Palmer","FA","QB",32,9,NA,0,0,0,NA,55,0,8,0,NA,NA,NA,NA,NA,NA,NA
2507278,"Jackie Battle","FA","RB",33,9,NA,0,0,0,NA,101,0,0,0,NA,NA,NA,NA,NA,NA,NA
2507405,"Matthew Mulligan","DET","TE",31,8,10,0,0,0,NA,73,0,7,0,NA,NA,NA,NA,NA,NA,NA
2507486,"Kellen Davis","NYJ","TE",31,8,11,0,0,0,NA,73,0,7,0,NA,NA,NA,NA,NA,NA,NA
2507779,"Donald Brown","FA","RB",29,7,NA,0,0,0,NA,101,0,0,0,NA,NA,NA,NA,NA,NA,NA
2507883,"Jeff Cumberland","SD","TE",29,6,11,0,0,0,NA,73,0,7,0,NA,NA,NA,NA,NA,NA,NA
2508051,"John Conner","FA","RB",29,6,NA,0,0,0,NA,101,0,0,0,NA,NA,NA,NA,NA,NA,NA
2508096,"Tyler Clutts","FA","RB",32,6,NA,0,0,0,NA,101,0,0,0,NA,NA,NA,NA,NA,NA,NA
2508112,"Rob Housler","FA","TE",28,5,NA,0,0,0,NA,73,0,7,0,NA,NA,NA,NA,NA,NA,NA
2508115,"Vincent Brown","FA","WR",27,5,NA,0,0,0,0,142,0,12,0,NA,NA,NA,2.7803713054964,NA,NA,NA
2530516,"Robert Hughes","FA","RB",27,5,NA,0,0,0,NA,101,0,0,0,NA,NA,NA,NA,NA,NA,NA
2530575,"Drew Davis","FA","WR",27,4,NA,0,0,0,NA,142,0,12,0,NA,NA,NA,NA,NA,NA,NA
2530598,"Jeremy Ross","FA","WR",28,5,NA,0,0,0,NA,142,0,12,0,NA,NA,NA,NA,NA,NA,NA
2530699,"Henry Hynoski","FA","RB",28,5,NA,0,0,0,NA,101,0,0,0,NA,NA,NA,NA,NA,NA,NA
2530713,"Jeff Maehl","FA","WR",27,5,NA,0,0,0,NA,142,0,12,0,NA,NA,NA,NA,NA,NA,NA
2531218,"Chase Reynolds","LA","RB",29,4,8,0,0,0,NA,101,0,0,0,NA,NA,NA,NA,NA,NA,NA
2532799,"Jarrett Boykin","FA","WR",27,4,NA,0,0,0,NA,142,0,12,0,NA,NA,NA,NA,NA,NA,NA
2532802,"LaVon Brazill","FA","WR",27,4,NA,0,0,0,NA,142,0,12,0,NA,NA,NA,NA,NA,NA,NA
2532807,"Ryan Broyles","FA","WR",28,4,NA,0,0,0,NA,142,0,12,0,NA,NA,NA,NA,NA,NA,NA
2532823,"Juron Criner","FA","WR",27,4,NA,0,0,0,NA,142,0,12,0,NA,NA,NA,NA,NA,NA,NA
2532850,"T.J. Graham","FA","WR",27,4,NA,0,0,0,NA,142,0,12,0,NA,NA,NA,NA,NA,NA,NA
2532851,"Cyrus Gray","ATL","RB",27,4,11,0,0,0,NA,101,0,0,0,NA,NA,NA,NA,NA,NA,NA
2532853,"Ladarius Green","PIT","TE",26,4,8,0,0,0,NA,73,0,7,0,NA,NA,NA,NA,NA,NA,NA
2532862,"Junior Hemingway","FA","WR",28,4,NA,0,0,0,NA,142,0,12,0,NA,NA,NA,NA,NA,NA,NA
2532864,"Dan Herron","FA","RB",27,4,NA,0,0,0,0,101,0,0,0,NA,NA,NA,2.86238120496331,NA,NA,NA
2532876,"A.J. Jenkins","FA","WR",26,4,NA,0,0,0,NA,142,0,12,0,NA,NA,NA,NA,NA,NA,NA
2532894,"Ryan Lindley","FA","QB",27,4,NA,0,0,0,NA,55,0,8,0,NA,NA,NA,NA,NA,NA,NA
2532899,"Doug Martin","TB","RB",27,4,6,0,0,0,NA,101,0,0,0,NA,NA,NA,NA,NA,NA,NA
2532917,"Kellen Moore","DAL","QB",27,4,7,0,0,0,NA,55,0,8,0,NA,NA,NA,NA,NA,NA,NA
2532926,"Isaiah Pead","FA","RB",27,4,NA,0,0,0,0,101,0,0,0,NA,NA,NA,2.86238120496331,NA,NA,NA
2532960,"Nick Toon","FA","WR",28,4,NA,0,0,0,NA,142,0,12,0,NA,NA,NA,NA,NA,NA,NA
2533012,"Vick Ballard","FA","RB",26,4,NA,0,0,0,NA,101,0,0,0,NA,NA,NA,NA,NA,NA,NA
2533028,"James Hanna","DAL","TE",27,4,7,0,0,0,NA,73,0,7,0,NA,NA,NA,NA,NA,NA,NA
2533030,"Jonas Gray","FA","RB",26,4,NA,0,0,0,NA,101,0,0,0,NA,NA,NA,NA,NA,NA,NA
2533032,"Trent Richardson","FA","RB",25,4,NA,0,0,0,NA,101,0,0,0,NA,NA,NA,NA,NA,NA,NA
2533033,"Robert Griffin","CLE","QB",26,4,13,0,0,0,NA,55,0,8,0,NA,NA,NA,NA,NA,NA,NA
2533036,"LaMichael James","FA","RB",27,4,NA,0,0,0,NA,101,0,0,0,NA,NA,NA,NA,NA,NA,NA
2533038,"Justin Blackmon","JAC","WR",26,4,5,0,0,0,NA,142,0,12,0,NA,NA,NA,NA,NA,NA,NA
2533047,"Orson Charles","DET","TE",25,4,10,0,0,0,0,73,0,7,0,NA,NA,NA,2.80920709805033,NA,NA,NA
2533349,"Austin Davis","DEN","QB",27,4,11,0,0,0,0,55,0,8,0,NA,NA,NA,3.67684030134528,NA,NA,NA
2533444,"Randy Bullock","FA","K",27,4,NA,0,0,0,0,27,0,5,0,NA,NA,NA,1.49664912016042,NA,NA,NA
2533533,"Rueben Randle","FA","WR",25,4,NA,0,0,0,NA,142,0,12,0,NA,NA,NA,NA,NA,NA,NA
2533537,"Stephen Hill","FA","WR",25,4,NA,0,0,0,NA,142,0,12,0,NA,NA,NA,NA,NA,NA,NA
2533540,"Edwin Baker","FA","RB",25,4,NA,0,0,0,NA,101,0,0,0,NA,NA,NA,NA,NA,NA,NA
2533545,"Bernard Pierce","FA","RB",25,4,NA,0,0,0,NA,101,0,0,0,NA,NA,NA,NA,NA,NA,NA
2534244,"Chase Ford","FA","TE",26,4,NA,0,0,0,NA,73,0,7,0,NA,NA,NA,NA,NA,NA,NA
2534437,"Austin Johnson","FA","RB",27,3,NA,0,0,0,0,101,0,0,0,NA,NA,NA,2.86238120496331,NA,NA,NA
2534789,"Daryl Richardson","FA","RB",26,4,NA,0,0,0,0,101,0,0,0,NA,NA,NA,2.86238120496331,NA,NA,NA
2534796,"Bryce Brown","FA","RB",25,4,NA,0,0,0,NA,101,0,0,0,NA,NA,NA,NA,NA,NA,NA
2534870,"Alex Tanney","FA","QB",29,4,NA,0,0,0,NA,55,0,8,0,NA,NA,NA,NA,NA,NA,NA
2534871,"Derrick Coleman","FA","RB",26,4,NA,0,0,0,NA,101,0,0,0,NA,NA,NA,NA,NA,NA,NA
2534889,"Matt Simms","FA","QB",28,4,NA,0,0,0,0,55,0,8,0,NA,NA,NA,3.67684030134528,NA,NA,NA
2535634,"Chris Givens","FA","WR",27,4,NA,0,0,0,0,142,0,12,0,NA,NA,NA,2.7803713054964,NA,NA,NA
2535696,"Joe Banyard","JAC","RB",28,4,5,0,0,0,0,101,0,0,0,NA,NA,NA,2.86238120496331,NA,NA,NA
2535882,"Mike Brown","FA","WR",27,4,NA,0,0,0,NA,142,0,12,0,NA,NA,NA,NA,NA,NA,NA
2536031,"Damaris Johnson","FA","WR",27,4,NA,0,0,0,NA,142,0,12,0,NA,NA,NA,NA,NA,NA,NA
2536071,"Cooper Helfet","FA","TE",27,5,NA,0,0,0,NA,73,0,7,0,NA,NA,NA,NA,NA,NA,NA
2536532,"Jorvorskie Lane","FA","RB",29,4,NA,0,0,0,NA,101,0,0,0,NA,NA,NA,NA,NA,NA,NA
2537931,"Josh Gordon","CLE","WR",25,4,13,0,0,0,NA,142,0,12,0,NA,NA,NA,NA,NA,NA,NA
2539202,"Chris Gragg","BUF","TE",26,3,10,0,0,0,NA,73,0,7,0,NA,NA,NA,NA,NA,NA,NA
2539214,"Kenbrell Thompkins","FA","WR",28,3,NA,0,0,0,NA,142,0,12,0,NA,NA,NA,NA,NA,NA,NA
2539235,"Tavarres King","NYG","WR",26,3,8,0,0,0,NA,142,0,12,0,NA,NA,NA,NA,NA,NA,NA
2539246,"Chris Harper","FA","WR",27,3,NA,0,0,0,NA,142,0,12,0,NA,NA,NA,NA,NA,NA,NA
2539256,"Aaron Dobson","FA","WR",25,3,NA,0,0,0,0,142,0,12,0,NA,NA,NA,2.7803713054964,NA,NA,NA
2539327,"Joseph Fauria","FA","TE",26,3,NA,0,0,0,NA,73,0,7,0,NA,NA,NA,NA,NA,NA,NA
2539341,"Montee Ball","FA","RB",26,3,NA,0,0,0,NA,101,0,0,0,NA,NA,NA,NA,NA,NA,NA
2539674,"Rodney Smith","FA","WR",26,3,NA,0,0,0,NA,142,0,12,0,NA,NA,NA,NA,NA,NA,NA
2540005,"Marlon Brown","FA","WR",25,3,NA,0,0,0,0,142,0,12,0,NA,NA,NA,2.7803713054964,NA,NA,NA
2540154,"Keenan Allen","SD","WR",24,3,11,0,0,0,NA,142,0,12,0,NA,NA,NA,NA,NA,NA,NA
2540157,"Stedman Bailey","LA","WR",26,3,8,0,0,0,NA,142,0,12,0,NA,NA,NA,NA,NA,NA,NA
2540168,"Eddie Lacy","GB","RB",25,3,4,0,0,0,NA,101,0,0,0,NA,NA,NA,NA,NA,NA,NA
2540171,"Joseph Randle","FA","RB",25,3,NA,0,0,0,NA,101,0,0,0,NA,NA,NA,NA,NA,NA,NA
2540181,"Josh Boyce","FA","WR",25,3,NA,0,0,0,NA,142,0,12,0,NA,NA,NA,NA,NA,NA,NA
2540225,"Tommy Bohanon","FA","RB",26,3,NA,0,0,0,0,101,0,0,0,NA,NA,NA,2.86238120496331,NA,NA,NA
2540233,"Nick Kasa","FA","TE",26,3,NA,0,0,0,NA,73,0,7,0,NA,NA,NA,NA,NA,NA,NA
2540257,"Justice Cunningham","FA","TE",25,3,NA,0,0,0,NA,73,0,7,0,NA,NA,NA,NA,NA,NA,NA
2540261,"Corey Fuller","DET","WR",26,3,10,0,0,0,NA,142,0,12,0,NA,NA,NA,NA,NA,NA,NA
2540263,"Sean Renfree","FA","QB",26,3,NA,0,0,0,NA,55,0,8,0,NA,NA,NA,NA,NA,NA,NA
2540269,"C.J. Anderson","DEN","RB",25,3,11,0,0,0,NA,101,0,0,0,NA,NA,NA,NA,NA,NA,NA
2540279,"Nick Williams","FA","WR",26,3,NA,0,0,0,NA,142,0,12,0,NA,NA,NA,NA,NA,NA,NA
2541096,"Ifeanyi Momah","FA","TE",27,3,NA,0,0,0,NA,73,0,7,0,NA,NA,NA,NA,NA,NA,NA
2541185,"Ryan Griffin","TB","QB",27,3,6,0,0,0,NA,55,0,8,0,NA,NA,NA,NA,NA,NA,NA
2541314,"Justin Brown","FA","WR",25,3,NA,0,0,0,NA,142,0,12,0,NA,NA,NA,NA,NA,NA,NA
2541429,"B.J. Daniels","FA","QB",27,3,NA,0,0,0,NA,55,0,8,0,NA,NA,NA,NA,NA,NA,NA
2541432,"Michael Cox","FA","RB",27,3,NA,0,0,0,NA,101,0,0,0,NA,NA,NA,NA,NA,NA,NA
2541512,"Brian Leonhardt","OAK","TE",26,3,10,0,0,0,NA,73,0,7,0,NA,NA,NA,NA,NA,NA,NA
2541778,"Kendall Gaskins","FA","RB",26,3,NA,0,0,0,NA,101,0,0,0,NA,NA,NA,NA,NA,NA,NA
2541910,"George Winn","FA","RB",26,3,NA,0,0,0,NA,101,0,0,0,NA,NA,NA,NA,NA,NA,NA
2542022,"Khiry Robinson","FA","RB",27,3,NA,0,0,0,NA,101,0,0,0,NA,NA,NA,NA,NA,NA,NA
2542060,"Jordan Gay","BUF","K",NA,NA,10,0,0,0,NA,27,0,5,0,NA,NA,NA,NA,NA,NA,NA
2543462,"Johnny Manziel","FA","QB",24,2,NA,0,0,0,NA,55,0,8,0,NA,NA,NA,NA,NA,NA,NA
2543465,"Teddy Bridgewater","MIN","QB",24,2,6,0,0,0,NA,55,0,8,0,NA,NA,NA,NA,NA,NA,NA
2543481,"Jace Amaro","TEN","TE",24,2,13,0,0,0,0,73,0,7,0,NA,33.1,11.3,9.19923955657524,NA,NA,NA
2543502,"Tre Mason","LA","RB",23,2,8,0,0,0,NA,101,0,0,0,NA,NA,NA,NA,NA,NA,NA
2543533,"Patrick Murray","CLE","K",25,2,13,0,0,0,NA,27,0,5,0,NA,NA,NA,NA,NA,NA,NA
2543565,"Andre Williams","FA","RB",24,2,NA,0,0,0,NA,101,0,0,0,NA,NA,NA,NA,NA,NA,NA
2543570,"Storm Johnson","FA","RB",24,2,NA,0,0,0,NA,101,0,0,0,NA,NA,NA,NA,NA,NA,NA
2543572,"Martavis Bryant","PIT","WR",25,2,8,0,0,0,NA,142,0,12,0,NA,NA,NA,NA,NA,NA,NA
2543587,"Aaron Murray","FA","QB",26,2,NA,0,0,0,0,55,0,8,0,NA,NA,NA,3.67684030134528,NA,NA,NA
2543596,"Dri Archer","BUF","RB",25,2,10,0,0,0,0,101,0,0,0,NA,NA,NA,2.86238120496331,NA,NA,NA
2543646,"Bruce Ellington","SF","WR",25,2,8,0,0,0,NA,142,0,12,0,NA,NA,NA,NA,NA,NA,NA
2543690,"Marion Grice","FA","RB",24,2,NA,0,0,0,NA,101,0,0,0,NA,NA,NA,NA,NA,NA,NA
2543746,"Josh Huff","FA","WR",25,2,NA,0,0,0,0,142,0,12,0,NA,NA,NA,2.7803713054964,NA,NA,NA
2543751,"David Fales","FA","QB",26,2,NA,0,0,0,NA,55,0,8,0,NA,NA,NA,NA,NA,NA,NA
2543767,"Logan Thomas","FA","QB",25,2,NA,0,0,0,NA,55,0,8,0,NA,NA,NA,NA,NA,NA,NA
2543774,"Jared Abbrederis","FA","WR",26,2,NA,0,0,0,NA,142,0,12,0,NA,NA,NA,NA,NA,NA,NA
2543777,"Robert Herron","FA","WR",24,2,NA,0,0,0,NA,142,0,12,0,NA,NA,NA,NA,NA,NA,NA
2543781,"Zach Hocker","FA","K",25,2,NA,0,0,0,NA,27,0,5,0,NA,NA,NA,NA,NA,NA,NA
2543792,"Matt Hazel","FA","WR",24,2,NA,0,0,0,NA,142,0,12,0,NA,NA,NA,NA,NA,NA,NA
2543794,"Crockett Gillmore","BAL","TE",25,2,8,0,0,0,NA,73,0,7,0,NA,NA,NA,NA,NA,NA,NA
2543836,"T.J. Jones","FA","WR",24,2,NA,0,0,0,0,142,0,12,0,NA,NA,NA,2.7803713054964,NA,NA,NA
2550158,"Nate Freese","FA","K",26,2,NA,0,0,0,NA,27,0,5,0,NA,NA,NA,NA,NA,NA,NA
2550163,"Michael Campanaro","FA","WR",25,2,NA,0,0,0,NA,142,0,12,0,NA,NA,NA,NA,NA,NA,NA
2550182,"Isaiah Burse","SD","WR",25,2,11,0,0,0,NA,142,0,12,0,NA,105.5,3.5,2.53550089018912,NA,0,NA
2550216,"Jonathan Krause","FA","WR",NA,NA,NA,0,0,0,0,142,0,12,0,NA,NA,NA,2.7803713054964,NA,NA,NA
2550223,"Freddie Martino","TB","WR",25,2,6,0,0,0,NA,142,0,12,0,NA,101,6.7,5.153088395696,NA,0.9,NA
2550233,"Rajion Neal","CLE","RB",24,2,13,0,0,0,NA,101,0,0,0,NA,NA,NA,NA,NA,NA,NA
2550247,"Bryn Renner","FA","QB",26,2,NA,0,0,0,NA,55,0,8,0,NA,NA,NA,NA,NA,NA,NA
2550252,"Connor Shaw","CLE","QB",25,2,13,0,0,0,NA,55,0,8,0,NA,NA,NA,NA,NA,NA,NA
2550330,"Kain Colter","FA","WR",24,2,NA,0,0,0,NA,142,0,12,0,NA,NA,NA,NA,NA,NA,NA
2550355,"Nic Jacobs","FA","TE",25,2,NA,0,0,0,0,73,0,7,0,NA,NA,NA,2.80920709805033,NA,NA,NA
2550359,"Seantavius Jones","FA","WR",24,2,NA,0,0,0,NA,142,0,12,0,NA,NA,NA,NA,NA,NA,NA
2550376,"Stephen Morris","FA","QB",24,2,NA,0,0,0,NA,55,0,8,0,NA,NA,NA,NA,NA,NA,NA
2550413,"Corey Washington","FA","WR",25,2,NA,0,0,0,NA,142,0,12,0,NA,NA,NA,NA,NA,NA,NA
2550459,"Javontee Herndon","SD","WR",25,2,11,0,0,0,NA,142,0,12,0,NA,NA,NA,NA,NA,NA,NA
2550485,"Gator Hoskins","FA","TE",25,2,NA,0,0,0,NA,73,0,7,0,NA,NA,NA,NA,NA,NA,NA
2550551,"Travis Coons","FA","K",24,2,NA,0,0,0,NA,27,0,5,0,NA,NA,NA,NA,NA,NA,NA
2550596,"Darrin Reaves","FA","RB",23,2,NA,0,0,0,NA,101,0,0,0,NA,NA,NA,NA,NA,NA,NA
2550608,"RaShaun Allen","SEA","TE",26,2,5,0,0,0,0,73,0,7,0,NA,NA,NA,2.80920709805033,NA,NA,NA
2550658,"Branden Oliver","SD","RB",25,2,11,0,0,0,NA,101,0,0,0,NA,NA,NA,NA,NA,NA,NA
2551247,"Josh Harris","PIT","RB",25,2,8,0,0,0,NA,101,0,0,0,NA,NA,NA,NA,NA,NA,NA
2551359,"Jerome Cunningham","FA","TE",25,2,NA,0,0,0,0,73,0,7,0,NA,NA,NA,2.80920709805033,NA,NA,NA
2552371,"Garrett Grayson","FA","QB",25,1,NA,0,0,0,0,55,0,8,0,NA,NA,NA,3.67684030134528,NA,NA,NA
2552374,"Ameer Abdullah","DET","RB",23,1,10,0,0,0,NA,101,0,0,0,NA,NA,NA,NA,NA,NA,NA
2552376,"David Cobb","FA","RB",23,1,NA,0,0,0,0,101,0,0,0,NA,NA,NA,2.86238120496331,NA,NA,NA
2552380,"Karlos Williams","FA","RB",23,1,NA,0,0,0,NA,101,0,0,0,NA,NA,NA,NA,NA,NA,NA
2552383,"Terrence Magee","BAL","RB",23,1,8,0,0,0,NA,101,0,0,0,NA,NA,NA,NA,NA,NA,NA
2552402,"Nick Boyle","BAL","TE",23,1,8,0,0,0,NA,73,0,7,0,NA,NA,NA,NA,NA,NA,NA
2552411,"Dezmin Lewis","FA","WR",24,1,NA,0,0,0,NA,142,0,12,0,NA,NA,NA,NA,NA,NA,NA
2552421,"Kenny Bell","FA","WR",24,1,NA,0,0,0,0,142,0,12,0,NA,NA,NA,2.7803713054964,NA,NA,NA
2552431,"Vince Mayle","FA","WR",NA,NA,NA,0,0,0,NA,142,0,12,0,NA,NA,NA,NA,NA,NA,NA
2552453,"Tevin Coleman","ATL","RB",23,1,11,0,0,0,NA,101,0,0,0,NA,NA,NA,NA,NA,NA,NA
2552476,"Kenny Hilliard","FA","RB",25,1,NA,0,0,0,NA,101,0,0,0,NA,NA,NA,NA,NA,NA,NA
2552479,"DaRon Brown","KC","WR",25,1,5,0,0,0,NA,142,0,12,0,NA,NA,NA,NA,NA,NA,NA
2552576,"Sean Mannion","LA","QB",24,1,8,0,0,0,0,55,0,8,0,NA,NA,NA,3.67684030134528,NA,NA,NA
2552616,"Duron Carter","FA","WR",25,1,NA,0,0,0,NA,142,0,12,0,NA,NA,NA,NA,NA,NA,NA
2552634,"Joey Iosefa","FA","RB",NA,NA,NA,0,0,0,NA,101,0,0,0,NA,NA,NA,NA,NA,NA,NA
2552650,"Mario Alford","FA","WR",NA,NA,NA,0,0,0,NA,142,0,12,0,NA,NA,NA,NA,NA,NA,NA
2552651,"Kaelin Clay","BAL","WR",24,1,8,0,0,0,NA,142,0,12,0,NA,NA,NA,NA,NA,NA,NA
2552654,"Geremy Davis","FA","WR",24,1,NA,0,0,0,0,142,0,12,0,NA,NA,NA,2.7803713054964,NA,NA,NA
2553117,"Jarryd Hayne","FA","RB",28,1,NA,0,0,0,NA,101,0,0,0,NA,NA,NA,NA,NA,NA,NA
2553289,"Evan Spencer","FA","WR",NA,NA,NA,0,0,0,NA,142,0,12,0,NA,NA,NA,NA,NA,NA,NA
2553292,"Kennard Backman","FA","TE",23,1,NA,0,0,0,NA,73,0,7,0,NA,NA,NA,NA,NA,NA,NA
2553446,"Malcolm Johnson","FA","RB",24,1,NA,0,0,0,NA,101,0,0,0,NA,NA,NA,NA,NA,NA,NA
2553453,"Andre Debose","FA","WR",NA,NA,NA,0,0,0,NA,142,0,12,0,NA,NA,NA,NA,NA,NA,NA
2553462,"Josh Robinson","FA","RB",24,1,NA,0,0,0,NA,101,0,0,0,NA,NA,NA,NA,NA,NA,NA
2553465,"Rory Anderson","SF","TE",24,1,8,0,0,0,NA,73,0,7,0,NA,NA,NA,NA,NA,NA,NA
2553467,"Quan Bray","IND","WR",NA,NA,10,0,0,0,NA,142,0,12,0,NA,NA,NA,NA,NA,NA,NA
2553497,"Kyle Brindza","FA","K",23,1,NA,0,0,0,NA,27,0,5,0,NA,NA,NA,NA,NA,NA,NA
2553502,"DeAndre Carter","FA","WR",23,1,NA,0,0,0,NA,142,0,12,0,NA,NA,NA,NA,NA,NA,NA
2553511,"John Crockett","GB","RB",24,1,4,0,0,0,NA,101,0,0,0,NA,NA,NA,NA,NA,NA,NA
2553533,"Alonzo Harris","FA","RB",NA,NA,NA,0,0,0,NA,101,0,0,0,NA,NA,NA,NA,NA,NA,NA
2553548,"Jake Kumerow","FA","WR",NA,NA,NA,0,0,0,NA,142,0,12,0,NA,NA,NA,NA,NA,NA,NA
2553600,"Jameill Showers","DAL","QB",NA,NA,7,0,0,0,NA,55,0,8,0,NA,NA,NA,NA,NA,NA,NA
2553652,"Chris Harper","SF","WR",NA,NA,8,0,0,0,NA,142,0,12,0,NA,NA,NA,NA,NA,NA,NA
2553653,"Josh Harper","OAK","WR",25,1,10,0,0,0,NA,142,0,12,0,NA,NA,NA,NA,NA,NA,NA
2553660,"Akeem Hunt","FA","RB",23,1,NA,0,0,0,NA,101,0,0,0,NA,NA,NA,NA,NA,NA,NA
2553662,"Gus Johnson","FA","RB",23,1,NA,0,0,0,0,101,0,0,0,NA,NA,NA,2.86238120496331,NA,NA,NA
2553703,"Devante Davis","FA","WR",24,1,NA,0,0,0,NA,142,0,12,0,NA,NA,NA,NA,NA,NA,NA
2553728,"Raheem Mostert","FA","RB",NA,NA,NA,0,0,0,NA,101,0,0,0,NA,NA,NA,NA,NA,NA,NA
2553733,"Thomas Rawls","SEA","RB",23,1,5,0,0,0,NA,101,0,0,0,NA,NA,NA,NA,NA,NA,NA
2553773,"Mitchell Henry","FA","TE",NA,NA,NA,0,0,0,NA,73,0,7,0,NA,NA,NA,NA,NA,NA,NA
2553791,"E.J. Bibbs","FA","TE",25,1,NA,0,0,0,NA,73,0,7,0,NA,NA,NA,NA,NA,NA,NA
2553797,"Michael Dyer","FA","RB",26,1,NA,0,0,0,NA,101,0,0,0,NA,NA,NA,NA,NA,NA,NA
2553876,"Donteea Dye","TB","WR",NA,NA,6,0,0,0,NA,142,0,12,0,NA,NA,NA,NA,NA,NA,NA
2553879,"Jahwan Edwards","SD","RB",24,1,11,0,0,0,NA,101,0,0,0,NA,NA,NA,NA,NA,NA,NA
2553896,"Darius Jennings","FA","WR",NA,NA,NA,0,0,0,NA,142,0,12,0,NA,NA,NA,NA,NA,NA,NA
2555219,"Daniel Lasco","NO","RB",24,0,5,0,0,0,NA,101,0,0,0,NA,NA,NA,NA,NA,NA,NA
2555332,"Connor Cook","OAK","QB",23,0,10,0,0,0,0,55,0,8,0,NA,NA,NA,3.67684030134528,NA,NA,NA
2555341,"Hunter Henry","SD","TE",22,0,11,0,0,0,NA,73,0,7,0,NA,NA,NA,NA,NA,NA,NA
2555350,"Kolby Listenbee","BUF","WR",22,0,10,0,0,0,NA,142,0,12,0,NA,NA,NA,NA,NA,NA,NA
2555416,"Christian Hackenberg","NYJ","QB",21,0,11,0,0,0,0,55,0,8,0,NA,NA,NA,3.67684030134528,NA,NA,NA
2555426,"Cardale Jones","BUF","QB",24,0,10,0,0,0,0,55,0,8,0,NA,NA,NA,3.67684030134528,NA,NA,NA
2555471,"Kenny Lawler","FA","WR",22,0,NA,0,0,0,0,142,0,12,0,NA,NA,NA,2.7803713054964,NA,NA,NA
2555483,"Thomas Duarte","FA","TE",21,0,NA,0,0,0,0,73,0,7,0,NA,NA,NA,2.80920709805033,NA,NA,NA
2555487,"Beau Sandland","FA","TE",23,0,NA,0,0,0,NA,73,0,7,0,NA,NA,NA,NA,NA,NA,NA
2555573,"Anthony Dable","FA","WR",NA,2016,NA,0,0,0,NA,142,0,12,0,NA,NA,NA,NA,NA,NA,NA
2556144,"Daniel Braverman","FA","WR",23,0,NA,0,0,0,NA,142,0,12,0,NA,NA,NA,NA,NA,NA,NA
2556212,"Devin Fuller","ATL","WR",22,0,11,0,0,0,NA,142,0,12,0,NA,NA,NA,NA,NA,NA,NA
2556261,"Moritz Boehringer","FA","WR",NA,0,NA,0,0,0,0,142,0,12,0,NA,NA,NA,2.7803713054964,NA,NA,NA
2556375,"Rico Gathers","FA","TE",22,0,NA,0,0,0,0,73,NA,7,0,NA,NA,NA,2.80920709805033,NA,NA,NA
2556379,"Zac Brooks","FA","RB",23,0,NA,0,0,0,NA,101,0,0,0,NA,NA,NA,NA,NA,NA,NA
2556454,"Brandon Wilds","FA","RB",23,0,NA,0,0,0,NA,101,0,0,0,NA,NA,NA,NA,NA,NA,NA
2556473,"Jace Billingsley","FA","WR",23,0,NA,0,0,0,0,142,0,12,0,NA,NA,NA,2.7803713054964,NA,NA,NA
2556490,"Devon Cajuste","FA","WR",23,0,NA,0,0,0,0,142,0,12,0,NA,NA,NA,2.7803713054964,NA,NA,NA
2556492,"Joe Callahan","CLE","QB",23,0,13,0,0,0,0,55,NA,8,0,NA,NA,NA,3.67684030134528,NA,NA,NA
2556507,"Marshaun Coprich","FA","RB",22,0,NA,0,0,0,0,101,0,0,0,NA,NA,NA,2.86238120496331,NA,NA,NA
2556541,"Aaron Green","FA","RB",24,0,NA,0,0,0,0,101,0,0,0,NA,NA,NA,2.86238120496331,NA,NA,NA
2556544,"Glenn Gronkowski","FA","RB",23,0,NA,0,0,0,0,101,0,0,0,NA,NA,NA,2.86238120496331,NA,NA,NA
2556547,"Russell Hansbrough","TB","RB",23,0,6,0,0,0,NA,101,0,0,0,NA,NA,NA,NA,NA,NA,NA
2556569,"Andy Jones","FA","WR",NA,0,NA,0,0,0,0,142,0,12,0,NA,NA,NA,2.7803713054964,NA,NA,NA
2556577,"Marshall Koehn","FA","K",24,0,NA,0,0,0,NA,27,NA,5,0,NA,NA,NA,NA,NA,NA,NA
2556603,"Tre Madden","SEA","RB",23,0,5,0,0,0,NA,101,0,0,0,NA,NA,NA,NA,NA,NA,NA
2556785,"Paul Turner","PHI","WR",23,0,4,0,0,0,NA,142,0,12,0,NA,NA,NA,NA,NA,NA,NA
2556851,"Keyarris Garrett","FA","WR",24,0,NA,0,0,0,0,142,NA,12,0,NA,NA,NA,2.7803713054964,NA,NA,NA
2556854,"Devon Johnson","CAR","RB",23,0,7,0,0,0,NA,101,NA,0,0,NA,NA,NA,NA,NA,NA,NA
