"playerId","player","team","position","age","exp","bye","points","lower","upper","sdPts","positionRank","dropoff","tier","ptSpread","overallECR","positionECR","sdRank","risk","sleeper","actualPoints","salary"
2560757,"Lamar Jackson","BAL","QB",23,2,NA,25.0475333333333,23.2414,27.4032,2.367761317926,1,3.92232857142857,1,4.1618,NA,1.1,0.4,6.81757824973311,NA,NA,NA
2558125,"Patrick Mahomes","KC","QB",NA,3,NA,21.3195428571429,20.57412,22.055,0.737276313777367,2,0.548533333333332,2,1.48088,NA,2.6,1,4.04213486270454,NA,NA,NA
2560955,"Josh Allen","BUF","QB",24,2,NA,20.9308666666667,18.0475,23.875,2.64670350939932,3,0.340690476190474,2,5.8275,NA,4.9,1.4,7.5019093003415,NA,NA,NA
2555260,"Dak Prescott","DAL","QB",27,4,NA,20.6111523809524,20.0814666666667,21.2,0.619570609630137,4,0.60590476190476,3,1.11853333333333,NA,2.6,0.9,3.81454325494468,NA,NA,NA
2562382,"Kyler Murray","ARI","QB",50,1,NA,20.5692,19.6387,21.903,1.11223383872277,5,1.2309880952381,3,2.2643,NA,5.3,1.5,4.80161525012071,NA,NA,NA
2506363,"Aaron Rodgers","GB","QB",37,15,NA,19.4412952380952,18.46736,20.566,1.03501729944901,6,0.636535714285717,4,2.09864,NA,7.4,1.7,4.70277805236163,NA,NA,NA
2532975,"Russell Wilson","SEA","QB",32,8,NA,19.2351285714286,18.4932,20.0111,0.822208752313517,7,1.16453333333333,4,1.5179,NA,5.9,1.5,4.28765026559669,NA,NA,NA
310,"Matt Ryan","ATL","QB",35,12,NA,18.3743904761905,17.6392,18.91,0.713654414164968,8,0.738635714285714,5,1.2708,NA,7.4,1.4,4.07627615730254,NA,NA,NA
2556075,"Derrick Henry","TEN","RB",26,4,NA,18.2518571428571,17.2468,19.764,1.28329918940355,1,0.923059523809524,1,2.5172,NA,2.1,1,4.43370541164266,NA,NA,NA
2495455,"Cam Newton","NE","QB",31,9,NA,17.7668,16.154,19.51,1.55702290285018,9,0.278754761904761,5,3.356,NA,11.7,2.2,5.72284818497367,NA,NA,NA
2555224,"Ezekiel Elliott","DAL","RB",25,4,NA,17.6514761904762,16.6972,18.998,0.990594169942369,2,1.4713,1,2.3008,NA,1.8,0.9,3.85324119513621,NA,NA,NA
2504211,"Tom Brady","TB","QB",43,20,NA,17.5047095238095,15.8759466666667,18.9892,1.72798926873321,10,0.0394190476190488,5,3.11325333333333,NA,10.5,1.8,5.94982187620011,NA,NA,NA
2558063,"Deshaun Watson","HOU","QB",25,3,NA,17.471380952381,15.036,19.7422,2.02104563538715,11,0.0299857142857149,5,4.7062,NA,9.3,1.9,6.48815936341939,NA,NA,NA
2532956,"Ryan Tannehill","TEN","QB",32,8,NA,17.4592,16.4025,18.87,1.22258104025868,12,0.751144761904762,5,2.4675,NA,17.8,3.1,5.30117632003351,NA,NA,NA
2504775,"Drew Brees","NO","QB",41,19,NA,17.4235904761905,16.6176,18.2055333333333,0.782355216688279,13,1.56420190476191,6,1.58793333333333,NA,11.8,2.6,4.42603138611888,NA,NA,NA
2557997,"Christian McCaffrey","CAR","RB",24,3,NA,17.006119047619,16.292,17.6968,0.652755517688679,3,1.8905619047619,2,1.4048,NA,3.1,2.3,3.58763587221469,NA,NA,NA
2558008,"Mitchell Trubisky","CHI","QB",26,3,NA,15.99252,15.41216,16.9354,0.976621498841798,14,0.349358095238095,7,1.52324,NA,22.4,3.9,5.01730684326541,NA,NA,NA
2506109,"Ben Roethlisberger","PIT","QB",38,16,NA,15.7262571428571,14.6592,16.863,1.06493749246477,15,0.203980952380951,7,2.2038,NA,12.6,2.1,4.83180341767818,NA,NA,NA
2532820,"Kirk Cousins","MIN","QB",32,8,NA,15.5600666666667,14.15,16.7822,1.26749426297189,16,0.0876023809523812,7,2.6322,NA,22.7,2.8,5.32376687593807,NA,NA,NA
2555334,"Jared Goff","LAR","QB",26,4,NA,15.4844857142857,13.9016,16.8682,1.28345262921098,17,0.0256092857142853,7,2.9666,NA,16.8,2.9,5.37104798159355,NA,NA,NA
79860,"Matthew Stafford","DET","QB",32,11,NA,15.4604428571429,14.3461,16.67496,1.11947173830211,18,0.0888188095238114,7,2.32886,NA,14.6,2.1,4.92844572253821,NA,NA,NA
2560800,"Baker Mayfield","CLE","QB",25,2,NA,15.45731,14.79277,16.43,1.00514330097753,19,0.820720952380951,7,1.63723,NA,24.8,3.7,5.02985016165906,NA,NA,NA
2558019,"Alvin Kamara","NO","RB",24,3,NA,15.3542333333333,14.475,16.816,1.16032599155008,4,0.519642857142857,3,2.341,NA,5.5,1.7,4.3878301635171,NA,NA,NA
2555259,"Carson Wentz","PHI","QB",28,4,NA,15.2859380952381,14.47164,16.072,0.974920301097511,20,1.33428476190476,7,1.60036,NA,15.2,1.9,4.63427907359631,NA,NA,NA
2560968,"Saquon Barkley","NYG","RB",23,2,NA,14.876880952381,13.632,16.3155,1.43106387748017,5,0.0873499999999989,3,2.6835,NA,7,3,5.24693312582106,NA,NA,NA
2564271,"Clyde Edwards-Helaire","KC","RB",50,0,NA,14.7923,13.572,16.5518,1.64917803769029,6,0.0407047619047631,3,2.9798,NA,7.8,2.8,5.60622593467743,NA,NA,NA
2562377,"Josh Jacobs","LVR","RB",50,1,NA,14.7867619047619,13.8094,15.977,1.2397443988997,7,0.367666666666667,3,2.1676,NA,7.5,1.8,4.56476846420373,NA,NA,NA
2557991,"Dalvin Cook","MIN","RB",25,3,NA,14.7164285714286,13.9216,15.999,1.45616046015344,8,0.878988095238096,3,2.0774,NA,5.1,2.2,5.08094821320752,NA,NA,NA
2543495,"Davante Adams","GB","WR",28,6,NA,14.3411428571429,12.8912,15.808,1.37661813012559,1,1.38369285714286,1,2.9168,NA,1.1,0.3,3.64117762296671,NA,NA,NA
2558116,"Aaron Jones","GB","RB",26,3,NA,14.1217619047619,13.062,15.1198,1.02070898951162,9,0.736297619047619,4,2.0578,NA,10.3,2.2,4.25709925360232,NA,NA,NA
2495240,"Tyrod Taylor","LAC","QB",31,9,NA,13.98724,11.6388,16.28368,2.38975624028895,21,0.137906666666668,8,4.64488,NA,23.6,3.1,7.36957388883509,NA,NA,NA
2506121,"Philip Rivers","IND","QB",39,16,NA,13.9160666666667,11.9688,15.5234,1.66591855583239,22,0.139566666666669,8,3.5546,NA,20.6,2.9,6.04883105370873,NA,NA,NA
2562796,"Gardner Minshew","JAC","QB",50,1,NA,13.7826,12.3016,15.2766,1.51904437064886,23,0.231790000000002,8,2.975,NA,19.2,2.8,5.769548821217,NA,NA,NA
2543499,"Derek Carr","LVR","QB",29,6,NA,13.7704,12.143,15.1602,1.63045646614683,24,0.442205,8,3.0172,NA,25.2,2.6,5.92898532348163,NA,NA,NA
2557976,"Joe Mixon","CIN","RB",24,3,NA,13.553119047619,12.3208,14.6808,1.29397060729357,10,0.36254761904762,4,2.36,NA,10.9,2,4.72072785785387,NA,NA,NA
2543801,"Jimmy Garoppolo","SF","QB",29,6,NA,13.33122,11.411,14.8152,1.92664151880935,25,0.02989,8,3.4042,NA,19.4,3,6.52986923097453,NA,NA,NA
2543465,"Teddy Bridgewater","CAR","QB",28,6,NA,13.32517,10.15235,15.5184,2.98499496138603,26,0.413791666666665,8,5.36605,NA,24.7,2.6,8.32941683567299,NA,NA,NA
2563722,"Joe Burrow","CIN","QB",50,0,NA,13.27749,12.04315,14.34932,1.14328046668348,27,1.17066666666667,8,2.30617,NA,20.6,2.9,5.12264332034131,NA,NA,NA
2553728,"Raheem Mostert","SF","RB",NA,NA,NA,13.2178095238095,11.5556,15.1456,1.79830569288966,11,0.0564285714285724,4,3.59,NA,14.7,3.3,6.02178319117146,NA,NA,NA
2495454,"Julio Jones","ATL","WR",31,9,NA,13.1746,11.08084,16.07184,2.27683856842479,2,0.441742857142858,1,4.991,NA,2.2,0.5,4.79221428517104,NA,NA,NA
2555230,"Kenyan Drake","ARI","RB",NA,4,NA,13.1633333333333,12.226,14.3366,1.04590561503204,12,0.0357690476190484,4,2.1106,NA,13.9,2.4,4.35813635794932,NA,NA,NA
2561021,"Nick Chubb","CLE","RB",25,2,NA,13.1594285714286,12.404,13.9658,0.836348782335627,13,0.513328571428572,5,1.5618,NA,10.1,2.6,4.015033517079,NA,NA,NA
2564148,"Jonathan Taylor","IND","RB",50,0,NA,13.0957,11.7404,14.959,1.91487955234787,14,1.0238,5,3.2186,NA,9.5,2.8,6.10891781006262,NA,NA,NA
2540165,"DeAndre Hopkins","ARI","WR",28,7,NA,12.7403,11.46082,14.80732,1.56022185388275,3,0.305342857142856,2,3.3465,NA,3.8,1.3,4.06069311953606,NA,NA,NA
2556214,"Tyreek Hill","KC","WR",26,4,NA,12.7254142857143,11.5081,15.15388,1.75975387618891,4,0.726692857142858,2,3.64578,NA,3.9,1.6,4.36506365016642,NA,NA,NA
2562299,"Daniel Jones","NYG","QB",50,1,NA,12.5452666666667,11.406,13.8374,1.1872550234329,28,1.14034666666667,8,2.4314,NA,25.8,2.6,5.14357042897817,NA,NA,NA
2558865,"Chris Carson","SEA","RB",26,3,NA,12.1965,11.215,13.357,1.14039444930252,15,0.283316666666668,5,2.142,NA,14.8,2.7,4.61695358177689,NA,NA,NA
2541785,"Adam Thielen","MIN","WR",30,6,NA,12.1445,10.415,14.3358,1.93155032724148,5,0.446921428571427,2,3.9208,NA,6.2,1.9,4.63515789883419,NA,NA,NA
100029,"49ers","SF","DST",NA,NA,NA,12.096,11.328,13.22,1.16192942987085,1,0.356833333333334,1,1.892,NA,NA,NA,4.62117956137957,NA,NA,NA
2553435,"David Johnson","HOU","RB",29,5,NA,11.9473,10.69,13.8074,1.76685020870474,16,0.134433333333334,5,3.1174,NA,19.1,2.3,5.69543849541501,NA,NA,NA
2552475,"Todd Gurley","ATL","RB",26,5,NA,11.8790666666667,10.9915,12.815,1.0507499924657,17,0.250866666666667,6,1.8235,NA,16.8,1.8,4.20720199443762,NA,NA,NA
2560854,"Calvin Ridley","ATL","WR",26,2,NA,11.8529428571429,10.72852,13.77352,1.44702713964084,6,0.388728571428572,2,3.045,NA,8.2,2.3,4.11341801158188,NA,NA,NA
100002,"Ravens","BAL","DST",NA,NA,NA,11.79,7.195,12.95,2.64270063886674,2,0.205833333333333,1,5.755,NA,NA,NA,7.68009700037945,NA,NA,NA
2552469,"Melvin Gordon","DEN","RB",27,5,NA,11.7466666666667,10.86,12.84,1.14486098137139,18,0.376483333333333,6,1.98,NA,22.7,3,4.70545382424084,NA,NA,NA
100031,"Buccaneers","TB","DST",NA,NA,NA,11.6883333333333,6.925,12.8,2.88062782508721,3,0.259166666666665,2,5.875,NA,NA,NA,8.17159738526031,NA,NA,NA
2506581,"Ryan Fitzpatrick","MIA","QB",38,15,NA,11.66838,10.6598,12.63176,0.976834644144033,29,0.658095000000001,9,1.97196,NA,31,1.5,4.56166895510253,NA,NA,NA
2552487,"Amari Cooper","DAL","WR",26,5,NA,11.5422142857143,9.6692,14.3402,2.15026767436721,7,0.321173809523808,2,4.671,NA,9,2.9,5.09806765053911,NA,NA,NA
2559169,"Austin Ekeler","LAC","RB",NA,NA,NA,11.5097333333333,10.33875,12.7557,1.17450091812083,19,0.570633333333335,6,2.41695,NA,15,1.7,4.41464830352839,NA,NA,NA
100003,"Bills","BUF","DST",NA,NA,NA,11.48,10.94,12,0.645848279396949,4,0.163333333333334,2,1.06,NA,NA,NA,3.55507993604027,NA,NA,NA
2543468,"Mike Evans","TB","WR",27,6,NA,11.3862142857143,10.076,13.143,1.45283541328508,8,0.371345238095239,2,3.067,NA,11.4,6.1,4.8525277929558,NA,NA,NA
100016,"Chiefs","KC","DST",NA,NA,NA,11.3783333333333,9.2,11.635,1.73655309929373,5,0.178833333333333,2,2.435,NA,NA,NA,5.80821396114459,NA,NA,NA
2540258,"Travis Kelce","KC","TE",31,7,NA,11.3574523809524,10.0681666666667,13.4176666666667,1.47718661436218,1,1.60527380952381,1,3.3495,NA,1.3,0.5,4.89729690218643,NA,NA,NA
100027,"Steelers","PIT","DST",NA,NA,NA,11.255,9.715,13.3,1.82793599450309,6,0.277166666666666,2,3.585,NA,NA,NA,5.99698906028483,NA,NA,NA
2560770,"Ronald Jones","TB","RB",23,2,NA,11.2306333333333,10.2215,12.2325,1.0809293439752,20,0.60155,6,2.011,NA,21.3,3.7,4.77128178860992,NA,NA,NA
100026,"Cardinals","ARI","DST",NA,NA,NA,11.144,7.86,11.752,2.7163725812193,7,0.379833333333332,2,3.892,NA,NA,NA,7.83228552745114,NA,NA,NA
2562305,"Drew Lock","DEN","QB",50,1,NA,11.14146,10.6318,11.56848,0.504116512326268,30,0.276065000000001,9,0.936679999999999,NA,30.1,1.1,3.64794376060465,NA,NA,NA
2552608,"Stefon Diggs","BUF","WR",27,5,NA,11.0558666666667,9.562,13.0706666666667,1.9880529503344,9,0.150188095238095,2,3.50866666666666,NA,22.3,4.4,5.18651925557169,NA,NA,NA
2560957,"Mark Andrews","BAL","TE",24,2,NA,11.0045,10.0575,12.579,1.14211448638042,2,2.56546428571428,1,2.5215,NA,1.9,0.5,4.13885502194378,NA,NA,NA
2543509,"Allen Robinson","CHI","WR",27,6,NA,10.9738714285714,9.36248,13.79372,2.10302858255603,10,0.15812857142857,2,4.43124,NA,7.9,3.7,5.19377935227099,NA,NA,NA
2561036,"Sam Darnold","NYJ","QB",23,2,NA,10.87911,7.96,14.26137,3.22270588721652,31,4.58810333333333,9,6.30137,NA,31.2,1.1,8.46566405953403,NA,NA,NA
2562660,"Dwayne Haskins","WAS","QB",50,1,NA,10.85168,10.17,11.84824,0.885109548022165,32,9.17801333333333,9,1.67824,NA,29,1.2,4.34211731463736,NA,NA,NA
2552430,"Tyler Lockett","SEA","WR",28,5,NA,10.8374857142857,9.08108,13.52008,1.98828032180959,11,0.103685714285715,3,4.439,NA,15.7,3.6,5.03270934605278,NA,NA,NA
100007,"Browns","CLE","DST",NA,NA,NA,10.8116666666667,6.4,11.4,2.53432765574356,8,0.0991666666666671,2,5,NA,NA,NA,7.45622446289494,NA,NA,NA
2558149,"JuJu Smith-Schuster","PIT","WR",24,3,NA,10.794,9.2372,13.4832,2.09058564362557,12,0.168914285714287,3,4.246,NA,12.6,3.6,5.15914070831951,NA,NA,NA
100012,"Titans","TEN","DST",NA,NA,NA,10.7166666666667,10.2,11.3,0.545588367422425,9,1.7105,2,1.1,NA,NA,NA,3.34796705370686,NA,NA,NA
100005,"Bears","CHI","DST",NA,NA,NA,10.7083333333333,7.65,11.3225,2.86393552068944,10,3.475,2,3.6725,NA,NA,NA,8.13711509609285,NA,NA,NA
2540169,"Robert Woods","LAR","WR",28,7,NA,10.6736,9.4528,12.35264,1.85559803477657,13,0.10304761904762,3,2.89984,NA,13.5,3.7,4.88799876659991,NA,NA,NA
2562722,"Miles Sanders","PHI","RB",50,1,NA,10.6475666666667,9.72125,11.59145,0.954266119416731,21,0.0922666666666654,7,1.8702,NA,21.2,7.5,5.54560672293215,NA,NA,NA
2495466,"Mark Ingram","BAL","RB",31,9,NA,10.6106,9.0462,12.6624,1.86219381375839,22,0.295175,7,3.6162,NA,22.4,2.9,6.03592271855963,NA,NA,NA
2562489,"Terry McLaurin","WAS","WR",50,1,NA,10.5765714285714,9.22,13.2952,1.89693330203804,14,0.0209380952380958,3,4.0752,NA,14.1,3.9,4.97760460313995,NA,NA,NA
2562685,"DK Metcalf","SEA","WR",50,1,NA,10.5645333333333,9.0012,12.7516,1.95395202943505,15,0.159249999999998,3,3.7504,NA,NA,NA,7.05655171310707,NA,NA,NA
2557898,"Cooper Kupp","LAR","WR",27,3,NA,10.5467333333333,9.35153333333333,12.544,2.07963605790372,16,0.303566666666667,3,3.19246666666666,NA,18.9,4.2,5.26117712400648,NA,NA,NA
2564223,"James Robinson","JAC","RB",50,0,NA,10.5,9.69,11.314,1.01503694514042,23,0.708525,7,1.624,NA,30.7,4,4.72666700923579,NA,NA,NA
2532865,"T.Y. Hilton","IND","WR",31,8,NA,10.2638333333333,8.86,12.09775,1.93756591285733,17,0.0890500000000003,3,3.23775,NA,19.4,4.2,5.08560344262992,NA,NA,NA
2562736,"Darius Slayton","NYG","WR",NA,1,NA,10.2225,8.866,12.295,2.17062395023489,18,0.0980666666666661,3,3.429,NA,34.5,4.9,5.50845167442265,NA,NA,NA
2552382,"Malcolm Brown","LAR","RB",27,5,NA,10.13085,8.1762,12.8209,2.57456345571439,24,0.745400000000002,7,4.6447,NA,27.3,6.3,8.29091613997808,NA,NA,NA
2560735,"Michael Gallup","DAL","WR",24,2,NA,10.1270666666667,8.3888,11.992,1.9287130769851,19,0.0411666666666672,3,3.6032,NA,19.7,5.3,5.28653788479246,NA,NA,NA
2562379,"Marquise Brown","BAL","WR",50,1,NA,10.1218,8.3776,12.326,2.28482738954171,20,0.102335714285715,3,3.9484,NA,18.5,5.5,5.76515519017151,NA,NA,NA
2555346,"Will Fuller","HOU","WR",26,4,NA,10.05,7.7832,13.2498,3.1079629180542,21,0.0870023809523808,3,5.4666,NA,24,4.6,6.6090534898216,NA,NA,NA
2560813,"D.J. Moore","CAR","WR",23,2,NA,9.98892857142857,8.8028,11.2718,1.49590300010204,22,0.17692857142857,3,2.469,NA,14.3,3.4,4.38569495665396,NA,NA,NA
2495450,"A.J. Green","CIN","WR",32,9,NA,9.93706666666667,8.6852,12.07,2.26095277851322,23,0.266933333333332,3,3.3848,NA,25.6,4,5.44672993648136,NA,NA,NA
497322,"Emmanuel Sanders","NO","WR",33,10,NA,9.68693333333333,8.3388,11.7733333333333,2.00826661576594,24,0.2517,3,3.43453333333333,NA,29.7,6.2,5.55820431291342,NA,NA,NA
2561018,"D.J. Chark","JAC","WR",24,2,NA,9.65333333333333,8.27,11.803,2.19123348063748,25,0.455566666666666,3,3.533,NA,18,4.6,5.47613733702282,NA,NA,NA
2557917,"Kareem Hunt","CLE","RB",25,3,NA,9.4521,7.5736,11.0326,1.89918181067532,25,0.401349999999999,7,3.459,NA,22.4,3.6,6.29268478543629,NA,NA,NA
2562502,"David Montgomery","CHI","RB",50,1,NA,9.3188,7.972,10.3108,1.31673581253036,26,0.614724999999998,8,2.3388,NA,23.3,3.6,5.19073069422451,NA,NA,NA
2540154,"Keenan Allen","LAC","WR",28,7,NA,9.21713333333333,7.88,11.4342,2.15974443704188,26,0.097666666666667,3,3.5542,NA,26.4,3.5,5.22534743585793,NA,NA,NA
2543847,"John Brown","BUF","WR",30,6,NA,9.1784,6.638,12.0244,2.81341585976905,27,0.274033333333334,3,5.3864,NA,34.4,4.8,6.28356791932262,NA,NA,NA
2543488,"Jarvis Landry","CLE","WR",28,6,NA,9.06053333333333,7.1984,11.672,2.60716753073778,28,0.371499999999999,3,4.4736,NA,32,4.9,6.04794266660241,NA,NA,NA
2562734,"Devin Singletary","BUF","RB",50,1,NA,8.7827,7.2308,10.3186,1.53936876673525,27,0.359175,8,3.0878,NA,26.5,3.1,5.47852297706828,NA,NA,NA
238498,"Julian Edelman","NE","WR",34,11,NA,8.7482,7.041,11.0042,2.23750479329096,29,0.148899999999999,3,3.9632,NA,32.9,5.2,5.64888870676399,NA,NA,NA
2532884,"Marvin Jones","DET","WR",30,8,NA,8.62986666666667,6.93566666666667,10.1752,1.59822465045854,30,0.062166666666668,4,3.23953333333333,NA,27.3,4.2,4.66623739874454,NA,NA,NA
2562743,"Benny Snell","PIT","RB",50,1,NA,8.62545,6.196,11.4157,2.87615524833066,28,0.608525,8,5.2197,NA,33,7.7,9.23507618073661,NA,NA,NA
2557848,"Corey Davis","TEN","WR",25,3,NA,8.56873333333333,6.3102,11.3062,2.67355106553064,31,0.00277499999999975,4,4.996,NA,51.4,12.9,7.67089003200199,NA,NA,NA
2556370,"Michael Thomas","NO","WR",26,4,NA,8.56666666666667,2.12,13.72,7.77195814022009,32,0.00910833333333194,4,11.6,NA,76.4,38.6,18.9217935527409,NA,NA,NA
2558846,"Mike Williams","LAC","WR",26,3,NA,8.56525,6.6997,11.7542,3.4729622682469,33,0.0633166666666671,4,5.0545,NA,NA,NA,10.8110100419813,NA,NA,NA
2560810,"Anthony Miller","CHI","WR",26,2,NA,8.54986666666667,6.70026666666667,10.912,2.29964588578329,34,0.123600000000001,4,4.21173333333333,NA,40.2,4.9,5.66790006658953,NA,NA,NA
71265,"Jared Cook","NO","TE",33,11,NA,8.49985714285714,7.5536,9.682,1.38125189937383,3,0.19584523809524,2,2.1284,NA,5.8,2.3,5.28635157049904,NA,NA,NA
2543496,"Odell Beckham","CLE","WR",28,6,NA,8.454,7.39175,9.18,1.05401162232681,35,0.136433333333333,4,1.78825,NA,20.4,5,4.14777683001446,NA,NA,NA
2562495,"Parris Campbell","IND","WR",50,1,NA,8.39853333333333,7.1488,10.4803333333333,2.18824283387379,36,0.225966666666668,4,3.33153333333333,NA,39.6,7.2,5.97323685128732,NA,NA,NA
2540158,"Zach Ertz","PHI","TE",30,7,NA,8.37821428571429,7.2055,9.757,1.64587597895323,4,0.470642857142857,2,2.5515,NA,4.6,1.6,5.64958675496822,NA,NA,NA
2552409,"DeVante Parker","MIA","WR",27,5,NA,8.2366,5.751,10.9316,2.86702612475017,37,0.166233333333333,4,5.1806,NA,51.2,15,8.31447974926278,NA,NA,NA
2552408,"Darren Waller","LVR","TE",28,5,NA,8.22980952380952,6.4168,10.0126666666667,1.98570262643602,5,0.719535714285713,2,3.59586666666667,NA,5.1,1.5,6.38511254094894,NA,NA,NA
2543773,"James White","NE","RB",28,6,NA,8.2216,6.6078,10.492,2.4309854586155,29,0.514358333333333,8,3.8842,NA,38.2,3.9,7.37887630594655,NA,NA,NA
2560787,"Allen Lazard","GB","WR",25,2,NA,8.10853333333333,6.6384,10.2413333333333,2.08942492885802,38,0.486033333333333,4,3.60293333333333,NA,48.3,4.6,5.3503198950423,NA,NA,NA
2560888,"Courtland Sutton","DEN","WR",25,2,NA,8.0322,5.5542,10.922,2.97988560183105,39,0.906099999999999,4,5.3678,NA,36.9,14.1,8.28060192569755,NA,NA,NA
2560742,"Nyheim Hines","IND","RB",24,2,NA,7.81225,5.842,9.0896,1.81014300194764,30,0.254733333333333,8,3.2476,NA,33.6,5.8,6.71126054847288,NA,NA,NA
2557978,"James Conner","PIT","RB",25,3,NA,7.60223333333333,5.89,9.228,1.94383707307651,31,0.390858333333334,9,3.338,NA,35.9,12.7,8.8053479046788,NA,NA,NA
2562378,"T.J. Hockenson","DET","TE",50,1,NA,7.58533333333333,6.045,9.7,2.08839140648171,6,0.246416666666668,2,3.655,NA,NA,NA,11.1167703524583,NA,NA,NA
2565276,"Antonio Gibson","WAS","RB",50,0,NA,7.5128,6.516,8.3016,0.961322890604401,32,0.671250000000001,9,1.7856,NA,33.8,3.8,4.57167658101898,NA,NA,NA
2560995,"Dallas Goedert","PHI","TE",26,2,NA,7.43521428571429,6.1951,8.931,1.65155908303697,7,0.488547619047619,2,2.7359,NA,9.4,2.5,5.9655528885858,NA,NA,NA
100032,"Redskins","WAS","DST",NA,NA,NA,7.304,6.172,8.82,1.35907321362758,11,0.279333333333334,3,2.648,NA,NA,NA,5.02843123838429,NA,NA,NA
2558207,"Jonnu Smith","TEN","TE",25,3,NA,7.24261904761905,6.00053333333333,9.07833333333333,1.86254014551386,8,0.695404761904761,2,3.0778,NA,11.8,2.4,6.40943434013187,NA,NA,NA
2562674,"Diontae Johnson","PIT","WR",NA,1,NA,7.2128,5.0892,9.7372,2.48994321220384,40,0.184,4,4.648,NA,33.2,4.4,5.8067672386697,NA,NA,NA
100017,"Rams","LAR","DST",NA,NA,NA,7.16266666666667,6.21866666666667,10.804,2.57692581706705,12,0.486,3,4.58533333333333,NA,NA,NA,7.54422202642813,NA,NA,NA
2555466,"Tyler Boyd","CIN","WR",26,4,NA,7.0394,5.9416,8.0864,1.13642148870918,41,0.0526666666666671,5,2.1448,NA,33.3,4.1,4.07626864966262,NA,NA,NA
2543457,"Sammy Watkins","KC","WR",27,6,NA,7.0182,6.1904,7.592,0.804960371695402,42,0.125691666666667,5,1.4016,NA,47.1,4.6,3.76294789070513,NA,NA,NA
2556462,"Robby Anderson","CAR","WR",27,4,NA,6.95526666666667,5.995,7.7946,0.901613350241296,43,0.173125000000001,5,1.7996,NA,44,4.7,3.90165531461964,NA,NA,NA
2563548,"J.K. Dobbins","BAL","RB",50,0,NA,6.90995,5.668,8.4119,1.58273320161675,33,0.213525000000001,9,2.7439,NA,25.7,3.4,5.64061579855321,NA,NA,NA
100021,"Patriots","NE","DST",NA,NA,NA,6.88666666666667,6.25,9.9,2.1507014359661,13,0.471333333333334,3,3.65,NA,NA,NA,6.66374489103008,NA,NA,NA
2564433,"Henry Ruggs","LVR","WR",50,0,NA,6.82975,5.8632,7.5685,1.03766416371901,44,0.159116666666668,5,1.7053,NA,NA,NA,4.79181081723608,NA,NA,NA
2563617,"Zack Moss","BUF","RB",50,0,NA,6.77315,5.7295,7.6848,1.13753279623051,34,0.432325,9,1.9553,NA,27.5,3,4.69158932242802,NA,NA,NA
2552597,"Breshad Perriman","NYJ","WR",27,5,NA,6.73453333333333,5.194,8.18893333333333,1.53284611099745,45,0.130766666666666,5,2.99493333333333,NA,56.4,8.2,5.35589553994726,NA,NA,NA
2555341,"Hunter Henry","LAC","TE",26,4,NA,6.65071428571429,6.157,7.066,0.446359613721834,9,0.402285714285714,3,0.909,NA,6.9,1.6,2.93445955860099,NA,NA,NA
2507164,"Adrian Peterson","DET","RB",35,13,NA,6.6197,6.2004,6.993,0.393102022380959,35,0.563974999999999,9,0.7926,NA,38.5,7.5,4.48391675589793,NA,NA,NA
2562805,"Preston Williams","MIA","WR",50,1,NA,6.60673333333333,5.99533333333333,7.355,0.693035448828798,46,0.0534333333333334,5,1.35966666666667,NA,45.6,4.3,3.56684430777377,NA,NA,NA
2563848,"CeeDee Lamb","DAL","WR",50,0,NA,6.6008,4.99,7.8524,1.45641450143838,47,0.215133333333333,5,2.8624,NA,32.9,5.1,4.66433728987333,NA,NA,NA
2555295,"Sterling Shepard","NYG","WR",NA,4,NA,6.5058,6.4292,6.6308,0.127244646252799,48,0.254966666666665,5,0.2016,NA,47.8,3.7,2.75205833348715,NA,NA,NA
100022,"Saints","NO","DST",NA,NA,NA,6.46666666666667,5.5375,7.6,1.12823608640509,14,0.122166666666667,3,2.0625,NA,NA,NA,4.55157721141524,NA,NA,NA
2560738,"Chris Herndon","NYJ","TE",NA,2,NA,6.44371428571429,4.922,8.224,2.17501185546851,10,0.391642857142857,3,3.302,NA,16.9,3.3,7.41982208522535,NA,NA,NA
100014,"Colts","IND","DST",NA,NA,NA,6.364,5.792,6.82,0.538033456208813,15,0.0404999999999998,3,1.028,NA,NA,NA,3.33236042283707,NA,NA,NA
100030,"Seahawks","SEA","DST",NA,NA,NA,6.325,5.85,6.675,0.479322438448275,16,0.0490000000000004,4,0.825,NA,NA,NA,3.21107757036257,NA,NA,NA
100020,"Vikings","MIN","DST",NA,NA,NA,6.322,5.84,7,0.620419213113198,17,0.106333333333333,4,1.16,NA,NA,NA,3.50254959655211,NA,NA,NA
2560781,"Christian Kirk","ARI","WR",24,2,NA,6.26553333333333,5.59533333333333,6.9442,0.674121551848527,49,0.107366666666667,5,1.34886666666667,NA,51.6,5.6,3.79386777526927,NA,NA,NA
1581,"DeSean Jackson","PHI","WR",34,12,NA,6.23613333333333,4.93933333333333,7.086,1.29800585514858,50,0.230783333333334,5,2.14666666666667,NA,40.1,5.4,4.52635618582871,NA,NA,NA
100011,"Packers","GB","DST",NA,NA,NA,6.23,5.84,8.6,1.56896993810164,18,0.0493333333333332,4,2.76,NA,NA,NA,5.46202742595336,NA,NA,NA
100024,"Jets","NYJ","DST",NA,NA,NA,6.20133333333333,5.91333333333333,6.66933333333333,0.458751930059518,19,0.0496666666666661,4,0.755999999999998,NA,NA,NA,3.16858384381171,NA,NA,NA
100008,"Cowboys","DAL","DST",NA,NA,NA,6.16,6.268,8.076,0.969810978146428,20,0.120833333333334,5,1.808,NA,NA,NA,4.22430901259845,NA,NA,NA
100006,"Bengals","CIN","DST",NA,NA,NA,6.14333333333333,5.46,6.64,0.706257743320383,21,0.210833333333333,6,1.18,NA,NA,NA,3.67987137009397,NA,NA,NA
2562712,"Hunter Renfrow","LVR","WR",50,1,NA,6.0802,4.932,7,1.05929939110716,51,0.169216666666668,5,2.068,NA,73.7,5.8,4.3084024816983,NA,NA,NA
2560809,"Sony Michel","NE","RB",25,2,NA,6.06195,4.9675,6.9356,1.1458104173466,36,0.0592250000000005,9,1.9681,NA,33,5.1,5.26759885965736,NA,NA,NA
2555364,"Tyler Higbee","LAR","TE",27,4,NA,6.05314285714286,5.2032,6.738,0.772853463594798,11,0.00399999999999956,3,1.5348,NA,7.9,2.6,4.01026470942168,NA,NA,NA
2560747,"Hayden Hurst","ATL","TE",27,2,NA,6.051,5.58,6.7262,0.526390539428664,12,0.146523809523811,4,1.1462,NA,10.4,2.6,3.45239138005649,NA,NA,NA
2541161,"Latavius Murray","NO","RB",30,7,NA,6.0495,5.328,6.5928,0.665745446848869,37,0.115349999999999,10,1.2648,NA,36.5,4.4,4.17256082331034,NA,NA,NA
2562383,"Noah Fant","DEN","TE",50,1,NA,6.04728571428571,5.5146,6.679,0.728964268508344,13,0.464119047619048,4,1.1644,NA,12.7,2,3.70885249907647,NA,NA,NA
2506404,"Frank Gore","NYJ","RB",37,15,NA,5.95595,5.4607,6.4772,0.548787880241537,38,0.144450000000001,10,1.0165,NA,45.2,6.9,4.61836573609584,NA,NA,NA
100015,"Jaguars","JAC","DST",NA,NA,NA,5.935,5.048,6.97,1.05304320899002,22,0.0316666666666654,6,1.922,NA,NA,NA,4.39624679803592,NA,NA,NA
2558105,"Chris Godwin","TB","WR",24,3,NA,5.9305,1.2894,9.82,4.7460201923998,52,0.0398666666666658,5,8.5306,NA,18.1,20.4,11.6766991138489,NA,NA,NA
100019,"Dolphins","MIA","DST",NA,NA,NA,5.93,5.002,6.642,0.933023758182681,23,0.119666666666667,6,1.64,NA,NA,NA,4.14831545735115,NA,NA,NA
2558250,"Tarik Cohen","CHI","RB",25,3,NA,5.91235,4.91,6.91005,0.990876247318503,39,0.24275,10,2.00005,NA,42.4,2.6,4.30739053006355,NA,NA,NA
2560878,"Tre'Quan Smith","NO","WR",NA,2,NA,5.89146666666667,4.804,6.7536,0.990416679988781,53,0.114566666666666,6,1.9496,NA,62.2,11.9,5.39821869793695,NA,NA,NA
2563896,"Jerry Jeudy","DEN","WR",50,0,NA,5.8898,4.728,6.78,1.05098296846333,54,0.254266666666666,6,2.052,NA,44.3,4.5,4.04772713428178,NA,NA,NA
100004,"Panthers","CAR","DST",NA,NA,NA,5.87666666666667,4.84466666666667,7.21,1.41545438326748,24,0.147166666666667,6,2.36533333333333,NA,NA,NA,5.14490118458188,NA,NA,NA
2557858,"Evan Engram","NYG","TE",26,3,NA,5.76166666666667,4.88966666666667,6.3902,0.834064679080039,14,0.588433333333333,4,1.50053333333333,NA,11.2,2.5,4.11513937744267,NA,NA,NA
100009,"Broncos","DEN","DST",NA,NA,NA,5.744,5.192,6.56,0.725727221482011,25,0.2405,6,1.368,NA,NA,NA,3.72009063280993,NA,NA,NA
100023,"Giants","NYG","DST",NA,NA,NA,5.715,5.586,5.936,0.243515913237719,26,0.47525,6,0.35,NA,NA,NA,2.72395796146251,NA,NA,NA
2564319,"Cam Akers","LAR","RB",50,0,NA,5.71065,4.5893,6.688,1.05975804431955,40,0.213174999999999,10,2.0987,NA,38.4,4.5,4.94469310932688,NA,NA,NA
2564232,"Laviska Shenault","JAC","WR",50,0,NA,5.664,4.75875,6.43985,0.932770157470031,55,0.0621333333333327,6,1.6811,NA,NA,NA,4.53254977649518,NA,NA,NA
2557973,"Leonard Fournette","TB","RB",24,3,NA,5.62855,4.842,6.478,0.875795288580613,41,0.312850000000001,10,1.636,NA,37.5,4.3,4.54327968288758,NA,NA,NA
2543498,"Brandin Cooks","HOU","WR",27,6,NA,5.60706666666667,4.95826666666667,6.14066666666667,0.662148120387979,56,0.0114000000000001,6,1.1824,NA,54.3,5.7,3.79833208502827,NA,NA,NA
2562865,"Scott Miller","TB","WR",50,1,NA,5.59666666666667,5.506,5.698,0.122202018532156,57,0.0353333333333339,6,0.192,NA,64.2,15.1,4.94162186748798,NA,NA,NA
2535698,"Cole Beasley","BUF","WR",31,8,NA,5.59466666666667,4.216,7.20866666666667,1.55793773944917,58,0.0783333333333331,6,2.99266666666667,NA,72,4.6,4.69349532138874,NA,NA,NA
2649,"Danny Amendola","DET","WR",35,12,NA,5.528,4.286,6.694,1.22336421396083,59,0.0759333333333352,6,2.408,NA,72.7,6.4,4.62672588715017,NA,NA,NA
2558066,"Curtis Samuel","CAR","WR",24,3,NA,5.50466666666667,5.0642,6.044,0.491475499558896,60,0.164199999999999,6,0.9798,NA,53.7,4.6,3.37553579199223,NA,NA,NA
2555415,"Austin Hooper","CLE","TE",NA,4,NA,5.40466666666667,4.474,6.35,1.03048006611805,15,0.493802380952381,4,1.876,NA,16.1,2.4,4.52605115665756,NA,NA,NA
2562659,"N'Keal Harry","NE","WR",50,1,NA,5.39946666666667,5.02466666666667,5.6972,0.374944262524445,61,0.184866666666665,6,0.672533333333334,NA,60,6.3,3.55896686745809,NA,NA,NA
2563965,"D'Andre Swift","DET","RB",50,0,NA,5.3664,4.1296,6.5568,1.19834001852563,42,0.104025,10,2.4272,NA,41.5,4.8,5.28693199988605,NA,NA,NA
100025,"Eagles","PHI","DST",NA,NA,NA,5.292,4.564,6,0.765715351811625,27,0.122,7,1.436,NA,NA,NA,3.80269649958742,NA,NA,NA
2560907,"Marquez Valdes-Scantling","GB","WR",26,2,NA,5.28146666666667,4.114,6.5996,1.30954643547553,62,0.182966666666668,6,2.4856,NA,57.7,7.8,5.00289101273903,NA,NA,NA
2564043,"Darrynton Evans","TEN","RB",50,0,NA,5.265,5.265,5.265,NA,43,0.0162749999999994,10,0,NA,NA,NA,NA,NA,NA,NA
2556466,"Peyton Barber","WAS","RB",26,4,NA,5.25975,4.276,6.06405,1.00078010197046,44,0.1067,10,1.78805,NA,49.1,7.5,5.63360848367371,NA,NA,NA
2565054,"Joshua Kelley","LAC","RB",50,0,NA,5.2377,3.576,6.6819,1.66579333952324,45,0.218225,10,3.1059,NA,35,5.7,6.41147607422674,NA,NA,NA
100013,"Texans","HOU","DST",NA,NA,NA,5.1875,5.065,5.3,0.131497781983829,28,0.445,7,0.235,NA,NA,NA,2.4925554239908,NA,NA,NA
100001,"Falcons","ATL","DST",NA,NA,NA,5.1525,4.717,5.47,0.446122180573887,29,0.85125,7,0.753000000000001,NA,NA,NA,3.14249381672508,NA,NA,NA
2553895,"Adam Humphries","TEN","WR",NA,NA,NA,5.14773333333333,3.86333333333333,6.4068,1.24781814914407,63,0.1153,6,2.54346666666667,NA,80,9.9,5.33109433503715,NA,NA,NA
2543715,"Jerick McKinnon","SF","RB",28,6,NA,5.0684,4.2072,6.0404,0.906237717158141,46,0.1175,11,1.8332,NA,51.3,5.4,4.89439101028338,NA,NA,NA
497326,"Golden Tate","NYG","WR",32,10,NA,5.04926666666667,3.00686666666667,7.1062,2.07719152543364,64,0.0930333333333335,6,4.09933333333333,NA,70.4,10.3,6.43309922959596,NA,NA,NA
2558914,"Kendrick Bourne","SF","WR",25,3,NA,5.0156,3.6878,6.4472,1.4420077322955,65,0.1377,6,2.7594,NA,63.3,5.8,4.78136259822394,NA,NA,NA
2560711,"Chase Edmonds","ARI","RB",24,2,NA,4.97055,4.076,6.1232,1.23574648998085,47,0.0635000000000003,11,2.0472,NA,48.3,3.6,5.03750358714137,NA,NA,NA
2540928,"Darren Fells","HOU","TE",34,8,NA,4.9418,2.8754,8.144,3.29443488325388,16,0.184085714285715,4,5.2686,NA,32.1,2.5,9.68423226196979,NA,NA,NA
2555418,"Jordan Howard","MIA","RB",26,4,NA,4.93125,3.904,5.7315,0.925856866637603,48,0.0807000000000002,11,1.8275,NA,42.6,7.4,5.46517478806696,NA,NA,NA
2560920,"James Washington","PIT","WR",24,2,NA,4.89686666666667,3.6904,5.846,1.12350502149894,66,0.0419333333333336,6,2.1556,NA,67.4,5.1,4.25291979650032,NA,NA,NA
2562682,"Alexander Mattison","MIN","RB",NA,1,NA,4.88285,4.2509,5.5248,0.660177712816784,49,0.13095,11,1.2739,NA,44.9,4.2,4.10866044468626,NA,NA,NA
2560994,"Mike Gesicki","MIA","TE",25,2,NA,4.87992857142857,4.1235,5.2877,0.542188883798152,17,0.260278571428572,5,1.1642,NA,16.6,2.3,3.38711711310508,NA,NA,NA
2561061,"Russell Gage","ATL","WR",24,2,NA,4.85893333333333,4.0052,5.53213333333333,0.862088626534418,67,0.0838666666666663,7,1.52693333333333,NA,61.4,7.9,4.46917331873307,NA,NA,NA
2564556,"Justin Jefferson","MIN","WR",50,0,NA,4.85093333333333,3.4332,5.8852,1.28010759964413,68,0.2176,7,2.452,NA,71.2,5.4,4.50423709382589,NA,NA,NA
2552453,"Tevin Coleman","SF","RB",27,5,NA,4.81825,3.5149,5.7984,1.29382168883506,50,0.209599999999999,11,2.2835,NA,46.2,4.5,5.38752796697768,NA,NA,NA
2565093,"Brandon Aiyuk","SF","WR",50,0,NA,4.6992,3.327,5.742,1.24383628343926,69,0.188733333333333,7,2.415,NA,65,9.4,5.22986663732483,NA,NA,NA
2561146,"Boston Scott","PHI","RB",25,2,NA,4.68555,3.6532,5.34685,0.95555056773569,51,0.160675,11,1.69365,NA,46.8,7.4,5.52135355058309,NA,NA,NA
2558954,"Taysom Hill","NO","TE",30,3,NA,4.6355,4.5599,4.7111,0.133643181644258,18,0.1235,6,0.151199999999999,NA,33,0.4,1.82248377259748,NA,NA,NA
2557856,"O.J. Howard","TB","TE",26,3,NA,4.6038,3.5736,5.494,1.01129481359295,19,0.221283333333334,7,1.9204,NA,20.1,3.1,4.71837123904048,NA,NA,NA
2506106,"Larry Fitzgerald","ARI","WR",37,16,NA,4.56746666666667,3.93266666666667,5.1956,0.636346236991572,70,0.166866666666666,7,1.26293333333333,NA,63.4,4.4,3.51604778723099,NA,NA,NA
2560935,"Darrel Williams","KC","RB",NA,2,NA,4.53175,4.1663,4.992,0.434650218566608,52,0.0214750000000006,11,0.8257,NA,48,5.3,3.97549150475167,NA,NA,NA
2558204,"Jamaal Williams","GB","RB",NA,3,NA,4.518,3.796,5.0918,0.67153518150578,53,0.103149999999999,11,1.2958,NA,57.7,5.1,4.37029758510185,NA,NA,NA
2562699,"Tony Pollard","DAL","RB",NA,1,NA,4.50255,2.7627,6.1904,1.82052818915281,54,0.220675,11,3.4277,NA,53.4,4.5,6.3840261569241,NA,NA,NA
2562580,"Mecole Hardman","KC","WR",50,1,NA,4.45346666666667,2.80366666666667,6.084,1.62701978066238,71,0.134600000000001,7,3.28033333333333,NA,59.2,10.2,5.85750486365981,NA,NA,NA
2543767,"Logan Thomas","WAS","TE",29,6,NA,4.4202,3.0044,5.652,1.31812184565768,20,0.0838833333333335,7,2.6476,NA,18.8,3.9,5.68230411668394,NA,NA,NA
2564850,"Jalen Reagor","PHI","WR",50,0,NA,4.34773333333333,2.68233333333333,5.652,1.50990164138816,72,0.133299999999999,7,2.96966666666667,NA,59.3,6.7,5.0386197772576,NA,NA,NA
497240,"Rob Gronkowski","TB","TE",31,10,NA,4.34483333333333,2.9,5.2445,1.36823395903868,21,0.0381833333333326,7,2.3445,NA,17.9,3.5,5.66102165650172,NA,NA,NA
100010,"Lions","DET","DST",NA,NA,NA,4.3325,3.68,4.999,0.716164552785648,30,0.6975,8,1.319,NA,NA,NA,3.70033645751196,NA,NA,NA
2495700,"Greg Olsen","SEA","TE",35,13,NA,4.3278,3.5076,5.116,0.892412012469577,22,0.18805,7,1.6084,NA,21.9,2.6,4.2808876679884,NA,NA,NA
2562270,"Myles Gaskin","MIA","RB",50,1,NA,4.32715,3.85,4.6723,0.478004955518246,55,0.201350000000001,12,0.822299999999999,NA,53.4,8.2,4.83133110670535,NA,NA,NA
2563707,"Darnell Mooney","CHI","WR",50,0,NA,4.29,4.29,4.29,NA,73,0.165566666666666,7,0,NA,NA,NA,NA,NA,NA,NA
2543466,"Eric Ebron","PIT","TE",27,6,NA,4.2855,3.765,5.0165,0.633155194245456,23,0.3615,7,1.2515,NA,19.7,2.8,3.76141119774519,NA,NA,NA
100028,"Chargers","LAC","DST",NA,NA,NA,4.27,3.732,4.7,0.547539952880153,31,1.27,8,0.968000000000001,NA,NA,NA,3.35199856023135,NA,NA,NA
2539265,"Rex Burkhead","NE","RB",30,7,NA,4.2366,3.554,4.783,0.657072903108932,56,0.233675000000001,12,1.229,NA,59.6,3.4,3.88932013120941,NA,NA,NA
2559153,"Keelan Cole","JAC","WR",27,3,NA,4.13886666666667,3.1218,4.96,0.989272308315562,74,0.034933333333333,7,1.8382,NA,87.6,13.9,5.78203170762533,NA,NA,NA
2562465,"Olabisi Johnson","MIN","WR",50,1,NA,4.11,3.642,4.602,0.602245796996542,75,0.0168666666666661,7,0.96,NA,79.7,5.9,3.76282608699658,NA,NA,NA
2495448,"Randall Cobb","HOU","WR",30,9,NA,4.09786666666667,3.5036,4.8204,0.658939956799302,76,0.0400333333333345,7,1.3168,NA,64.5,6.1,3.87141281008714,NA,NA,NA
2558010,"John Ross","CIN","WR",NA,3,NA,4.0884,3.3696,4.6816,0.69058294215829,77,0.145466666666667,7,1.312,NA,72.2,7.7,4.2186997690526,NA,NA,NA
2550256,"Willie Snead","BAL","WR",28,6,NA,4.02726666666667,2.7652,5.144,1.2356611455681,78,0.307066666666667,7,2.3788,NA,89.6,7,4.75749090465088,NA,NA,NA
2560949,"Josh Adams","FA","RB",24,2,NA,4.015,3.915,4.115,0.176776695296637,57,0.1076,12,0.2,NA,58.4,9.4,4.58162397657079,NA,NA,NA
497236,"Jimmy Graham","CHI","TE",34,10,NA,3.994,2.792,5.008,1.11742113815696,24,0.1524,7,2.216,NA,23.6,3.1,4.95859011260179,NA,NA,NA
2543743,"Carlos Hyde","SEA","RB",29,6,NA,3.99085,3.1844,4.808,0.80955195169921,58,0.213724999999999,12,1.6236,NA,51.6,3.9,4.31121802987479,NA,NA,NA
2562631,"Miles Boykin","BAL","WR",50,1,NA,3.8586,3.4,4.5738,0.669032734625145,79,0.301325,8,1.1738,NA,79.1,6.9,4.03797660681116,NA,NA,NA
2552559,"C.J. Uzomah","CIN","TE",27,5,NA,3.854,2.6648,5,1.26741100936778,25,0.1278,7,2.3352,NA,NA,NA,7.40016211183897,NA,NA,NA
2495438,"Kyle Rudolph","MIN","TE",31,9,NA,3.8292,2.98,4.5316,0.828349684613932,26,0.2279,7,1.5516,NA,29.8,2.4,4.06852534713844,NA,NA,NA
2540156,"Giovani Bernard","CIN","RB",29,7,NA,3.82395,3.5748,4.1147,0.274840430977686,59,0.105875,13,0.5399,NA,64.3,3,3.05942533748307,NA,NA,NA
2552461,"Duke Johnson","HOU","RB",27,5,NA,3.7303,2.471,4.658,1.20498483392946,60,0.0709750000000007,13,2.187,NA,62.1,6.7,5.8064858149478,NA,NA,NA
2560733,"Royce Freeman","DEN","RB",24,2,NA,3.70585,2.544,4.7842,1.11438637262845,61,0.146075,13,2.2402,NA,67.7,6.7,5.63507877394125,NA,NA,NA
2540148,"Tyler Eifert","JAC","TE",30,7,NA,3.6232,2.9816,4.288,0.739148970100074,27,0.0484999999999993,8,1.3064,NA,27.9,2.6,3.93397397293835,NA,NA,NA
2556885,"Jalen Richard","LVR","RB",27,4,NA,3.6128,2.706,4.4156,0.85660475132934,62,0.142725,13,1.7096,NA,69.4,4,4.42692247548362,NA,NA,NA
2552652,"Chris Conley","JAC","WR",28,5,NA,3.5818,2.836,4.3396,0.814113751265755,80,0.141225,8,1.5036,NA,84.7,7.4,4.31357800816698,NA,NA,NA
2560894,"Ian Thomas","CAR","TE",24,2,NA,3.5794,2.948,4.1548,0.626367942985591,28,0.0259,8,1.2068,NA,25.8,3,3.81340420252451,NA,NA,NA
2562681,"Dawson Knox","BUF","TE",50,1,NA,3.57,2.764,4.592,1.07244269466174,29,0.273900000000001,8,1.828,NA,26.4,2.7,4.72206844053725,NA,NA,NA
2540160,"Jordan Reed","SF","TE",30,7,NA,3.537,1.432,5.126,1.96442612485173,30,0.4875,8,3.694,NA,28.6,7.8,8.45866905733255,NA,NA,NA
2530515,"Chris Hogan","NYJ","WR",32,9,NA,3.53275,1.629,5.5367,2.1308011599709,81,0.186425,8,3.9077,NA,92.8,13.3,7.07719217481014,NA,NA,NA
2558112,"Brian Hill","ATL","RB",25,3,NA,3.50675,2.9275,4.158,0.664146303535599,63,0.0921500000000002,13,1.2305,NA,61.1,3.7,3.98275241760752,NA,NA,NA
2540011,"Chris Thompson","JAC","RB",30,7,NA,3.4334,2.886,4.0084,0.58209260431653,64,0.341541666666666,13,1.1224,NA,61.6,4.8,4.12102758737537,NA,NA,NA
2560765,"Kerryon Johnson","DET","RB",23,2,NA,3.3958,2.714,3.934,0.699530699826677,65,0.618091666666666,13,1.22,NA,51.5,6.1,4.69009622585671,NA,NA,NA
2558877,"Zach Pascal","IND","WR",26,3,NA,3.3484,2.184,4.5708,1.30683311864981,82,0.0474749999999999,8,2.3868,NA,92.7,5.2,4.49874240391984,NA,NA,NA
2564418,"Bryan Edwards","LVR","WR",50,0,NA,3.34425,2.281,4.5625,1.24330671329859,83,0.0886833333333334,8,2.2815,NA,66.2,7.8,4.92103038063951,NA,NA,NA
2556190,"Jakeem Grant","MIA","WR",28,4,NA,3.2576,2.0546,4.4816,1.38287826651517,84,0.0358333333333327,8,2.427,NA,98.3,8.6,5.24760714312815,NA,NA,NA
2530700,"Dontrelle Inman","WAS","WR",31,7,NA,3.25353333333333,2.15533333333333,4.2046,1.06632087103273,85,0.069408333333334,8,2.04926666666667,NA,90.6,5.9,4.3363411570138,NA,NA,NA
2563926,"Quintez Cephus","DET","WR",50,0,NA,3.19,1.74,4.468,1.74519339902488,86,0.014475,8,2.728,NA,NA,NA,6.54057390160733,NA,NA,NA
2552600,"Nelson Agholor","LVR","WR",27,5,NA,3.17825,2.3297,4.3526,1.18544123290303,87,0.0118499999999995,8,2.0229,NA,99.1,5.1,4.3294620471131,NA,NA,NA
2558194,"Josh Reynolds","LAR","WR",25,3,NA,3.1728,1.9116,4.502,1.4558568610959,88,0.0348833333333332,8,2.5904,NA,89,4,4.45177315625109,NA,NA,NA
2540202,"Kenny Stills","HOU","WR",28,7,NA,3.16,1.784,4.112,1.30244001781272,89,0.18285,8,2.328,NA,84.9,5.4,4.53183603004588,NA,NA,NA
2558071,"Isaiah Ford","MIA","WR",24,3,NA,3.11583333333333,2.841,3.402,0.303612508891771,90,0.294225,9,0.561,NA,96.6,6.9,3.58638155663004,NA,NA,NA
2562738,"Irv Smith Jr.","MIN","TE",50,1,NA,3.0552,1.992,4.1064,1.04209654063335,31,0.0396000000000001,8,2.1144,NA,27.2,2.4,4.55234525884458,NA,NA,NA
2560866,"Dalton Schultz","DAL","TE",24,2,NA,3.0438,2.716,3.2656,0.292612713325993,32,0.0609999999999999,9,0.5496,NA,32.8,4.3,3.49575761331748,NA,NA,NA
100018,"Raiders","LVR","DST",NA,NA,NA,3,-1.24,3.24,3.95979797464467,32,NA,9,4.48,NA,NA,NA,10.4009035536102,NA,NA,NA
2558832,"Mo Alie-Cox","IND","TE",27,4,NA,2.9874,1.718,4.2522,1.31050326210964,33,0.112925,9,2.5342,NA,35.2,9.9,7.68574147202578,NA,NA,NA
2557889,"Gerald Everett","LAR","TE",26,3,NA,2.9782,1.432,4.524,1.58450503312549,34,0.270125,9,3.092,NA,34.9,3.9,6.28526732578474,NA,NA,NA
2564358,"Van Jefferson","LAR","WR",50,0,NA,2.83846666666667,1.39666666666667,3.9756,1.31324199343965,92,0.0403416666666669,9,2.57893333333333,NA,80.8,14.3,6.25944663917499,NA,NA,NA
2557034,"Marvin Hall","DET","WR",27,4,NA,2.80475,1.671,3.9307,1.24632402822594,93,0.0303999999999998,9,2.2597,NA,108.8,7.8,4.92475925055441,NA,NA,NA
2553499,"Damiere Byrd","NE","WR",NA,NA,NA,2.7915,2.5632,3.095,0.324631586058206,94,0.0474000000000006,10,0.5318,NA,95.7,6.6,3.55457334691101,NA,NA,NA
2564808,"Lamical Perine","NYJ","RB",50,0,NA,2.78791666666667,1.982,3.9331,1.21660421072572,66,0.206491666666667,14,1.9511,NA,86.8,11.9,7.21599925959262,NA,NA,NA
2558942,"Anthony Firkser","TEN","TE",50,2,NA,2.77075,2.3681,3.33,0.573633666492243,35,0.188049999999999,9,0.9619,NA,44.4,4,4.03081956445229,NA,NA,NA
2540230,"Kyle Juszczyk","SF","RB",29,7,NA,2.7675,2.1805,3.3505,0.632277628894143,67,0.495366666666667,14,1.17,NA,83.3,6.2,4.58954058535074,NA,NA,NA
2564970,"Chase Claypool","PIT","WR",50,0,NA,2.7572,1.56,3.8304,1.14136725027486,95,0.0266000000000002,10,2.2704,NA,86.5,3.9,4.04385801487609,NA,NA,NA
2555468,"Rashard Higgins","CLE","WR",26,4,NA,2.731,2.2375,3.2557,0.56898213211547,96,0.0183999999999997,10,1.0182,NA,115,8.9,4.29955893211919,NA,NA,NA
2555478,"Demarcus Robinson","KC","WR",NA,4,NA,2.7302,2.1306,3.424,0.65100706601388,97,0.0452666666666666,10,1.2934,NA,79.9,7.7,4.16979095526834,NA,NA,NA
2559278,"Greg Ward","PHI","WR",50,3,NA,2.695,2.307,3.083,0.685893577750951,98,0.0845666666666665,10,0.775999999999999,NA,87.4,8.4,4.34773407846595,NA,NA,NA
2558856,"David Moore","SEA","WR",25,3,NA,2.67486666666667,2.25866666666667,2.9506,0.378221099358563,99,0.147066666666667,10,0.691933333333334,NA,99.4,5.9,3.48597101043755,NA,NA,NA
2559385,"Dan Arnold","ARI","TE",50,3,NA,2.6454,1.692,3.4022,0.899555890425937,36,0.1505,9,1.7102,NA,32.9,4.7,5.00429672160525,NA,NA,NA
2557895,"Dede Westbrook","JAC","WR",27,3,NA,2.546,0.9004,4.046,1.9911122519838,100,0.057783333333334,10,3.1456,NA,109.1,11.7,6.59637948186763,NA,NA,NA
2560751,"Ryan Izzo","NE","TE",25,2,NA,2.52,1.394,3.338,1.38596536753268,37,0.10235,9,1.944,NA,46.5,10,7.89022936159218,NA,NA,NA
2562669,"Andy Isabella","ARI","WR",NA,1,NA,2.5096,1.519,3.6104,1.04137807735711,101,0.0676833333333331,10,2.0914,NA,101.8,6.5,4.42108443180964,NA,NA,NA
2560951,"Jordan Akins","HOU","TE",28,2,NA,2.4698,1.74,2.8754,0.769087251227063,38,0.10755,9,1.1354,NA,29.7,3.5,4.30484214270291,NA,NA,NA
2540145,"Cordarrelle Patterson","CHI","WR",29,7,NA,2.46683333333333,1.6906,3.336,0.922975442071276,102,0.104833333333333,10,1.6454,NA,85.1,6.4,4.25549826217933,NA,NA,NA
2558127,"Josh Malone","FA","WR",24,3,NA,2.417,2.2514,2.5826,0.292742207411231,103,0.1455,11,0.331199999999999,NA,110.3,13.4,4.82493634577343,NA,NA,NA
2558918,"Matt Breida","MIA","RB",25,3,NA,2.39535,1.51,3.2684,0.899424183853203,68,0.275441666666667,14,1.7584,NA,55.8,5.8,4.98823329660918,NA,NA,NA
2541316,"Ryan Griffin","NYJ","TE",30,7,NA,2.3655,1.6434,3,0.754162449343641,39,0.0228999999999999,10,1.3566,NA,48.1,3.6,4.30473761707874,NA,NA,NA
2552402,"Nick Boyle","BAL","TE",27,5,NA,2.359,1.82,2.786,0.501801753683663,40,0.045525,10,0.966,NA,36.2,3.3,3.63248046632542,NA,NA,NA
2561046,"Will Dissly","SEA","TE",NA,2,NA,2.3262,1.9084,2.836,0.481302607514233,41,0.0633249999999999,10,0.9276,NA,33.1,2.9,3.45136813075992,NA,NA,NA
2558985,"Tim Patrick","DEN","WR",27,3,NA,2.307,1.883,2.5984,0.439552992633804,104,0.0725000000000002,11,0.715399999999999,NA,101.8,12.2,4.77523227266804,NA,NA,NA
2550656,"Cameron Brate","TB","TE",29,6,NA,2.30075,1.7671,3.007,0.715990397980308,42,0.0834999999999999,10,1.2399,NA,48.3,6.3,5.12764145302495,NA,NA,NA
2560051,"Justin Watson","TB","WR",NA,2,NA,2.236,1.75305,2.88895,0.678677513010905,105,0.00854166666666645,11,1.1359,NA,108.4,16.5,5.89898666197258,NA,NA,NA
2558202,"Trent Taylor","SF","WR",26,3,NA,2.233,1.2445,2.9339,1.0667548921847,106,0.0294166666666666,11,1.6894,NA,101.3,11.2,5.3577297473569,NA,NA,NA
2563767,"Harrison Bryant","CLE","TE",50,0,NA,2.225,1.485,2.965,1.30814754519511,43,0.0786250000000002,10,1.48,NA,NA,NA,7.58457789726134,NA,NA,NA
2563551,"Devin Duvernay","BAL","WR",50,0,NA,2.22191666666667,1.08966666666667,3.4113,1.3395095391805,107,0.0399583333333333,11,2.32163333333333,NA,97.8,8,5.07844285770906,NA,NA,NA
2552401,"MyCole Pruitt","TEN","TE",28,5,NA,2.2095,1.7534,2.95,0.796702160994517,44,0.159125,10,1.1966,NA,62.3,5,4.87251953480157,NA,NA,NA
2556661,"Kalif Raymond","TEN","WR",26,4,NA,2.18525,1.3055,3.0868,0.955519186969402,108,0.00808333333333344,11,1.7813,NA,105.1,10,4.98912565287343,NA,NA,NA
2552424,"Phillip Dorsett","SEA","WR",27,5,NA,2.17866666666667,1.9372,2.3676,0.292057072048141,109,0.0104583333333337,11,0.4304,NA,108.1,6.4,3.47579425866125,NA,NA,NA
2562492,"Jakobi Meyers","NE","WR",50,1,NA,2.17566666666667,1.992,2.4296,0.312963789172698,110,0.0632916666666667,11,0.4376,NA,103.3,6.7,3.55941536718392,NA,NA,NA
2564136,"Michael Pittman","IND","WR",50,0,NA,2.16075,0.9,3.3301,1.31341878952095,111,0.187916666666667,11,2.4301,NA,76.1,6.2,4.69949475918907,NA,NA,NA
2560862,"Jaylen Samuels","PIT","RB",24,2,NA,2.14891666666667,1.366,3.08816666666667,0.959885308542409,69,0.0588916666666668,14,1.72216666666667,NA,73.9,3.8,4.5689567590274,NA,NA,NA
2563986,"AJ Dillon","GB","RB",50,0,NA,2.0909,1.488,2.5479,0.609502296960397,70,0.00682499999999964,14,1.0599,NA,69,4.8,4.17288513819376,NA,NA,NA
79607,"LeSean McCoy","TB","RB",32,11,NA,2.08915,1.242,2.8353,0.799190520151484,71,0.0782999999999996,14,1.5933,NA,66.8,4.6,4.4783977207383,NA,NA,NA
2505629,"Jason Witten","LVR","TE",38,17,NA,2.08325,1.039,2.9649,1.09659271533844,45,0.1168,10,1.9259,NA,42.2,4.9,5.51764924471283,NA,NA,NA
2560933,"Jordan Wilkins","IND","RB",26,2,NA,2.079,1.7874,2.3634,0.360337341945017,72,0.16515,14,0.576,NA,74.5,4.7,3.67479620162826,NA,NA,NA
2507166,"Ted Ginn","CHI","WR",35,13,NA,2.064,1.6246,2.4378,0.446864632746876,112,0.18525,11,0.8132,NA,108.7,8.5,4.07159775691943,NA,NA,NA
2562744,"Jace Sternberger","GB","TE",NA,1,NA,2.0175,1.16,3.221,1.23229798885389,46,0.152925,10,2.061,NA,45.5,10,7.54240044392271,NA,NA,NA
2562574,"Darrell Henderson","LAR","RB",50,1,NA,1.9427,1.048,2.7926,0.878558592240723,73,0.101575,14,1.7446,NA,68.9,6.3,5.0821731767296,NA,NA,NA
2540215,"Vance McDonald","PIT","TE",30,7,NA,1.9154,1.024,2.612,0.834934608217913,47,0.110775,10,1.588,NA,39.9,2.7,4.18446454987556,NA,NA,NA
2556440,"J.D. McKissic","WAS","RB",27,4,NA,1.885,1.7544,1.9952,0.15684705926475,74,0.149708333333333,14,0.2408,NA,NA,NA,2.50223362805967,NA,NA,NA
2560836,"Dante Pettis","SF","WR",25,2,NA,1.88166666666667,1.793,2.001,0.145973741930983,113,0.0137499999999997,12,0.208,NA,103.9,5.7,3.16043144919544,NA,NA,NA
2556519,"Alex Erickson","CIN","WR",28,4,NA,1.87583333333333,1.4889,2.1633,0.473327141978287,114,0.106083333333333,12,0.6744,NA,140.9,14.3,5.22145978792085,NA,NA,NA
2560975,"Braxton Berrios","NYJ","WR",25,2,NA,1.86,1.056,2.496,0.970721381241806,115,0.196916666666667,12,1.44,NA,121.4,9,4.81529926217851,NA,NA,NA
2559270,"Robert Tonyan","GB","TE",26,3,NA,1.81375,1.0875,2.397,0.776051705751621,48,0.0238749999999999,10,1.3095,NA,40.3,3.1,4.18589416880499,NA,NA,NA
2565144,"DeeJay Dallas","SEA","RB",50,0,NA,1.79725,0.5965,2.987,1.28837918202161,75,0.148541666666667,14,2.3905,NA,103.8,11.1,7.13832715448,NA,NA,NA
2563704,"Cole Kmet","CHI","TE",50,0,NA,1.7955,0.7496,2.845,1.16861213981942,49,0.035625,10,2.0954,NA,51.5,7.7,6.6236515343467,NA,NA,NA
2553318,"James OShaughnessy","JAC","TE",NA,NA,NA,1.78425,1.3359,2.08,0.476632895074046,50,0.0935000000000001,10,0.7441,NA,55,6.7,4.72056351831751,NA,NA,NA
2558956,"Jacob Hollister","SEA","TE",27,3,NA,1.7355,0.752,3.1266,1.4759000643675,51,0.140833333333333,10,2.3746,NA,56.5,9.5,7.92540801026253,NA,NA,NA
2560860,"Mason Rudolph","PIT","QB",25,2,NA,1.73033333333333,0.7712,3.0392,1.60706264138438,33,0.222866666666667,10,2.268,NA,43.7,0.5,5.48851453668564,NA,NA,NA
2533040,"Mohamed Sanu","FA","WR",31,8,NA,1.6795,1.6551,1.7039,0.0431335136523794,116,0.0669999999999997,13,0.0487999999999997,NA,123.7,24.9,6.73152065169118,NA,NA,NA
2564640,"J.J. Taylor","NE","RB",50,0,NA,1.67333333333333,1.39,1.99,0.381881307912987,76,0.0688166666666665,15,0.6,NA,83.8,8,4.59610418491125,NA,NA,NA
2561002,"DaeSean Hamilton","DEN","WR",25,2,NA,1.64666666666667,1.344,1.936,0.371124417592447,118,0.119666666666667,13,0.592,NA,116.2,10.2,4.30543935231718,NA,NA,NA
2541834,"Josh Hill","NO","TE",30,7,NA,1.646,1.0708,2.114,0.585682507848749,52,0.129333333333333,11,1.0432,NA,45.6,5.7,4.63061894840396,NA,NA,NA
2559924,"Ito Smith","ATL","RB",25,2,NA,1.62408333333333,1.44643333333333,1.881,0.264491178176765,77,0.0466083333333334,15,0.434566666666667,NA,72.8,3.7,3.2266280698301,NA,NA,NA
2564832,"Jalen Hurts","PHI","QB",50,0,NA,1.617,1.2924,1.8676,0.393584806617329,34,0.4032,10,0.5752,NA,50,26,8.18322809967232,NA,NA,NA
2495469,"Dion Lewis","NYG","RB",30,9,NA,1.58495,1.3734,1.7683,0.197326854482607,78,0.0332833333333333,15,0.3949,NA,77.4,3.7,3.09955705978974,NA,NA,NA
2563890,"KJ Hamler","DEN","WR",50,0,NA,1.57833333333333,1.111,2.071,0.60250172890485,119,0.10325,13,0.96,NA,100.9,9.1,4.37950597625943,NA,NA,NA
2555229,"Kenneth Dixon","FA","RB",26,4,NA,1.57,1.57,1.57,NA,79,0.0443583333333333,15,0,NA,112.5,36.5,21.0479374906446,NA,NA,NA
2562740,"Kaden Smith","NYG","TE",NA,1,NA,1.54333333333333,0.82,2.156,0.868696341268532,53,0.0649583333333332,11,1.336,NA,49.5,5.1,5.0691577124674,NA,NA,NA
2564889,"Eno Benjamin","ARI","RB",50,0,NA,1.53333333333333,1.418,1.618,0.141539158303748,80,0.0326916666666668,15,0.2,NA,89.6,4.9,3.31420926006116,NA,NA,NA
2559150,"Corey Clement","PHI","RB",NA,3,NA,1.51795,1.1626,1.972,0.436199939821179,81,0.0418583333333336,15,0.8094,NA,61.1,7.5,4.565455519315,NA,NA,NA
2562317,"Foster Moreau","LVR","TE",50,1,NA,1.49,1.222,1.798,0.370270171631472,54,0.03525,11,0.576,NA,57.8,8.1,4.95130205518614,NA,NA,NA
2555432,"Andy Janovich","CLE","RB",27,4,NA,1.48333333333333,0.786,2.162,0.860949088699984,82,0.0189083333333333,15,1.376,NA,99.2,7,5.23563993521563,NA,NA,NA
2560939,"Javon Wims","CHI","WR",26,2,NA,1.47566666666667,0.8956,2.002,0.701217750298246,120,0.0250416666666666,13,1.1064,NA,118,9.7,4.61706977073055,NA,NA,NA
2565273,"Antonio Gandy-Golden","WAS","WR",50,0,NA,1.4745,1.3741,1.5749,0.177483802077823,121,0.0788749999999998,14,0.2008,NA,NA,NA,2.66574791089001,NA,NA,NA
2561324,"Gus Edwards","BAL","RB",25,2,NA,1.46885,0.8694,2.1701,0.686948315013582,83,0.0281,15,1.3007,NA,64.1,5.6,4.53287471176112,NA,NA,NA
2495888,"Marcedes Lewis","GB","TE",36,14,NA,1.46675,1.1319,1.851,0.393703251193078,55,0.024875,11,0.719100000000001,NA,66.9,4.6,3.82561199965081,NA,NA,NA
2562406,"Bryce Love","WAS","RB",50,1,NA,1.46,1.416,1.496,0.0529150262212918,84,0.134125,15,0.0799999999999998,NA,87.5,8.5,4.10713540565504,NA,NA,NA
2564586,"Devin Asiasi","NE","TE",50,0,NA,1.44275,0.754,2.3293,0.950657798579489,56,0.0222500000000001,11,1.5753,NA,44.4,9.1,6.60180040662181,NA,NA,NA
2552478,"Blake Bell","DAL","TE",29,5,NA,1.441,1.202,1.7152,0.281550469128834,57,0.0664999999999998,11,0.5132,NA,53,7.7,4.61577124462479,NA,NA,NA
2565069,"Joe Reed","LAC","WR",50,0,NA,1.42675,0.2369,2.826,1.49771456448372,122,0.113833333333333,14,2.5891,NA,124.5,21.5,7.87424035782039,NA,NA,NA
2555234,"Tyler Ervin","GB","RB",27,4,NA,1.4215,0.5122,2.422,1.03231378466046,85,0.200975,15,1.9098,NA,92.7,12.5,7.02743209322657,NA,NA,NA
2564349,"Brycen Hopkins","LAR","TE",50,0,NA,1.4,1.4,1.4,NA,58,0.0967499999999999,11,0,NA,NA,NA,NA,NA,NA,NA
2558954,"Taysom Hill","NO","QB",30,3,NA,1.39793333333333,0.88732,2.1374,0.776240180471082,35,0.370766666666667,10,1.25008,NA,33,0.4,3.9971803768836,NA,NA,NA
2560883,"Equanimeous St. Brown","GB","WR",24,2,NA,1.3645,0.5441,2.1849,1.45027600821361,123,0.1265,14,1.6408,NA,138.1,20.8,7.6807851179374,NA,NA,NA
2541187,"Demetrius Harris","CHI","TE",29,7,NA,1.349,0.7362,2.081,0.759678001963113,59,0.10875,11,1.3448,NA,70.4,6.5,5.29388521433783,NA,NA,NA
2550597,"Seth Roberts","CAR","WR",NA,NA,NA,1.26133333333333,0.9752,1.58,0.384506610259607,124,0.0606666666666666,14,0.6048,NA,131.9,4.8,3.28186380670477,NA,NA,NA
2495288,"Virgil Green","LAC","TE",32,9,NA,1.2575,0.859,1.602,0.407625236379365,60,0.0710000000000002,11,0.743,NA,52.8,6,4.3286171709495,NA,NA,NA
2560967,"Kalen Ballage","FA","RB",NA,2,NA,1.23025,0.5961,1.9054,0.733287744795088,87,0.0355999999999999,15,1.3093,NA,91.9,10.9,6.0347597597178,NA,NA,NA
2552633,"Jesse James","DET","TE",26,5,NA,1.223,0.7366,1.855,0.638348911907378,61,0.0779999999999998,11,1.1184,NA,50.9,5.6,4.71615227972901,NA,NA,NA
2562466,"JJ Arcega-Whiteside","PHI","WR",NA,1,NA,1.21466666666667,0.4756,2.1284,1.10004424153455,125,0.0618333333333334,14,1.6528,NA,95.9,9.6,5.0906877198053,NA,NA,NA
2553439,"Mike Davis","CAR","RB",27,5,NA,1.2108,0.3936,1.928,0.780460889474931,88,0.0350916666666667,15,1.5344,NA,79.3,7.3,5.16341074694215,NA,NA,NA
2558129,"Isaiah McKenzie","BUF","WR",25,3,NA,1.18666666666667,1.085,1.289,0.127508169672901,126,0.0698333333333332,15,0.204,NA,123.8,6.2,3.23391806647648,NA,NA,NA
2562407,"Justice Hill","BAL","RB",50,1,NA,1.1785,0.7804,1.515,0.414431739453757,89,0.0137083333333334,16,0.7346,NA,94.1,5.5,3.99060586173183,NA,NA,NA
2552471,"T.J. Yeldon","BUF","RB",27,5,NA,1.17291666666667,0.4376,1.92456666666667,0.803635506792587,90,0.0504166666666666,16,1.48696666666667,NA,95.7,6.2,4.91373976469606,NA,NA,NA
2555223,"Devontae Booker","LVR","RB",28,4,NA,1.15666666666667,0.8044,1.4572,0.423094946003061,91,0.0825,16,0.6528,NA,79.4,9.2,4.99427729096809,NA,NA,NA
2562626,"Andrew Beck","DEN","TE",50,1,NA,1.15,0.692,1.58,0.558300994088314,62,0.0126249999999999,12,0.888,NA,92,11,6.35357629852659,NA,NA,NA
2562720,"Drew Sample","CIN","TE",NA,1,NA,1.14,0.94,1.356,0.26229754097208,63,0.092625,12,0.416,NA,59,11.3,5.78460118516832,NA,NA,NA
2559248,"Ricky Seals-Jones","KC","TE",25,3,NA,1.13475,0.3633,1.946,0.892294934424712,64,0.1825,12,1.5827,NA,82.4,8.3,6.2002707101012,NA,NA,NA
2561653,"KhaDarel Hodge","CLE","WR",50,2,NA,1.119,1.0784,1.1704,0.0620725382113539,127,0.0445,15,0.0919999999999999,NA,112.8,8.6,3.61532385077397,NA,NA,NA
2555317,"Tajae Sharpe","MIN","WR",26,4,NA,1.11466666666667,0.5892,1.57,0.631526193703265,128,0.116,15,0.9808,NA,129.6,12.1,4.993215981012,NA,NA,NA
2562665,"Travis Homer","SEA","RB",50,1,NA,1.08833333333333,0.983,1.215,0.152178623115513,92,0.0425,16,0.232,NA,82.4,5.3,3.441071607886,NA,NA,NA
2560938,"Jeffery Wilson","SF","RB",50,2,NA,1.06,0.65,1.378,0.496689037527506,93,0.0291666666666668,16,0.728,NA,101.2,9.4,5.18687959764677,NA,NA,NA
2562713,"Riley Ridley","CHI","WR",50,1,NA,1.03433333333333,0.1106,2.3266,1.5983949240827,130,0.0793333333333333,15,2.216,NA,166,17.9,7.3052545001311,NA,NA,NA
2562797,"Qadree Ollison","ATL","RB",50,1,NA,1.03166666666667,0.949,1.133,0.121894763354844,94,0.0291666666666668,16,0.184,NA,96.8,6.5,3.70397558939058,NA,NA,NA
2560817,"Ryan Nall","CHI","RB",25,2,NA,1.03,0.764,1.332,0.363455636907725,95,0.0604583333333333,16,0.568,NA,84,6.9,4.26772786679019,NA,NA,NA
2561177,"Kyle Allen","WAS","QB",50,2,NA,1.02966666666667,0.1948,2.07546666666667,1.13829834011612,36,0.0386666666666665,10,1.88066666666667,NA,51,8.8,6.23485267389327,NA,NA,NA
2552033,"Jameis Winston","NO","QB",26,5,NA,1.02466666666667,0.0894,2.15086666666667,1.19177141730749,37,0.0978333333333332,10,2.06146666666667,NA,40.2,3.7,5.36058126533305,NA,NA,NA
2565258,"Ke'Shawn Vaughn","TB","RB",50,0,NA,0.975,0.7305,1.3315,0.382905558417042,96,0.028,16,0.601,NA,87.1,6.6,4.2244761691728,NA,NA,NA
2562832,"Darwin Thompson","KC","RB",NA,1,NA,0.964083333333333,0.4114,1.42003333333333,0.55844508831815,97,0.0564583333333334,16,1.00863333333333,NA,84.9,5.8,4.3431205985406,NA,NA,NA
2558821,"Jamal Agnew","DET","WR",NA,3,NA,0.963,0.7366,1.1894,0.400222438151586,132,0.0393333333333334,15,0.4528,NA,NA,NA,3.21627937276043,NA,NA,NA
2563980,"Josiah Deguara","GB","TE",50,0,NA,0.96,0.272,1.648,1.21622366364086,65,0.019875,12,1.376,NA,NA,NA,7.1684351283289,NA,NA,NA
2495143,"Andy Dalton","DAL","QB",33,9,NA,0.957333333333333,0.176,1.83013333333333,0.926828283268625,38,0.0806666666666667,10,1.65413333333333,NA,39.6,2.3,4.62505589898184,NA,NA,NA
2557863,"Zay Jones","LVR","WR",25,3,NA,0.947,0.7522,1.1202,0.23470619932162,133,0.0938333333333334,16,0.368,NA,132.7,12.3,4.54133907129261,NA,NA,NA
2552586,"Tyler Kroft","BUF","TE",28,5,NA,0.9445,0.6766,1.268,0.332547239751989,66,0.026,12,0.5914,NA,67.5,6,4.15867675462809,NA,NA,NA
2557886,"Jeremy Sprinkle","WAS","TE",26,3,NA,0.93575,0.5269,1.548,0.631067019684386,67,0.0423750000000001,12,1.0211,NA,61.1,10.5,6.34989334634097,NA,NA,NA
2557952,"Wayne Gallman","NYG","RB",26,3,NA,0.929916666666667,0.5439,1.3188,0.416048641654101,98,0.0622083333333334,16,0.7749,NA,90.5,8.8,4.87421299461064,NA,NA,NA
2540203,"Levine Toilolo","NYG","TE",29,7,NA,0.90125,0.1725,1.903,1.03973053400068,68,0.0557500000000001,12,1.7305,NA,80.5,8.1,6.46663781003251,NA,NA,NA
2553502,"DeAndre Carter","HOU","WR",27,5,NA,0.900333333333333,0.6712,1.1312,0.287524491710417,135,0.120166666666667,16,0.46,NA,131.7,9.8,4.12507911517883,NA,NA,NA
2562651,"Ryan Finley","CIN","QB",50,1,NA,0.896333333333333,0.88,0.9112,0.0197568553503166,39,0.0660000000000001,10,0.0312,NA,NA,NA,1.89692732278002,NA,NA,NA
2561060,"Ross Dwelley","SF","TE",50,2,NA,0.8855,0.522,1.2654,0.401946513854766,69,0.0877500000000001,12,0.7434,NA,71,7.9,4.95564596228766,NA,NA,NA
2561344,"Buddy Howell","HOU","RB",50,2,NA,0.885333333333333,0.6662,1.1662,0.339882822945399,99,0.0560416666666665,16,0.5,NA,93.4,5.8,3.92961345233462,NA,NA,NA
2555261,"Jacoby Brissett","IND","QB",28,4,NA,0.857,0.0346,2.0458,1.24113979873341,41,0.0906666666666666,10,2.0112,NA,41,4.2,5.5430721888997,NA,NA,NA
2556803,"C.J. Ham","MIN","RB",27,4,NA,0.850083333333333,0.5695,1.167,0.350574805775379,100,0.0423333333333334,16,0.5975,NA,97.7,6.9,4.2433580803899,NA,NA,NA
2552429,"Ty Montgomery","NO","RB",27,5,NA,0.8085,0.7064,0.886,0.124244718197596,101,0.00249999999999995,17,0.1796,NA,90.4,10.5,4.7757525345899,NA,NA,NA
2550289,"David Fluellen","FA","RB",28,6,NA,0.807,0.807,0.807,NA,102,0.0245000000000001,17,0,NA,NA,NA,NA,NA,NA,NA
2561054,"Damion Ratley","NYG","WR",25,2,NA,0.806,0.5284,1.066,0.338153811156994,137,0.0748333333333333,16,0.5376,NA,134.3,7.8,3.80242078686603,NA,NA,NA
2564703,"Adam Trautman","NO","TE",50,0,NA,0.8055,0.4171,1.1939,0.686600684532138,70,0.0256249999999999,12,0.7768,NA,NA,NA,4.77081255963349,NA,NA,NA
2559362,"Dare Ogunbowale","FA","RB",NA,3,NA,0.805,0.6944,0.8936,0.133300412602512,103,0.0504166666666667,17,0.1992,NA,96.8,5.1,3.35198857874866,NA,NA,NA
2532842,"Nick Foles","CHI","QB",31,8,NA,0.803666666666667,0.1144,1.49666666666667,0.799007996066233,42,0.0761666666666667,10,1.38226666666667,NA,34.4,2.6,4.45554243842556,NA,NA,NA
2565129,"Charlie Woerner","SF","TE",50,0,NA,0.79,0.646,0.934,0.254558441227157,71,0.0345,12,0.288,NA,84,6.6,4.18421590089149,NA,NA,NA
2555289,"Nick Vannett","DEN","TE",NA,4,NA,0.76975,0.5153,0.968,0.256320600030509,72,0.0307916666666667,12,0.4527,NA,57.1,7.1,4.35659475938073,NA,NA,NA
2562293,"Ty Johnson","DET","RB",NA,1,NA,0.76,0.714,0.818,0.07,104,0.0535833333333332,17,0.104,NA,115,8,4.00604281557953,NA,NA,NA
2561272,"Trent Sherfield","ARI","WR",50,2,NA,0.754333333333333,0.6066,0.8706,0.178511437542062,139,0.0888333333333334,16,0.264,NA,158,14.9,4.97268766839807,NA,NA,NA
2561099,"Mike Boone","MIN","RB",50,2,NA,0.749166666666667,0.6068,0.8512,0.175949093016512,105,0.158166666666667,17,0.2444,NA,81.4,4.6,3.29926104088919,NA,NA,NA
2552622,"Chris Manhertz","CAR","TE",NA,NA,NA,0.74125,0.4435,1.096,0.36606864110437,74,0.0521666666666667,12,0.6525,NA,64.8,6.2,4.30190913064794,NA,NA,NA
2562654,"Zach Gentry","PIT","TE",50,1,NA,0.736666666666667,0.226,1.154,0.614193237778904,75,0.100416666666667,12,0.928,NA,96.5,5.1,4.49308529038647,NA,NA,NA
2558979,"Nick Mullens","SF","QB",50,3,NA,0.729,0.0872,1.4356,0.755688648408413,44,0.00883333333333336,10,1.3484,NA,51.8,6.4,5.10079921852801,NA,NA,NA
2505982,"Matt Schaub","ATL","QB",39,16,NA,0.726,0.1256,1.2576,0.626094774508354,45,0.0460000000000002,10,1.132,NA,44,6,4.79513816114976,NA,NA,NA
2495441,"Blaine Gabbert","TB","QB",31,9,NA,0.714333333333333,0.2244,1.15813333333333,0.540640361053446,46,0.0735,10,0.933733333333333,NA,40.8,2.9,4.05468083337691,NA,NA,NA
2558262,"Mack Hollins","MIA","WR",27,3,NA,0.708,0.532,0.9192,0.253716377082758,140,0.1135,16,0.3872,NA,133.8,7.8,3.69807098739505,NA,NA,NA
2564994,"Anthony McFarland","PIT","RB",50,0,NA,0.663666666666667,0.4772,0.9052,0.292865725774344,107,0.149,17,0.428,NA,79.6,6.9,4.13417584373664,NA,NA,NA
2539308,"Matt Barkley","BUF","QB",30,7,NA,0.645666666666667,-0.0942,1.45166666666667,0.857308190403739,47,0.0165,10,1.54586666666667,NA,54.8,5.7,5.1478786950827,NA,NA,NA
2534241,"Derek Carrier","LVR","TE",30,8,NA,0.6415,0.3894,1.01,0.379492204575184,77,0.0109999999999999,12,0.6206,NA,82.3,6.1,4.29861557571193,NA,NA,NA
2563043,"David Blough","FA","QB",50,1,NA,0.636,0.6328,0.6392,0.00565685424949231,48,0.06925,10,0.00639999999999985,NA,NA,NA,1.8469529778894,NA,NA,NA
2557859,"Jake Butt","DEN","TE",25,3,NA,0.631,0.114,1.2128,0.604960604777975,78,0.0249999999999999,12,1.0988,NA,77.9,7.4,5.24678188435367,NA,NA,NA
2553454,"Geoff Swaim","TEN","TE",NA,NA,NA,0.63,0.318,1.038,0.495681349255749,79,0.057125,12,0.72,NA,90.4,9,5.53827486954697,NA,NA,NA
2563731,"Tee Higgins","CIN","WR",50,0,NA,0.623,-0.061,1.5234,0.911434400638174,143,0.0661666666666667,17,1.5844,NA,98.1,9.4,4.81907644462929,NA,NA,NA
2533033,"Robert Griffin","BAL","QB",30,8,NA,0.622333333333333,0.152,0.9452,0.491152386400256,49,0.135583333333333,11,0.7932,NA,39.6,1,3.60596886723316,NA,NA,NA
2541199,"Luke Willson","SEA","TE",30,7,NA,0.582,0.527,0.6306,0.0611228271597445,81,0.0219583333333333,12,0.1036,NA,81.6,10.2,4.95878015122821,NA,NA,NA
2565225,"Tyler Johnson","TB","WR",50,0,NA,0.566,0.3612,0.7708,0.362038671967512,144,0.0213333333333334,17,0.4096,NA,131,17,5.60398362597969,NA,NA,NA
2495234,"Luke Stocker","ATL","TE",32,9,NA,0.56375,0.3685,0.774,0.221335906109545,83,0.0230833333333335,12,0.4055,NA,69.6,3.7,3.13235304280687,NA,NA,NA
2550313,"Richard Rodgers","FA","TE",28,6,NA,0.556333333333333,0.1512,1.072,0.623273883082978,84,0.0352083333333333,12,0.9208,NA,107,2.2,3.53697645365995,NA,NA,NA
2560936,"Cedrick Wilson","DAL","WR",NA,2,NA,0.547666666666667,0.2884,0.822,0.335091529784525,145,0.00683333333333336,17,0.5336,NA,132.3,17,5.57068170350963,NA,NA,NA
2561029,"Keke Coutee","HOU","WR",23,2,NA,0.541666666666667,0.112,1.132,0.726228843639065,146,0.00216666666666654,17,1.02,NA,141.5,23.3,7.26752438835461,NA,NA,NA
2556861,"Jaydon Mickens","TB","WR",26,4,NA,0.54,0.364,0.716,0.311126983722081,147,0.0631666666666666,17,0.352,NA,166.5,9.1,4.01941810096943,NA,NA,NA
2561671,"Malik Turner","DAL","WR",50,2,NA,0.539,0.4034,0.7234,0.226192395981828,148,0.131666666666667,17,0.32,NA,154.3,10.5,4.18411298320424,NA,NA,NA
2559018,"Pharaoh Brown","FA","TE",50,3,NA,0.525,0.449,0.601,0.134350288425444,85,0.029875,12,0.152,NA,89.5,3.5,2.86810343684144,NA,NA,NA
2558833,"Alexander Armah","CAR","RB",26,3,NA,0.518333333333333,0.325,0.733,0.259149249146767,108,0.0150833333333333,18,0.408,NA,103.8,8,4.36390223878917,NA,NA,NA
2495347,"Lee Smith","BUF","TE",33,9,NA,0.51725,0.2727,0.816,0.30273792296308,86,0.0524166666666668,12,0.5433,NA,92.6,12.1,6.14556301603926,NA,NA,NA
2506340,"Alex Smith","WAS","QB",36,15,NA,0.511166666666667,0.119,0.824,0.395866560008967,50,0.0599999999999999,11,0.705,NA,58,10,5.14716760938854,NA,NA,NA
2555220,"Derek Watt","PIT","RB",28,4,NA,0.511,0.3116,0.7568,0.248378743051816,109,0.0865,18,0.4452,NA,95.5,1.5,2.60911224414657,NA,NA,NA
2552374,"Ameer Abdullah","MIN","RB",27,5,NA,0.4955,0.4005,0.5669,0.115873853823889,110,0.14375,18,0.1664,NA,102.4,8.1,4.11951676401156,NA,NA,NA
2561027,"Tyler Conklin","MIN","TE",NA,2,NA,0.473,0.366,0.5424,0.116315662459246,88,0.0220000000000001,12,0.1764,NA,83.3,5,3.33245227122753,NA,NA,NA
2565045,"Justin Herbert","LAC","QB",50,0,NA,0.462333333333333,0.058,0.9192,0.4681542955527,51,0.0258333333333333,11,0.8612,NA,35.3,1.4,3.6412156381406,NA,NA,NA
2563911,"Albert Okwuegbunam","DEN","TE",50,0,NA,0.456666666666667,0.122,0.73,0.402533642486356,89,0.018125,12,0.608,NA,76.9,7.8,4.92329690269445,NA,NA,NA
2558886,"Darrell Daniels","ARI","TE",26,4,NA,0.445333333333333,0.2852,0.5812,0.192315712653265,90,0.0161249999999999,12,0.296,NA,85.7,10.8,5.45780585901139,NA,NA,NA
2532888,"Case Keenum","CLE","QB",32,8,NA,0.44,0.0456,0.7176,0.405646808607357,52,0.00883333333333336,11,0.672,NA,42.3,3.8,3.98645924719152,NA,NA,NA
2560942,"Logan Woodside","TEN","QB",25,2,NA,0.433,0.0303999999999999,0.732,0.492537308231569,53,0.015,11,0.7016,NA,70.5,9.5,5.22347843272934,NA,NA,NA
2560880,"Durham Smythe","MIA","TE",NA,2,NA,0.43175,0.1739,0.643,0.275424974660372,91,0.00554166666666667,12,0.4691,NA,74.3,11.9,6.01638358686628,NA,NA,NA
252,"Chad Henne","KC","QB",35,12,NA,0.429333333333333,0.048,0.772,0.40261257914885,54,0.0228333333333334,11,0.724,NA,44,6.5,4.4940997314073,NA,NA,NA
2561293,"Deon Yelder","KC","TE",NA,2,NA,0.426666666666667,0.36,0.52,0.115470053837925,92,0.0237916666666667,12,0.16,NA,84.2,4.6,3.19582607678392,NA,NA,NA
2558144,"Adam Shaheen","MIA","TE",26,3,NA,0.42575,0.242,0.6009,0.19281835147793,93,0.0924166666666666,13,0.3589,NA,68.3,5.6,3.70768572062426,NA,NA,NA
2555419,"Pharoh Cooper","CAR","WR",25,4,NA,0.414666666666667,0.3124,0.5348,0.144282131025756,151,0.0225000000000001,17,0.2224,NA,157.4,9.3,3.85174996880569,NA,NA,NA
2558191,"Nathan Peterman","LVR","QB",26,3,NA,0.406666666666667,-0.008,0.8232,0.445843021701585,55,0.00894999999999996,11,0.8312,NA,48.8,7.2,4.70371467045739,NA,NA,NA
81284,"Chase Daniel","DET","QB",34,11,NA,0.406333333333333,-0.042,0.8704,0.492269573844792,56,0.0382833333333333,11,0.9124,NA,48.5,8.2,4.97599551379075,NA,NA,NA
2563602,"Gabriel Davis","BUF","WR",50,0,NA,0.4,0.4,0.4,NA,152,0.0236666666666666,18,0,NA,NA,NA,NA,NA,NA,NA
81294,"Brian Hoyer","NE","QB",35,11,NA,0.3891,0.00612,0.7688,0.437598339424028,57,0.0506833333333334,11,0.76268,NA,77.5,38.5,10.6363075402672,NA,NA,NA
2558091,"Noah Brown","DAL","WR",NA,3,NA,0.384333333333333,0.3206,0.4406,0.0767224434786414,153,0.0203333333333333,18,0.12,NA,156.2,5.7,3.0748490391443,NA,NA,NA
2553900,"Daniel Brown","NYJ","TE",NA,NA,NA,0.38,0.364,0.396,0.0282842712474619,94,0.0981666666666666,13,0.032,NA,NA,NA,1.79059011443267,NA,NA,NA
2561482,"Chad Beebe","MIN","WR",50,2,NA,0.368333333333333,0.333,0.397,0.0425245027405769,155,0.0151666666666667,18,0.0639999999999999,NA,155.8,10.4,3.93787044765356,NA,NA,NA
497320,"Andre Roberts","BUF","WR",32,10,NA,0.359666666666667,0.3148,0.4148,0.0663350083540609,158,0.0195,18,0.1,NA,166.4,6.4,3.19684153655525,NA,NA,NA
2558990,"Patrick Ricard","BAL","RB",26,3,NA,0.3535,0.248,0.4684,0.139245287173391,112,0.00587499999999996,18,0.2204,NA,102.9,8,4.13705088798603,NA,NA,NA
2563938,"Jason Huntley","PHI","RB",50,0,NA,0.35,0.182,0.518,0.29698484809835,113,0.0309583333333334,18,0.336,NA,90,6.3,3.98186933956676,NA,NA,NA
2555262,"Jeff Driskel","DEN","QB",27,4,NA,0.347,0.132,0.4836,0.232714417258579,58,0.0421,11,0.3516,NA,54,2.1,3.35698782408743,NA,NA,NA
2560243,"Brandon Zylstra","CAR","WR",27,3,NA,0.346666666666667,0.2,0.552,0.254034118443435,160,0.0198333333333334,18,0.352,NA,150.8,17.8,5.62459991755347,NA,NA,NA
2495262,"Nick Bellore","SEA","RB",31,9,NA,0.34525,0.0657,0.753,0.420440542764372,114,0.0826666666666667,18,0.6873,NA,NA,NA,3.49964083313718,NA,NA,NA
2561261,"Brandon Powell","ATL","WR",50,2,NA,0.333666666666667,0.1072,0.5032,0.276496534034937,162,0.0561666666666667,18,0.396,NA,159.2,8.2,3.80326870021839,NA,NA,NA
497123,"Colt McCoy","NYG","QB",34,10,NA,0.329833333333333,0.037,0.6196,0.3168022516755,59,0.0700166666666667,11,0.5826,NA,NA,NA,2.94973923236613,NA,NA,NA
2560844,"Byron Pringle","KC","WR",50,2,NA,0.32,0.272,0.368,0.0848528137423857,164,0.085,18,0.096,NA,140.3,7.1,3.3545558211599,NA,NA,NA
2550400,"Keith Smith","ATL","RB",28,6,NA,0.292833333333333,0.220433333333333,0.4075,0.122228838204774,116,0.0671666666666667,19,0.187066666666667,NA,104,13.4,5.54575355730708,NA,NA,NA
2562777,"Trevon Wesco","NYJ","TE",NA,1,NA,0.286666666666667,0.074,0.466,0.255408170059874,98,0.0336666666666667,13,0.392,NA,83.9,5.2,3.71464677401243,NA,NA,NA
2555427,"Nate Sudfeld","PHI","QB",27,4,NA,0.279966666666667,-0.06464,0.655,0.389720361284858,60,0.0611333333333333,11,0.71964,NA,48.3,3.6,3.92023405584087,NA,NA,NA
2564616,"Dalton Keene","NE","TE",50,0,NA,0.277,0.2154,0.3386,0.108894444302728,99,0.0601666666666667,13,0.1232,NA,NA,NA,2.1555153118042,NA,NA,NA
2552588,"Brett Hundley","ARI","QB",27,5,NA,0.239666666666667,0.033,0.4354,0.218002038726451,61,0.0418333333333333,12,0.4024,NA,56.3,4,3.69192779229868,NA,NA,NA
2562562,"Ashton Dulin","IND","WR",NA,1,NA,0.235,0.127,0.343,0.190918830920368,176,0.0175,20,0.216,NA,176.5,4.5,2.98483931362761,NA,NA,NA
2560801,"Ray-Ray McCloud","PIT","WR",NA,2,NA,0.235,0.151,0.319,0.148492424049175,177,0.0445,20,0.168,NA,158,8.6,3.72212361152409,NA,NA,NA
2495340,"Anthony Sherman","KC","RB",32,9,NA,0.232333333333333,0.1616,0.316,0.100480512206762,117,0.0178333333333333,19,0.1544,NA,108.8,7.8,4.01034363080075,NA,NA,NA
2558929,"Cethan Carter","CIN","TE",27,3,NA,0.229,0.1068,0.3396,0.147651616990807,101,0.105666666666667,14,0.2328,NA,86.3,8.6,4.61579107151003,NA,NA,NA
2556493,"Tra Carson","FA","RB",28,4,NA,0.219,0.219,0.219,NA,118,0.0118333333333333,20,0,NA,123,12,7.97313314790419,NA,NA,NA
2562626,"Andrew Beck","DEN","RB",50,1,NA,0.21,0.21,0.21,NA,119,0.00683333333333333,20,0,NA,92,11,7.43946766452703,NA,NA,NA
2558875,"Johnny Mundt","LAR","TE",50,3,NA,0.204666666666667,0.1068,0.3308,0.15279179733655,102,0.162666666666667,14,0.224,NA,85.7,4.5,3.24662648873154,NA,NA,NA
2558138,"Samaje Perine","CIN","RB",25,3,NA,0.204333333333333,0.0474,0.409,0.248508215826627,120,0.00333333333333335,21,0.3616,NA,111.8,11.8,5.35773443852937,NA,NA,NA
2556118,"Dwayne Washington","NO","RB",NA,4,NA,0.202,0.1764,0.2276,0.045254833995939,121,0.004,21,0.0512,NA,108.7,0.5,1.95798083216075,NA,NA,NA
2563327,"D'Ernest Johnson","CLE","RB",NA,1,NA,0.2,0.2,0.2,NA,122,0.0251666666666667,21,0,NA,NA,NA,NA,NA,NA,NA
2565195,"Freddie Swain","SEA","WR",50,0,NA,0.2,0.2,0.2,NA,181,0.0465,0,0,NA,NA,NA,NA,NA,NA,NA
2543497,"AJ McCarron","HOU","QB",30,6,NA,0.198,0.006,0.386,0.217237197551432,62,0.00249999999999997,12,0.38,NA,49.5,0.5,3.02554962018632,NA,NA,NA
2564499,"Tua Tagovailoa","MIA","QB",50,0,NA,0.197666666666667,-0.361333333333333,0.7204,0.582258819884537,63,0.0118333333333334,12,1.08173333333333,NA,37.3,3.8,4.29944041294744,NA,NA,NA
2558975,"Taquan Mizzell","FA","RB",27,3,NA,0.196,0.196,0.196,NA,123,0.0449166666666667,21,0,NA,NA,NA,NA,NA,NA,NA
2561187,"Tim Boyle","GB","QB",50,2,NA,0.193333333333333,0.072,0.28,0.150111069989303,64,0.0231666666666666,12,0.208,NA,NA,NA,2.35893909382403,NA,NA,NA
2556404,"Maurice Harris","FA","WR",28,4,NA,0.181,0.181,0.181,NA,182,0.063,0,0,NA,200,11,5.77470119188657,NA,NA,NA
2552576,"Sean Mannion","MIN","QB",28,5,NA,0.178333333333333,0.006,0.34,0.187942071453473,65,0.0233333333333334,12,0.334,NA,54.5,3.5,3.5436540769886,NA,NA,NA
2564115,"Jacob Eason","IND","QB",50,0,NA,0.162,0.162,0.162,0,66,0.0188333333333334,12,0,NA,NA,NA,1.82690350532279,NA,NA,NA
2561137,"Trenton Cannon","CAR","RB",NA,2,NA,0.153666666666667,0.0684,0.2708,0.14409140617446,124,0.0106666666666667,21,0.2024,NA,120,7.7,4.06616964192558,NA,NA,NA
2553743,"Rod Smith","FA","RB",NA,NA,NA,0.1485,0.1257,0.1713,0.0403050865276332,125,0.0113333333333333,21,0.0456,NA,NA,NA,2.06125230424741,NA,NA,NA
2558904,"Phillip Walker","CAR","QB",25,3,NA,0.148,0.0167999999999999,0.2792,0.231931024229188,67,0.0338333333333333,12,0.2624,NA,57.3,10.3,4.91365288119721,NA,NA,NA
2539275,"Mike Glennon","FA","QB",31,7,NA,0.138333333333333,-0.01,0.338,0.244250554417658,68,0.066,12,0.348,NA,52.5,1.5,3.26342756846799,NA,NA,NA
2557531,"Troymaine Pope","FA","RB",27,4,NA,0.1375,0.1355,0.1395,0.00353553390593274,126,0.01,21,0.004,NA,122.5,7.5,3.74687952473608,NA,NA,NA
2495467,"Taiwan Jones","BUF","RB",32,9,NA,0.136833333333333,0.0456,0.2596,0.150166851646205,127,0.02575,21,0.214,NA,129.3,1.2,2.34325121187163,NA,NA,NA
2558905,"JoJo Natson","CLE","WR",26,4,NA,0.126,0.0828,0.1692,0.0763675323681472,185,0.021,21,0.0864,NA,178.3,14.3,4.73088761320885,NA,NA,NA
2556762,"Elijhaa Penny","NYG","RB",27,4,NA,0.118166666666667,0.0706,0.183,0.0795775303294425,128,0.0246666666666667,21,0.1124,NA,119,12.8,5.30496010830447,NA,NA,NA
4487,"Matthew Slater","NE","WR",35,12,NA,0.11,0.062,0.158,0.06,186,0.01,21,0.096,NA,186,27,7.15685327284175,NA,NA,NA
2552636,"Michael Burton","NO","RB",28,5,NA,0.104,0.0544,0.1504,0.060398675482166,129,0.0215,21,0.096,NA,105.5,10.5,4.65495951995503,NA,NA,NA
2562860,"Jason Moore","LAC","WR",NA,1,NA,0.1,0.1,0.1,NA,188,0.01,21,0,NA,NA,NA,NA,NA,NA,NA
2565048,"K.J. Hill","LAC","WR",50,0,NA,0.1,0.1,0.1,NA,188,0.056,21,0,NA,NA,NA,NA,NA,NA,NA
2563608,"Jake Fromm","BUF","QB",50,0,NA,0.09,0.09,0.09,0,69,0.0426666666666667,12,0,NA,NA,NA,1.82690350532279,NA,NA,NA
2557934,"Elijah McGuire","FA","RB",26,3,NA,0.083,0.0806,0.0854,0.00424264068711929,130,0.0145,21,0.0048,NA,NA,NA,1.92479618690908,NA,NA,NA
2556411,"Josh Ferguson","FA","RB",27,4,NA,0.082,0.082,0.082,NA,131,0.03025,21,0,NA,NA,NA,NA,NA,NA,NA
2540011,"Chris Thompson","JAC","WR",30,7,NA,0.08,0.08,0.08,NA,195,0.106,22,0,NA,61.6,4.8,3.38629223222769,NA,NA,NA
2564412,"Lynn Bowden","MIA","RB",50,0,NA,0.055,0.001,0.129,0.0909670269933013,132,0.00925,21,0.128,NA,113.2,13.1,5.40655819878019,NA,NA,NA
2539335,"Geno Smith","SEA","QB",30,7,NA,0.0546666666666667,-0.1104,0.2224,0.208080112777106,70,0.0146666666666667,12,0.3328,NA,51,4.2,3.71234605386572,NA,NA,NA
2555227,"Jonathan Williams","FA","RB",26,4,NA,0.0485,0.0473,0.0497,0.00212132034355964,133,0.027,21,0.0024,NA,NA,NA,1.91676935647741,NA,NA,NA
2559033,"Ricky Ortiz","NO","RB",50,3,NA,0.043,0.043,0.043,NA,134,0.043,21,0,NA,137.5,3.5,3.43697653919835,NA,NA,NA
2558266,"George Kittle","SF","TE",27,3,NA,0.042,0.0042,0.0378,0.029698484809835,114,NA,16,0.0336,NA,NA,NA,1.79699231087778,NA,NA,NA
2541185,"Ryan Griffin","TB","QB",31,7,NA,0.04,0.04,0.04,NA,71,0.00350000000000002,13,0,NA,NA,NA,NA,NA,NA,NA
2564007,"Jordan Love","GB","QB",50,0,NA,0.04,0.04,0.04,NA,71,0.0121666666666667,13,0,NA,NA,NA,NA,NA,NA,NA
2562746,"Jarrett Stidham","NE","QB",50,1,NA,0.0329999999999999,-0.102,0.1372,0.163697892472689,73,0.141666666666667,13,0.2392,NA,43.8,6.5,4.07070951795936,NA,NA,NA
2564205,"Jake Luton","JAC","QB",50,0,NA,0.0226666666666667,-0.3576,0.2952,0.469967374754177,74,0.262666666666667,13,0.6528,NA,NA,NA,3.49259923863239,NA,NA,NA
2558911,"C.J. Board","NYG","WR",50,3,NA,0.008,0.008,0.008,NA,197,0.068,23,0,NA,NA,NA,NA,NA,NA,NA
2539289,"Kenjon Barner","FA","RB",31,7,NA,0,0,0,NA,135,0,0,0,NA,NA,NA,NA,NA,NA,NA
2563878,"LaVante Bellamy","DEN","RB",50,0,NA,0,0,0,NA,135,NA,21,0,NA,NA,NA,NA,NA,NA,NA
2564355,"Trishton Jackson","LAR","WR",NA,0,NA,-0.06,-0.06,-0.06,NA,210,NA,0,0,NA,NA,NA,NA,NA,NA,NA
2562404,"Will Grier","CAR","QB",50,1,NA,-0.24,-0.24,-0.24,NA,81,NA,13,0,NA,63,0,3.2642398837694,NA,NA,NA
