"playerId","player","team","position","age","exp","bye","points","lower","upper","sdPts","positionRank","dropoff","tier","ptSpread","overallECR","positionECR","sdRank","risk","sleeper","actualPoints","salary"
2540175,"LeVeon Bell","PIT","RB",24,3,8,21.64,18.408,25.936,4.43432069205645,1,3.865,1,7.528,NA,1.2,0.4,8.15587910772915,NA,NA,NA
2506363,"Aaron Rodgers","GB","QB",33,11,4,20.6604,18.6432,22.5696,1.9382659260277,1,1.9185,1,3.9264,NA,1.4,0.6,6.06546136309942,NA,NA,NA
2504211,"Tom Brady","NE","QB",39,16,9,19.5502,17.7988,21.8438,2.3224657586281,2,1.74,1,4.045,NA,2.7,1.1,7.99431066264709,NA,NA,NA
2553435,"David Johnson","ARI","RB",25,1,9,18.47,18.47,18.47,NA,2,2.47,2,0,NA,NA,NA,NA,NA,NA,NA
310,"Matt Ryan","ATL","QB",31,8,11,17.9336,16.79,19.0504,1.15012990570631,3,0.430199999999999,2,2.2604,NA,2.2,0.7,5.51779448345641,NA,NA,NA
2532975,"Russell Wilson","SEA","QB",28,4,5,17.6868,15.342,20.2736,2.66342283537556,4,0.719800000000003,2,4.9316,NA,4.5,0.6,6.8480126840874,NA,NA,NA
2504775,"Drew Brees","NO","QB",37,15,5,17.32,17.32,17.32,NA,5,1.039,2,0,NA,NA,NA,NA,NA,NA,NA
2555224,"Ezekiel Elliott","DAL","RB",21,0,7,17.08,16.245,18.171,1.09936345218494,3,2.9985,2,1.926,NA,1.9,0.5,3.55259866309918,NA,NA,NA
2533031,"Andrew Luck","IND","QB",27,4,10,16.614,16.614,16.614,NA,6,0.758500000000002,3,0,NA,NA,NA,NA,NA,NA,NA
2532820,"Kirk Cousins","WAS","QB",28,4,9,15.948,15.948,15.948,NA,7,0.2285,3,0,NA,NA,NA,NA,NA,NA,NA
2506340,"Alex Smith","KC","QB",32,11,5,15.763,14.0084,18.356,2.68302739456756,8,0.369999999999999,3,4.3476,NA,6.8,0.4,6.26347250402995,NA,NA,NA
79860,"Matthew Stafford","DET","QB",28,7,10,15.676,15.676,15.676,NA,9,0.667249999999999,3,0,NA,NA,NA,NA,NA,NA,NA
2552033,"Jameis Winston","TB","QB",22,1,6,15.11,15.11,15.11,NA,10,0.303250000000002,3,0,NA,NA,NA,NA,NA,NA,NA
79607,"LeSean McCoy","BUF","RB",28,7,10,14.92,14.92,14.92,NA,4,2.1685,3,0,NA,NA,NA,NA,NA,NA,NA
2555260,"Dak Prescott","DAL","QB",23,0,7,14.9075,11.636,17.205,3.33384037810251,11,0.6205,3,5.569,NA,4.8,1.2,9.38858132803902,NA,NA,NA
2543477,"Blake Bortles","JAC","QB",25,2,5,14.706,14.706,14.706,NA,12,1.004,3,0,NA,NA,NA,NA,NA,NA,NA
497095,"Sam Bradford","MIN","QB",29,6,6,13.868,13.868,13.868,NA,13,0.443,0,0,NA,NA,NA,NA,NA,NA,NA
2508061,"Antonio Brown","PIT","WR",28,6,8,13.7325,12.3825,15.5045,1.83389612573886,1,0.635833333333336,1,3.122,NA,1.8,1.3,5.5655904962779,NA,NA,NA
2505245,"Carson Palmer","ARI","QB",37,13,9,13.536,13.536,13.536,NA,14,0.455999999999998,0,0,NA,NA,NA,NA,NA,NA,NA
2506121,"Philip Rivers","SD","QB",35,12,11,13.314,13.314,13.314,NA,15,0.674000000000001,0,0,NA,NA,NA,NA,NA,NA,NA
2495454,"Julio Jones","ATL","WR",27,5,11,13.3033333333333,11.872,15.048,1.64631912661752,2,0.688333333333334,1,3.176,NA,2.5,1.9,5.81902246626964,NA,NA,NA
2543583,"Devonta Freeman","ATL","RB",24,2,11,13.243,11.258,14.603,1.80006111007377,5,1.083,3,3.345,NA,3.7,1.6,6.40258703733385,NA,NA,NA
100020,"Vikings","MIN","DST",NA,NA,6,12.9,12.9,12.9,NA,1,1.15,1,0,NA,NA,NA,NA,NA,NA,NA
2543468,"Mike Evans","TB","WR",23,2,6,12.89,12.89,12.89,NA,3,0.865,1,0,NA,NA,NA,NA,NA,NA,NA
382,"Joe Flacco","BAL","QB",31,8,8,12.846,12.846,12.846,NA,16,0.454499999999998,0,0,NA,NA,NA,NA,NA,NA,NA
2495143,"Andy Dalton","CIN","QB",29,5,9,12.434,12.434,12.434,NA,17,1.89075,4,0,NA,NA,NA,NA,NA,NA,NA
100026,"Cardinals","ARI","DST",NA,NA,9,12.4,12.4,12.4,NA,2,1.31666666666667,1,0,NA,NA,NA,NA,NA,NA,NA
2506109,"Ben Roethlisberger","PIT","QB",34,12,8,12.349,9.9466,14.4754,2.46363444258004,18,7.36125,4,4.5288,NA,5.6,1,7.84380430945517,NA,NA,NA
1032,"Jordy Nelson","GB","WR",31,8,4,12.34,12.34,12.34,NA,4,0.773666666666667,0,0,NA,NA,NA,NA,NA,NA,NA
2495328,"Bilal Powell","NYJ","RB",28,5,11,12.26,12.26,12.26,NA,6,0.205,3,0,NA,NA,NA,NA,NA,NA,NA
2555418,"Jordan Howard","CHI","RB",22,0,9,12.06,12.06,12.06,NA,7,0.0499999999999972,3,0,NA,NA,NA,NA,NA,NA,NA
2495207,"DeMarco Murray","TEN","RB",28,5,13,12.05,12.05,12.05,NA,8,0.0899999999999999,0,0,NA,NA,NA,NA,NA,NA,NA
2506404,"Frank Gore","IND","RB",33,11,10,11.97,11.97,11.97,NA,9,0.11375,3,0,NA,NA,NA,NA,NA,NA,NA
2495471,"Jacquizz Rodgers","TB","RB",26,5,6,11.95,11.95,11.95,NA,10,0.205250000000001,3,0,NA,NA,NA,NA,NA,NA,NA
2553733,"Thomas Rawls","SEA","RB",23,1,5,11.7625,10.472,13.451,1.76986581412264,11,0.399000000000001,3,2.979,NA,5.3,1.1,5.51960630192324,NA,NA,NA
497149,"LeGarrette Blount","NE","RB",30,6,9,11.727,10.162,13.325,1.79449017829577,12,0.876999999999999,3,3.163,NA,4,1,5.38687951788035,NA,NA,NA
2532865,"T.Y. Hilton","IND","WR",27,4,10,11.71,11.71,11.71,NA,5,0.343666666666666,2,0,NA,NA,NA,NA,NA,NA,NA
2530747,"Doug Baldwin","SEA","WR",28,5,5,11.4226666666667,10,13.71,2.2680968527233,6,0.132666666666667,2,3.71,NA,4.3,1.5,6.41633679065823,NA,NA,NA
2543495,"Davante Adams","GB","WR",24,2,4,11.31,9.2165,13.6675,2.62024489949572,7,0.157000000000002,2,4.451,NA,4.1,1,6.50724425324486,NA,NA,NA
2495448,"Randall Cobb","GB","WR",26,5,4,11.27,8.8025,13.8755,2.75039088131124,8,0.269500000000001,2,5.073,NA,7.4,1.1,6.79847827381201,NA,NA,NA
100002,"Ravens","BAL","DST",NA,NA,8,11.1,11.1,11.1,NA,3,0.116666666666665,0,0,NA,NA,NA,NA,NA,NA,NA
100027,"Steelers","PIT","DST",NA,NA,8,11.0666666666667,7.28,11.6,2.98384539367128,4,0.166666666666666,0,4.32,NA,4,1.3,6.51563221954852,NA,NA,NA
238498,"Julian Edelman","NE","WR",30,7,9,11.036,9.374,13.442,2.31859440178743,9,0.438499999999999,2,4.068,NA,5.8,1,6.04190675641311,NA,NA,NA
2552475,"Todd Gurley","LA","RB",22,1,8,11,11,11,NA,13,0.449999999999999,3,0,NA,NA,NA,NA,NA,NA,NA
497278,"Dez Bryant","DAL","WR",28,6,7,10.965,9.728,12.462,1.60610294398169,10,1.135,2,2.734,NA,3.2,1.5,5.39511988317087,NA,NA,NA
100006,"Bengals","CIN","DST",NA,NA,9,10.9,10.9,10.9,NA,5,0.0999999999999996,0,0,NA,NA,NA,NA,NA,NA,NA
100016,"Chiefs","KC","DST",NA,NA,5,10.9,7.16,11.72,2.9022979401387,5,0.25,0,4.56,NA,2.1,0.6,4.03795743364811,NA,NA,NA
2552582,"Jay Ajayi","MIA","RB",23,1,8,10.7,10.7,10.7,NA,14,0.505000000000001,4,0,NA,NA,NA,NA,NA,NA,NA
100021,"Patriots","NE","DST",NA,NA,9,10.7,10.52,10.92,0.264575131106459,7,1.55,0,0.399999999999999,NA,1.4,0.9,2.56239438497102,NA,NA,NA
100003,"Bills","BUF","DST",NA,NA,10,10.6,10.6,10.6,NA,8,3.1,0,0,NA,NA,NA,NA,NA,NA,NA
2541161,"Latavius Murray","OAK","RB",26,3,10,10.4,10.4,10.4,NA,15,0.494999999999999,4,0,NA,NA,NA,NA,NA,NA,NA
2543498,"Brandin Cooks","NO","WR",23,2,5,10.23,10.23,10.23,NA,11,0.805,2,0,NA,NA,NA,NA,NA,NA,NA
949,"Jonathan Stewart","CAR","RB",29,8,7,9.99,9.99,9.99,NA,16,0.561249999999999,4,0,NA,NA,NA,NA,NA,NA,NA
2506922,"Stephen Gostkowski","NE","K",32,10,9,9.9,7.64,12.2,2.4007811228848,1,1.08333333333333,1,4.56,NA,1.8,1.1,6.8826168699439,NA,NA,NA
2540204,"Spencer Ware","KC","RB",25,3,5,9.82,8.158,11.642,1.88219729748681,17,1.05,4,3.484,NA,5.9,1,5.51235981430136,NA,NA,NA
2552320,"Ramik Wilson","KC","LB",24,1,5,9.8,9.8,9.8,NA,1,0.850000000000001,1,0,NA,NA,NA,NA,NA,NA,NA
497326,"Golden Tate","DET","WR",28,6,10,9.43,9.43,9.43,NA,12,0.0150000000000023,0,0,NA,NA,NA,NA,NA,NA,NA
2540258,"Travis Kelce","KC","TE",27,3,5,9.425,7.876,11.663,2.22758277062829,1,1.93,1,3.787,NA,1,0,5.11058648635222,NA,NA,NA
2506106,"Larry Fitzgerald","ARI","WR",33,12,9,9.42,9.42,9.42,NA,13,0.129999999999999,0,0,NA,NA,NA,NA,NA,NA,NA
497322,"Emmanuel Sanders","DEN","WR",29,6,11,9.41,9.41,9.41,NA,14,0.289999999999999,0,0,NA,NA,NA,NA,NA,NA,NA
2543486,"Ryan Shazier","PIT","LB",24,2,8,9.25,9.25,9.25,NA,2,0.649999999999999,1,0,NA,NA,NA,NA,NA,NA,NA
2541785,"Adam Thielen","MIN","WR",26,2,6,9.17,9.17,9.17,NA,15,0.107500000000002,0,0,NA,NA,NA,NA,NA,NA,NA
2543509,"Allen Robinson","JAC","WR",23,2,5,9.07,9.07,9.07,NA,16,0.0574999999999992,2,0,NA,NA,NA,NA,NA,NA,NA
80429,"Jeremy Maclin","KC","WR",28,7,5,9.055,7.24,11.854,2.9150929087538,17,0.270000000000001,2,4.614,NA,11.6,1.8,7.68581512283832,NA,NA,NA
2533034,"Lamar Miller","HOU","RB",25,4,9,9.0375,8.398,9.707,0.724816068622471,18,0.797500000000001,4,1.309,NA,7.3,1.4,4.52834945195032,NA,NA,NA
2553913,"Tyrell Williams","SD","WR",NA,NA,11,8.97,8.97,8.97,NA,18,0.6,3,0,NA,NA,NA,NA,NA,NA,NA
2507374,"Steven Hauschka","SEA","K",NA,NA,5,8.83333333333333,7.56777777777778,10.9166666666667,2.23111184890057,2,0.318333333333333,1,3.34888888888889,NA,NA,NA,7.78739996080111,NA,NA,NA
2504797,"Matt Bryant","ATL","K",41,14,11,8.8,7.4925,9.90625,1.31772027333194,3,0.691923076923075,1,2.41375,NA,2.2,1.6,6.31672263186574,NA,NA,NA
2533436,"Brock Osweiler","HOU","QB",26,4,9,8.7375,8.1154,9.1616,0.650221244398141,19,7.68383333333333,5,1.0462,NA,8,0,2.85838188929041,NA,NA,NA
2495762,"Lawrence Timmons","PIT","LB",30,9,8,8.65,8.65,8.65,NA,3,0.625,0,0,NA,NA,NA,NA,NA,NA,NA
2533039,"Alshon Jeffery","CHI","WR",26,4,9,8.6,8.6,8.6,NA,19,0.513750000000002,3,0,NA,NA,NA,NA,NA,NA,NA
2532966,"Bobby Wagner","SEA","LB",26,4,5,8.55,8.55,8.55,NA,4,1.125,0,0,NA,NA,NA,NA,NA,NA,NA
2495469,"Dion Lewis","NE","RB",26,5,9,8.5025,5.531,12.312,3.84493064523493,19,2.06,4,6.781,NA,8.2,1.2,8.65630385876648,NA,NA,NA
2555543,"Keanu Neal","ATL","DB",NA,0,11,8.4,8.4,8.4,NA,1,1.75,1,0,NA,NA,NA,NA,NA,NA,NA
2550636,"Cairo Santos","KC","K",25,2,5,8.23,7.1225,9.2525,1.07122702717491,4,0.400256410256411,1,2.13,NA,5.2,1,4.69293692286002,NA,NA,NA
497328,"Demaryius Thomas","DEN","WR",29,6,11,8.14,8.14,8.14,NA,20,0.516249999999999,3,0,NA,NA,NA,NA,NA,NA,NA
2550617,"Taylor Gabriel","ATL","WR",25,2,11,8.0325,6.801,9.674,1.66891931101137,21,0.96875,3,2.873,NA,11.6,2.2,6.12528404877788,NA,NA,NA
2507232,"Mason Crosby","GB","K",32,9,4,7.98615384615385,7.14,9.05846153846154,1.02627320260763,5,0.32526842948718,2,1.91846153846154,NA,5.1,1,4.62598273264,NA,NA,NA
2552453,"Tevin Coleman","ATL","RB",23,1,11,7.9775,6.65,9.139,1.36289825983698,20,3.34875,5,2.489,NA,8,1.1,4.93736839676224,NA,NA,NA
100031,"Buccaneers","TB","DST",NA,NA,6,7.7,7.7,7.7,NA,9,0.7,0,0,NA,NA,NA,NA,NA,NA,NA
2550545,"Chris Boswell","PIT","K",27,2,8,7.67333333333333,7.26,8.27111111111111,0.559174325166961,6,0.75828125,2,1.01111111111111,NA,6.8,0.6,3.09251346220113,NA,NA,NA
2495259,"Dan Bailey","DAL","K",28,5,7,7.6484375,6.90625,8.086875,0.808328635080848,7,3.00760416666667,2,1.180625,NA,3.1,1.3,4.92970570177538,NA,NA,NA
2495438,"Kyle Rudolph","MIN","TE",27,5,6,7.64,7.64,7.64,NA,2,0.34,1,0,NA,NA,NA,NA,NA,NA,NA
2555162,"Deion Jones","ATL","LB",22,0,11,7.5,7.5,7.5,NA,5,0.375,0,0,NA,NA,NA,NA,NA,NA,NA
2495700,"Greg Olsen","CAR","TE",31,9,7,7.35,7.35,7.35,NA,3,0.165,1,0,NA,NA,NA,NA,NA,NA,NA
2495252,"K.J. Wright","SEA","LB",27,5,5,7.35,7.35,7.35,NA,6,0.55,0,0,NA,NA,NA,NA,NA,NA,NA
100009,"Broncos","DEN","DST",NA,NA,11,7.3,7.3,7.3,NA,10,0.725,0,0,NA,NA,NA,NA,NA,NA,NA
2540158,"Zach Ertz","PHI","TE",26,3,4,7.25,7.25,7.25,NA,4,0.311,2,0,NA,NA,NA,NA,NA,NA,NA
2540165,"DeAndre Hopkins","HOU","WR",24,3,9,7.215,6.674,7.732,0.576339020600433,22,0.565,3,1.058,NA,9.7,1.9,4.16843057937922,NA,NA,NA
2495966,"Delanie Walker","TEN","TE",32,10,13,7.12,7.12,7.12,NA,5,0.436000000000001,2,0,NA,NA,NA,NA,NA,NA,NA
2556214,"Tyreek Hill","KC","WR",22,0,5,6.9125,6.268,7.639,0.755529615567781,23,0.755000000000001,3,1.371,NA,7.8,1.3,3.90206142431374,NA,NA,NA
496937,"Sean Lee","DAL","LB",30,6,7,6.9,6.9,6.9,NA,7,0.224999999999999,0,0,NA,NA,NA,NA,NA,NA,NA
494259,"Barry Church","DAL","DB",28,6,7,6.85,6.85,6.85,NA,2,0.449999999999999,1,0,NA,NA,NA,NA,NA,NA,NA
497236,"Jimmy Graham","SEA","TE",30,6,5,6.758,5.828,7.448,0.920527022960217,6,0.1735,2,1.62,NA,2.1,0.3,3.63327547347649,NA,NA,NA
100032,"Redskins","WAS","DST",NA,NA,9,6.7,6.7,6.7,NA,11,0.375,0,0,NA,NA,NA,NA,NA,NA,NA
2552490,"Benardrick McKinney","HOU","LB",24,1,9,6.7,6.7,6.7,NA,8,0.425,0,0,NA,NA,NA,NA,NA,NA,NA
2533057,"Donta Hightower","NE","LB",26,4,9,6.65,6.65,6.65,NA,9,0.9,0,0,NA,NA,NA,NA,NA,NA,NA
2543466,"Eric Ebron","DET","TE",23,2,10,6.61,6.61,6.61,NA,7,0.1135,2,0,NA,NA,NA,NA,NA,NA,NA
71265,"Jared Cook","GB","TE",29,7,4,6.559,4.822,9.365,2.72289459950252,8,0.137,2,4.543,NA,3.7,0.6,7.21991637914795,NA,NA,NA
100001,"Falcons","ATL","DST",NA,NA,11,6.45,6.01,6.89,0.777817459305202,12,0.516666666666667,0,0.88,NA,5.6,1.4,4.76413168405981,NA,NA,NA
2540162,"Logan Ryan","NE","DB",25,3,9,6.45,6.45,6.45,NA,3,0.100000000000001,1,0,NA,NA,NA,NA,NA,NA,NA
2543721,"C.J. Fiedorowicz","HOU","TE",25,2,9,6.434,4.532,9.112,2.66258896564979,9,0.2565,2,4.58,NA,5.5,1,7.99015288520427,NA,NA,NA
2505299,"Antonio Gates","SD","TE",36,13,11,6.41,6.41,6.41,NA,10,0.6275,2,0,NA,NA,NA,NA,NA,NA,NA
2543491,"Paul Richardson","SEA","WR",24,2,5,6.3875,4.129,9.332,2.98718791954351,24,0.9225,3,5.203,NA,13.3,1.5,7.52563393941275,NA,NA,NA
2550613,"Malcolm Butler","NE","DB",26,2,9,6.35,6.35,6.35,NA,4,0.225000000000001,1,0,NA,NA,NA,NA,NA,NA,NA
494257,"Kam Chancellor","SEA","DB",28,6,5,6.35,6.35,6.35,NA,5,0.65,0,0,NA,NA,NA,NA,NA,NA,NA
100012,"Titans","TEN","DST",NA,NA,13,6.2,6.2,6.2,NA,13,0.691666666666667,0,0,NA,NA,NA,NA,NA,NA,NA
2506194,"Nick Novak","HOU","K",NA,NA,9,6.18166666666667,5.74733333333333,6.50266666666667,0.449242160219317,8,3.23166666666667,3,0.755333333333333,NA,8,0,1.67212171791272,NA,NA,NA
1062,"Martellus Bennett","NE","TE",29,8,9,5.945,5.017,6.583,0.862083232640561,11,0.515000000000001,2,1.566,NA,3.5,0.8,4.62365644414656,NA,NA,NA
2535698,"Cole Beasley","DAL","WR",27,4,7,5.9275,4.981,6.608,0.976639646952754,25,0.986249999999999,4,1.627,NA,11.9,1.8,4.69548361195135,NA,NA,NA
2504844,"James Harrison","PIT","LB",38,14,8,5.9,5.9,5.9,NA,10,0.325000000000001,0,0,NA,NA,NA,NA,NA,NA,NA
2543850,"Ricardo Allen","ATL","DB",25,2,11,5.9,5.9,5.9,NA,6,0.399999999999999,0,0,NA,NA,NA,NA,NA,NA,NA
100030,"Seahawks","SEA","DST",NA,NA,5,5.66666666666667,3.94,10.26,3.97366329726111,14,0.425,0,6.32,NA,3.6,1.3,7.45536131614098,NA,NA,NA
2495139,"Charles Clay","BUF","TE",27,5,10,5.62,5.62,5.62,NA,12,0.535,2,0,NA,NA,NA,NA,NA,NA,NA
2552314,"Jake Ryan","GB","LB",24,1,4,5.6,5.6,5.6,NA,11,0.275,0,0,NA,NA,NA,NA,NA,NA,NA
2555255,"DeVondre Campbell","ATL","LB",23,0,11,5.55,5.55,5.55,NA,12,0.575,0,0,NA,NA,NA,NA,NA,NA,NA
238227,"Mike Mitchell","PIT","DB",29,7,8,5.5,5.5,5.5,NA,7,0.0250000000000004,0,0,NA,NA,NA,NA,NA,NA,NA
2550257,"Daniel Sorensen","KC","DB",26,2,5,5.5,5.5,5.5,NA,7,0.0999999999999996,0,0,NA,NA,NA,NA,NA,NA,NA
494287,"Devin McCourty","NE","DB",29,6,9,5.45,5.45,5.45,NA,9,0.125000000000001,0,0,NA,NA,NA,NA,NA,NA,NA
100011,"Packers","GB","DST",NA,NA,4,5.35,4.43,6.27,1.62634559672906,15,0.466666666666666,0,1.84,NA,5.2,0.9,3.85525373292248,NA,NA,NA
2552568,"Byron Jones","DAL","DB",24,1,7,5.35,5.35,5.35,NA,10,0.225,0,0,NA,NA,NA,NA,NA,NA,NA
496727,"Morgan Burnett","GB","DB",27,6,4,5.3,5.3,5.3,NA,11,0.425,0,0,NA,NA,NA,NA,NA,NA,NA
497254,"Dennis Pitta","BAL","TE",31,6,8,5.24,5.24,5.24,NA,13,0.385,0,0,NA,NA,NA,NA,NA,NA,NA
100008,"Cowboys","DAL","DST",NA,NA,7,5.13333333333333,4.06,6.38,1.49777612924407,16,0.5,0,2.32,NA,7.1,0.7,3.04740355571275,NA,NA,NA
2495493,"Justin Houston","KC","LB",27,5,5,5.1,5.1,5.1,NA,13,0.425,0,0,NA,NA,NA,NA,NA,NA,NA
2533040,"Mohamed Sanu","ATL","WR",27,4,11,5.0025,4.547,5.426,0.483399420769202,26,0.13875,5,0.879,NA,17.1,1.9,4.02505842826203,NA,NA,NA
2552488,"Marcus Peters","KC","DB",23,1,5,4.95,4.95,4.95,NA,12,0.175,0,0,NA,NA,NA,NA,NA,NA,NA
1060,"Gary Barnidge","CLE","TE",31,8,13,4.93,4.93,4.93,NA,14,0.42,0,0,NA,NA,NA,NA,NA,NA,NA
2543773,"James White","NE","RB",24,2,9,4.9075,3.394,6.387,1.69248092062117,21,0.629499999999999,6,2.993,NA,10.3,1,5.24093752356155,NA,NA,NA
2530515,"Chris Hogan","NE","WR",28,5,9,4.88,3.2835,6.1965,1.61396509668993,27,0.250000000000001,5,2.913,NA,15.8,2.9,6.67377084954478,NA,NA,NA
80431,"Clay Matthews","GB","LB",30,7,4,4.85,4.85,4.85,NA,14,0.399999999999999,0,0,NA,NA,NA,NA,NA,NA,NA
2556460,"Geronimo Allison","GB","WR",22,0,4,4.8475,3.5705,6.5505,1.76202771450016,28,0.51125,5,2.98,NA,17.5,2.8,6.81171196487317,NA,NA,NA
71251,"Patrick Chung","NE","DB",29,7,9,4.8,4.8,4.8,NA,13,0.0499999999999998,0,0,NA,NA,NA,NA,NA,NA,NA
2540160,"Jordan Reed","WAS","TE",26,3,9,4.78,4.78,4.78,NA,15,0.565,3,0,NA,NA,NA,NA,NA,NA,NA
2530794,"Ron Parker","KC","DB",29,5,5,4.75,4.75,4.75,NA,14,0.0499999999999998,0,0,NA,NA,NA,NA,NA,NA,NA
2555344,"Artie Burns","PIT","DB",21,0,8,4.75,4.75,4.75,NA,14,0.199999999999999,0,0,NA,NA,NA,NA,NA,NA,NA
2552389,"Damarious Randall","GB","DB",24,1,4,4.65,4.65,4.65,NA,16,0.225,0,0,NA,NA,NA,NA,NA,NA,NA
100013,"Texans","HOU","DST",NA,NA,9,4.63333333333333,3.76,8.64,3.21299444962691,17,NA,0,4.88,NA,6.7,1.6,7.76186567299633,NA,NA,NA
2552278,"Trey Flowers","NE","DL",23,1,9,4.55,4.55,4.55,NA,1,0.2,1,0,NA,NA,NA,NA,NA,NA,NA
2550262,"Joe Thomas","GB","LB",NA,NA,4,4.5,4.5,4.5,NA,15,0.3,0,0,NA,NA,NA,NA,NA,NA,NA
2539653,"Robert Alford","ATL","DB",28,3,11,4.45,4.45,4.45,NA,17,0.0750000000000002,0,0,NA,NA,NA,NA,NA,NA,NA
2539205,"Terrance Williams","DAL","WR",27,3,7,4.4125,3.181,5.746,1.4390592992183,29,0.156666666666666,5,2.565,NA,17,2.3,5.8611591716042,NA,NA,NA
496723,"Eric Berry","KC","DB",28,6,5,4.4,4.4,4.4,NA,18,0.200000000000001,0,0,NA,NA,NA,NA,NA,NA,NA
2495920,"Rob Ninkovich","NE","DL",32,10,9,4.4,4.4,4.4,NA,2,0.300000000000001,1,0,NA,NA,NA,NA,NA,NA,NA
2543494,"Dee Ford","KC","LB",25,2,5,4.4,4.4,4.4,NA,16,0.4,0,0,NA,NA,NA,NA,NA,NA,NA
496735,"Kareem Jackson","HOU","DB",28,6,9,4.35,4.35,4.35,NA,19,0.35,0,0,NA,NA,NA,NA,NA,NA,NA
2539322,"Christine Michael","GB","RB",26,3,4,4.35,2.954,5.658,1.45515176757157,22,0.23325,6,2.704,NA,11.6,0.8,4.56548442708024,NA,NA,NA
1330,"Cliff Avril","SEA","DL",30,8,5,4.3,4.3,4.3,NA,3,0.425,0,0,NA,NA,NA,NA,NA,NA,NA
2552429,"Ty Montgomery","GB","WR",23,1,4,4.26,2.762,5.874,1.96114762320433,30,0.0354166666666664,5,3.112,NA,17.6,9.6,13.2705626569367,NA,NA,NA
2553737,"Eli Rogers","PIT","WR",NA,NA,8,4.25166666666667,3.73,4.654,0.632659729501834,31,0.202916666666667,6,0.923999999999999,NA,15.6,1.9,4.25531304070144,NA,NA,NA
2532853,"Ladarius Green","PIT","TE",26,4,8,4.24,4.24,4.24,NA,16,0.511666666666667,3,0,NA,14.4,2.3,10.5469751613854,NA,NA,NA
2543600,"Alfred Blue","HOU","RB",25,2,9,4.206,2.116,7.184,3.05711955932378,23,0.37975,6,5.068,NA,16.8,1.4,7.86511545288913,NA,NA,NA
2532887,"Jermaine Kearse","SEA","WR",26,4,5,4.1975,4.0015,4.4435,0.248075929236729,32,0.39875,6,0.442,NA,21.6,2.2,3.93343716741005,NA,NA,NA
2505629,"Jason Witten","DAL","TE",34,13,7,4.19,3.799,4.589,0.426380112106557,17,1.32291666666667,3,0.79,NA,5.3,0.4,3.04562883938842,NA,NA,NA
1974,"Quintin Demps","HOU","DB",31,8,9,4.05,4.05,4.05,NA,20,0.225,0,0,NA,NA,NA,NA,NA,NA,NA
2550268,"Charcandrick West","KC","RB",25,2,5,4.0275,2.549,5.728,1.74326083341918,24,0.704999999999999,6,3.179,NA,11.3,1,5.31358702532262,NA,NA,NA
2543592,"Anthony Hitchens","DAL","LB",24,2,7,4,4,4,NA,17,0.0249999999999999,0,0,NA,NA,NA,NA,NA,NA,NA
2552301,"Vic Beasley","ATL","LB",24,1,11,4,4,4,NA,17,0.0499999999999998,0,0,NA,NA,NA,NA,NA,NA,NA
2507220,"William Gay","PIT","DB",31,9,8,3.95,3.95,3.95,NA,21,0.375,0,0,NA,NA,NA,NA,NA,NA,NA
2533049,"Whitney Mercilus","HOU","LB",26,4,9,3.95,3.95,3.95,NA,19,0.0750000000000002,0,0,NA,NA,NA,NA,NA,NA,NA
2543456,"Jadeveon Clowney","HOU","LB",23,2,9,3.95,3.95,3.95,NA,19,0.25,0,0,NA,NA,NA,NA,NA,NA,NA
2507617,"Michael Bennett","SEA","DL",31,7,5,3.9,3.9,3.9,NA,4,0.225000000000001,0,0,NA,NA,NA,NA,NA,NA,NA
2555346,"Will Fuller","HOU","WR",22,0,9,3.9,3.554,4.456,0.590494143352271,33,0.304583333333333,6,0.902,NA,20.2,1.9,4.19026680852099,NA,NA,NA
2495140,"Adrian Clayborn","ATL","DL",28,5,11,3.85,3.85,3.85,NA,5,0.425,0,0,NA,NA,NA,NA,NA,NA,NA
2540137,"Jarvis Jones","PIT","LB",27,3,8,3.8,3.8,3.8,NA,21,0.2,0,0,NA,NA,NA,NA,NA,NA,NA
4365,"Brandon Carr","DAL","DB",30,8,7,3.7,3.7,3.7,NA,22,0.275,0,0,NA,NA,NA,NA,NA,NA,NA
2532841,"Michael Floyd","NE","WR",27,4,9,3.6975,3.029,4.438,0.763877171627307,34,0.355833333333334,6,1.409,NA,20.1,2.7,5.18146119230462,NA,NA,NA
2555417,"C.J. Prosise","SEA","RB",22,0,5,3.625,2.797,4.453,1.46371103705615,25,0.7475,6,1.656,NA,20.9,5.3,12.1357599423905,NA,NA,NA
2505010,"Julius Peppers","GB","LB",36,14,4,3.6,3.6,3.6,NA,22,0.0749999999999997,0,0,NA,NA,NA,NA,NA,NA,NA
2543699,"Kyle Van Noy","NE","LB",25,2,9,3.6,3.6,3.6,NA,22,0.3,0,0,NA,NA,NA,NA,NA,NA,NA
2552629,"Frank Clark","SEA","DL",23,1,5,3.5,3.5,3.5,NA,6,0.175,0,0,NA,NA,NA,NA,NA,NA,NA
2552418,"Justin Hardy","ATL","WR",25,1,11,3.49333333333333,2.942,4.102,0.735549681077583,35,0.376666666666667,7,1.16,NA,26.7,2.1,4.59496676910444,NA,NA,NA
80421,"Brian Cushing","HOU","LB",29,7,9,3.45,3.45,3.45,NA,24,0.35,0,0,NA,NA,NA,NA,NA,NA,NA
2495872,"Johnathan Joseph","HOU","DB",32,10,9,3.45,3.45,3.45,NA,23,0.0750000000000002,0,0,NA,NA,NA,NA,NA,NA,NA
2543851,"Phillip Gaines","KC","DB",25,2,5,3.4,3.4,3.4,NA,24,0.100000000000001,0,0,NA,NA,NA,NA,NA,NA,NA
2495228,"Jabaal Sheard","NE","DL",27,5,9,3.35,3.35,3.35,NA,7,0.15,0,0,NA,NA,NA,NA,NA,NA,NA
2495507,"Richard Sherman","SEA","DB",28,5,5,3.35,3.35,3.35,NA,25,0.25,0,0,NA,NA,NA,NA,NA,NA,NA
2533435,"Dontari Poe","KC","DL",26,4,5,3.3,3.3,3.3,NA,8,0.225,0,0,NA,NA,NA,NA,NA,NA,NA
2555415,"Austin Hooper","ATL","TE",NA,0,11,3.26666666666667,2.718,3.686,0.666658333281249,18,0.890416666666667,4,0.968,NA,10.1,2.1,7.12785079239667,NA,NA,NA
2555386,"Sean Davis","PIT","DB",NA,0,8,3.25,3.25,3.25,NA,26,0.425,0,0,NA,NA,NA,NA,NA,NA,NA
2649,"Danny Amendola","NE","WR",31,8,9,3.19,2.802,3.666,0.572625532088816,36,0.319999999999999,7,0.863999999999999,NA,27.3,2.5,4.70549737323445,NA,NA,NA
2555161,"Blake Martinez","GB","LB",22,0,4,3.15,3.15,3.15,NA,25,0.125,0,0,NA,NA,NA,NA,NA,NA,NA
2532826,"Mike Daniels","GB","DL",27,4,4,3.1,3.1,3.1,NA,9,0.125,0,0,NA,NA,NA,NA,NA,NA,NA
2556601,"Wil Lutz","NO","K",22,0,5,3.1,3.1,3.1,NA,9,0.45,3,0,NA,NA,NA,NA,NA,NA,NA
2553805,"David Irving","DAL","DL",NA,NA,7,3.05,3.05,3.05,NA,10,0.225,0,0,NA,NA,NA,NA,NA,NA,NA
2532907,"Shea McClellin","NE","LB",27,4,9,3.05,3.05,3.05,NA,26,0.2,0,0,NA,NA,NA,NA,NA,NA,NA
2552652,"Chris Conley","KC","WR",24,1,5,3.04333333333333,2.792,3.232,0.306648550189518,37,0.3575,7,0.44,NA,24,1.7,3.57146404527995,NA,NA,NA
2555430,"Alex Collins","SEA","RB",22,0,5,3.02,1.745,4.055,1.36852718886643,26,0.505,7,2.31,NA,13.5,0.6,4.10564044916495,NA,NA,NA
2556119,"Elandon Roberts","NE","LB",22,0,9,3,3,3,NA,27,0.525,0,0,NA,NA,NA,NA,NA,NA,NA
2533059,"Morris Claiborne","DAL","DB",26,4,7,2.95,2.95,2.95,NA,27,0.375,0,0,NA,NA,NA,NA,NA,NA,NA
276,"Chris Long","NE","DL",31,8,9,2.9,2.9,2.9,NA,11,0.175,0,0,NA,NA,NA,NA,NA,NA,NA
2503471,"Adam Vinatieri","IND","K",44,20,10,2.8,2.8,2.8,NA,10,0.45,0,0,NA,NA,NA,NA,NA,NA,NA
2542009,"Benson Mayowa","DAL","DL",25,3,7,2.75,2.75,2.75,NA,12,0.0750000000000002,0,0,NA,NA,NA,NA,NA,NA,NA
284,"Darren McFadden","DAL","RB",29,8,7,2.735,1.841,3.917,1.2239961873579,27,0.541249999999999,7,2.076,NA,15.1,1.1,4.7386448109356,NA,NA,NA
2543483,"Stephon Tuitt","PIT","DL",23,2,8,2.7,2.7,2.7,NA,13,0.15,0,0,NA,NA,NA,NA,NA,NA,NA
2552263,"Quinten Rollins","GB","DB",24,1,4,2.7,2.7,2.7,NA,28,0.25,0,0,NA,NA,NA,NA,NA,NA,NA
2541535,"Paul Worrilow","ATL","LB",26,3,11,2.7,2.7,2.7,NA,28,0.6,0,0,NA,NA,NA,NA,NA,NA,NA
2541388,"Brice Butler","DAL","WR",26,3,7,2.69666666666667,2.188,3.14,0.611582646363787,38,0.0233333333333339,8,0.952,NA,31.3,2.6,4.85605998870657,NA,NA,NA
2555216,"Malcolm Mitchell","NE","WR",23,0,9,2.675,2.143,3.207,0.940452018978109,39,0.135416666666667,8,1.064,NA,NA,NA,4.86946202298176,NA,NA,NA
2495331,"Aldrick Robinson","ATL","WR",28,5,11,2.67166666666667,2.244,3.04,0.513817412446614,40,0.275416666666666,8,0.796,NA,27.3,2.6,4.70524363145268,NA,NA,NA
2495561,"Alan Branch","NE","DL",32,9,9,2.65,2.65,2.65,NA,14,0.25,0,0,NA,NA,NA,NA,NA,NA,NA
2506677,"Matt Prater","DET","K",32,10,10,2.5,2.5,2.5,NA,11,0.35,0,0,NA,NA,NA,NA,NA,NA,NA
2552633,"Jesse James","PIT","TE",22,1,8,2.4675,2.029,2.868,0.478147466792411,19,0.19,5,0.839,NA,9,1.8,6.16950842668387,NA,NA,NA
2552327,"Grady Jarrett","ATL","DL",23,1,11,2.45,2.45,2.45,NA,15,0.1,0,0,NA,NA,NA,NA,NA,NA,NA
2534822,"Robert Golden","PIT","DB",26,4,8,2.45,2.45,2.45,NA,29,NA,0,0,NA,NA,NA,NA,NA,NA,NA
2552470,"Sammie Coates","PIT","WR",23,1,8,2.4075,1.023,3.778,1.50043049378059,41,0.110833333333333,8,2.755,NA,24.9,2.9,6.498628065684,NA,NA,NA
2550272,"Albert Wilson","KC","WR",24,2,5,2.385,1.752,2.868,0.76939911619393,42,0.176666666666667,8,1.116,NA,29.4,2,4.5567182976636,NA,NA,NA
1344,"Ahtyba Rubin","SEA","DL",30,8,5,2.35,2.35,2.35,NA,16,0.0749999999999997,0,0,NA,NA,NA,NA,NA,NA,NA
2556369,"Chris Jones","KC","DL",22,0,5,2.35,2.35,2.35,NA,16,0.175,0,0,NA,NA,NA,NA,NA,NA,NA
4433,"Marcel Reece","SEA","RB",31,8,5,2.295,1.891,2.699,0.714177848998413,28,0.275,7,0.808,NA,18.7,1.4,4.51312962756057,NA,NA,NA
2541316,"Ryan Griffin","HOU","TE",26,3,9,2.285,1.953,2.533,0.33946035605551,20,0.0337500000000004,5,0.58,NA,8.6,0.8,3.77252205599386,NA,NA,NA
2550313,"Richard Rodgers","GB","TE",24,2,4,2.27,1.318,3.042,0.960034721594311,21,0.230416666666667,5,1.724,NA,10.8,1.3,5.86874000495989,NA,NA,NA
2506883,"Tamba Hali","KC","LB",33,10,5,2.25,2.25,2.25,NA,29,0.3,0,0,NA,NA,NA,NA,NA,NA,NA
2541199,"Luke Willson","SEA","TE",26,3,5,2.2325,1.321,3.07,0.959769937710769,22,0.5325,5,1.749,NA,7.8,1.1,5.43408418437712,NA,NA,NA
2539203,"Cobi Hamilton","PIT","WR",26,3,8,2.20833333333333,2.06,2.4,0.232289331079439,43,0.191666666666667,9,0.339999999999999,NA,27.9,1.4,3.18535701303349,NA,NA,NA
2543750,"Jeff Janis","GB","WR",25,2,4,2.20833333333333,1.659,2.723,0.669222185326617,43,0.795,9,1.064,NA,30.7,2.8,5.12590871464523,NA,NA,NA
2495150,"Kai Forbath","MIN","K",29,5,6,2.2,2.2,2.2,NA,12,0.15,0,0,NA,NA,NA,NA,NA,NA,NA
2532937,"Kendall Reyes","KC","DL",27,4,5,2.2,2.2,2.2,NA,18,0.1,0,0,NA,NA,NA,NA,NA,NA,NA
2505916,"Vince Wilfork","HOU","DL",35,12,9,2.15,2.15,2.15,NA,19,0.2,0,0,NA,NA,NA,NA,NA,NA,NA
2539227,"Dustin Hopkins","WAS","K",26,3,9,2.1,2.1,2.1,NA,13,0.1,0,0,NA,NA,NA,NA,NA,NA,NA
2552477,"Aaron Ripkowski","GB","RB",NA,NA,4,2.0925,0.8,3.351,1.3685363227429,29,0.16875,7,2.551,NA,14.5,1.6,5.7852157369569,NA,NA,NA
71341,"Tyson Jackson","ATL","DL",30,7,11,2.05,2.05,2.05,NA,20,0.225,0,0,NA,NA,NA,NA,NA,NA,NA
2536340,"Justin Tucker","BAL","K",27,4,8,2,2,2,NA,14,0,0,0,NA,NA,NA,NA,NA,NA,NA
2539637,"Caleb Sturgis","PHI","K",27,3,4,2,2,2,NA,14,0.05,0,0,NA,NA,NA,NA,NA,NA,NA
2541556,"Brandon McManus","DEN","K",25,2,11,2,2,2,NA,14,1.05,0,0,NA,NA,NA,NA,NA,NA,NA
2530790,"Mike Morgan","SEA","LB",28,5,5,1.95,1.95,1.95,NA,30,0.0999999999999999,0,0,NA,NA,NA,NA,NA,NA,NA
2553442,"D.J. Alexander","KC","LB",25,1,5,1.95,1.95,1.95,NA,30,0.325,0,0,NA,NA,NA,NA,NA,NA,NA
2495979,"DeAngelo Williams","PIT","RB",33,10,8,1.9475,0.618,3.159,1.37446656319218,30,0.3325,7,2.541,NA,17.3,1.9,6.29756864393237,NA,NA,NA
2535708,"Lance Dunbar","DAL","RB",26,4,7,1.9,1.578,2.274,0.44933283877322,31,0.711666666666667,8,0.696,NA,18.9,1.4,4.13422275323608,NA,NA,NA
71309,"Graham Gano","CAR","K",29,7,7,1.9,1.9,1.9,NA,17,1.9,0,0,NA,NA,NA,NA,NA,NA,NA
2495311,"Terrell McClain","DAL","DL",28,5,7,1.85,1.85,1.85,NA,21,0.0750000000000002,0,0,NA,NA,NA,NA,NA,NA,NA
2540203,"Levine Toilolo","ATL","TE",25,3,11,1.84666666666667,1.74,1.948,0.130511813003013,23,0.433333333333333,6,0.208,NA,11.6,0.6,2.99800755023781,NA,NA,NA
80427,"Darrius Heyward-Bey","PIT","WR",29,7,8,1.825,0.964,2.742,0.98726896031426,45,0.976666666666667,9,1.778,NA,27.3,4.2,6.88306224204188,NA,NA,NA
2543490,"Demarcus Lawrence","DAL","DL",24,2,7,1.8,1.8,1.8,NA,22,0.05,0,0,NA,NA,NA,NA,NA,NA,NA
1720,"Letroy Guion","GB","DL",29,8,4,1.75,1.75,1.75,NA,23,0.05,0,0,NA,NA,NA,NA,NA,NA,NA
2495218,"Brooks Reed","ATL","DL",29,5,11,1.75,1.75,1.75,NA,23,0.175,0,0,NA,NA,NA,NA,NA,NA,NA
2495597,"Justin Durant","DAL","LB",31,9,7,1.75,1.75,1.75,NA,32,0.375,0,0,NA,NA,NA,NA,NA,NA,NA
2532992,"Jack Crawford","DAL","DL",28,4,7,1.65,1.65,1.65,NA,25,0.175,0,0,NA,NA,NA,NA,NA,NA,NA
2541187,"Demetrius Harris","KC","TE",25,3,5,1.55333333333333,1.398,1.71,0.195021366350801,24,0.396666666666667,7,0.312,NA,13.7,1,3.97151586613959,NA,NA,NA
2505988,"Antonio Smith","HOU","DL",35,12,9,1.5,1.5,1.5,NA,26,0.25,0,0,NA,NA,NA,NA,NA,NA,NA
2540221,"Vince Williams","PIT","LB",27,3,8,1.5,1.5,1.5,NA,33,0.75,0,0,NA,NA,NA,NA,NA,NA,NA
2552674,"Rakeem Nunez-Roches","KC","DL",23,1,5,1.45,1.45,1.45,NA,27,0.45,0,0,NA,NA,NA,NA,NA,NA,NA
2534770,"Jonathan Grimes","HOU","RB",27,4,9,1.33,0.779,1.949,0.64730209330729,32,0.339166666666667,8,1.17,NA,19.7,2.1,5.59314577574564,NA,NA,NA
2550521,"Xavier Grimble","PIT","TE",24,2,8,1.27333333333333,0.672,1.776,0.722311105641699,25,0.398333333333333,7,1.104,NA,15.1,1.7,6.35003671827584,NA,NA,NA
2550547,"Max Bullough","HOU","LB",24,2,9,1.25,1.25,1.25,NA,34,1.025,0,0,NA,NA,NA,NA,NA,NA,NA
2532842,"Nick Foles","KC","QB",27,4,5,1.238,0.1872,2.672,1.76071917124793,20,0.619333333333333,6,2.4848,NA,NA,NA,6.8969987035247,NA,NA,NA
2555282,"Kenny Clark","GB","DL",21,0,4,1.05,1.05,1.05,NA,28,0.225,0,0,NA,NA,NA,NA,NA,NA,NA
2533457,"Alfred Morris","DAL","RB",28,4,7,1.04666666666667,0.612,1.636,0.722311105641699,33,0.324166666666667,9,1.024,NA,22,2,5.5325029986187,NA,NA,NA
2556463,"Stephen Anderson","HOU","TE",23,0,9,1.04,0.666,1.426,0.475709995690652,26,0.438333333333333,8,0.76,NA,18.1,1.3,5.07997730872505,NA,NA,NA
2556612,"Tanner McEvoy","SEA","WR",23,0,5,1.00166666666667,0.775,1.231,0.285058473533648,46,0.321666666666667,10,0.456,NA,NA,NA,2.84739214944394,NA,NA,NA
2543547,"Jeoffrey Pagan","HOU","DL",23,2,9,0.95,0.95,0.95,NA,29,0.25,0,0,NA,NA,NA,NA,NA,NA,NA
2553762,"Terron Ward","ATL","RB",NA,NA,11,0.935,0.603,1.267,0.586898628384834,34,0.466666666666667,9,0.664,NA,25,2.3,5.84264055205957,NA,NA,NA
2543640,"Tom Savage","HOU","QB",26,2,9,0.869333333333333,0.1192,1.8408,1.1778834124536,21,0.527333333333333,6,1.7216,NA,NA,NA,5.63906711083339,NA,NA,NA
2540211,"Gavin Escobar","DAL","TE",25,3,7,0.71,0.284,1.268,0.678159273327439,27,0.323333333333333,8,0.984,NA,16.3,0.8,4.32412113180146,NA,NA,NA
1037901,"Ricardo Mathews","PIT","DL",29,6,8,0.7,0.7,0.7,NA,30,NA,0,0,NA,NA,NA,NA,NA,NA,NA
2552420,"Keith Mumphery","HOU","WR",24,1,9,0.695,0.326,1.066,0.462520269826091,47,0.0425,10,0.74,NA,32,1.9,3.99284945824655,NA,NA,NA
2506897,"Devin Hester","SEA","WR",34,10,5,0.665,0.245,1.085,0.742462120245875,48,0.0449999999999999,10,0.84,NA,NA,NA,4.25860857122896,NA,NA,NA
2552431,"Vince Mayle","BAL","WR",NA,NA,8,0.64,0.64,0.64,NA,49,0.17,11,0,NA,NA,NA,NA,NA,NA,NA
2540279,"Nick Williams","ATL","WR",26,3,11,0.6,0.6,0.6,NA,50,0.26,11,0,NA,NA,NA,NA,NA,NA,NA
2553660,"Akeem Hunt","HOU","RB",23,1,9,0.51,0.234,0.89,0.46776062254106,35,0.115,9,0.656,NA,NA,NA,3.56984375525522,NA,NA,NA
79589,"David Johnson","PIT","TE",29,7,8,0.493333333333333,0.222,0.854,0.439810565281615,28,0.228333333333333,9,0.632,NA,NA,NA,3.83829508144206,NA,NA,NA
2550738,"Fitzgerald Toussaint","PIT","RB",26,2,8,0.426666666666667,0.272,0.576,0.19035055380359,36,0.0633333333333333,10,0.304,NA,23.8,2.7,5.94713441384598,NA,NA,NA
2505354,"Tony Romo","DAL","QB",36,13,7,0.368,0.142,0.6684,0.366316802781417,22,0.0636666666666666,6,0.5264,NA,NA,NA,3.88746683155084,NA,NA,NA
2532797,"Brandon Bolden","NE","RB",26,4,9,0.363333333333333,0.204,0.564,0.24214320831552,37,0.0166666666666667,10,0.36,NA,NA,NA,2.92427381119863,NA,NA,NA
2540178,"Knile Davis","KC","RB",25,3,5,0.363333333333333,0.232,0.528,0.198578280114753,38,0.0833333333333333,10,0.296,NA,22.9,1.9,4.61525583193411,NA,NA,NA
2543638,"DeAnthony Thomas","KC","WR",23,2,5,0.34,0.206,0.502,0.194679223339318,51,0.00999999999999995,11,0.296,NA,NA,NA,2.56854723209439,NA,NA,NA
2553621,"Lucky Whitehead","DAL","WR",NA,NA,7,0.34,0.34,0.34,1.24126707662364e-16,51,0.0424999999999999,12,1.66533453693773e-16,NA,35.6,1.7,3.09841636315656,NA,NA,NA
497206,"James Starks","GB","RB",30,6,4,0.33,0.33,0.33,5.55111512312578e-17,39,0.12,10,5.55111512312578e-17,NA,NA,NA,2.23141781875442,NA,NA,NA
2555413,"Trevor Davis","GB","WR",23,0,4,0.32,0.32,0.32,0,53,0.1125,13,0,NA,NA,NA,1.96790812715598,NA,NA,NA
2556477,"Trevone Boykin","SEA","QB",23,0,5,0.316,0.0284,0.6988,0.466951817642891,23,0.114333333333333,6,0.6704,NA,NA,NA,4.10466689626045,NA,NA,NA
2543801,"Jimmy Garoppolo","NE","QB",25,2,9,0.292666666666667,0.0688,0.5856,0.355934450894169,24,0.182333333333333,6,0.5168,NA,NA,NA,3.86505865180492,NA,NA,NA
2553554,"Matt Lengel","NE","TE",NA,NA,9,0.28,0.28,0.28,NA,29,0.0433333333333333,9,0,NA,17.4,1,4.90205538445157,NA,NA,NA
2555478,"Demarcus Robinson","KC","WR",NA,0,5,0.275,0.183,0.367,0.162634559672906,54,0.135833333333333,13,0.184,NA,NA,NA,2.46968060538149,NA,NA,NA
2532974,"Kyle Wilber","DAL","LB",27,4,7,0.25,0.25,0.25,NA,35,0.1,0,0,NA,NA,NA,NA,NA,NA,NA
2555289,"Nick Vannett","SEA","TE",NA,0,5,0.25,0.234,0.266,0.0282842712474619,30,0.108333333333333,9,0.032,NA,NA,NA,2.49788617025846,NA,NA,NA
2530763,"Patrick DiMarco","ATL","RB",27,5,11,0.23,0.184,0.272,0.0556776436283002,40,0.0775,11,0.088,NA,23.3,1.9,4.4108116044819,NA,NA,NA
2539645,"Brandon Williams","SEA","TE",29,4,5,0.223333333333333,0.162,0.29,0.0808290376865476,31,0.193333333333333,9,0.128,NA,20,0.6,2.91709505967287,NA,NA,NA
2543563,"Kevin Pierre-Louis","SEA","LB",25,2,5,0.2,0.2,0.2,NA,36,0.1,0,0,NA,NA,NA,NA,NA,NA,NA
2508101,"James Develin","NE","RB",28,6,9,0.19,0.166,0.214,0.0424264068711929,41,0.0825,11,0.048,NA,27.2,1.8,4.22389718235802,NA,NA,NA
2541828,"Frankie Hammond","FA","WR",NA,NA,NA,0.14,0.14,0.14,NA,55,0.0408333333333333,14,0,NA,NA,NA,NA,NA,NA,NA
2507029,"Eric Weems","ATL","WR",31,9,11,0.138333333333333,0.048,0.26,0.148856754409511,56,0.108333333333333,14,0.212,NA,NA,NA,2.42717227563026,NA,NA,NA
2543695,"Jay Prosch","HOU","RB",24,2,9,0.115,0.071,0.159,0.0777817459305202,42,0.03,12,0.088,NA,NA,NA,2.45397846435598,NA,NA,NA
2505982,"Matt Schaub","ATL","QB",35,12,11,0.110666666666667,0.042,0.1844,0.0896734817732273,25,0.0556666666666667,6,0.1424,NA,NA,NA,3.29038889295091,NA,NA,NA
2539287,"Landry Jones","PIT","QB",27,3,8,0.11,-0.0336,0.2752,0.198584994397865,26,0.11,6,0.3088,NA,NA,NA,3.52545208265934,NA,NA,NA
2495340,"Anthony Sherman","KC","RB",28,5,5,0.1,0.076,0.124,0.0424264068711929,43,0.065,12,0.048,NA,25.4,1.4,3.55207229428113,NA,NA,NA
2540140,"Barkevious Mingo","NE","LB",26,3,9,0.1,0.1,0.1,NA,37,NA,0,0,NA,NA,NA,NA,NA,NA,NA
2550235,"Roosevelt Nix","PIT","RB",NA,NA,8,0.07,0.038,0.102,0.0565685424949238,44,0.07,12,0.064,NA,NA,NA,2.39328010646464,NA,NA,NA
2553318,"James OShaughnessy","KC","TE",NA,NA,5,0.06,0.024,0.104,0.0529150262212918,32,0.06,10,0.08,NA,NA,NA,2.5781125954826,NA,NA,NA
2556440,"J.D. McKissic","SEA","WR",23,0,5,0.06,0.06,0.06,NA,57,0.06,14,0,NA,NA,NA,NA,NA,NA,NA
4487,"Matthew Slater","NE","WR",31,8,9,0,0,0,NA,58,0,0,0,NA,NA,NA,NA,NA,NA,NA
2495181,"Jerrod Johnson","DAL","QB",28,5,7,0,0,0,NA,27,0,7,0,NA,NA,NA,NA,NA,NA,NA
2495470,"Stevan Ridley","FA","RB",27,5,NA,0,0,0,NA,45,0,13,0,NA,NA,NA,NA,NA,NA,NA
2504162,"Shayne Graham","FA","K",NA,NA,NA,0,0,0,NA,18,NA,0,0,NA,NA,NA,NA,NA,NA,NA
2532970,"Brandon Weeden","HOU","QB",33,4,9,0,0,0,0,27,0,6,0,NA,NA,NA,3.09684705196552,NA,NA,NA
2534889,"Matt Simms","FA","QB",28,4,NA,0,0,0,NA,27,0,7,0,NA,NA,NA,NA,NA,NA,NA
2535876,"Griff Whalen","FA","WR",26,4,NA,0,0,0,NA,58,0,0,0,NA,NA,NA,NA,NA,NA,NA
2539674,"Rodney Smith","FA","WR",26,3,NA,0,0,0,NA,58,0,0,0,NA,NA,NA,NA,NA,NA,NA
2543587,"Aaron Murray","FA","QB",26,2,NA,0,0,0,NA,27,0,7,0,NA,NA,NA,NA,NA,NA,NA
2543605,"Zach Mettenberger","PIT","QB",25,2,8,0,0,0,0,27,0,6,0,NA,NA,NA,3.09684705196552,NA,NA,NA
2543682,"Bishop Sankey","MIN","RB",24,2,6,0,0,0,0,45,0,13,0,NA,NA,NA,2.23141781875442,NA,NA,NA
2550243,"Justin Perillo","FA","TE",25,2,NA,0,0,0,NA,33,0,10,0,NA,NA,NA,NA,NA,NA,NA
2550247,"Bryn Renner","FA","QB",26,2,NA,0,0,0,NA,27,0.0253333333333333,7,0,NA,NA,NA,NA,NA,NA,NA
2550413,"Corey Washington","FA","WR",25,2,NA,0,0,0,NA,58,0,0,0,NA,NA,NA,NA,NA,NA,NA
2552383,"Terrence Magee","BAL","RB",23,1,8,0,0,0,NA,45,0,13,0,NA,NA,NA,NA,NA,NA,NA
2552634,"Joey Iosefa","FA","RB",NA,NA,NA,0,0,0,NA,45,0.0233333333333333,13,0,NA,NA,NA,NA,NA,NA,NA
2555462,"Kelvin Taylor","SEA","RB",23,0,5,0,0,0,0,45,0.0466666666666667,13,0,NA,NA,NA,2.23141781875442,NA,NA,NA
2555471,"Kenny Lawler","FA","WR",22,0,NA,0,0,0,NA,58,0,0,0,NA,NA,NA,NA,NA,NA,NA
2556375,"Rico Gathers","FA","TE",22,0,NA,0,0,0,NA,33,NA,10,0,NA,NA,NA,NA,NA,NA,NA
2556492,"Joe Callahan","GB","QB",23,0,4,0,0,0,0,27,0.0603333333333333,6,0,NA,NA,NA,3.09684705196552,NA,NA,NA
2556528,"D.J. Foster","NE","WR",NA,0,9,0,0,0,0,58,0,15,0,NA,NA,NA,1.96790812715598,NA,NA,NA
2556569,"Andy Jones","FA","WR",NA,0,NA,0,0,0,NA,58,NA,14,0,NA,NA,NA,NA,NA,NA,NA
2555234,"Tyler Ervin","HOU","RB",23,0,9,-0.0466666666666667,-0.182,0.066,0.162583311976763,50,NA,13,0.248,NA,26.4,2.1,4.89967121036056,NA,NA,NA
79858,"Mark Sanchez","DAL","QB",30,7,7,-0.0506666666666667,-0.1216,0,0.0877572409168232,34,0.0193333333333333,7,0.1216,NA,NA,NA,3.28625307960022,NA,NA,NA
2552588,"Brett Hundley","GB","QB",23,1,4,-0.07,-0.1984,0.0272,0.156345770649545,35,NA,7,0.2256,NA,NA,NA,3.43428737081379,NA,NA,NA
