"playerId","player","team","position","age","exp","bye","points","lower","upper","sdPts","positionRank","dropoff","tier","ptSpread","overallECR","positionECR","sdRank","risk","sleeper","actualPoints","salary"
2532975,"Russell Wilson","SEA","QB",31,7,11,18.29593,17.484,19.2709,1.01530039865057,1,0.756214999999997,1,1.7869,NA,2.3,0.5,5.78957812481319,NA,NA,NA
2504775,"Drew Brees","NO","QB",40,18,9,17.98044,17.1864,19.03492,0.957144225286869,2,1.140545,1,1.84852,NA,1,0,4.25045500418793,NA,NA,NA
2558063,"Deshaun Watson","HOU","QB",24,2,10,17.09899,15.3855,18.68532,1.65001214404622,3,0.881019999999999,1,3.29982,NA,4.5,1.3,9.32795504637279,NA,NA,NA
2504211,"Tom Brady","NE","QB",42,19,10,16.5808,15.6676,17.655,0.990539348032172,4,0.79243,2,1.9874,NA,7.2,0.4,5.45567672974651,NA,NA,NA
2555259,"Carson Wentz","PHI","QB",27,3,10,15.85514,15.25912,16.4414,0.587875920581886,5,0.27707,2,1.18228,NA,4.8,0.4,4.65595782982779,NA,NA,NA
2560955,"Josh Allen","BUF","QB",23,1,6,15.7216,13.8464,16.888,1.85746838465692,6,0.975729999999999,2,3.0416,NA,3.2,0.7,8.03163338432753,NA,NA,NA
2532820,"Kirk Cousins","MIN","QB",31,7,12,15.43454,14.72008,16.4506,0.912763966203751,7,7.74094,3,1.73052,NA,5.8,0.4,5.3012091556973,NA,NA,NA
2556075,"Derrick Henry","TEN","RB",25,3,11,15.1437,14.33,16.5776,1.40528447298047,1,0.565450000000002,1,2.2476,NA,1.1,0.3,5.18077820258302,NA,NA,NA
2558019,"Alvin Kamara","NO","RB",23,2,9,15.1053,14.26,16.1144,0.993368234845467,2,1.826975,1,1.8544,NA,2,0.4,4.51551742164976,NA,NA,NA
2556370,"Michael Thomas","NO","WR",25,3,9,14.316,12.3444,16.2444,1.99289337396661,1,3.3996,1,3.9,NA,1,0.2,4.04993331908869,NA,NA,NA
2532956,"Ryan Tannehill","TEN","QB",31,7,11,14.0572,12.214,15.8636,1.81298461107644,8,12.8108666666667,3,3.6496,NA,7.8,0.4,7.08911293518964,NA,NA,NA
2557991,"Dalvin Cook","MIN","RB",24,2,12,14.0512,12.14,16.5648,2.26234683459455,3,2.173525,1,4.4248,NA,5.2,3.4,10.0324697953436,NA,NA,NA
2562734,"Devin Singletary","BUF","RB",49,0,6,12.50545,11.5,13.7337,1.13180785140412,4,1.661175,2,2.2337,NA,6.7,4.7,9.28157371789256,NA,NA,NA
100021,"Patriots","NE","DST",NA,NA,10,11.2575,11.065,11.496,0.240606871611487,1,2.7475,1,0.430999999999999,NA,NA,NA,3.04288158293595,NA,NA,NA
2562722,"Miles Sanders","PHI","RB",49,0,10,11.2499,10.2112,12.974,1.85682290485657,5,0.988875,2,2.7628,NA,7.9,2.6,8.4357831570582,NA,NA,NA
2540165,"DeAndre Hopkins","HOU","WR",27,6,10,11.0468,9.57,12.9296,1.71538951844763,2,0.528533333333336,2,3.3596,NA,5.1,2.9,6.99501642488443,NA,NA,NA
2552608,"Stefon Diggs","MIN","WR",26,4,12,10.786,9.084,13.204,2.30474380354954,3,0.588599999999998,2,4.12,NA,7,3.4,8.62722928702199,NA,NA,NA
100003,"Bills","BUF","DST",NA,NA,6,10.67,6.623,9.489,2.00740296569141,2,4.37875,2,2.866,NA,NA,NA,7.88656674442309,NA,NA,NA
2543743,"Carlos Hyde","HOU","RB",28,5,10,10.43865,9.61,11.7137,1.21256700330332,6,0.793675,3,2.1037,NA,6.6,2.4,7.02170292816798,NA,NA,NA
2562238,"A.J. Brown","TEN","WR",NA,0,11,10.2505333333333,8.88,12.0563333333333,1.77773958535364,4,0.344133333333332,2,3.17633333333333,NA,4.5,1.8,5.70915865013731,NA,NA,NA
2556601,"Wil Lutz","NO","K",25,3,9,10.2292437810945,9.91482587064677,10.606,0.380998387519934,1,1.91504231589306,1,0.691174129353234,NA,1,0,0.54424540541081,NA,NA,NA
2532966,"Bobby Wagner","SEA","LB",29,7,11,10.19,9.15,11.23,1.83847763108502,1,1.02,1,2.08,NA,NA,NA,5.59022515912312,NA,NA,NA
2552430,"Tyler Lockett","SEA","WR",27,4,11,10.1442666666667,8.97,11.7264,1.48028290088978,5,0.496866666666667,2,2.7564,NA,3.4,1.4,4.69857179479457,NA,NA,NA
2560809,"Sony Michel","NE","RB",24,1,10,10.0834,9.41,10.8452,0.757041478388073,7,1.84679166666667,3,1.4352,NA,5,2,5.75081631393453,NA,NA,NA
238498,"Julian Edelman","NE","WR",33,10,10,9.66853333333333,8.52,11.8093333333333,2.27620514599776,6,0.602433333333332,2,3.28933333333333,NA,4.1,1.8,6.55465384843865,NA,NA,NA
2543847,"John Brown","BUF","WR",29,5,6,9.62626666666667,8.33,11.785,2.25245073198061,7,1.90033333333333,2,3.455,NA,6.6,2.3,7.14691430047974,NA,NA,NA
2558094,"Zach Cunningham","HOU","LB",25,2,10,9.31,8.118,10.502,2.10717820793591,2,0.452500000000001,1,2.384,NA,NA,NA,6.15051459859352,NA,NA,NA
2495663,"Marshawn Lynch","SEA","RB",33,12,11,9.20655,8.4859,10.0198,0.769308870025558,8,2.04874166666667,4,1.5339,NA,8.4,1.2,4.93519355854006,NA,NA,NA
2560713,"Tremaine Edmunds","BUF","LB",21,1,6,9.03,8.126,9.934,1.5980613254816,3,0.354999999999999,1,1.808,NA,NA,NA,5.08891355538645,NA,NA,NA
2533008,"Demario Davis","NO","LB",30,7,9,8.685,7.537,9.833,2.02939646200539,4,0.0750000000000011,1,2.296,NA,NA,NA,5.98832555032577,NA,NA,NA
2540162,"Logan Ryan","TEN","DB",28,6,11,8.68,7.936,9.424,1.31521861300698,1,0.925,1,1.488,NA,NA,NA,7.03560021580073,NA,NA,NA
2495252,"K.J. Wright","SEA","LB",30,8,11,8.665,7.389,9.941,2.25567063198509,5,0.3925,1,2.552,NA,NA,NA,6.46014823619558,NA,NA,NA
2557969,"Matt Milano","BUF","LB",NA,2,6,8.555,7.479,9.631,1.90211724139181,6,0.5725,1,2.152,NA,NA,NA,5.722925289524,NA,NA,NA
2562685,"DK Metcalf","SEA","WR",49,0,11,8.50593333333333,6.9666,10.9893333333333,2.57173608029025,8,1.66996666666667,3,4.02273333333333,NA,5.8,1,6.04384803910749,NA,NA,NA
2495259,"Dan Bailey","MIN","K",31,8,12,8.49919658119658,8.08864957264957,8.86911680911681,0.403074891435548,2,0.386285714285716,2,0.780467236467238,NA,4.2,1.7,5.54522890126355,NA,NA,NA
71265,"Jared Cook","NO","TE",32,10,9,8.244,6.864,10.32,2.05529316643636,1,1.7579,1,3.456,NA,1.9,0.3,6.82703569691869,NA,NA,NA
2553112,"Jason Myers","SEA","K",NA,NA,11,8.12920634920635,7.52571428571429,8.81492063492064,0.659095901525269,3,0.240033705130168,2,1.28920634920635,NA,6.1,1.1,4.79773932056961,NA,NA,NA
2507225,"Nick Folk","NE","K",35,12,10,8.09661538461538,7.354,8.87230769230769,0.750920263812044,4,0.514106137544882,2,1.51830769230769,NA,2.7,0.8,4.28441939725423,NA,NA,NA
2560995,"Dallas Goedert","PHI","TE",25,1,10,8.0592,6.6216,10.214,2.25364886351002,2,3.2063,1,3.5924,NA,1.2,0.4,7.47504846291024,NA,NA,NA
2539311,"Jamie Collins","NE","LB",29,6,10,7.99,7.174,8.806,1.44249783362056,7,0.237500000000001,2,1.632,NA,NA,NA,4.76453545885096,NA,NA,NA
2552312,"Eric Kendricks","MIN","LB",27,4,12,7.975,5.899,10.051,3.66988419435818,8,0.625000000000001,2,4.152,NA,NA,NA,9.40904002288188,NA,NA,NA
79848,"Malcolm Jenkins","PHI","DB",32,10,10,7.765,7.273,8.257,0.869741340859454,2,0.1225,1,0.984,NA,NA,NA,5.56877064853256,NA,NA,NA
2539290,"Jordan Poyer","BUF","DB",28,6,6,7.745,7.261,8.229,0.855599205235723,3,0.675,1,0.967999999999999,NA,NA,NA,5.52220463052404,NA,NA,NA
2556521,"Kaimi Fairbairn","HOU","K",25,3,10,7.68172990353698,6.71338906752412,8.71077813504823,0.987843222204819,5,0.397092364991721,3,1.99738906752412,NA,3.7,1.4,6.93326443345724,NA,NA,NA
2532948,"Harrison Smith","MIN","DB",30,7,12,7.54,7.212,7.868,0.579827560572969,4,1.0225,2,0.656,NA,NA,NA,4.61416727935803,NA,NA,NA
2552490,"Benardrick McKinney","HOU","LB",27,4,10,7.53,6.698,8.362,1.47078210486802,9,0.569999999999999,2,1.664,NA,NA,NA,4.82351329458468,NA,NA,NA
2558172,"Jake Elliott","PHI","K",24,2,10,7.48328859060403,6.5455033557047,8.38657718120805,0.929571159420357,6,0.627648288537254,3,1.84107382550336,NA,4.6,0.9,5.26266802168758,NA,NA,NA
2562665,"Travis Homer","SEA","RB",49,0,11,7.26666666666667,6.79066666666667,7.64,0.47932823363073,9,0.419066666666668,5,0.849333333333333,NA,11.4,1.4,4.60271185439156,NA,NA,NA
2558005,"Jayon Brown","TEN","LB",24,2,11,7.17,6.562,7.778,1.07480230740355,10,0.425000000000002,2,1.216,NA,NA,NA,3.99782359431252,NA,NA,NA
2507374,"Steven Hauschka","BUF","K",NA,NA,6,7.08598648648649,5.88932432432432,8.30264864864865,1.2314958894122,7,0.460692368839428,3,2.41332432432432,NA,5.5,0.9,6.42723492832878,NA,NA,NA
2543773,"James White","NE","RB",27,5,10,7.04895,6.262,7.84945,0.833715111713828,10,0.818825,5,1.58745,NA,7.9,2.1,5.99897781493847,NA,NA,NA
2541785,"Adam Thielen","MIN","WR",29,5,12,6.94593333333333,5.90733333333333,7.573,0.959030308871067,9,0.993233333333333,3,1.66566666666667,NA,9.9,2.7,5.45906206245219,NA,NA,NA
2532800,"Nigel Bradham","PHI","LB",30,7,10,6.75,6.294,7.206,0.806101730552664,11,0.0699999999999994,3,0.912,NA,NA,NA,3.43753415484212,NA,NA,NA
2543459,"Anthony Barr","MIN","LB",27,5,12,6.74,5.668,7.812,1.89504617357995,12,0.19,3,2.144,NA,NA,NA,5.70818083059057,NA,NA,NA
2535698,"Cole Beasley","BUF","WR",30,7,6,6.726,5.642,7.766,1.12019194783751,10,1.5513,3,2.124,NA,13.5,2.6,5.60591324219893,NA,NA,NA
2561146,"Boston Scott","PHI","RB",24,1,10,6.64625,5.50415,7.9486,1.33140675133484,11,1.146875,5,2.44445,NA,7.4,1.7,6.51013755178734,NA,NA,NA
2561534,"Greg Joseph","TEN","K",49,1,11,6.62529411764706,5.17458823529412,8.23576470588235,1.54877666871314,8,NA,3,3.06117647058823,NA,7.8,0.4,6.20519959202821,NA,NA,NA
2560718,"Rashaan Evans","TEN","LB",23,1,11,6.62,5.06,8.18,2.75771644662754,13,0.165,3,3.12,NA,NA,NA,7.50700482046922,NA,NA,NA
2560728,"Tre Flowers","SEA","DB",24,1,11,6.6,5.952,7.248,1.14551298552221,5,0.254999999999999,3,1.296,NA,NA,NA,6.47680799969856,NA,NA,NA
2543699,"Kyle Van Noy","NE","LB",28,5,10,6.48,5.816,7.144,1.17379725676967,14,0.0525000000000002,3,1.328,NA,NA,NA,4.20424601938056,NA,NA,NA
2534832,"Rodney McLeod","PHI","DB",29,7,10,6.435,5.695,7.175,1.30814754519511,6,0.214999999999999,3,1.48,NA,NA,NA,7.01231720679647,NA,NA,NA
2558175,"Nate Gerry","PHI","LB",24,2,10,6.43,5.806,7.054,1.10308657865101,15,0.0774999999999988,3,1.248,NA,NA,NA,4.05680143004625,NA,NA,NA
2533057,"Donta Hightower","NE","LB",29,7,10,6.425,5.205,7.645,2.15667568261897,16,0.294999999999999,3,2.44,NA,NA,NA,6.25372581112754,NA,NA,NA
100013,"Texans","HOU","DST",NA,NA,10,6.35,6.56,10.14,2.02402239776803,3,0.15625,2,3.58,NA,NA,NA,7.93212904604444,NA,NA,NA
2506268,"Lorenzo Alexander","BUF","LB",36,13,6,6.28,4.744,7.816,2.71529003975634,17,0.350000000000001,3,3.072,NA,NA,NA,7.41853806686863,NA,NA,NA
2560851,"Justin Reid","HOU","DB",22,1,10,6.255,6.083,6.427,0.304055915910215,7,0.105,3,0.344,NA,NA,NA,3.70612992819202,NA,NA,NA
100030,"Seahawks","SEA","DST",NA,NA,11,6.2325,5.9,6.739,0.523028042587903,4,0.2525,2,0.839,NA,NA,NA,3.81714140823892,NA,NA,NA
2539243,"Bradley McDougald","SEA","DB",29,6,11,6.185,6.109,6.261,0.134350288425444,8,0.215000000000001,3,0.152,NA,NA,NA,3.14733771208986,NA,NA,NA
100022,"Saints","NO","DST",NA,NA,9,6.155,5.588,7.062,0.981070843517429,5,0.56625,2,1.474,NA,NA,NA,5.07286929082954,NA,NA,NA
2555530,"Vonn Bell","NO","DB",25,3,9,6.115,5.287,6.943,1.46371103705615,9,0.407499999999999,3,1.656,NA,NA,NA,7.52454340489011,NA,NA,NA
2552603,"Danielle Hunter","MIN","DL",25,4,12,6.02,5.716,6.324,0.537401153701777,1,0.49,1,0.608,NA,NA,NA,4.36236805810594,NA,NA,NA
496796,"Jerry Hughes","BUF","LB",31,9,6,5.98,5.98,5.98,NA,18,0.2,4,0,NA,NA,NA,NA,NA,NA,NA
2495184,"Cameron Jordan","NO","DL",30,8,9,5.91,5.062,6.758,1.49906637611548,2,0.85,1,1.696,NA,NA,NA,8.28135207020866,NA,NA,NA
2543456,"Jadeveon Clowney","SEA","LB",26,5,11,5.88,5.88,5.88,NA,19,0.2525,4,0,NA,NA,NA,NA,NA,NA,NA
2555158,"Kevin Byard","TEN","DB",26,3,11,5.825,5.749,5.901,0.134350288425444,10,0.257499999999999,3,0.151999999999999,NA,NA,NA,3.14733771208986,NA,NA,NA
2541161,"Latavius Murray","NO","RB",29,6,9,5.814,4.1636,6.82,1.62049004933693,12,0.65365,6,2.6564,NA,10.5,1.2,6.52648290071185,NA,NA,NA
100025,"Eagles","PHI","DST",NA,NA,10,5.805,5.66,5.954,0.171561456432771,6,0.76375,3,0.294,NA,NA,NA,2.85359304302438,NA,NA,NA
2555339,"Kamalei Correa","TEN","LB",25,3,11,5.68,5.68,5.68,NA,20,0.212500000000001,4,0,NA,NA,NA,NA,NA,NA,NA
2539240,"Micah Hyde","BUF","DB",29,6,6,5.59,4.83,6.35,1.34350288425444,11,0.097500000000001,3,1.52,NA,NA,NA,7.12873225181775,NA,NA,NA
2539982,"A.J. Klein","NO","LB",28,6,9,5.575,4.467,6.683,1.95868578388674,21,0.225000000000001,4,2.216,NA,NA,NA,5.84088096099146,NA,NA,NA
2552448,"Trae Waynes","MIN","DB",27,4,12,5.545,4.981,6.109,0.997020561473032,12,0.16,3,1.128,NA,NA,NA,5.98786481060917,NA,NA,NA
2539320,"Kenny Vaccaro","TEN","DB",28,6,11,5.44,4.72,6.16,1.27279220613579,13,0.1475,3,1.44,NA,NA,NA,6.89590216177518,NA,NA,NA
100012,"Titans","TEN","DST",NA,NA,11,5.3725,4.561,6.394,1.10783196680122,7,0.662500000000001,3,1.833,NA,NA,NA,5.42038589105323,NA,NA,NA
496788,"Brandon Graham","PHI","LB",31,9,10,5.36,5.36,5.36,NA,22,0.124999999999999,4,0,NA,NA,NA,NA,NA,NA,NA
2556673,"Brennan Scarlett","HOU","LB",26,3,10,5.34,4.076,6.604,2.23445742854949,23,0.345000000000001,4,2.528,NA,NA,NA,6.41591485939528,NA,NA,NA
2557867,"TreDavious White","BUF","DB",24,2,6,5.33,5.122,5.538,0.367695526217005,14,0.1025,4,0.416000000000001,NA,NA,NA,3.91567700923033,NA,NA,NA
2558259,"Shaq Griffin","SEA","DB",25,2,11,5.255,5.019,5.491,0.417193000900063,15,0.0899999999999999,4,0.472,NA,NA,NA,4.07865807226013,NA,NA,NA
2553655,"Anthony Harris","MIN","DB",27,4,12,5.2,5.2,5.2,8.88178419700125e-16,16,0.085,4,8.88178419700125e-16,NA,NA,NA,2.70496054100899,NA,NA,NA
2539265,"Rex Burkhead","NE","RB",29,6,10,5.18475,4.4227,5.79,0.735378601470018,13,0.956608333333334,6,1.3673,NA,14.2,1.3,4.97658026876596,NA,NA,NA
2540202,"Kenny Stills","HOU","WR",27,6,10,5.1794,3.442,6.9182,1.82249877914911,11,0.0457666666666663,4,3.4762,NA,16.6,3.5,7.93575781236867,NA,NA,NA
2559278,"Greg Ward","PHI","WR",49,2,10,5.17,4.006,6.07,1.41095712195658,12,0.230166666666666,4,2.064,NA,10.7,1.4,4.58098169863872,NA,NA,NA
496881,"Al Woods","SEA","DL",32,9,11,5.15,5.15,5.15,NA,3,0.3075,NA,0,NA,NA,NA,NA,NA,NA,NA
2552461,"Duke Johnson","HOU","RB",26,4,10,5.13595,4.2983,5.65,0.74305485160922,14,1.92828333333333,6,1.3517,NA,16.1,1.3,4.99093107366068,NA,NA,NA
494287,"Devin McCourty","NE","DB",32,9,10,5.13,4.362,5.898,1.35764501987817,17,0.0649999999999995,4,1.536,NA,NA,NA,7.17529826982627,NA,NA,NA
2560784,"Harold Landry","TEN","LB",23,1,11,5.13,4.098,6.162,1.82433549546129,24,0.3075,4,2.064,NA,NA,NA,5.56073624125626,NA,NA,NA
2540155,"Xavier Rhodes","MIN","DB",29,6,12,5.1,4.588,5.612,0.905096679918781,18,0.125000000000001,4,1.024,NA,NA,NA,5.68518569355384,NA,NA,NA
2557848,"Corey Davis","TEN","WR",24,2,11,5.09726666666667,4.724,5.5932,0.45002422157035,13,0.709400000000001,4,0.8692,NA,13.8,3.2,5.22824065664379,NA,NA,NA
2558061,"Marshon Lattimore","NO","DB",23,2,9,5.03,4.654,5.406,0.664680374315355,19,0.125000000000001,4,0.752,NA,NA,NA,4.89356338740911,NA,NA,NA
2543456,"Jadeveon Clowney","SEA","DL",26,5,11,4.97,4.97,4.97,NA,4,0.387500000000001,2,0,NA,NA,NA,NA,NA,NA,NA
2533062,"Stephon Gilmore","NE","DB",29,7,10,4.92,4.664,5.176,0.452548339959391,20,0.0499999999999998,4,0.512,NA,NA,NA,4.19507311728141,NA,NA,NA
2558956,"Jacob Hollister","SEA","TE",26,2,11,4.913,4.288,5.415,0.671487155498897,3,0.142475,2,1.127,NA,3.8,0.4,3.84493201163789,NA,NA,NA
2555277,"Eli Apple","NO","DB",24,3,9,4.89,3.626,6.154,2.23445742854949,21,0.134999999999999,4,2.528,NA,NA,NA,10.0623913863541,NA,NA,NA
2559012,"Eric Wilson","MIN","LB",25,2,12,4.86,2.94,6.78,3.39411254969543,25,0.105,4,3.84,NA,NA,NA,8.83400612447805,NA,NA,NA
2560914,"Levi Wallace","BUF","DB",NA,1,6,4.85,3.778,5.922,1.89504617357995,22,0.250000000000001,4,2.144,NA,NA,NA,8.94480695414977,NA,NA,NA
2558207,"Jonnu Smith","TEN","TE",24,2,11,4.7928,4.2972,5.4844,0.639123775179738,4,0.360675,2,1.1872,NA,3.5,0.7,4.34939200024331,NA,NA,NA
2533049,"Whitney Mercilus","HOU","LB",29,7,10,4.785,4.157,5.413,1.11015764646288,26,0.285,4,1.256,NA,NA,NA,4.07154588897968,NA,NA,NA
2533040,"Mohamed Sanu","NE","WR",30,7,10,4.7824,3.716,5.552,0.95654628743203,14,0.810433333333333,4,1.836,NA,14.4,3.4,6.34042230126721,NA,NA,NA
2540158,"Zach Ertz","PHI","TE",29,6,10,4.74825,3.38,6.8219,2.13762303739457,5,0.789250000000001,2,3.4419,NA,9.5,3.1,12.4172700758139,NA,NA,NA
2539935,"Kiko Alonso","NO","LB",29,6,9,4.725,3.689,5.761,1.83140656327316,27,1.0775,4,2.072,NA,NA,NA,5.57548070018969,NA,NA,NA
2495476,"Jurrell Casey","TEN","DL",30,8,11,4.715,4.287,5.143,0.756604255869605,5,0.3625,3,0.855999999999999,NA,NA,NA,5.25566588439406,NA,NA,NA
100020,"Vikings","MIN","DST",NA,NA,12,4.71,4.325,5.251,0.580402159426261,8,NA,4,0.926000000000001,NA,NA,NA,3.97443299345046,NA,NA,NA
2555383,"Jalen Mills","PHI","DB",25,3,10,4.66,4.572,4.748,0.155563491861041,23,0.1775,5,0.176,NA,NA,NA,3.21718673910263,NA,NA,NA
2543505,"Bradley Roby","HOU","DB",27,5,10,4.54,4.196,4.884,0.60811183182043,24,0.2375,5,0.687999999999999,NA,NA,NA,4.70729931537506,NA,NA,NA
2495488,"J.J. Watt","HOU","DL",30,8,10,4.45,4.122,4.778,0.579827560572969,6,0.2125,3,0.656000000000001,NA,NA,NA,4.53526441158106,NA,NA,NA
2560795,"Avonte Maddox","PHI","DB",23,1,10,4.425,4.245,4.605,0.318198051533946,25,0.25,5,0.36,NA,NA,NA,3.75269594620054,NA,NA,NA
2556119,"Elandon Roberts","NE","LB",25,3,10,4.275,2.495,6.055,3.14662517628014,28,1.71,4,3.56,NA,NA,NA,8.31795006180795,NA,NA,NA
2495481,"Lawrence Guy","NE","DL",29,8,10,4.255,3.563,4.947,1.22329473145273,7,0.0925000000000002,3,1.384,NA,NA,NA,7.15752577262038,NA,NA,NA
2543503,"Trent Murphy","BUF","DL",29,5,6,4.22,3.724,4.716,0.876812408671319,8,0.152499999999999,3,0.992,NA,NA,NA,5.7455388859069,NA,NA,NA
71251,"Patrick Chung","NE","DB",32,10,10,4.18,3.7,4.66,0.848528137423857,26,0.0324999999999998,5,0.96,NA,NA,NA,5.49892162151979,NA,NA,NA
2558847,"Marcus Williams","NO","DB",23,2,9,4.17,3.33,5.01,1.48492424049175,27,0.0950000000000006,5,1.68,NA,NA,NA,7.59439243190288,NA,NA,NA
2558065,"Adoree Jackson","TEN","DB",24,2,11,4.125,3.625,4.625,0.883883476483184,28,0.155,5,1,NA,NA,NA,5.61533666654107,NA,NA,NA
2495438,"Kyle Rudolph","MIN","TE",30,8,12,4.116,3.356,4.62,0.805282559105808,6,0.462499999999999,3,1.264,NA,5.7,0.9,5.11643694888264,NA,NA,NA
2533051,"Fletcher Cox","PHI","DL",29,7,10,4.105,3.549,4.661,0.982878425849301,9,0.1425,3,1.112,NA,NA,NA,6.1777797695947,NA,NA,NA
496788,"Brandon Graham","PHI","DL",31,9,10,4.03,4.03,4.03,NA,10,0.165,3,0,NA,NA,NA,NA,NA,NA,NA
2495872,"Johnathan Joseph","HOU","DB",35,13,10,4.025,3.597,4.453,0.756604255869606,29,0.1225,6,0.855999999999999,NA,NA,NA,5.19624250446445,NA,NA,NA
2552600,"Nelson Agholor","PHI","WR",26,4,10,3.99333333333333,2.6322,5.8954,2.35184275267998,15,0.145783333333333,4,3.2632,NA,NA,NA,9.75647796816721,NA,NA,NA
2562659,"N'Keal Harry","NE","WR",49,0,10,3.9506,3.27,4.6,0.686576871151367,16,0.391016666666667,4,1.33,NA,13.5,2.4,4.61739612756003,NA,NA,NA
89756,"Jason McCourty","NE","DB",32,10,10,3.915,2.959,4.871,1.68998520703585,30,0.0649999999999999,6,1.912,NA,NA,NA,8.26959969302633,NA,NA,NA
2552325,"Danny Shelton","NE","DL",26,4,10,3.895,2.971,4.819,1.63341666454092,11,0.105,3,1.848,NA,NA,NA,8.82885718954653,NA,NA,NA
2552262,"Quandre Diggs","SEA","DB",28,4,11,3.89,2.61,5.17,2.26274169979695,31,0.1525,6,2.56,NA,NA,NA,10.1555234223711,NA,NA,NA
496790,"Everson Griffen","MIN","DL",32,9,12,3.835,3.519,4.151,0.558614357137373,12,0.1075,4,0.632,NA,NA,NA,4.4488162348435,NA,NA,NA
2558062,"Gareon Conley","HOU","DB",24,2,10,3.81,3.378,4.242,0.763675323681472,32,0.2425,6,0.864,NA,NA,NA,5.21952551346871,NA,NA,NA
2540928,"Darren Fells","HOU","TE",33,7,10,3.802,3.5,4.152,0.368537650722419,7,0.5728,3,0.652,NA,7,0.9,4.11436815344645,NA,NA,NA
2555238,"Jarran Reed","SEA","DL",26,3,11,3.745,3.397,4.093,0.615182899632296,13,0.0449999999999999,4,0.696,NA,NA,NA,4.67934470614366,NA,NA,NA
2552424,"Phillip Dorsett","NE","WR",26,4,10,3.7445,2.6736,4.63,1.28695056237604,17,0.370233333333333,4,1.9564,NA,25,2.4,5.63574747055145,NA,NA,NA
2555388,"D.J. Reader","HOU","DL",25,3,10,3.71,2.942,4.478,1.35764501987817,14,0.0274999999999999,4,1.536,NA,NA,NA,7.70503089195826,NA,NA,NA
496802,"Linval Joseph","MIN","DL",31,9,12,3.69,3.274,4.106,0.735391052434009,15,0.0950000000000006,4,0.832,NA,NA,NA,5.1692177076565,NA,NA,NA
2539280,"John Simon","NE","DL",29,6,10,3.675,3.223,4.127,0.799030662740799,16,0.17,4,0.904,NA,NA,NA,5.42856223786918,NA,NA,NA
2560766,"Taron Johnson","BUF","DB",23,1,6,3.665,3.205,4.125,0.81317279836453,33,0.215,6,0.92,NA,NA,NA,5.3825065764985,NA,NA,NA
2552492,"Jordan Phillips","BUF","DL",27,4,6,3.515,2.791,4.239,1.27986327394765,17,0.0324999999999998,4,1.448,NA,NA,NA,7.38805424392054,NA,NA,NA
2562681,"Dawson Knox","BUF","TE",49,0,6,3.505,3.154,3.76,0.353694783676548,8,0.6483,3,0.606,NA,7.7,1.2,4.65902725896012,NA,NA,NA
2557984,"Derek Barnett","PHI","DL",23,2,10,3.495,3.323,3.667,0.304055915910215,18,0.0649999999999995,4,0.343999999999999,NA,NA,NA,3.41143811399278,NA,NA,NA
2561345,"Mike Hughes","MIN","DB",49,1,12,3.47,3.398,3.542,0.127279220613579,34,0.0699999999999998,7,0.144,NA,NA,NA,3.12405470308561,NA,NA,NA
2562607,"Chase Winovich","NE","DL",49,0,10,3.47,3.47,3.47,NA,19,0.175,NA,0,NA,NA,NA,NA,NA,NA,NA
2562588,"Chauncey Gardner-Johnson","NO","DB",49,0,9,3.43,3.43,3.43,NA,35,0.0899999999999999,7,0,NA,NA,NA,NA,NA,NA,NA
2539931,"Ezekiel Ansah","SEA","DL",30,6,11,3.39,2.838,3.942,0.975807358037435,20,0.29,4,1.104,NA,NA,NA,6.14896371068218,NA,NA,NA
2555346,"Will Fuller","HOU","WR",25,3,10,3.37466666666667,1.416,4.91866666666667,2.03337240399621,18,0.0648999999999997,4,3.50266666666667,NA,16.6,5.6,10.9501616492629,NA,NA,NA
2560878,"Tre'Quan Smith","NO","WR",NA,1,9,3.37386666666667,2.89226666666667,3.872,0.564017612018159,19,0.186283333333334,5,0.979733333333333,NA,15.4,2.6,4.66253266090852,NA,NA,NA
2557958,"Sidney Jones","PHI","DB",NA,2,10,3.37,3.162,3.578,0.367695526217004,36,0.0699999999999998,7,0.415999999999999,NA,NA,NA,3.91567700923033,NA,NA,NA
2555418,"Jordan Howard","PHI","RB",25,3,10,3.32033333333333,1.4262,4.517,1.98533238191157,15,0.340133333333334,7,3.0908,NA,13.1,1.2,7.2085582678726,NA,NA,NA
2555551,"LeShaun Sims","TEN","DB",NA,3,11,3.31,3.294,3.326,0.0282842712474619,37,0.0450000000000008,8,0.032,NA,NA,NA,2.79809257702601,NA,NA,NA
2556571,"Jonathan Jones","NE","DB",26,3,10,3.29,3.05,3.53,0.424264068711928,38,0.1925,8,0.48,NA,NA,NA,4.10194108126439,NA,NA,NA
2507166,"Ted Ginn","NO","WR",34,12,9,3.24566666666667,2.96466666666667,3.4114,0.261650530288016,20,0.16855,5,0.446733333333333,NA,16.1,3,4.65570095379589,NA,NA,NA
2552484,"P.J. Williams","NO","DB",26,4,9,3.24,3.016,3.464,0.395979797464467,39,0.2875,8,0.448,NA,NA,NA,4.00880904524736,NA,NA,NA
2553433,"Mario Edwards","NO","DL",NA,NA,9,3.2,2.544,3.856,1.15965512114594,21,0.22,4,1.312,NA,NA,NA,6.8981812424077,NA,NA,NA
2555317,"Tajae Sharpe","TEN","WR",25,3,11,3.1295,2.6265,3.7301,0.630627465307372,21,0.198258333333333,5,1.1036,NA,20.6,3,5.28155808711455,NA,NA,NA
2506404,"Frank Gore","BUF","RB",36,14,6,3.095,2.0828,3.86,0.910877049881047,16,0.297175,7,1.7772,NA,15.5,1,4.99021710680259,NA,NA,NA
2558856,"David Moore","SEA","WR",24,2,11,3.02473333333333,2.622,3.32353333333333,0.419412048785757,22,0.317525,5,0.701533333333334,NA,20.5,2.5,4.29074279166666,NA,NA,NA
2354,"Wesley Woodyard","TEN","LB",33,11,11,3.02,2.972,3.068,0.0848528137423858,29,0.915,4,0.0960000000000001,NA,NA,NA,1.93359934363211,NA,NA,NA
2562322,"Ed Oliver","BUF","DL",49,0,6,3,2.856,3.144,0.254558441227157,22,0.12,5,0.288,NA,NA,NA,3.20972570160514,NA,NA,NA
2543504,"DaQuan Jones","TEN","DL",28,5,11,2.96,2.36,3.56,1.06066017177982,23,0.16,5,1.2,NA,NA,NA,6.49475641763242,NA,NA,NA
2555177,"Mackensie Alexander","MIN","DB",26,3,12,2.955,2.903,3.007,0.0919238815542511,40,0.0299999999999998,9,0.103999999999999,NA,NA,NA,3.00763965806432,NA,NA,NA
2562738,"Irv Smith Jr.","MIN","TE",49,0,12,2.9534,1.94,3.6202,0.897082939309404,9,0.322025,4,1.6802,NA,7,1.2,5.90577863285667,NA,NA,NA
2555299,"Vernon Hargreaves","HOU","DB",NA,3,10,2.95,2.95,2.95,NA,41,0.100000000000001,9,0,NA,NA,NA,NA,NA,NA,NA
2553456,"Akeem King","SEA","DB",27,4,11,2.9,2.644,3.156,0.45254833995939,42,0.125,9,0.512,NA,NA,NA,4.19507311728141,NA,NA,NA
2495469,"Dion Lewis","TEN","RB",29,8,11,2.8654,2.582,3.1734,0.318504003114561,17,0.492066666666667,7,0.5914,NA,21,1.2,4.09241061461383,NA,NA,NA
2562466,"JJ Arcega-Whiteside","PHI","WR",NA,0,10,2.83775,2.0017,3.564,0.867056466827084,23,0.284216666666667,5,1.5623,NA,22.1,3.7,6.56816159582019,NA,NA,NA
2552483,"Malcom Brown","NO","DL",25,4,9,2.8,2.016,3.584,1.38592929112563,24,0.0100000000000002,5,1.568,NA,NA,NA,7.82029512760834,NA,NA,NA
2561195,"Poona Ford","SEA","DL",49,1,11,2.8,2.272,3.328,0.933380951166243,24,0.0699999999999998,5,1.056,NA,NA,NA,5.97606735720706,NA,NA,NA
2560754,"J.C. Jackson","NE","DB",49,1,10,2.8,2.8,2.8,4.44089209850063e-16,43,0.0699999999999998,10,4.44089209850063e-16,NA,NA,NA,2.70496054100899,NA,NA,NA
2556274,"David Onyemata","NO","DL",NA,3,9,2.78,2.236,3.324,0.961665222413705,26,0.1575,5,1.088,NA,NA,NA,6.09133159285714,NA,NA,NA
2560951,"Jordan Akins","HOU","TE",27,1,10,2.76,2.012,3.25,0.673015601602222,10,0.311875,4,1.238,NA,9.4,1.2,5.39167787774098,NA,NA,NA
2541958,"Jahleel Addae","HOU","DB",29,6,10,2.75,2.67,2.83,0.14142135623731,44,0.0449999999999999,10,0.16,NA,NA,NA,3.17062072109412,NA,NA,NA
2562682,"Alexander Mattison","MIN","RB",NA,0,12,2.73025,2.19,3.6949,0.948942075418726,18,1.13054166666667,7,1.5049,NA,18.9,2.5,6.63367381926143,NA,NA,NA
2558168,"Rasul Douglas","PHI","DB",26,2,10,2.71,2.302,3.118,0.721248916810278,45,0.085,10,0.816,NA,NA,NA,5.07982745944317,NA,NA,NA
2507917,"Tramaine Brock","TEN","DB",31,9,11,2.7,2.7,2.7,NA,46,0.225,10,0,NA,NA,NA,NA,NA,NA,NA
2560998,"Rasheem Green","SEA","DL",22,1,11,2.68,2.632,2.728,0.0848528137423858,27,0.1575,6,0.0960000000000001,NA,NA,NA,2.51814028770466,NA,NA,NA
2562465,"Olabisi Johnson","MIN","WR",49,0,12,2.57666666666667,2.256,2.92,0.417891532976361,24,0.1888,6,0.664,NA,25.6,3.1,5.0472268067583,NA,NA,NA
2555252,"Shaq Lawson","BUF","DL",25,3,6,2.565,2.465,2.665,0.176776695296637,28,0.115,6,0.2,NA,NA,NA,2.89274905356742,NA,NA,NA
2532848,"Tashaun Gipson","HOU","DB",29,7,10,2.55,0.95,4.15,2.82842712474619,47,0.155,10,3.2,NA,NA,NA,12.0181641427116,NA,NA,NA
2558129,"Isaiah McKenzie","BUF","WR",24,2,6,2.5304,1.816,3.0072,0.648676190406277,25,0.3679,6,1.1912,NA,21.1,2.2,4.30008811558117,NA,NA,NA
2558942,"Anthony Firkser","TEN","TE",49,1,11,2.50275,2.378,2.6937,0.207437339936666,11,0.1275,4,0.3157,NA,15.2,1.6,5.09507324963207,NA,NA,NA
2539329,"Star Lotulelei","BUF","DL",30,6,6,2.48,1.568,3.392,1.61220346110533,29,0.0950000000000002,6,1.824,NA,NA,NA,8.74240901280898,NA,NA,NA
2543706,"Shamar Stephen","MIN","DL",28,5,12,2.42,1.94,2.9,0.848528137423857,30,0.0774999999999997,6,0.959999999999999,NA,NA,NA,5.63027465025682,NA,NA,NA
2562295,"Lonnie Johnson","HOU","DB",NA,0,10,2.4,2.4,2.4,NA,48,0.0124999999999997,11,0,NA,NA,NA,NA,NA,NA,NA
2556444,"Joshua Perkins","PHI","TE",26,3,10,2.3935,1.7402,2.82,0.675915921793039,12,0.307125,4,1.0798,NA,10.6,1.9,6.74866650140211,NA,NA,NA
2552261,"Kevin Johnson","BUF","DB",27,4,6,2.39,2.086,2.694,0.537401153701776,49,0.159999999999999,11,0.608,NA,NA,NA,4.47446922533249,NA,NA,NA
2556587,"Crevon LeBlanc","PHI","DB",25,3,10,2.385,2.261,2.509,0.21920310216783,50,0.345,11,0.248,NA,NA,NA,3.42673382014094,NA,NA,NA
2506122,"Benjamin Watson","NE","TE",39,15,10,2.357,1.6,2.92,0.678524133690173,13,0.6205,4,1.32,NA,11,1,5.018506921155,NA,NA,NA
2562733,"Jeffery Simmons","TEN","DL",49,0,11,2.35,2.35,2.35,NA,31,0.0225,NA,0,NA,NA,NA,NA,NA,NA,NA
2543461,"Timmy Jernigan","PHI","DL",27,5,10,2.335,1.627,3.043,1.25157900270019,32,0.0199999999999996,6,1.416,NA,NA,NA,7.27279000827046,NA,NA,NA
2552670,"Angelo Blackson","HOU","DL",27,4,10,2.32,1.448,3.192,1.54149278298667,33,0.0750000000000002,6,1.744,NA,NA,NA,8.45424842368378,NA,NA,NA
496796,"Jerry Hughes","BUF","DL",31,9,6,2.31,2.31,2.31,NA,34,0.2175,6,0,NA,NA,NA,NA,NA,NA,NA
2561671,"Malik Turner","SEA","WR",49,1,11,2.24533333333333,1.588,2.7848,0.790332419513038,26,0.248833333333333,6,1.1968,NA,NA,NA,4.45922338117211,NA,NA,NA
2558924,"Adam Butler","NE","DL",NA,NA,10,2.18,2.156,2.204,0.0424264068711929,35,0.1875,7,0.048,NA,NA,NA,2.34524393422954,NA,NA,NA
2561143,"Ja'Whaun Bentley","NE","LB",23,1,10,2.11,1.854,2.366,0.452548339959391,30,0.21,5,0.512,NA,NA,NA,2.70031120817055,NA,NA,NA
496961,"Dekoda Watson","SEA","LB",31,9,11,2.1,1.42,2.78,1.20208152801713,31,0.43,5,1.36,NA,NA,NA,4.26322385511429,NA,NA,NA
2561029,"Keke Coutee","HOU","WR",22,1,10,2.07966666666667,2.0018,2.1538,0.095343239578553,27,0.262166666666667,7,0.152,NA,28.1,2.3,3.48803759756564,NA,NA,NA
2525323,"Andrew Sendejo","MIN","DB",32,9,12,2.075,2.031,2.119,0.0777817459305201,51,0.0875000000000004,11,0.0879999999999996,NA,NA,NA,2.96107364005581,NA,NA,NA
2561099,"Mike Boone","MIN","RB",49,1,12,2.01641666666667,1.0213,2.59,1.08583619851246,19,1.01916666666667,7,1.5687,NA,15.8,3.3,7.7281551002239,NA,NA,NA
2552449,"Tye Smith","TEN","DB",26,4,11,2.005,1.761,2.249,0.431335136523794,52,0.0749999999999997,11,0.488,NA,NA,NA,4.12522409026864,NA,NA,NA
2555529,"Stephen Weatherly","MIN","DL",25,3,12,2.005,1.961,2.049,0.0777817459305203,36,0.0274999999999999,8,0.0879999999999999,NA,NA,NA,2.48932422879214,NA,NA,NA
2532825,"Vinny Curry","PHI","DL",31,7,10,1.98,1.884,2.076,0.169705627484772,37,0.0325,8,0.192,NA,NA,NA,2.8639329946549,NA,NA,NA
2558000,"Deatrich Wise","NE","DL",25,2,10,1.975,1.747,2.203,0.403050865276332,38,0.0600000000000001,8,0.456,NA,NA,NA,3.81486293876806,NA,NA,NA
2560741,"Holton Hill","MIN","DB",49,1,12,1.97,1.698,2.242,0.480832611206852,53,0.0849999999999997,11,0.544,NA,NA,NA,4.28820515329844,NA,NA,NA
2550559,"Brandon Dunn","HOU","DL",27,5,10,1.92,1.136,2.704,1.38592929112563,39,0.0499999999999998,8,1.568,NA,NA,NA,7.82029512760834,NA,NA,NA
2553895,"Adam Humphries","TEN","WR",NA,NA,11,1.91333333333333,0.566,2.894,1.65747800387617,28,0.389666666666667,7,2.328,NA,NA,NA,7.40092080500149,NA,NA,NA
2555294,"Shilique Calhoun","NE","DL",27,3,10,1.91,1.91,1.91,NA,40,0.0950000000000002,9,0,NA,NA,NA,NA,NA,NA,NA
2555156,"Jayron Kearse","MIN","DB",25,3,12,1.89,1.802,1.978,0.15556349186104,54,0.1375,12,0.176,NA,NA,NA,3.21718673910263,NA,NA,NA
2560818,"Siran Neal","BUF","DB",25,1,6,1.88,1.36,2.4,0.919238815542512,55,0.2675,12,1.04,NA,NA,NA,5.73175171156235,NA,NA,NA
2555358,"Quinton Jefferson","SEA","DL",NA,3,11,1.83,1.646,2.014,0.325269119345812,41,0.0424999999999998,9,0.368,NA,NA,NA,3.49788629073034,NA,NA,NA
2553667,"Matt LaCosse","NE","TE",NA,NA,10,1.81575,0.8581,2.578,1.04196237136153,14,0.175825,5,1.7199,NA,13.2,0.5,4.88785630505249,NA,NA,NA
2558278,"Ifeadi Odenigbo","MIN","DL",NA,2,12,1.8,1.68,1.92,0.212132034355964,42,0.0425,9,0.24,NA,NA,NA,3.03682934813002,NA,NA,NA
2557877,"Carlos Watkins","HOU","DL",26,2,10,1.775,1.731,1.819,0.0777817459305203,43,0.0775000000000001,9,0.0880000000000001,NA,NA,NA,2.48932422879214,NA,NA,NA
2557943,"Trey Hendrickson","NO","DL",25,2,9,1.74,1.636,1.844,0.183847763108502,44,0.0900000000000001,9,0.208,NA,NA,NA,2.92156511247994,NA,NA,NA
2560729,"Robert Foster","BUF","WR",NA,1,6,1.72166666666667,1.002,2.35,0.865394900223784,29,0.396666666666667,7,1.348,NA,25.8,2.2,4.66768548438633,NA,NA,NA
2562737,"Cameron Smith","MIN","LB",49,0,12,1.7,1.7,1.7,NA,32,0.12,6,0,NA,NA,NA,NA,NA,NA,NA
2552401,"MyCole Pruitt","TEN","TE",27,4,11,1.65725,1.523,1.8253,0.169342601452401,15,0.217325,5,0.3023,NA,NA,NA,2.78416781884829,NA,NA,NA
2556368,"Austin Johnson","TEN","DL",25,3,11,1.655,1.651,1.659,0.00707106781186548,45,0.0325,9,0.00800000000000023,NA,NA,NA,2.20116363966694,NA,NA,NA
2557845,"Jaleel Johnson","MIN","DL",25,2,12,1.645,1.489,1.801,0.275771644662753,46,0.1,9,0.312,NA,NA,NA,3.2961738783427,NA,NA,NA
2561092,"Jake Martin","HOU","LB",24,1,10,1.64,1.536,1.744,0.183847763108502,33,0.15,6,0.208,NA,NA,NA,2.14002176870015,NA,NA,NA
2541243,"Duron Harmon","NE","DB",28,6,10,1.625,1.437,1.813,0.332340187157677,56,0.0375000000000001,13,0.376,NA,NA,NA,3.79926196420905,NA,NA,NA
2541834,"Josh Hill","NO","TE",29,6,9,1.6226,1.2812,1.93,0.341853477384683,16,0.377075,5,0.6488,NA,12.1,1.6,5.40347802861001,NA,NA,NA
2560889,"Josh Sweat","PHI","DL",22,1,10,1.6,1.592,1.608,0.014142135623731,47,0.13,9,0.016,NA,NA,NA,2.22997969857947,NA,NA,NA
2559181,"Justin Hardee","NO","DB",49,2,9,1.6,1.6,1.6,NA,57,0.0449999999999999,13,0,NA,NA,NA,NA,NA,NA,NA
2558077,"Delano Hill","SEA","DB",24,2,11,1.575,1.435,1.715,0.247487373415292,58,0.0725,13,0.28,NA,NA,NA,3.51986585615797,NA,NA,NA
2508084,"Patrick Robinson","NO","DB",32,9,9,1.535,0.947,2.123,1.03944696834422,59,0.2675,13,1.176,NA,NA,NA,6.12756286463472,NA,NA,NA
2556537,"Reggie Gilbert","TEN","LB",49,3,11,1.52,1.52,1.52,NA,34,0.16,7,0,NA,NA,NA,NA,NA,NA,NA
2532431,"Craig Robertson","NO","DL",31,8,9,1.49,1.49,1.49,NA,48,0.13,9,0,NA,NA,NA,NA,NA,NA,NA
2562233,"Marquise Blair","SEA","DB",NA,0,11,1.47,1.47,1.47,NA,60,0.4425,14,0,NA,NA,NA,NA,NA,NA,NA
2532431,"Craig Robertson","NO","LB",31,8,9,1.46,1.46,1.46,NA,35,0.33,7,0,NA,NA,NA,NA,NA,NA,NA
2562324,"Charles Omenihu","HOU","DL",NA,0,10,1.45,1.45,1.45,NA,49,0.25,NA,0,NA,NA,NA,NA,NA,NA,NA
2558954,"Taysom Hill","NO","QB",29,2,9,1.33,0.8624,1.688,0.47003829631212,9,0.327166666666666,4,0.8256,NA,9,0,3.28302714482103,NA,NA,NA
2553502,"DeAndre Carter","HOU","WR",26,4,10,1.32566666666667,0.584,2.2536,1.11871637752083,30,0.0911666666666666,7,1.6696,NA,31.6,1.7,4.46481572453364,NA,NA,NA
2555214,"Laquon Treadwell","MIN","WR",24,3,12,1.32433333333333,0.6284,2.29,1.19143876608634,31,0.3285,7,1.6616,NA,29.8,1.4,4.2086355819131,NA,NA,NA
2562773,"Armon Watts","MIN","DL",49,0,12,1.27,1.27,1.27,NA,50,0.22,NA,0,NA,NA,NA,NA,NA,NA,NA
2560774,"Peter Kalambayi","HOU","LB",24,1,10,1.26,1.26,1.26,NA,36,0.3,7,0,NA,NA,NA,NA,NA,NA,NA
2559263,"Tyrone Swoopes","SEA","TE",25,2,11,1.25725,0.6107,1.63,0.705419674142043,17,0.10535,5,1.0193,NA,NA,NA,5.24412142645629,NA,NA,NA
2552586,"Tyler Kroft","BUF","TE",27,4,6,1.2338,0.6574,1.62,0.512408235687133,18,0.50255,5,0.9626,NA,14.8,0.6,3.86575062137984,NA,NA,NA
2532797,"Brandon Bolden","NE","RB",29,7,10,1.183,0.758,1.4932,0.522414586320099,20,0.38925,8,0.7352,NA,19.7,1,4.26398373472728,NA,NA,NA
2543465,"Teddy Bridgewater","NO","QB",27,5,9,1.16266666666667,0.2406,2.33926666666667,1.27541723020787,10,0.330833333333333,4,2.09866666666667,NA,NA,NA,7.06698273948443,NA,NA,NA
2562492,"Jakobi Meyers","NE","WR",49,0,10,1.14466666666667,0.5952,1.624,0.660685502590554,32,0.298666666666667,8,1.0288,NA,21.7,2,4.06743722477736,NA,NA,NA
2553898,"Tyrell Adams","HOU","DL",NA,NA,10,1.13,1.13,1.13,NA,51,0.29,NA,0,NA,NA,NA,NA,NA,NA,NA
2560751,"Ryan Izzo","NE","TE",24,1,10,1.07,0.752,1.384,0.395094925302768,19,0.687416666666667,5,0.632,NA,NA,NA,3.82010140335193,NA,NA,NA
2561157,"Keion Crossen","HOU","DB",NA,1,10,1.065,0.725,1.405,0.601040764008565,61,0.12,14,0.68,NA,NA,NA,4.6840163063708,NA,NA,NA
2562564,"T.J. Edwards","PHI","LB",NA,0,10,1,1,1,NA,37,0.085,8,0,NA,NA,NA,NA,NA,NA,NA
2561147,"Cornell Armstrong","HOU","DB",24,1,10,0.99,0.442,1.538,0.96873629022557,62,0.135,14,1.096,NA,NA,NA,5.89473277459215,NA,NA,NA
2556880,"Branden Jackson","SEA","DL",27,3,11,0.97,0.546,1.394,0.74953318805774,52,0.3525,9,0.848,NA,NA,NA,5.22684982548154,NA,NA,NA
2555168,"Kentrell Brothers","MIN","LB",NA,3,12,0.92,0.616,1.224,0.537401153701776,38,0.0399999999999999,8,0.608,NA,NA,NA,2.87724471537173,NA,NA,NA
2557967,"Duke Riley","PHI","LB",25,2,10,0.91,0.91,0.91,NA,39,0.1075,8,0,NA,NA,NA,NA,NA,NA,NA
2535132,"Nate Ebner","NE","DB",31,7,10,0.9,0.9,0.9,NA,63,0.09,14,0,NA,NA,NA,NA,NA,NA,NA
2555294,"Shilique Calhoun","NE","LB",27,3,10,0.85,0.85,0.85,NA,40,0.1225,8,0,NA,NA,NA,NA,NA,NA,NA
2556661,"Kalif Raymond","TEN","WR",25,3,11,0.847,0.442,1.3388,0.591165797386825,33,0.132,8,0.8968,NA,NA,NA,3.78357219896401,NA,NA,NA
2560985,"Deontay Burnett","PHI","WR",22,1,10,0.845,0.416,1.26,0.528370135416452,34,0.2625,8,0.844,NA,30.2,3.4,5.61415170377897,NA,NA,NA
2539308,"Matt Barkley","BUF","QB",29,6,6,0.843,-0.0582,1.8938,1.11395332038645,11,0.155166666666667,4,1.952,NA,NA,NA,6.42562456520673,NA,NA,NA
2552466,"Marcus Mariota","TEN","QB",26,4,11,0.820666666666667,0.0894,1.63006666666667,0.881679710048446,12,0.298166666666667,4,1.54066666666667,NA,NA,NA,5.50299994386541,NA,NA,NA
2556803,"C.J. Ham","MIN","RB",26,3,12,0.8115,0.4388,1.2088,0.484188238188414,21,0.0415,8,0.77,NA,25.2,1.1,4.29733889325912,NA,NA,NA
2505708,"Mike Adams","HOU","DB",38,15,10,0.81,0.738,0.882,0.127279220613579,65,0.04,14,0.144,NA,NA,NA,3.12405470308561,NA,NA,NA
2562787,"Joejuan Williams","NE","DB",49,0,10,0.81,0.81,0.81,NA,66,0.125,14,0,NA,NA,NA,NA,NA,NA,NA
2539303,"Zach Line","NO","RB",29,6,9,0.776,0.482,1.0948,0.386745394284147,22,0.0739166666666666,8,0.6128,NA,NA,NA,3.86298794833511,NA,NA,NA
2533460,"Robert Turbin","SEA","RB",30,7,11,0.764,0.153,1.297,0.634532373747261,23,0.12425,8,1.144,NA,18.3,1.2,4.68322792852411,NA,NA,NA
2561107,"Corey Thompson","BUF","LB",49,1,6,0.755,0.535,0.975,0.388908729652601,41,0.055,8,0.44,NA,NA,NA,2.56761107776966,NA,NA,NA
494261,"Kurt Coleman","BUF","DB",31,9,6,0.73,0.566,0.894,0.289913780286485,67,0.13,14,0.328,NA,NA,NA,3.65956391018351,NA,NA,NA
2562672,"Darryl Johnson","BUF","DL",49,0,6,0.71,0.71,0.71,NA,53,0.1925,NA,0,NA,NA,NA,NA,NA,NA,NA
2540140,"Barkevious Mingo","HOU","LB",29,6,10,0.7,0.7,0.7,NA,42,0,8,0,NA,NA,NA,NA,NA,NA,NA
2541539,"Daren Bates","TEN","LB",29,6,11,0.7,0.7,0.7,NA,42,0.00499999999999989,8,0,NA,NA,NA,NA,NA,NA,NA
2552321,"Stephone Anthony","NO","LB",27,4,9,0.7,0.7,0.7,NA,42,0.0924999999999999,8,0,NA,NA,NA,NA,NA,NA,NA
2535867,"Julian Stanford","BUF","LB",29,7,6,0.69,0.482,0.898,0.367695526217005,45,0.2325,8,0.416,NA,NA,NA,2.52337770096937,NA,NA,NA
2552374,"Ameer Abdullah","MIN","RB",26,4,12,0.640166666666667,0.4115,0.8283,0.274884672787213,24,0.10825,9,0.4168,NA,22.9,1.6,4.43014232874713,NA,NA,NA
2543712,"Terrence Brooks","NE","DB",28,5,10,0.64,0.44,0.84,0.353553390593274,68,0.095,14,0.4,NA,NA,NA,3.86911099122182,NA,NA,NA
2552471,"T.J. Yeldon","BUF","RB",26,4,6,0.639333333333333,0.1416,1.1128,0.609269507962883,25,0.337,9,0.9712,NA,23,0.8,4.21672045289353,NA,NA,NA
2558254,"Robert Davis","PHI","WR",24,2,10,0.585,0.205,0.965,0.67175144212722,36,0.125,8,0.76,NA,30.6,2.1,4.21271774305862,NA,NA,NA
2562960,"John Ursua","SEA","WR",NA,0,11,0.58,0.372,0.788,0.367695526217005,37,0.268833333333333,8,0.416,NA,NA,NA,3.02547352112144,NA,NA,NA
2562666,"Amani Hooker","TEN","DB",49,0,11,0.56,0.56,0.56,NA,69,0.08,14,0,NA,NA,NA,NA,NA,NA,NA
2555427,"Nate Sudfeld","PHI","QB",26,3,10,0.555,0.111,0.999,0.784888527117068,13,0.203333333333333,5,0.888,NA,NA,NA,5.11853126328096,NA,NA,NA
2561033,"Dane Cruikshank","TEN","DB",24,1,11,0.53,0.53,0.53,NA,70,0.12,0,0,NA,NA,NA,NA,NA,NA,NA
2560744,"Jalyn Holmes","MIN","DL",23,1,12,0.525,0.209,0.841,0.558614357137373,55,0.0225000000000001,NA,0.632,NA,NA,NA,4.4488162348435,NA,NA,NA
2560999,"Shaquem Griffin","SEA","LB",24,1,11,0.525,0.209,0.841,0.558614357137373,46,0.175,8,0.632,NA,NA,NA,2.92147809217202,NA,NA,NA
2557982,"Eddie Vanderdoes","HOU","DL",25,2,10,0.51,0.134,0.886,0.664680374315355,56,0.035,NA,0.752,NA,NA,NA,4.8810571185313,NA,NA,NA
2561044,"Matt Dickerson","TEN","DL",49,1,11,0.495,0.259,0.731,0.417193000900063,57,0.0675,NA,0.472,NA,NA,NA,3.8724950565931,NA,NA,NA
2505076,"Josh McCown","PHI","QB",40,17,10,0.49,0.024,0.94,0.520640631017852,14,0.286333333333333,5,0.916,NA,NA,NA,4.06890012040598,NA,NA,NA
2495483,"Corey Liuget","BUF","DL",29,8,6,0.455,0.111,0.799,0.608111831820431,58,0.1075,NA,0.688,NA,NA,NA,4.65052864723114,NA,NA,NA
2562630,"Kris Boyd","MIN","DB",NA,0,12,0.43,0.43,0.43,NA,71,0.125,15,0,NA,NA,NA,NA,NA,NA,NA
2530763,"Patrick DiMarco","BUF","RB",30,8,6,0.4245,0.371,0.4826,0.0704574339583837,27,0.255916666666667,10,0.1116,NA,28.5,1.2,3.62868576794859,NA,NA,NA
2562248,"L.J. Collier","SEA","DL",NA,0,11,0.4,0.4,0.4,NA,59,0.1275,NA,0,NA,NA,NA,NA,NA,NA,NA
2541199,"Luke Willson","SEA","TE",29,6,11,0.3925,0.195,0.56,0.202875166871979,21,0.0503333333333333,6,0.365,NA,NA,NA,2.93804225123611,NA,NA,NA
2532792,"Justin Bethel","NE","DB",29,7,10,0.39,0.118,0.662,0.480832611206852,72,0.205,15,0.544,NA,NA,NA,4.28820515329844,NA,NA,NA
2539277,"Manti Teo","NO","LB",28,6,9,0.39,0.39,0.39,NA,47,0.08,9,0,NA,NA,NA,NA,NA,NA,NA
2561027,"Tyler Conklin","MIN","TE",NA,1,12,0.372666666666667,0.1184,0.616,0.311899556481463,22,0.0903333333333334,6,0.4976,NA,NA,NA,3.43833400814991,NA,NA,NA
2556836,"Duke Williams","BUF","WR",26,3,6,0.34,0.34,0.34,NA,39,0.161333333333333,9,0,NA,15.9,1.7,3.35640107677626,NA,NA,NA
2495347,"Lee Smith","BUF","TE",32,8,6,0.311666666666667,0.066,0.59,0.335049747550022,23,0.0586666666666666,6,0.524,NA,NA,NA,3.54456574037116,NA,NA,NA
2560964,"Genard Avery","PHI","LB",24,1,10,0.31,0.278,0.342,0.0565685424949238,48,NA,9,0.064,NA,NA,NA,1.87462150789838,NA,NA,NA
2561338,"Bruce Hector","PHI","DL",49,1,10,0.295,0.0630000000000001,0.527,0.410121933088198,60,0.11,NA,0.464,NA,NA,NA,3.84367899768058,NA,NA,NA
497320,"Andre Roberts","BUF","WR",31,9,6,0.282333333333333,0.0936,0.456,0.228836914271569,40,0.207333333333333,9,0.3624,NA,NA,NA,2.55441072797303,NA,NA,NA
2560896,"Jordan Thomas","HOU","TE",23,1,10,0.253,0.0532,0.526,0.335316268618151,25,NA,6,0.4728,NA,NA,NA,3.54578875380794,NA,NA,NA
2557842,"Daeshon Hall","PHI","DL",24,2,10,0.25,0.25,0.25,NA,61,0.145,NA,0,NA,NA,NA,NA,NA,NA,NA
2562464,"Ugo Amadi","SEA","DB",49,0,11,0.22,0.22,0.22,NA,73,0.105,15,0,NA,NA,NA,NA,NA,NA,NA
2552576,"Sean Mannion","MIN","QB",27,4,12,0.213333333333333,0.028,0.38,0.196185852927495,15,0.0876666666666667,5,0.352,NA,NA,NA,2.78011847042697,NA,NA,NA
2543497,"AJ McCarron","HOU","QB",29,5,10,0.194,0.006,0.378,0.212621729839638,16,0.170333333333333,5,0.372,NA,NA,NA,2.84540416814533,NA,NA,NA
2495262,"Nick Bellore","SEA","RB",30,8,11,0.180166666666667,0.078,0.2944,0.137750075620064,28,0.0336666666666667,11,0.2164,NA,NA,NA,2.93199086693493,NA,NA,NA
2562281,"Damien Harris","NE","RB",49,0,10,0.157,0.0704,0.2248,0.104732993846256,29,0.0261666666666667,11,0.1544,NA,NA,NA,2.80853952281856,NA,NA,NA
2561538,"A.J. Moore","HOU","DB",49,1,10,0.15,0.118,0.182,0.0565685424949238,74,0.0725,15,0.064,NA,NA,NA,2.89122461304304,NA,NA,NA
2495467,"Taiwan Jones","HOU","RB",31,8,10,0.136,0.0718,0.2182,0.0994535067255047,30,0.0156666666666667,11,0.1464,NA,28,0,2.42505903616636,NA,NA,NA
2561344,"Buddy Howell","HOU","RB",49,1,10,0.125666666666667,0.054,0.2052,0.0960225667920481,31,0.0370833333333333,11,0.1512,NA,25.1,0.5,2.94274282699397,NA,NA,NA
2560882,"Taylor Stallworth","NO","DL",49,1,9,0.12,0.12,0.12,NA,62,0.04,NA,0,NA,NA,NA,NA,NA,NA,NA
2550633,"Senorise Perry","BUF","RB",28,5,6,0.115,0.055,0.175,0.106066017177982,32,0.0589166666666667,11,0.12,NA,NA,NA,2.81352371624811,NA,NA,NA
2558017,"Vincent Taylor","BUF","DL",25,2,6,0.09,0.066,0.114,0.0424264068711929,63,0.0325,NA,0.048,NA,NA,NA,2.34524393422954,NA,NA,NA
2562676,"Jaquan Johnson","BUF","DB",NA,0,6,0.08,0.08,0.08,NA,75,0.015,15,0,NA,NA,NA,NA,NA,NA,NA
2558955,"Cody Hollister","TEN","WR",26,2,11,0.075,0.055,0.095,0.0353553390593274,44,NA,10,0.04,NA,NA,NA,1.89804545134151,NA,NA,NA
2561206,"J.T. Gray","NO","DB",49,1,9,0.075,0.047,0.103,0.0494974746830583,76,0.02,15,0.056,NA,NA,NA,2.86794160403878,NA,NA,NA
2560799,"Hercules Mata'afa","MIN","DL",NA,1,12,0.07,0.07,0.07,NA,64,0.0325,NA,0,NA,NA,NA,NA,NA,NA,NA
2556118,"Dwayne Washington","NO","RB",NA,3,9,0.0621666666666667,0.0419,0.0891,0.0328417924805168,33,0.0121666666666667,12,0.0472,NA,NA,NA,2.53973728585702,NA,NA,NA
2562746,"Jarrett Stidham","NE","QB",49,0,10,0.0573333333333333,-0.3048,0.316,0.44802380889115,17,0.0973333333333333,5,0.6208,NA,NA,NA,3.7804555230186,NA,NA,NA
2562946,"Marcus Epps","PHI","DB",NA,0,10,0.055,0.055,0.055,NA,77,NA,15,0,NA,NA,NA,NA,NA,NA,NA
2559033,"Ricky Ortiz","NO","RB",49,2,9,0.05,0.01,0.09,0.0707106781186548,34,NA,12,0.08,NA,NA,NA,2.68132959447607,NA,NA,NA
2562392,"Byron Cowart","NE","DL",NA,0,10,0.045,0.045,0.045,NA,65,0.015,NA,0,NA,NA,NA,NA,NA,NA,NA
2556551,"Joel Heath","FA","DL",26,3,NA,0.03,0.03,0.03,NA,66,NA,NA,0,NA,NA,NA,NA,NA,NA,NA
2555387,"Cody Kessler","NE","QB",26,3,10,-0.01,-0.026,0.006,0.0282842712474619,19,0.06,6,0.032,NA,NA,NA,2.11318892559094,NA,NA,NA
2539335,"Geno Smith","SEA","QB",29,6,11,-0.07,-0.086,-0.054,0.0282842712474619,20,NA,7,0.032,NA,NA,NA,2.11318892559094,NA,NA,NA
