"playerId","player","team","position","age","exp","bye","points","lower","upper","sdPts","positionRank","dropoff","tier","ptSpread","overallECR","positionECR","sdRank","risk","sleeper","actualPoints","salary"
2552475,"Todd Gurley","LAR","RB",23,2,8,20.8493333333333,17.9724,23.702,3.58138539301948,1,5.34416666666667,1,5.7296,NA,1,0,4.72482008109227,NA,NA,NA
2506340,"Alex Smith","KC","QB",33,12,10,17.8064666666667,16.21188,19.18788,1.91640639044367,1,0.0934333333333299,1,2.976,NA,2.1,1.4,9.48884691248733,NA,NA,NA
2495455,"Cam Newton","CAR","QB",28,6,11,17.7370666666667,16.05624,19.98424,2.74418181127514,2,0.755366666666667,1,3.928,NA,3.4,0.9,6.49898908575416,NA,NA,NA
2504775,"Drew Brees","NO","QB",38,16,5,17.689,17.32,18.0936,0.489604942785509,3,2.28626666666667,1,0.773600000000002,NA,2,1.1,4.86677519889447,NA,NA,NA
2555334,"Jared Goff","LAR","QB",23,1,8,16.2744,14.34664,17.73064,2.34848931868978,4,2.54953333333333,1,3.384,NA,2.9,1.1,7.5999740071213,NA,NA,NA
2557973,"Leonard Fournette","JAC","RB",21,0,8,15.9203333333333,13.9988,18.31,2.87881752345183,2,0.867000000000001,2,4.3112,NA,2.8,1.1,5.15277634332353,NA,NA,NA
2557917,"Kareem Hunt","KC","RB",22,0,10,15.09,13.628,17.076,2.43538497983378,3,0.859999999999999,2,3.448,NA,4.3,1.4,5.08924426035167,NA,NA,NA
2558019,"Alvin Kamara","NO","RB",21,0,5,15.0166666666667,13.974,16.262,1.49580524579015,4,1.7875,2,2.28799999999999,NA,3,0.9,3.9936152975542,NA,NA,NA
2543477,"Blake Bortles","JAC","QB",26,3,8,14.5310666666667,13.964,14.95056,0.694463399563528,5,1.83356666666667,2,0.986559999999997,NA,6.2,1.3,6.85077638547767,NA,NA,NA
2543583,"Devonta Freeman","ATL","RB",25,3,5,13.4433333333333,11.686,15.766,2.82853908110412,5,2.1585,2,4.08,NA,6.4,1.3,5.28603095139188,NA,NA,NA
2495466,"Mark Ingram","NO","RB",28,6,5,13.015,12.598,13.466,0.547471460443372,6,3.4795,3,0.867999999999997,NA,4.3,1,3.39944766765527,NA,NA,NA
310,"Matt Ryan","ATL","QB",32,9,5,12.9186666666667,11.106,14.8068,2.31876375108232,6,1.1492,2,3.7008,NA,5.5,1.2,8.39766163743298,NA,NA,NA
2552466,"Marcus Mariota","TEN","QB",24,2,8,12.4763333333333,11.408,13.2552,1.31363630177204,7,6.78533333333333,3,1.8472,NA,6.9,1,5.23699003228972,NA,NA,NA
100015,"Jaguars","JAC","DST",NA,NA,8,12.36,11.352,13.368,1.7819090885901,1,5.1675,1,2.016,NA,1.2,0.4,2.04130447329025,NA,NA,NA
2556370,"Michael Thomas","NO","WR",23,1,5,12.163,9.9718,14.9398,3.35387790475444,1,1.61283333333333,1,4.968,NA,1.7,0.8,6.3052000672161,NA,NA,NA
2495240,"Tyrod Taylor","BUF","QB",28,6,6,11.0626,9.87756,12.43756,1.65199161014819,8,10.7574,3,2.56,NA,7,1,5.73448860594954,NA,NA,NA
2556214,"Tyreek Hill","KC","WR",23,1,10,11.0143333333333,8.8634,13.3194,2.80492180520836,2,1.32633333333333,1,4.456,NA,2.2,0.7,5.47402496548934,NA,NA,NA
2540258,"Travis Kelce","KC","TE",28,4,10,10.92,9.0624,12.9184,2.4292031615326,1,4.23466666666667,1,3.856,NA,1.2,0.4,6.77216964550174,NA,NA,NA
2495454,"Julio Jones","ATL","WR",28,6,5,10.086,8.758,11.5356,1.75584965187797,3,0.932166666666667,1,2.7776,NA,2.3,1,4.60863591645701,NA,NA,NA
2558245,"Harrison Butker","KC","K",22,0,10,9.98582867783985,8.83995530726257,11.2221229050279,1.50167011705483,1,0.237100632949579,1,2.38216759776536,NA,2.1,0.9,5.06847627866189,NA,NA,NA
2556601,"Wil Lutz","NO","K",23,1,5,9.77510204081633,9.58702040816327,9.96318367346939,0.332484494664043,2,0.364401206810408,1,0.376163265306122,NA,1.6,1,3.8583263451681,NA,NA,NA
71309,"Graham Gano","CAR","K",30,8,11,9.72235404896422,8.27510734463277,11.6545423728814,2.35871071799483,3,0.881549636803873,1,3.37943502824859,NA,5.7,1,6.5203299093936,NA,NA,NA
2557997,"Christian McCaffrey","CAR","RB",21,0,11,9.55466666666667,8.1,10.9512,1.78643928901414,7,1.4215,4,2.8512,NA,7.3,0.6,3.94777880439777,NA,NA,NA
2556075,"Derrick Henry","TEN","RB",23,1,8,9.51633333333333,6.832,11.4632,3.30567093542799,8,3.077,4,4.6312,NA,7,1,5.37368398855436,NA,NA,NA
2552458,"Devin Funchess","CAR","WR",23,2,11,9.29,8.092,10.868,1.92018228301378,4,0.390833333333335,2,2.776,NA,5.6,0.9,4.66615839498872,NA,NA,NA
2553833,"Josh Lambo","JAC","K",27,2,8,9.09904761904762,8.97885714285714,9.21885714285714,0.150002267556557,4,1.17565461331031,1,0.24,NA,4.2,0.9,3.29269004532677,NA,NA,NA
2540169,"Robert Woods","LAR","WR",25,4,8,9.01766666666667,6.6838,11.8118,3.35634478761246,5,0.568666666666665,2,5.128,NA,3.9,0.7,6.16105147955324,NA,NA,NA
2532903,"Rishard Matthews","TEN","WR",28,5,8,8.78066666666667,6.5532,11.7932,3.68980627314407,6,0.9655,2,5.24,NA,9.9,1.6,7.90151539753431,NA,NA,NA
2504797,"Matt Bryant","ATL","K",42,15,5,8.58256120527307,8.20931073446328,8.98083615819209,0.485237609288427,5,1.69249578203807,2,0.771525423728814,NA,3.1,1,4.05900943321353,NA,NA,NA
2557895,"Dede Westbrook","JAC","WR",24,0,8,8.11733333333333,5.08,11.464,4.04581676961937,7,0.978999999999999,2,6.384,NA,12.1,0.8,7.16729751589501,NA,NA,NA
100016,"Chiefs","KC","DST",NA,NA,10,7.68,7.184,12.176,4.41234631460406,2,1.0825,1,4.992,NA,2.2,0.7,6.60144399387281,NA,NA,NA
2533040,"Mohamed Sanu","ATL","WR",28,5,5,7.513,5.533,10.053,3.07418688436471,8,1.03391666666667,2,4.52,NA,7.7,1.7,7.28172769277768,NA,NA,NA
2507374,"Steven Hauschka","BUF","K",NA,NA,6,7.26422480620155,6.46841860465116,7.97772093023256,0.959999368558623,6,2.50627178606732,3,1.5093023255814,NA,7.5,1,4.6827391435406,NA,NA,NA
2495139,"Charles Clay","BUF","TE",28,6,6,6.98133333333333,4.4988,10.2188,3.93092169005353,2,0.959166666666667,2,5.72,NA,4,0.4,9.01989744758166,NA,NA,NA
2557898,"Cooper Kupp","LAR","WR",24,0,8,6.76366666666667,6.25,7.4028,0.770006709927474,9,0.643250000000001,3,1.1528,NA,6,0.9,3.23313666801281,NA,NA,NA
2495207,"DeMarco Murray","TEN","RB",29,6,8,6.75,1.35,12.15,9.54594154601839,9,0.870333333333333,4,10.8,NA,12.6,2.5,11.1096002676566,NA,NA,NA
100022,"Saints","NO","DST",NA,NA,5,6.705,5.989,7.421,1.26572113832392,3,0.2425,2,1.432,NA,3.3,0.8,4.14427295125411,NA,NA,NA
89802,"Ryan Succop","TEN","K",31,8,8,6.51590604026846,5.76939597315436,7.07092617449664,0.913013895911388,7,5.01590604026846,3,1.30153020134228,NA,6.9,0.6,3.31742735241215,NA,NA,NA
100001,"Falcons","ATL","DST",NA,NA,5,6.49,5.762,7.218,1.28693434175952,4,0.1125,2,1.456,NA,7,0.8,4.16524246381727,NA,NA,NA
100004,"Panthers","CAR","DST",NA,NA,11,6.435,5.423,7.447,1.78898015640196,5,0.1325,2,2.024,NA,6.3,1,5.96813423631247,NA,NA,NA
2495700,"Greg Olsen","CAR","TE",32,10,11,6.38933333333333,6.0856,6.6776,0.371512225011955,3,1.66833333333333,2,0.592,NA,2.9,0.5,3.9053856621921,NA,NA,NA
100017,"Rams","LAR","DST",NA,NA,8,6.32,6.016,10.624,4.07293505963451,6,0.0975000000000001,2,4.608,NA,4.1,1,8.22585175561282,NA,NA,NA
100012,"Titans","TEN","DST",NA,NA,8,6.285,6.137,6.433,0.261629509039023,7,0.125,2,0.296,NA,7.4,0.8,3.15171602326449,NA,NA,NA
2543475,"Marqise Lee","JAC","WR",26,3,8,6.1945,5.4629,6.9261,1.2932983027902,10,0.292166666666667,3,1.4632,NA,14.7,2.5,6.24066769335404,NA,NA,NA
100003,"Bills","BUF","DST",NA,NA,6,6.16,6.048,6.272,0.197989898732233,8,NA,2,0.223999999999999,NA,4.6,1.2,5.70203410257578,NA,NA,NA
2552453,"Tevin Coleman","ATL","RB",24,2,5,6.12866666666667,4.5812,7.6852,1.94009931017289,10,0.864,5,3.104,NA,13.2,4.7,7.52723336669485,NA,NA,NA
2507166,"Ted Ginn","NO","WR",32,10,5,6.04633333333333,4.949,7.157,1.38030189934425,11,0.306833333333334,3,2.208,NA,9.5,1.4,4.7296235630312,NA,NA,NA
2543471,"Kelvin Benjamin","BUF","WR",26,3,6,5.75833333333333,4.552,7.268,1.82011217603018,12,0.487499999999999,3,2.716,NA,12.4,2,6.16092275570122,NA,NA,NA
2543457,"Sammy Watkins","LAR","WR",24,3,8,5.72066666666667,4.125,6.9402,1.9388167353655,13,1.27766666666667,3,2.8152,NA,8.3,1.7,5.86715227512215,NA,NA,NA
2495966,"Delanie Walker","TEN","TE",33,11,8,5.655,5.406,5.9844,0.401226868492129,4,2.20266666666667,2,0.578400000000001,NA,2,0.6,4.16296850746903,NA,NA,NA
949,"Jonathan Stewart","CAR","RB",30,9,11,5.63066666666667,4.1004,6.9724,1.84082626375585,11,1.174,5,2.872,NA,9.3,0.7,4.07132857030006,NA,NA,NA
79607,"LeSean McCoy","BUF","RB",29,8,6,4.89866666666667,1.7372,7.6652,3.80238679428242,12,1.12166666666667,5,5.928,NA,14.4,5.5,9.53717242642648,NA,NA,NA
2550353,"Allen Hurns","JAC","WR",26,3,8,4.821,3.5186,5.8146,1.58310233402645,14,0.790333333333333,4,2.296,NA,18.3,1.3,4.83507367936096,NA,NA,NA
2550272,"Albert Wilson","KC","WR",25,3,10,4.065,3.5702,4.7142,0.789285753070458,15,0.0991666666666671,4,1.144,NA,16,1.5,4.1404894227299,NA,NA,NA
2552647,"Marcus Murphy","BUF","RB",26,2,6,4.01466666666667,3.1232,4.944,1.14094931234185,13,0.574166666666667,6,1.8208,NA,20.4,7.6,9.40924070256922,NA,NA,NA
497284,"Eric Decker","TEN","WR",30,7,8,3.99633333333333,3.1272,4.864,1.0855046445471,16,0.351833333333333,4,1.7368,NA,17.3,1.8,4.951219517092,NA,NA,NA
2557848,"Corey Davis","TEN","WR",22,0,8,3.93533333333333,3.5292,4.2972,0.489474548197691,17,0.793,4,0.768,NA,14.8,1.1,3.17806149336969,NA,NA,NA
2555415,"Austin Hooper","ATL","TE",NA,1,5,3.787,2.882,4.4428,1.11476320355491,5,1.08483333333333,3,1.5608,NA,5.3,0.8,5.65718224839511,NA,NA,NA
2507428,"Mike Tolbert","BUF","RB",32,9,6,3.53933333333333,2.782,4.4684,1.11765886268277,14,0.4135,6,1.6864,NA,15.4,3.1,5.58461594970131,NA,NA,NA
2534436,"Deonte Thompson","BUF","WR",28,5,6,3.35366666666667,2.9138,3.853,0.600953686512807,18,0.757666666666667,5,0.939199999999999,NA,19,1.8,4.34750990358759,NA,NA,NA
2552471,"T.J. Yeldon","JAC","RB",24,2,8,3.34166666666667,2.076,4.464,1.52442065498121,15,1.00466666666667,6,2.388,NA,12.1,1.3,4.35258216099214,NA,NA,NA
2495888,"Marcedes Lewis","JAC","TE",33,11,8,3.11766666666667,2.326,3.7044,0.969044030647387,6,0.864333333333334,3,1.3784,NA,6.3,0.8,5.43907410760862,NA,NA,NA
2557430,"Sam Ficken","LAR","K",25,2,8,3,3,3,NA,8,3,3,0,NA,5.1,1.7,9.20100149228337,NA,NA,NA
2557863,"Zay Jones","BUF","WR",22,0,6,2.931,2.2304,3.468,0.850742616776661,19,0.7455,5,1.2376,NA,23.7,3.3,6.8670575704038,NA,NA,NA
2550268,"Charcandrick West","KC","RB",26,3,10,2.91,1.474,4.482,1.90291881066955,16,1.364,6,3.008,NA,13.2,1.8,5.04660578631393,NA,NA,NA
2555364,"Tyler Higbee","LAR","TE",24,1,8,2.28666666666667,2.068,2.484,0.264070697604512,7,0.0939999999999999,4,0.416,NA,6.8,1.1,5.02321145076717,NA,NA,NA
2550617,"Taylor Gabriel","ATL","WR",26,3,5,2.261,1.6346,3.0426,0.941970275539521,20,0.184333333333333,6,1.408,NA,23.8,1.1,3.74183299384126,NA,NA,NA
2541187,"Demetrius Harris","KC","TE",26,4,10,2.22,1.924,2.516,0.523259018078045,8,0.0680833333333331,4,0.592,NA,11.7,0.8,4.77183630806602,NA,NA,NA
497224,"Ed Dickson","CAR","TE",30,7,11,2.16533333333333,1.3312,2.8032,1.01339298070064,9,0.161416666666666,4,1.472,NA,12.4,2.1,8.27584331665106,NA,NA,NA
2552403,"Nick OLeary","BUF","TE",25,2,6,2.1385,2.1373,2.1397,0.00212132034355941,10,0.431083333333334,4,0.00239999999999974,NA,10.2,2.5,7.61462924545676,NA,NA,NA
2535966,"Brenton Bersin","CAR","WR",27,4,11,2.11,1.198,3.022,1.61220346110533,21,0.0714999999999999,6,1.824,NA,25.6,2.2,6.19633026874037,NA,NA,NA
2552418,"Justin Hardy","ATL","WR",26,2,5,2.04333333333333,0.952,3.152,1.37551202587739,22,0.093,6,2.2,NA,23.6,2.4,6.19587694059933,NA,NA,NA
2550328,"Brandon Coleman","NO","WR",25,3,5,2.03366666666667,1.4382,2.8062,0.937011383780012,23,0.200666666666667,6,1.368,NA,20.2,1.6,4.47176521097652,NA,NA,NA
2541834,"Josh Hill","NO","TE",27,4,5,1.86933333333333,0.7476,2.8676,1.35169572512949,11,0.349416666666667,4,2.12,NA,8.2,0.9,6.22492267436032,NA,NA,NA
2541944,"Russell Shepard","CAR","WR",27,4,11,1.867,1.1934,2.5614,0.856185143529132,24,0.100333333333334,6,1.368,NA,36.3,0.9,3.34050772564756,NA,NA,NA
2555478,"Demarcus Robinson","KC","WR",NA,1,10,1.799,1.2176,2.5,0.842290329993168,25,0.169583333333333,6,1.2824,NA,23.2,1.3,3.91208442256807,NA,NA,NA
2553650,"Corey Grant","JAC","RB",NA,NA,8,1.764,1.6152,1.9128,0.263043722601396,17,0.530333333333333,7,0.2976,NA,25.1,1.4,3.5343476510556,NA,NA,NA
2539336,"Tavon Austin","LAR","WR",26,4,8,1.73433333333333,1.1298,2.445,0.853513522642338,26,0.229416666666666,6,1.3152,NA,21.4,2.2,5.25106661395929,NA,NA,NA
2558207,"Jonnu Smith","TEN","TE",22,0,8,1.5455,0.5579,2.5331,1.74584664274959,12,0.357083333333333,4,1.9752,NA,9.6,1,7.02798293761752,NA,NA,NA
2557870,"Taywan Taylor","TEN","WR",NA,0,8,1.5245,0.8361,2.2129,1.21693077042205,27,0.0948333333333333,6,1.3768,NA,30.3,2,5.4094096130382,NA,NA,NA
2557889,"Gerald Everett","LAR","TE",23,0,8,1.49433333333333,0.8454,2.1974,0.853089288019334,13,0.728083333333333,5,1.352,NA,12.3,1,5.69173017877667,NA,NA,NA
2552651,"Kaelin Clay","CAR","WR",25,2,11,1.48533333333333,0.4696,2.6616,1.41340062732876,28,0.205333333333333,6,2.192,NA,26,3.3,7.56808198167227,NA,NA,NA
2555419,"Pharoh Cooper","LAR","WR",22,1,8,1.374,0.7812,1.9668,1.04793224971846,29,0.24075,6,1.1856,NA,32.4,2.4,5.78774017649294,NA,NA,NA
2552382,"Malcolm Brown","LAR","RB",24,2,8,1.328,0.456,2.3312,1.20593200471668,18,0.220333333333333,7,1.8752,NA,18.8,2,4.71696597647018,NA,NA,NA
2557034,"Marvin Hall","ATL","WR",24,1,5,1.186,0.6068,1.7652,1.02389061915812,30,0.10775,7,1.1584,NA,34.9,1,3.69667671502027,NA,NA,NA
2507999,"Chris Ivory","JAC","RB",29,7,8,1.13933333333333,0.4256,2.0976,1.1714611958291,19,0.0763333333333331,7,1.672,NA,14.4,1.3,4.09994438392676,NA,NA,NA
2556752,"Tommylee Lewis","NO","WR",25,1,5,1.0805,0.0169000000000002,2.1441,1.88019693117503,31,0.0338333333333334,7,2.1272,NA,32.3,2.6,7.11911598490908,NA,NA,NA
2543638,"DeAnthony Thomas","KC","WR",24,3,10,1.076,1.076,1.076,NA,32,0.131583333333333,7,0,NA,36,3.6,10.8229625804868,NA,NA,NA
2553762,"Terron Ward","ATL","RB",NA,NA,5,1.076,1.076,1.076,NA,20,0.0742499999999999,7,0,NA,25.6,2.5,5.88563595937787,NA,NA,NA
2550289,"David Fluellen","TEN","RB",25,3,8,1.05,0.0839999999999999,2.156,1.33,21,0.23975,7,2.072,NA,29,1.2,4.12880049374068,NA,NA,NA
2550256,"Willie Snead","NO","WR",25,3,5,1.01733333333333,0.3536,1.928,1.11985772905907,33,0.261083333333333,7,1.5744,NA,26.3,3.9,8.08568498929965,NA,NA,NA
2552375,"Cameron Artis-Payne","CAR","RB",25,2,11,0.9535,0.2843,1.6227,1.18298964492509,22,0.38775,7,1.3384,NA,21.8,2.5,5.12365054110081,NA,NA,NA
2540203,"Levine Toilolo","ATL","TE",26,4,5,0.8825,0.2805,1.4845,1.06419570568575,14,0.25675,5,1.204,NA,13.3,1.3,6.64702855210495,NA,NA,NA
81306,"Brandon Tate","BUF","WR",30,8,6,0.8715,0.5687,1.1743,0.535279833358216,34,0.2735,7,0.6056,NA,30.8,0.7,2.64624255189632,NA,NA,NA
2540037,"Fozzy Whittaker","CAR","RB",28,5,11,0.667,0.667,0.667,NA,23,0.235,8,0,NA,21.5,2.2,5.3779087395504,NA,NA,NA
2553451,"Neal Sterling","NYJ","TE",NA,NA,11,0.65,0.65,0.65,NA,15,0.12625,6,0,NA,NA,NA,NA,NA,NA,NA
2556381,"Mike Thomas","LAR","WR",23,1,8,0.641,0.641,0.641,NA,35,0.16625,7,0,NA,39.3,1.2,3.7563010326486,NA,NA,NA
497246,"Michael Hoomanawanui","NO","TE",29,7,5,0.6015,0.3227,0.8803,0.492853426487024,16,0.163,6,0.5576,NA,15.9,0.3,3.66079188304167,NA,NA,NA
2540279,"Nick Williams","ATL","WR",27,4,5,0.555,0.551,0.559,0.00707106781186548,36,0.22,7,0.00800000000000001,NA,NA,NA,1.69219811018853,NA,NA,NA
2495340,"Anthony Sherman","KC","RB",29,6,10,0.4645,0.3409,0.5881,0.218495995386643,24,0.0735,8,0.2472,NA,18,2.4,4.34867375928756,NA,NA,NA
2495234,"Luke Stocker","TEN","TE",29,6,8,0.446,0.2652,0.6268,0.31961226509632,17,0.0595,6,0.3616,NA,20,0,2.76216910347305,NA,NA,NA
2558023,"Eric Saubert","ATL","TE",23,0,5,0.431,0.2622,0.5998,0.298399061660723,18,0.095,6,0.3376,NA,NA,NA,3.58327069478454,NA,NA,NA
2535708,"Lance Dunbar","LAR","RB",27,5,8,0.3995,0.3991,0.3999,0.000707106781186548,25,0.06425,8,0.000800000000000023,NA,16.9,1.9,3.76968099923045,NA,NA,NA
2558194,"Josh Reynolds","LAR","WR",22,0,8,0.3945,0.3269,0.4621,0.119501046020527,37,0.1205,8,0.1352,NA,29.4,0.5,1.83377302980466,NA,NA,NA
497204,"C.J. Spiller","KC","RB",30,7,10,0.3825,0.2605,0.5045,0.215667568261897,26,0.112,8,0.244,NA,NA,NA,2.97690495948084,NA,NA,NA
2535535,"Phillip Supernaw","TEN","TE",27,5,8,0.342,0.2044,0.4796,0.243244732728172,19,0.027,6,0.2752,NA,NA,NA,3.41816396380632,NA,NA,NA
2553552,"Khari Lee","BUF","TE",NA,NA,6,0.33,0.33,0.33,NA,20,0.0415,6,0,NA,NA,NA,NA,NA,NA,NA
2505982,"Matt Schaub","ATL","QB",36,13,5,0.3194,0.0862800000000001,0.55252,0.41210183207552,9,0.0411,4,0.46624,NA,NA,NA,4.36193128371563,NA,NA,NA
2533047,"Orson Charles","KC","TE",26,5,10,0.3,0.3,0.3,NA,21,0.03,6,0,NA,18,0,1.87756492332378,NA,NA,NA
2558125,"Patrick Mahomes","KC","QB",NA,0,10,0.291,0.291,0.291,NA,10,0.088,4,0,NA,NA,NA,NA,NA,NA,NA
2539303,"Zach Line","NO","RB",27,4,5,0.288,0.1856,0.3904,0.181019335983756,27,0.05625,8,0.2048,NA,20.3,2.8,4.66033390559901,NA,NA,NA
2552396,"Ben Koyack","JAC","TE",24,2,8,0.277,0.273,0.281,0.00707106781186548,22,0.0205,6,0.00800000000000001,NA,19,0,2.29436669903476,NA,NA,NA
2557866,"Jehu Chesson","KC","WR",24,0,10,0.2755,0.2391,0.3119,0.0643467170879758,38,0.054,9,0.0728,NA,37.1,1.5,3.23727654497048,NA,NA,NA
222,"Harry Douglas","TEN","WR",33,9,8,0.2725,0.1249,0.4201,0.260922402257836,39,0.13225,9,0.2952,NA,NA,NA,2.3247528021766,NA,NA,NA
81284,"Chase Daniel","NO","QB",31,8,5,0.2656,0.05632,0.47488,0.369958267916802,11,0.1411,4,0.41856,NA,NA,NA,4.2380002411762,NA,NA,NA
2534241,"Derek Carrier","LAR","TE",27,5,8,0.263,0.2526,0.2734,0.0183847763108503,23,0.023,6,0.0208,NA,16.9,0.3,2.9506212645392,NA,NA,NA
2559325,"Trey Edmunds","NO","RB",NA,NA,5,0.253,0.253,0.253,NA,28,0.07275,8,0,NA,NA,NA,NA,NA,NA,NA
2553318,"James OShaughnessy","FA","TE",NA,NA,NA,0.25,0.25,0.25,NA,24,0.0725,7,0,NA,NA,NA,NA,NA,NA,NA
2543767,"Logan Thomas","BUF","TE",26,3,6,0.23,0.23,0.23,NA,25,0.122,7,0,NA,NA,NA,NA,NA,NA,NA
2555227,"Jonathan Williams","NO","RB",23,1,5,0.2105,0.0421,0.3789,0.297691954879537,29,0.06125,8,0.3368,NA,31.7,0.5,2.79755698505848,NA,NA,NA
497320,"Andre Roberts","ATL","WR",29,7,5,0.1705,0.0909,0.2501,0.140714249456123,40,0.06575,9,0.1592,NA,39.3,0.5,1.86020289158689,NA,NA,NA
2559163,"Justin Davis","LAR","RB",NA,0,8,0.15,0.046,0.254,0.183847763108502,30,0.0255,9,0.208,NA,30.6,0.5,2.7160707327565,NA,NA,NA
2540225,"Tommy Bohanon","JAC","RB",27,4,8,0.1485,0.0297,0.2673,0.210010714012405,31,0.05725,9,0.2376,NA,21.1,1.7,3.75025182666717,NA,NA,NA
2552576,"Sean Mannion","LAR","QB",25,2,8,0.1404,0.03768,0.24312,0.181585021408705,12,0.0413,4,0.20544,NA,NA,NA,3.68405343358383,NA,NA,NA
2552622,"Chris Manhertz","CAR","TE",NA,NA,11,0.125,0.025,0.225,0.176776695296637,26,0.034,7,0.2,NA,NA,NA,3.21918918544795,NA,NA,NA
497270,"Arrelious Benn","JAC","WR",29,7,8,0.11,0.11,0.11,NA,41,0.06025,10,0,NA,NA,NA,NA,NA,NA,NA
2506562,"Matt Cassel","TEN","QB",35,12,8,0.1086,0.06652,0.15068,0.0743876333808248,13,0.03015,4,0.08416,NA,NA,NA,3.36881943947346,NA,NA,NA
2530763,"Patrick DiMarco","BUF","RB",28,6,6,0.1005,0.1001,0.1009,0.000707106781186548,32,0.0195,9,0.000799999999999995,NA,24.2,1.3,3.26195377940299,NA,NA,NA
2507029,"Eric Weems","TEN","WR",32,10,8,0.0995,0.0407,0.1583,0.103944696834422,42,0.0995,10,0.1176,NA,NA,NA,1.93359084779958,NA,NA,NA
2557033,"Garrett Griffin","NO","TE",NA,NA,5,0.091,0.091,0.091,NA,27,NA,7,0,NA,NA,NA,NA,NA,NA,NA
2558191,"Nathan Peterman","BUF","QB",23,0,6,0.0896,0.03072,0.14848,0.10408611819066,14,0.02555,4,0.11776,NA,NA,NA,3.45615339562541,NA,NA,NA
2534871,"Derrick Coleman","ATL","RB",27,5,5,0.082,0.0164,0.1476,0.115965512114594,33,0.042,9,0.1312,NA,29.6,0.5,2.66748265684973,NA,NA,NA
2552464,"Jalston Fowler","FA","RB",NA,NA,NA,0.08,0.08,0.08,NA,34,0.08,9,0,NA,NA,NA,NA,NA,NA,NA
252,"Chad Henne","JAC","QB",32,9,8,0.0673,0.01666,0.11794,0.0895197184982169,15,0.0369,4,0.10128,NA,NA,NA,3.41331816951279,NA,NA,NA
2506546,"Derek Anderson","CAR","QB",34,12,11,0.0608,0.02176,0.09984,0.069013621843807,16,0.0608,4,0.07808,NA,NA,NA,3.35301615216978,NA,NA,NA
1037347,"Joe Webb","BUF","QB",31,7,6,0,0,0,0,17,0,5,0,NA,NA,NA,3.15006867311192,NA,NA,NA
2504162,"Shayne Graham","FA","K",NA,NA,NA,0,0,0,NA,9,0,0,0,NA,NA,NA,NA,NA,NA,NA
2506147,"John Kuhn","FA","RB",35,11,NA,0,0,0,NA,35,0,0,0,NA,NA,NA,NA,NA,NA,NA
2532970,"Brandon Weeden","TEN","QB",34,5,8,0,0,0,0,17,0,4,0,NA,NA,NA,3.15006867311192,NA,NA,NA
2534870,"Alex Tanney","FA","QB",30,5,NA,0,0,0,NA,17,0,4,0,NA,NA,NA,NA,NA,NA,NA
2534889,"Matt Simms","FA","QB",29,5,NA,0,0,0,NA,17,0,4,0,NA,NA,NA,NA,NA,NA,NA
2535696,"Joe Banyard","BUF","RB",29,5,6,0,0,0,NA,35,0,0,0,NA,NA,NA,NA,NA,NA,NA
2539961,"Ryan Nassib","FA","QB",27,4,NA,0,0,0,NA,17,0,4,0,NA,NA,NA,NA,NA,NA,NA
2540173,"Tyler Bray","KC","QB",26,4,10,0,0,0,NA,17,0,4,0,NA,NA,NA,NA,NA,NA,NA
2542060,"Jordan Gay","FA","K",NA,NA,NA,0,0,0,NA,9,0,0,0,NA,NA,NA,NA,NA,NA,NA
2549982,"Garrett Gilbert","CAR","QB",26,3,11,0,0,0,NA,17,0,4,0,NA,NA,NA,NA,NA,NA,NA
2550546,"Philly Brown","FA","WR",26,3,NA,0,0,0,NA,43,0,10,0,NA,NA,NA,NA,NA,NA,NA
2552425,"Rashad Greene","JAC","WR",25,2,8,0,0,0,NA,43,0,10,0,NA,NA,NA,NA,NA,NA,NA
2552463,"Jaelen Strong","FA","WR",23,2,NA,0,0,0,NA,43,NA,10,0,NA,NA,NA,NA,NA,NA,NA
2553112,"Jason Myers","FA","K",NA,NA,NA,0,0,0,NA,9,0,0,0,NA,NA,NA,NA,NA,NA,NA
2553660,"Akeem Hunt","KC","RB",24,2,10,0,0,0,NA,35,NA,9,0,NA,24.8,3.5,7.57806002546943,NA,NA,NA
2555365,"Brandon Allen","LAR","QB",25,1,8,0,0,0,NA,17,0,4,0,NA,NA,NA,NA,NA,NA,NA
2555408,"Roberto Aguayo","FA","K",23,1,NA,0,0,0,NA,9,NA,0,0,NA,NA,NA,NA,NA,NA,NA
2558016,"Brad Kaaya","IND","QB",22,0,11,0,0,0,NA,17,0,4,0,NA,NA,NA,NA,NA,NA,NA
2558954,"Taysom Hill","NO","QB",27,0,5,0,0,0,0,17,NA,4,0,NA,NA,NA,3.15006867311192,NA,NA,NA
