"playerId","player","team","position","age","exp","bye","points","lower","upper","sdPts","positionRank","dropoff","tier","ptSpread","overallECR","positionECR","sdRank","risk","sleeper","actualPoints","salary"
2506363,"Aaron Rodgers","GB","QB",33,11,4,22.046,19.7668,24.8528,2.81684255861062,1,2.5937,1,5.08599999999999,NA,NA,NA,8.4471094566838,NA,NA,NA
310,"Matt Ryan","ATL","QB",31,8,11,19.8398,18.9416,20.6528,0.925800302441084,2,1.3904,2,1.7112,NA,NA,NA,5.02378032591008,NA,NA,NA
2504211,"Tom Brady","NE","QB",39,16,9,19.0648,17.1472,21.41,2.36532052796233,3,1.4878,2,4.2628,NA,NA,NA,7.62972501397159,NA,NA,NA
2553435,"David Johnson","ARI","RB",25,1,9,18.47,18.47,18.47,NA,1,1.97125,1,0,NA,NA,NA,NA,NA,NA,NA
2540175,"LeVeon Bell","PIT","RB",24,3,8,18.0775,17.538,18.803,0.731408458614837,2,3.368,1,1.265,NA,NA,NA,4.25295986320912,NA,NA,NA
2532975,"Russell Wilson","SEA","QB",28,4,5,17.834,17.834,17.834,NA,4,0.867000000000001,2,0,NA,NA,NA,NA,NA,NA,NA
2504775,"Drew Brees","NO","QB",37,15,5,17.32,17.32,17.32,NA,5,1.039,0,0,NA,NA,NA,NA,NA,NA,NA
2533031,"Andrew Luck","IND","QB",27,4,10,16.614,16.614,16.614,NA,6,0.802000000000001,0,0,NA,NA,NA,NA,NA,NA,NA
2532820,"Kirk Cousins","WAS","QB",28,4,9,15.948,15.948,15.948,NA,7,0.555,0,0,NA,NA,NA,NA,NA,NA,NA
79860,"Matthew Stafford","DET","QB",28,7,10,15.676,15.676,15.676,NA,8,0.767999999999997,0,0,NA,NA,NA,NA,NA,NA,NA
2552033,"Jameis Winston","TB","QB",22,1,6,15.11,15.11,15.11,NA,9,0.823000000000002,3,0,NA,NA,NA,NA,NA,NA,NA
79607,"LeSean McCoy","BUF","RB",28,7,10,14.92,14.92,14.92,NA,3,1.5405,0,0,NA,NA,NA,NA,NA,NA,NA
2543477,"Blake Bortles","JAC","QB",25,2,5,14.706,14.706,14.706,NA,10,0.9985,3,0,NA,NA,NA,NA,NA,NA,NA
2543583,"Devonta Freeman","ATL","RB",24,2,11,14.499,13.46,15.483,0.994374175046798,4,2.339,0,2.023,NA,NA,NA,4.79440494132835,NA,NA,NA
497095,"Sam Bradford","MIN","QB",29,6,6,13.868,13.868,13.868,NA,11,0.326500000000001,3,0,NA,NA,NA,NA,NA,NA,NA
2506109,"Ben Roethlisberger","PIT","QB",34,12,8,13.547,11.4702,15.4542,2.16889188296697,12,0.122,3,3.984,NA,NA,NA,7.27413280002862,NA,NA,NA
2505245,"Carson Palmer","ARI","QB",37,13,9,13.536,13.536,13.536,NA,13,0.455999999999998,3,0,NA,NA,NA,NA,NA,NA,NA
2506121,"Philip Rivers","SD","QB",35,12,11,13.314,13.314,13.314,NA,14,0.674000000000001,3,0,NA,NA,NA,NA,NA,NA,NA
2508061,"Antonio Brown","PIT","WR",28,6,8,13.28,11.572,15.116,1.99586238670572,1,0.484333333333334,1,3.544,NA,NA,NA,6.32490230833734,NA,NA,NA
100020,"Vikings","MIN","DST",NA,NA,6,12.9,12.9,12.9,NA,1,0.65,1,0,NA,NA,NA,NA,NA,NA,NA
2543468,"Mike Evans","TB","WR",23,2,6,12.89,12.89,12.89,NA,2,0.684333333333333,1,0,NA,NA,NA,NA,NA,NA,NA
382,"Joe Flacco","BAL","QB",31,8,8,12.846,12.846,12.846,NA,15,6.48333333333333,0,0,NA,NA,NA,NA,NA,NA,NA
2495454,"Julio Jones","ATL","WR",27,5,11,12.7013333333333,11.756,13.5933333333333,0.919131836753212,3,1.46766666666667,1,1.83733333333333,NA,NA,NA,4.36950078367297,NA,NA,NA
2495143,"Andy Dalton","CIN","QB",29,5,9,12.434,12.434,12.434,NA,16,12.2353333333333,4,0,NA,NA,NA,NA,NA,NA,NA
100026,"Cardinals","ARI","DST",NA,NA,9,12.4,12.4,12.4,NA,2,0.750000000000002,1,0,NA,NA,NA,NA,NA,NA,NA
2495328,"Bilal Powell","NYJ","RB",28,5,11,12.26,12.26,12.26,NA,5,0.205,0,0,NA,NA,NA,NA,NA,NA,NA
100016,"Chiefs","KC","DST",NA,NA,5,12.1,12.1,12.1,NA,3,0.950000000000001,0,0,NA,NA,NA,NA,NA,NA,NA
2555418,"Jordan Howard","CHI","RB",22,0,9,12.06,12.06,12.06,NA,6,0.0499999999999972,0,0,NA,NA,NA,NA,NA,NA,NA
2495207,"DeMarco Murray","TEN","RB",28,5,13,12.05,12.05,12.05,NA,7,0.0899999999999999,0,0,NA,NA,NA,NA,NA,NA,NA
2506404,"Frank Gore","IND","RB",33,11,10,11.97,11.97,11.97,NA,8,0.32375,0,0,NA,NA,NA,NA,NA,NA,NA
2495471,"Jacquizz Rodgers","TB","RB",26,5,6,11.95,11.95,11.95,NA,9,0.77875,0,0,NA,NA,NA,NA,NA,NA,NA
2532865,"T.Y. Hilton","IND","WR",27,4,10,11.71,11.71,11.71,NA,4,1.17133333333333,2,0,NA,NA,NA,NA,NA,NA,NA
2552453,"Tevin Coleman","ATL","RB",23,1,11,11.3425,9.419,13.36,2.24586100786907,10,0.492499999999998,0,3.941,NA,NA,NA,7.37120999088681,NA,NA,NA
100030,"Seahawks","SEA","DST",NA,NA,5,11.2,11.2,11.2,NA,4,0.199999999999999,0,0,NA,NA,NA,NA,NA,NA,NA
100002,"Ravens","BAL","DST",NA,NA,8,11.1,11.1,11.1,NA,5,0.35,0,0,NA,NA,NA,NA,NA,NA,NA
2552475,"Todd Gurley","LA","RB",22,1,8,11,11,11,NA,11,0.3185,0,0,NA,NA,NA,NA,NA,NA,NA
100006,"Bengals","CIN","DST",NA,NA,9,10.9,10.9,10.9,NA,6,0.4,0,0,NA,NA,NA,NA,NA,NA,NA
238498,"Julian Edelman","NE","WR",30,7,9,10.7573333333333,9.09,12.958,2.14070393406779,5,0.469833333333332,2,3.868,NA,NA,NA,6.58794247429068,NA,NA,NA
2552582,"Jay Ajayi","MIA","RB",23,1,8,10.7,10.7,10.7,NA,12,0.1685,0,0,NA,NA,NA,NA,NA,NA,NA
497149,"LeGarrette Blount","NE","RB",30,6,9,10.663,8.792,11.976,1.66428513182087,13,0.468,0,3.184,NA,NA,NA,6.17374820799068,NA,NA,NA
100003,"Bills","BUF","DST",NA,NA,10,10.6,10.6,10.6,NA,7,0.600000000000001,0,0,NA,NA,NA,NA,NA,NA,NA
100021,"Patriots","NE","DST",NA,NA,9,10.4,9.8,10.92,0.721110255092797,8,1.75,0,1.12,NA,NA,NA,3.94245817510562,NA,NA,NA
2541161,"Latavius Murray","OAK","RB",26,3,10,10.4,10.4,10.4,NA,14,0.654999999999999,0,0,NA,NA,NA,NA,NA,NA,NA
2530747,"Doug Baldwin","SEA","WR",28,5,5,10.32,10.32,10.32,NA,6,0.0775000000000006,2,0,NA,NA,NA,NA,NA,NA,NA
2504797,"Matt Bryant","ATL","K",41,14,11,10.2823529411765,9.52117647058824,11.1105882352941,0.843733259477655,1,1.30287925696594,1,1.58941176470588,NA,NA,NA,4.0690534340579,NA,NA,NA
2495448,"Randall Cobb","GB","WR",26,5,4,10.255,8.8355,12.6185,2.53549797870162,7,0.424999999999999,2,3.783,NA,NA,NA,7.30491003580311,NA,NA,NA
2543498,"Brandin Cooks","NO","WR",23,2,5,10.23,10.23,10.23,NA,8,0.805,2,0,NA,NA,NA,NA,NA,NA,NA
949,"Jonathan Stewart","CAR","RB",29,8,7,9.99,9.99,9.99,NA,15,0.546249999999999,0,0,NA,NA,NA,NA,NA,NA,NA
100013,"Texans","HOU","DST",NA,NA,9,9.6,9.6,9.6,NA,9,2.1,0,0,NA,NA,NA,NA,NA,NA,NA
2543600,"Alfred Blue","HOU","RB",25,2,9,9.5,9.5,9.5,NA,16,2.77,0,0,NA,NA,NA,NA,NA,NA,NA
2507232,"Mason Crosby","GB","K",32,9,4,9.44,6.88,12.2,2.73207796374847,2,1.7490977443609,1,5.32,NA,NA,NA,7.87201468424513,NA,NA,NA
497326,"Golden Tate","DET","WR",28,6,10,9.43,9.43,9.43,NA,9,0.0150000000000023,0,0,NA,NA,NA,NA,NA,NA,NA
2506106,"Larry Fitzgerald","ARI","WR",33,12,9,9.42,9.42,9.42,NA,10,0.129999999999999,0,0,NA,NA,NA,NA,NA,NA,NA
497322,"Emmanuel Sanders","DEN","WR",29,6,11,9.41,9.41,9.41,NA,11,0.289999999999999,0,0,NA,NA,NA,NA,NA,NA,NA
2495469,"Dion Lewis","NE","RB",26,5,9,9.3875,6.797,12.512,3.16633726356916,17,5.73,0,5.715,NA,NA,NA,9.26646593883614,NA,NA,NA
2541785,"Adam Thielen","MIN","WR",26,2,6,9.17,9.17,9.17,NA,12,0.150000000000002,0,0,NA,NA,NA,NA,NA,NA,NA
2543509,"Allen Robinson","JAC","WR",23,2,5,9.07,9.07,9.07,NA,13,0.285,0,0,NA,NA,NA,NA,NA,NA,NA
2553913,"Tyrell Williams","SD","WR",NA,NA,11,8.97,8.97,8.97,NA,14,0.6,3,0,NA,NA,NA,NA,NA,NA,NA
2540258,"Travis Kelce","KC","TE",27,3,5,8.75,8.75,8.75,NA,1,1.245,1,0,NA,NA,NA,NA,NA,NA,NA
2533039,"Alshon Jeffery","CHI","WR",26,4,9,8.6,8.6,8.6,NA,15,0.845000000000001,3,0,NA,NA,NA,NA,NA,NA,NA
2506922,"Stephen Gostkowski","NE","K",32,10,9,8.51894736842105,7.29052631578947,9.67684210526316,1.1753622651309,3,3.53751879699248,2,2.38631578947368,NA,NA,NA,4.73692527709854,NA,NA,NA
497328,"Demaryius Thomas","DEN","WR",29,6,11,8.14,8.14,8.14,NA,16,0.796250000000001,3,0,NA,NA,NA,NA,NA,NA,NA
2543486,"Ryan Shazier","PIT","LB",24,2,8,7.85,7.85,7.85,NA,1,0.799999999999999,1,0,NA,NA,NA,NA,NA,NA,NA
100031,"Buccaneers","TB","DST",NA,NA,6,7.7,7.7,7.7,NA,10,0.649999999999999,0,0,NA,NA,NA,NA,NA,NA,NA
2495438,"Kyle Rudolph","MIN","TE",27,5,6,7.64,7.64,7.64,NA,2,0.279999999999999,1,0,NA,NA,NA,NA,NA,NA,NA
1032,"Jordy Nelson","GB","WR",31,8,4,7.37,4.072,11.008,3.82363701206064,17,0.180000000000001,3,6.936,NA,NA,NA,9.64424092032293,NA,NA,NA
497236,"Jimmy Graham","SEA","TE",30,6,5,7.37,7.37,7.37,NA,3,0.0700000000000003,0,0,NA,NA,NA,NA,NA,NA,NA
2495700,"Greg Olsen","CAR","TE",31,9,7,7.35,7.35,7.35,NA,4,0.165,0,0,NA,NA,NA,NA,NA,NA,NA
2550617,"Taylor Gabriel","ATL","WR",25,2,11,7.3175,6.139,8.674,1.40526094848371,18,0.71125,3,2.535,NA,NA,NA,5.25233781871713,NA,NA,NA
100009,"Broncos","DEN","DST",NA,NA,11,7.3,7.3,7.3,NA,11,0.55,0,0,NA,NA,NA,NA,NA,NA,NA
2495762,"Lawrence Timmons","PIT","LB",30,9,8,7.3,7.3,7.3,NA,2,1.1,1,0,NA,NA,NA,NA,NA,NA,NA
2540158,"Zach Ertz","PHI","TE",26,3,4,7.25,7.25,7.25,NA,5,0.215999999999999,0,0,NA,NA,NA,NA,NA,NA,NA
2495966,"Delanie Walker","TEN","TE",32,10,13,7.12,7.12,7.12,NA,6,0.295000000000002,0,0,NA,NA,NA,NA,NA,NA,NA
2543495,"Davante Adams","GB","WR",24,2,4,7.0625,3.768,10.691,3.77458496614749,19,1.18625,3,6.923,NA,NA,NA,9.55515972413071,NA,NA,NA
71265,"Jared Cook","GB","TE",29,7,4,6.948,4.782,10.224,2.97328437926815,7,0.291999999999999,0,5.442,NA,NA,NA,7.7315052127166,NA,NA,NA
2550545,"Chris Boswell","PIT","K",27,2,8,6.86285714285714,6.35142857142857,7.29428571428571,0.472790241275027,4,3.91285714285714,3,0.942857142857143,NA,NA,NA,3.32200660459843,NA,NA,NA
100008,"Cowboys","DAL","DST",NA,NA,7,6.8,6.8,6.8,NA,12,0.300000000000001,0,0,NA,NA,NA,NA,NA,NA,NA
2555162,"Deion Jones","ATL","LB",22,0,11,6.8,6.8,6.8,NA,3,1.475,1,0,NA,NA,NA,NA,NA,NA,NA
1062,"Martellus Bennett","NE","TE",29,8,9,6.702,5.192,8.692,1.97185699278624,8,0.191999999999999,0,3.5,NA,NA,NA,6.07197752340389,NA,NA,NA
100032,"Redskins","WAS","DST",NA,NA,9,6.7,6.7,6.7,NA,13,0.45,0,0,NA,NA,NA,NA,NA,NA,NA
2543466,"Eric Ebron","DET","TE",23,2,10,6.61,6.61,6.61,NA,9,0.54,0,0,NA,NA,NA,NA,NA,NA,NA
2505299,"Antonio Gates","SD","TE",36,13,11,6.41,6.41,6.41,NA,10,0.701250000000001,0,0,NA,NA,NA,NA,NA,NA,NA
2540162,"Logan Ryan","NE","DB",25,3,9,6.4,6.4,6.4,NA,1,0.649999999999999,1,0,NA,NA,NA,NA,NA,NA,NA
100027,"Steelers","PIT","DST",NA,NA,8,6.3,5.42,10.54,3.53459097114975,14,0.425,0,5.12,NA,NA,NA,7.73391760531417,NA,NA,NA
100012,"Titans","TEN","DST",NA,NA,13,6.2,6.2,6.2,NA,15,0.725000000000001,0,0,NA,NA,NA,NA,NA,NA,NA
2552429,"Ty Montgomery","GB","WR",23,1,4,6.15,3.558,8.822,3.29455611577645,20,1.03625,3,5.264,NA,NA,NA,8.68340109710947,NA,NA,NA
2555543,"Keanu Neal","ATL","DB",NA,0,11,5.95,5.95,5.95,NA,2,0.425,1,0,NA,NA,NA,NA,NA,NA,NA
2543721,"C.J. Fiedorowicz","HOU","TE",25,2,9,5.73,5.73,5.73,NA,11,0.076249999999999,0,0,NA,NA,NA,NA,NA,NA,NA
2552633,"Jesse James","PIT","TE",22,1,8,5.6875,3.1,9.033,3.41473644663831,12,0.2575,0,5.933,NA,NA,NA,8.46306292643041,NA,NA,NA
2495139,"Charles Clay","BUF","TE",27,5,10,5.62,5.62,5.62,NA,13,0.535,0,0,NA,NA,NA,NA,NA,NA,NA
2533040,"Mohamed Sanu","ATL","WR",27,4,11,5.6025,4.6755,6.4975,0.998669948815256,21,1.13083333333333,3,1.822,NA,NA,NA,4.51394634212945,NA,NA,NA
2552314,"Jake Ryan","GB","LB",24,1,4,5.6,5.6,5.6,NA,4,0.625,0,0,NA,NA,NA,NA,NA,NA,NA
2550613,"Malcolm Butler","NE","DB",26,2,9,5.55,5.55,5.55,NA,3,0.0500000000000007,0,0,NA,NA,NA,NA,NA,NA,NA
100011,"Packers","GB","DST",NA,NA,4,5.55,4.63,6.47,1.62634559672906,16,0.15,0,1.84,NA,NA,NA,5.16235744543543,NA,NA,NA
238227,"Mike Mitchell","PIT","DB",29,7,8,5.5,5.5,5.5,NA,4,0.125,0,0,NA,NA,NA,NA,NA,NA,NA
2552389,"Damarious Randall","GB","DB",24,1,4,5.5,5.5,5.5,NA,4,0.325,0,0,NA,NA,NA,NA,NA,NA,NA
100001,"Falcons","ATL","DST",NA,NA,11,5.4,5.32,5.48,0.14142135623731,17,NA,0,0.159999999999999,NA,NA,NA,3.16126677414478,NA,NA,NA
494287,"Devin McCourty","NE","DB",29,6,9,5.25,5.25,5.25,NA,6,0.4,0,0,NA,NA,NA,NA,NA,NA,NA
497254,"Dennis Pitta","BAL","TE",31,6,8,5.24,5.24,5.24,NA,14,0.385,0,0,NA,NA,NA,NA,NA,NA,NA
2543850,"Ricardo Allen","ATL","DB",25,2,11,5.1,5.1,5.1,NA,7,0.65,0,0,NA,NA,NA,NA,NA,NA,NA
2555255,"DeVondre Campbell","ATL","LB",23,0,11,5.05,5.05,5.05,NA,5,0.175,0,0,NA,NA,NA,NA,NA,NA,NA
1060,"Gary Barnidge","CLE","TE",31,8,13,4.93,4.93,4.93,NA,15,1.1075,0,0,NA,NA,NA,NA,NA,NA,NA
80431,"Clay Matthews","GB","LB",30,7,4,4.9,4.9,4.9,NA,6,0.15,0,0,NA,NA,NA,NA,NA,NA,NA
2533057,"Donta Hightower","NE","LB",26,4,9,4.85,4.85,4.85,NA,7,0.375,0,0,NA,NA,NA,NA,NA,NA,NA
2540160,"Jordan Reed","WAS","TE",26,3,9,4.78,4.78,4.78,NA,16,1.9425,0,0,NA,NA,NA,NA,NA,NA,NA
2550262,"Joe Thomas","GB","LB",NA,NA,4,4.65,4.65,4.65,NA,8,0.4,0,0,NA,NA,NA,NA,NA,NA,NA
2530515,"Chris Hogan","NE","WR",28,5,9,4.625,3.971,5.231,0.692074177141921,22,0.635833333333333,3,1.26,NA,NA,NA,3.95715166456399,NA,NA,NA
2555344,"Artie Burns","PIT","DB",21,0,8,4.6,4.6,4.6,NA,8,0.3,0,0,NA,NA,NA,NA,NA,NA,NA
2552278,"Trey Flowers","NE","DL",23,1,9,4.35,4.35,4.35,NA,1,0.824999999999999,1,0,NA,NA,NA,NA,NA,NA,NA
2553737,"Eli Rogers","PIT","WR",NA,NA,8,4.31833333333333,3.762,4.718,0.687065013905769,23,0.669583333333335,4,0.956,NA,NA,NA,3.94805475036415,NA,NA,NA
71251,"Patrick Chung","NE","DB",29,7,9,4.3,4.3,4.3,NA,9,0.25,0,0,NA,NA,NA,NA,NA,NA,NA
496727,"Morgan Burnett","GB","DB",27,6,4,4.3,4.3,4.3,NA,9,0.524999999999999,0,0,NA,NA,NA,NA,NA,NA,NA
2504844,"James Harrison","PIT","LB",38,14,8,4.3,4.3,4.3,NA,9,0.225,0,0,NA,NA,NA,NA,NA,NA,NA
2552301,"Vic Beasley","ATL","LB",24,1,11,4.2,4.2,4.2,NA,10,0.425,0,0,NA,NA,NA,NA,NA,NA,NA
2543773,"James White","NE","RB",24,2,9,4.0725,2.834,5.293,1.42915767732839,18,1.4275,0,2.459,NA,NA,NA,5.68962197019422,NA,NA,NA
2495920,"Rob Ninkovich","NE","DL",32,10,9,3.95,3.95,3.95,NA,2,0.925,1,0,NA,NA,NA,NA,NA,NA,NA
2555161,"Blake Martinez","GB","LB",22,0,4,3.95,3.95,3.95,NA,11,0.475,0,0,NA,NA,NA,NA,NA,NA,NA
2539653,"Robert Alford","ATL","DB",28,3,11,3.8,3.8,3.8,NA,11,0.25,0,0,NA,NA,NA,NA,NA,NA,NA
2507220,"William Gay","PIT","DB",31,9,8,3.75,3.75,3.75,NA,12,0.525,0,0,NA,NA,NA,NA,NA,NA,NA
2552418,"Justin Hardy","ATL","WR",25,1,11,3.66,3.11,4.318,0.790379655608619,24,0.141249999999999,4,1.208,NA,NA,NA,4.13567978609367,NA,NA,NA
2555216,"Malcolm Mitchell","NE","WR",23,0,9,3.6375,3.0815,4.2055,0.606142172541503,25,0.3625,5,1.124,NA,NA,NA,3.801094447816,NA,NA,NA
2543699,"Kyle Van Noy","NE","LB",25,2,9,3.6,3.6,3.6,NA,12,0.275,0,0,NA,NA,NA,NA,NA,NA,NA
2532841,"Michael Floyd","NE","WR",27,4,9,3.4,3.165,3.647,0.259101009904117,26,0.3325,5,0.482,NA,NA,NA,3.17084872982056,NA,NA,NA
2505010,"Julius Peppers","GB","LB",36,14,4,3.35,3.35,3.35,NA,13,0.225,0,0,NA,NA,NA,NA,NA,NA,NA
2555386,"Sean Davis","PIT","DB",NA,0,8,3.35,3.35,3.35,NA,13,0.325,0,0,NA,NA,NA,NA,NA,NA,NA
2540137,"Jarvis Jones","PIT","LB",27,3,8,3.3,3.3,3.3,NA,14,0.45,0,0,NA,NA,NA,NA,NA,NA,NA
2539322,"Christine Michael","GB","RB",26,3,4,3.2425,1.262,5.289,2.16973692721798,19,1.6925,0,4.027,NA,NA,NA,7.21447089442157,NA,NA,NA
2556460,"Geronimo Allison","GB","WR",22,0,4,3.15,2.107,4.217,1.16992877276069,27,0.399166666666667,5,2.11,NA,NA,NA,4.82496172612677,NA,NA,NA
2543483,"Stephon Tuitt","PIT","DL",23,2,8,3.1,3.1,3.1,NA,3,0.175,1,0,NA,NA,NA,NA,NA,NA,NA
2552263,"Quinten Rollins","GB","DB",24,1,4,3.1,3.1,3.1,NA,14,0.15,0,0,NA,NA,NA,NA,NA,NA,NA
2556601,"Wil Lutz","NO","K",22,0,5,3.1,3.1,3.1,NA,5,0.3,3,0,NA,NA,NA,NA,NA,NA,NA
2495331,"Aldrick Robinson","ATL","WR",28,5,11,2.985,2.248,3.748,0.939188479486413,28,0.697916666666667,5,1.5,NA,NA,NA,4.4059247430209,NA,NA,NA
2556119,"Elandon Roberts","NE","LB",22,0,9,2.95,2.95,2.95,NA,15,0.5,0,0,NA,NA,NA,NA,NA,NA,NA
71341,"Tyson Jackson","ATL","DL",30,7,11,2.95,2.95,2.95,NA,4,0.174999999999999,0,0,NA,NA,NA,NA,NA,NA,NA
2534822,"Robert Golden","PIT","DB",26,4,8,2.95,2.95,2.95,NA,15,NA,0,0,NA,NA,NA,NA,NA,NA,NA
2495561,"Alan Branch","NE","DL",32,9,9,2.9,2.9,2.9,NA,5,0.25,0,0,NA,NA,NA,NA,NA,NA,NA
2532853,"Ladarius Green","PIT","TE",26,4,8,2.865,1.773,3.957,1.93040151263928,17,0.103333333333333,0,2.184,NA,NA,NA,6.00327906547642,NA,NA,NA
2540203,"Levine Toilolo","ATL","TE",25,3,11,2.81,1.976,3.728,1.11,18,0.383333333333334,0,1.752,NA,NA,NA,4.64374062568811,NA,NA,NA
2503471,"Adam Vinatieri","IND","K",44,20,10,2.8,2.8,2.8,NA,6,0.15,0,0,NA,NA,NA,NA,NA,NA,NA
2507374,"Steven Hauschka","SEA","K",NA,NA,5,2.8,2.8,2.8,NA,6,0.4,0,0,NA,NA,NA,NA,NA,NA,NA
2532907,"Shea McClellin","NE","LB",27,4,9,2.75,2.75,2.75,NA,16,0.875,0,0,NA,NA,NA,NA,NA,NA,NA
2555415,"Austin Hooper","ATL","TE",NA,0,11,2.71333333333333,2.164,3.348,0.762714450717524,19,1.21333333333333,0,1.184,NA,NA,NA,4.06823211362601,NA,NA,NA
276,"Chris Long","NE","DL",31,8,9,2.65,2.65,2.65,NA,6,0.225,0,0,NA,NA,NA,NA,NA,NA,NA
2532826,"Mike Daniels","GB","DL",27,4,4,2.65,2.65,2.65,NA,6,0.575,0,0,NA,NA,NA,NA,NA,NA,NA
2649,"Danny Amendola","NE","WR",31,8,9,2.51666666666667,1.942,2.95,0.700380848776816,29,0.477083333333333,6,1.008,NA,NA,NA,3.97223703423282,NA,NA,NA
2506677,"Matt Prater","DET","K",32,10,10,2.5,2.5,2.5,NA,8,0.25,0,0,NA,NA,NA,NA,NA,NA,NA
2550636,"Cairo Santos","KC","K",25,2,5,2.3,2.3,2.3,NA,9,0.149999999999999,0,0,NA,NA,NA,NA,NA,NA,NA
2495150,"Kai Forbath","MIN","K",29,5,6,2.2,2.2,2.2,NA,10,0.15,0,0,NA,NA,NA,NA,NA,NA,NA
2495228,"Jabaal Sheard","NE","DL",27,5,9,2.2,2.2,2.2,NA,8,0.475,0,0,NA,NA,NA,NA,NA,NA,NA
2541535,"Paul Worrilow","ATL","LB",26,3,11,2.15,2.15,2.15,NA,17,1.3,0,0,NA,NA,NA,NA,NA,NA,NA
2550313,"Richard Rodgers","GB","TE",24,2,4,2.14,1.309,2.803,0.838848416978101,20,1.515,0,1.494,NA,NA,NA,4.19439845060876,NA,NA,NA
2539227,"Dustin Hopkins","WAS","K",26,3,9,2.1,2.1,2.1,NA,11,0.1,0,0,NA,NA,NA,NA,NA,NA,NA
2552470,"Sammie Coates","PIT","WR",23,1,8,2.0575,1.0215,2.9175,1.06535205448715,30,0.2175,6,1.896,NA,NA,NA,4.63504469036932,NA,NA,NA
2552477,"Aaron Ripkowski","GB","RB",NA,NA,4,2.0475,0.821,3.368,1.39748285618584,20,1.19625,0,2.547,NA,NA,NA,5.62440367390586,NA,NA,NA
2539203,"Cobi Hamilton","PIT","WR",26,3,8,2.02166666666667,1.963,2.067,0.0711219609778394,31,0.45625,6,0.104,NA,NA,NA,2.82946850345695,NA,NA,NA
2536340,"Justin Tucker","BAL","K",27,4,8,2,2,2,NA,12,0,0,0,NA,NA,NA,NA,NA,NA,NA
2539637,"Caleb Sturgis","PHI","K",27,3,4,2,2,2,NA,12,0.05,0,0,NA,NA,NA,NA,NA,NA,NA
2541556,"Brandon McManus","DEN","K",25,2,11,2,2,2,NA,12,1.05,0,0,NA,NA,NA,NA,NA,NA,NA
2552327,"Grady Jarrett","ATL","DL",23,1,11,1.95,1.95,1.95,NA,9,0.6,0,0,NA,NA,NA,NA,NA,NA,NA
71309,"Graham Gano","CAR","K",29,7,7,1.9,1.9,1.9,NA,15,1.9,0,0,NA,NA,NA,NA,NA,NA,NA
2543750,"Jeff Janis","GB","WR",25,2,4,1.65833333333333,1.152,2.268,0.732501422069154,32,0.374583333333333,7,1.116,NA,NA,NA,4.03056975079938,NA,NA,NA
2540221,"Vince Williams","PIT","LB",27,3,8,1.6,1.6,1.6,NA,18,1.5,0,0,NA,NA,NA,NA,NA,NA,NA
1720,"Letroy Guion","GB","DL",29,8,4,1.5,1.5,1.5,NA,10,0.325,0,0,NA,NA,NA,NA,NA,NA,NA
80427,"Darrius Heyward-Bey","PIT","WR",29,7,8,1.4725,0.8785,2.1285,0.677895026288486,33,0.595,7,1.25,NA,NA,NA,3.93140155168897,NA,NA,NA
2495218,"Brooks Reed","ATL","DL",29,5,11,1.2,1.2,1.2,NA,11,0.325,0,0,NA,NA,NA,NA,NA,NA,NA
2555282,"Kenny Clark","GB","DL",21,0,4,1.15,1.15,1.15,NA,12,0.55,0,0,NA,NA,NA,NA,NA,NA,NA
2555413,"Trevor Davis","GB","WR",23,0,4,1.095,0.547,1.643,0.96873629022557,34,0.685833333333333,7,1.096,NA,NA,NA,4.45958518218313,NA,NA,NA
2495979,"DeAngelo Williams","PIT","RB",33,10,8,1.0525,0.493,1.938,0.928811965182763,21,0.529166666666667,0,1.445,NA,NA,NA,4.65941268331403,NA,NA,NA
2553554,"Matt Lengel","NE","TE",NA,NA,9,0.86,0.86,0.86,NA,21,0.523333333333333,0,0,NA,NA,NA,NA,NA,NA,NA
2540279,"Nick Williams","ATL","WR",26,3,11,0.66,0.66,0.66,NA,35,0.580833333333333,8,0,NA,NA,NA,NA,NA,NA,NA
2553762,"Terron Ward","ATL","RB",NA,NA,11,0.65,0.65,0.65,NA,22,0.271666666666667,0,0,NA,NA,NA,NA,NA,NA,NA
1037901,"Ricardo Mathews","PIT","DL",29,6,8,0.6,0.6,0.6,NA,13,NA,0,0,NA,NA,NA,NA,NA,NA,NA
2550738,"Fitzgerald Toussaint","PIT","RB",26,2,8,0.396666666666667,0.272,0.504,0.149777612924406,23,0.0516666666666666,0,0.232,NA,NA,NA,3.05538489809807,NA,NA,NA
2550521,"Xavier Grimble","PIT","TE",24,2,8,0.39,0.27,0.478,0.147309198626562,22,0.248333333333333,0,0.208,NA,NA,NA,3.04840574400649,NA,NA,NA
2530763,"Patrick DiMarco","ATL","RB",27,5,11,0.36,0.208,0.544,0.22113344387496,24,0.0549999999999999,0,0.336,NA,NA,NA,3.20230619258279,NA,NA,NA
497206,"James Starks","GB","RB",30,6,4,0.33,0.33,0.33,NA,25,0.1075,0,0,NA,NA,NA,NA,NA,NA,NA
2543801,"Jimmy Garoppolo","NE","QB",25,2,9,0.291333333333333,0.0656,0.592,0.366826025975984,17,0.198333333333333,4,0.5264,NA,NA,NA,4.01187648413544,NA,NA,NA
79589,"David Johnson","PIT","TE",29,7,8,0.283333333333333,0.206,0.366,0.100664459136943,23,0.283333333333333,0,0.16,NA,NA,NA,2.97110784124417,NA,NA,NA
2532797,"Brandon Bolden","NE","RB",26,4,9,0.28,0.178,0.41,0.157162336455017,26,0.1625,0,0.232,NA,NA,NA,3.07059000644137,NA,NA,NA
2508101,"James Develin","NE","RB",28,6,9,0.165,0.161,0.169,0.00707106781186548,27,0.13,0,0.00800000000000001,NA,NA,NA,2.76155284457038,NA,NA,NA
2507029,"Eric Weems","ATL","WR",31,9,11,0.158333333333333,0.058,0.278,0.143730071082336,36,0.158333333333333,8,0.22,NA,NA,NA,2.96132879961702,NA,NA,NA
2505982,"Matt Schaub","ATL","QB",35,12,11,0.106,0.052,0.1496,0.0650230728280354,18,0.0606666666666667,4,0.0976,NA,NA,NA,3.46552653458027,NA,NA,NA
2540140,"Barkevious Mingo","NE","LB",26,3,9,0.1,0.1,0.1,NA,19,NA,0,0,NA,NA,NA,NA,NA,NA,NA
2539287,"Landry Jones","PIT","QB",27,3,8,0.08,-0.1144,0.2856,0.251173246983034,19,0.0746666666666667,4,0.4,NA,NA,NA,3.80251176682686,NA,NA,NA
2550235,"Roosevelt Nix","PIT","RB",NA,NA,8,0.07,0.038,0.102,0.0565685424949238,28,0.07,0,0.064,NA,NA,NA,2.86346789422061,NA,NA,NA
2543605,"Zach Mettenberger","PIT","QB",25,2,8,0.0106666666666667,0,0.0256,0.018475208614068,20,0.0106666666666667,5,0.0256,NA,NA,NA,3.38126154313489,NA,NA,NA
4487,"Matthew Slater","NE","WR",31,8,9,0,0,0,NA,37,0,8,0,NA,NA,NA,NA,NA,NA,NA
2495470,"Stevan Ridley","FA","RB",27,5,NA,0,0,0,NA,29,0,0,0,NA,NA,NA,NA,NA,NA,NA
2504162,"Shayne Graham","FA","K",NA,NA,NA,0,0,0,NA,16,NA,0,0,NA,NA,NA,NA,NA,NA,NA
2534889,"Matt Simms","FA","QB",28,4,NA,0,0,0,NA,21,0,5,0,NA,NA,NA,NA,NA,NA,NA
2535876,"Griff Whalen","FA","WR",26,4,NA,0,0,0,NA,37,0,8,0,NA,NA,NA,NA,NA,NA,NA
2550243,"Justin Perillo","FA","TE",25,2,NA,0,0,0,NA,24,0,0,0,NA,NA,NA,NA,NA,NA,NA
2550247,"Bryn Renner","FA","QB",26,2,NA,0,0,0,NA,21,0.0326666666666667,5,0,NA,NA,NA,NA,NA,NA,NA
2550413,"Corey Washington","FA","WR",25,2,NA,0,0,0,NA,37,0,8,0,NA,NA,NA,NA,NA,NA,NA
2552634,"Joey Iosefa","FA","RB",NA,NA,NA,0,0,0,NA,29,NA,0,0,NA,NA,NA,NA,NA,NA,NA
2553292,"Kennard Backman","DET","TE",23,1,10,0,0,0,0,24,NA,0,0,NA,NA,NA,2.80429049679913,NA,NA,NA
2556492,"Joe Callahan","GB","QB",23,0,4,0,0,0,0,21,0.0653333333333333,5,0,NA,NA,NA,3.34781611395989,NA,NA,NA
2556528,"D.J. Foster","NE","WR",NA,0,9,0,0,0,0,37,NA,9,0,NA,NA,NA,2.70030713533257,NA,NA,NA
2552588,"Brett Hundley","GB","QB",23,1,4,-0.0653333333333333,-0.1872,0.0272,0.148288008056395,24,NA,5,0.2144,NA,NA,NA,3.61625996076854,NA,NA,NA
