"playerId","player","team","position","age","exp","bye","points","lower","upper","sdPts","positionRank","dropoff","tier","ptSpread","overallECR","positionECR","sdRank","risk","sleeper","actualPoints","salary"
2540175,"LeVeon Bell","PIT","RB",24,3,8,20.4625,19.824,21.267,0.819039071107112,1,3.7675,1,1.443,NA,1,0,2.05315750492536,NA,NA,NA
2506363,"Aaron Rodgers","GB","QB",33,11,4,18.571,17.764,19.374,0.791666596491224,1,0.249600000000004,1,1.61,NA,1.5,0.6,4.80346292702918,NA,NA,NA
2553435,"David Johnson","ARI","RB",25,1,9,18.47,18.47,18.47,NA,2,3.725,1,0,NA,NA,NA,NA,NA,NA,NA
310,"Matt Ryan","ATL","QB",31,8,11,18.376,18.376,18.376,NA,2,0.240349999999999,1,0,NA,NA,NA,NA,NA,NA,NA
2532975,"Russell Wilson","SEA","QB",28,4,5,18.2668,16.3688,20.0132,1.9904756215538,3,0.60455,1,3.6444,NA,3,0.8,8.47121594736612,NA,NA,NA
2506109,"Ben Roethlisberger","PIT","QB",34,12,8,18.0045,16.6798,19.1296,1.35154467184773,4,0.735500000000002,1,2.4498,NA,1.8,0.6,5.63360111363155,NA,NA,NA
2504775,"Drew Brees","NO","QB",37,15,5,17.32,17.32,17.32,NA,5,0.404,1,0,NA,NA,NA,NA,NA,NA,NA
2504211,"Tom Brady","NE","QB",39,16,9,17.218,17.218,17.218,NA,6,0.937000000000001,0,0,NA,NA,NA,NA,NA,NA,NA
2533031,"Andrew Luck","IND","QB",27,4,10,16.614,16.614,16.614,NA,7,1.085,0,0,NA,NA,NA,NA,NA,NA,NA
2532820,"Kirk Cousins","WAS","QB",28,4,9,15.948,15.948,15.948,NA,8,1.0107,0,0,NA,NA,NA,NA,NA,NA,NA
2552033,"Jameis Winston","TB","QB",22,1,6,15.11,15.11,15.11,NA,9,0.374700000000002,2,0,NA,NA,NA,NA,NA,NA,NA
79607,"LeSean McCoy","BUF","RB",28,7,10,14.92,14.92,14.92,NA,3,0.769999999999998,0,0,NA,NA,NA,NA,NA,NA,NA
79860,"Matthew Stafford","DET","QB",28,7,10,14.7646,13.1504,15.9154,1.57933270718997,10,0.477600000000001,2,2.765,NA,4.8,0.4,4.0810813000649,NA,NA,NA
2543477,"Blake Bortles","JAC","QB",25,2,5,14.706,14.706,14.706,NA,11,0.872,2,0,NA,NA,NA,NA,NA,NA,NA
2543583,"Devonta Freeman","ATL","RB",24,2,11,14.57,14.57,14.57,NA,4,1.575,2,0,NA,NA,NA,NA,NA,NA,NA
2508061,"Antonio Brown","PIT","WR",28,6,8,14.5,13.4055,16.0605,1.62285242705552,1,1.3225,1,2.655,NA,1.2,0.4,4.10085045549509,NA,NA,NA
497095,"Sam Bradford","MIN","QB",29,6,6,13.868,13.868,13.868,NA,12,0.200000000000001,2,0,NA,NA,NA,NA,NA,NA,NA
2505996,"Eli Manning","NYG","QB",35,12,8,13.8,12.75,14.95,1.22678441463853,13,0.375,2,2.2,NA,4.1,0.9,8.28401347889037,NA,NA,NA
2533034,"Lamar Miller","HOU","RB",25,4,9,13.73,11.678,16.542,2.93904746474092,5,1.57,2,4.864,NA,2.5,0.7,5.45274423759751,NA,NA,NA
2505245,"Carson Palmer","ARI","QB",37,13,9,13.536,13.536,13.536,NA,14,0.455999999999998,2,0,NA,NA,NA,NA,NA,NA,NA
2543496,"Odell Beckham","NYG","WR",24,2,8,13.465,12.0645,14.6895,1.42994755148572,2,0.920000000000003,1,2.625,NA,1.9,0.6,4.05331804460389,NA,NA,NA
2506121,"Philip Rivers","SD","QB",35,12,11,13.314,13.314,13.314,NA,15,0.674000000000001,2,0,NA,NA,NA,NA,NA,NA,NA
100020,"Vikings","MIN","DST",NA,NA,6,12.9,12.9,12.9,NA,1,0.65,1,0,NA,NA,NA,NA,NA,NA,NA
2543468,"Mike Evans","TB","WR",23,2,6,12.89,12.89,12.89,NA,3,0.873833333333332,2,0,NA,NA,NA,NA,NA,NA,NA
382,"Joe Flacco","BAL","QB",31,8,8,12.846,12.846,12.846,NA,16,1.098,0,0,NA,NA,NA,NA,NA,NA,NA
2495143,"Andy Dalton","CIN","QB",29,5,9,12.434,12.434,12.434,NA,17,1.44725,3,0,NA,NA,NA,NA,NA,NA,NA
100026,"Cardinals","ARI","DST",NA,NA,9,12.4,12.4,12.4,NA,2,0.800000000000001,1,0,NA,NA,NA,NA,NA,NA,NA
2495328,"Bilal Powell","NYJ","RB",28,5,11,12.26,12.26,12.26,NA,6,0.205,2,0,NA,NA,NA,NA,NA,NA,NA
2495454,"Julio Jones","ATL","WR",27,5,11,12.2,12.2,12.2,NA,4,0.428833333333333,2,0,NA,NA,NA,NA,NA,NA,NA
100016,"Chiefs","KC","DST",NA,NA,5,12.1,12.1,12.1,NA,3,1.05,0,0,NA,NA,NA,NA,NA,NA,NA
2555418,"Jordan Howard","CHI","RB",22,0,9,12.06,12.06,12.06,NA,7,0.0499999999999972,2,0,NA,NA,NA,NA,NA,NA,NA
2495207,"DeMarco Murray","TEN","RB",28,5,13,12.05,12.05,12.05,NA,8,0.0899999999999999,0,0,NA,NA,NA,NA,NA,NA,NA
2506404,"Frank Gore","IND","RB",33,11,10,11.97,11.97,11.97,NA,9,0.165000000000001,2,0,NA,NA,NA,NA,NA,NA,NA
2495471,"Jacquizz Rodgers","TB","RB",26,5,6,11.95,11.95,11.95,NA,10,0.463000000000001,2,0,NA,NA,NA,NA,NA,NA,NA
1032,"Jordy Nelson","GB","WR",31,8,4,11.8323333333333,10.672,12.641,1.06392590594145,5,0.287666666666668,2,1.969,NA,3.1,0.5,3.36218811806618,NA,NA,NA
2532865,"T.Y. Hilton","IND","WR",27,4,10,11.71,11.71,11.71,NA,6,0.875333333333332,2,0,NA,NA,NA,NA,NA,NA,NA
497149,"LeGarrette Blount","NE","RB",30,6,9,11.66,11.66,11.66,NA,11,0.464499999999999,2,0,NA,NA,NA,NA,NA,NA,NA
2530747,"Doug Baldwin","SEA","WR",28,5,5,11.3793333333333,10.146,13.244,1.76830332993711,7,1.11933333333333,2,3.098,NA,3.8,0.6,4.57635110952254,NA,NA,NA
2541161,"Latavius Murray","OAK","RB",26,3,10,11.314,9.992,13.428,2.20616862456159,12,0.275499999999999,2,3.436,NA,4.9,1.3,5.6423045037399,NA,NA,NA
100002,"Ravens","BAL","DST",NA,NA,8,11.1,11.1,11.1,NA,4,0.15,0,0,NA,NA,NA,NA,NA,NA,NA
2552582,"Jay Ajayi","MIA","RB",23,1,8,11.077,8.976,13.561,2.38679073234333,13,0.582000000000001,3,4.585,NA,3,0.9,5.18691210348463,NA,NA,NA
2533436,"Brock Osweiler","HOU","QB",26,4,9,11.062,9.9014,12.177,1.25179444531973,18,1.12425,3,2.2756,NA,7,0.7,6.43083219547608,NA,NA,NA
100021,"Patriots","NE","DST",NA,NA,9,11,11,11,NA,5,0.133333333333333,0,0,NA,NA,NA,NA,NA,NA,NA
2552475,"Todd Gurley","LA","RB",22,1,8,11,11,11,NA,14,1.34375,3,0,NA,NA,NA,NA,NA,NA,NA
2507282,"Matt Moore","MIA","QB",32,9,8,10.9115,10.484,11.3218,0.450949738514911,19,6.2775,3,0.8378,NA,6.2,0.8,6.18854177056517,NA,NA,NA
100006,"Bengals","CIN","DST",NA,NA,9,10.9,10.9,10.9,NA,6,0.183333333333332,0,0,NA,NA,NA,NA,NA,NA,NA
100027,"Steelers","PIT","DST",NA,NA,8,10.8333333333333,7.38,11.38,2.55342906696074,7,0.449999999999999,0,4,NA,3.1,1.2,6.79353329522291,NA,NA,NA
100003,"Bills","BUF","DST",NA,NA,10,10.6,10.6,10.6,NA,8,0.966666666666669,0,0,NA,NA,NA,NA,NA,NA,NA
238498,"Julian Edelman","NE","WR",30,7,9,10.29,10.29,10.29,NA,8,0.24,2,0,NA,NA,NA,NA,NA,NA,NA
2543498,"Brandin Cooks","NO","WR",23,2,5,10.23,10.23,10.23,NA,9,0.413166666666665,2,0,NA,NA,NA,NA,NA,NA,NA
100030,"Seahawks","SEA","DST",NA,NA,5,10.1666666666667,9.44,10.96,0.960902353693304,9,1.76666666666667,0,1.52,NA,2.3,1.2,5.49816678063984,NA,NA,NA
949,"Jonathan Stewart","CAR","RB",29,8,7,9.99,9.99,9.99,NA,15,1.24,3,0,NA,NA,NA,NA,NA,NA,NA
2543495,"Davante Adams","GB","WR",24,2,4,9.87,7.478,12.818,3.15705559026128,10,0.278166666666667,2,5.34,NA,6.1,1.4,7.72574139237889,NA,NA,NA
497326,"Golden Tate","DET","WR",28,6,10,9.76366666666667,7.698,12.205,2.58147309366829,11,0.348666666666668,3,4.507,NA,8.1,2.6,8.33997029118537,NA,NA,NA
2506106,"Larry Fitzgerald","ARI","WR",33,12,9,9.42,9.42,9.42,NA,12,0.129999999999999,3,0,NA,NA,NA,NA,NA,NA,NA
497322,"Emmanuel Sanders","DEN","WR",29,6,11,9.41,9.41,9.41,NA,13,0.289999999999999,0,0,NA,NA,NA,NA,NA,NA,NA
2553631,"Zach Zenner","DET","RB",NA,NA,10,9.3225,6.204,12.683,3.50739575753863,16,1.31625,3,6.479,NA,4.9,1.4,7.19458578397725,NA,NA,NA
2541785,"Adam Thielen","MIN","WR",26,2,6,9.17,9.17,9.17,NA,14,0.150000000000002,0,0,NA,NA,NA,NA,NA,NA,NA
100013,"Texans","HOU","DST",NA,NA,9,9.1,8.82,9.46,0.435889894354067,10,1.6,0,0.639999999999999,NA,1.6,1.2,5.07111990356007,NA,NA,NA
2543509,"Allen Robinson","JAC","WR",23,2,5,9.07,9.07,9.07,NA,15,0.285,0,0,NA,NA,NA,NA,NA,NA,NA
2553913,"Tyrell Williams","SD","WR",NA,NA,11,8.97,8.97,8.97,NA,16,0.547499999999999,3,0,NA,NA,NA,NA,NA,NA,NA
2555332,"Connor Cook","OAK","QB",23,0,10,8.964,5.3872,12.6624,4.0023832899911,20,8.701,3,7.2752,NA,7.7,0.6,9.56403250628759,NA,NA,NA
2506194,"Nick Novak","HOU","K",NA,NA,9,8.95,7.35058823529412,11.0529411764706,2.17382191775311,1,0.832368421052632,1,3.70235294117647,NA,4.3,1.8,8.60859406639068,NA,NA,NA
2540258,"Travis Kelce","KC","TE",27,3,5,8.75,8.75,8.75,NA,1,0.687999999999999,1,0,NA,NA,NA,NA,NA,NA,NA
2533039,"Alshon Jeffery","CHI","WR",26,4,9,8.6,8.6,8.6,NA,17,0.407500000000001,3,0,NA,NA,NA,NA,NA,NA,NA
497236,"Jimmy Graham","SEA","TE",30,6,5,8.484,7.064,10.636,2.14122161393911,2,0.988999999999999,1,3.572,NA,1.1,0.2,4.88522357535002,NA,NA,NA
2507232,"Mason Crosby","GB","K",32,9,4,8.38,7.56,9.24,0.872289452469127,2,0.593544891640868,1,1.68,NA,2.5,1,3.52621298485681,NA,NA,NA
2543486,"Ryan Shazier","PIT","LB",24,2,8,8.3,8.3,8.3,NA,1,0.675000000000001,1,0,NA,NA,NA,NA,NA,NA,NA
2552454,"Landon Collins","NYG","DB",22,1,8,8.25,8.25,8.25,NA,1,0.775,1,0,NA,NA,NA,NA,NA,NA,NA
2555295,"Sterling Shepard","NYG","WR",NA,0,8,8.245,6.8515,9.8745,1.7125760323754,18,0.1875,3,3.023,NA,11.4,1.3,5.3675226108511,NA,NA,NA
2555460,"Paul Perkins","NYG","RB",22,0,8,8.1775,6.157,10.684,2.59338099784818,17,0.54,4,4.527,NA,6.8,0.8,5.24553583575255,NA,NA,NA
497328,"Demaryius Thomas","DEN","WR",29,6,11,8.14,8.14,8.14,NA,19,0.213750000000001,3,0,NA,NA,NA,NA,NA,NA,NA
2540165,"DeAndre Hopkins","HOU","WR",24,3,9,7.975,6.675,8.887,1.35022220393534,20,0.128750000000001,3,2.212,NA,7.9,1.9,5.55937762830604,NA,NA,NA
494257,"Kam Chancellor","SEA","DB",28,6,5,7.95,7.95,7.95,NA,2,1.1,1,0,NA,NA,NA,NA,NA,NA,NA
2543488,"Jarvis Landry","MIA","WR",24,2,8,7.8775,7.628,8.129,0.274636122897189,21,0.767499999999999,3,0.501000000000001,NA,6.6,1,2.76875138349062,NA,NA,NA
2507374,"Steven Hauschka","SEA","K",NA,NA,5,7.85526315789474,6.71263157894737,8.91578947368421,1.19235406566724,3,0.452689628482972,1,2.20315789473684,NA,NA,NA,4.91609089489986,NA,NA,NA
2553733,"Thomas Rawls","SEA","RB",23,1,5,7.835,4.585,11.177,3.72968720761764,18,0.65375,4,6.592,NA,5.7,1.7,7.91834758997925,NA,NA,NA
2552409,"DeVante Parker","MIA","WR",23,1,8,7.815,5.473,10.961,3.25331113380404,22,1.6575,3,5.488,NA,13.2,2.8,9.62916438645356,NA,NA,NA
2539935,"Kiko Alonso","MIA","LB",26,3,8,7.8,7.8,7.8,NA,2,0.399999999999999,1,0,NA,NA,NA,NA,NA,NA,NA
2550545,"Chris Boswell","PIT","K",27,2,8,7.71764705882353,6.75764705882353,8.72941176470588,1.04660432964773,4,0.830147058823528,1,1.97176470588235,NA,3.4,1.6,5.71456370062124,NA,NA,NA
100031,"Buccaneers","TB","DST",NA,NA,6,7.7,7.7,7.7,NA,11,0.649999999999999,0,0,NA,NA,NA,NA,NA,NA,NA
2495438,"Kyle Rudolph","MIN","TE",27,5,6,7.64,7.64,7.64,NA,3,0.34,1,0,NA,NA,NA,NA,NA,NA,NA
2499278,"Malcolm Smith","OAK","LB",27,5,10,7.45,7.45,7.45,NA,3,0.149999999999999,0,0,NA,NA,NA,NA,NA,NA,NA
2543463,"Khalil Mack","OAK","DL",25,2,10,7.45,7.45,7.45,NA,1,2.525,1,0,NA,NA,NA,NA,NA,NA,NA
71345,"Rashad Jennings","NYG","RB",31,7,8,7.44,6,8.976,1.87157687525787,19,1.69675,4,2.976,NA,8.1,0.9,4.63647371105942,NA,NA,NA
2495700,"Greg Olsen","CAR","TE",31,9,7,7.35,7.35,7.35,NA,4,0.158,1,0,NA,NA,NA,NA,NA,NA,NA
2495762,"Lawrence Timmons","PIT","LB",30,9,8,7.35,7.35,7.35,NA,4,0.100000000000001,0,0,NA,NA,NA,NA,NA,NA,NA
100009,"Broncos","DEN","DST",NA,NA,11,7.3,7.3,7.3,NA,12,0.55,0,0,NA,NA,NA,NA,NA,NA,NA
2532966,"Bobby Wagner","SEA","LB",26,4,5,7.25,7.25,7.25,NA,5,0.0749999999999993,0,0,NA,NA,NA,NA,NA,NA,NA
2532986,"Tahir Whitehead","DET","LB",26,4,10,7.25,7.25,7.25,NA,5,0.449999999999999,0,0,NA,NA,NA,NA,NA,NA,NA
2540158,"Zach Ertz","PHI","TE",26,3,4,7.25,7.25,7.25,NA,5,0.122999999999999,1,0,NA,NA,NA,NA,NA,NA,NA
2543466,"Eric Ebron","DET","TE",23,2,10,7.134,5.352,9.452,2.31463388033615,6,0.0329999999999995,1,4.1,NA,2.7,0.8,6.53145308265908,NA,NA,NA
2495966,"Delanie Walker","TEN","TE",32,10,13,7.12,7.12,7.12,NA,7,0.374000000000001,0,0,NA,NA,NA,NA,NA,NA,NA
2552490,"Benardrick McKinney","HOU","LB",24,1,9,7.1,7.1,7.1,NA,7,0.725000000000001,0,0,NA,NA,NA,NA,NA,NA,NA
2504257,"Sebastian Janikowski","OAK","K",38,16,10,7.0875,6.445,7.76,0.726148515571482,5,0.427083333333334,2,1.315,NA,4.4,1.5,4.75984848129757,NA,NA,NA
2543721,"C.J. Fiedorowicz","HOU","TE",25,2,9,7.082,5.292,9.872,2.62567515127062,8,0.722,0,4.58,NA,3.7,1.2,7.93327366083012,NA,NA,NA
2534830,"Tavon Wilson","DET","DB",26,4,10,7,7,7,NA,3,0.375,1,0,NA,NA,NA,NA,NA,NA,NA
2555430,"Alex Collins","SEA","RB",22,0,5,6.9225,4.866,9.405,2.58853079306905,20,2.41425,4,4.539,NA,10.7,2.4,7.83380770267996,NA,NA,NA
100008,"Cowboys","DAL","DST",NA,NA,7,6.8,6.8,6.8,NA,13,0.200000000000001,0,0,NA,NA,NA,NA,NA,NA,NA
100032,"Redskins","WAS","DST",NA,NA,9,6.7,6.7,6.7,NA,14,0.275,0,0,NA,NA,NA,NA,NA,NA,NA
496727,"Morgan Burnett","GB","DB",27,6,4,6.7,6.7,6.7,NA,4,0.65,0,0,NA,NA,NA,NA,NA,NA,NA
2506264,"Robbie Gould","NYG","K",34,11,8,6.6875,6.395,7.01,0.332603367391252,6,0.359404761904761,2,0.615,NA,6.7,0.8,1.82172895966452,NA,NA,NA
2553648,"Andrew Franks","MIA","K",23,1,8,6.63333333333333,5.35,8.19666666666667,1.5802015811399,7,1.87190476190476,2,2.84666666666667,NA,7.6,0.8,4.34768013339384,NA,NA,NA
2535687,"Michael Thomas","MIA","DB",27,4,8,6.55,6.55,6.55,NA,5,1.025,0,0,NA,NA,NA,NA,NA,NA,NA
100018,"Raiders","OAK","DST",NA,NA,10,6.5,6.42,6.58,0.14142135623731,15,0.225,0,0.16,NA,4.3,0.8,2.15149095516906,NA,NA,NA
2495252,"K.J. Wright","SEA","LB",27,5,5,6.5,6.5,6.5,NA,8,0.425,0,0,NA,NA,NA,NA,NA,NA,NA
2505299,"Antonio Gates","SD","TE",36,13,11,6.41,6.41,6.41,NA,9,0.445000000000001,0,0,NA,NA,NA,NA,NA,NA,NA
71269,"Michael Crabtree","OAK","WR",29,7,10,6.405,5.693,7.219,0.850343068022156,23,0.569999999999999,4,1.526,NA,10.1,2.5,5.53864492699713,NA,NA,NA
100011,"Packers","GB","DST",NA,NA,4,6.35,6.71,9.99,2.89913780286485,16,0.299999999999999,0,3.28,NA,3.8,1.2,7.07473392850473,NA,NA,NA
1062,"Martellus Bennett","NE","TE",29,8,9,6.31,6.31,6.31,NA,10,0.880000000000001,0,0,NA,NA,NA,NA,NA,NA,NA
2532871,"Bruce Irvin","OAK","LB",26,4,10,6.25,6.25,6.25,NA,9,0.55,0,0,NA,NA,NA,NA,NA,NA,NA
100012,"Titans","TEN","DST",NA,NA,13,6.2,6.2,6.2,NA,17,0.675,0,0,NA,NA,NA,NA,NA,NA,NA
2506677,"Matt Prater","DET","K",32,10,10,6.02285714285714,4.27428571428571,7.38,1.79163589595472,8,2.72285714285714,2,3.10571428571429,NA,5.5,1.3,6.30528077887547,NA,NA,NA
2553737,"Eli Rogers","PIT","WR",NA,NA,8,5.91,4.706,7.442,1.85159390796146,24,0.17625,4,2.736,NA,15.5,2.4,6.96105572949461,NA,NA,NA
100023,"Giants","NYG","DST",NA,NA,8,5.9,5.42,10.38,4.38406204335659,18,1.1,0,4.96,NA,7,1,6.94252260353691,NA,NA,NA
496949,"Perry Riley","OAK","LB",28,6,10,5.9,5.9,5.9,NA,10,0.475000000000001,0,0,NA,NA,NA,NA,NA,NA,NA
2552487,"Amari Cooper","OAK","WR",22,1,10,5.76,4.563,6.763,1.27126577341902,25,0.109999999999999,4,2.2,NA,10.3,2.5,6.18931060708453,NA,NA,NA
2532884,"Marvin Jones","DET","WR",26,4,10,5.7075,4.526,6.801,1.29407946690559,26,0.17875,4,2.275,NA,15.1,1.5,4.97126876381771,NA,NA,NA
2495139,"Charles Clay","BUF","TE",27,5,10,5.62,5.62,5.62,NA,11,0.535,0,0,NA,NA,NA,NA,NA,NA,NA
2505587,"Anquan Boldin","DET","WR",36,13,10,5.5925,4.823,6.646,1.08077518476323,27,0.3875,4,1.823,NA,15.7,1.2,4.26554907086768,NA,NA,NA
2555386,"Sean Davis","PIT","DB",NA,0,8,5.55,5.55,5.55,NA,6,0.0499999999999998,0,0,NA,NA,NA,NA,NA,NA,NA
238227,"Mike Mitchell","PIT","DB",29,7,8,5.5,5.5,5.5,NA,7,0.0250000000000004,0,0,NA,NA,NA,NA,NA,NA,NA
2552314,"Jake Ryan","GB","LB",24,1,4,5.5,5.5,5.5,NA,11,0.175000000000001,0,0,NA,NA,NA,NA,NA,NA,NA
2555344,"Artie Burns","PIT","DB",21,0,8,5.5,5.5,5.5,NA,7,0.175,0,0,NA,NA,NA,NA,NA,NA,NA
2540202,"Kenny Stills","MIA","WR",24,3,8,5.465,4.341,6.835,1.48643309076908,28,0.615,4,2.494,NA,13.1,1.4,5.1432797887063,NA,NA,NA
2507167,"Reggie Nelson","OAK","DB",33,9,10,5.45,5.45,5.45,NA,9,0.3,0,0,NA,NA,NA,NA,NA,NA,NA
2555161,"Blake Martinez","GB","LB",22,0,4,5.35,5.35,5.35,NA,12,0.225,0,0,NA,NA,NA,NA,NA,NA,NA
80431,"Clay Matthews","GB","LB",30,7,4,5.3,5.3,5.3,NA,13,0.399999999999999,0,0,NA,NA,NA,NA,NA,NA,NA
497254,"Dennis Pitta","BAL","TE",31,6,8,5.24,5.24,5.24,NA,12,0.385,0,0,NA,NA,NA,NA,NA,NA,NA
2540288,"Darius Slay","DET","DB",25,3,10,5.2,5.2,5.2,NA,10,0.0999999999999996,0,0,NA,NA,NA,NA,NA,NA,NA
100019,"Dolphins","MIA","DST",NA,NA,8,5.15,5.03,5.27,0.212132034355965,19,0.7,0,0.240000000000001,NA,7.3,0.8,2.20900725545795,NA,NA,NA
2533534,"Olivier Vernon","NYG","DL",26,4,8,5.15,5.15,5.15,NA,2,0.575,1,0,NA,NA,NA,NA,NA,NA,NA
71441,"Glover Quin","DET","DB",30,7,10,5.1,5.1,5.1,NA,11,0.0499999999999998,0,0,NA,NA,NA,NA,NA,NA,NA
2540170,"David Amerson","OAK","DB",25,3,10,5.1,5.1,5.1,NA,11,0.175,0,0,NA,NA,NA,NA,NA,NA,NA
306,"Dominique Rodgers-Cromartie","NYG","DB",30,8,8,5,5,5,NA,13,0.175,0,0,NA,NA,NA,NA,NA,NA,NA
2533049,"Whitney Mercilus","HOU","LB",26,4,9,4.95,4.95,4.95,NA,14,0.125,0,0,NA,NA,NA,NA,NA,NA,NA
2552429,"Ty Montgomery","GB","WR",23,1,4,4.945,3.365,6.509,1.9653053197913,29,0.262499999999999,5,3.144,NA,11.2,5.1,10.5207618069398,NA,NA,NA
1060,"Gary Barnidge","CLE","TE",31,8,13,4.93,4.93,4.93,NA,13,0.32,0,0,NA,NA,NA,NA,NA,NA,NA
2507220,"William Gay","PIT","DB",31,9,8,4.85,4.85,4.85,NA,14,0.125000000000001,0,0,NA,NA,NA,NA,NA,NA,NA
2530855,"Spencer Paysinger","MIA","LB",28,5,8,4.85,4.85,4.85,NA,15,0.250000000000001,0,0,NA,NA,NA,NA,NA,NA,NA
496735,"Kareem Jackson","HOU","DB",28,6,9,4.8,4.8,4.8,NA,15,0.275,0,0,NA,NA,NA,NA,NA,NA,NA
2532940,"Keenan Robinson","NYG","LB",27,4,8,4.8,4.8,4.8,NA,16,0.45,0,0,NA,NA,NA,NA,NA,NA,NA
2540160,"Jordan Reed","WAS","TE",26,3,9,4.78,4.78,4.78,NA,14,0.429,0,0,NA,NA,NA,NA,NA,NA,NA
2495448,"Randall Cobb","GB","WR",26,5,4,4.755,2.8245,6.5575,2.07918653965118,30,0.308750000000001,5,3.733,NA,20.4,2.5,7.43820098072579,NA,NA,NA
1330,"Cliff Avril","SEA","DL",30,8,5,4.7,4.7,4.7,NA,3,0.325,0,0,NA,NA,NA,NA,NA,NA,NA
2555342,"Karl Joseph","OAK","DB",NA,0,10,4.65,4.65,4.65,NA,16,0.274999999999999,0,0,NA,NA,NA,NA,NA,NA,NA
2532887,"Jermaine Kearse","SEA","WR",26,4,5,4.61,4.3185,4.9195,0.323856964311922,31,0.6475,5,0.601,NA,19.9,1.7,3.72215255631345,NA,NA,NA
2543600,"Alfred Blue","HOU","RB",25,2,9,4.564,2.9,7.312,2.80011249774005,21,0.126500000000001,5,4.412,NA,13.3,2,7.4114915687314,NA,NA,NA
2555464,"DeAndre Washington","OAK","RB",23,0,10,4.4525,3.159,5.868,1.46813657402845,22,0.23,5,2.709,NA,9.6,1.4,5.01590496770504,NA,NA,NA
100010,"Lions","DET","DST",NA,NA,10,4.45,3.37,5.53,1.90918830920368,20,NA,0,2.16,NA,6.5,0.9,4.25942527790854,NA,NA,NA
2535718,"Damon Harrison","NYG","DL",28,4,8,4.45,4.45,4.45,NA,4,0.175,0,0,NA,NA,NA,NA,NA,NA,NA
2532853,"Ladarius Green","PIT","TE",26,4,8,4.44,1.445,6.835,3.01912790940254,15,0.565666666666666,0,5.39,NA,5.4,2.7,11.9864369160216,NA,NA,NA
2495979,"DeAngelo Williams","PIT","RB",33,10,8,4.4225,2.079,7.16,2.78428177453361,23,0.465,5,5.081,NA,14.9,2.6,8.36712364635577,NA,NA,NA
2504844,"James Harrison","PIT","LB",38,14,8,4.4,4.4,4.4,NA,17,0.175000000000001,0,0,NA,NA,NA,NA,NA,NA,NA
1974,"Quintin Demps","HOU","DB",31,8,9,4.4,4.4,4.4,NA,17,0.0499999999999998,0,0,NA,NA,NA,NA,NA,NA,NA
2532875,"Janoris Jenkins","NYG","DB",28,4,8,4.35,4.35,4.35,NA,18,0.225000000000001,0,0,NA,NA,NA,NA,NA,NA,NA
2552389,"Damarious Randall","GB","DB",24,1,4,4.35,4.35,4.35,NA,19,0.55,0,0,NA,NA,NA,NA,NA,NA,NA
71249,"Jonathan Casillas","NYG","LB",29,7,8,4.3,4.3,4.3,NA,18,0.149999999999999,0,0,NA,NA,NA,NA,NA,NA,NA
2507617,"Michael Bennett","SEA","DL",31,7,5,4.3,4.3,4.3,NA,5,0.0499999999999998,0,0,NA,NA,NA,NA,NA,NA,NA
2555346,"Will Fuller","HOU","WR",22,0,9,4.2825,3.748,4.703,0.559009540765331,32,0.79875,5,0.955,NA,17.7,1.1,3.33366882752818,NA,NA,NA
71265,"Jared Cook","GB","TE",29,7,4,4.262,3.646,5.054,0.72081204207477,16,0.776166666666667,0,1.408,NA,3.3,1.1,4.7375995726341,NA,NA,NA
496861,"Ndamukong Suh","MIA","DL",29,6,8,4.25,4.25,4.25,NA,6,0.0999999999999996,0,0,NA,NA,NA,NA,NA,NA,NA
2506314,"Cameron Wake","MIA","DL",34,7,8,4.25,4.25,4.25,NA,6,0.25,0,0,NA,NA,NA,NA,NA,NA,NA
2530491,"Josh Bynes","DET","LB",27,5,10,4.15,4.15,4.15,NA,19,0.125,0,0,NA,NA,NA,NA,NA,NA,NA
2550262,"Joe Thomas","GB","LB",NA,NA,4,4.15,4.15,4.15,NA,19,0.25,0,0,NA,NA,NA,NA,NA,NA,NA
2539931,"Ezekiel Ansah","DET","DL",27,3,10,4.05,4.05,4.05,NA,8,0.375000000000001,0,0,NA,NA,NA,NA,NA,NA,NA
2539322,"Christine Michael","GB","RB",26,3,4,4.0225,2.247,6.112,2.2002935410228,24,0.43875,5,3.865,NA,12.8,2.1,6.93275458510246,NA,NA,NA
2552629,"Frank Clark","SEA","DL",23,1,5,3.95,3.95,3.95,NA,9,0.775,0,0,NA,NA,NA,NA,NA,NA,NA
2543456,"Jadeveon Clowney","HOU","LB",23,2,9,3.9,3.9,3.9,NA,21,0.125,0,0,NA,NA,NA,NA,NA,NA,NA
2495507,"Richard Sherman","SEA","DB",28,5,5,3.9,3.9,3.9,NA,20,0.25,0,0,NA,NA,NA,NA,NA,NA,NA
2543869,"Devon Kennard","NYG","LB",25,2,8,3.9,3.9,3.9,NA,22,0.25,0,0,NA,NA,NA,NA,NA,NA,NA
2556885,"Jalen Richard","OAK","RB",23,0,10,3.8925,3.495,4.164,0.407298007197024,25,0.9525,5,0.669,NA,11.5,1,3.23417475918729,NA,NA,NA
2495872,"Johnathan Joseph","HOU","DB",32,10,9,3.7,3.7,3.7,NA,21,0.15,0,0,NA,NA,NA,NA,NA,NA,NA
2540137,"Jarvis Jones","PIT","LB",27,3,8,3.65,3.65,3.65,NA,23,4.44089209850063e-16,0,0,NA,NA,NA,NA,NA,NA,NA
2505010,"Julius Peppers","GB","LB",36,14,4,3.65,3.65,3.65,NA,24,0.0749999999999997,0,0,NA,NA,NA,NA,NA,NA,NA
2540190,"Jelani Jenkins","MIA","LB",24,3,8,3.65,3.65,3.65,NA,24,0.775,0,0,NA,NA,NA,NA,NA,NA,NA
2507855,"Victor Cruz","NYG","WR",30,6,8,3.6425,3.037,4.266,0.707171596337598,33,0.400833333333333,5,1.229,NA,20.8,1.1,3.56269891646382,NA,NA,NA
2495617,"Leon Hall","NYG","DB",32,9,8,3.6,3.6,3.6,NA,22,0.15,0,0,NA,NA,NA,NA,NA,NA,NA
80421,"Brian Cushing","HOU","LB",29,7,9,3.5,3.5,3.5,NA,26,1.4,0,0,NA,NA,NA,NA,NA,NA,NA
2504797,"Matt Bryant","ATL","K",41,14,11,3.5,3.5,3.5,NA,9,0.45,2,0,NA,NA,NA,NA,NA,NA,NA
2507783,"Sean Smith","OAK","DB",29,7,10,3.5,3.5,3.5,NA,23,0.475,0,0,NA,NA,NA,NA,NA,NA,NA
2553830,"Will Tye","NYG","TE",NA,NA,8,3.48666666666667,3.316,3.652,0.210317220724631,17,0.252916666666667,0,0.336,NA,6,1,3.71327735667344,NA,NA,NA
2535724,"Dominique Jones","MIA","TE",29,4,8,3.485,3.097,3.873,0.685893577750951,18,0.74,0,0.776,NA,NA,NA,4.8692181287525,NA,NA,NA
2507817,"Rafael Bush","DET","DB",29,6,10,3.4,3.4,3.4,NA,24,1.05,0,0,NA,NA,NA,NA,NA,NA,NA
2532801,"Andre Branch","MIA","DL",27,4,8,3.4,3.4,3.4,NA,10,0.475,0,0,NA,NA,NA,NA,NA,NA,NA
2543491,"Paul Richardson","SEA","WR",24,2,5,3.325,3.1425,3.5235,0.206599451435219,34,0.239583333333333,6,0.381,NA,22.6,4.5,7.05015576839039,NA,NA,NA
2550512,"Damien Williams","MIA","RB",24,2,8,3.275,2.567,4.247,0.992253327868779,26,0.7175,5,1.68,NA,14.1,2.7,6.61466728182132,NA,NA,NA
2556612,"Tanner McEvoy","SEA","WR",23,0,5,3.15833333333333,2.174,4.37,1.45808378817314,35,0.322083333333333,6,2.196,NA,NA,NA,6.2760790614246,NA,NA,NA
2556601,"Wil Lutz","NO","K",22,0,5,3.1,3.1,3.1,NA,10,0.2,2,0,NA,NA,NA,NA,NA,NA,NA
2550597,"Seth Roberts","OAK","WR",NA,NA,10,3.0125,2.168,4.103,1.14091702882667,36,0.55125,6,1.935,NA,22.8,1.3,4.48384755708697,NA,NA,NA
2506922,"Stephen Gostkowski","NE","K",32,10,9,3,3,3,NA,11,0.45,0,0,NA,NA,NA,NA,NA,NA,NA
2540200,"Dion Sims","MIA","TE",25,3,8,2.9825,2.12,4.171,1.23688789575558,19,0.51625,0,2.051,NA,8.1,1.6,6.68807057562764,NA,NA,NA
2550433,"Kerry Hyder","DET","DL",NA,NA,10,2.95,2.95,2.95,NA,11,0.0500000000000003,0,0,NA,NA,NA,NA,NA,NA,NA
2532826,"Mike Daniels","GB","DL",27,4,4,2.9,2.9,2.9,NA,12,0.125,0,0,NA,NA,NA,NA,NA,NA,NA
2550646,"Denico Autry","OAK","DL",NA,NA,10,2.9,2.9,2.9,NA,12,0.275,0,0,NA,NA,NA,NA,NA,NA,NA
2503471,"Adam Vinatieri","IND","K",44,20,10,2.8,2.8,2.8,NA,12,0.55,0,0,NA,NA,NA,NA,NA,NA,NA
2552470,"Sammie Coates","PIT","WR",23,1,8,2.66,1.0275,4.4265,1.86840841359698,37,0.43625,6,3.399,NA,23.1,2,6.48572475345813,NA,NA,NA
2534822,"Robert Golden","PIT","DB",26,4,8,2.65,2.65,2.65,NA,25,1.15,0,0,NA,NA,NA,NA,NA,NA,NA
2543483,"Stephon Tuitt","PIT","DL",23,2,8,2.65,2.65,2.65,NA,14,0.0499999999999998,0,0,NA,NA,NA,NA,NA,NA,NA
4433,"Marcel Reece","SEA","RB",31,8,5,2.605,2.121,3.089,0.855599205235723,27,0.11625,5,0.968,NA,19.5,1.9,5.17194344842367,NA,NA,NA
1344,"Ahtyba Rubin","SEA","DL",30,8,5,2.6,2.6,2.6,NA,15,0.1,0,0,NA,NA,NA,NA,NA,NA,NA
2539304,"Devin Taylor","DET","DL",27,3,10,2.6,2.6,2.6,NA,15,0.45,0,0,NA,NA,NA,NA,NA,NA,NA
2534571,"Bobby Rainey","NYG","RB",29,4,8,2.51,0.49,5.258,3.37115707139255,28,0.0912500000000001,5,4.768,NA,22.2,2,8.02157775488824,NA,NA,NA
2541316,"Ryan Griffin","HOU","TE",26,3,9,2.5075,2.004,2.893,0.508420757509631,20,0.165,0,0.888999999999999,NA,9.2,1.5,5.32431536874717,NA,NA,NA
2556118,"Dwayne Washington","DET","RB",NA,0,10,2.4675,1.818,3.271,0.810735262996909,29,0.19625,5,1.453,NA,18.2,1.4,4.31355794064826,NA,NA,NA
2552633,"Jesse James","PIT","TE",22,1,8,2.425,2.096,2.738,0.358747822293042,21,0.1975,0,0.642,NA,7.1,2.1,6.4674269670143,NA,NA,NA
2507473,"Jason Jones","MIA","DL",30,8,8,2.4,2.4,2.4,NA,17,0.525,0,0,NA,NA,NA,NA,NA,NA,NA
497206,"James Starks","GB","RB",30,6,4,2.37,1.978,2.762,0.692964645562817,30,0.292083333333333,5,0.784,NA,20.3,3.8,8.07791600282567,NA,NA,NA
2550636,"Cairo Santos","KC","K",25,2,5,2.3,2.3,2.3,NA,13,0.149999999999999,0,0,NA,NA,NA,NA,NA,NA,NA
80427,"Darrius Heyward-Bey","PIT","WR",29,7,8,2.2625,1.2385,3.1685,1.05704383384355,38,0.3,7,1.93,NA,28.3,2.9,6.35948759496126,NA,NA,NA
2541199,"Luke Willson","SEA","TE",26,3,5,2.26,1.348,3.1,0.973378994362765,22,0.18375,0,1.752,NA,10.7,1.5,6.04836219834204,NA,NA,NA
2495229,"Kelvin Sheppard","NYG","LB",28,5,8,2.25,2.25,2.25,NA,27,0.375,0,0,NA,NA,NA,NA,NA,NA,NA
2495150,"Kai Forbath","MIN","K",29,5,6,2.2,2.2,2.2,NA,14,0.15,0,0,NA,NA,NA,NA,NA,NA,NA
2552397,"Clive Walford","OAK","TE",25,1,10,2.195,1.309,3.033,0.947294392819184,23,0.274583333333334,0,1.724,NA,8.4,1.4,5.77837801981048,NA,NA,NA
2556460,"Geronimo Allison","GB","WR",22,0,4,2.185,1.304,3.218,1.05104709694666,39,0.596666666666667,7,1.914,NA,22.8,2.8,6.22488704787953,NA,NA,NA
2552477,"Aaron Ripkowski","GB","RB",NA,NA,4,2.1725,0.845,3.398,1.37647799352793,31,0.1975,6,2.553,NA,14.6,2.6,6.86307005887944,NA,NA,NA
2539227,"Dustin Hopkins","WAS","K",26,3,9,2.1,2.1,2.1,NA,15,0.1,0,0,NA,NA,NA,NA,NA,NA,NA
2555315,"Miles Killebrew","DET","DB",NA,0,10,2.05,2.05,2.05,NA,26,1.1,0,0,NA,NA,NA,NA,NA,NA,NA
2536340,"Justin Tucker","BAL","K",27,4,8,2,2,2,NA,16,0,0,0,NA,NA,NA,NA,NA,NA,NA
2539637,"Caleb Sturgis","PHI","K",27,3,4,2,2,2,NA,16,0.05,0,0,NA,NA,NA,NA,NA,NA,NA
2541556,"Brandon McManus","DEN","K",25,2,11,2,2,2,NA,16,0.1,0,0,NA,NA,NA,NA,NA,NA,NA
2555230,"Kenyan Drake","MIA","RB",NA,0,8,1.98333333333333,1.886,2.11,0.153731367434669,32,0.0675000000000001,6,0.224,NA,17.8,1.7,4.0979080637819,NA,NA,NA
2534770,"Jonathan Grimes","HOU","RB",27,4,9,1.96666666666667,1.658,2.258,0.376873099774093,33,0.639166666666667,6,0.6,NA,20.3,2.1,4.98466913943143,NA,NA,NA
2550313,"Richard Rodgers","GB","TE",24,2,4,1.9575,1.222,2.675,0.788601082085655,24,0.274583333333333,0,1.453,NA,11.1,1.1,4.84316268693304,NA,NA,NA
2530790,"Mike Morgan","SEA","LB",28,5,5,1.95,1.95,1.95,NA,28,0.15,0,0,NA,NA,NA,NA,NA,NA,NA
2556641,"Romeo Okwara","NYG","DL",21,0,8,1.9,1.9,1.9,NA,18,0.075,0,0,NA,NA,NA,NA,NA,NA,NA
71309,"Graham Gano","CAR","K",29,7,7,1.9,1.9,1.9,NA,19,NA,0,0,NA,NA,NA,NA,NA,NA,NA
2540259,"MarQueis Gray","MIA","TE",26,3,8,1.88333333333333,1.354,2.442,0.682959247198054,25,0.45375,0,1.088,NA,16.3,0.8,3.99056069402252,NA,NA,NA
2536044,"Jamize Olawale","OAK","RB",27,4,10,1.865,1.125,2.605,1.30814754519511,34,1.22,6,1.48,NA,22.1,2,5.81752281432078,NA,NA,NA
2506879,"Haloti Ngata","DET","DL",32,10,10,1.85,1.85,1.85,NA,19,0.0750000000000002,0,0,NA,NA,NA,NA,NA,NA,NA
2505916,"Vince Wilfork","HOU","DL",35,12,9,1.8,1.8,1.8,NA,20,0.1,0,0,NA,NA,NA,NA,NA,NA,NA
2555303,"Cory James","OAK","LB",23,0,10,1.8,1.8,1.8,NA,29,0.1,0,0,NA,NA,NA,NA,NA,NA,NA
71365,"DeAndre Levy","DET","LB",29,7,10,1.8,1.8,1.8,NA,30,0.3,0,0,NA,NA,NA,NA,NA,NA,NA
1720,"Letroy Guion","GB","DL",29,8,4,1.75,1.75,1.75,NA,21,0.15,0,0,NA,NA,NA,NA,NA,NA,NA
2495453,"Andre Holmes","OAK","WR",28,5,10,1.74,1.348,2.036,0.477598157450382,40,0.335,7,0.688,NA,29.3,2,4.33579915052606,NA,NA,NA
2543812,"Justin Ellis","OAK","DL",26,2,10,1.65,1.65,1.65,NA,22,0.125,0,0,NA,NA,NA,NA,NA,NA,NA
2552317,"Mike Hull","MIA","LB",22,1,8,1.6,1.6,1.6,NA,31,0.275,0,0,NA,NA,NA,NA,NA,NA,NA
2550242,"Mike Pennel","GB","DL",25,2,4,1.55,1.55,1.55,NA,23,0.0999999999999999,0,0,NA,NA,NA,NA,NA,NA,NA
2555248,"Jihad Ward","OAK","DL",22,0,10,1.5,1.5,1.5,NA,24,0.125,0,0,NA,NA,NA,NA,NA,NA,NA
2539995,"Mychal Rivera","OAK","TE",26,3,10,1.4825,1.12,1.791,0.368634869032579,26,0.124166666666667,0,0.671,NA,12.5,1.1,4.18917877827913,NA,NA,NA
2543750,"Jeff Janis","GB","WR",25,2,4,1.43666666666667,1.206,1.734,0.360185137579736,41,0.0966666666666669,7,0.528,NA,29.3,2.7,5.03161636959991,NA,NA,NA
2505988,"Antonio Smith","HOU","DL",35,12,9,1.4,1.4,1.4,NA,25,0.1,0,0,NA,NA,NA,NA,NA,NA,NA
2540221,"Vince Williams","PIT","LB",27,3,8,1.4,1.4,1.4,NA,32,0.575,0,0,NA,NA,NA,NA,NA,NA,NA
2537933,"Larry Donnell","NYG","TE",28,4,8,1.37666666666667,1.194,1.626,0.306159000085468,27,0.108333333333333,0,0.432,NA,15.8,0.4,2.48633827748118,NA,NA,NA
2539203,"Cobi Hamilton","PIT","WR",26,3,8,1.37333333333333,0.67,2.022,0.85324869371909,42,0.123333333333333,7,1.352,NA,25.5,2.4,5.41780572311981,NA,NA,NA
2535892,"Tyrunn Walker","DET","DL",26,4,10,1.35,1.35,1.35,NA,26,0.2,0,0,NA,NA,NA,NA,NA,NA,NA
2555311,"Jerell Adams","NYG","TE",24,0,8,1.34,0.796,1.836,0.658255269633294,28,0.501666666666667,0,1.04,NA,14.5,1.1,4.64018430139922,NA,NA,NA
497320,"Andre Roberts","DET","WR",28,6,10,1.30666666666667,0.726,2.078,0.94044315794913,43,0.330833333333333,7,1.352,NA,30.6,2,5.05126864923277,NA,NA,NA
2495982,"Mario Williams","MIA","DL",31,10,8,1.25,1.25,1.25,NA,27,0.325,0,0,NA,NA,NA,NA,NA,NA,NA
2550547,"Max Bullough","HOU","LB",24,2,9,1.25,1.25,1.25,NA,33,0.95,0,0,NA,NA,NA,NA,NA,NA,NA
2556463,"Stephen Anderson","HOU","TE",23,0,9,1.19666666666667,0.752,1.656,0.565891626845047,29,0.775,0,0.904,NA,NA,NA,4.49547689690908,NA,NA,NA
2556592,"Roger Lewis","NYG","WR",23,0,8,1.19333333333333,0.712,1.672,0.600027777134803,44,0.559166666666667,8,0.96,NA,30.2,1.5,3.89839811809017,NA,NA,NA
2555282,"Kenny Clark","GB","DL",21,0,4,1.05,1.05,1.05,NA,28,0.25,0,0,NA,NA,NA,NA,NA,NA,NA
2543762,"Keith McGill","OAK","DB",27,2,10,0.95,0.95,0.95,NA,27,NA,0,0,NA,NA,NA,NA,NA,NA,NA
2543547,"Jeoffrey Pagan","HOU","DL",23,2,9,0.8,0.8,0.8,NA,29,NA,0,0,NA,NA,NA,NA,NA,NA,NA
2553660,"Akeem Hunt","HOU","RB",23,1,9,0.79,0.348,1.28,0.505041252440498,35,0.3075,7,0.932,NA,20.4,1.4,3.98696400799171,NA,NA,NA
2552420,"Keith Mumphery","HOU","WR",24,1,9,0.758333333333333,0.37,1.182,0.513233215344967,45,0.263333333333333,8,0.812,NA,29,1.6,3.88956113449922,NA,NA,NA
2543836,"T.J. Jones","DET","WR",24,2,10,0.51,0.51,0.51,NA,46,0.116666666666667,9,0,NA,NA,NA,NA,NA,NA,NA
2550738,"Fitzgerald Toussaint","PIT","RB",26,2,8,0.5,0.278,0.75,0.301164406927512,36,0.1575,7,0.472,NA,25,1.1,3.28287579033575,NA,NA,NA
2495159,"Dwayne Harris","NYG","WR",29,5,8,0.48,0.268,0.732,0.302654919008431,47,0.174166666666667,9,0.464,NA,34.6,0.9,2.68673231902909,NA,NA,NA
497258,"Andrew Quarless","FA","TE",28,6,NA,0.48,0.48,0.48,NA,30,0.121666666666667,0,0,NA,NA,NA,NA,NA,NA,NA
497145,"Joique Bell","DET","RB",30,6,10,0.465,0.397,0.533,0.120208152801713,37,0.285,7,0.136,NA,NA,NA,2.70665993488516,NA,NA,NA
2553633,"Thurston Armbrister","DET","LB",NA,NA,10,0.4,0.4,0.4,NA,34,0.2,0,0,NA,NA,NA,NA,NA,NA,NA
2550521,"Xavier Grimble","PIT","TE",24,2,8,0.363333333333333,0.26,0.508,0.178978583448784,31,0.0541666666666666,0,0.248,NA,13.3,1,3.66447589631654,NA,NA,NA
79589,"David Johnson","PIT","TE",29,7,8,0.353333333333333,0.228,0.516,0.19731531449265,32,0.1025,0,0.288,NA,NA,NA,3.34756085081991,NA,NA,NA
2556805,"Johnny Holton","OAK","WR",25,0,10,0.306666666666667,0.158,0.47,0.197568553503166,48,0.00666666666666665,9,0.312,NA,35.4,1.6,3.40160417887907,NA,NA,NA
2539235,"Tavarres King","NYG","WR",26,3,8,0.305,0.301,0.309,0.00707106781186548,49,0.0508333333333333,9,0.00800000000000001,NA,37.3,2,3.60845461706705,NA,NA,NA
2556477,"Trevone Boykin","SEA","QB",23,0,5,0.304,0.0336,0.6608,0.434345484608739,21,0.101,4,0.6272,NA,NA,NA,4.44744640556173,NA,NA,NA
2555215,"Leonte Carroo","MIA","WR",22,0,8,0.295,0.221,0.349,0.0909670269933013,50,0.1275,9,0.128,NA,NA,NA,2.04947904309933,NA,NA,NA
2555289,"Nick Vannett","SEA","TE",NA,0,5,0.265,0.237,0.293,0.0494974746830584,33,0.0316666666666667,0,0.056,NA,NA,NA,2.88718815586106,NA,NA,NA
2539645,"Brandon Williams","SEA","TE",29,4,5,0.236666666666667,0.196,0.284,0.0568624070307733,34,0.0216666666666667,0,0.088,NA,17.3,1.3,4.16240632320263,NA,NA,NA
497242,"Clay Harbor","DET","TE",29,6,10,0.23,0.166,0.294,0.08,35,0.0725,0,0.128,NA,NA,NA,2.98218703963111,NA,NA,NA
2542065,"Matt McGloin","OAK","QB",27,3,10,0.222,0.222,0.222,NA,22,0.061,4,0,NA,NA,NA,NA,NA,NA,NA
2495467,"Taiwan Jones","OAK","RB",28,5,10,0.22,0.116,0.308,0.124899959967968,38,0.095,8,0.192,NA,NA,NA,2.71668509534483,NA,NA,NA
2555413,"Trevor Davis","GB","WR",23,0,4,0.213333333333333,0.062,0.326,0.185022521151706,51,0.1225,10,0.264,NA,NA,NA,2.34026251136024,NA,NA,NA
2543563,"Kevin Pierre-Louis","SEA","LB",25,2,5,0.2,0.2,0.2,NA,35,NA,0,0,NA,NA,NA,NA,NA,NA,NA
2553552,"Khari Lee","DET","TE",NA,NA,10,0.2,0.2,0.2,NA,36,0.1425,0,0,NA,NA,NA,NA,NA,NA,NA
264,"Josh Johnson","NYG","QB",30,8,8,0.184,0.0464,0.3216,0.243244732728172,23,0.0465,4,0.2752,NA,NA,NA,3.88075148176617,NA,NA,NA
2543695,"Jay Prosch","HOU","RB",24,2,9,0.14,0.092,0.188,0.0848528137423857,39,0.0425,8,0.096,NA,NA,NA,2.63111485500103,NA,NA,NA
2506481,"Dan Orlovsky","DET","QB",33,11,10,0.138,0.0336,0.2688,0.157721273137139,24,0.0055,4,0.2352,NA,NA,NA,3.62713808705821,NA,NA,NA
2508123,"T.J. Yates","MIA","QB",29,5,8,0.137,0.0274,0.2466,0.193747258045114,25,0.0696666666666667,4,0.2192,NA,NA,NA,3.73397043895206,NA,NA,NA
2539287,"Landry Jones","PIT","QB",27,3,8,0.128,-0.0136000000000001,0.2968,0.202741214359587,26,0.124666666666667,4,0.3104,NA,NA,NA,3.76064134075697,NA,NA,NA
2556190,"Jakeem Grant","MIA","WR",24,0,8,0.121666666666667,0.034,0.206,0.10774197572596,52,0.0916666666666667,10,0.172,NA,36.4,1,2.51076507774028,NA,NA,NA
2507405,"Matthew Mulligan","DET","TE",31,8,10,0.115,0.055,0.175,0.106066017177982,37,0.115,0,0.12,NA,17.7,1.9,5.61521440760153,NA,NA,NA
2541910,"George Winn","NYG","RB",26,3,8,0.11,0.022,0.198,0.15556349186104,40,0.03,8,0.176,NA,NA,NA,2.78220501476929,NA,NA,NA
2552636,"Michael Burton","DET","RB",24,1,10,0.085,0.049,0.121,0.0636396103067893,41,0.0475,9,0.072,NA,NA,NA,2.58578780707056,NA,NA,NA
2550235,"Roosevelt Nix","PIT","RB",NA,NA,8,0.075,0.039,0.111,0.0636396103067893,42,0.075,9,0.072,NA,NA,NA,2.58578780707056,NA,NA,NA
2556440,"J.D. McKissic","SEA","WR",23,0,5,0.06,0.06,0.06,NA,53,0.06,11,0,NA,NA,NA,NA,NA,NA,NA
2543605,"Zach Mettenberger","PIT","QB",25,2,8,0.00666666666666667,0,0.016,0.0115470053837925,27,0.00666666666666667,4,0.016,NA,NA,NA,3.19366927696621,NA,NA,NA
2532926,"Isaiah Pead","FA","RB",27,4,NA,0,0,0,NA,43,0,11,0,NA,NA,NA,NA,NA,NA,NA
2533047,"Orson Charles","DET","TE",25,4,10,0,0,0,NA,38,0,0,0,NA,NA,NA,NA,NA,NA,NA
2539256,"Aaron Dobson","ARI","WR",25,3,9,0,0,0,0,54,0,11,0,NA,NA,NA,1.76824392926379,NA,NA,NA
2550243,"Justin Perillo","FA","TE",25,2,NA,0,0,0,NA,38,0,0,0,NA,NA,NA,NA,NA,NA,NA
2550247,"Bryn Renner","FA","QB",26,2,NA,0,0,0,NA,28,0,5,0,NA,NA,NA,NA,NA,NA,NA
2552383,"Terrence Magee","BAL","RB",23,1,8,0,0,0,NA,43,0,11,0,NA,NA,NA,NA,NA,NA,NA
2555462,"Kelvin Taylor","SEA","RB",23,0,5,0,0,0,0,43,0.113333333333333,10,0,NA,NA,NA,2.44980666327914,NA,NA,NA
2555471,"Kenny Lawler","FA","WR",22,0,NA,0,0,0,NA,54,0,0,0,NA,NA,NA,NA,NA,NA,NA
2555483,"Thomas Duarte","MIA","TE",21,0,8,0,0,0,0,38,0,0,0,NA,NA,NA,2.73303026908061,NA,NA,NA
2555573,"Anthony Dable","FA","WR",NA,2016,NA,0,0,0,NA,54,0,0,0,NA,NA,NA,NA,NA,NA,NA
2556232,"Jake Rudock","DET","QB",23,0,10,0,0,0,0,28,0.0356666666666667,4,0,NA,NA,NA,3.15942749993686,NA,NA,NA
2556473,"Jace Billingsley","FA","WR",23,0,NA,0,0,0,NA,54,NA,11,0,NA,NA,NA,NA,NA,NA,NA
2556492,"Joe Callahan","GB","QB",23,0,4,0,0,0,0,28,0.111666666666667,4,0,NA,NA,NA,3.15942749993686,NA,NA,NA
2556507,"Marshaun Coprich","FA","RB",22,0,NA,0,0,0,NA,43,0.226666666666667,11,0,NA,NA,NA,NA,NA,NA,NA
2556818,"Ryan OMalley","OAK","TE",23,2016,10,0,0,0,NA,38,NA,0,0,NA,NA,NA,NA,NA,NA,NA
2552588,"Brett Hundley","GB","QB",23,1,4,-0.0713333333333333,-0.2048,0.0304,0.162263160739995,31,0.0806666666666666,5,0.2352,NA,NA,NA,3.64060671354795,NA,NA,NA
2532970,"Brandon Weeden","HOU","QB",33,4,9,-0.152,-0.3648,0,0.263271722750469,32,NA,5,0.3648,NA,NA,NA,3.94014001620602,NA,NA,NA
2555234,"Tyler Ervin","HOU","RB",23,0,9,-0.226666666666667,-0.274,-0.186,0.0568624070307733,47,NA,11,0.088,NA,25.3,1.2,3.18396201895346,NA,NA,NA
