"playerId","player","team","position","age","exp","bye","points","lower","upper","sdPts","positionRank","dropoff","tier","ptSpread","overallECR","positionECR","sdRank","risk","sleeper","actualPoints","salary"
2504211,"Tom Brady","NE","QB",40,17,9,19.1562,16.96,21.25488,2.69259081926683,1,3.5536,1,4.29488,NA,1.2,0.4,5.7909933392571,NA,NA,NA
2540175,"LeVeon Bell","PIT","RB",25,4,9,17.0103333333333,16.2528,17.844,1.00806762339306,1,2.40733333333333,1,1.5912,NA,1.1,0.2,2.23520236744102,NA,NA,NA
2504775,"Drew Brees","NO","QB",38,16,5,15.7354,13.23524,17.88324,3.00347823031897,2,0.533733333333332,2,4.648,NA,3.1,1.5,9.96064335520101,NA,NA,NA
2506109,"Ben Roethlisberger","PIT","QB",35,13,9,15.4698,12.99388,17.69788,2.98856623148961,3,0.944033333333334,2,4.704,NA,3.9,1.2,8.90863123010753,NA,NA,NA
2558019,"Alvin Kamara","NO","RB",21,0,5,14.9986666666667,11.1752,19.8472,5.85677772613349,2,0.962,1,8.672,NA,3.1,0.8,9.17264550804931,NA,NA,NA
2532888,"Case Keenum","MIN","QB",29,5,9,14.9335333333333,13.64,16.04048,1.55373532280544,4,1.03593333333333,2,2.40048,NA,3.6,1.1,6.81522801759153,NA,NA,NA
2556075,"Derrick Henry","TEN","RB",23,1,8,14.2073333333333,12.9816,15.412,1.51968461640346,3,1.52916666666667,2,2.4304,NA,5.2,1.3,6.35060118879222,NA,NA,NA
310,"Matt Ryan","ATL","QB",32,9,5,14.118,13.6228,14.6468,0.644121106625144,5,0.920900000000001,2,1.024,NA,3.4,1.1,5.70657822528288,NA,NA,NA
2557973,"Leonard Fournette","JAC","RB",21,0,8,13.866,12.5384,15.02,1.5958909737197,4,2.3875,2,2.4816,NA,2.7,1.6,7.40795214882161,NA,NA,NA
2552466,"Marcus Mariota","TEN","QB",24,2,8,13.6772,13.072,14.39328,0.859985767324089,6,1.66416666666667,2,1.32128,NA,6.1,0.9,5.28045212848585,NA,NA,NA
2543477,"Blake Bortles","JAC","QB",26,3,8,12.717,11.05,14.6508,2.32344937538996,7,6.82641666666667,3,3.6008,NA,7.3,0.4,5.34107888342863,NA,NA,NA
2495454,"Julio Jones","ATL","WR",28,6,5,12.3553333333333,10.7536,14.3136,2.35509688406514,1,1.0785,1,3.56,NA,1.6,0.8,4.7452697045292,NA,NA,NA
497240,"Rob Gronkowski","NE","TE",28,7,9,12.0923333333333,10.5094,13.6374,1.95671825599225,1,3.70233333333333,1,3.128,NA,1.1,0.3,4.91833017602961,NA,NA,NA
2495469,"Dion Lewis","NE","RB",27,6,9,11.4903333333333,9.3362,13.9202,2.92653555135306,5,0.0739999999999998,3,4.584,NA,4.4,1.5,8.44805893516381,NA,NA,NA
2543583,"Devonta Freeman","ATL","RB",25,3,5,11.4666666666667,10.234,12.642,1.51011037124223,6,0.724166666666667,3,2.408,NA,6.5,1.4,6.6671334355299,NA,NA,NA
2556370,"Michael Thomas","NO","WR",23,1,5,11.4243333333333,9.0366,13.8606,3.01683051120432,2,0.353999999999999,1,4.824,NA,3.2,1,5.9953611871059,NA,NA,NA
2541161,"Latavius Murray","MIN","RB",27,4,9,11.366,9.9816,12.8056,1.76904154840976,7,1.704,3,2.824,NA,7.6,1.1,5.95394330445503,NA,NA,NA
2532842,"Nick Foles","PHI","QB",28,5,10,11.3090666666667,9.88,13.18176,2.27617367820062,8,10.9022166666667,3,3.30176,NA,7.5,0.7,6.31729582519175,NA,NA,NA
2506922,"Stephen Gostkowski","NE","K",33,11,9,11.2642105263158,9.93978947368421,12.6707368421053,1.71607391894722,1,1.83757082291168,1,2.73094736842105,NA,1.4,0.9,4.88118282575293,NA,NA,NA
2543498,"Brandin Cooks","NE","WR",24,3,9,11.1293333333333,9.0792,12.6072,2.52925489686851,3,0.307666666666668,1,3.528,NA,4.5,1.3,6.13244631759503,NA,NA,NA
2508061,"Antonio Brown","PIT","WR",29,7,9,11.0113333333333,7.3682,14.361,4.41644317673548,4,1.39066666666667,1,6.9928,NA,1.9,1.1,7.87534951374275,NA,NA,NA
2541785,"Adam Thielen","MIN","WR",27,3,9,10.632,8.372,13.148,3.03602124498496,5,2.311,1,4.776,NA,4.4,1.2,6.49096605501296,NA,NA,NA
2552582,"Jay Ajayi","PHI","RB",24,2,10,10.119,8.8774,11.7494,1.98257736292938,8,1.42366666666667,3,2.872,NA,8.9,0.7,4.86777130866685,NA,NA,NA
2550545,"Chris Boswell","PIT","K",28,3,9,10.036884057971,8.93765217391304,11.4995652173913,1.78410330149971,2,1.59646416133019,1,2.56191304347826,NA,3.9,1.3,6.15762142799953,NA,NA,NA
2495466,"Mark Ingram","NO","RB",28,6,5,9.205,6.816,11.084,2.88700103914079,9,1.89683333333333,3,4.268,NA,5.7,1.3,7.7547314489771,NA,NA,NA
2540158,"Zach Ertz","PHI","TE",27,4,10,9.14166666666667,7.235,11.675,3.0889251096997,2,2.32716666666667,2,4.44,NA,2,0.4,6.46939111220237,NA,NA,NA
2556601,"Wil Lutz","NO","K",23,1,5,8.81639534883721,8.53927906976744,9.09351162790698,0.48987700026854,3,0.778975386501992,2,0.554232558139535,NA,3.3,0.8,1.84426157870096,NA,NA,NA
2532903,"Rishard Matthews","TEN","WR",28,5,8,8.60933333333333,5.867,12.143,4.28034558573643,6,0.581999999999999,2,6.276,NA,13,2.2,10.3174300233175,NA,NA,NA
2543715,"Jerick McKinnon","MIN","RB",25,3,9,8.18566666666667,7.436,9.0496,1.03840085387741,10,1.88,4,1.6136,NA,11,0.6,3.57180937587019,NA,NA,NA
2495150,"Kai Forbath","MIN","K",30,6,9,8.06444444444444,6.85755555555556,9.01311111111111,1.45861722104563,4,0.653605678690424,2,2.15555555555556,NA,4.8,1.6,6.26869917940025,NA,NA,NA
2552608,"Stefon Diggs","MIN","WR",24,2,9,8.03266666666667,7.0972,8.7052,1.15502828248201,7,0.189166666666667,2,1.608,NA,6,0.6,2.86305461335813,NA,NA,NA
2557895,"Dede Westbrook","JAC","WR",24,0,8,8.022,5.704,10.112,2.79887477390469,8,0.389666666666667,2,4.408,NA,12.9,1.2,6.21250396322797,NA,NA,NA
2504797,"Matt Bryant","ATL","K",42,15,5,8.01039548022599,6.95301694915254,8.88793220338983,1.27045973955212,5,1.32609738024444,2,1.93491525423729,NA,2.7,1.3,5.0031403935547,NA,NA,NA
100015,"Jaguars","JAC","DST",NA,NA,8,7.72,7.416,8.024,0.537401153701776,1,0.9075,1,0.608,NA,2,1,3.6024464679738,NA,NA,NA
2533040,"Mohamed Sanu","ATL","WR",28,5,5,7.665,5.6898,10.3698,3.32428293019713,9,0.352166666666666,2,4.68,NA,8.4,1.3,7.06598400921626,NA,NA,NA
2495438,"Kyle Rudolph","MIN","TE",28,6,9,7.63833333333333,6.249,9.361,2.07457425351163,3,2.119,2,3.112,NA,3.9,0.3,5.05670259584851,NA,NA,NA
2558149,"JuJu Smith-Schuster","PIT","WR",21,0,9,7.59966666666667,5.912,9.3032,2.11977836891816,10,1.04766666666667,2,3.3912,NA,8.1,1.3,5.6516308536731,NA,NA,NA
100021,"Patriots","NE","DST",NA,NA,9,7.11,6.798,11.422,4.08707719525824,2,0.657500000000001,1,4.624,NA,2.9,1.4,7.7554407559187,NA,NA,NA
2533039,"Alshon Jeffery","PHI","WR",27,5,10,7.026,5.324,8.8904,2.25656110043579,11,1.09716666666667,2,3.5664,NA,7.8,1.6,6.52184994233495,NA,NA,NA
2558172,"Jake Elliott","PHI","K",22,0,10,6.81128205128205,5.16676923076923,8.10830769230769,1.98644002784401,6,0.320096241309339,3,2.94153846153846,NA,6.5,1.9,8.29770017531876,NA,NA,NA
89802,"Ryan Succop","TEN","K",31,8,8,6.55731414868106,5.73136690647482,7.32618705035971,1.00439290111243,7,3.34478541304887,3,1.59482014388489,NA,6.9,0.8,3.00070330882271,NA,NA,NA
100025,"Eagles","PHI","DST",NA,NA,10,6.515,6.423,6.607,0.162634559672906,3,0.2,2,0.184,NA,6.3,1.4,4.78465114218036,NA,NA,NA
2539265,"Rex Burkhead","NE","RB",27,4,9,6.43066666666667,3.338,8.9396,3.72212860247108,11,1.13833333333333,4,5.6016,NA,10.4,1.7,9.91780119652265,NA,NA,NA
2553833,"Josh Lambo","JAC","K",27,2,8,6.42505747126437,5.60786206896552,7.30275862068966,1.06737954279949,8,6.42505747126437,3,1.69489655172414,NA,6.6,1.3,4.54669111045016,NA,NA,NA
100020,"Vikings","MIN","DST",NA,NA,9,6.39,6.462,10.318,3.40825468531916,4,0.325,2,3.856,NA,4.4,0.7,4.67624646868224,NA,NA,NA
100027,"Steelers","PIT","DST",NA,NA,9,6.24,5.792,10.688,4.32749350086167,5,0.5,2,4.896,NA,1.9,1.4,7.93743507459817,NA,NA,NA
2552453,"Tevin Coleman","ATL","RB",24,2,5,6.18066666666667,5.2244,7.4804,1.59407695339131,12,1.815,5,2.256,NA,11.8,0.9,5.12153939510447,NA,NA,NA
2507166,"Ted Ginn","NO","WR",32,10,5,6.078,5.7832,6.2952,0.361423574217289,12,0.389666666666665,2,0.512000000000001,NA,10.4,1.1,3.1138650370703,NA,NA,NA
2495966,"Delanie Walker","TEN","TE",33,11,8,5.99066666666667,5.7696,6.1776,0.265492623877451,4,1.61433333333333,3,0.407999999999999,NA,3,0.4,3.15445429539539,NA,NA,NA
100001,"Falcons","ATL","DST",NA,NA,5,5.89,5.562,6.218,0.579827560572969,6,0.530000000000001,3,0.656,NA,4.9,1.4,5.10046481283003,NA,NA,NA
2530515,"Chris Hogan","NE","WR",29,6,9,5.77966666666667,4.4846,6.8766,1.55532676095197,13,0.319166666666668,2,2.392,NA,14.3,2.6,8.06380030467745,NA,NA,NA
2552600,"Nelson Agholor","PHI","WR",24,2,10,5.597,5.489,5.7258,0.154699709114142,14,0.567333333333334,2,0.236800000000001,NA,10.9,1.8,4.52687331918932,NA,NA,NA
100012,"Titans","TEN","DST",NA,NA,8,5.59,5.102,6.078,0.862670273047588,7,0.46,3,0.975999999999999,NA,7.9,0.5,2.01629695011974,NA,NA,NA
2543475,"Marqise Lee","JAC","WR",26,3,8,5.324,4.32,6.3136,1.24638998712281,15,0.596833333333333,3,1.9936,NA,18.5,1.4,4.86261624982244,NA,NA,NA
100022,"Saints","NO","DST",NA,NA,5,5.13,4.434,5.826,1.23036579926459,8,NA,3,1.392,NA,5.6,1,4.12701832769697,NA,NA,NA
2540215,"Vance McDonald","PIT","TE",27,4,9,5.048,2.7072,7.936,3.4761173743129,5,1.67733333333333,3,5.2288,NA,8.2,1.5,9.36333530817752,NA,NA,NA
2649,"Danny Amendola","NE","WR",32,9,9,4.73533333333333,4.2012,5.1612,0.644162505376814,16,0.226166666666666,3,0.96,NA,19.1,2.5,6.75735779276774,NA,NA,NA
2543572,"Martavis Bryant","PIT","WR",26,3,9,4.719,3.442,5.9372,1.56468750873777,17,0.547000000000001,3,2.4952,NA,15.6,1.7,5.94597360661945,NA,NA,NA
497149,"LeGarrette Blount","PHI","RB",31,7,10,4.404,3.054,5.7276,1.67197727257281,13,0.907166666666666,6,2.6736,NA,13.5,0.9,5.20153711444862,NA,NA,NA
2559150,"Corey Clement","PHI","RB",NA,0,10,4.32733333333333,2.692,5.8296,1.98204978074047,14,2.25666666666667,6,3.1376,NA,15,1,5.84632233281405,NA,NA,NA
2557848,"Corey Davis","TEN","WR",22,0,8,4.29933333333333,3.8116,4.8036,0.621032473654424,18,0.421,4,0.992,NA,17.3,1.4,4.12830904921086,NA,NA,NA
2550353,"Allen Hurns","JAC","WR",26,3,8,4.04466666666667,2.5436,5.2876,1.80376448943129,19,0.874166666666666,4,2.744,NA,22.8,1.3,5.28056108605587,NA,NA,NA
497284,"Eric Decker","TEN","WR",30,7,8,3.712,2.9008,4.808,1.34204023784684,20,1.19233333333333,4,1.9072,NA,16.1,1.8,5.9210721271492,NA,NA,NA
2555415,"Austin Hooper","ATL","TE",NA,1,5,3.70466666666667,3.1068,4.3708,0.803707243549125,6,0.691333333333333,4,1.264,NA,5.4,0.5,4.0081205761655,NA,NA,NA
2495888,"Marcedes Lewis","JAC","TE",33,11,8,3.03666666666667,2.628,3.404,0.493186915208963,7,0.410666666666667,5,0.776,NA,8.2,0.7,4.08706279791346,NA,NA,NA
2552633,"Jesse James","PIT","TE",23,2,9,2.99,2.286,3.518,0.859127464349732,8,0.797166666666667,5,1.232,NA,6.3,1.3,5.84726061761302,NA,NA,NA
2543773,"James White","NE","RB",25,3,9,2.66633333333333,1.8432,3.476,1.02091641838758,15,1.21433333333333,7,1.6328,NA,13.6,1,4.85931126813953,NA,NA,NA
2495459,"Torrey Smith","PHI","WR",28,6,10,2.629,2.0946,3.2226,0.71655634809832,21,0.285,5,1.128,NA,21,0.6,2.34819216787748,NA,NA,NA
2550617,"Taylor Gabriel","ATL","WR",26,3,5,2.41033333333333,1.681,3.241,0.999378973829915,22,0.186666666666667,5,1.56,NA,23.5,0.7,2.91682347051727,NA,NA,NA
2532978,"Jarius Wright","MIN","WR",28,5,9,2.27766666666667,1.281,3.2314,1.22253888827036,23,0.168,5,1.9504,NA,30.8,2,6.25382199886041,NA,NA,NA
2541834,"Josh Hill","NO","TE",27,4,5,2.262,1.545,3.0162,0.923020584819212,9,0.418916666666667,6,1.4712,NA,7.2,0.7,4.59172209600158,NA,NA,NA
2552418,"Justin Hardy","ATL","WR",26,2,5,2.16966666666667,1.1352,3.272,1.34355883136293,24,0.295,5,2.1368,NA,28.6,2.5,7.57860283611022,NA,NA,NA
2550284,"Trey Burton","PHI","TE",26,3,10,2.12366666666667,1.2922,2.8202,0.998684301134915,10,0.806166666666667,6,1.528,NA,11.7,1.2,5.7893525374274,NA,NA,NA
2550328,"Brandon Coleman","NO","WR",25,3,5,2.04966666666667,1.7378,2.4258,0.451951693583876,25,0.414083333333333,5,0.688000000000001,NA,22.2,1.7,4.63937713364495,NA,NA,NA
2555214,"Laquon Treadwell","MIN","WR",22,1,9,1.69966666666667,1.0558,2.5118,0.980214432322506,26,0.324916666666667,6,1.456,NA,27.4,1.7,5.25967372322159,NA,NA,NA
2557870,"Taywan Taylor","TEN","WR",NA,0,8,1.5715,0.8135,2.3295,1.33996735034851,27,0.411,6,1.516,NA,28.1,1.6,5.44556737399784,NA,NA,NA
2558207,"Jonnu Smith","TEN","TE",22,0,8,1.5625,0.4925,2.6325,1.89151063967401,11,0.5665,6,2.14,NA,11,0.9,6.17232537379447,NA,NA,NA
2553650,"Corey Grant","JAC","RB",NA,NA,8,1.475,1.215,1.735,0.459619407771256,16,0.120666666666666,8,0.52,NA,20.1,0.8,3.63017326987536,NA,NA,NA
2539663,"Mike Gillislee","NE","RB",27,4,9,1.429,0.4858,2.3722,1.66735779003788,17,0.305666666666667,8,1.8864,NA,19.9,1.8,8.13407168937624,NA,NA,NA
2552471,"T.J. Yeldon","JAC","RB",24,2,8,1.27966666666667,0.456,2.2152,1.12585981957495,18,0.368833333333333,8,1.7592,NA,15.4,0.9,4.64071591123785,NA,NA,NA
2557034,"Marvin Hall","ATL","WR",24,1,5,1.178,0.5204,1.8356,1.16248354827068,28,0.06175,6,1.3152,NA,NA,NA,4.86358793312427,NA,NA,NA
2558262,"Mack Hollins","PHI","WR",24,0,10,1.143,0.8094,1.4766,0.589727055509581,29,0.080916666666667,6,0.6672,NA,33.7,0.8,2.67233742350319,NA,NA,NA
2532841,"Michael Floyd","MIN","WR",28,5,9,1.0895,0.4731,1.7059,1.08965154980847,30,0.111416666666667,6,1.2328,NA,31.1,1.6,5.15164159425634,NA,NA,NA
2555306,"David Morgan","MIN","TE",24,1,9,1.0725,0.5185,1.6265,0.979342891943368,12,0.184,7,1.108,NA,NA,NA,4.93317460052588,NA,NA,NA
2550256,"Willie Snead","NO","WR",25,3,5,1.03466666666667,0.3032,1.9,1.03923305053935,31,0.152166666666667,6,1.5968,NA,25.1,1,3.67322700945222,NA,NA,NA
2495470,"Stevan Ridley","PIT","RB",28,6,9,0.967,0.3642,1.5482,0.741476230232635,19,0.116666666666666,8,1.184,NA,18.4,0.8,3.91961884873067,NA,NA,NA
2556752,"Tommylee Lewis","NO","WR",25,1,5,0.9215,-0.0516999999999999,1.8947,1.72039079862687,32,0.13625,6,1.9464,NA,33.8,1.5,5.65573277153952,NA,NA,NA
2540203,"Levine Toilolo","ATL","TE",26,4,5,0.9195,0.2959,1.5431,1.10237947186983,13,0.12825,7,1.2472,NA,13.8,1.2,5.91109900769731,NA,NA,NA
2507218,"Brent Celek","PHI","TE",32,10,10,0.8575,0.4755,1.2395,0.675286976033153,14,0.19,7,0.764,NA,15.7,0.6,4.07910388434711,NA,NA,NA
2507999,"Chris Ivory","JAC","RB",29,7,8,0.854666666666667,0.1392,1.672,0.983059170820014,20,0.107916666666667,8,1.5328,NA,17.2,0.5,3.18861339448849,NA,NA,NA
2553762,"Terron Ward","ATL","RB",NA,NA,5,0.846,0.846,0.846,NA,21,0.270583333333333,9,0,NA,NA,NA,NA,NA,NA,NA
71217,"Kenny Britt","NE","WR",29,8,9,0.8435,0.4783,1.2087,0.645588491223318,33,0.1825,6,0.7304,NA,27.5,2.6,6.99556757740338,NA,NA,NA
2540151,"Justin Hunter","PIT","WR",26,4,9,0.727,0.5166,0.9374,0.371938166904124,34,0.171,7,0.4208,NA,NA,NA,3.00703978763841,NA,NA,NA
2533046,"Dwayne Allen","NE","TE",27,5,9,0.725,0.201,1.249,0.926309883354377,15,0.1275,7,1.048,NA,10.8,1.3,5.92613818076317,NA,NA,NA
2539289,"Kenjon Barner","PHI","RB",28,4,10,0.6475,0.2895,1.0055,0.63286056916196,22,0.145833333333333,9,0.716,NA,NA,NA,4.00010052645216,NA,NA,NA
2553451,"Neal Sterling","NYJ","TE",NA,NA,11,0.61,0.61,0.61,NA,16,0.106,7,0,NA,NA,NA,NA,NA,NA,NA
2540279,"Nick Williams","ATL","WR",27,4,5,0.595,0.5838,0.6062,0.0197989898732233,35,0.0892500000000001,7,0.0224,NA,NA,NA,2.18006217006063,NA,NA,NA
497246,"Michael Hoomanawanui","NO","TE",29,7,5,0.585,0.325,0.845,0.459619407771256,17,0.18325,7,0.52,NA,15,0.7,4.04765184446851,NA,NA,NA
2552424,"Phillip Dorsett","NE","WR",24,2,9,0.517,0.4386,0.5954,0.138592929112563,36,0.0747499999999999,7,0.1568,NA,30.3,1.9,4.74449578228232,NA,NA,NA
2550289,"David Fluellen","TEN","RB",25,3,8,0.503333333333333,0.132,0.892,0.476480149988783,23,0.0760833333333334,9,0.76,NA,NA,NA,3.67891886723992,NA,NA,NA
2495207,"DeMarco Murray","TEN","RB",29,6,8,0.5,0.1,0.9,0.707106781186548,24,0.17725,9,0.8,NA,18.6,0.8,3.88432403135776,NA,NA,NA
80427,"Darrius Heyward-Bey","PIT","WR",30,8,9,0.4945,0.3349,0.6541,0.282135605693432,37,0.143,7,0.3192,NA,NA,NA,2.79614388917982,NA,NA,NA
2543465,"Teddy Bridgewater","MIN","QB",25,3,9,0.4721,0.17298,0.77122,0.5287744509713,9,0.1721,4,0.59824,NA,NA,NA,4.29657634535276,NA,NA,NA
2495234,"Luke Stocker","TEN","TE",29,6,8,0.423,0.2766,0.5694,0.258801081914276,18,0.0695,7,0.2928,NA,NA,NA,3.24122652943994,NA,NA,NA
2553737,"Eli Rogers","PIT","WR",NA,NA,9,0.39,0.39,0.39,NA,38,0.09025,7,0,NA,32.6,2.2,8.44916117595566,NA,NA,NA
2558023,"Eric Saubert","ATL","TE",23,0,5,0.3805,0.2681,0.4929,0.19869700551342,19,0.086,7,0.2248,NA,NA,NA,3.10009249014425,NA,NA,NA
2550738,"Fitzgerald Toussaint","PIT","RB",27,3,9,0.3545,0.2549,0.4541,0.17606958851545,25,0.06825,9,0.1992,NA,23.7,1.4,5.29717473379986,NA,NA,NA
81294,"Brian Hoyer","NE","QB",32,8,9,0.3416,0.11952,0.56368,0.392585684914771,10,0.08645,4,0.44416,NA,NA,NA,3.96459902020195,NA,NA,NA
2535535,"Phillip Supernaw","TEN","TE",27,5,8,0.3265,0.2093,0.4437,0.207182286887658,20,0.07525,8,0.2344,NA,NA,NA,3.12001729569187,NA,NA,NA
2556855,"Marcus Johnson","PHI","WR",23,1,10,0.313,0.313,0.313,NA,39,0.0455,8,0,NA,NA,NA,NA,NA,NA,NA
2553867,"Mack Brown","MIN","RB",NA,NA,9,0.291,0.291,0.291,NA,26,0.022,9,0,NA,NA,NA,NA,NA,NA,NA
222,"Harry Douglas","TEN","WR",33,9,8,0.2865,0.1261,0.4469,0.283549819255806,40,0.06225,8,0.3208,NA,NA,NA,2.79946508443114,NA,NA,NA
2556803,"C.J. Ham","MIN","RB",24,1,9,0.2815,0.0563,0.5067,0.398101117808026,27,0.0302499999999999,9,0.4504,NA,NA,NA,3.5179402246684,NA,NA,NA
2552396,"Ben Koyack","JAC","TE",24,2,8,0.2625,0.2461,0.2789,0.0289913780286485,21,0.04325,8,0.0328,NA,NA,NA,2.70159637919172,NA,NA,NA
81284,"Chase Daniel","NO","QB",31,8,5,0.2584,0.05488,0.46192,0.359775930267715,11,0.01125,4,0.40704,NA,NA,NA,3.88462109763187,NA,NA,NA
2532797,"Brandon Bolden","NE","RB",27,5,9,0.2565,0.2033,0.3097,0.0940452018978108,28,0.0110000000000001,9,0.1064,NA,NA,NA,2.89345549645449,NA,NA,NA
2555427,"Nate Sudfeld","PHI","QB",24,1,10,0.2519,0.05038,0.45342,0.356240396361783,12,0.01935,4,0.40304,NA,NA,NA,3.8760027870101,NA,NA,NA
2558258,"Shelton Gibson","PHI","WR",22,0,10,0.2485,0.2473,0.2497,0.00212132034355962,41,0.0985,8,0.00239999999999999,NA,NA,NA,2.13854722941917,NA,NA,NA
2559325,"Trey Edmunds","NO","RB",NA,NA,5,0.246,0.246,0.246,NA,29,0.00500000000000003,9,0,NA,NA,NA,NA,NA,NA,NA
2539303,"Zach Line","NO","RB",27,4,5,0.245,0.169,0.321,0.134350288425444,30,0.017,9,0.152,NA,21.2,1,3.94887509547755,NA,NA,NA
2505982,"Matt Schaub","ATL","QB",36,13,5,0.2424,0.07088,0.41392,0.303207387772792,13,0.0708,4,0.34304,NA,NA,NA,3.74672812768346,NA,NA,NA
2553318,"James OShaughnessy","FA","TE",NA,NA,NA,0.24,0.24,0.24,NA,22,0.09075,8,0,NA,NA,NA,NA,NA,NA,NA
2555227,"Jonathan Williams","NO","RB",23,1,5,0.237,0.0474,0.4266,0.335168614282424,31,0.037,9,0.3792,NA,NA,NA,3.38868640882878,NA,NA,NA
2539287,"Landry Jones","PIT","QB",28,4,9,0.2227,0.06374,0.38166,0.281004234843534,14,0.1295,4,0.31792,NA,NA,NA,3.6926051369787,NA,NA,NA
2555461,"Wendell Smallwood","PHI","RB",23,1,10,0.219,0.0438,0.3942,0.309712770159708,32,0.06125,9,0.3504,NA,NA,NA,3.33640396646668,NA,NA,NA
497320,"Andre Roberts","ATL","WR",29,7,5,0.2,0.128,0.272,0.127279220613579,42,0.1005,8,0.144,NA,NA,NA,2.43247300916068,NA,NA,NA
2550521,"Xavier Grimble","PIT","TE",25,3,9,0.1985,0.1757,0.2213,0.0403050865276332,23,0.1025,8,0.0456,NA,17.2,0.4,2.89006601552844,NA,NA,NA
2508101,"James Develin","NE","RB",29,7,9,0.181,0.1738,0.1882,0.0127279220613578,33,0.059,10,0.0144,NA,NA,NA,2.72644213890892,NA,NA,NA
2550235,"Roosevelt Nix","PIT","RB",NA,NA,9,0.1345,0.0429,0.2261,0.161927452891719,34,0.03975,10,0.1832,NA,22.5,0.9,3.65083048141035,NA,NA,NA
2506562,"Matt Cassel","TEN","QB",35,12,8,0.1205,0.0801,0.1609,0.0714177848998413,15,0.08755,4,0.0808,NA,NA,NA,3.18171168331983,NA,NA,NA
2540225,"Tommy Bohanon","JAC","RB",27,4,8,0.1095,0.0219,0.1971,0.154856385079854,35,0.04575,10,0.1752,NA,22.9,1.3,4.94902611246898,NA,NA,NA
497270,"Arrelious Benn","JAC","WR",29,7,8,0.1,0.1,0.1,NA,43,0.048,8,0,NA,NA,NA,NA,NA,NA,NA
2558956,"Jacob Hollister","NE","TE",24,0,9,0.1,0.1,0.1,NA,24,0.00799999999999999,8,0,NA,17.5,2.1,10.591776285633,NA,NA,NA
2507029,"Eric Weems","TEN","WR",32,10,8,0.099,0.0406,0.1574,0.103237590053236,44,0.0965,8,0.1168,NA,NA,NA,2.3760126898883,NA,NA,NA
2557033,"Garrett Griffin","NO","TE",NA,NA,5,0.092,0.092,0.092,NA,25,NA,0,0,NA,NA,NA,NA,NA,NA,NA
2552464,"Jalston Fowler","FA","RB",NA,NA,NA,0.08,0.08,0.08,NA,36,0.05625,11,0,NA,NA,NA,NA,NA,NA,NA
252,"Chad Henne","JAC","QB",32,9,8,0.0659,0.01638,0.11542,0.0875398195108946,16,0.0659,5,0.09904,NA,NA,NA,3.22101117975513,NA,NA,NA
2534871,"Derrick Coleman","ATL","RB",27,5,5,0.0475,0.00950000000000001,0.0855,0.067175144212722,37,0.0475,11,0.076,NA,NA,NA,2.83826847396117,NA,NA,NA
2557896,"Stacy Coley","MIN","WR",NA,0,9,0.005,0.001,0.009,0.00707106781186548,45,0.005,9,0.008,NA,NA,NA,2.15017141279878,NA,NA,NA
4487,"Matthew Slater","NE","WR",32,9,9,0,0,0,NA,46,0,9,0,NA,NA,NA,NA,NA,NA,NA
2504162,"Shayne Graham","FA","K",NA,NA,NA,0,0,0,NA,9,0,3,0,NA,NA,NA,NA,NA,NA,NA
2506147,"John Kuhn","FA","RB",35,11,NA,0,0,0,NA,38,0,11,0,NA,NA,NA,NA,NA,NA,NA
2532970,"Brandon Weeden","TEN","QB",34,5,8,0,0,0,0,17,0,6,0,NA,NA,NA,3.00762180875996,NA,NA,NA
2534870,"Alex Tanney","FA","QB",30,5,NA,0,0,0,NA,17,0,5,0,NA,NA,NA,NA,NA,NA,NA
2534889,"Matt Simms","FA","QB",29,5,NA,0,0,0,NA,17,0,5,0,NA,NA,NA,NA,NA,NA,NA
2539203,"Cobi Hamilton","HOU","WR",27,4,7,0,0,0,NA,46,0,9,0,NA,NA,NA,NA,NA,NA,NA
2539961,"Ryan Nassib","FA","QB",27,4,NA,0,0,0,NA,17,0,5,0,NA,NA,NA,NA,NA,NA,NA
2542060,"Jordan Gay","FA","K",NA,NA,NA,0,0,0,NA,9,0,3,0,NA,NA,NA,NA,NA,NA,NA
2543655,"Tyler Gaffney","JAC","RB",26,3,8,0,0,0,NA,38,0,11,0,NA,NA,NA,NA,NA,NA,NA
2543682,"Bishop Sankey","MIN","RB",25,3,9,0,0,0,NA,38,0,11,0,NA,NA,NA,NA,NA,NA,NA
2552425,"Rashad Greene","JAC","WR",25,2,8,0,0,0,NA,46,0,9,0,NA,NA,NA,NA,NA,NA,NA
2552463,"Jaelen Strong","FA","WR",23,2,NA,0,0,0,NA,46,0,9,0,NA,NA,NA,NA,NA,NA,NA
2553112,"Jason Myers","FA","K",NA,NA,NA,0,0,0,NA,9,NA,3,0,NA,NA,NA,NA,NA,NA,NA
2553486,"Trey Williams","FA","RB",25,2,NA,0,0,0,NA,38,0,11,0,NA,NA,NA,NA,NA,NA,NA
2553617,"Terrell Watson","FA","RB",24,2,NA,0,0,0,NA,38,NA,11,0,NA,NA,NA,NA,NA,NA,NA
2556185,"Devin Lucien","FA","WR",24,1,NA,0,0,0,NA,46,0,9,0,NA,NA,NA,NA,NA,NA,NA
2556827,"Dom Williams","PHI","WR",27,1,10,0,0,0,NA,46,0,9,0,NA,NA,NA,NA,NA,NA,NA
2558047,"Rodney Adams","MIN","WR",23,0,9,0,0,0,NA,46,NA,9,0,NA,NA,NA,NA,NA,NA,NA
2558167,"Joshua Dobbs","PIT","QB",22,0,9,0,0,0,NA,17,0,5,0,NA,NA,NA,NA,NA,NA,NA
2558954,"Taysom Hill","NO","QB",27,0,5,0,0,0,0,17,NA,5,0,NA,NA,NA,3.00762180875996,NA,NA,NA
