"playerId","player","team","position","age","exp","bye","points","lower","upper","sdPts","positionRank","dropoff","tier","ptSpread","overallECR","positionECR","sdRank","risk","sleeper","actualPoints","salary"
2532975,"Russell Wilson","SEA","QB",29,5,6,18.51356,16.4276,20.91,2.4094996924673,1,0.334039999999998,1,4.4824,NA,2.5,1.5,7.93781142744639,NA,19.42,NA
2540175,"LeVeon Bell","PIT","RB",25,4,9,18.4376,17.5928,19.138,0.858061070087673,1,1.7119,1,1.5452,NA,1.1,0.3,3.39294917163737,NA,11.2,NA
79860,"Matthew Stafford","DET","QB",29,8,7,18.20572,17.43424,19.082,0.841450885078861,2,0.0546600000000019,1,1.64776,NA,2.1,1.1,4.10362699632019,NA,20.66,NA
2504211,"Tom Brady","NE","QB",40,17,9,18.15332,16.76756,20.268,2.2592517593221,3,0.295860000000001,1,3.50044,NA,4,1.6,7.95774062504422,NA,22.64,NA
2555260,"Dak Prescott","DAL","QB",24,1,6,18.1488,17.276,19.5356,1.39301012200199,4,0.997780000000002,1,2.2596,NA,2.7,1.6,6.45833287473001,NA,11.24,NA
310,"Matt Ryan","ATL","QB",32,9,5,17.56612,15.9268,19.91196,2.09214628360447,5,0.927899999999998,1,3.98516,NA,6.4,1.8,8.22848908234887,NA,13.6,NA
2552475,"Todd Gurley","LAR","RB",23,2,8,17.257,15.5556,19.212,2.02465700798925,2,1.6112,1,3.6564,NA,2.5,1,5.96996049512533,NA,13.6,NA
2495240,"Tyrod Taylor","BUF","QB",28,6,6,16.73592,16.04,17.61496,0.875985634585408,6,0.33052,1,1.57496,NA,10.1,1.7,5.84339578974019,NA,1.94,NA
2495455,"Cam Newton","CAR","QB",28,6,11,16.54052,15.35196,18.0268,1.3956004270564,7,0.4237,2,2.67484,NA,6.4,2.3,8.42280648515162,NA,35.66,NA
2504775,"Drew Brees","NO","QB",38,16,5,16.27028,15.0868,17.50496,1.33456494484158,8,0.738039999999998,2,2.41816,NA,8.7,1.7,6.63716665263597,NA,13.96,NA
2557973,"Leonard Fournette","JAC","RB",21,0,8,16.1944,15.1292,17.502,1.24471554983458,3,1.317,2,2.3728,NA,3.1,1.1,4.53252450396962,NA,4.6,NA
2506109,"Ben Roethlisberger","PIT","QB",35,13,9,15.96336,14.95112,16.7456,0.932208586100772,9,0.976799999999999,2,1.79448,NA,6.8,2,6.78070974790112,NA,14.94,NA
2532820,"Kirk Cousins","WAS","QB",29,5,5,15.10112,14.2168,16.19464,1.00083618639616,10,0.376240000000003,3,1.97784,NA,13.3,1.6,5.77950538227906,NA,26.58,NA
79607,"LeSean McCoy","BUF","RB",29,8,6,15.0972,14.0776,16.38,1.20629979689959,4,1.1421,2,2.3024,NA,4.4,1.5,4.66027593957341,NA,6,NA
2555334,"Jared Goff","LAR","QB",23,1,8,14.872,13.5032,15.91,1.23450475900257,11,0.402839999999999,3,2.4068,NA,7,1.9,7.02396613188997,NA,26.5,NA
2555418,"Jordan Howard","CHI","RB",23,1,9,14.6576,13.406,16.5972,1.80350736067253,5,1.6337,2,3.1912,NA,5,1.3,5.69890088401983,NA,5.4,NA
2552466,"Marcus Mariota","TEN","QB",24,2,8,14.57776,13.3036,15.67112,1.20348107089393,12,0.350259999999997,3,2.36752,NA,12.5,1.4,5.57027332255995,NA,16.66,NA
2505076,"Josh McCown","NYJ","QB",38,15,11,14.36056,12.93328,15.922,1.47294058535978,13,0.29514,3,2.98872,NA,10.5,2,7.71668155484422,NA,11.48,NA
2508061,"Antonio Brown","PIT","WR",29,7,9,14.1584,12.3902,15.971,1.87618264036314,1,2.4456,1,3.5808,NA,1,0.2,3.98973365335882,NA,4.7,NA
2506581,"Ryan Fitzpatrick","TB","QB",35,12,1,14.09444,12.39,15.87412,1.79524604664653,14,0.497760000000003,3,3.48412,NA,14.6,1.9,7.99457271138393,NA,9.38,NA
2505996,"Eli Manning","NYG","QB",36,13,8,14.0364,13.5292,14.776,0.656276466132986,15,0.916820000000001,4,1.2468,NA,15.4,1.7,5.46309355558319,NA,15.92,NA
2552469,"Melvin Gordon","LAC","RB",24,2,9,13.2526,11.488,15.7592,2.23810272329042,6,0.8406,3,4.2712,NA,5.9,1.3,6.52786616829179,NA,4.2,NA
2495143,"Andy Dalton","CIN","QB",30,6,6,13.15696,11.568,14.7488,1.56374070996441,16,0.35934,4,3.1808,NA,14,2.3,8.71384634339747,NA,12.6,NA
2532888,"Case Keenum","MIN","QB",29,5,9,13.0822,12.4588,14.1084,1.06794016686329,17,0.793579999999999,5,1.6496,NA,17.8,1.4,5.3356608619804,NA,22.06,NA
100030,"Seahawks","SEA","DST",NA,NA,6,12.895,11.611,14.179,2.26981276760882,1,0.684999999999999,1,2.568,NA,3.3,1.6,3.72632798118716,NA,10,NA
2495466,"Mark Ingram","NO","RB",28,6,5,12.7952,11.648,13.846,1.17191518464435,7,0.831600000000002,3,2.198,NA,7.6,1.8,4.7454597302594,NA,31.1,NA
2543477,"Blake Bortles","JAC","QB",26,3,8,12.51304,11.8124,13.28312,0.746613292139914,18,1.05674,5,1.47072,NA,19,1.6,5.33946214084081,NA,12.32,NA
100010,"Lions","DET","DST",NA,NA,7,12.46,11.228,13.692,2.17788888605457,2,0.504999999999999,1,2.464,NA,3.7,1.6,3.61214818169247,NA,14,NA
2495454,"Julio Jones","ATL","WR",28,6,5,12.113,10.448,14.522,2.52334004842788,2,1.1162,1,4.074,NA,2.7,1.2,5.61694307066326,NA,5.7,NA
2555261,"Jacoby Brissett","IND","QB",25,1,11,12.0642,11.1948,13.2512,1.0716740176005,19,1.24465,5,2.0564,NA,19.8,1.9,6.74211674353339,NA,14.58,NA
2543743,"Carlos Hyde","SF","RB",26,3,11,12.0288,9.326,14.752,2.79761098081917,8,0.282399999999999,3,5.426,NA,8.3,1.7,7.79612274946683,NA,10.4,NA
100023,"Giants","NYG","DST",NA,NA,8,11.96,11.368,12.552,1.04651803615609,3,0.0700000000000003,1,1.184,NA,14.4,3.4,6.8454669330715,NA,4,NA
100004,"Panthers","CAR","DST",NA,NA,11,11.95,11.91,11.99,0.0707106781186545,4,0.140000000000001,1,0.0800000000000001,NA,6,1.8,1.51019680940458,NA,2,NA
2543583,"Devonta Freeman","ATL","RB",25,3,5,11.8984,9.674,13.3372,2.37659268702064,9,0.4047,3,3.6632,NA,9.2,2.4,7.34485260449227,NA,0.3,NA
100017,"Rams","LAR","DST",NA,NA,8,11.83,11.534,12.126,0.523259018078044,5,0.0500000000000007,1,0.591999999999999,NA,3.3,2.4,3.61851560914967,NA,15,NA
100005,"Bears","CHI","DST",NA,NA,9,11.79,7.862,11.718,3.40825468531916,6,0.0700000000000003,2,3.856,NA,6.4,1.7,5.39810135991661,NA,3,NA
100027,"Steelers","PIT","DST",NA,NA,9,11.77,11.346,12.194,0.749533188057741,7,0.405000000000001,2,0.848000000000001,NA,4.5,1.5,1.58026928147976,NA,9,NA
100021,"Patriots","NE","DST",NA,NA,9,11.67,7.006,12.334,4.70933116270241,8,0.845000000000001,2,5.328,NA,9.2,2.1,8.04498658502229,NA,8,NA
2557997,"Christian McCaffrey","CAR","RB",21,0,11,11.5944,9.816,13.7988,2.07522692735036,10,0.4499,3,3.9828,NA,12.2,2.2,6.66950138955144,NA,17,NA
497240,"Rob Gronkowski","NE","TE",28,7,9,11.5178,10.7236,12.728,1.15307597321252,1,2.4285,1,2.0044,NA,1.1,0.4,4.35182618999466,NA,7.4,NA
2558019,"Alvin Kamara","NO","RB",21,0,5,11.393,10.248,13.114,1.62180300899955,11,0.6083,3,2.866,NA,10.1,2.3,5.85487854479666,NA,19.8,NA
2495450,"A.J. Green","CIN","WR",29,6,6,11.3126,9.0672,14.348,2.94925054886831,3,0.802100000000001,2,5.2808,NA,2.7,1.2,6.37526834548228,NA,17.5,NA
100015,"Jaguars","JAC","DST",NA,NA,8,11.06,6.788,11.332,4.01636651713959,9,0.532499999999999,2,4.544,NA,2.1,1.7,6.15344464888149,NA,8,NA
2557976,"Joe Mixon","CIN","RB",21,0,6,10.896,9.352,13.478,2.7193160904904,12,0.2707,3,4.126,NA,16.4,2.9,8.24986154201653,NA,10,NA
2533436,"Brock Osweiler","DEN","QB",27,5,5,10.8484,8.676,12.8652,2.11378494648817,20,0.305489999999999,6,4.1892,NA,23.2,1.8,8.26594419583733,NA,9.74,NA
2558008,"Mitchell Trubisky","CHI","QB",23,0,9,10.7907,9.9395,11.72054,0.963368928984807,21,0.553660000000001,6,1.78104,NA,NA,NA,6.74783367099167,NA,15.88,NA
2530747,"Doug Baldwin","SEA","WR",29,6,6,10.681,9.061,13.011,2.29626054706342,4,0.388199999999999,2,3.95,NA,4.9,2.1,5.64009501653718,NA,9.5,NA
2550481,"Orleans Darkwa","NYG","RB",25,3,8,10.6734,8.558,13.5488,2.76757164315578,13,0.1006,4,4.9908,NA,15.1,2.6,8.19113576043341,NA,8.8,NA
100011,"Packers","GB","DST",NA,NA,8,10.59,7.302,9.878,2.27688383542068,10,0.195,2,2.576,NA,15.9,2.4,5.79671486104839,NA,11,NA
2495328,"Bilal Powell","NYJ","RB",29,6,11,10.5772,9.35,11.8824,1.2919633121726,14,0.4259,4,2.5324,NA,16.3,4.7,6.43189202843315,NA,0.6,NA
2533034,"Lamar Miller","HOU","RB",26,5,7,10.5684,9.674,11.3712,0.893298830179464,15,0.891399999999999,4,1.6972,NA,12.2,2.6,4.61606978215651,NA,7.4,NA
100012,"Titans","TEN","DST",NA,NA,8,10.465,6.677,10.253,3.16076731190387,11,0.327500000000001,2,3.576,NA,10.8,2,5.86379563931652,NA,9,NA
2540165,"DeAndre Hopkins","HOU","WR",25,4,7,10.34,8.2,12.944,2.4766610587644,5,0.2836,2,4.744,NA,6.8,2.3,6.0562862562802,NA,11.1,NA
100024,"Jets","NYJ","DST",NA,NA,11,10.325,6.425,10.225,3.3587572106361,12,1.475,2,3.8,NA,12,2.2,6.6251223158955,NA,7,NA
2495824,"Jay Cutler","MIA","QB",34,11,1,10.29512,9.3192,11.06384,0.909083864118157,22,0.275740000000001,6,1.74464,NA,20.3,2.7,8.70067232447526,NA,13.42,NA
497278,"Dez Bryant","DAL","WR",29,7,6,10.2456,8.6708,12.526,2.19463135856572,6,0.412000000000001,2,3.8552,NA,8.2,3.1,5.9341046159648,NA,3.9,NA
2557922,"C.J. Beathard","SF","QB",24,0,11,10.17896,8.16472,11.842,2.05592028250125,23,0.416319999999999,6,3.67728,NA,19.9,2.9,11.2457684633023,NA,24.02,NA
2557858,"Evan Engram","NYG","TE",23,0,8,10.1176,8.5134,12.287,1.95309236852741,2,2.3986,1,3.7736,NA,2.2,0.7,6.16487609986695,NA,9.1,NA
2534797,"Greg Zuerlein","LAR","K",30,5,8,10.0989261744966,7.97518120805369,12.1938926174497,2.33367381396026,1,0.348579148334402,1,4.21871140939597,NA,1.9,1.1,4.82108629113949,NA,17,NA
2506922,"Stephen Gostkowski","NE","K",33,11,9,10.0967546583851,8.30786956521739,12.0005590062112,2.0300974814787,2,0.733818703746683,1,3.69268944099379,NA,3.4,1.9,5.58371482568531,NA,11,NA
100029,"49ers","SF","DST",NA,NA,11,9.95,9.83,10.07,0.212132034355964,13,2.3075,2,0.239999999999997,NA,19.4,2.7,4.00516233505325,NA,5,NA
497326,"Golden Tate","DET","WR",29,7,7,9.8672,8.002,12.537,2.68889748781912,7,0.0848000000000013,2,4.535,NA,7.5,2.3,6.43416904673288,NA,15.7,NA
2506121,"Philip Rivers","LAC","QB",36,13,9,9.8598,7.912,11.0634,1.90186808165025,24,0.304120000000001,6,3.1514,NA,22,2.4,9.57912132625581,NA,14.3,NA
2556370,"Michael Thomas","NO","WR",23,1,5,9.8,7.7612,12.1864,2.33934050535616,8,0.177666666666667,2,4.4252,NA,5.7,2,5.66930219834252,NA,11.7,NA
2532884,"Marvin Jones","DET","WR",27,5,7,9.7648,8.3964,11.858,1.94182522385512,9,0.372133333333332,2,3.4616,NA,10,3.1,5.4839882619841,NA,2.2,NA
2533457,"Alfred Morris","DAL","RB",29,5,6,9.7342,8.606,11.798,2.2267606966174,16,0.351100000000001,4,3.192,NA,24.6,10.2,10.9790880439151,NA,5.3,NA
2552588,"Brett Hundley","GB","QB",24,2,8,9.66548,8.556,10.89176,1.25603684340866,25,0.632860000000003,6,2.33576,NA,23.1,2.1,7.62123389681519,NA,14.08,NA
2543715,"Jerick McKinnon","MIN","RB",25,3,9,9.6198,8.488,10.8734,1.30281433826927,17,0.533600000000002,4,2.3854,NA,13.9,2.8,5.49771032886215,NA,4.7,NA
2543498,"Brandin Cooks","NE","WR",24,3,9,9.47986666666667,8.61186666666667,10.8558,1.47656810431035,10,0.221333333333336,2,2.24393333333333,NA,9.6,2.6,4.41812791918276,NA,7.4,NA
2557983,"DeShone Kizer","CLE","QB",21,0,9,9.44588,8.44,10.6584,1.24736445035122,26,0.951899999999998,6,2.2184,NA,25.8,1.8,6.76622685258204,NA,21.98,NA
2556601,"Wil Lutz","NO","K",23,1,5,9.40393939393939,7.47672727272727,11.8672727272727,2.97948721714576,3,0.110359499907046,1,4.39054545454546,NA,6.9,2.5,8.23566767448809,NA,13,NA
2506677,"Matt Prater","DET","K",33,11,7,9.32193251533742,8.61300613496932,9.81552147239264,0.762590157113274,4,0.0573870607919691,1,1.20251533742331,NA,2.3,1.8,3.18154275504209,NA,9,NA
2555295,"Sterling Shepard","NYG","WR",NA,1,8,9.30546666666667,7.6888,11.7076666666667,2.52743223450205,11,0.297266666666665,2,4.01886666666666,NA,17.6,3.7,6.81162505763538,NA,14.2,NA
2550545,"Chris Boswell","PIT","K",28,3,9,9.26522727272727,8.32932467532467,10.0657792207792,0.987527892434936,5,0.082159090909089,1,1.73645454545455,NA,4.9,2.3,4.39094623555857,NA,7,NA
89802,"Ryan Succop","TEN","K",31,8,8,9.26386363636364,7.96232467532468,10.948961038961,1.82770523307613,6,0.189768411967778,1,2.98663636363636,NA,7.4,2.7,6.52514382475951,NA,7,NA
2556462,"Robby Anderson","NYJ","WR",24,1,11,9.2116,7.268,12.064,2.81586661615922,12,0.427033333333334,2,4.796,NA,15.7,3,6.99270594460838,NA,14.5,NA
2507164,"Adrian Peterson","ARI","RB",32,10,8,9.1464,7.356,10.6928,1.65592717231163,18,0.219100000000001,4,3.3368,NA,14.7,2.6,6.07073882561175,NA,1.2,NA
2495150,"Kai Forbath","MIN","K",30,6,9,9.10227272727273,7.67545454545455,10.9345454545455,1.90974555875215,7,0.287698012854699,1,3.25909090909091,NA,9.2,3.4,7.80680413893729,NA,10,NA
2553833,"Josh Lambo","JAC","K",27,2,8,9.04591772151899,7.52337974683544,10.9418987341772,1.98461522598305,8,0.710016153574735,1,3.41851898734177,NA,11.6,2.3,6.1528802396712,NA,6,NA
2552374,"Ameer Abdullah","DET","RB",24,2,7,9.026,7.374,10.358,1.71933998964719,19,0.2197,4,2.984,NA,22.3,3.7,6.74451998776493,NA,11.5,NA
2550189,"Isaiah Crowell","CLE","RB",24,3,9,8.8286,8.186,9.3258,0.665244165701587,20,0.0719999999999992,4,1.1398,NA,24.9,3.8,4.78415054788742,NA,15.5,NA
1581,"DeSean Jackson","TB","WR",31,9,1,8.8048,6.998,11.458,2.77883702292884,13,0.0533333333333328,2,4.46,NA,21,3.3,7.0692629932853,NA,8.2,NA
2495207,"DeMarco Murray","TEN","RB",29,6,8,8.784,7.764,9.686,1.02821690318726,21,0.237299999999999,4,1.922,NA,19.5,2.6,4.8734181304468,NA,25.2,NA
2541785,"Adam Thielen","MIN","WR",27,3,9,8.76433333333333,7.0482,11.3206,2.55915907412311,14,0.0808000000000018,2,4.2724,NA,12.3,3,6.53564321156624,NA,22.6,NA
497328,"Demaryius Thomas","DEN","WR",30,7,5,8.7386,7.1012,11.158,2.54100369932828,15,0.148066666666667,2,4.0568,NA,11.5,3.2,6.59830959799343,NA,10.4,NA
2532899,"Doug Martin","TB","RB",28,5,1,8.7292,7.742,9.55,0.973967761273442,22,0.763199999999999,4,1.808,NA,19.2,3.3,5.12173873219085,NA,5.1,NA
2552458,"Devin Funchess","CAR","WR",23,2,11,8.62846666666667,7.0312,11.1048,2.50479311188236,16,0.194599999999999,2,4.0736,NA,14.6,3,6.43884568435247,NA,21.2,NA
2495748,"Drew Stanton","ARI","QB",33,10,8,8.61936,5.8236,11.26,3.03323959620733,27,3.94689333333333,6,5.4364,NA,27.3,1.4,8.73746593471161,NA,15.02,NA
71309,"Graham Gano","CAR","K",30,8,11,8.58323170731707,7.79134146341463,9.38756097560976,0.859017081334354,9,0.524250047085413,1,1.59621951219512,NA,9.2,2.1,3.83908911309727,NA,10,NA
2558149,"JuJu Smith-Schuster","PIT","WR",21,0,9,8.5526,6.9744,10.764,2.10700018984337,17,0.2841,3,3.7896,NA,20.5,5.3,6.82298746092045,NA,15.7,NA
2543640,"Tom Savage","HOU","QB",27,3,7,8.3686,6.0988,10.3692,2.32121192483582,28,7.54463333333333,7,4.2704,NA,26.9,1.3,7.2249939307912,NA,0.84,NA
2506404,"Frank Gore","IND","RB",34,12,11,8.3642,7.238,9.3406,1.08341967861028,23,0.837,5,2.1026,NA,28,4.5,5.9335936004625,NA,6.1,NA
2552409,"DeVante Parker","MIA","WR",24,2,1,8.31513333333333,6.7918,10.7994,2.63792311614017,18,0.170766666666667,3,4.0076,NA,18.7,4.3,7.29332692393186,NA,6.6,NA
2552608,"Stefon Diggs","MIN","WR",24,2,9,8.22186666666667,7.029,9.27626666666667,1.146525635707,19,0.171433333333333,3,2.24726666666667,NA,14.4,4.4,4.68541886044691,NA,13.8,NA
2550325,"Chandler Catanzaro","NYJ","K",26,3,11,8.08857142857143,7.07371428571429,9.24742857142857,1.19429482794426,10,0.0973001401597298,2,2.17371428571429,NA,13.5,2.7,5.40585638241557,NA,5,NA
2540169,"Robert Woods","LAR","WR",25,4,8,8.06686666666667,6.1726,10.6862,2.65052209322365,20,0.105600000000001,3,4.5136,NA,23.3,3.1,6.7458091085505,NA,29.1,NA
497236,"Jimmy Graham","SEA","TE",31,7,6,8.061,6.47,10.456,2.24208162206464,3,0.7181,2,3.986,NA,3.4,1.1,6.95917004613432,NA,14.7,NA
2506106,"Larry Fitzgerald","ARI","WR",34,13,8,8.034,6.214,10.402,2.27927181354046,21,0.165800000000001,3,4.188,NA,20.8,3.8,6.41727614287782,NA,11.3,NA
2556450,"Nick Rose","WAS","K",23,1,5,8.02939189189189,6.96324324324324,9.74013513513514,1.83592387586317,11,0.112664522399109,2,2.77689189189189,NA,19.4,2.8,6.7020508916125,NA,14,NA
2506386,"Mike Nugent","DAL","K",35,12,6,7.95315068493151,7.0706301369863,9.07369863013699,1.1589480652739,12,0.218200270807706,2,2.00306849315069,NA,8,2.6,5.18101173248249,NA,1,NA
2543475,"Marqise Lee","JAC","WR",26,3,8,7.88853333333333,6.1504,10.7136,2.99527269765765,22,0.0605666666666664,3,4.5632,NA,31.5,3.1,7.35963078371721,NA,11.5,NA
2504797,"Matt Bryant","ATL","K",42,15,5,7.88030405405405,6.70345945945946,8.82912162162162,1.19040150313996,13,0.303775534506949,2,2.12566216216216,NA,6,2.8,5.56136062241692,NA,11,NA
2533040,"Mohamed Sanu","ATL","WR",28,5,5,7.84786666666667,6.2898,9.9618,2.16796587457767,23,0.218733333333333,3,3.672,NA,25.5,4.2,6.409081455074,NA,2.9,NA
2557898,"Cooper Kupp","LAR","WR",24,0,8,7.80806666666667,6.249,10.1354,2.40390341597439,24,0.405766666666667,3,3.8864,NA,30.1,4.3,6.87665944741328,NA,4.7,NA
100031,"Buccaneers","TB","DST",NA,NA,1,7.75,7.07,8.43,1.20208152801713,14,0.220000000000001,2,1.36,NA,21.9,4,8.58489714983375,NA,14,NA
2556771,"Aldrick Rosas","NYG","K",23,1,8,7.58959677419355,7.09451612903226,8.28654838709677,0.712540187571143,14,0.0273634970891301,2,1.19203225806452,NA,20,4.5,7.47747002831316,NA,9,NA
2540011,"Chris Thompson","WAS","RB",27,4,5,7.5678,7.072,7.9334,0.448641504990343,24,0.167600000000001,5,0.8614,NA,19.8,3.2,4.06945275431285,NA,6.7,NA
2532968,"Blair Walsh","SEA","K",27,5,6,7.56346026490066,7.01715231788079,8.25767549668874,0.714446094440731,15,0.250354918988712,2,1.24052317880795,NA,13.3,2.9,4.88269296023695,NA,9,NA
2507374,"Steven Hauschka","BUF","K",NA,NA,6,7.56100628930818,6.66930817610063,8.22679245283019,0.907431880297712,16,0.528705812188246,2,1.55748427672956,NA,10.7,2.4,4.4117941606122,NA,4,NA
100013,"Texans","HOU","DST",NA,NA,7,7.535,6.603,8.467,1.64755880016466,15,0.315000000000001,2,1.864,NA,24.9,2.5,5.27272286487994,NA,3,NA
100020,"Vikings","MIN","DST",NA,NA,9,7.525,7.065,11.985,4.34870670429727,16,0.712499999999999,2,4.92,NA,8.6,2.2,7.85475092583832,NA,3,NA
2553733,"Thomas Rawls","SEA","RB",24,2,6,7.4866,5.96,8.6972,1.46537974600443,25,0.1818,5,2.7372,NA,31.6,4.4,6.61190332128839,NA,3.9,NA
1032,"Jordy Nelson","GB","WR",32,9,8,7.4502,6.148,9.3084,1.7977027562976,25,0.105466666666667,3,3.1604,NA,29.1,5.2,6.22479362248887,NA,2,NA
2550656,"Cameron Brate","TB","TE",26,3,1,7.377,5.952,9.52,2.09917721976969,4,0.108,2,3.568,NA,4.9,1.7,6.94765337852938,NA,1,NA
2539964,"Marquise Goodwin","SF","WR",27,4,11,7.3544,5.648,10.3682,3.19474166404734,26,0.0781666666666663,3,4.7202,NA,39.3,5.1,8.66469810191637,NA,14.3,NA
2543488,"Jarvis Landry","MIA","WR",25,3,1,7.33506666666667,6.6668,7.94546666666667,0.630393633639596,27,0.210266666666667,3,1.27866666666667,NA,16.9,3.8,3.48148095204926,NA,10.2,NA
2558116,"Aaron Jones","GB","RB",23,0,8,7.3138,6,8.5694,1.45052824860463,26,0.1122,5,2.5694,NA,24.2,4.7,6.73434538829679,NA,1.2,NA
2540232,"Jack Doyle","IND","TE",27,4,11,7.3088,5.982,9.2756,1.9535626941565,5,0.1233,2,3.2936,NA,6.1,2.3,6.93048051785839,NA,0.9,NA
2552453,"Tevin Coleman","ATL","RB",24,2,5,7.2958,6.262,8.1654,0.992629437403506,27,0.2348,6,1.9034,NA,23.5,3.3,5.15733479001569,NA,14.8,NA
2543683,"Austin Seferian-Jenkins","NYJ","TE",25,3,11,7.2292,5.7536,9.442,2.06478163494351,6,0.151300000000001,2,3.6884,NA,7.5,2.1,7.06702339491283,NA,6.7,NA
2532865,"T.Y. Hilton","IND","WR",28,5,11,7.2174,6.274,8.1248,0.942453606285212,28,0.2751,3,1.8508,NA,18.4,5.8,4.98701434392559,NA,2.3,NA
2495966,"Delanie Walker","TEN","TE",33,11,8,7.1418,5.6504,9.5912,2.62622089703056,7,0.315800000000001,2,3.9408,NA,7.4,1.7,8.04762575719,NA,6.3,NA
2555230,"Kenyan Drake","MIA","RB",NA,1,1,7.1074,5.48,9.2682,2.15572233833581,28,0.1346,6,3.7882,NA,27.9,3.4,7.42612341232168,NA,15.2,NA
2543533,"Patrick Murray","TB","K",26,3,1,7.06520440251572,5.90452830188679,8.26403144654088,1.26899783547528,17,0.0701294143248861,2,2.35950314465409,NA,20.8,3.6,6.9993191816528,NA,10,NA
2540154,"Keenan Allen","LAC","WR",25,4,9,7.0322,6.116,8.1946,1.10749681715118,29,0.1817,3,2.0786,NA,25.5,3.5,4.18846628127917,NA,4.8,NA
2540269,"C.J. Anderson","DEN","RB",26,4,5,7.0146,6.028,7.9118,0.945725012886938,29,0.128199999999999,6,1.8838,NA,26.4,3.7,5.26889458011196,NA,5.5,NA
2495438,"Kyle Rudolph","MIN","TE",28,6,9,7.014,5.766,8.894,1.96953801689635,8,0.430999999999999,2,3.128,NA,5.8,2.1,6.86824414071503,NA,3.7,NA
2533444,"Randy Bullock","CIN","K",28,5,6,6.99939655172414,6.13344827586207,8.15548275862069,1.16473647163431,18,0.115388082638614,2,2.02203448275862,NA,22.4,4.1,7.62700121468696,NA,2,NA
2507463,"Connor Barth","CHI","K",31,9,9,6.99075342465753,6.28794520547945,8.0458904109589,1.11611342163357,19,0.240425239329348,2,1.75794520547945,NA,18.5,2.3,4.61816727097748,NA,13,NA
2556075,"Derrick Henry","TEN","RB",23,1,8,6.931,5.448,8.023,1.38057234508011,30,0.1466,6,2.575,NA,27.6,3.1,5.79679961898361,NA,5.2,NA
100019,"Dolphins","MIA","DST",NA,NA,1,6.915,6.527,7.303,0.685893577750952,17,0.219999999999999,3,0.776000000000001,NA,20.6,3.2,5.88212984200192,NA,NA,NA
2649,"Danny Amendola","NE","WR",32,9,9,6.8524,4.91,9.6228,2.91106832623351,30,0.00473333333333326,3,4.7128,NA,40,4.9,8.06463162509331,NA,3.6,NA
2539205,"Terrance Williams","DAL","WR",28,4,6,6.8486,5.6072,8.846,2.064571335653,31,0.0802999999999994,3,3.2388,NA,45.7,4.5,6.36747702233657,NA,0.9,NA
2557848,"Corey Davis","TEN","WR",22,0,8,6.84673333333333,4.9896,9.5636,2.71573743207991,32,0.190433333333335,3,4.574,NA,38.4,5.3,7.90683215607175,NA,1.8,NA
2541161,"Latavius Murray","MIN","RB",27,4,9,6.8418,4.972,8.4436,1.73070540531888,31,0.299200000000001,6,3.4716,NA,32.8,4.3,7.06773971734784,NA,12.8,NA
2556521,"Kaimi Fairbairn","HOU","K",23,1,7,6.77726351351351,5.95439189189189,7.93967567567568,1.24873970249792,20,0.27677275870095,3,1.98528378378378,NA,22.5,3.7,7.12590548134868,NA,1,NA
2552461,"Duke Johnson","CLE","RB",24,2,9,6.727,6.084,7.453,0.778874187529668,32,0.4009,6,1.369,NA,30.4,3.4,4.79986593949203,NA,8.8,NA
2506194,"Nick Novak","LAC","K",NA,NA,9,6.72339285714286,5.83264285714286,7.952,1.26647233225497,21,0.492017595649924,3,2.11935714285714,NA,23.9,2.8,5.69578393322344,NA,7,NA
100028,"Chargers","LAC","DST",NA,NA,9,6.71,6.478,6.942,0.410121933088198,18,0.105,3,0.464,NA,17.1,2.8,4.50878853433702,NA,11,NA
2507166,"Ted Ginn","NO","WR",32,10,5,6.68986666666667,5.486,8.0976,1.42483842358821,33,0.129,4,2.6116,NA,27.2,4.4,5.18094930906797,NA,0.3,NA
100026,"Cardinals","ARI","DST",NA,NA,8,6.68,6.904,10.456,3.13955410846827,19,0.307499999999999,3,3.552,NA,19.2,2.6,7.38364931858898,NA,9,NA
2495826,"Vernon Davis","WAS","TE",33,11,5,6.638,4.62,9.852,3.2298018515073,9,0.193849999999999,2,5.232,NA,9.5,3.2,10.0241700064198,NA,7.6,NA
2532903,"Rishard Matthews","TEN","WR",28,5,8,6.62273333333333,6.0516,7.559,0.876920064772155,34,0.131433333333333,4,1.5074,NA,30.3,3.4,3.73043306842028,NA,5,NA
100007,"Browns","CLE","DST",NA,NA,9,6.53,6.346,6.714,0.325269119345811,20,0.315,3,0.368,NA,25.7,2.9,4.66109227363713,NA,6,NA
2552586,"Tyler Kroft","CIN","TE",25,2,6,6.528,4.812,9.092,2.56630473638654,10,0.61755,2,4.28,NA,11.7,1.5,7.82699921410881,NA,0.4,NA
497322,"Emmanuel Sanders","DEN","WR",30,7,5,6.499,5.618,7.346,0.856069506523857,35,0.0427999999999997,4,1.728,NA,25.5,4.2,4.07327575690568,NA,13.7,NA
2552415,"Jamison Crowder","WAS","WR",24,2,5,6.4836,4.3706,9.3846,2.94976326168728,36,0.0590000000000002,4,5.014,NA,48.3,8.2,9.70088982485479,NA,7.6,NA
2552430,"Tyler Lockett","SEA","WR",25,2,6,6.4288,5.817,7.1548,0.677118674975074,37,0.165900000000001,4,1.3378,NA,34.8,4.4,3.84964899299613,NA,1.6,NA
2532887,"Jermaine Kearse","NYJ","WR",27,5,11,6.4204,5.6168,7.368,0.937016968896509,38,0.362966666666667,4,1.7512,NA,36.5,4,4.12240944824053,NA,3.5,NA
2555341,"Hunter Henry","LAC","TE",23,1,9,6.3603,5.1285,8.0687,1.82411583376714,11,0.949,2,2.9402,NA,9.8,2.3,6.66031700565644,NA,0.7,NA
2552429,"Ty Montgomery","GB","RB",24,2,8,6.3582,5.478,7.0044,0.786257718563068,33,0.0808,7,1.5264,NA,38.8,4.3,5.26626088790184,NA,12.8,NA
2495469,"Dion Lewis","NE","RB",27,6,9,6.294,4.5,7.754,1.89921826023235,34,0.1228,7,3.254,NA,32.1,3.9,7.18814090922474,NA,11.5,NA
2550380,"Cody Parkey","MIA","K",25,3,1,6.27758865248227,4.98695035460993,7.85509219858156,1.65323553079074,22,0.100260985204327,3,2.86814184397163,NA,24.7,3,6.70399392243527,NA,3,NA
2556414,"Rob Kelley","WAS","RB",25,1,5,6.2608,4.298,7.6916,2.05474163826015,35,0.202100000000001,7,3.3936,NA,37.8,5,8.03761758885593,NA,1.4,NA
100008,"Cowboys","DAL","DST",NA,NA,6,6.215,6.067,6.363,0.261629509039023,21,0,4,0.296,NA,21.7,2.7,4.0666437655504,NA,3,NA
100009,"Broncos","DEN","DST",NA,NA,5,6.215,5.987,6.443,0.403050865276333,21,0.0225,4,0.456000000000002,NA,20,2.7,4.24230499554223,NA,NA,NA
100022,"Saints","NO","DST",NA,NA,5,6.215,5.987,6.443,0.403050865276332,21,0.0824999999999996,4,0.456000000000001,NA,11.6,2.4,3.46920356365661,NA,8,NA
2503471,"Adam Vinatieri","IND","K",45,21,11,6.1851618705036,5.54071942446043,6.82564748201439,0.705640088593833,23,0.200653233715549,3,1.28492805755396,NA,15.7,3.4,5.67905233523073,NA,6,NA
100032,"Redskins","WAS","DST",NA,NA,5,6.17,6.114,6.226,0.0989949493661164,24,0.33,4,0.111999999999999,NA,16.3,2.4,3.09153191917417,NA,0,NA
2541556,"Brandon McManus","DEN","K",26,3,5,6.16949346405229,5.32790849673203,7.00777124183007,0.939606114545107,24,0.421615120934218,3,1.67986274509804,NA,16,2.4,4.4686486361124,NA,10,NA
2543471,"Kelvin Benjamin","BUF","WR",26,3,6,6.1054,5.65,6.4922,0.432059949544042,39,0.0988666666666669,4,0.8422,NA,32.2,5.2,3.79329344659487,NA,4.2,NA
100006,"Bengals","CIN","DST",NA,NA,6,6.095,5.771,6.419,0.572756492761104,25,0.6,4,0.648000000000001,NA,14.4,2.6,4.19539799423722,NA,8,NA
2550512,"Damien Williams","MIA","RB",25,3,1,6.0816,5.724,6.4808,0.378632803650186,36,0.0777000000000001,7,0.7568,NA,35.1,4.7,4.6897673999722,NA,3.9,NA
2558123,"Marlon Mack","IND","RB",NA,0,11,6.0358,5.086,6.672,1.02438918385543,37,0.0937999999999999,7,1.586,NA,36.6,3.1,5.11740103148163,NA,2.6,NA
2543500,"Jordan Matthews","BUF","WR",25,3,6,6.00946666666667,4.413,8.7606,2.76926073769397,40,0.0492666666666661,4,4.3476,NA,49.7,5.3,8.002129349724,NA,1.4,NA
2543457,"Sammy Watkins","LAR","WR",24,3,8,6.0036,4.824,6.994,1.25833811036621,41,0.0988999999999995,4,2.17,NA,31.9,7.1,6.16688637842439,NA,10.1,NA
2543773,"James White","NE","RB",25,3,9,5.972,5.424,6.44,0.508301091873704,38,0.237699999999999,7,1.016,NA,33.5,5,5.08787252157581,NA,7.8,NA
2543495,"Davante Adams","GB","WR",25,3,8,5.9168,5.003,7.2644,1.21369629644322,42,0.153566666666666,4,2.2614,NA,32.8,4.4,4.80501490165722,NA,15,NA
2558250,"Tarik Cohen","CHI","RB",22,0,9,5.912,4.248,7.036,1.70257745785618,39,0.4438,7,2.788,NA,40.6,4.4,7.06434411000138,NA,1.1,NA
2550353,"Allen Hurns","JAC","WR",26,3,8,5.8926,5.302,6.3238,0.556892090085683,43,0.287566666666668,4,1.0218,NA,43,4.9,3.87306710765806,NA,7,NA
2506264,"Robbie Gould","SF","K",35,12,11,5.79952380952381,5.16850340136054,6.38466666666667,0.676365458226464,25,0.262099938735212,3,1.21616326530612,NA,18,2.5,4.16586515457092,NA,8,NA
2507232,"Mason Crosby","GB","K",33,10,8,5.69623287671233,4.90876712328767,6.49821917808219,0.854056858123326,26,0.354326106531552,4,1.58945205479452,NA,18.1,3.8,6.59085301702248,NA,14,NA
2555343,"Josh Doctson","WAS","WR",NA,1,5,5.63386666666667,4.891,6.2202,0.711668719747234,44,0.145516666666667,4,1.3292,NA,42.2,3.7,3.57869380820879,NA,3,NA
100003,"Bills","BUF","DST",NA,NA,6,5.585,5.573,5.597,0.0212132034355966,26,0.3125,5,0.024,NA,15.2,3.9,6.86042540210674,NA,NA,NA
2543491,"Paul Richardson","SEA","WR",25,3,6,5.5762,4.4524,6.192,1.17745369335698,45,0.24325,4,1.7396,NA,36.9,6.4,5.69040240328454,NA,4.3,NA
949,"Jonathan Stewart","CAR","RB",30,9,11,5.5566,3.656,6.97,1.91074404356,40,0.2464,7,3.314,NA,39.1,4.2,7.36089609942165,NA,11,NA
2505629,"Jason Witten","DAL","TE",35,14,6,5.4606,4.844,5.822,0.653254774188448,12,0.2574,3,0.978,NA,12,2,4.07329160748329,NA,5.9,NA
100014,"Colts","IND","DST",NA,NA,11,5.405,5.009,5.801,0.700035713374682,27,0.265000000000001,5,0.792,NA,27.1,1.2,0.745686419097,NA,7,NA
2555346,"Will Fuller","HOU","WR",23,1,7,5.4005,4.1905,6.8415,1.45996329862546,46,0.174383333333332,4,2.651,NA,41.1,4.7,5.38597597030879,NA,1.5,NA
2540020,"Theo Riddick","DET","RB",26,4,7,5.3798,4.438,5.9776,0.926798359946758,41,0.2234,8,1.5396,NA,40.2,4.6,5.68510438847443,NA,10.7,NA
2500351,"Phil Dawson","ARI","K",42,19,8,5.37861486486486,4.59533783783784,6.14532432432432,0.878228804832597,27,2.72601552711652,4,1.54998648648649,NA,21.7,2.8,5.00972620304658,NA,5,NA
2540160,"Jordan Reed","WAS","TE",27,4,5,5.362,5.362,5.362,NA,13,0.429650000000001,3,0,NA,NA,NA,NA,NA,0,NA
2558178,"Zane Gonzalez","CLE","K",NA,0,9,5.30519867549669,4.48774834437086,6.22958940397351,0.952058123440577,28,5.30519867549669,4,1.74184105960265,NA,27.1,1.5,3.02919580360935,NA,6,NA
2540202,"Kenny Stills","MIA","WR",25,4,1,5.2654,4.126,6.4062,1.23516023252046,47,0.118816666666667,5,2.2802,NA,50.5,3.9,4.60575183195219,NA,6.7,NA
2557934,"Elijah McGuire","NYJ","RB",23,0,11,5.2406,3.6992,6.944,1.68042161376245,42,0.1998,8,3.2448,NA,46.9,10,9.83646451555255,NA,5.8,NA
2553895,"Adam Humphries","TB","WR",NA,NA,1,5.18683333333333,5.0572,5.37033333333333,0.187655417069573,48,0.0960999999999999,5,0.313133333333333,NA,46,6.1,3.78559851509863,NA,1.7,NA
100001,"Falcons","ATL","DST",NA,NA,5,5.14,4.868,5.412,0.480832611206852,28,NA,6,0.544,NA,24.1,3.5,6.40052249039938,NA,16,NA
2543847,"John Brown","ARI","WR",27,3,8,5.10633333333333,4.5438,5.7736,0.684130957249171,49,0.139466666666666,5,1.2298,NA,50.7,4,3.67215087494392,NA,2.7,NA
2543572,"Martavis Bryant","PIT","WR",26,3,9,5.07513333333333,4.4086,5.9622,0.798543695318756,50,0.2907,5,1.5536,NA,48.4,5.9,4.77828141318423,NA,4.2,NA
2555223,"Devontae Booker","DEN","RB",25,1,5,5.0722,4.296,5.612,0.774980128777506,43,0.2814,8,1.316,NA,40.6,3.5,4.84269506018441,NA,2.9,NA
2495139,"Charles Clay","BUF","TE",28,6,6,5.0444,3.896,5.9268,1.04453664368465,14,0.4143,3,2.0308,NA,13,3.2,5.46338790739996,NA,1.3,NA
2557952,"Wayne Gallman","NYG","RB",23,0,8,5.0094,4.526,5.472,0.512720001560306,44,0.4674,8,0.946,NA,43.7,4.7,4.9455309025168,NA,2.2,NA
2535698,"Cole Beasley","DAL","WR",28,5,6,4.8586,4.318,5.6472,0.70289387534677,51,0.158466666666667,5,1.3292,NA,51.7,3.8,3.61056620742612,NA,2.3,NA
2555415,"Austin Hooper","ATL","TE",NA,1,5,4.8203,3.6965,5.6535,1.09824397335018,15,0.42475,3,1.957,NA,13.6,2.3,5.14537805210468,NA,10.9,NA
2495448,"Randall Cobb","GB","WR",27,6,8,4.71026666666667,4.25666666666667,5.2468,0.492931503017069,52,0.0883000000000003,5,0.990133333333334,NA,46.2,3.2,2.95175730705242,NA,5.2,NA
497302,"Brandon LaFell","CIN","WR",31,7,6,4.69,3.8,5.67,0.922848850029083,53,0.144466666666667,5,1.87,NA,62.9,6.6,5.33207515837198,NA,15.5,NA
2557994,"DOnta Foreman","HOU","RB",21,0,7,4.5722,3.488,5.2886,1.06752714251208,45,0.0718999999999994,8,1.8006,NA,47.4,2.7,4.99865692762861,NA,1.8,NA
2550617,"Taylor Gabriel","ATL","WR",26,3,5,4.55393333333333,3.672,5.26133333333333,0.85478172652438,54,0.0311666666666675,5,1.58933333333333,NA,62.7,5.1,4.4984454247632,NA,5.8,NA
2558066,"Curtis Samuel","CAR","WR",21,0,11,4.53713333333333,3.90493333333333,4.9264,0.585025099176665,55,0.115666666666666,5,1.02146666666667,NA,50.2,4.7,3.82816570298606,NA,4.5,NA
2507999,"Chris Ivory","JAC","RB",29,7,8,4.5118,3.2896,5.882,1.34256329459732,46,0.0365000000000002,8,2.5924,NA,46.7,3.3,5.82481319488791,NA,NA,NA
2495331,"Aldrick Robinson","SF","WR",29,6,11,4.5084,3.702,5.3188,0.794369435464381,56,0.174033333333333,5,1.6168,NA,52.3,7.3,5.43579094641317,NA,1.2,NA
2539265,"Rex Burkhead","NE","RB",27,4,9,4.4888,3.888,5.1996,0.734940269681829,47,0.0823,9,1.3116,NA,43.3,4.6,5.31914628119434,NA,12.3,NA
2540156,"Giovani Bernard","CIN","RB",26,4,6,4.4618,3.9056,5.166,0.710074784793827,48,0.18495,9,1.2604,NA,52.8,3.7,4.81940552633273,NA,4.8,NA
2540200,"Dion Sims","CHI","TE",26,4,9,4.4399,2.1569,7.7309,3.23707320352815,16,0.18005,3,5.574,NA,25.4,3.5,10.1827125413522,NA,0,NA
497224,"Ed Dickson","CAR","TE",30,7,11,4.3512,3.1764,5.538,1.21287146887047,17,0.276450000000001,4,2.3616,NA,16.7,2.4,5.43240156997529,NA,9.3,NA
2555417,"C.J. Prosise","SEA","RB",23,1,6,4.3512,3.7024,4.81,0.604348574913518,49,0.1637,9,1.1076,NA,49.7,4.8,5.17056386772479,NA,0.3,NA
2555473,"Ricardo Louis","CLE","WR",NA,1,9,4.33453333333333,3.5018,5.29,0.911390531001941,57,0.0127666666666668,5,1.7882,NA,61.6,4.8,4.45674877688504,NA,1.5,NA
497284,"Eric Decker","TEN","WR",30,7,8,4.3342,3.1084,5.308,1.16279327483435,58,0.0251583333333327,5,2.1996,NA,54,4.7,4.85687058378667,NA,1.9,NA
2558914,"Kendrick Bourne","SF","WR",22,0,11,4.30933333333333,3.967,4.5854,0.412269733710023,59,0.0232916666666672,5,0.618399999999999,NA,77.4,8.3,5.23042830959857,NA,4.2,NA
2541966,"Jaron Brown","ARI","WR",27,4,8,4.30875,3.519,5.1135,0.906093952082233,60,0.0479166666666657,5,1.5945,NA,78.1,6.8,5.39723506630081,NA,1.3,NA
2532790,"Travis Benjamin","LAC","WR",28,5,9,4.26333333333333,3.546,5.13133333333333,0.80736453972168,61,0.00936666666666675,5,1.58533333333333,NA,64.1,5,4.36652421843566,NA,0,NA
2543836,"T.J. Jones","DET","WR",25,3,7,4.25833333333333,3.3274,5.0314,1.11850182535986,62,0.0697666666666672,5,1.704,NA,NA,NA,5.8080010645711,NA,0.2,NA
2534436,"Deonte Thompson","BUF","WR",28,5,6,4.2496,3.0748,5.6532,1.29404725570591,63,0.138366666666666,5,2.5784,NA,63.3,9.8,7.51285341434947,NA,1,NA
2558918,"Matt Breida","SF","RB",22,0,11,4.2025,2.8615,5.2695,1.37745235852279,50,0.06175,9,2.408,NA,50.7,3.4,5.94161885808584,NA,NA,NA
2553743,"Rod Smith","DAL","RB",NA,NA,6,4.1725,3.118,5.281,1.18240926360828,51,0.0746000000000002,9,2.163,NA,50.2,9.6,8.68550778781186,NA,2.9,NA
2543466,"Eric Ebron","DET","TE",24,3,7,4.1685,3.4779,4.8245,0.75077035436943,18,0.344599999999999,4,1.3466,NA,15.2,2.4,4.46796829047722,NA,9.9,NA
2539336,"Tavon Austin","LAR","WR",26,4,8,4.12753333333333,3.5696,4.73573333333333,0.575140156831359,64,0.0747333333333335,6,1.16613333333333,NA,77.7,7.9,5.3304325479535,NA,0,NA
2556440,"J.D. McKissic","SEA","RB",24,1,6,4.109,4.109,4.109,NA,52,0.1337,10,0,NA,NA,NA,NA,NA,4.6,NA
2543614,"Donte Moncrief","IND","WR",24,3,11,4.09493333333333,3.242,4.9232,0.83080852186289,65,0.085466666666667,6,1.6812,NA,65.8,5.2,4.50325744225755,NA,12,NA
284,"Darren McFadden","DAL","RB",30,9,6,4.0868,1.606,5.908,2.24525303696488,53,0.3181,10,4.302,NA,51.6,8.3,10.0594817052085,NA,NA,NA
2558052,"Kenny Golladay","DET","WR",24,0,7,4.01066666666667,2.7756,5.43,1.70629462090617,66,0.0065333333333335,6,2.6544,NA,78.5,13.8,10.146685233578,NA,6.4,NA
2556592,"Roger Lewis","NYG","WR",24,1,8,4.00826666666667,2.9118,5.07146666666667,1.08945183463979,67,0.00956666666666628,6,2.15966666666667,NA,72.3,6.2,5.43872514909572,NA,9.3,NA
2530660,"Kamar Aiken","IND","WR",28,6,11,4,0.4,3.6,2.82842712474619,68,0.0168833333333329,7,3.2,NA,NA,NA,11.8969778389697,NA,0,NA
2532977,"Kendall Wright","CHI","WR",28,5,9,3.9974,3.368,4.6982,0.68307305612211,69,0.0906833333333337,8,1.3302,NA,58.1,7.4,5.28512576771398,NA,4.6,NA
2557986,"David Njoku","CLE","TE",21,0,9,3.981,3.147,4.6344,0.843053675634001,19,0.3709,4,1.4874,NA,20.6,3.9,5.37740311771208,NA,0.3,NA
2558105,"Chris Godwin","TB","WR",21,0,1,3.96883333333333,3.0837,4.6313,0.900011296225405,70,0.176533333333333,8,1.5476,NA,61.1,6.9,5.43390085430547,NA,6.8,NA
2539663,"Mike Gillislee","NE","RB",27,4,9,3.8638,2.0016,5.094,1.85159315185599,54,0.3147,10,3.0924,NA,48.6,3.7,6.99678517427287,NA,0,NA
2541944,"Russell Shepard","CAR","WR",27,4,11,3.8446,2.9718,4.712,0.874877591437797,71,0.140600000000001,8,1.7402,NA,73.2,7.9,5.86410915897019,NA,4,NA
2557895,"Dede Westbrook","JAC","WR",24,0,8,3.74,3.148,4.332,1.04651803615609,72,0.0751249999999999,8,1.184,NA,NA,NA,5.55166962088041,NA,0,NA
925,"Jamaal Charles","DEN","RB",31,9,5,3.6736,2.808,4.5452,0.873346895568994,55,0.2714,10,1.7372,NA,47.9,3.3,4.92981030469929,NA,3.8,NA
2553913,"Tyrell Williams","LAC","WR",NA,NA,9,3.668,2.682,4.77,1.1935744635338,73,0.0623583333333331,8,2.088,NA,59.6,4.4,4.76918837365398,NA,4.9,NA
2495353,"Julius Thomas","MIA","TE",29,6,1,3.6668,2.86,4.2004,0.734684422047998,20,0.1229,4,1.3404,NA,18,2.6,4.52997381866098,NA,6.8,NA
2543759,"Ryan Grant","WAS","WR",27,3,5,3.66175,3.0961,4.194,0.600460031975485,74,0.171608333333333,8,1.0979,NA,66.4,5.2,4.09312648348246,NA,2.5,NA
2543721,"C.J. Fiedorowicz","HOU","TE",26,3,7,3.5534,2.35,4.9402,1.34832407083757,21,0.0221,4,2.5902,NA,22.9,4.6,6.76645580906459,NA,1,NA
2552656,"J.J. Nelson","ARI","WR",25,2,8,3.54953333333333,2.9314,4.4292,0.785970546521942,75,0.138925,8,1.4978,NA,81.7,6.9,5.23085354091447,NA,1.7,NA
2495888,"Marcedes Lewis","JAC","TE",33,11,8,3.5344,2.482,4.34,0.984483011534481,22,0.00829999999999975,4,1.858,NA,27.2,3.4,5.433630157792,NA,2.9,NA
2557856,"O.J. Howard","TB","TE",23,0,1,3.5282,2.7218,4.4026,0.922447125856003,23,0.0978000000000003,4,1.6808,NA,21.4,2.7,4.9696349878211,NA,0,NA
2534820,"Garrett Celek","SF","TE",29,5,11,3.524,3.262,3.798,0.265103753274072,24,0.22105,4,0.536,NA,17.4,3.2,3.83666380945222,NA,12.7,NA
2552424,"Phillip Dorsett","NE","WR",24,2,9,3.43075,2.587,4.5587,1.1511476519833,76,0.120516666666667,8,1.9717,NA,74.2,6.2,5.54857333925262,NA,1.6,NA
2539217,"Andre Ellington","ARI","RB",28,4,8,3.4246,2.732,3.9498,0.635134473950202,56,0.1192,10,1.2178,NA,52.7,4.6,5.12877255209544,NA,9,NA
2550328,"Brandon Coleman","NO","WR",25,3,5,3.39046666666667,2.617,4.237,0.832820328762453,77,0.1818,8,1.62,NA,71.2,4.8,4.31685607608467,NA,3,NA
2507428,"Mike Tolbert","BUF","RB",32,9,6,3.3798,2.1376,4.806,1.32553204412417,57,0.219174999999999,10,2.6684,NA,61.2,3.9,6.09386794148219,NA,1.5,NA
2552580,"A.J. Derby","DEN","TE",26,2,5,3.3368,2.7016,3.78,0.667061616344397,25,0.13225,5,1.0784,NA,23.6,3.2,4.67557444596852,NA,0.2,NA
2552633,"Jesse James","PIT","TE",23,2,9,3.2691,2.2754,4.3191,1.07868006146401,26,0.1292,5,2.0437,NA,23.3,2.7,5.29570267674398,NA,0,NA
2559169,"Austin Ekeler","LAC","RB",NA,NA,9,3.231,2.1935,4.0113,1.04566438210355,58,0.392625,10,1.8178,NA,58.3,3.5,5.3590094719506,NA,NA,NA
2543646,"Bruce Ellington","HOU","WR",26,3,7,3.23,2.3144,4.0664,0.977331059569888,78,0.121933333333334,8,1.752,NA,85.6,6.3,5.28659215000687,NA,10.1,NA
2556697,"Bryce Treggs","CLE","WR",23,1,9,3.18733333333333,2.664,3.6256,0.628586774704443,79,0.187766666666667,9,0.961600000000001,NA,87.6,7,4.9981306657548,NA,0,NA
2540215,"Vance McDonald","PIT","TE",27,4,9,3.14,1.936,4.208,1.32936074863071,27,0.00320000000000009,5,2.272,NA,35.1,8,8.3517016879239,NA,7.6,NA
497238,"Jermaine Gresham","ARI","TE",29,7,8,3.1398,2.522,3.9616,0.736532551894348,28,0.0598000000000001,5,1.4396,NA,30.7,3.4,4.91614238847122,NA,12.4,NA
2555364,"Tyler Higbee","LAR","TE",24,1,8,3.1338,2.28,3.7996,0.777693512895665,29,0.1597,5,1.5196,NA,23.8,2.9,4.76310319958228,NA,2.2,NA
2495473,"Shane Vereen","NYG","RB",28,6,8,3.09025,2.191,3.7293,0.923767782868978,59,0.552375,10,1.5383,NA,56.8,4.5,5.6290669291687,NA,3.8,NA
2531332,"Terrelle Pryor","WAS","WR",28,6,5,3.0288,2.442,3.5896,0.572623087204838,80,0.0716333333333337,9,1.1476,NA,69.2,7.2,4.99348009452859,NA,0,NA
2532838,"Coby Fleener","NO","TE",29,5,5,3.0262,2.1024,3.784,0.848323169552736,30,0.21445,5,1.6816,NA,23.6,3.7,5.29282302124911,NA,0,NA
2552428,"Tre McBride","CHI","WR",25,2,9,2.97033333333333,2.017,3.86193333333333,1.06065880994366,81,0.0708333333333337,9,1.84493333333333,NA,61.6,6.4,5.48245140895528,NA,0,NA
2550198,"Bennie Fowler","DEN","WR",26,3,5,2.944,2.333,3.4228,0.589704587060335,82,0.0958999999999999,9,1.0898,NA,78.5,4.7,3.83649743918822,NA,0,NA
2540928,"Darren Fells","DET","TE",31,5,7,2.922,2.042,3.864,0.9655671908262,31,0.31815,5,1.822,NA,29.2,3.4,5.39415168343303,NA,0,NA
2558127,"Josh Malone","CIN","WR",21,0,6,2.855,2.3158,3.5798,0.728919748669221,83,0.0526666666666666,9,1.264,NA,85.4,5.8,4.60682150742036,NA,0.6,NA
2539235,"Tavarres King","NYG","WR",27,4,8,2.8412,0.967,4.6,1.88301797654722,84,0.130925,9,3.633,NA,64.9,6.4,6.94664574173107,NA,2.2,NA
2555468,"Rashard Higgins","CLE","WR",23,1,9,2.76346666666667,2.33266666666667,3.24906666666667,0.46721911347889,85,0.109925,9,0.9164,NA,90.2,5.3,3.90338948413604,NA,3.4,NA
2556365,"Seth DeValve","CLE","TE",24,1,9,2.7015,2.5662,2.8556,0.16538742394753,32,0.1989,6,0.2894,NA,30.1,3.6,3.81970543825807,NA,4,NA
2556396,"Chester Rogers","IND","WR",23,1,11,2.65708333333333,1.33123333333333,4.0966,1.49144338179869,86,0.0182916666666664,9,2.76536666666667,NA,93.2,7.3,6.67691740696418,NA,16.4,NA
2556440,"J.D. McKissic","SEA","WR",24,1,6,2.65,1.914,3.386,1.30107647738325,87,0.0487083333333338,9,1.472,NA,NA,NA,6.45814222346459,NA,4.6,NA
2552418,"Justin Hardy","ATL","WR",26,2,5,2.62758333333333,2.189,3.32423333333333,0.75233490252384,88,0.134208333333333,9,1.13523333333333,NA,90.2,6.3,4.88599091465641,NA,6.7,NA
2552471,"T.J. Yeldon","JAC","RB",24,2,8,2.5865,1.427,3.4072,1.18998977586644,60,0.100625,10,1.9802,NA,59.3,3.8,5.78507216674795,NA,5,NA
2532933,"Brian Quick","WAS","WR",28,5,5,2.575,0.264,3.328,1.94556761212078,89,0.171391666666667,10,3.064,NA,97.4,11.4,9.43280599866176,NA,0,NA
2557889,"Gerald Everett","LAR","TE",23,0,8,2.5062,1.8798,3.1584,0.665021578597267,33,0.1291,6,1.2786,NA,31.6,3,4.57573891000349,NA,0,NA
2505299,"Antonio Gates","LAC","TE",37,14,9,2.499,1.58,3.238,0.906589763895446,34,0.2901,6,1.658,NA,31.8,3.7,5.41442896614669,NA,0.3,NA
2556118,"Dwayne Washington","DET","RB",NA,1,7,2.48925,1.8421,2.997,0.652044668715265,61,0.024,10,1.1549,NA,63.9,4.1,4.90974370924743,NA,1,NA
2556466,"Peyton Barber","TB","RB",23,1,1,2.4825,2.04,2.979,0.509403245638136,62,0.254875,10,0.939,NA,56.9,4.4,4.78843395288597,NA,-0.2,NA
2535708,"Lance Dunbar","LAR","RB",27,5,8,2.448,1.4536,3.348,1.05111496358232,63,0.54,10,1.8944,NA,69.5,8.8,8.0330170914016,NA,3.1,NA
2495453,"Andre Holmes","BUF","WR",29,6,6,2.41175,1.589,3.1251,0.90016234646868,90,0.0732166666666667,10,1.5361,NA,87.9,8.4,6.14660735435382,NA,0,NA
2555214,"Laquon Treadwell","MIN","WR",22,1,9,2.39546666666667,2.0872,2.62566666666667,0.297065705414363,91,0.1533,10,0.538466666666666,NA,88.7,6.5,4.17038473186738,NA,0,NA
2541388,"Brice Butler","DAL","WR",27,4,6,2.2816,1.526,2.868,0.759225131301645,92,0.101858333333333,10,1.342,NA,76.6,7.5,5.468208878016,NA,3,NA
2495187,"Lance Kendricks","GB","TE",29,6,8,2.2552,1.404,3.1936,0.95086550047838,35,0.0995249999999994,6,1.7896,NA,30.4,3.8,5.55462406170617,NA,0.9,NA
2539291,"Markus Wheaton","CHI","WR",26,4,9,2.20273333333333,1.1722,3.2658,1.04964023995526,93,0.048025,10,2.0936,NA,95.1,6.4,5.46283306165948,NA,0,NA
2556463,"Stephen Anderson","HOU","TE",24,1,7,2.1626,1.714,2.7278,0.513482034739289,36,0.0589750000000002,7,1.0138,NA,33.7,3.7,4.59398910021933,NA,3,NA
2530700,"Dontrelle Inman","CHI","WR",28,4,9,2.15675,1.6359,2.607,0.538759918702199,94,0.0147083333333335,10,0.9711,NA,72.5,10.7,6.5955416907236,NA,8.8,NA
2558846,"Mike Williams","LAC","WR",23,0,9,2.15266666666667,1.3918,2.6946,0.710445752092774,95,0.0567250000000001,10,1.3028,NA,89.6,6,4.66892059402786,NA,2.4,NA
2532835,"Rhett Ellison","NYG","TE",29,5,8,2.14875,1.3705,3.258,1.17216590833664,37,0.0914999999999999,7,1.8875,NA,39.7,1.1,4.72619053538073,NA,0,NA
2554138,"Kasen Williams","CLE","WR",NA,2,9,2.13141666666667,1.2231,2.92086666666667,0.942862323518716,96,0.103016666666667,10,1.69776666666667,NA,97.1,8.2,6.12764214982107,NA,0,NA
2550256,"Willie Snead","NO","WR",25,3,5,2.06046666666667,1.645,2.42406666666667,0.414587787245757,97,0.0872999999999999,10,0.779066666666667,NA,74.5,8.1,5.13956388395003,NA,0,NA
2541199,"Luke Willson","SEA","TE",27,4,6,2.0585,1.3608,3.011,0.961101278048608,38,0.146125000000001,7,1.6502,NA,39,4.3,5.81493138646529,NA,0,NA
2558207,"Jonnu Smith","TEN","TE",22,0,8,2.056,1.3194,2.9826,0.996630824327644,39,0.300125,7,1.6632,NA,34.1,2.9,5.22003875468656,NA,2,NA
2557978,"James Conner","PIT","RB",22,0,9,2.00725,1.5563,2.424,0.505038199875349,64,0.213375,11,0.8677,NA,65.5,5.4,5.28267598733421,NA,1.2,NA
2543590,"Cody Latimer","DEN","WR",25,3,5,1.99633333333333,1.28893333333333,2.7232,0.8328139714913,98,0.100166666666667,10,1.43426666666667,NA,91.8,6.3,5.0292823151474,NA,2.8,NA
2555333,"Corey Coleman","CLE","WR",23,1,9,1.95,0.195,1.755,1.37885822331377,99,0.116333333333333,10,1.56,NA,NA,NA,6.73511996314309,NA,0,NA
2557870,"Taywan Taylor","TEN","WR",NA,0,8,1.84233333333333,1.232,2.44853333333333,0.680080550784652,100,0.0273333333333332,10,1.21653333333333,NA,95.3,6.4,4.80483929873856,NA,3.4,NA
2535966,"Brenton Bersin","CAR","WR",27,4,11,1.825,0.304,2.008,1.09691993022888,101,0.0318749999999999,10,1.704,NA,113.7,14.6,9.44167227163841,NA,1.2,NA
2540230,"Kyle Juszczyk","SF","RB",26,4,11,1.80875,1.4325,2.426,0.669332690072732,65,0.16925,11,0.9935,NA,71.3,4.4,5.09349003211005,NA,-0.3,NA
2559176,"Tanner Gentry","CHI","WR",NA,0,9,1.805,0.36,1.808,1.04212923062993,102,0.0735749999999999,10,1.448,NA,79,5.2,4.87950981073639,NA,NA,NA
2532841,"Michael Floyd","MIN","WR",28,5,9,1.78125,1.2295,2.354,0.628123859866295,103,0.10045,10,1.1245,NA,112.1,14,8.32201505925964,NA,0,NA
2543770,"Charles Sims","TB","RB",27,3,1,1.779,0.844,2.515,0.846037824213552,66,0.3265,11,1.671,NA,64.5,4.9,5.68182881236527,NA,9,NA
2541834,"Josh Hill","NO","TE",27,4,5,1.76875,1.3515,2.347,0.583414875253165,40,0.063625,7,0.9955,NA,38.9,1.6,3.73637576338055,NA,NA,NA
2552399,"Jeff Heuerman","DEN","TE",25,2,5,1.743,1.3218,2.229,0.584099306625167,41,0.107708333333333,7,0.9072,NA,48.3,6.7,6.17503945112626,NA,0.4,NA
71217,"Kenny Britt","CLE","WR",29,8,9,1.6816,0.2552,3.59,1.75537540144551,104,0.00555833333333311,10,3.3348,NA,78.8,10,8.42923078490235,NA,9.8,NA
2553900,"Daniel Brown","CHI","WR",NA,NA,9,1.68,1.68,1.68,NA,105,0.00945833333333335,10,0,NA,NA,NA,NA,NA,2.3,NA
2556460,"Geronimo Allison","GB","WR",23,1,8,1.67208333333333,1.2802,2.0183,0.419705220627791,106,0.0282500000000001,10,0.7381,NA,109.1,11.1,6.57355048962238,NA,0,NA
2558069,"Chad Hansen","NYJ","WR",22,0,11,1.669,0.4046,3.135,1.51334023493287,107,0.0739999999999998,10,2.7304,NA,91.7,4.6,5.43351671908349,NA,3.3,NA
2495234,"Luke Stocker","TB","TE",29,6,1,1.66725,0.7563,2.776,1.16024577137777,42,0.0665833333333332,7,2.0197,NA,NA,NA,7.08440398429127,NA,0,NA
2550246,"Bernard Reedy","TB","WR",26,3,1,1.61866666666667,1.2912,2.0112,0.4715350817631,108,0.077,10,0.72,NA,94.2,10,6.14337832942135,NA,0,NA
2553744,"Eric Tomlinson","NYJ","TE",NA,NA,11,1.60333333333333,1.403,1.759,0.242607364548839,43,0.0310333333333332,8,0.356,NA,39.2,3.6,3.98086817563251,NA,0,NA
2555311,"Jerell Adams","NYG","TE",25,1,8,1.598,0.8092,2.358,0.970006185547288,44,0.0556000000000001,8,1.5488,NA,49.5,15.5,11.1858762104039,NA,0,NA
2558150,"ArDarius Stewart","NYJ","WR",NA,0,11,1.57133333333333,0.9662,2.119,0.731163684364406,109,0.0613333333333335,10,1.1528,NA,91.9,6,4.70580846522925,NA,0,NA
2495288,"Virgil Green","DEN","TE",29,6,5,1.5466,1.1072,1.92,0.408818786261101,45,0.0473333333333334,8,0.8128,NA,43.5,5.2,5.09238439480126,NA,0,NA
2550313,"Richard Rodgers","GB","TE",25,3,8,1.5382,0.976,2.1076,0.567096288120457,46,0.104658333333334,8,1.1316,NA,41.5,4.4,5.0404078086749,NA,0.8,NA
2558010,"John Ross","CIN","WR",NA,0,6,1.512,0.7744,2.1984,0.896876803134076,110,0.0811666666666666,10,1.424,NA,87.7,10.3,7.04317841589829,NA,0,NA
2532978,"Jarius Wright","MIN","WR",28,5,9,1.508,0.6656,2.172,0.847617838415403,111,0.177708333333333,10,1.5064,NA,88.2,9.8,6.71799461137551,NA,6.7,NA
2540168,"Eddie Lacy","SEA","RB",26,4,6,1.5,0.15,1.35,1.06066017177982,67,0.123,12,1.2,NA,NA,NA,6.39224947642746,NA,0,NA
497246,"Michael Hoomanawanui","NO","TE",29,7,5,1.46033333333333,0.8948,2.198,0.89571219335975,47,0.0592083333333333,8,1.3032,NA,47.2,6,6.49087211461095,NA,0.4,NA
2543628,"Troy Niklas","ARI","TE",25,3,8,1.40675,0.7861,1.974,0.647638466533091,48,0.0388499999999998,8,1.1879,NA,45.4,2.7,4.39609251361296,NA,0,NA
2550658,"Branden Oliver","LAC","RB",26,3,9,1.405,0.932,1.878,0.520160231723521,68,0.0638750000000001,12,0.946,NA,70.2,3.9,4.55766822368094,NA,NA,NA
2558144,"Adam Shaheen","CHI","TE",23,0,9,1.3955,0.9867,1.7715,0.49561401311908,49,0.0652250000000001,8,0.7848,NA,40.2,6.1,5.70363167609181,NA,3.9,NA
2559241,"Travis Rudolph","NYG","WR",NA,0,8,1.35366666666667,1.2722,1.4322,0.100201463728497,112,0.117875,10,0.16,NA,97,1.4,1.39758412148579,NA,NA,NA
2559163,"Justin Davis","LAR","RB",NA,0,8,1.349,0.494,2.128,0.812560766958386,69,0.0973749999999998,12,1.634,NA,69.7,4.6,5.4672028485783,NA,NA,NA
2552403,"Nick OLeary","BUF","TE",25,2,6,1.3403,0.511,1.9205,0.739316288877771,50,0.1193,8,1.4095,NA,25.9,7.1,6.69014248819134,NA,6.7,NA
2553650,"Corey Grant","JAC","RB",NA,NA,8,1.33325,0.7999,1.88,0.583051384242133,70,0.187583333333333,12,1.0801,NA,75.3,5.6,5.53199520330469,NA,11.6,NA
2495835,"Anthony Fasano","MIA","TE",33,11,1,1.32025,0.9227,1.71,0.432103671973906,51,0.214375,8,0.7873,NA,45,4.4,4.75866996513211,NA,0,NA
2556752,"Tommylee Lewis","NO","WR",25,1,5,1.30691666666667,0.4229,2.38046666666667,1.15770722886997,113,0.153958333333333,10,1.95756666666667,NA,116,7.5,6.1776984206229,NA,0,NA
2541544,"Benny Cunningham","CHI","RB",27,4,9,1.17,0.684,1.804,0.638487796803249,71,0.119333333333333,12,1.12,NA,71.3,4.8,5.23568244056959,NA,0.2,NA
2558912,"Victor Bolden","SF","WR",22,0,11,1.16466666666667,0.6012,1.838,0.808770878143701,114,0.0280416666666667,10,1.2368,NA,106.8,6.5,5.08146573441373,NA,NA,NA
2540151,"Justin Hunter","PIT","WR",26,4,9,1.14125,0.5935,1.61,0.5775,115,0.0277500000000002,10,1.0165,NA,105.1,7.3,5.04965917910923,NA,0,NA
2552470,"Sammie Coates","CLE","WR",24,2,9,1.132,0.837,1.607,0.502492454338039,116,0.0490833333333331,10,0.77,NA,107.7,5.5,4.06118464865073,NA,3.8,NA
2552559,"C.J. Uzomah","CIN","TE",24,2,6,1.12175,0.6023,1.5406,0.561386601787633,52,0.132125,9,0.9383,NA,47.4,3.7,4.69396886060415,NA,0,NA
2552375,"Cameron Artis-Payne","CAR","RB",25,2,11,1.12133333333333,0.7392,1.488,0.469196476258436,72,0.201666666666667,12,0.7488,NA,62.2,6.3,5.66662128581429,NA,12.8,NA
2557034,"Marvin Hall","ATL","WR",24,1,5,1.095,0.216,1.104,0.632376470150495,117,0.0415833333333333,10,0.888,NA,112.7,14.7,8.66205760871372,NA,0,NA
2553454,"Geoff Swaim","DAL","TE",NA,NA,6,1.09,0.109,0.981,0.770746391493337,53,0.3145,9,0.872,NA,52.3,6,6.23006084552482,NA,0,NA
2555466,"Tyler Boyd","CIN","WR",23,1,6,1.07083333333333,0.614,1.62,0.659764793948066,118,0.0528333333333335,10,1.006,NA,112,9.9,6.43102179513237,NA,0,NA
2553737,"Eli Rogers","PIT","WR",NA,NA,9,1.036,0.6674,1.545,0.62709887577638,119,0.036,10,0.8776,NA,93.5,7.9,5.42294402579328,NA,0.2,NA
80670,"Louis Murphy","SF","WR",30,8,11,1,0.208,1.776,0.980612053770501,120,0.00987499999999997,10,1.568,NA,106.3,13.7,8.80712584878493,NA,4.8,NA
2530515,"Chris Hogan","NE","WR",29,6,9,1,0.1,0.9,0.707106781186548,120,0.0243749999999999,10,0.8,NA,NA,NA,4.3430394841015,NA,0,NA
2555419,"Pharoh Cooper","LAR","WR",22,1,8,0.98025,0.446,1.6439,0.673652915083131,122,0.022,10,1.1979,NA,115.6,10.2,6.59823683345596,NA,1.2,NA
2558138,"Samaje Perine","WAS","RB",22,0,5,0.98,0.301,1.595,0.704887697911282,73,0.133958333333333,12,1.294,NA,67.2,4.4,5.16130913400436,NA,6,NA
2553457,"Trevor Siemian","DEN","QB",NA,NA,5,0.976333333333333,0.8268,1.106,0.179722934911862,29,0.348533333333333,8,0.2792,NA,NA,NA,4.03495350824455,NA,0,NA
2550223,"Freddie Martino","FA","WR",26,3,NA,0.971,0.971,0.971,NA,123,0.0419166666666667,10,0,NA,NA,NA,NA,NA,0,NA
2556519,"Alex Erickson","CIN","WR",25,1,6,0.9455,0.289,1.816,0.936776565320319,124,0.0963333333333334,10,1.527,NA,99,5.2,4.69193146084547,NA,0.4,NA
2556517,"Ed Eagan","NYG","WR",24,1,8,0.912666666666667,0.5126,1.3406,0.521005118336983,125,0.129,10,0.828,NA,NA,NA,3.68033877830187,NA,0,NA
2539645,"Brandon Williams","IND","TE",30,5,11,0.88925,0.4111,1.588,0.745668994930056,54,0.240208333333333,9,1.1769,NA,45.9,4.9,5.65204459712135,NA,0,NA
2555460,"Paul Perkins","NYG","RB",23,1,8,0.859333333333333,0.682,1.0884,0.277599231507101,74,0.0307916666666667,12,0.4064,NA,62.5,6,5.15039029479618,NA,0,NA
2558204,"Jamaal Williams","GB","RB",NA,0,8,0.83275,0.473,1.1943,0.413187104509971,75,0.103283333333333,12,0.7213,NA,66.2,5.2,5.00696176393525,NA,7.4,NA
2535890,"Travaris Cadet","BUF","RB",28,5,6,0.824333333333333,0.024,1.9064,1.32522312586724,76,0.208783333333333,12,1.8824,NA,80.5,5.8,7.04815809635182,NA,0,NA
2535964,"Josh Bellamy","CHI","WR",28,5,9,0.785666666666667,0.5094,0.9974,0.335479259170121,126,0.0146666666666665,10,0.488,NA,97.5,8.7,5.28368772780276,NA,11.7,NA
81306,"Brandon Tate","BUF","WR",30,8,6,0.781666666666667,0.229,1.189,0.677501537513631,127,0.028125,10,0.96,NA,NA,NA,4.23761637515662,NA,0,NA
2543774,"Jared Abbrederis","DET","WR",27,3,7,0.760333333333333,0.462,1.1588,0.486477474641256,128,0.0768750000000001,10,0.6968,NA,105.6,5.2,3.89018278046112,NA,0,NA
497320,"Andre Roberts","ATL","WR",29,7,5,0.74675,0.279,1.4531,0.744801259844978,129,0.158666666666667,10,1.1741,NA,NA,NA,4.47726804084408,NA,0,NA
2543465,"Teddy Bridgewater","MIN","QB",25,3,9,0.6716,0.40784,0.8952,0.316766917464561,30,0.2368,9,0.48736,NA,NA,NA,4.50938189108967,NA,0,NA
2555289,"Nick Vannett","SEA","TE",NA,1,6,0.66175,0.285,1.1251,0.469800223499308,55,0.0460833333333334,9,0.8401,NA,54.7,8.3,6.7011130958775,NA,2.2,NA
2540203,"Levine Toilolo","ATL","TE",26,4,5,0.636333333333333,0.234,1.0812,0.537447981979032,56,0.0513333333333332,9,0.8472,NA,44.6,5.7,5.59978602198046,NA,1,NA
2495471,"Jacquizz Rodgers","TB","RB",27,6,1,0.6346,0.474,0.8098,0.165350536739377,77,0.05585,12,0.3358,NA,65,6.1,4.9865392725948,NA,1.2,NA
2557905,"Amara Darboh","SEA","WR",23,0,6,0.620166666666667,0.451466666666667,0.881,0.282103408936038,130,0.0721666666666666,10,0.429533333333333,NA,109.3,5.6,3.71628212223426,NA,0.3,NA
2553762,"Terron Ward","ATL","RB",NA,NA,5,0.5965,0.4817,0.7113,0.202939646200539,78,0.036,12,0.2296,NA,78.9,2.1,3.04796588688355,NA,2.3,NA
2558886,"Darrell Daniels","IND","TE",23,1,11,0.595,0.399,0.791,0.346482322781408,57,0.0276666666666667,10,0.392,NA,NA,NA,3.6876558404878,NA,NA,NA
2543801,"Jimmy Garoppolo","SF","QB",26,3,11,0.584,0.4088,0.764,0.222243110129426,31,0.320166666666667,9,0.3552,NA,28.5,1.4,3.87181444008867,NA,0,NA
2557885,"Jordan Leggett","NYJ","TE",22,0,11,0.575,0,0.92,0.66395280956807,58,0.0406666666666667,10,0.92,NA,NA,NA,5.01281647355017,NA,0,NA
2543600,"Alfred Blue","HOU","RB",26,3,7,0.561,0.466,0.6848,0.12486259114189,79,0.00600000000000001,12,0.2188,NA,75.3,4.1,3.90417467103628,NA,1,NA
2552635,"Matt Jones","IND","RB",25,2,11,0.56,0.096,0.608,0.333066559914581,80,0.0142500000000001,12,0.512,NA,NA,NA,3.61656479511325,NA,0,NA
2555306,"David Morgan","MIN","TE",24,1,9,0.559666666666667,0.339,0.8206,0.313370919731448,59,0.0601666666666666,10,0.4816,NA,51,6.7,5.61001275495163,NA,6.1,NA
2552651,"Kaelin Clay","CAR","WR",25,2,11,0.556,0.3706,0.8146,0.319566894405538,131,0.022125,10,0.444,NA,111.2,14.4,7.9626187957193,NA,0.5,NA
2540037,"Fozzy Whittaker","CAR","RB",28,5,11,0.55,0.106,0.562,0.318171861316071,81,0.05925,12,0.456,NA,89.5,7.5,5.98163237433108,NA,0,NA
2539980,"Kerwynn Williams","ARI","RB",26,4,8,0.5415,0.206,0.9462,0.43505823365001,82,0.106375,12,0.7402,NA,73.2,5.3,5.0989364764644,NA,0,NA
2540279,"Nick Williams","ATL","WR",27,4,5,0.54,0.508,0.572,0.0565685424949238,132,0.0153749999999999,10,0.0639999999999999,NA,NA,NA,2.02649838860859,NA,0,NA
2556612,"Tanner McEvoy","SEA","WR",24,1,6,0.52775,0.289,0.8487,0.334584692815835,133,0.00783333333333325,10,0.5597,NA,109.5,3.3,2.71731976097891,NA,0,NA
2557960,"Ryan Switzer","DAL","WR",23,0,6,0.5215,0.3485,0.7077,0.195582037348355,134,0.0148333333333334,10,0.3592,NA,115.4,6.6,4.03719089272801,NA,0,NA
2553606,"Jordan Taylor","DEN","WR",25,2,5,0.518333333333333,0.2436,0.9004,0.471712129728856,135,0.0302083333333334,10,0.6568,NA,NA,NA,3.50480838356282,NA,0,NA
2543767,"Logan Thomas","BUF","TE",26,3,6,0.509,0.3178,0.7002,0.33799704140717,60,0.0453333333333334,10,0.3824,NA,NA,NA,3.65223723842683,NA,0,NA
2556404,"Maurice Harris","WAS","WR",25,1,5,0.495,0.495,0.495,NA,136,0.0161666666666667,10,0,NA,NA,NA,NA,NA,11,NA
2553900,"Daniel Brown","CHI","TE",NA,NA,9,0.49,0.49,0.49,NA,61,0.0533333333333333,10,0,NA,NA,NA,NA,NA,2.3,NA
2558194,"Josh Reynolds","LAR","WR",22,0,8,0.48125,0.3458,0.6297,0.155403507038934,137,0.00674999999999998,10,0.2839,NA,NA,NA,2.37844581217321,NA,0,NA
2555331,"Cody Core","CIN","WR",23,1,6,0.476416666666667,0.353,0.636166666666667,0.160609343162567,138,0.00949999999999995,11,0.283166666666667,NA,128,4,2.74003093081156,NA,0,NA
2543792,"Matt Hazel","IND","WR",25,3,11,0.472583333333333,0.0204,1.0103,0.5504350047412,139,0.0219583333333333,11,0.9899,NA,105.5,12.5,7.47125402161463,NA,0,NA
80427,"Darrius Heyward-Bey","PIT","WR",30,8,9,0.46125,0.3025,0.619,0.1711906831577,140,0.0232916666666667,11,0.3165,NA,134,10,5.6086210309343,NA,0,NA
2558928,"Austin Carr","NO","WR",24,0,5,0.44,0.044,0.396,0.311126983722081,141,0.00704166666666672,12,0.352,NA,NA,NA,2.93297099119277,NA,NA,NA
2553867,"Mack Brown","MIN","RB",NA,NA,9,0.44,0.28,0.6,0.282842712474619,83,0.013875,12,0.32,NA,NA,NA,3.42496668086045,NA,0,NA
2557886,"Jeremy Sprinkle","WAS","TE",23,0,5,0.437333333333333,0.182,0.7532,0.380296375651062,62,0.00583333333333336,10,0.5712,NA,68.5,10.5,7.56566947003754,NA,0,NA
2533028,"James Hanna","DAL","TE",28,5,6,0.436,0.3352,0.5368,0.17819090885901,63,0.0163333333333334,10,0.2016,NA,60.8,7.1,5.51903951207011,NA,0,NA
2555215,"Leonte Carroo","MIA","WR",23,1,1,0.435916666666667,0.287,0.5677,0.155673536607864,142,0.0150416666666667,13,0.2807,NA,115.5,9.1,5.15353052165436,NA,0,NA
2557987,"Matthew Dayes","CLE","RB",NA,0,9,0.43025,0.2623,0.534,0.18086896730322,84,0.0359166666666667,12,0.2717,NA,80.5,2.5,3.2068945970548,NA,0,NA
2556814,"Max McCaffrey","JAC","WR",23,1,8,0.43,0.043,0.387,0.304055915910215,143,0.044125,14,0.344,NA,NA,NA,2.90779119667654,NA,0,NA
2558049,"Michael Roberts","DET","TE",23,0,7,0.427,0.333,0.5362,0.131194512080346,64,0.0173333333333333,10,0.2032,NA,NA,NA,2.78901819260166,NA,0,NA
2552477,"Aaron Ripkowski","GB","RB",NA,NA,8,0.422,0.262,0.6636,0.254013123020577,85,0.0712916666666667,12,0.4016,NA,NA,NA,3.31498516300322,NA,1.5,NA
2552396,"Ben Koyack","JAC","TE",24,2,8,0.412333333333333,0.29,0.5676,0.187580205067948,65,0.0110833333333333,10,0.2776,NA,53.7,3.3,3.72265635067147,NA,0,NA
2558129,"Isaiah McKenzie","DEN","WR",22,0,5,0.41175,0.2085,0.7444,0.361190969802218,144,0.05675,14,0.5359,NA,134,8,4.99699606279533,NA,NA,NA
2558956,"Jacob Hollister","NE","TE",24,0,9,0.407,0.279,0.535,0.226274169979695,66,0.014,10,0.256,NA,NA,NA,3.18589231129076,NA,NA,NA
2507828,"Logan Paulsen","FA","TE",30,7,NA,0.3955,0.3099,0.7811,0.416485894118877,67,0.0120833333333334,10,0.4712,NA,NA,NA,3.97985930749078,NA,0,NA
2541096,"Ifeanyi Momah","ARI","TE",28,4,8,0.3905,0.3021,0.4789,0.156270598642227,68,0.0201666666666666,10,0.1768,NA,NA,NA,2.89368884428778,NA,0,NA
2552622,"Chris Manhertz","CAR","TE",NA,NA,11,0.376333333333333,0.276,0.4752,0.124540488730908,69,0.0141666666666667,10,0.1992,NA,55,4,3.92561109193171,NA,0,NA
2540225,"Tommy Bohanon","JAC","RB",27,4,8,0.366666666666667,0.062,0.694,0.398036849215413,86,0.0374583333333334,12,0.632,NA,77.9,3.6,4.17395456928836,NA,0,NA
2550521,"Xavier Grimble","PIT","TE",25,3,9,0.364333333333333,0.323,0.4062,0.0520128189327721,70,0.00458333333333333,11,0.0831999999999999,NA,50.4,4.8,4.15655282043932,NA,NA,NA
2495620,"Clark Harris","CIN","TE",33,10,6,0.36,0.36,0.36,NA,71,0.00325000000000003,11,0,NA,NA,NA,NA,NA,0,NA
2553467,"Quan Bray","IND","WR",NA,NA,11,0.36,0.036,0.324,0.254558441227157,145,0.0173333333333334,14,0.288,NA,NA,NA,2.73153263506295,NA,0,NA
2553318,"James OShaughnessy","FA","TE",NA,NA,NA,0.3595,0.1999,0.5191,0.282135605693432,72,0.0125,11,0.3192,NA,NA,NA,3.41906477485879,NA,0,NA
2535535,"Phillip Supernaw","TEN","TE",27,5,8,0.354,0.176,0.5776,0.269718371639753,73,0.0188333333333333,11,0.4016,NA,NA,NA,3.36723372150323,NA,0,NA
2556773,"Hunter Sharp","DEN","WR",23,1,5,0.35,0.035,0.315,0.247487373415292,146,0.0298333333333333,14,0.28,NA,NA,NA,2.70635284054672,NA,0,NA
2534241,"Derek Carrier","LAR","TE",27,5,8,0.34,0.048,0.4,0.220302821891444,74,0.0121666666666667,11,0.352,NA,NA,NA,3.16096717417658,NA,0,NA
2555348,"Braxton Miller","HOU","WR",25,1,7,0.335333333333333,0.2072,0.4392,0.154224943940121,147,0.0478333333333334,14,0.232,NA,110.8,9.8,5.48342219130891,NA,0,NA
2556411,"Josh Ferguson","IND","RB",24,1,11,0.33475,0.057,0.6603,0.336645585148536,87,0.0129166666666666,12,0.6033,NA,76.7,12,8.2784263940417,NA,0,NA
2552478,"Blake Bell","MIN","TE",26,2,9,0.330333333333333,0.2588,0.418,0.105452991106622,75,0.0116666666666667,11,0.1592,NA,NA,NA,2.68156993630925,NA,0,NA
2556478,"Ben Braunecker","CHI","TE",23,1,9,0.325333333333333,0.18,0.5,0.209841209807162,76,0.0140833333333333,11,0.32,NA,NA,NA,3.11729912606042,NA,0,NA
2556803,"C.J. Ham","MIN","RB",24,1,9,0.323666666666667,0.093,0.4978,0.281052189696742,88,0.0036666666666666,12,0.4048,NA,NA,NA,3.41813604550982,NA,0.3,NA
2558112,"Brian Hill","FA","RB",22,0,NA,0.32,0.032,0.288,0.226274169979695,89,0.00433333333333341,12,0.256,NA,NA,NA,3.2091642957283,NA,0,NA
2558837,"Devante Mays","GB","RB",NA,0,8,0.32,0.032,0.288,0.226274169979695,90,0.0118333333333333,12,0.256,NA,NA,NA,3.2091642957283,NA,0,NA
2552660,"Randall Telfer","CLE","TE",25,2,9,0.312,0.196,0.4584,0.176714458944366,77,0.0110833333333333,11,0.2624,NA,NA,NA,2.97902401712363,NA,0,NA
2556762,"Elijhaa Penny","ARI","RB",24,1,8,0.311333333333333,0.008,0.7232,0.505000330032895,91,0.0125833333333333,12,0.7152,NA,NA,NA,4.27247205451672,NA,0,NA
2553451,"Neal Sterling","NYJ","TE",NA,NA,11,0.3105,0.3101,0.3109,0.000707106781186548,78,0.0193333333333334,12,0.000800000000000023,NA,NA,NA,2.24434780650338,NA,0,NA
2553631,"Zach Zenner","DET","RB",NA,NA,7,0.305,0.046,0.35,0.191398362932741,92,0.01375,12,0.304,NA,71.8,4.1,4.03108777163775,NA,0,NA
2558091,"Noah Brown","DAL","WR",NA,0,6,0.305,0.056,0.32,0.177857620959388,148,0.07,14,0.264,NA,NA,NA,2.4584040291786,NA,0,NA
2553617,"Terrell Watson","PIT","RB",24,2,9,0.2925,0.048,0.607,0.328367172537085,93,0.00312499999999999,12,0.559,NA,75.4,15.4,9.97136736029749,NA,NA,NA
2533046,"Dwayne Allen","NE","TE",27,5,9,0.291333333333333,0.032,0.6032,0.37468030817396,79,0.000833333333333353,12,0.5712,NA,45.6,19.2,11.7115849756695,NA,7.1,NA
2558023,"Eric Saubert","ATL","TE",23,0,5,0.291,0.2726,0.3046,0.0225388553391693,80,0.00549999999999995,12,0.032,NA,NA,NA,2.33547619463413,NA,0,NA
2555219,"Daniel Lasco","NO","RB",25,1,5,0.29,0.046,0.326,0.177857620959388,94,0.010625,12,0.28,NA,NA,NA,3.02446081394092,NA,0,NA
2553552,"Khari Lee","BUF","TE",NA,NA,6,0.29,0.29,0.29,NA,81,0.0144999999999999,12,0,NA,NA,NA,NA,NA,0,NA
2555432,"Andy Janovich","DEN","RB",24,1,5,0.28875,0.137,0.4715,0.187633285959608,95,0.01875,12,0.3345,NA,NA,NA,3.0617538345891,NA,0.3,NA
2555387,"Cody Kessler","CLE","QB",24,1,9,0.2856,-0.0746400000000001,0.62776,0.440741738436468,32,0.0553333333333334,10,0.7024,NA,30.3,0.9,2.85002847867639,NA,0.2,NA
2550206,"Ryan Hewitt","CIN","TE",26,3,6,0.281,0.21,0.3804,0.12297560733739,82,0.0410000000000001,12,0.1704,NA,NA,NA,2.75471147917298,NA,0,NA
2495211,"Niles Paul","WAS","TE",28,6,5,0.27,0.04,0.312,0.170880074906351,83,0.0773333333333333,12,0.272,NA,NA,NA,2.9546705847035,NA,0,NA
2543551,"KaDeem Carey","FA","RB",25,3,NA,0.27,0.027,0.243,0.190918830920368,96,0.010125,12,0.216,NA,NA,NA,3.07428780502071,NA,0,NA
2552463,"Jaelen Strong","FA","WR",23,2,NA,0.27,0.27,0.27,NA,149,0.07475,14,0,NA,NA,NA,NA,NA,0,NA
2556528,"D.J. Foster","ARI","RB",NA,1,8,0.27,0.027,0.243,0.190918830920368,96,0.023125,12,0.216,NA,NA,NA,3.07428780502071,NA,0,NA
2539303,"Zach Line","NO","RB",27,4,5,0.24975,0.118,0.4373,0.197163848951407,98,0.00900000000000001,12,0.3193,NA,NA,NA,3.09811181969127,NA,0.9,NA
2530763,"Patrick DiMarco","BUF","RB",28,6,6,0.244,0.165,0.3222,0.0843642894436582,99,0.0130833333333333,12,0.1572,NA,NA,NA,2.66779466973444,NA,2.1,NA
2495441,"Blaine Gabbert","ARI","QB",28,6,8,0.242066666666667,0.1076,0.38936,0.178276227616958,33,0.0326,10,0.28176,NA,NA,NA,4.02994519639031,NA,0,NA
2532797,"Brandon Bolden","NE","RB",27,5,9,0.2375,0.1395,0.3355,0.173241161390704,100,0.0303333333333333,12,0.196,NA,NA,NA,3.00684955966691,NA,0.1,NA
2508101,"James Develin","NE","RB",29,7,9,0.224333333333333,0.153,0.3288,0.109158905576534,101,0.0413333333333333,12,0.1758,NA,NA,NA,2.7623832354623,NA,1.6,NA
2539275,"Mike Glennon","CHI","QB",28,4,9,0.218466666666667,0.0988,0.32632,0.143380333379442,34,0.0252,10,0.22752,NA,NA,NA,3.90914016458476,NA,0,NA
497226,"Jim Dray","FA","TE",31,7,NA,0.21,0.021,0.189,0.148492424049175,84,0.0373333333333333,13,0.168,NA,NA,NA,2.86122179239856,NA,0,NA
497123,"Colt McCoy","WAS","QB",31,7,5,0.200466666666667,0.07,0.31832,0.156495111744744,35,0.0170666666666667,10,0.24832,NA,NA,NA,3.9545418157578,NA,0,NA
2553451,"Neal Sterling","NYJ","WR",NA,NA,11,0.2,0.2,0.2,NA,150,0.0150833333333333,14,0,NA,NA,NA,NA,NA,0,NA
2555413,"Trevor Davis","GB","WR",24,1,8,0.1905,0.091,0.298,0.112162085097119,151,0.0148333333333334,14,0.207,NA,116,17,8.82823037656244,NA,0,NA
2557850,"DeAngelo Henderson","DEN","RB",25,0,5,0.19,0.019,0.171,0.134350288425444,102,0.0145,12,0.152,NA,NA,NA,2.85848541988856,NA,0,NA
2558191,"Nathan Peterman","BUF","QB",23,0,6,0.186066666666667,0.028,0.40096,0.263576959033473,36,0.00916666666666668,10,0.37296,NA,NA,NA,4.32524519648977,NA,7.16,NA
2505982,"Matt Schaub","ATL","QB",36,13,5,0.180733333333333,0.0828,0.25816,0.115735099832909,37,0.00936666666666666,10,0.17536,NA,NA,NA,3.81343597385304,NA,0,NA
2559368,"Chris Thompson","HOU","WR",NA,0,7,0.179333333333333,0.004,0.3464,0.214747138126061,152,0.0114583333333333,14,0.3424,NA,114.7,14.6,7.87098095429017,NA,0,NA
2555218,"Dan Vitale","CLE","RB",NA,1,9,0.176,0.132,0.2344,0.0711898869222308,103,0.00437500000000007,12,0.1024,NA,NA,NA,2.61753586225199,NA,0,NA
2540259,"MarQueis Gray","MIA","TE",27,4,1,0.175333333333333,0.1204,0.226,0.0666433292485702,85,0.00833333333333336,13,0.1056,NA,NA,NA,2.51957366195537,NA,0,NA
2550235,"Roosevelt Nix","PIT","RB",NA,NA,9,0.175,0.061,0.269,0.137021896060447,104,0.00870833333333332,12,0.208,NA,79,5.1,4.42993593978434,NA,0,NA
2533349,"Austin Davis","SEA","QB",28,5,6,0.173066666666667,0.0756,0.24616,0.118946262376475,38,0.00339999999999996,10,0.17056,NA,NA,NA,3.82455259951014,NA,0,NA
2535988,"Brittan Golden","ARI","WR",29,5,8,0.172,0.0668,0.27,0.127953116413786,153,0.0195,14,0.2032,NA,NA,NA,2.28069605022473,NA,0,NA
2553554,"Matt Lengel","CLE","TE",NA,NA,9,0.17,0.017,0.153,0.120208152801713,86,0.023,13,0.136,NA,NA,NA,2.74315978552867,NA,0,NA
2556232,"Jake Rudock","DET","QB",24,1,7,0.169666666666667,0.0288,0.3592,0.231828241017641,39,0.00166666666666671,10,0.3304,NA,NA,NA,4.21533527804542,NA,0,NA
2506546,"Derek Anderson","CAR","QB",34,12,11,0.169666666666667,0.0708,0.2804,0.135070352039224,40,0.00376666666666667,10,0.2096,NA,NA,NA,3.88037209366857,NA,NA,NA
2543695,"Jay Prosch","HOU","RB",25,3,7,0.16825,0.121,0.2101,0.0509795710718192,105,0.00474999999999995,13,0.0891,NA,NA,NA,2.54043586687587,NA,0,NA
2559242,"Cooper Rush","DAL","QB",NA,0,6,0.166333333333333,0.0468,0.2972,0.158411910326633,41,0.00519999999999998,10,0.2504,NA,NA,NA,3.96117752229891,NA,NA,NA
2506562,"Matt Cassel","TEN","QB",35,12,8,0.165466666666667,0.0872,0.24912,0.104510541733039,42,0.0120666666666666,10,0.16192,NA,NA,NA,3.77457801855811,NA,0,NA
2495472,"Jordan Todman","HOU","RB",27,6,7,0.164333333333333,0.048,0.2584,0.140058321185617,106,0.0163333333333333,13,0.2104,NA,NA,NA,2.88026089844483,NA,0,NA
2535943,"Sean McGrath","LAC","TE",30,5,9,0.164,0.1424,0.1904,0.0317490157327751,87,0.099,13,0.048,NA,NA,NA,2.37392053036226,NA,0,NA
497270,"Arrelious Benn","JAC","WR",29,7,8,0.16375,0.047,0.2715,0.121200591307688,154,0.0232916666666667,14,0.2245,NA,NA,NA,2.25665057376191,NA,0,NA
2559325,"Trey Edmunds","NO","RB",NA,NA,5,0.162666666666667,0.0906,0.2546,0.111159045216003,107,0.0335,13,0.164,NA,NA,NA,2.77001353466673,NA,NA,NA
2552576,"Sean Mannion","LAR","QB",25,2,8,0.1568,0.0352,0.30912,0.183665783421954,43,0.00803333333333334,10,0.27392,NA,NA,NA,4.04860313523001,NA,0,NA
2555263,"Kevin Hogan","CLE","QB",25,1,9,0.15,0,0.24,0.173205080756888,44,0.00616666666666668,10,0.24,NA,NA,NA,4.01238954776438,NA,0,NA
252,"Chad Henne","JAC","QB",32,9,8,0.147533333333333,0.0364,0.27928,0.160409642270449,45,0.0142666666666667,10,0.24288,NA,NA,NA,3.96809340957691,NA,0,NA
2507029,"Eric Weems","TEN","WR",32,10,8,0.14125,0.026,0.2975,0.158133646008685,155,0.00374999999999998,14,0.2715,NA,NA,NA,2.38816772972344,NA,0,NA
2495425,"Scott Tolzien","IND","QB",30,6,11,0.140133333333333,0.0448,0.27232,0.163055982206521,46,0.0148333333333333,10,0.22752,NA,NA,NA,3.97725469307833,NA,0,NA
2556190,"Jakeem Grant","MIA","WR",25,1,1,0.139666666666667,0.0478,0.211,0.0936731907573702,156,0.01325,14,0.1632,NA,128.5,8.5,4.75816510125262,NA,0,NA
2543750,"Jeff Janis","GB","WR",26,3,8,0.135333333333333,0.014,0.2724,0.141619207736804,157,0.01875,14,0.2584,NA,NA,NA,2.32936046421552,NA,0,NA
2550289,"David Fluellen","TEN","RB",25,3,8,0.133333333333333,0.082,0.17,0.0635085296108588,108,0.0141666666666667,13,0.088,NA,77.5,5.5,4.49074072646592,NA,0,NA
2553667,"Matt LaCosse","NYG","TE",NA,NA,8,0.13,0.13,0.13,NA,88,0.13,13,0,NA,NA,NA,NA,NA,0,NA
2508123,"T.J. Yates","HOU","QB",30,6,7,0.1264,0.04984,0.20344,0.0972389496721007,47,0.00306666666666668,10,0.1536,NA,NA,NA,3.7494047158131,NA,0,NA
2552464,"Jalston Fowler","TEN","RB",NA,NA,8,0.125,0.058,0.204,0.0838649708360608,109,0.0183333333333333,13,0.146,NA,NA,NA,2.66588982754286,NA,0.1,NA
81294,"Brian Hoyer","NE","QB",32,8,9,0.1242,0.06528,0.184,0.0747586338380614,48,0.00333333333333334,10,0.11872,NA,NA,NA,3.67158079616096,NA,1.48,NA
2552369,"Bryce Petty","NYJ","QB",26,2,11,0.122466666666667,0.06032,0.1992,0.095076390339558,49,0.004,10,0.13888,NA,NA,NA,3.74191821762592,NA,0,NA
2543497,"AJ McCarron","CIN","QB",27,3,6,0.119266666666667,0.04624,0.2056,0.105915437968221,50,0.00393333333333332,10,0.15936,NA,NA,NA,3.77944158598009,NA,0,NA
2556492,"Joe Callahan","GB","QB",24,1,8,0.117666666666667,0.028,0.2368,0.145259537839459,51,0.00683333333333333,10,0.2088,NA,NA,NA,3.91564572518212,NA,0,NA
2552654,"Geremy Davis","FA","WR",25,2,NA,0.1175,0.0675,0.1675,0.0883883476483184,158,0.00966666666666667,14,0.1,NA,NA,NA,2.13980746393161,NA,0,NA
4487,"Matthew Slater","NE","WR",32,9,9,0.115666666666667,0.026,0.1996,0.109207753082523,159,0.0261666666666667,14,0.1736,NA,NA,NA,2.21394454827743,NA,0,NA
2534871,"Derrick Coleman","ATL","RB",27,5,5,0.113333333333333,0.026,0.194,0.105987420637231,110,0.0190833333333333,13,0.168,NA,NA,NA,2.75028439069582,NA,0.8,NA
2539287,"Landry Jones","PIT","QB",28,4,9,0.113,0.0616,0.172,0.0729474696842415,52,0.00636666666666667,10,0.1104,NA,NA,NA,3.66531078222413,NA,0,NA
2507282,"Matt Moore","MIA","QB",33,10,1,0.108666666666667,0.068,0.1512,0.055184538897533,53,0.00420000000000001,10,0.0832,NA,NA,NA,3.60381783396946,NA,0,NA
2539335,"Geno Smith","NYG","QB",27,4,8,0.1046,0.0476,0.15944,0.0700562631033086,54,0.00206666666666666,10,0.11184,NA,NA,NA,3.65530180235422,NA,0,NA
2555426,"Cardale Jones","LAC","QB",25,1,9,0.104333333333333,0.0248,0.2144,0.135692053316815,55,0.00846666666666666,10,0.1896,NA,NA,NA,3.88252434235724,NA,0,NA
81284,"Chase Daniel","NO","QB",31,8,5,0.100733333333333,0.03344,0.17584,0.0922139541139698,56,0.0412333333333333,10,0.1424,NA,NA,NA,3.73200883697157,NA,NA,NA
2552636,"Michael Burton","DET","RB",25,2,7,0.1,0.1,0.1,NA,111,0.01575,14,0,NA,NA,NA,NA,NA,0,NA
2556473,"Jace Billingsley","DET","WR",24,1,7,0.1,0,0.16,0.115470053837925,160,0.0355,14,0.16,NA,NA,NA,2.23624435509801,NA,0,NA
2506895,"Kellen Clemens","LAC","QB",34,11,9,0.091,0,0.1456,0.105077748992512,57,0.07,10,0.1456,NA,NA,NA,3.77654161606773,NA,0,NA
2555220,"Derek Watt","LAC","RB",25,1,9,0.0885,0.076,0.0982,0.013,112,0.0135,14,0.0222,NA,NA,NA,2.39554823742475,NA,1.2,NA
2543565,"Andre Williams","LAC","RB",25,3,9,0.08,0,0.128,0.0923760430703401,113,0.01,14,0.128,NA,NA,NA,2.69835857443261,NA,0,NA
2557896,"Stacy Coley","MIN","WR",NA,0,9,0.079,0.0084,0.1772,0.121247680390183,161,0.054,14,0.1688,NA,NA,NA,2.25681825613362,NA,0,NA
2550633,"Senorise Perry","MIA","RB",26,3,1,0.07,0.014,0.126,0.0989949493661167,114,0.035,14,0.112,NA,NA,NA,2.72360892918097,NA,0,NA
2550400,"Keith Smith","DAL","RB",25,3,6,0.07,0.07,0.07,NA,115,0.07,15,0,NA,NA,NA,NA,NA,0.1,NA
2558208,"Chad Williams","ARI","WR",23,0,8,0.05,0.05,0.05,NA,162,0.05,14,0,NA,NA,NA,NA,NA,0,NA
2555316,"Paxton Lynch","DEN","QB",23,1,5,0.028,0.0028,0.0252,0.0197989898732233,58,0.021,10,0.0224,NA,29.8,0.8,1.84140548230149,NA,0,NA
2541185,"Ryan Griffin","TB","QB",28,4,1,0.014,0.0028,0.0252,0.0197989898732233,59,0.014,10,0.0224,NA,NA,NA,3.4813176811938,NA,0,NA
184,"Donnie Avery","FA","WR",33,9,NA,0,0,0,NA,163,0,0,0,NA,NA,NA,NA,NA,NA,NA
206,"Andre Caldwell","FA","WR",32,9,NA,0,0,0,NA,163,0,0,0,NA,NA,NA,NA,NA,NA,NA
222,"Harry Douglas","TEN","WR",33,9,8,0,0,0,0,163,0,14,0,NA,NA,NA,1.82506003247877,NA,0,NA
230,"Jerome Felton","FA","RB",31,9,NA,0,0,0,NA,116,0,15,0,NA,NA,NA,NA,NA,0,NA
234,"Matt Forte","NYJ","RB",32,9,11,0,0,0,NA,116,0,15,0,NA,NA,NA,NA,NA,0,NA
262,"Chris Johnson","FA","RB",32,9,NA,0,0,0,NA,116,0,15,0,NA,NA,NA,NA,NA,0,NA
264,"Josh Johnson","HOU","QB",31,9,7,0,0,0,NA,60,0,10,0,NA,NA,NA,NA,NA,0,NA
324,"Jacob Tamme","FA","TE",32,9,NA,0,0,0,NA,89,0,0,0,NA,NA,NA,NA,NA,0,NA
768,"Steve Johnson","FA","WR",31,9,NA,0,0,0,NA,163,0,0,0,NA,NA,NA,NA,NA,0,NA
927,"Justin Forsett","FA","RB",32,9,NA,0,0,0,NA,116,0,15,0,NA,NA,NA,NA,NA,0,NA
1060,"Gary Barnidge","FA","TE",32,9,NA,0,0,0,NA,89,0,0,0,NA,NA,NA,NA,NA,0,NA
1062,"Martellus Bennett","NE","TE",30,9,9,0,0,0,0,89,0,13,0,NA,35.1,8.3,5.7206113051653,NA,3.8,NA
1990,"Eddie Royal","FA","WR",31,9,NA,0,0,0,NA,163,0,0,0,NA,NA,NA,NA,NA,0,NA
2346,"Pierre Garcon","SF","WR",31,9,11,0,0,0,0,163,0,14,0,NA,NA,NA,1.82506003247877,NA,0,NA
4383,"Tim Hightower","FA","RB",31,9,NA,0,0,0,NA,116,0,15,0,NA,NA,NA,NA,NA,0,NA
4433,"Marcel Reece","FA","RB",32,9,NA,0,0,0,NA,116,0,15,0,NA,NA,NA,NA,NA,0,NA
71345,"Rashad Jennings","FA","RB",32,8,NA,0,0,0,NA,116,0,15,0,NA,NA,NA,NA,NA,0,NA
71417,"Jordan Norwood","FA","WR",31,8,NA,0,0,0,NA,163,0,0,0,NA,NA,NA,NA,NA,0,NA
71435,"John Phillips","NO","TE",30,8,5,0,0,0,NA,89,0,0,0,NA,NA,NA,NA,NA,0,NA
79589,"David Johnson","FA","TE",30,8,NA,0,0,0,NA,89,0,0,0,NA,NA,NA,NA,NA,0,NA
79629,"Cedric Peerman","CIN","RB",31,8,6,0,0,0,0,116,0,15,0,NA,NA,NA,2.34595475519971,NA,0,NA
79858,"Mark Sanchez","CHI","QB",31,8,9,0,0,0,0,60,0,10,0,NA,NA,NA,3.41277616209494,NA,0,NA
81288,"Brandon Gibson","NE","WR",30,8,9,0,0,0,NA,163,0,0,0,NA,NA,NA,NA,NA,NA,NA
89766,"Brandon Myers","FA","TE",32,8,NA,0,0,0,NA,89,0,0,0,NA,NA,NA,NA,NA,0,NA
89798,"Antone Smith","FA","RB",32,8,NA,0,0,0,NA,116,0,15,0,NA,NA,NA,NA,NA,0,NA
163982,"Will Johnson","NYG","RB",28,6,8,0,0,0,NA,116,0,15,0,NA,NA,NA,NA,NA,NA,NA
238457,"Zach Miller","CHI","TE",33,8,9,0,0,0,NA,89,0,0,0,NA,NA,NA,NA,NA,0,NA
238498,"Julian Edelman","NE","WR",31,8,9,0,0,0,0,163,0,14,0,NA,NA,NA,1.82506003247877,NA,0,NA
497095,"Sam Bradford","MIN","QB",30,7,9,0,0,0,0,60,0,10,0,NA,NA,NA,3.41277616209494,NA,0,NA
497135,"Tim Tebow","FA","QB",30,7,NA,0,0,0,NA,60,0,10,0,NA,NA,NA,NA,NA,NA,NA
497188,"Ryan Mathews","FA","RB",30,7,NA,0,0,0,NA,116,0,15,0,NA,NA,NA,NA,NA,0,NA
497190,"Dexter McCluster","FA","WR",29,7,NA,0,0,0,NA,163,0,0,0,NA,NA,NA,NA,NA,0,NA
497206,"James Starks","FA","RB",31,7,NA,0,0,0,NA,116,0,15,0,NA,NA,NA,NA,NA,0,NA
497242,"Clay Harbor","NO","TE",30,7,5,0,0,0,NA,89,0,0,0,NA,NA,NA,NA,NA,0,NA
497254,"Dennis Pitta","FA","TE",32,7,NA,0,0,0,NA,89,0,0,0,NA,NA,NA,NA,NA,0,NA
497286,"Marcus Easley","BUF","WR",30,7,6,0,0,0,0,163,0,14,0,NA,NA,NA,1.82506003247877,NA,NA,NA
1037347,"Joe Webb","BUF","QB",31,7,6,0,0,0,0,60,0,10,0,NA,NA,NA,3.41277616209494,NA,0,NA
1037885,"Marc Mariani","FA","WR",30,7,NA,0,0,0,NA,163,0,0,0,NA,NA,NA,NA,NA,0,NA
2495159,"Dwayne Harris","NYG","WR",30,6,8,0,0,0,NA,163,0,0,0,NA,NA,NA,NA,NA,0,NA
2495186,"Colin Kaepernick","FA","QB",30,6,NA,0,0,0,NA,60,0,10,0,NA,NA,NA,NA,NA,0,NA
2495189,"Jeremy Kerley","NYJ","WR",29,6,11,0,0,0,0,163,0,14,0,NA,87.5,6.5,3.64146508216468,NA,0,NA
2495258,"Matt Asiata","FA","RB",30,6,NA,0,0,0,NA,116,0,15,0,NA,NA,NA,NA,NA,0,NA
2495259,"Dan Bailey","DAL","K",29,6,6,0,0,0,NA,29,0,4,0,NA,NA,NA,NA,NA,0,NA
2495461,"Shaun Draughn","FA","RB",30,6,NA,0,0,0,NA,116,0,15,0,NA,NA,NA,NA,NA,0,NA
2495467,"Taiwan Jones","BUF","RB",29,6,6,0,0,0,NA,116,0,15,0,NA,NA,NA,NA,NA,0,NA
2495470,"Stevan Ridley","FA","RB",28,6,NA,0,0,0,0,116,0,15,0,NA,NA,NA,2.34595475519971,NA,0,NA
2495700,"Greg Olsen","CAR","TE",32,10,11,0,0,0,0,89,0,13,0,NA,NA,NA,2.24139625633163,NA,0,NA
2495893,"Brandon Marshall","NYG","WR",33,11,8,0,0,0,0,163,0,14,0,NA,NA,NA,1.82506003247877,NA,0,NA
2495979,"DeAngelo Williams","FA","RB",34,11,NA,0,0,0,NA,116,0,15,0,NA,NA,NA,NA,NA,0,NA
2499277,"David Ausberry","FA","TE",30,6,NA,0,0,0,NA,89,0,0,0,NA,NA,NA,NA,NA,NA,NA
2504162,"Shayne Graham","FA","K",NA,NA,NA,0,0,0,NA,29,0,4,0,NA,NA,NA,NA,NA,NA,NA
2504833,"Shaun Hill","FA","QB",NA,NA,NA,0,0,0,NA,60,0,10,0,NA,NA,NA,NA,NA,0,NA
2505245,"Carson Palmer","ARI","QB",38,14,8,0,0,0,NA,60,0,10,0,NA,NA,NA,NA,NA,0,NA
2505354,"Tony Romo","FA","QB",37,14,NA,0,0,0,NA,60,0,10,0,NA,NA,NA,NA,NA,0,NA
2505587,"Anquan Boldin","FA","WR",37,14,NA,0,0,0,NA,163,0,0,0,NA,NA,NA,NA,NA,0,NA
2505936,"Steven Jackson","NE","RB",34,13,9,0,0,0,NA,116,0,15,0,NA,NA,NA,NA,NA,NA,NA
2506053,"Luke McCown","FA","QB",36,13,NA,0,0,0,NA,60,0,10,0,NA,NA,NA,NA,NA,0,NA
2506147,"John Kuhn","FA","RB",35,11,NA,0,0,0,0,116,0,15,0,NA,NA,NA,2.34595475519971,NA,0,NA
2506363,"Aaron Rodgers","GB","QB",34,12,8,0,0,0,NA,60,0,10,0,NA,NA,NA,NA,NA,0,NA
2506400,"Vincent Jackson","FA","WR",34,12,NA,0,0,0,NA,163,0,0,0,NA,NA,NA,NA,NA,0,NA
2507225,"Nick Folk","FA","K",33,10,NA,0,0,0,0,29,0,5,0,NA,NA,NA,1.42547519392287,NA,0,NA
2507401,"Dan Carpenter","FA","K",32,9,NA,0,0,0,NA,29,0,4,0,NA,NA,NA,NA,NA,NA,NA
2507405,"Matthew Mulligan","DET","TE",32,9,7,0,0,0,NA,89,0,0,0,NA,NA,NA,NA,NA,NA,NA
2507486,"Kellen Davis","FA","TE",32,9,NA,0,0,0,NA,89,0,0,0,NA,NA,NA,NA,NA,0,NA
2507855,"Victor Cruz","FA","WR",31,7,NA,0,0,0,NA,163,0,0,0,NA,NA,NA,NA,NA,0,NA
2507883,"Jeff Cumberland","FA","TE",30,7,NA,0,0,0,0,89,0,13,0,NA,NA,NA,2.24139625633163,NA,0,NA
2508097,"Andrew Hawkins","FA","WR",31,6,NA,0,0,0,NA,163,0,0,0,NA,NA,NA,NA,NA,0,NA
2530598,"Jeremy Ross","FA","WR",29,6,NA,0,0,0,NA,163,0,0,0,NA,NA,NA,NA,NA,0,NA
2530690,"DuJuan Harris","FA","RB",29,6,NA,0,0,0,NA,116,0,15,0,NA,NA,NA,NA,NA,0,NA
2532853,"Ladarius Green","FA","TE",27,5,NA,0,0,0,NA,89,0,0,0,NA,NA,NA,NA,NA,0,NA
2532917,"Kellen Moore","FA","QB",28,5,NA,0,0,0,0,60,0,10,0,NA,NA,NA,3.41277616209494,NA,0,NA
2532956,"Ryan Tannehill","MIA","QB",29,5,1,0,0,0,NA,60,0,10,0,NA,NA,NA,NA,NA,0,NA
2532970,"Brandon Weeden","TEN","QB",34,5,8,0,0,0,0,60,0,10,0,NA,NA,NA,3.41277616209494,NA,0,NA
2533031,"Andrew Luck","IND","QB",28,5,11,0,0,0,NA,60,0,10,0,NA,NA,NA,NA,NA,0,NA
2533033,"Robert Griffin","FA","QB",27,5,NA,0,0,0,NA,60,0,10,0,NA,NA,NA,NA,NA,0,NA
2533038,"Justin Blackmon","FA","WR",27,5,NA,0,0,0,NA,163,0,0,0,NA,NA,NA,NA,NA,NA,NA
2533353,"Cory Harkey","FA","TE",27,5,NA,0,0,0,NA,89,0,0,0,NA,NA,NA,NA,NA,0,NA
2533437,"Ronnie Hillman","FA","RB",26,5,NA,0,0,0,NA,116,0,15,0,NA,NA,NA,NA,NA,0,NA
2533460,"Robert Turbin","IND","RB",28,5,11,0,0,0,NA,116,0,15,0,NA,NA,NA,NA,NA,0,NA
2534437,"Austin Johnson","FA","RB",28,4,NA,0,0,0,NA,116,0,15,0,NA,NA,NA,NA,NA,0,NA
2534770,"Jonathan Grimes","FA","RB",28,5,NA,0,0,0,NA,116,0,15,0,NA,NA,NA,NA,NA,0,NA
2534789,"Daryl Richardson","FA","RB",27,5,NA,0,0,0,NA,116,0,15,0,NA,NA,NA,NA,NA,0,NA
2534870,"Alex Tanney","FA","QB",30,5,NA,0,0,0,NA,60,0,10,0,NA,NA,NA,NA,NA,0,NA
2534889,"Matt Simms","FA","QB",29,5,NA,0,0,0,NA,60,0,10,0,NA,NA,NA,NA,NA,0,NA
2535138,"Greg Scruggs","NE","TE",27,5,9,0,0,0,NA,89,0,0,0,NA,NA,NA,NA,NA,NA,NA
2535696,"Joe Banyard","BUF","RB",29,5,6,0,0,0,0,116,0,15,0,NA,NA,NA,2.34595475519971,NA,0,NA
2535724,"Dominique Jones","FA","TE",30,5,NA,0,0,0,NA,89,0,0,0,NA,NA,NA,NA,NA,NA,NA
2536342,"Brandon Bostick","FA","TE",28,5,NA,0,0,0,NA,89,0,0,0,NA,NA,NA,NA,NA,NA,NA
2537931,"Josh Gordon","CLE","WR",26,5,9,0,0,0,NA,163,0,0,0,NA,NA,NA,NA,NA,0,NA
2537933,"Larry Donnell","FA","TE",29,5,NA,0,0,0,NA,89,0,0,0,NA,NA,NA,NA,NA,0,NA
2539202,"Chris Gragg","NYJ","TE",27,4,11,0,0,0,0,89,0,14,0,NA,NA,NA,2.24139625633163,NA,0,NA
2539203,"Cobi Hamilton","FA","WR",27,4,NA,0,0,0,NA,163,0,0,0,NA,NA,NA,NA,NA,0,NA
2539227,"Dustin Hopkins","WAS","K",27,4,5,0,0,0,NA,29,0,4,0,NA,NA,NA,NA,NA,0,NA
2539250,"Quinton Patton","FA","WR",27,4,NA,0,0,0,NA,163,0,0,0,NA,NA,NA,NA,NA,0,NA
2539260,"Denard Robinson","FA","RB",27,4,NA,0,0,0,NA,116,0,15,0,NA,NA,NA,NA,NA,0,NA
2539283,"Jake Stoneburner","NO","TE",28,4,5,0,0,0,NA,89,0,0,0,NA,NA,NA,NA,NA,0,NA
2539308,"Matt Barkley","ARI","QB",27,4,8,0,0,0,NA,60,0,10,0,NA,NA,NA,NA,NA,0,NA
2539315,"Stepfan Taylor","FA","RB",26,4,NA,0,0,0,NA,116,0,15,0,NA,NA,NA,NA,NA,0,NA
2539322,"Christine Michael","IND","RB",27,4,11,0,0,0,NA,116,0,15,0,NA,NA,NA,NA,NA,0,NA
2539961,"Ryan Nassib","FA","QB",27,4,NA,0,0,0,0,60,0,10,0,NA,NA,NA,3.41277616209494,NA,0,NA
2539995,"Mychal Rivera","JAC","TE",27,4,8,0,0,0,NA,89,0,0,0,NA,NA,NA,NA,NA,0,NA
2540005,"Marlon Brown","DEN","WR",26,4,5,0,0,0,NA,163,0,0,0,NA,NA,NA,NA,NA,0,NA
2540148,"Tyler Eifert","CIN","TE",27,4,6,0,0,0,NA,89,0,0,0,NA,NA,NA,NA,NA,0,NA
2540157,"Stedman Bailey","FA","WR",27,4,NA,0,0,0,NA,163,0,0,0,NA,NA,NA,NA,NA,NA,NA
2540178,"Knile Davis","FA","RB",26,4,NA,0,0,0,NA,116,0,15,0,NA,NA,NA,NA,NA,0,NA
2540181,"Josh Boyce","FA","WR",26,4,NA,0,0,0,NA,163,0,0,0,NA,NA,NA,NA,NA,0,NA
2540224,"Mike James","DET","RB",26,4,7,0,0,0,0,116,0,15,0,NA,NA,NA,2.34595475519971,NA,0,NA
2540261,"Corey Fuller","NO","WR",27,4,5,0,0,0,NA,163,0,0,0,NA,NA,NA,NA,NA,0,NA
2541147,"Charles Johnson","CAR","WR",28,4,11,0,0,0,NA,163,0,0,0,NA,NA,NA,NA,NA,0,NA
2541316,"Ryan Griffin","HOU","TE",27,4,7,0,0,0,NA,89,0,0,0,NA,NA,NA,NA,NA,0,NA
2541828,"Frankie Hammond","FA","WR",NA,NA,NA,0,0,0,NA,163,0,0,0,NA,NA,NA,NA,NA,0,NA
2541883,"Eric Rogers","FA","WR",26,4,NA,0,0,0,NA,163,0,0,0,NA,NA,NA,NA,NA,0,NA
2541910,"George Winn","NYG","RB",27,4,8,0,0,0,0,116,0,15,0,NA,NA,NA,2.34595475519971,NA,0,NA
2541940,"Rashad Ross","FA","WR",27,4,NA,0,0,0,NA,163,0,0,0,NA,NA,NA,NA,NA,0,NA
2542022,"Khiry Robinson","FA","RB",28,4,NA,0,0,0,NA,116,0,15,0,NA,NA,NA,NA,NA,0,NA
2542060,"Jordan Gay","FA","K",NA,NA,NA,0,0,0,NA,29,0,4,0,NA,NA,NA,NA,NA,0,NA
2542065,"Matt McGloin","FA","QB",28,4,NA,0,0,0,0,60,0,10,0,NA,NA,NA,3.41277616209494,NA,0,NA
2543468,"Mike Evans","TB","WR",24,3,1,0,0,0,NA,163,0,0,0,NA,NA,NA,NA,NA,0,NA
2543481,"Jace Amaro","FA","TE",25,3,NA,0,0,0,NA,89,0,0,0,NA,NA,NA,NA,NA,0,NA
2543496,"Odell Beckham","NYG","WR",25,3,8,0,0,0,NA,163,0,0,0,NA,NA,NA,NA,NA,0,NA
2543502,"Tre Mason","FA","RB",24,3,NA,0,0,0,NA,116,0,15,0,NA,NA,NA,NA,NA,NA,NA
2543509,"Allen Robinson","JAC","WR",24,3,8,0,0,0,NA,163,0,0,0,NA,NA,NA,NA,NA,0,NA
2543570,"Storm Johnson","FA","RB",25,3,NA,0,0,0,NA,116,0,15,0,NA,NA,NA,NA,NA,0,NA
2543587,"Aaron Murray","FA","QB",27,3,NA,0,0,0,NA,60,0,10,0,NA,NA,NA,NA,NA,0,NA
2543596,"Dri Archer","FA","RB",26,3,NA,0,0,0,NA,116,0,15,0,NA,NA,NA,NA,NA,NA,NA
2543603,"Jeremy Hill","CIN","RB",25,3,6,0,0,0,NA,116,0,15,0,NA,NA,NA,NA,NA,0,NA
2543605,"Zach Mettenberger","FA","QB",26,3,NA,0,0,0,NA,60,0,10,0,NA,NA,NA,NA,NA,0,NA
2543619,"Walt Powell","FA","WR",26,3,NA,0,0,0,NA,163,0,0,0,NA,NA,NA,NA,NA,0,NA
2543655,"Tyler Gaffney","JAC","RB",26,3,8,0,0,0,0,116,0,15,0,NA,NA,NA,2.34595475519971,NA,0,NA
2543682,"Bishop Sankey","MIN","RB",25,3,9,0,0,0,0,116,0,15,0,NA,NA,NA,2.34595475519971,NA,0,NA
2543689,"Kevin Norwood","NYG","WR",28,3,8,0,0,0,NA,163,0,0,0,NA,NA,NA,NA,NA,0,NA
2543704,"Lorenzo Taliaferro","FA","RB",26,3,NA,0,0,0,NA,116,0,15,0,NA,NA,NA,NA,NA,0,NA
2543746,"Josh Huff","FA","WR",26,3,NA,0,0,0,NA,163,0,0,0,NA,NA,NA,NA,NA,0,NA
2543751,"David Fales","MIA","QB",27,3,1,0,0,0,0,60,0,10,0,NA,NA,NA,3.41277616209494,NA,0,NA
2543781,"Zach Hocker","FA","K",26,3,NA,0,0,0,NA,29,0,4,0,NA,NA,NA,NA,NA,NA,NA
2543794,"Crockett Gillmore","FA","TE",26,3,NA,0,0,0,NA,89,0,0,0,NA,NA,NA,NA,NA,0,NA
2543828,"Quincy Enunwa","NYJ","WR",25,3,11,0,0,0,NA,163,0,0,0,NA,NA,NA,NA,NA,0,NA
2549982,"Garrett Gilbert","FA","QB",26,3,NA,0,0,0,NA,60,0,10,0,NA,NA,NA,NA,NA,0,NA
2550182,"Isaiah Burse","LAC","WR",26,3,9,0,0,0,NA,163,0,0,0,NA,NA,NA,NA,NA,0,NA
2550183,"Jeremy Butler","BUF","WR",26,3,6,0,0,0,NA,163,0,0,0,NA,NA,NA,NA,NA,0,NA
2550216,"Jonathan Krause","FA","WR",NA,NA,NA,0,0,0,NA,163,0,0,0,NA,NA,NA,NA,NA,0,NA
2550243,"Justin Perillo","FA","TE",26,3,NA,0,0,0,NA,89,0,0,0,NA,NA,NA,NA,NA,0,NA
2550252,"Connor Shaw","FA","QB",26,3,NA,0,0,0,0,60,0,10,0,NA,NA,NA,3.41277616209494,NA,0,NA
2550263,"Juwan Thompson","FA","RB",25,3,NA,0,0,0,NA,116,0,15,0,NA,NA,NA,NA,NA,0,NA
2550359,"Seantavius Jones","FA","WR",25,3,NA,0,0,0,NA,163,0,0,0,NA,NA,NA,NA,NA,0,NA
2550376,"Stephen Morris","FA","QB",25,3,NA,0,0,0,NA,60,0,10,0,NA,NA,NA,NA,NA,0,NA
2550405,"Erik Swoope","IND","TE",25,3,11,0,0,0,NA,89,0,0,0,NA,NA,NA,NA,NA,0,NA
2550454,"Asante Cleveland","LAC","TE",25,3,9,0,0,0,NA,89,0,0,0,NA,NA,NA,NA,NA,0,NA
2550459,"Javontee Herndon","FA","WR",26,3,NA,0,0,0,NA,163,0,0,0,NA,NA,NA,NA,NA,0,NA
2550474,"Antonio Andrews","FA","RB",25,3,NA,0,0,0,NA,116,0,15,0,NA,NA,NA,NA,NA,0,NA
2550540,"George Atkinson","FA","RB",25,3,NA,0,0,0,NA,116,0,15,0,NA,NA,NA,NA,NA,NA,NA
2550542,"Kapri Bibbs","FA","RB",24,3,NA,0,0,0,NA,116,0,15,0,NA,NA,NA,NA,NA,0,NA
2550546,"Philly Brown","FA","WR",26,3,NA,0,0,0,0,163,0,14,0,NA,NA,NA,1.82506003247877,NA,0,NA
2550596,"Darrin Reaves","FA","RB",24,3,NA,0,0,0,NA,116,0,15,0,NA,NA,NA,NA,NA,0,NA
2550608,"RaShaun Allen","SEA","TE",27,3,6,0,0,0,0,89,0,0,0,NA,NA,NA,2.24139625633163,NA,0,NA
2550636,"Cairo Santos","FA","K",26,3,NA,0,0,0,NA,29,0,4,0,NA,NA,NA,NA,NA,0,NA
2550738,"Fitzgerald Toussaint","FA","RB",27,3,NA,0,0,0,NA,116,0,15,0,NA,NA,NA,NA,NA,NA,NA
2551357,"Glenn Winston","CLE","RB",28,3,9,0,0,0,NA,116,0,15,0,NA,NA,NA,NA,NA,NA,NA
2551359,"Jerome Cunningham","FA","TE",26,3,NA,0,0,0,NA,89,0,0,0,NA,NA,NA,NA,NA,NA,NA
2552371,"Garrett Grayson","FA","QB",26,2,NA,0,0,0,NA,60,0,10,0,NA,NA,NA,NA,NA,0,NA
2552376,"David Cobb","FA","RB",24,2,NA,0,0,0,NA,116,0,15,0,NA,NA,NA,NA,NA,0,NA
2552380,"Karlos Williams","FA","RB",24,2,NA,0,0,0,NA,116,0,15,0,NA,NA,NA,NA,NA,NA,NA
2552382,"Malcolm Brown","LAR","RB",24,2,8,0,0,0,NA,116,0,15,0,NA,NA,NA,NA,NA,0,NA
2552401,"MyCole Pruitt","FA","TE",25,2,NA,0,0,0,NA,89,0,0,0,NA,NA,NA,NA,NA,0,NA
2552411,"Dezmin Lewis","FA","WR",25,2,NA,0,0,0,NA,163,0,0,0,NA,NA,NA,NA,NA,0,NA
2552420,"Keith Mumphery","FA","WR",25,2,NA,0,0,0,NA,163,0,0,0,NA,NA,NA,NA,NA,0,NA
2552425,"Rashad Greene","JAC","WR",25,2,8,0,0,0,0,163,0,15,0,NA,NA,NA,1.82506003247877,NA,0,NA
2552462,"Gerald Christian","FA","TE",26,2,NA,0,0,0,NA,89,0,0,0,NA,NA,NA,NA,NA,0,NA
2552491,"Dorial Green-Beckham","FA","WR",24,2,NA,0,0,0,NA,163,0,0,0,NA,NA,NA,NA,NA,0,NA
2552647,"Marcus Murphy","FA","RB",26,2,NA,0,0,0,NA,116,0,15,0,NA,NA,NA,NA,NA,0,NA
2552650,"Mario Alford","FA","WR",NA,NA,NA,0,0,0,NA,163,0,0,0,NA,NA,NA,NA,NA,0,NA
2553112,"Jason Myers","FA","K",NA,NA,NA,0,0,0,0,29,0,4,0,NA,NA,NA,1.42547519392287,NA,NA,NA
2553292,"Kennard Backman","FA","TE",24,2,NA,0,0,0,NA,89,0,0,0,NA,NA,NA,NA,NA,0,NA
2553435,"David Johnson","ARI","RB",26,2,8,0,0,0,NA,116,0,15,0,NA,NA,NA,NA,NA,0,NA
2553439,"Mike Davis","FA","RB",24,2,NA,0,0,0,NA,116,0,15,0,NA,NA,NA,NA,NA,0,NA
2553465,"Rory Anderson","SF","TE",25,2,11,0,0,0,NA,89,0,0,0,NA,NA,NA,NA,NA,0,NA
2553499,"Damiere Byrd","CAR","WR",NA,NA,11,0,0,0,NA,163,0,0,0,NA,NA,NA,NA,NA,0,NA
2553511,"John Crockett","FA","RB",25,2,NA,0,0,0,NA,116,0,15,0,NA,NA,NA,NA,NA,0,NA
2553568,"Cameron Meredith","CHI","WR",NA,NA,9,0,0,0,NA,163,0,0,0,NA,NA,NA,NA,NA,0,NA
2553600,"Jameill Showers","DAL","QB",NA,NA,6,0,0,0,NA,60,0,10,0,NA,NA,NA,NA,NA,0,NA
2553648,"Andrew Franks","FA","K",24,2,NA,0,0,0,0,29,0,4,0,NA,NA,NA,1.42547519392287,NA,NA,NA
2553652,"Chris Harper","FA","WR",NA,NA,NA,0,0,0,NA,163,0,0,0,NA,NA,NA,NA,NA,0,NA
2553668,"Jordan Leslie","CLE","WR",NA,NA,9,0,0,0,0,163,0,0,0,NA,NA,NA,1.82506003247877,NA,0,NA
2553682,"Wes Saxton","WAS","TE",24,2,5,0,0,0,NA,89,0,13,0,NA,NA,NA,NA,NA,0,NA
2553716,"Rannell Hall","CLE","WR",24,2,9,0,0,0,NA,163,0,0,0,NA,NA,NA,NA,NA,0,NA
2553725,"Bradley Marquez","LAR","WR",NA,NA,8,0,0,0,NA,163,0,0,0,NA,NA,NA,NA,NA,0,NA
2553791,"E.J. Bibbs","FA","TE",26,2,NA,0,0,0,NA,89,0,13,0,NA,NA,NA,NA,NA,0,NA
2553835,"Mike Meyer","FA","K",NA,NA,NA,0,0,0,NA,29,0,4,0,NA,NA,NA,NA,NA,NA,NA
2553876,"Donteea Dye","FA","WR",NA,NA,NA,0,0,0,NA,163,0,0,0,NA,NA,NA,NA,NA,0,NA
2553896,"Darius Jennings","NYJ","WR",NA,NA,11,0,0,0,NA,163,0,0,0,NA,NA,NA,NA,NA,0,NA
2555216,"Malcolm Mitchell","NE","WR",24,1,9,0,0,0,NA,163,0,0,0,NA,NA,NA,NA,NA,0,NA
2555224,"Ezekiel Elliott","DAL","RB",22,1,6,0,0,0,NA,116,0,15,0,NA,NA,NA,NA,NA,0,NA
2555227,"Jonathan Williams","FA","RB",23,1,NA,0,0,0,NA,116,0,15,0,NA,NA,NA,NA,NA,0,NA
2555234,"Tyler Ervin","HOU","RB",24,1,7,0,0,0,NA,116,0,15,0,NA,NA,NA,NA,NA,0,NA
2555262,"Jeff Driskel","CIN","QB",24,1,6,0,0,0,0,60,0,10,0,NA,NA,NA,3.41277616209494,NA,0,NA
2555350,"Kolby Listenbee","FA","WR",23,1,NA,0,0,0,NA,163,0,0,0,NA,NA,NA,NA,NA,0,NA
2555356,"Keenan Reynolds","FA","WR",24,1,NA,0,0,0,NA,163,0,0,0,NA,NA,NA,NA,NA,0,NA
2555362,"Aaron Burbridge","SF","WR",24,1,11,0,0,0,NA,163,0,0,0,NA,NA,NA,NA,NA,0,NA
2555365,"Brandon Allen","LAR","QB",25,1,8,0,0,0,0,60,0,10,0,NA,NA,NA,3.41277616209494,NA,0,NA
2555370,"Jordan Payton","FA","WR",24,1,NA,0,0,0,NA,163,0,0,0,NA,NA,NA,NA,NA,0,NA
2555408,"Roberto Aguayo","FA","K",23,1,NA,0,0,0,0,29,0,4,0,NA,NA,NA,1.42547519392287,NA,NA,NA
2555416,"Christian Hackenberg","NYJ","QB",22,1,11,0,0,0,0,60,0,10,0,NA,NA,NA,3.41277616209494,NA,0,NA
2555459,"Keith Marshall","WAS","RB",23,1,5,0,0,0,0,116,0,15,0,NA,NA,NA,2.34595475519971,NA,0,NA
2555462,"Kelvin Taylor","FA","RB",24,1,NA,0,0,0,NA,116,0,15,0,NA,NA,NA,NA,NA,0,NA
2555465,"Demarcus Ayers","FA","WR",23,1,NA,0,0,0,NA,163,0,0,0,NA,NA,NA,NA,NA,0,NA
2555471,"Kenny Lawler","FA","WR",23,1,NA,0,0,0,NA,163,0,0,0,NA,NA,NA,NA,NA,0,NA
2555477,"Charone Peake","NYJ","WR",25,1,11,0,0,0,NA,163,0,0,0,NA,NA,NA,NA,NA,0,NA
2555483,"Thomas Duarte","MIA","TE",22,1,1,0,0,0,NA,89,0,13,0,NA,NA,NA,NA,NA,0,NA
2555486,"Temarrick Hemingway","LAR","TE",24,1,8,0,0,0,NA,89,0,13,0,NA,NA,NA,NA,NA,0,NA
2555487,"Beau Sandland","FA","TE",24,1,NA,0,0,0,NA,89,0,13,0,NA,NA,NA,NA,NA,0,NA
2556144,"Daniel Braverman","FA","WR",24,1,NA,0,0,0,NA,163,0,0,0,NA,NA,NA,NA,NA,0,NA
2556185,"Devin Lucien","FA","WR",24,1,NA,0,0,0,0,163,0,0,0,NA,NA,NA,1.82506003247877,NA,0,NA
2556212,"Devin Fuller","ATL","WR",23,1,5,0,0,0,NA,163,0,0,0,NA,NA,NA,NA,NA,0,NA
2556261,"Moritz Boehringer","FA","WR",NA,1,NA,0,0,0,NA,163,0,0,0,NA,NA,NA,NA,NA,0,NA
2556273,"Darius Jackson","CLE","RB",24,1,9,0,0,0,NA,116,0,15,0,NA,NA,NA,NA,NA,0,NA
2556375,"Rico Gathers","DAL","TE",23,1,6,0,0,0,NA,89,0,13,0,NA,NA,NA,NA,NA,0,NA
2556379,"Zac Brooks","FA","RB",24,1,NA,0,0,0,NA,116,0,15,0,NA,NA,NA,NA,NA,0,NA
2556392,"Mekale McKay","FA","WR",24,1,NA,0,0,0,NA,163,0,0,0,NA,NA,NA,NA,NA,NA,NA
2556415,"Joe Kerridge","GB","RB",25,1,8,0,0,0,0,116,0,15,0,NA,NA,NA,2.34595475519971,NA,0,NA
2556444,"Joshua Perkins","FA","TE",24,1,NA,0,0,0,NA,89,0,13,0,NA,NA,NA,NA,NA,0,NA
2556454,"Brandon Wilds","FA","RB",24,1,NA,0,0,0,NA,116,0,15,0,NA,NA,NA,NA,NA,0,NA
2556477,"Trevone Boykin","FA","QB",24,1,NA,0,0,0,NA,60,0,10,0,NA,NA,NA,NA,NA,0,NA
2556493,"Tra Carson","CIN","RB",25,1,6,0,0,0,NA,116,0,15,0,NA,NA,NA,NA,NA,0,NA
2556508,"Alan Cross","TB","RB",24,1,1,0,0,0,NA,116,0,15,0,NA,NA,NA,NA,NA,0,NA
2556508,"Alan Cross","TB","TE",24,1,1,0,0,0,0,89,0,13,0,NA,NA,NA,2.24139625633163,NA,0,NA
2556541,"Aaron Green","FA","RB",25,1,NA,0,0,0,NA,116,0,15,0,NA,NA,NA,NA,NA,0,NA
2556544,"Glenn Gronkowski","FA","RB",24,1,NA,0,0,0,NA,116,0,15,0,NA,NA,NA,NA,NA,0,NA
2556563,"Don Jackson","FA","RB",24,1,NA,0,0,0,NA,116,0,15,0,NA,NA,NA,NA,NA,0,NA
2556569,"Andy Jones","FA","WR",NA,1,NA,0,0,0,0,163,0,0,0,NA,NA,NA,1.82506003247877,NA,0,NA
2556577,"Marshall Koehn","FA","K",25,1,NA,0,0,0,NA,29,0,4,0,NA,NA,NA,NA,NA,0,NA
2556603,"Tre Madden","SEA","RB",24,1,6,0,0,0,NA,116,0,15,0,NA,NA,NA,NA,NA,0,NA
2556606,"Jalin Marshall","FA","WR",NA,1,NA,0,0,0,0,163,0,0,0,NA,NA,NA,1.82506003247877,NA,0,NA
2556636,"Marquez North","FA","WR",22,1,NA,0,0,0,NA,163,0,0,0,NA,NA,NA,NA,NA,0,NA
2556656,"Jhurell Pressley","FA","RB",25,1,NA,0,0,0,NA,116,0,15,0,NA,NA,NA,NA,NA,0,NA
2556661,"Kalif Raymond","FA","WR",23,1,NA,0,0,0,0,163,0,0,0,NA,NA,NA,1.82506003247877,NA,0,NA
2556676,"Rashawn Scott","MIA","WR",25,1,1,0,0,0,0,163,0,0,0,NA,NA,NA,1.82506003247877,NA,0,NA
2556687,"Joel Stave","FA","QB",25,1,NA,0,0,0,NA,60,0,10,0,NA,NA,NA,NA,NA,0,NA
2556728,"Brandon Burks","FA","RB",24,1,NA,0,0,0,NA,116,0,15,0,NA,NA,NA,NA,NA,0,NA
2556743,"Chris Hubert","ARI","WR",24,1,8,0,0,0,NA,163,0,0,0,NA,NA,NA,NA,NA,0,NA
2556801,"Kenneth Farrow","LAC","RB",24,1,9,0,0,0,NA,116,0,15,0,NA,NA,NA,NA,NA,0,NA
2556841,"Byron Marshall","FA","WR",23,1,NA,0,0,0,NA,163,0,0,0,NA,NA,NA,NA,NA,0,NA
2556851,"Keyarris Garrett","FA","WR",25,1,NA,0,0,0,NA,163,0,0,0,NA,NA,NA,NA,NA,0,NA
2556854,"Devon Johnson","FA","RB",24,1,NA,0,0,0,NA,116,0,15,0,NA,NA,NA,NA,NA,0,NA
2556882,"Jake Lampman","FA","WR",24,1,NA,0,0,0,NA,163,0,0,0,NA,NA,NA,NA,NA,0,NA
2557531,"Troymaine Pope","FA","RB",24,1,NA,0,0,0,NA,116,0,15,0,NA,NA,NA,NA,NA,0,NA
2557859,"Jake Butt","DEN","TE",22,0,5,0,0,0,NA,89,0,13,0,NA,NA,NA,NA,NA,0,NA
2557863,"Zay Jones","BUF","WR",22,0,6,0,0,0,NA,163,0,0,0,NA,NA,NA,NA,NA,0,NA
2557869,"Chad Kelly","DEN","QB",23,0,5,0,0,0,NA,60,0,10,0,NA,NA,NA,NA,NA,0,NA
2557897,"Davis Webb","NYG","QB",22,0,8,0,0,0,0,60,0,10,0,NA,NA,NA,3.41277616209494,NA,0,NA
2557936,"Joe Williams","SF","RB",24,0,11,0,0,0,0,116,0,15,0,NA,NA,NA,2.34595475519971,NA,0,NA
2557977,"Jeremy McNichols","FA","RB",22,0,NA,0,0,0,NA,116,0,15,0,NA,NA,NA,NA,NA,0,NA
2557991,"Dalvin Cook","MIN","RB",22,0,9,0,0,0,NA,116,0,15,0,NA,NA,NA,NA,NA,0,NA
2558003,"Carlos Henderson","DEN","WR",23,0,5,0,0,0,NA,163,0,0,0,NA,NA,NA,NA,NA,0,NA
2558011,"Bucky Hodges","FA","TE",22,0,NA,0,0,0,NA,89,0,13,0,NA,NA,NA,NA,NA,0,NA
2558016,"Brad Kaaya","FA","QB",22,0,NA,0,0,0,0,60,0,10,0,NA,NA,NA,3.41277616209494,NA,0,NA
2558047,"Rodney Adams","MIN","WR",23,0,9,0,0,0,0,163,0,0,0,NA,NA,NA,1.82506003247877,NA,0,NA
2558063,"Deshaun Watson","HOU","QB",22,0,7,0,0,0,NA,60,0,10,0,NA,NA,NA,NA,NA,0,NA
2558071,"Isaiah Ford","MIA","WR",21,0,1,0,0,0,NA,163,0,0,0,NA,NA,NA,NA,NA,0,NA
2558095,"Malachi Dupre","FA","WR",22,0,NA,0,0,0,NA,163,0,0,0,NA,NA,NA,NA,NA,0,NA
2558113,"Elijah Hood","FA","RB",NA,0,NA,0,0,0,NA,116,0,15,0,NA,NA,NA,NA,NA,0,NA
2558167,"Joshua Dobbs","PIT","QB",22,0,9,0,0,0,0,60,0,10,0,NA,NA,NA,3.41277616209494,NA,0,NA
2558196,"Sam Rogers","FA","RB",22,0,NA,0,0,0,NA,116,0,15,0,NA,NA,NA,NA,NA,0,NA
2558254,"Robert Davis","FA","WR",22,0,NA,0,0,0,NA,163,0,14,0,NA,NA,NA,NA,NA,0,NA
2558266,"George Kittle","SF","TE",24,0,11,0,0,0,NA,89,0,13,0,NA,NA,NA,NA,NA,0,NA
2558273,"T.J. Logan","ARI","RB",23,0,8,0,0,0,NA,116,0,15,0,NA,NA,NA,NA,NA,0,NA
2558786,"Brandon Wilson","FA","RB",23,0,NA,0,0,0,NA,116,0,15,0,NA,NA,NA,NA,NA,0,NA
2558832,"Mo Alie-Cox","FA","TE",24,1,NA,0,0,0,NA,89,0,13,0,NA,NA,NA,NA,NA,0,NA
2558856,"David Moore","FA","WR",22,0,NA,0,0,0,NA,163,0,14,0,NA,NA,NA,NA,NA,0,NA
2558860,"Marquez Williams","FA","RB",NA,0,NA,0,0,0,NA,116,0,15,0,NA,NA,NA,NA,NA,0,NA
2558861,"Khalfani Muhammad","TEN","RB",23,0,8,0,0,0,NA,116,0,15,0,NA,NA,NA,NA,NA,0,NA
2558864,"Mason Schreck","CIN","TE",NA,0,6,0,0,0,NA,89,0,13,0,NA,NA,NA,NA,NA,0,NA
2558865,"Chris Carson","SEA","RB",23,0,6,0,0,0,NA,116,0,15,0,NA,NA,NA,NA,NA,0,NA
2558906,"Quincy Adeboyejo","FA","WR",NA,NA,NA,0,0,0,NA,163,0,14,0,NA,NA,NA,NA,NA,NA,NA
2558929,"Cethan Carter","CIN","TE",24,0,6,0,0,0,NA,89,0,13,0,NA,NA,NA,NA,NA,NA,NA
2558975,"Taquan Mizzell","CHI","RB",24,0,9,0,0,0,0,116,0,15,0,NA,NA,NA,2.34595475519971,NA,NA,NA
2558993,"Fred Ross","CAR","WR",NA,0,11,0,0,0,NA,163,0,14,0,NA,NA,NA,NA,NA,NA,NA
2559101,"Travin Dural","NO","WR",NA,0,5,0,0,0,NA,163,0,14,0,NA,NA,NA,NA,NA,NA,NA
2559103,"Devine Redding","FA","RB",NA,NA,NA,0,0,0,NA,116,0,15,0,NA,NA,NA,NA,NA,NA,NA
2559161,"Sean Culkin","LAC","TE",NA,NA,9,0,0,0,NA,89,0,13,0,NA,NA,NA,NA,NA,NA,NA
2559170,"Amba Etta-Tawo","FA","WR",24,0,NA,0,0,0,NA,163,0,14,0,NA,NA,NA,NA,NA,NA,NA
2559180,"Tion Green","DET","RB",NA,NA,7,0,0,0,NA,116,0,15,0,NA,NA,NA,NA,NA,NA,NA
2559205,"Younghoe Koo","FA","K",23,0,NA,0,0,0,0,29,NA,4,0,NA,NA,NA,1.42547519392287,NA,0,NA
2559235,"Brandon Reilly","BUF","WR",24,0,6,0,0,0,NA,163,0,14,0,NA,NA,NA,NA,NA,NA,NA
2559246,"Artavis Scott","FA","WR",NA,0,NA,0,0,0,NA,163,0,14,0,NA,NA,NA,NA,NA,NA,NA
2559248,"Ricky Seals-Jones","ARI","TE",22,0,8,0,0,0,NA,89,NA,13,0,NA,NA,NA,NA,NA,NA,NA
2559252,"Kyle Sloter","MIN","QB",23,0,9,0,0,0,0,60,NA,10,0,NA,NA,NA,3.41277616209494,NA,NA,NA
2559254,"Shane Smith","NYG","RB",NA,NA,8,0,0,0,NA,116,0.0221666666666666,15,0,NA,NA,NA,NA,NA,NA,NA
2559286,"Krishawn Hogan","IND","WR",NA,0,11,0,0,0,0,163,0,14,0,NA,NA,NA,1.82506003247877,NA,NA,NA
2559362,"Dare Ogunbowale","FA","RB",NA,0,NA,0,0,0,NA,116,0.0443333333333333,15,0,NA,NA,NA,NA,NA,NA,NA
2559394,"Lance Lenoir","FA","WR",22,0,NA,0,0,0,NA,163,NA,14,0,NA,NA,NA,NA,NA,NA,NA
2553728,"Raheem Mostert","SF","RB",NA,NA,11,-0.0443333333333333,-0.565,0.5966,0.771282265667592,205,NA,15,1.1616,NA,98,17,11.6203110119332,NA,0,NA
