"playerId","player","team","position","age","exp","bye","points","lower","upper","sdPts","positionRank","dropoff","tier","ptSpread","overallECR","positionECR","sdRank","risk","sleeper","actualPoints","salary"
2504211,"Tom Brady","NE","QB",40,17,9,20.43135,19.18458,21.90334,1.42454136077947,1,1.1234375,1,2.71876,NA,1.2,0.6,4.80681631082137,NA,25.6,NA
2532975,"Russell Wilson","SEA","QB",29,5,6,19.56725,17.96558,21.6926,1.74433618237508,2,0.602787499999998,1,3.72702,NA,2.6,1,5.92829692520547,NA,26.92,NA
2506340,"Alex Smith","KC","QB",33,12,10,19.048575,17.24524,21.0492,1.73342407782153,3,0.250599999999999,1,3.80396,NA,3.7,1.2,6.20057891720631,NA,5.9,NA
2504775,"Drew Brees","NO","QB",38,16,5,18.88035,17.4676,20.3666,1.3384543996715,4,0.291274999999999,2,2.899,NA,5.9,2,6.69640540242345,NA,20.6,NA
2555259,"Carson Wentz","PHI","QB",25,1,10,18.7156,17.01236,20.6642,1.67410757121518,5,1.1806875,2,3.65184,NA,3,1.1,5.95505184182023,NA,16.02,NA
2555260,"Dak Prescott","DAL","QB",24,1,6,18.46255,16.8128,20.7432,1.92578702798177,6,1.9013625,2,3.9304,NA,6.5,1.9,7.54292123573725,NA,-5.2,NA
2543499,"Derek Carr","OAK","QB",26,3,10,16.607275,14.837,19.86228,2.28755176412938,7,0.181100000000001,3,5.02528,NA,6.8,1.8,8.00850434407591,NA,10.48,NA
2532820,"Kirk Cousins","WAS","QB",29,5,5,16.5151,15.12976,18.1682,1.55478949241185,8,0.3944875,3,3.03844,NA,8.9,1.6,6.48032593911016,NA,25.98,NA
2540175,"LeVeon Bell","PIT","RB",25,4,9,16.421625,15.4661,17.8798,1.22484423936854,1,0.822589285714287,1,2.4137,NA,1.4,1,5.21141893803943,NA,10.3,NA
79860,"Matthew Stafford","DET","QB",29,8,7,16.33725,14.458,18.8236,1.87399288838413,9,0.907174999999999,3,4.3656,NA,8.6,1.9,7.45545274655864,NA,17.26,NA
2557917,"Kareem Hunt","KC","RB",22,0,10,15.9125,13.8356,17.741,1.58165410703027,2,1.00183928571429,1,3.9054,NA,2.4,1.4,6.18519996969141,NA,7.7,NA
2506109,"Ben Roethlisberger","PIT","QB",35,13,9,15.903975,14.2064,18.72376,2.0302849129758,10,1.0055,3,4.51736,NA,9.3,1.9,7.71939433083631,NA,28.96,NA
2552475,"Todd Gurley","LAR","RB",23,2,8,15.2855714285714,13.77,17.0216,1.83249300654808,3,0.790508928571427,1,3.2516,NA,4,1.5,6.79747381238719,NA,11.6,NA
310,"Matt Ryan","ATL","QB",32,9,5,14.956175,13.1704,16.9491,1.64796914477877,11,0.164200000000001,3,3.7787,NA,12.2,1.9,7.07375019246203,NA,17,NA
2555334,"Jared Goff","LAR","QB",23,1,8,14.840775,13.3855,17.12656,1.80079090699456,12,0.348087499999997,3,3.74106,NA,11.7,2.3,7.91325139081682,NA,9.8,NA
2506121,"Philip Rivers","LAC","QB",36,13,9,14.743175,12.813,16.33736,1.90423559297988,13,0.654375000000002,3,3.52436,NA,13.2,3.2,9.39614108848096,NA,18.04,NA
2552469,"Melvin Gordon","LAC","RB",24,2,9,14.53575,13.633,15.787,1.07349013569225,4,0.217125000000001,2,2.154,NA,6.3,1.8,5.18524852175324,NA,14,NA
79607,"LeSean McCoy","BUF","RB",29,8,6,14.454375,13.081,16.1936,1.93428125724851,5,0.6228125,2,3.1126,NA,6.1,1.8,7.14943670659257,NA,24.6,NA
2506581,"Ryan Fitzpatrick","TB","QB",35,12,1,14.2422,12.699,15.6112,1.23224103857275,14,0.411899999999999,4,2.9122,NA,17.2,2.2,6.8077453073158,NA,19.9,NA
2495466,"Mark Ingram","NO","RB",28,6,5,14.182875,12.9909,15.699,1.38392087278965,6,1.0868125,2,2.7081,NA,3.8,1.5,5.77390367659914,NA,21.5,NA
2543477,"Blake Bortles","JAC","QB",26,3,8,13.9354,12.19802,16.22886,1.66994654833193,15,0.522962500000002,4,4.03084,NA,14.7,2.1,7.40157506260061,NA,7.56,NA
2508061,"Antonio Brown","PIT","WR",29,7,9,13.7735,11.8898,16.137,2.1312815058417,1,2.48529166666667,1,4.2472,NA,1.1,0.6,5.23312191086946,NA,32.4,NA
2532888,"Case Keenum","MIN","QB",29,5,9,13.7252,12.5324,15.46318,1.84037493384985,16,0.649137499999998,4,2.93078,NA,17.9,1.9,7.39867968854027,NA,17.2,NA
2557973,"Leonard Fournette","JAC","RB",21,0,8,13.48025,11.7041,15.3003,1.82305385470174,7,0.846437499999999,2,3.5962,NA,5.5,1.9,6.9355329379789,NA,11.8,NA
2505996,"Eli Manning","NYG","QB",36,13,8,13.099675,11.2118,14.68464,2.06676392442042,17,0.0631749999999993,4,3.47284,NA,16.9,3,9.37990432483589,NA,8.7,NA
100015,"Jaguars","JAC","DST",NA,NA,8,13.092,11.514,14.27,1.43079348614676,1,1.65333333333333,1,2.756,NA,1.1,0.3,2.05865527951908,NA,25,NA
2495824,"Jay Cutler","MIA","QB",34,11,1,13.05245,12.1632,13.8858,0.90772029518223,18,0.158460714285715,5,1.7226,NA,16.4,1.8,5.67828368885307,NA,-1.58,NA
2552466,"Marcus Mariota","TEN","QB",24,2,8,13.02055,11.963,14.29748,1.21058291390081,19,0.638260714285714,5,2.33448,NA,15,2.2,6.77116967427674,NA,10.74,NA
2495441,"Blaine Gabbert","ARI","QB",28,6,8,12.7674285714286,11.05344,14.7876,1.82123428999336,20,0.965803571428571,5,3.73416,NA,21.6,2.5,8.23848565010057,NA,17.58,NA
2555418,"Jordan Howard","CHI","RB",23,1,9,12.711875,11.54,13.5008,1.17197396820188,8,0.547687499999999,3,1.9608,NA,8.7,1.8,5.40997293557314,NA,18.5,NA
2558019,"Alvin Kamara","NO","RB",21,0,5,12.55575,11.5777,14.0655,1.29374039678976,9,1.305875,3,2.4878,NA,7.7,1.5,5.5681261993153,NA,17.6,NA
497240,"Rob Gronkowski","NE","TE",28,7,9,12.14975,11.0459,13.6016,1.14874450099725,1,1.60845,1,2.5557,NA,1.9,0.6,4.81794408602305,NA,3.7,NA
2495143,"Andy Dalton","CIN","QB",30,6,6,11.99715,10.5423,13.571,1.40962074230725,21,0.686583333333335,5,3.0287,NA,21.1,1.7,6.38052405251804,NA,18.56,NA
2552453,"Tevin Coleman","ATL","RB",24,2,5,11.772625,11.077,12.7103,0.870397107646849,10,1.0645625,3,1.6333,NA,10.6,2.2,4.88142035778876,NA,11.8,NA
382,"Joe Flacco","BAL","QB",32,9,10,11.6061,10.372,13.35686,1.27445222742949,22,0.808497619047619,6,2.98486,NA,21.1,1.9,6.44296530643058,NA,8.22,NA
100013,"Texans","HOU","DST",NA,NA,7,11.4653333333333,10.784,12.3613333333333,0.815518240139361,2,0.0920000000000005,2,1.57733333333333,NA,10.5,3.2,4.48731903121251,NA,6,NA
100006,"Bengals","CIN","DST",NA,NA,6,11.412,10.04,12.676,1.31199085362666,3,0.179333333333332,2,2.636,NA,8.4,2.7,4.61959862700876,NA,11,NA
2556370,"Michael Thomas","NO","WR",23,1,5,11.3379166666667,9.91135,13.73685,1.72088173689564,2,0.364541666666668,2,3.8255,NA,5.7,3,5.46526541755524,NA,9.1,NA
100009,"Broncos","DEN","DST",NA,NA,5,11.3346666666667,8.108,12.72,2.32953214186883,4,0.323333333333334,2,4.612,NA,6.3,3,6.396879896524,NA,6,NA
2495454,"Julio Jones","ATL","WR",28,6,5,11.2385,10.2342,12.3158,1.38417742463065,3,0.560416666666667,2,2.0816,NA,5,2.6,4.60580304469888,NA,7.1,NA
100028,"Chargers","LAC","DST",NA,NA,9,11.1306666666667,8.384,11.7426666666667,1.90821382449662,5,0.263999999999999,2,3.35866666666667,NA,10.8,4.6,7.62129696065645,NA,25,NA
2558008,"Mitchell Trubisky","CHI","QB",23,0,9,11.0150333333333,9.86,12.1983,1.28054329980156,23,0.474160119047619,6,2.3383,NA,NA,NA,7.57528371488267,NA,13.46,NA
100027,"Steelers","PIT","DST",NA,NA,9,10.892,7.334,12.3,2.55052347568102,6,0.0509999999999984,2,4.966,NA,8.9,2.6,6.25402576436307,NA,17,NA
2506922,"Stephen Gostkowski","NE","K",33,11,9,10.8773270192055,9.77393370165746,12.3608287292818,1.28959425042777,1,1.17365455248636,1,2.58689502762431,NA,1.6,0.9,4.21823941521903,NA,20,NA
100010,"Lions","DET","DST",NA,NA,7,10.8413333333333,7.772,11.72,2.1172592346396,7,0.156999999999998,2,3.948,NA,6.5,2.8,5.86988293891652,NA,9,NA
100016,"Chiefs","KC","DST",NA,NA,10,10.8406666666667,8.504,11.5706666666667,1.52069501654123,8,0.373333333333335,3,3.06666666666667,NA,5.9,3.4,5.71002238716989,NA,6,NA
2533034,"Lamar Miller","HOU","RB",26,5,7,10.727125,9.9607,11.551,0.954855776319874,11,0.318562500000001,4,1.5903,NA,14,2.9,5.35343767313803,NA,14.3,NA
2540258,"Travis Kelce","KC","TE",28,4,10,10.72285,8.86098,13.37758,2.13013854344869,2,0.822887499999998,1,4.5166,NA,1.3,0.5,7.55936310054728,NA,10.9,NA
2543468,"Mike Evans","TB","WR",24,3,1,10.70825,9,12.6906,2.29037874285331,4,0.181079166666667,2,3.6906,NA,4.2,3.6,6.88502036235394,NA,9.2,NA
2507164,"Adrian Peterson","ARI","RB",32,10,8,10.689,9.6838,11.8546,1.56736503178332,12,0.7355625,4,2.1708,NA,13.7,3.5,6.99048284882987,NA,3.9,NA
2543498,"Brandin Cooks","NE","WR",24,3,9,10.6479166666667,9.35146666666667,12.2292,2.23070518958852,5,0.284454166666666,2,2.87773333333333,NA,7.7,3.6,6.76411724627537,NA,20.9,NA
2557983,"DeShone Kizer","CLE","QB",21,0,9,10.5801714285714,8.3364,13.9696,2.61788354828494,24,0.22220892857143,6,5.6332,NA,27.9,1.6,8.2756493414169,NA,1.36,NA
100031,"Buccaneers","TB","DST",NA,NA,1,10.528,5.952,11.074,2.66136619051193,9,1.32066666666667,3,5.122,NA,18.8,3.4,7.32001631048148,NA,21,NA
2558191,"Nathan Peterman","BUF","QB",23,0,6,10.501575,8.5368,12.30788,1.45863064721677,25,0.354949999999999,6,3.77108,NA,24.5,2.6,7.77148581979358,NA,NA,NA
100026,"Cardinals","ARI","DST",NA,NA,8,10.4066666666667,6.86,11.384,2.86283076691585,10,2.65133333333333,3,4.524,NA,4.2,2.9,7.03590846888947,NA,5,NA
2530747,"Doug Baldwin","SEA","WR",29,6,6,10.406425,8.88184,12.58024,2.09081299840175,6,0.284425000000001,2,3.6984,NA,4.7,2.5,5.99318145586167,NA,10,NA
2540158,"Zach Ertz","PHI","TE",27,4,10,10.35975,9.1567,12.4886,1.43796351533291,3,1.6647875,2,3.3319,NA,2.9,0.6,5.63907797234847,NA,0.8,NA
2540165,"DeAndre Hopkins","HOU","WR",25,4,7,10.3205,8.9872,12.2544,1.83816640005352,7,0.476270833333333,2,3.2672,NA,8.9,3.8,6.05744110648745,NA,13.6,NA
2533436,"Brock Osweiler","DEN","QB",27,5,5,10.21435,8.3522,12.7132,2.07415971764127,26,0.505912499999999,6,4.361,NA,25.4,2,7.93884389340709,NA,13.56,NA
2543715,"Jerick McKinnon","MIN","RB",25,3,9,10.128125,8.614,11.8528,2.6788945714604,13,0.393000000000001,4,3.2388,NA,14,2.5,9.12782173701533,NA,6,NA
2552588,"Brett Hundley","GB","QB",24,2,8,10.0789,8.261,11.83858,2.27041729078284,27,4.95569583333333,6,3.57758,NA,24.2,2,8.27027817431051,NA,-0.539999999999999,NA
497278,"Dez Bryant","DAL","WR",29,7,6,9.9235,8.5873,11.657,1.84275709584462,8,0.176937500000001,2,3.0697,NA,14.6,4.5,6.37697180929565,NA,6.3,NA
2556601,"Wil Lutz","NO","K",23,1,5,9.91407407407407,8.38388888888889,11.6680555555556,1.77919217269523,2,0.514218725509618,1,3.28416666666667,NA,5.3,2.4,7.27353364265635,NA,17,NA
2540011,"Chris Thompson","WAS","RB",27,4,5,9.77875,8.0017,12.1748,2.11428817808737,14,0.149375000000001,4,4.1731,NA,15.5,3.5,8.23847432444287,NA,9.3,NA
2556214,"Tyreek Hill","KC","WR",23,1,10,9.76495833333333,8.6833,11.8972,1.9117997706599,9,0.0615000000000006,2,3.2139,NA,5.9,3.4,6.02935380331175,NA,6.8,NA
2541785,"Adam Thielen","MIN","WR",27,3,9,9.72816666666667,8.29355,11.48305,1.97860817483498,10,0.0672291666666673,2,3.1895,NA,11.5,2.9,5.94312008848819,NA,18.3,NA
2552582,"Jay Ajayi","PHI","RB",24,2,10,9.6915,8.678,10.977,1.5241442563897,15,0.1618125,4,2.299,NA,13.1,4.8,7.41055266585257,NA,10.1,NA
71269,"Michael Crabtree","OAK","WR",30,8,10,9.67875,8.3001,11.8277,2.43162889262086,11,0.0841875000000023,2,3.5276,NA,9.5,3.5,7.12688529547547,NA,5.1,NA
2533039,"Alshon Jeffery","PHI","WR",27,5,10,9.643125,8.2576,11.4539,2.0746970475917,12,0.112937499999999,2,3.1963,NA,16.8,4.4,6.80258111586211,NA,12.7,NA
2557976,"Joe Mixon","CIN","RB",21,0,6,9.56725,8.751,10.3619,1.14704897765651,16,0.153,5,1.6109,NA,19.1,4,6.23088579220745,NA,4.9,NA
2552608,"Stefon Diggs","MIN","WR",24,2,9,9.546,8.5143,11.4028,1.96400829209771,13,0.204499999999999,2,2.8885,NA,15.1,4.2,6.48968032480099,NA,3.2,NA
2495450,"A.J. Green","CIN","WR",29,6,6,9.514375,8.1278,10.4231,0.999242275426735,14,0.361562500000002,3,2.2953,NA,8.8,3.7,4.31339909104038,NA,11,NA
2558245,"Harrison Butker","KC","K",22,0,10,9.49327085936415,8.78565986394558,10.2660641399417,0.712853082066443,3,0.279533933679053,2,1.48040427599611,NA,2.6,2.1,4.5255245351088,NA,9,NA
2550481,"Orleans Darkwa","NYG","RB",25,3,8,9.492125,9.008,10.0901,0.805585224275761,17,0.219937499999999,5,1.0821,NA,17.9,3.2,5.13252438205099,NA,15,NA
2557858,"Evan Engram","NYG","TE",23,0,8,9.440175,8.04014,10.78884,1.7685098600234,4,1.5352375,2,2.7487,NA,4.2,0.7,6.62244417360846,NA,0.9,NA
2543640,"Tom Savage","HOU","QB",27,3,7,9.337975,7.196,11.4344,2.20414775350604,28,8.60081833333333,7,4.2384,NA,25.9,1.6,7.57694394405814,NA,11.5,NA
2558204,"Jamaal Williams","GB","RB",NA,0,8,9.336375,7.66,11.7499,2.15275995194873,18,0.1911875,5,4.0899,NA,25.9,4.8,8.84495352234526,NA,9.5,NA
2558172,"Jake Elliott","PHI","K",22,0,10,9.30643983776476,8.52403785488959,9.97892744479495,0.704381251569496,4,0.206422137480761,2,1.45488958990536,NA,3.6,2.3,4.77015419602568,NA,1,NA
2532899,"Doug Martin","TB","RB",28,5,1,9.208,8.3242,9.9412,1.23147855384145,19,0.153874999999999,5,1.617,NA,18.9,3.7,6.30384230785077,NA,4.4,NA
497326,"Golden Tate","DET","WR",29,7,7,9.168625,7.75735,11.06675,2.03633407920775,15,0.0593750000000011,3,3.3094,NA,12.7,3.2,6.1930326670604,NA,3.2,NA
2540154,"Keenan Allen","LAC","WR",25,4,9,9.137,8.42,10.3499,1.41002370800737,16,0.0755833333333324,3,1.9299,NA,22.2,3.2,4.92408065452574,NA,27.9,NA
2506677,"Matt Prater","DET","K",33,11,7,9.12103401360544,8.004,10.3845714285714,1.51184342475611,5,0.0528240469412076,2,2.38057142857143,NA,7.1,2.3,6.55193006029913,NA,11,NA
2533457,"Alfred Morris","DAL","RB",29,5,6,9.082375,8.169,10.2424,1.54728388174707,20,0.170187499999999,5,2.0734,NA,27.2,4.7,7.42345416242681,NA,9.1,NA
2543488,"Jarvis Landry","MIA","WR",25,3,1,9.0815,8.0924,10.7269,1.98397609432602,17,0.111770833333333,3,2.6345,NA,20.2,3.2,6.0869514438474,NA,12.5,NA
2534797,"Greg Zuerlein","LAR","K",30,5,8,9.07900138696255,8.03943689320388,9.94168284789644,0.799165933042781,6,0.0538370873245686,2,1.90224595469256,NA,6.1,3.2,6.16426719406165,NA,1,NA
2536340,"Justin Tucker","BAL","K",28,5,10,9.05741854636591,8.13446537396122,10.3610415512465,1.54506592600443,7,0.326847526574777,2,2.22657617728532,NA,5.3,2.2,6.49357810146151,NA,11,NA
2552487,"Amari Cooper","OAK","WR",23,2,10,9.04133333333334,7.60823333333333,11.0027,2.49224226828162,18,0.155020833333335,3,3.39446666666667,NA,15.4,4,7.47128513910437,NA,8.8,NA
2495207,"DeMarco Murray","TEN","RB",29,6,8,9.025875,8.2086,10.0007,1.49117924930956,21,0.4010625,5,1.7921,NA,15.3,3.1,6.65704126620825,NA,4.7,NA
2550545,"Chris Boswell","PIT","K",28,3,9,8.99291005291005,8.51703703703704,9.39308641975309,0.407183489139585,8,0.578832016785812,2,0.876049382716049,NA,8.6,2.5,4.37767054811997,NA,19,NA
2552409,"DeVante Parker","MIA","WR",24,2,1,8.898125,7.968,10.1547,1.72394849421736,19,0.142729166666665,3,2.1867,NA,20.7,3,5.47147889900835,NA,2.6,NA
2506106,"Larry Fitzgerald","ARI","WR",34,13,8,8.8745,7.7326,10.2826,1.86971006155653,20,0.250833333333334,3,2.55,NA,17.7,3.2,5.85543985005198,NA,15.1,NA
2555230,"Kenyan Drake","MIA","RB",NA,1,1,8.7985,6.7827,10.9083,2.0716619967001,22,0.3589375,5,4.1256,NA,21.3,3.9,8.30080593649291,NA,1.4,NA
2555295,"Sterling Shepard","NYG","WR",NA,1,8,8.63629166666667,3.93175,11.25315,3.82963597750989,21,0.0300208333333334,3,7.3214,NA,12.8,3.7,10.0479900377625,NA,0,NA
2543475,"Marqise Lee","JAC","WR",26,3,8,8.61104166666667,7.12556666666667,10.5201,2.30736982427013,22,0.0385624999999994,3,3.39453333333333,NA,26.2,3.2,6.74217151256055,NA,4.5,NA
497322,"Emmanuel Sanders","DEN","WR",30,7,5,8.6015,7.6666,9.9223,1.80393458861456,23,0.0935833333333331,3,2.2557,NA,24.8,3.4,5.8108108154693,NA,1.5,NA
2540169,"Robert Woods","LAR","WR",25,4,8,8.54345833333333,6.71485,10.76835,2.18508978920885,24,0.0736708333333347,3,4.0535,NA,23.8,3,6.40578591554518,NA,8.1,NA
497328,"Demaryius Thomas","DEN","WR",30,7,5,8.472375,7.5058,9.8036,1.78798928867837,25,0.190962499999999,3,2.2978,NA,22.7,3,5.60123037487785,NA,12.4,NA
2532968,"Blair Walsh","SEA","K",27,5,6,8.46823198667222,7.81627113702624,9.03527696793003,0.558432165039133,9,0.121134151881829,3,1.21900583090379,NA,10.6,1.8,3.78978776163615,NA,12,NA
2558149,"JuJu Smith-Schuster","PIT","WR",21,0,9,8.4672,7.0848,10.17088,1.88621152931831,26,0.399700000000001,3,3.08608,NA,18.5,3.9,6.19910267450151,NA,4.7,NA
2552374,"Ameer Abdullah","DET","RB",24,2,7,8.451125,6.5247,9.6808,1.67883951734524,23,0.0597500000000011,5,3.1561,NA,24,3.3,7.16505097998666,NA,9.5,NA
2495469,"Dion Lewis","NE","RB",27,6,9,8.428,7.8328,9.1538,0.963564809889372,24,0.0893750000000004,6,1.321,NA,22.3,3.8,5.73240527384097,NA,14.8,NA
2495150,"Kai Forbath","MIN","K",30,6,9,8.35992408557626,7.39739130434783,9.15159420289855,0.954856735727038,10,0.148356649948807,3,1.75420289855073,NA,8.8,2.7,5.84951048375825,NA,6,NA
2495663,"Marshawn Lynch","OAK","RB",31,10,10,8.35475,6.1006,9.6945,2.24636803688595,25,0.198,6,3.5939,NA,23.1,5.3,9.25804946472625,NA,7.7,NA
2553833,"Josh Lambo","JAC","K",27,2,8,8.33427158400452,7.80243323442137,8.80718100890208,0.496916907375812,11,0.252177602716992,3,1.00474777448071,NA,13,3.4,5.76063724207043,NA,7,NA
2550189,"Isaiah Crowell","CLE","RB",24,3,9,8.3225,7.8617,9.3861,0.708775201114066,26,0.527249999999999,6,1.5244,NA,20.8,3.2,4.91161933446588,NA,1.8,NA
2552415,"Jamison Crowder","WAS","WR",24,2,5,8.095625,6.1107,10.553,2.50155134366657,27,0.229875,3,4.4423,NA,31.9,3.3,7.17991642022406,NA,7.2,NA
2535686,"Giorgio Tavecchio","OAK","K",27,5,10,8.08886328725038,7.08709677419355,9.47870967741935,1.12260665774312,12,0.0773120606991569,3,2.39161290322581,NA,13.1,3.4,7.14130736229177,NA,0,NA
2504797,"Matt Bryant","ATL","K",42,15,5,8.07532467532468,7.37750649350649,8.73480519480519,0.616011004628269,13,0.212343524531025,3,1.3572987012987,NA,12.2,3.2,5.76011076208439,NA,11,NA
2532884,"Marvin Jones","DET","WR",27,5,7,8.039375,6.8446,9.3896,1.70512110483181,28,0.501499999999999,4,2.545,NA,25.6,3.2,5.52197021984847,NA,14.5,NA
100002,"Ravens","BAL","DST",NA,NA,10,8.008,6.736,11.552,2.65019244584238,11,0.955666666666666,3,4.816,NA,3.3,2.1,5.82623908595095,NA,26,NA
2555430,"Alex Collins","BAL","RB",23,1,10,7.991,6.7349,9.48,1.90323656663365,27,0.51125,6,2.7451,NA,28.1,3.6,7.7967876166401,NA,13.1,NA
2495826,"Vernon Davis","WAS","TE",33,11,5,7.94975,7.1246,8.966,1.37258439761329,5,0.80675,3,1.8414,NA,8.9,2.9,6.48611482677207,NA,6.7,NA
89802,"Ryan Succop","TEN","K",31,8,8,7.94777777777778,7.15217283950617,8.86765432098765,0.788830059567075,14,0.247133791735084,3,1.71548148148148,NA,13.7,3.9,7.06309337661203,NA,6,NA
497236,"Jimmy Graham","SEA","TE",31,7,6,7.860125,6.9473,8.6974,1.26916873104294,6,1.45725,3,1.7501,NA,4.9,0.6,5.15984559015583,NA,11.8,NA
2541556,"Brandon McManus","DEN","K",26,3,5,7.77818452380952,6.611,8.63725,0.875633143238479,15,0.279757799671593,3,2.02625,NA,14.5,3.4,6.59632648037316,NA,6,NA
80429,"Jeremy Maclin","BAL","WR",29,8,10,7.692125,6.4874,9.1529,2.40036333187291,29,0.459833333333334,4,2.6655,NA,28.3,4.2,7.37376852030881,NA,3.4,NA
2556450,"Nick Rose","WAS","K",23,1,5,7.62310344827586,6.62441379310345,8.56220689655172,0.864499951687962,16,0.437620622980138,4,1.93779310344827,NA,18.8,2.7,5.65012586572861,NA,7,NA
2541161,"Latavius Murray","MIN","RB",27,4,9,7.5995,5.627,8.9636,1.63160035372812,28,0.297500000000001,6,3.3366,NA,24.1,4.3,7.45625315077,NA,21.6,NA
100005,"Bears","CHI","DST",NA,NA,9,7.50266666666667,6.028,11.41,3.13243196254923,12,0.938333333333333,3,5.382,NA,16.4,3.9,8.55336333593385,NA,5,NA
2543495,"Davante Adams","GB","WR",25,3,8,7.383625,6.38865,9.11685,1.62013850267721,30,0.352125000000001,4,2.7282,NA,29.6,3.2,5.34978906335918,NA,12.6,NA
2507374,"Steven Hauschka","BUF","K",NA,NA,6,7.37375,6.628125,7.934375,0.633679729832034,17,0.42971806756142,4,1.30625,NA,16.4,3,5.53577530882085,NA,8,NA
2558138,"Samaje Perine","WAS","RB",22,0,5,7.36,5.9962,9.0166,1.7042554302183,29,0.1626875,6,3.0204,NA,32.7,4.1,7.54224157573362,NA,18.6,NA
2540269,"C.J. Anderson","DEN","RB",26,4,5,7.244,6.3658,8.0486,0.79424051772747,30,0.167124999999999,7,1.6828,NA,30.1,2.9,4.98693924473679,NA,8.6,NA
2550512,"Damien Williams","MIA","RB",25,3,1,7.150625,6.147,8.0061,0.909588123037801,31,0.3861875,7,1.8591,NA,32.6,3.6,5.52944019178936,NA,10.2,NA
2557898,"Cooper Kupp","LAR","WR",24,0,8,7.08095833333333,5.9506,8.3802,1.90707833915303,31,0.173187499999999,4,2.4296,NA,36.9,2.7,5.7095582200908,NA,3.4,NA
2539265,"Rex Burkhead","NE","RB",27,4,9,7.003125,6.1233,7.7716,0.888080021732276,32,0.796312500000001,7,1.6483,NA,26.9,3.5,5.44046269008508,NA,3.7,NA
2506386,"Mike Nugent","DAL","K",35,12,6,6.99721565059145,6.14993630573248,7.85094267515924,0.830369735362076,18,0.174011506166773,4,1.70100636942675,NA,15.8,2.5,5.31148895429495,NA,11,NA
1581,"DeSean Jackson","TB","WR",31,9,1,6.98204166666667,5.80826666666667,7.6024,0.911953414249821,32,0.180958333333332,4,1.79413333333333,NA,29.6,2.6,3.64904161155916,NA,8.8,NA
2543533,"Patrick Murray","TB","K",26,3,1,6.89084821428571,5.7293125,8.459375,1.23840281296424,19,0.170468679726982,4,2.7300625,NA,21.8,3.1,7.00184156402381,NA,12,NA
2532903,"Rishard Matthews","TEN","WR",28,5,8,6.8335,5.2262,9.0956,2.28396791320969,33,0.0735416666666673,4,3.8694,NA,33.9,4,7.0493055995969,NA,17.3,NA
2533040,"Mohamed Sanu","ATL","WR",28,5,5,6.76866666666667,5.8011,8.0886,1.75814263466009,34,0.0468125000000006,4,2.2875,NA,36.5,2.9,5.49644028920068,NA,9.4,NA
2500351,"Phil Dawson","ARI","K",42,19,8,6.75556007456363,5.67204270462634,7.86657651245552,1.09726912894914,20,0.15942316232073,4,2.19453380782918,NA,20,2.8,6.29542488983298,NA,3,NA
2557848,"Corey Davis","TEN","WR",22,0,8,6.75125,5.0287,8.7082,2.3971786839652,35,0.120208333333334,4,3.6795,NA,35.8,4.2,7.36731618364393,NA,2.7,NA
2507166,"Ted Ginn","NO","WR",32,10,5,6.69245833333333,5.8374,7.4567,0.663603461090604,36,0.128145833333334,5,1.6193,NA,33.1,3.6,3.58905104321585,NA,8.7,NA
2550380,"Cody Parkey","MIA","K",25,3,1,6.68519899455383,5.70533724340176,7.81687976539589,0.955018495361918,21,0.195657891917492,5,2.11154252199414,NA,21.7,3.7,7.16648700402569,NA,8,NA
100011,"Packers","GB","DST",NA,NA,8,6.602,6.44,11.02,2.54812087625372,13,0.114666666666666,3,4.58,NA,16.4,2.2,5.79586351955101,NA,5,NA
2649,"Danny Amendola","NE","WR",32,9,9,6.569625,5.2616,8.4357,2.25036352222099,37,0.0343125000000004,5,3.1741,NA,43.8,4.5,7.20281314748239,NA,12.6,NA
2543491,"Paul Richardson","SEA","WR",25,3,6,6.559,5.3647,7.6094,0.989989610335093,38,0.117104166666667,5,2.2447,NA,37.9,3.8,4.33897100956797,NA,5.6,NA
100022,"Saints","NO","DST",NA,NA,5,6.52666666666667,5.516,7.36666666666667,0.932049712551142,14,0.110333333333333,4,1.85066666666667,NA,9.9,2.3,3.62856172757239,NA,2,NA
2552461,"Duke Johnson","CLE","RB",24,2,9,6.52575,5.7364,7.4092,0.834571874847047,33,0.718249999999999,7,1.6728,NA,31.2,3.1,5.15876785852491,NA,12.6,NA
2543471,"Kelvin Benjamin","BUF","WR",26,3,6,6.511625,4.9274,7.7217,1.19945272490654,39,0.154729166666667,5,2.7943,NA,37.8,3.9,4.80767758071935,NA,2,NA
2506194,"Nick Novak","LAC","K",NA,NA,9,6.50707482993197,5.48304761904762,7.15707936507937,0.790707276187994,22,0.114960031150508,5,1.67403174603175,NA,17.2,4.2,7.46222158480857,NA,18,NA
2556521,"Kaimi Fairbairn","HOU","K",23,1,7,6.47200737534071,5.37973063973064,7.83215488215488,1.22691665799992,23,0.216167776343216,5,2.45242424242424,NA,22.3,3.7,7.76646753539445,NA,7,NA
100019,"Dolphins","MIA","DST",NA,NA,1,6.448,5.38,9.848,2.64259720729437,15,0.123666666666667,4,4.468,NA,14.9,3.3,7.17983215717676,NA,1,NA
2505629,"Jason Witten","DAL","TE",35,14,6,6.425875,5.387,8.0044,1.65225788695349,7,0.0519374999999993,4,2.6174,NA,12,1.9,6.83116610600039,NA,0.7,NA
100030,"Seahawks","SEA","DST",NA,NA,6,6.38466666666667,5.272,9.64666666666667,2.24608251555161,16,0.143666666666667,4,4.37466666666667,NA,9.4,3,6.27909539005167,NA,3,NA
71265,"Jared Cook","OAK","TE",30,8,10,6.379875,5.2696,7.6252,1.38820464089413,8,0.1959375,4,2.3556,NA,6.6,1.9,6.08148141244173,NA,3.6,NA
2552600,"Nelson Agholor","PHI","WR",24,2,10,6.37216666666667,5.40615,6.9984,0.859040896526331,40,0.252104166666667,5,1.59225,NA,33,3.7,4.02934053142428,NA,NA,NA
2555341,"Hunter Henry","LAC","TE",23,1,9,6.368,5.5973,7.5406,1.69265176572147,9,0.486675,4,1.9433,NA,12.8,2.1,7.03564636971487,NA,2.5,NA
1032,"Jordy Nelson","GB","WR",32,9,8,6.341625,5.7204,6.9325,0.785646583122099,41,0.453382142857144,5,1.2121,NA,40,3.9,3.96927515188815,NA,2.4,NA
2507232,"Mason Crosby","GB","K",33,10,8,6.31222222222222,5.36666666666667,7.116,0.84980535171442,24,0.186218224131758,5,1.74933333333333,NA,19.2,3.3,6.40767196380101,NA,0,NA
100003,"Bills","BUF","DST",NA,NA,6,6.264,5.216,7.116,1.04798854955577,17,0.0646666666666667,4,1.9,NA,18.5,2.6,4.13328128003965,NA,NA,NA
100020,"Vikings","MIN","DST",NA,NA,9,6.218,5.22,7.172,0.963182225749624,18,0.0399999999999991,4,1.952,NA,15.8,3.2,4.69573853452732,NA,8,NA
2556771,"Aldrick Rosas","NYG","K",23,1,8,6.19945697577277,5.05894736842105,7.56319298245614,1.34472264439954,25,0.283670187373195,5,2.50424561403509,NA,23.5,3.7,8.02642257750546,NA,6,NA
100008,"Cowboys","DAL","DST",NA,NA,6,6.18066666666667,5.45466666666667,6.75066666666667,0.661901301806647,19,0.0650000000000004,4,1.296,NA,24.2,2.2,3.13356949285094,NA,0,NA
100001,"Falcons","ATL","DST",NA,NA,5,6.17533333333333,5.44133333333333,7.068,0.828182749558735,20,0.284,4,1.62666666666667,NA,21.7,1.9,3.02718817655729,NA,13,NA
100017,"Rams","LAR","DST",NA,NA,8,6.056,5.548,8.644,1.82419297224828,21,0.428666666666667,4,3.096,NA,13.5,3.9,6.70685675920333,NA,NA,NA
2507463,"Connor Barth","CHI","K",31,9,9,6.05255102040816,4.98071428571429,7.67142857142857,1.36542142065249,26,0.644649192194216,5,2.69071428571429,NA,24.2,2.2,6.09716789871206,NA,6,NA
2495438,"Kyle Rudolph","MIN","TE",28,6,9,5.999875,5.0296,6.6527,0.941899666707053,10,0.401050000000001,4,1.6231,NA,8.8,1.6,4.67966370909667,NA,5.8,NA
2543457,"Sammy Watkins","LAR","WR",24,3,8,5.8985,5.3816,6.4806,0.569762607207097,42,0.0300071428571425,6,1.099,NA,41.8,4.4,3.75347052361902,NA,3.6,NA
2543773,"James White","NE","RB",25,3,9,5.887875,4.4122,6.7154,1.19850841078162,34,0.161633928571428,8,2.3032,NA,34.7,4.1,6.3882074608147,NA,1.3,NA
2555343,"Josh Doctson","WAS","WR",NA,1,5,5.87798571428571,4.95458,6.95312,0.946122739445173,43,0.304819047619048,6,1.99854,NA,43.7,3.3,4.02850084666772,NA,8.1,NA
2540202,"Kenny Stills","MIA","WR",25,4,1,5.859,4.5446,6.8376,1.14474351462924,44,0.597229166666667,6,2.293,NA,46.8,4.2,4.82978814358917,NA,24,NA
2533444,"Randy Bullock","CIN","K",28,5,6,5.77902255639098,5.08288721804511,6.61303759398496,0.736895783426624,27,3.26063200637252,6,1.53015037593985,NA,24.1,3.2,6.02685958125312,NA,2,NA
2495966,"Delanie Walker","TEN","TE",33,11,8,5.762775,5.22452,6.5471,0.5951520183953,11,0.4454,4,1.32258,NA,9.7,1.5,3.65029970428071,NA,9.2,NA
4327,"Danny Woodhead","BAL","RB",32,9,10,5.727125,3.8624,7.5946,1.62971158162594,35,0.0533839285714297,8,3.7322,NA,42.5,8.2,9.00802149338725,NA,2.3,NA
100025,"Eagles","PHI","DST",NA,NA,10,5.72666666666667,5.31066666666667,8.43466666666666,2.02443819367251,22,0.323666666666666,4,3.124,NA,11.6,3.8,6.87579897521392,NA,22,NA
2559169,"Austin Ekeler","LAC","RB",NA,NA,9,5.72535714285714,5.0325,6.7411,0.801541832672388,36,0.298794642857144,8,1.7086,NA,37.1,4.2,5.52229242195137,NA,NA,NA
2556075,"Derrick Henry","TEN","RB",23,1,8,5.622125,5.1744,6.0361,0.445019562170345,37,0.447124999999999,8,0.8617,NA,34.3,3.2,4.30977099202321,NA,3.2,NA
100021,"Patriots","NE","DST",NA,NA,9,5.528,4.788,8.56,2.35196088402847,23,0.298666666666666,4,3.772,NA,19.4,2.4,5.74638015468903,NA,9,NA
2552586,"Tyler Kroft","CIN","TE",25,2,6,5.434875,4.3964,7.0454,2.07938709634079,12,0.3575,4,2.649,NA,11.6,2.3,8.22343923826461,NA,7.2,NA
2552430,"Tyler Lockett","SEA","WR",25,2,6,5.28733333333333,4.70133333333333,5.652,0.488689501188054,45,0.137443452380952,7,0.950666666666665,NA,43.6,3.7,3.27898069376294,NA,3.7,NA
100007,"Browns","CLE","DST",NA,NA,9,5.278,4.728,5.84,0.637353904828393,24,0.191666666666666,5,1.112,NA,23,1.7,2.53045832054943,NA,8,NA
2495448,"Randall Cobb","GB","WR",27,6,8,5.23620833333333,4.63413333333333,5.8222,0.564023413267823,46,0.206005952380952,7,1.18806666666667,NA,48.7,3.9,3.52024990762803,NA,3.4,NA
2540020,"Theo Riddick","DET","RB",26,4,7,5.231,4.3085,5.9869,0.926167679974081,38,0.126142857142856,8,1.6784,NA,38.3,3.1,5.36777489136477,NA,3.9,NA
2550656,"Cameron Brate","TB","TE",26,3,1,5.199875,4.7764,5.515,0.383155484105343,13,0.3314375,5,0.738599999999999,NA,8.3,1.9,3.22800401588205,NA,1.2,NA
100012,"Titans","TEN","DST",NA,NA,8,5.18066666666667,4.49466666666667,5.81066666666667,0.70138909790976,25,0.385,5,1.316,NA,22.6,2,2.96191876625477,NA,NA,NA
2556440,"J.D. McKissic","SEA","RB",24,1,6,5.119,5.119,5.119,NA,39,0.0287678571428573,9,0,NA,NA,NA,NA,NA,5.3,NA
2553743,"Rod Smith","DAL","RB",NA,NA,6,5.09071428571429,4.2458,5.908,0.72590787163058,40,0.202401785714286,9,1.6622,NA,40.4,3.6,5.11031112485602,NA,1.1,NA
2553733,"Thomas Rawls","SEA","RB",24,2,6,5.08975,4.7164,5.7078,0.523839874661823,41,0.45225,10,0.991400000000001,NA,37.8,3.8,4.72902303542792,NA,0,NA
2539205,"Terrance Williams","DAL","WR",28,4,6,5.06357142857143,3.8274,6.012,0.970484218855525,47,0.0970297619047615,7,2.1846,NA,54.1,4,4.38808864706948,NA,3.5,NA
2558178,"Zane Gonzalez","CLE","K",NA,0,9,5.03678110003691,4.40558139534884,5.56002583979328,0.545704815101341,28,5.03678110003691,7,1.15444444444445,NA,27.9,0.3,1.78677375781111,NA,1,NA
2543646,"Bruce Ellington","HOU","WR",26,3,7,4.99683333333333,4.0062,5.957,0.954201985206187,48,0.0806708333333335,7,1.9508,NA,50.1,5.8,5.15283289019629,NA,6.3,NA
100032,"Redskins","WAS","DST",NA,NA,5,4.992,4.308,5.636,0.721747878417388,26,0.419333333333333,5,1.328,NA,25.8,1.3,2.19480461133407,NA,4,NA
2555415,"Austin Hooper","ATL","TE",NA,1,5,4.954875,4.4242,5.4403,0.863398838064674,14,0.184,5,1.0161,NA,13.5,1.9,4.59148315131995,NA,NA,NA
2530700,"Dontrelle Inman","CHI","WR",28,4,9,4.93625,2.3213,7.6581,2.92763828513214,49,0.0517124999999998,7,5.3368,NA,45.1,6.8,9.5943487105637,NA,4.3,NA
2507763,"Mike Wallace","BAL","WR",31,8,10,4.896075,3.85874,5.75436,0.808575752701714,50,0.116832142857142,7,1.89562,NA,46.8,6.1,4.99073871427546,NA,11.6,NA
2530515,"Chris Hogan","NE","WR",29,6,9,4.873,0,3.8984,2.81342786176105,51,0.221611309523809,8,3.8984,NA,58.7,15.6,13.2629791328537,NA,0,NA
2495888,"Marcedes Lewis","JAC","TE",33,11,8,4.782,3.1488,6.6854,1.93983092046704,15,0.0830000000000002,5,3.5366,NA,18.9,2.8,8.05171017333853,NA,8.6,NA
2495353,"Julius Thomas","MIA","TE",29,6,1,4.75975,3.8754,5.59,1.00674493152082,16,0.144625,5,1.7146,NA,19.3,2.3,5.17805568539442,NA,3,NA
2555223,"Devontae Booker","DEN","RB",25,1,5,4.686875,3.711,5.6171,1.01201883628715,42,0.1563125,10,1.9061,NA,43,3.5,5.72327131705088,NA,9.8,NA
2543847,"John Brown","ARI","WR",27,3,8,4.68548571428571,3.6026,5.88232,1.0875122243429,52,0.0880898809523813,9,2.27972,NA,48.7,6,5.51156651193518,NA,1.8,NA
2495139,"Charles Clay","BUF","TE",28,6,6,4.63825,3.6046,5.4481,0.953466869601965,17,0.227875,5,1.8435,NA,15.1,2.2,4.98189354507775,NA,2.7,NA
2543572,"Martavis Bryant","PIT","WR",26,3,9,4.61729166666667,3.29576666666667,5.7794,1.05499433817032,53,0.0521059523809528,9,2.48363333333333,NA,53,7,5.88886797700862,NA,3,NA
100018,"Raiders","OAK","DST",NA,NA,10,4.59933333333333,3.87733333333333,5.316,0.722781663667067,27,0.0533333333333337,5,1.43866666666667,NA,27.7,0.6,1.40041430037182,NA,NA,NA
2552399,"Jeff Heuerman","DEN","TE",25,2,5,4.592,0,3.6736,2.65119243611876,18,0.368017857142858,6,3.6736,NA,46.8,5.1,11.1040240784849,NA,0,NA
2558250,"Tarik Cohen","CHI","RB",22,0,9,4.588125,3.8654,5.1666,0.745169671474701,43,0.134553571428571,10,1.3012,NA,49.7,4,5.31386124912594,NA,11.9,NA
2553913,"Tyrell Williams","LAC","WR",NA,NA,9,4.5775,3.4602,5.329,0.741952443604998,54,0.131992857142857,9,1.8688,NA,53.8,3.9,3.88074753231524,NA,1.1,NA
2555333,"Corey Coleman","CLE","WR",23,1,9,4.55287142857143,3.4653,5.4442,1.10292845901912,55,0.222216666666666,9,1.9789,NA,57.9,8.8,6.78371939387084,NA,8,NA
100023,"Giants","NYG","DST",NA,NA,8,4.546,3.688,5.346,0.875488435103514,28,NA,5,1.658,NA,26.6,0.9,1.95702974743058,NA,11,NA
2557994,"DOnta Foreman","HOU","RB",21,0,7,4.473,4.0306,4.9154,0.782060099992322,44,0.0724910714285727,11,0.8848,NA,48.9,4.7,5.67733541974816,NA,20,NA
2556885,"Jalen Richard","OAK","RB",24,1,10,4.43414285714286,3.877,4.9656,0.584991575030908,45,0.095455357142856,11,1.0886,NA,49.9,3.4,4.70896370592223,NA,2.8,NA
2540156,"Giovani Bernard","CIN","RB",26,4,6,4.366875,3.5416,5.1071,1.08382226237911,46,0.0603125000000002,11,1.5655,NA,52,4.9,6.44570747595762,NA,0.4,NA
497302,"Brandon LaFell","CIN","WR",31,7,6,4.33814285714286,3.4156,5.2562,1.16835003724218,56,0.0338452380952381,9,1.8406,NA,57.9,5.2,5.32080189055283,NA,3.7,NA
2541966,"Jaron Brown","ARI","WR",27,4,8,4.32316666666667,3.634,4.9205,0.586563693614485,57,0.0599809523809522,9,1.2865,NA,78,9.2,5.91479952572223,NA,2.2,NA
497149,"LeGarrette Blount","PHI","RB",31,7,10,4.3105,3.3352,5.2169,1.29445300085734,47,0.0445625000000005,11,1.8817,NA,44.1,5.2,7.04603158480375,NA,5.7,NA
2540168,"Eddie Lacy","SEA","RB",26,4,6,4.302625,2.7407,5.4028,1.57731534463739,48,0.0919374999999993,11,2.6621,NA,59.4,6,8.01067391553415,NA,0.2,NA
2535698,"Cole Beasley","DAL","WR",28,5,6,4.28542857142857,3.721,4.9878,0.597803997182705,58,0.0474571428571426,9,1.2668,NA,63.2,4.8,3.98755855422514,NA,0.7,NA
2532790,"Travis Benjamin","LAC","WR",28,5,9,4.24094285714286,3.72152,4.66008,0.465206630997248,59,0.0182214285714286,9,0.938560000000001,NA,62.8,5.9,4.20640996583564,NA,2.1,NA
2556440,"J.D. McKissic","SEA","WR",24,1,6,4.235,4.119,4.351,0.205060966544099,60,0.107492857142857,9,0.232000000000001,NA,NA,NA,2.76540906615482,NA,5.3,NA
925,"Jamaal Charles","DEN","RB",31,9,5,4.22925,3.5085,4.8637,0.632963720467905,49,0.132473214285715,11,1.3552,NA,46.4,3.5,4.85832793967381,NA,0.7,NA
2506122,"Benjamin Watson","BAL","TE",37,13,10,4.22875,3.4224,5.1248,0.820041070400048,19,0.167392857142857,7,1.7024,NA,17.3,1.7,4.3785879857916,NA,3.3,NA
2543721,"C.J. Fiedorowicz","HOU","TE",26,3,7,4.21921428571429,3.494,5.3273,0.967804941484545,20,0.320114285714286,7,1.8333,NA,19.2,2.9,5.33688842241838,NA,1.8,NA
2558052,"Kenny Golladay","DET","WR",24,0,7,4.21044285714286,2.90282,5.10168,1.14375037028357,61,0.217314285714286,9,2.19886,NA,59.3,6.2,5.71414626449268,NA,5.2,NA
2552471,"T.J. Yeldon","JAC","RB",24,2,8,4.192125,3.2075,4.9484,0.831960925851002,50,0.370589285714285,11,1.7409,NA,48.3,3.5,5.31240785504615,NA,2,NA
2556592,"Roger Lewis","NYG","WR",24,1,8,4.04457142857143,3.286,4.913,0.887723841657764,62,0.118442857142858,9,1.627,NA,66.8,7.4,5.72723940634549,NA,5.5,NA
2552631,"Javorius Allen","BAL","RB",26,2,10,4.00142857142857,3.126,5.0262,0.961856513405691,51,0.362321428571429,11,1.9002,NA,38.2,5.7,6.48659660249626,NA,1.7,NA
2555478,"Demarcus Robinson","KC","WR",NA,1,10,3.94168571428571,3.26444,4.49576,0.603492312650768,63,0.0608285714285715,9,1.23132,NA,65,8,5.41727599996095,NA,0.7,NA
2543500,"Jordan Matthews","BUF","WR",25,3,6,3.91057142857143,2.816,4.6196,0.832027014213452,64,0.0647500000000001,9,1.8036,NA,56.7,6.7,5.30416382930839,NA,0,NA
497238,"Jermaine Gresham","ARI","TE",29,7,8,3.9035,3.4817,4.5579,0.479727899066603,21,0.1548375,7,1.0762,NA,21.2,3.1,4.04096463310005,NA,1,NA
2543466,"Eric Ebron","DET","TE",24,3,7,3.8947,3.35996,4.38196,0.784486838640394,22,0.3295125,7,1.022,NA,18.3,1.9,4.36744076975728,NA,4.9,NA
497284,"Eric Decker","TEN","WR",30,7,8,3.85114285714286,3.0826,4.488,0.70459099922613,65,0.0299999999999998,9,1.4054,NA,64,6,4.73573925184546,NA,3.7,NA
2495459,"Torrey Smith","PHI","WR",28,6,10,3.8405,3.3972,4.2665,0.548525729743352,66,0.0868571428571432,9,0.8693,NA,77.8,8.8,5.66045768303431,NA,8.8,NA
2550328,"Brandon Coleman","NO","WR",25,3,5,3.80178571428571,2.905,4.742,1.08262770059483,67,0.116807142857143,9,1.837,NA,66,5.2,5.14712197623278,NA,0.6,NA
2550617,"Taylor Gabriel","ATL","WR",26,3,5,3.7055,2.8355,4.4732,0.786501642295382,68,0.0767285714285717,10,1.6377,NA,67.2,6.2,4.99033341833589,NA,0.7,NA
2532977,"Kendall Wright","CHI","WR",28,5,9,3.66445714285714,3.05436,4.29336,0.65732585236736,69,0.0757928571428574,10,1.239,NA,61,6.7,4.95020610944522,NA,2.5,NA
2550268,"Charcandrick West","KC","RB",26,3,10,3.64164285714286,3.0163,4.6127,0.714778270647952,52,0.04575,12,1.5964,NA,56.9,4.5,5.44401012250903,NA,2.4,NA
2557952,"Wayne Gallman","NYG","RB",23,0,8,3.63657142857143,3.17,4.2292,0.540739572913141,53,0.088571428571429,12,1.0592,NA,53.7,4.4,5.00698210328634,NA,2.2,NA
2552633,"Jesse James","PIT","TE",23,2,9,3.602625,2.5912,4.3284,1.12651636694724,23,0.1607375,7,1.7372,NA,31.5,3.9,6.23647422082274,NA,8.1,NA
2552656,"J.J. Nelson","ARI","WR",25,2,8,3.59308571428571,3.03612,4.50968,0.674854926209012,70,0.0800809523809525,10,1.47356,NA,78.6,7.8,5.47322500249459,NA,1.4,NA
2534436,"Deonte Thompson","BUF","WR",28,5,6,3.58424285714286,3.00086,4.20796,0.712924780644594,71,0.148930952380952,10,1.2071,NA,68.4,6.7,5.06285372822398,NA,3.6,NA
2555464,"DeAndre Washington","OAK","RB",24,1,10,3.55521428571429,2.6244,4.1655,0.889757404068793,54,0.0769047619047623,12,1.5411,NA,52.9,4,5.64378741695232,NA,1.9,NA
2539217,"Andre Ellington","ARI","RB",28,4,8,3.54078571428571,3.2174,3.775,0.356228959278399,55,0.14797619047619,12,0.5576,NA,49.4,4.9,4.78545548969774,NA,0,NA
2532838,"Coby Fleener","NO","TE",29,5,5,3.52775,1.8025,4.4505,1.29833065896173,24,0.314925,7,2.648,NA,24.8,4.7,7.08346461858465,NA,9.1,NA
2553895,"Adam Humphries","TB","WR",NA,NA,1,3.44176666666667,3.143,3.8173,0.38703096344694,73,0.0423095238095241,10,0.6743,NA,63.5,7.8,4.89007196272833,NA,1.1,NA
2543759,"Ryan Grant","WAS","WR",27,3,5,3.42885714285714,2.6954,4.15,0.810842242891392,74,0.0961142857142852,10,1.4546,NA,76.1,8.4,6.01465664633176,NA,11.9,NA
2495473,"Shane Vereen","NYG","RB",28,6,8,3.41583333333333,2.42125,4.26625,0.915372419655884,56,0.170190476190477,12,1.845,NA,56.2,4,5.70223680114169,NA,2.8,NA
2539235,"Tavarres King","NYG","WR",27,4,8,3.37005714285714,2.1852,5.0138,1.20706915413208,75,0.0854595238095239,10,2.8286,NA,67.4,6.8,6.10834598430672,NA,4.8,NA
2553762,"Terron Ward","ATL","RB",NA,NA,5,3.36978571428571,1.8266,4.8445,1.41863457994953,57,0.301964285714285,12,3.0179,NA,54.6,5.3,7.36929360329106,NA,4.2,NA
2557986,"David Njoku","CLE","TE",21,0,9,3.356025,2.3888,4.0336,0.769054175594932,25,0.3335625,8,1.6448,NA,23.6,3.1,4.86240305203488,NA,1.3,NA
2550597,"Seth Roberts","OAK","WR",NA,NA,10,3.29542857142857,1.8584,4.087,1.04951065694809,76,0.0859452380952384,10,2.2286,NA,82,10.9,7.60617972266521,NA,0.6,NA
2543638,"DeAnthony Thomas","KC","WR",24,3,10,3.27376666666667,2.4525,3.992,0.843019968130451,77,0.149416666666667,10,1.5395,NA,88.1,6.6,5.28211786709396,NA,1.1,NA
2543836,"T.J. Jones","DET","WR",25,3,7,3.1452,2.3098,3.7056,0.746727995993186,78,0.0775499999999996,10,1.3958,NA,NA,NA,4.960325512535,NA,5.5,NA
2559150,"Corey Clement","PHI","RB",NA,0,10,3.1215,2.6335,3.6353,0.509914698748722,58,0.109928571428571,12,1.0018,NA,47.8,5.2,5.25584018416562,NA,NA,NA
2535964,"Josh Bellamy","CHI","WR",28,5,9,3.1035,2.25375,4.32675,1.10893011502078,79,0.0952666666666664,10,2.073,NA,78.6,6.8,5.90950889503766,NA,0,NA
2495288,"Virgil Green","DEN","TE",29,6,5,3.069625,2.1991,3.6652,0.67652725370084,26,0.114332142857143,8,1.4661,NA,45.3,9.8,7.60788205407508,NA,1.3,NA
2558846,"Mike Williams","LAC","WR",23,0,9,3.0318,2.03192,3.6704,0.83126361642983,80,0.122216666666667,10,1.63848,NA,80.5,7.6,5.70148376565428,NA,3.8,NA
2507999,"Chris Ivory","JAC","RB",29,7,8,3.01414285714286,1.9946,4.12,1.06145739882664,59,0.225309523809524,12,2.1254,NA,56.6,3.5,5.83608223944973,NA,0.6,NA
2558837,"Devante Mays","GB","RB",NA,0,8,3.009,2.1069,3.9223,1.02857603834946,60,0.471583333333333,12,1.8154,NA,71.8,6.2,6.83833713527333,NA,NA,NA
2557863,"Zay Jones","BUF","WR",22,0,6,2.98466666666667,2.38475,3.70925,0.708689330148738,81,0.158116666666667,10,1.3245,NA,80.8,10.7,6.82701299871201,NA,6.8,NA
2555364,"Tyler Higbee","LAR","TE",24,1,8,2.9753,1.93686,3.7243,0.779425209460701,27,0.0937196428571427,8,1.78744,NA,28.8,3.4,5.02654234263992,NA,0.5,NA
2557856,"O.J. Howard","TB","TE",23,0,1,2.93528571428571,1.822,3.8442,1.20561004119432,28,0.142705357142857,8,2.0222,NA,29.5,4,6.50593055352729,NA,11.2,NA
2541388,"Brice Butler","DAL","WR",27,4,6,2.8345,1.9292,3.468,0.761857379479038,82,0.0476428571428569,11,1.5388,NA,82.2,8.6,6.00404665204287,NA,1.9,NA
2505299,"Antonio Gates","LAC","TE",37,14,9,2.827875,1.9216,3.493,0.833809919671658,29,0.0934821428571428,8,1.5714,NA,35.4,4.9,5.85442052173495,NA,0,NA
2555473,"Ricardo Louis","CLE","WR",NA,1,9,2.8186,1.8276,3.5526,0.859021691615914,83,0.0834095238095234,11,1.725,NA,85.1,8.5,6.15659035569392,NA,1.5,NA
1062,"Martellus Bennett","NE","TE",30,9,9,2.75728571428571,1.3428,3.5256,1.04025264788347,30,0.164348214285714,8,2.1828,NA,25.4,3.2,5.67727220885779,NA,1.5,NA
2539336,"Tavon Austin","LAR","WR",26,4,8,2.75511428571429,1.86744,3.44816,0.926295401817677,84,0.137195238095238,11,1.58072,NA,83,9.4,6.69175860028293,NA,0,NA
2555348,"Braxton Miller","HOU","WR",25,1,7,2.71526666666667,2.4993,3.0415,0.257217314088043,85,0.263530952380953,11,0.5422,NA,93.8,7.5,4.49410418008227,NA,1.4,NA
2540200,"Dion Sims","CHI","TE",26,4,9,2.7115,1.17,3.372,1.15022612683643,31,0.2478125,9,2.202,NA,39.5,11.4,9.67115088633089,NA,0,NA
2556466,"Peyton Barber","TB","RB",23,1,1,2.56866666666667,2.007,3.069,0.5224613542327,61,0.128797619047619,13,1.062,NA,62.9,3.4,4.56627970534241,NA,1.1,NA
2552424,"Phillip Dorsett","NE","WR",24,2,9,2.52057142857143,1.4224,3.122,0.856339468735551,86,0.159835714285714,11,1.6996,NA,80.6,10.5,7.03752627619252,NA,0,NA
2535708,"Lance Dunbar","LAR","RB",27,5,8,2.50616666666667,2.2685,2.705,0.227877525584834,62,0.418702380952381,13,0.4365,NA,62.8,3.6,3.97388522907548,NA,0,NA
2556463,"Stephen Anderson","HOU","TE",24,1,7,2.474375,1.9256,3.3535,0.600506438052797,32,0.112375,9,1.4279,NA,33,5.3,5.37163138166575,NA,2.2,NA
2495187,"Lance Kendricks","GB","TE",29,6,8,2.453,1.828,3.0122,0.800444162414129,33,0.226571428571429,9,1.1842,NA,29.9,3.3,5.04131998684811,NA,0.5,NA
2543590,"Cody Latimer","DEN","WR",25,3,5,2.3829,1.5605,2.9755,0.890091309922752,87,0.0539059523809526,11,1.415,NA,89.9,8.1,6.0422656826372,NA,2.1,NA
2541544,"Benny Cunningham","CHI","RB",27,4,9,2.37357142857143,2.0476,2.5864,0.25146825985457,63,0.636892857142857,13,0.5388,NA,63.3,3.3,3.90801720125337,NA,1.8,NA
2555214,"Laquon Treadwell","MIN","WR",22,1,9,2.33857142857143,1.9226,2.7596,0.399631437344819,88,0.0391130952380951,11,0.837000000000001,NA,93.8,6.1,4.16218671218716,NA,1,NA
2557895,"Dede Westbrook","JAC","WR",24,0,8,2.31941666666667,1.835375,2.78,0.452855182885949,89,0.0508952380952379,11,0.944625,NA,59.9,6.1,4.27002203174223,NA,3.5,NA
2550198,"Bennie Fowler","DEN","WR",26,3,5,2.2795,1.9034,2.7565,0.476763043869803,90,0.082157142857143,11,0.8531,NA,93,7.2,4.80596482826475,NA,1.8,NA
2557889,"Gerald Everett","LAR","TE",23,0,8,2.271,1.8914,2.6951,0.405426406920629,34,0.109257142857142,9,0.8037,NA,30.1,6.1,5.17695665195262,NA,0.8,NA
2552597,"Breshad Perriman","BAL","WR",24,2,10,2.25754285714286,1.83884,2.63344,0.507659212652027,91,0.124185714285714,11,0.7946,NA,83.5,9.5,5.88788864676136,NA,0,NA
2541199,"Luke Willson","SEA","TE",27,4,6,2.18185714285714,1.4214,2.9256,0.719844526864755,35,0.0967928571428569,9,1.5042,NA,42.4,6.2,6.11453253096863,NA,NA,NA
2556365,"Seth DeValve","CLE","TE",24,1,9,2.14162857142857,1.50792,2.6048,0.530709417397398,36,0.162628571428571,9,1.09688,NA,27.3,3.3,4.27550471027872,NA,0.5,NA
2556404,"Maurice Harris","WAS","WR",25,1,5,2.13714285714286,1.3276,2.832,0.743200383156393,92,0.0231738095238092,11,1.5044,NA,109,8.1,5.74465359490184,NA,0,NA
2550256,"Willie Snead","NO","WR",25,3,5,2.12957142857143,1.0518,3.175,1.32272809717176,93,0.0448380952380956,11,2.1232,NA,75.9,7,6.43131674990249,NA,1.2,NA
2552418,"Justin Hardy","ATL","WR",26,2,5,2.09836666666667,1.316,2.9156,0.990144528170846,94,0.0426500000000001,11,1.5996,NA,98.4,8.4,6.37793658902432,NA,2.7,NA
2495453,"Andre Holmes","BUF","WR",29,6,6,2.0711,1.4732,2.6041,0.611933452264215,95,0.0361761904761901,12,1.1309,NA,91.6,10.2,6.40938572177878,NA,0.7,NA
2558262,"Mack Hollins","PHI","WR",24,0,10,2.04033333333333,1.191,2.76,0.878261160855168,96,0.0362761904761904,12,1.569,NA,91.8,6.8,5.44215621004743,NA,0.7,NA
2555468,"Rashard Higgins","CLE","WR",23,1,9,2.02951428571429,1.30408,2.654,0.669330240933854,97,0.07365,12,1.34992,NA,97.1,6.9,5.06316493598427,NA,0,NA
2550284,"Trey Burton","PHI","TE",26,3,10,2.0285,1.414,2.558,0.66575671232065,37,0.104125,9,1.144,NA,35.9,6.4,6.05076583936391,NA,0,NA
2558105,"Chris Godwin","TB","WR",21,0,1,1.9786,1.618,2.2048,0.318825657687709,98,0.0753690476190476,12,0.5868,NA,80.4,7.6,4.66324584250015,NA,3.8,NA
2540145,"Cordarrelle Patterson","OAK","WR",26,4,10,1.93312857142857,1.44412,2.475,0.524247256277308,99,0.0758619047619047,12,1.03088,NA,89.2,8.8,5.61126766609916,NA,4.5,NA
2550313,"Richard Rodgers","GB","TE",25,3,8,1.9295,1.3782,2.4636,0.470372193055669,38,0.0831749999999998,9,1.0854,NA,43.3,5,4.86746731357159,NA,0.3,NA
2540928,"Darren Fells","DET","TE",31,5,7,1.91925,1.022,2.8206,0.687222931182347,39,0.15055,9,1.7986,NA,36.9,4.7,5.34844292705571,NA,0.9,NA
2532978,"Jarius Wright","MIN","WR",28,5,9,1.87333333333333,0.81075,2.67925,1.01087168654912,100,0.0344119047619049,12,1.8685,NA,97.9,6.6,5.62219809838017,NA,2.3,NA
2558127,"Josh Malone","CIN","WR",21,0,6,1.8412,1.306,2.2676,0.572429279474766,101,0.0353785714285717,12,0.9616,NA,97.9,6,4.46796964755628,NA,0,NA
71217,"Kenny Britt","CLE","WR",29,8,9,1.83664285714286,0.8105,2.5534,0.904074191013737,102,0.0838511904761903,12,1.7429,NA,85.1,8.1,6.07059605351615,NA,0.5,NA
2543770,"Charles Sims","TB","RB",27,3,1,1.80135714285714,1.0185,2.3844,0.685994151717401,64,0.159642857142857,14,1.3659,NA,59.4,3.3,4.89953605110011,NA,2.8,NA
2556752,"Tommylee Lewis","NO","WR",25,1,5,1.775,0.1815,2.421,1.10188464308505,103,0.0547083333333334,12,2.2395,NA,NA,NA,6.39947377772666,NA,0,NA
2558207,"Jonnu Smith","TEN","TE",22,0,8,1.7734,1.1816,2.32096,0.743148527101638,40,0.0134833333333337,9,1.13936,NA,35.4,3.2,4.83375138467798,NA,0,NA
2541187,"Demetrius Harris","KC","TE",26,4,10,1.764,1.4332,2.076,0.348929792365169,41,0.0128761904761903,9,0.6428,NA,41.1,4.1,4.11859172377475,NA,0,NA
2552403,"Nick OLeary","BUF","TE",25,2,6,1.75583333333333,1.14125,2.44625,0.733431705523198,42,0.0676261904761906,9,1.305,NA,41.4,7.5,6.73678441872561,NA,0.8,NA
2558144,"Adam Shaheen","CHI","TE",23,0,9,1.74641428571429,1.1602,2.24628,0.706772857025913,43,0.139985714285714,9,1.08608,NA,30,7.7,6.75089246001025,NA,10.1,NA
2532933,"Brian Quick","WAS","WR",28,5,5,1.73058333333333,0.26,3.420375,1.77800820032323,104,0.0466999999999997,12,3.160375,NA,114,12.8,9.92422243801826,NA,0,NA
2553900,"Daniel Brown","CHI","WR",NA,NA,9,1.71,1.71,1.71,NA,105,0.0696916666666667,12,0,NA,NA,NA,NA,NA,2.3,NA
2535890,"Travaris Cadet","BUF","RB",28,5,6,1.672,0,2.92,1.50697931859288,65,0.111285714285714,14,2.92,NA,83.5,10.5,9.64565317990007,NA,5.6,NA
2557870,"Taywan Taylor","TEN","WR",NA,0,8,1.65776666666667,0.8815,2.2918,0.710937020182988,106,0.0713416666666666,12,1.4103,NA,96.3,9.6,6.34406331970687,NA,0,NA
2553900,"Daniel Brown","CHI","TE",NA,NA,9,1.63,1.63,1.63,NA,44,0.114857142857143,9,0,NA,NA,NA,NA,NA,2.3,NA
2550163,"Michael Campanaro","BAL","WR",26,3,10,1.62285,1.0304,2.22165,0.625390218183815,107,0.0914333333333333,12,1.19125,NA,110.1,11.6,7.05710935800677,NA,0,NA
2552477,"Aaron Ripkowski","GB","RB",NA,NA,8,1.61142857142857,0.7944,2.621,0.963282384548245,66,0.154678571428571,14,1.8266,NA,71.7,5.3,6.33025244713829,NA,0.6,NA
2543628,"Troy Niklas","ARI","TE",25,3,8,1.58285714285714,1.0978,2.1756,0.496469008288006,45,0.136328571428572,9,1.0778,NA,50.8,4.1,4.53747652647145,NA,0,NA
2552463,"Jaelen Strong","FA","WR",23,2,NA,1.55,0.155,1.395,1.09601551083915,108,0.0606166666666668,13,1.24,NA,NA,NA,6.37569116923818,NA,0,NA
2555466,"Tyler Boyd","CIN","WR",23,1,6,1.51283333333333,0.4535,2.648,1.15024630695633,109,0.0509666666666666,13,2.1945,NA,107,12.2,8.38641844032529,NA,0.5,NA
2557978,"James Conner","PIT","RB",22,0,9,1.51,1.2,1.73,0.259143975426789,67,0.135583333333333,14,0.53,NA,66.9,5.1,4.64372190868596,NA,1.2,NA
2555209,"Chris Moore","BAL","WR",24,1,10,1.46593333333333,0.473,2.3163,0.896465786668218,110,0.045533333333333,13,1.8433,NA,94.8,8.8,6.3654104600896,NA,0,NA
2553737,"Eli Rogers","PIT","WR",NA,NA,9,1.4578,0.9124,1.78,0.540708054313971,111,0.0851500000000001,13,0.8676,NA,105.1,9.8,6.08780363654971,NA,0,NA
2532835,"Rhett Ellison","NYG","TE",29,5,8,1.44742857142857,0.7788,1.964,0.606461556116807,46,0.0629714285714285,9,1.1852,NA,51.4,6.4,5.88241846370545,NA,0.7,NA
2552402,"Nick Boyle","BAL","TE",24,2,10,1.44562857142857,0.81092,1.8048,0.487348354924503,47,0.134771428571429,9,0.99388,NA,41.3,9.5,6.93608182230811,NA,0.2,NA
2555461,"Wendell Smallwood","PHI","RB",23,1,10,1.4035,0.65625,1.97025,0.832135445705806,68,0.0958333333333332,14,1.314,NA,69.9,4.6,5.75169993835957,NA,0,NA
2552428,"Tre McBride","CHI","WR",25,2,9,1.383,0.6425,2.482,1.16544373523564,112,0.0814333333333337,13,1.8395,NA,86.6,10.4,7.61947629976488,NA,1.4,NA
2556460,"Geronimo Allison","GB","WR",23,1,8,1.3623,0.90075,1.86865,0.4797088283532,113,0.157383333333333,13,0.9679,NA,108.1,8.3,5.29943687803726,NA,0,NA
2553631,"Zach Zenner","DET","RB",NA,NA,7,1.34533333333333,0.63825,1.88275,0.751384965691134,69,0.0842976190476192,14,1.2445,NA,75.3,3.8,5.24824467715434,NA,0,NA
2495835,"Anthony Fasano","MIA","TE",33,11,1,1.32328571428571,0.8626,1.552,0.326820396286051,48,0.0416880952380954,10,0.6894,NA,50.3,4,4.01092185555628,NA,0,NA
2541834,"Josh Hill","NO","TE",27,4,5,1.29842857142857,0.9664,1.664,0.389923863142049,49,0.046545238095238,10,0.6976,NA,41.8,5.2,4.72885937240162,NA,5.5,NA
2539663,"Mike Gillislee","NE","RB",27,4,9,1.27,0.66,1.935,0.704942834561782,70,0.0429642857142856,14,1.275,NA,69.1,6.4,6.17965661353299,NA,0,NA
2555306,"David Morgan","MIN","TE",24,1,9,1.26476666666667,0.9968,1.54466666666667,0.315103898209252,50,0.0347166666666667,10,0.547866666666667,NA,46.8,8.1,5.81848122282578,NA,0.5,NA
284,"Darren McFadden","DAL","RB",30,9,6,1.25207142857143,0.9873,1.715,0.334485354508912,71,0.0699880952380953,15,0.7277,NA,66.3,5.8,5.09493502189635,NA,0,NA
2556805,"Johnny Holton","OAK","WR",26,1,10,1.24083333333333,0.366,2.22575,0.979984868080455,114,0.095333333333333,13,1.85975,NA,113.4,11.7,7.81986335724111,NA,0,NA
2556900,"Austin Traylor","DEN","TE",NA,NA,5,1.239,1.239,1.239,NA,51,0.0225,10,0,NA,NA,NA,NA,NA,NA,NA
497246,"Michael Hoomanawanui","NO","TE",29,7,5,1.2211,0.4439,2.0356,0.911638250623568,52,0.0115666666666667,10,1.5917,NA,47.1,5.8,6.47946956898865,NA,0,NA
2533046,"Dwayne Allen","NE","TE",27,5,9,1.2119,0.4547,2,0.901574622535484,53,0.0575000000000003,10,1.5453,NA,49.3,13.8,10.0427495385586,NA,2.4,NA
2507218,"Brent Celek","PHI","TE",32,10,10,1.20716666666667,0.764,1.5525,0.412969934337437,54,0.141366666666666,10,0.7885,NA,42.2,8.8,6.41062386189083,NA,2.8,NA
2507428,"Mike Tolbert","BUF","RB",32,9,6,1.202,0,0.9616,0.69397502356593,72,0.0425666666666666,16,0.9616,NA,62.9,4.8,5.51623875194794,NA,0,NA
2557034,"Marvin Hall","ATL","WR",24,1,5,1.169,0.125,2.015,0.92790310198138,115,0.1401,13,1.89,NA,114.5,2.5,3.6370383656062,NA,0,NA
2553650,"Corey Grant","JAC","RB",NA,NA,8,1.16216666666667,0.6155,1.805,0.602520179468428,73,0.101173809523809,17,1.1895,NA,78.1,5.2,5.46715113583083,NA,0,NA
2543664,"Terrance West","BAL","RB",26,3,10,1.1567,0.4568,1.96,0.760909948679868,74,0.298357142857143,17,1.5032,NA,76.1,6.6,6.38716353346114,NA,0,NA
2532841,"Michael Floyd","MIN","WR",28,5,9,1.122,0.396,1.71,0.634892116819858,116,0.2074,13,1.314,NA,122.7,10.4,6.5445387370164,NA,1.6,NA
2555311,"Jerell Adams","NYG","TE",25,1,8,1.10163333333333,0.5888,1.59833333333333,0.543676251703775,55,0.201578571428571,10,1.00953333333333,NA,62,4.3,4.76130090075571,NA,0.6,NA
2553454,"Geoff Swaim","DAL","TE",NA,NA,6,1.02996666666667,0.202666666666667,1.94976666666667,0.942419023930792,56,0.283728571428571,10,1.7471,NA,58.8,6,6.65665686005823,NA,0,NA
2495471,"Jacquizz Rodgers","TB","RB",27,6,1,0.965285714285714,0.559,1.5296,0.429506250300993,75,0.221585714285714,17,0.9706,NA,68.9,4.4,4.7531653844984,NA,0.3,NA
2556697,"Bryce Treggs","CLE","WR",23,1,9,0.9358,0.4036,1.7332,0.830749179957465,117,0.0438499999999999,13,1.3296,NA,107.5,8.6,6.14362663168889,NA,0,NA
2495240,"Tyrod Taylor","BUF","QB",28,6,6,0.908433333333333,0.4629,1.273,0.450196302368941,29,0.349433333333333,8,0.8101,NA,24.9,6.3,11.4466060891619,NA,17.12,NA
2556519,"Alex Erickson","CIN","WR",25,1,6,0.8934,0.248,1.6977,0.726337290795399,118,0.00318333333333332,13,1.4497,NA,111.3,4.9,4.29229520901884,NA,10.2,NA
2540151,"Justin Hunter","PIT","WR",26,4,9,0.8905,0.3415,1.255,0.445337512455441,119,0.0462833333333333,13,0.9135,NA,115.5,12.4,7.04685712940852,NA,0,NA
2555419,"Pharoh Cooper","LAR","WR",22,1,8,0.889933333333333,0.2925,1.6973,0.70344364853673,120,0.116766666666667,13,1.4048,NA,115.4,12.5,7.61411812801155,NA,0,NA
81306,"Brandon Tate","BUF","WR",30,8,6,0.7985,-0.01225,1.18,0.57905247315478,121,0.0655833333333334,13,1.19225,NA,121.3,18.9,10.1984772120452,NA,0.7,NA
2495211,"Niles Paul","WAS","TE",28,6,5,0.770142857142857,0.3084,1.6376,0.623431479413584,57,0.0775178571428572,11,1.3292,NA,NA,NA,5.37236158458765,NA,1.6,NA
2550658,"Branden Oliver","LAC","RB",26,3,9,0.7514,0.388,1.2548,0.4538885325716,76,0.04265,17,0.8668,NA,77.3,5.4,5.20779628296128,NA,0,NA
2557905,"Amara Darboh","SEA","WR",23,0,6,0.747833333333333,0.37175,1.38175,0.495416054106714,122,0.0327333333333333,13,1.01,NA,110.1,4.8,3.78011286531446,NA,0,NA
2558112,"Brian Hill","CIN","RB",22,0,6,0.736,0.21,1.4724,0.91105872478123,77,0.0878749999999999,17,1.2624,NA,NA,NA,6.70472261543246,NA,0,NA
2550521,"Xavier Grimble","PIT","TE",25,3,9,0.722333333333333,0.2415,1.177,0.46860630241885,58,0.0623892857142857,11,0.9355,NA,64.3,4.6,4.6828610970811,NA,NA,NA
2556661,"Kalif Raymond","FA","WR",23,1,NA,0.718,0.718,0.718,NA,123,0.0123333333333333,13,0,NA,NA,NA,NA,NA,1.2,NA
2559368,"Chris Thompson","HOU","WR",NA,0,7,0.7122,0.3192,1.174,0.474963367008446,124,0.0142833333333333,13,0.8548,NA,105,4,3.3841260574047,NA,0,NA
2557866,"Jehu Chesson","KC","WR",24,0,10,0.699133333333333,0.3519,1.3155,0.48103200170744,125,0.0201119047619048,13,0.9636,NA,104.5,13.5,7.60668052307522,NA,0,NA
2552470,"Sammie Coates","CLE","WR",24,2,9,0.6967,0.3183,1.0284,0.363650519042666,126,0.0415285714285715,13,0.7101,NA,109.9,6.6,4.31087923663391,NA,0,NA
2559254,"Shane Smith","NYG","RB",NA,NA,8,0.6815,0.3603,1.0027,0.567806745292798,78,0.0792083333333333,17,0.6424,NA,NA,NA,5.13822996547353,NA,NA,NA
2552559,"C.J. Uzomah","CIN","TE",24,2,6,0.662916666666667,0.282125,1.18625,0.47620659032259,59,0.0226309523809523,11,0.904125,NA,53.9,5,4.88403199661346,NA,0,NA
2558010,"John Ross","CIN","WR",NA,0,6,0.661342857142857,-0.1212,1.37808,0.714324116110567,127,0.0158428571428573,13,1.49928,NA,85.8,10.7,6.83842949972374,NA,0,NA
2554630,"Ross Travis","KC","TE",24,2,10,0.656971428571429,0.24116,1.3356,0.496145427988897,60,0.0379214285714286,11,1.09444,NA,55.8,7.8,6.19778940450644,NA,1.1,NA
2556381,"Mike Thomas","LAR","WR",23,1,8,0.649,0.649,0.649,NA,128,0.0163333333333333,13,0,NA,NA,NA,NA,NA,1.2,NA
2558928,"Austin Carr","NO","WR",24,0,5,0.642,0.5044,0.7796,0.243244732728172,129,0.0359583333333333,13,0.2752,NA,NA,NA,2.92013544200125,NA,NA,NA
2495234,"Luke Stocker","TB","TE",29,6,1,0.6236,0.3748,0.89,0.253512918802968,61,0.01885,11,0.5152,NA,59,14,8.29260655829441,NA,0,NA
497270,"Arrelious Benn","JAC","WR",29,7,8,0.623333333333333,0,1.104,0.786943454131236,130,0.0553333333333332,13,1.104,NA,99,8.5,6.01055441453453,NA,0,NA
2532797,"Brandon Bolden","NE","RB",27,5,9,0.61475,0.52,0.7005,0.103654474095429,79,0.0280833333333333,18,0.1805,NA,77.5,2.5,3.25153416190214,NA,0,NA
2540203,"Levine Toilolo","ATL","TE",26,4,5,0.6145,0.34,0.91725,0.314879341970857,62,0.019875,11,0.57725,NA,47.9,7.3,5.45865847175207,NA,9.1,NA
2559161,"Sean Culkin","LAC","TE",NA,NA,9,0.595,0.595,0.595,NA,63,0.024625,11,0,NA,NA,NA,NA,NA,NA,NA
2555289,"Nick Vannett","SEA","TE",NA,1,6,0.59425,0.312875,0.99825,0.357518181355858,64,0.05025,11,0.685375,NA,54,7.1,5.48991989571928,NA,0,NA
2543600,"Alfred Blue","HOU","RB",26,3,7,0.589833333333333,0.43,0.79325,0.187127407577476,80,0.0212333333333332,18,0.36325,NA,72.9,3.7,3.92079939424998,NA,0,NA
2540279,"Nick Williams","ATL","WR",27,4,5,0.58875,0.56,0.6285,0.0400780488547035,131,0.047675,13,0.0685000000000001,NA,126.5,12.5,6.27008942998851,NA,0,NA
2536044,"Jamize Olawale","OAK","RB",28,5,10,0.5835,0.375,0.91,0.264043746375482,81,0.0316500000000001,18,0.535,NA,76,4.5,4.41550575611344,NA,2.2,NA
2543465,"Teddy Bridgewater","MIN","QB",25,3,9,0.56588,0.25968,0.8168,0.319886154748842,30,0.11422,8,0.55712,NA,NA,NA,4.3306220697945,NA,0,NA
2555460,"Paul Perkins","NYG","RB",23,1,8,0.5537,0.3027,0.8436,0.276169241589283,82,0.0271166666666667,18,0.5409,NA,74,2,3.44568816596094,NA,0,NA
2555316,"Paxton Lynch","DEN","QB",23,1,5,0.55212,0.30112,0.83312,0.295440945029629,31,0.20717,8,0.532,NA,29.9,1.4,4.06286341218784,NA,0,NA
2559180,"Tion Green","DET","RB",NA,NA,7,0.55,0.55,0.55,NA,83,0.0524166666666667,18,0,NA,NA,NA,NA,NA,NA,NA
2554138,"Kasen Williams","CLE","WR",NA,2,9,0.54725,0.2383,0.934,0.393094878284281,132,0.0132999999999999,13,0.6957,NA,117.5,6.5,4.32621721215612,NA,0,NA
2552397,"Clive Walford","OAK","TE",26,2,10,0.5465,0.43,0.7355,0.187179726466303,65,0.0257499999999999,11,0.3055,NA,55,6,4.51242515780586,NA,0.4,NA
2543767,"Logan Thomas","BUF","TE",26,3,6,0.5415,0.3003,0.7827,0.426385389055488,66,0.0644833333333334,11,0.4824,NA,NA,NA,4.25347787403608,NA,0,NA
2539291,"Markus Wheaton","CHI","WR",26,4,9,0.5349,0.0125,1.2722,0.659719728369556,133,0.0119333333333335,13,1.2597,NA,117.4,12.5,7.52553017059724,NA,0,NA
2556855,"Marcus Johnson","PHI","WR",23,1,10,0.533,0.32,0.8712,0.325141507654744,134,0.0222833333333333,13,0.5512,NA,116.3,8.1,4.89763480706178,NA,NA,NA
2556612,"Tanner McEvoy","SEA","WR",24,1,6,0.512933333333333,0.3813,0.70625,0.18532438227785,135,0.01685,13,0.32495,NA,113.5,6.7,3.99389555970696,NA,0,NA
2559241,"Travis Rudolph","NYG","WR",NA,0,8,0.5085,0.1296,0.706,0.326207296055744,136,0.0379166666666666,13,0.5764,NA,109,5.5,3.74751277663084,NA,NA,NA
2530763,"Patrick DiMarco","BUF","RB",28,6,6,0.503166666666667,0.12925,0.93025,0.421730324575631,84,0.0236666666666666,18,0.801,NA,79.3,6.5,5.57331023306941,NA,0,NA
2540215,"Vance McDonald","PIT","TE",27,4,9,0.5,0,0.7,0.5,67,0.0599833333333333,11,0.7,NA,28.8,3.8,4.41280706227698,NA,0,NA
2556841,"Byron Marshall","WAS","RB",23,1,5,0.492,0.4424,0.5416,0.0876812408671319,85,0.0403749999999999,19,0.0992000000000001,NA,NA,NA,2.94709016531404,NA,0.2,NA
80427,"Darrius Heyward-Bey","PIT","WR",30,8,9,0.483666666666667,0.239,0.692,0.230312541270914,137,0.0269666666666666,13,0.453,NA,121.7,16.7,8.51689649122881,NA,0,NA
2559325,"Trey Edmunds","NO","RB",NA,NA,5,0.467,0.15,0.9746,0.503633795530046,86,0.0502083333333334,19,0.8246,NA,71,7,5.95969811130171,NA,NA,NA
2557960,"Ryan Switzer","DAL","WR",23,0,6,0.4575,0.292,0.7205,0.214831794667363,138,0.00455,13,0.4285,NA,119.6,6.3,3.87640573972958,NA,0,NA
2553606,"Jordan Taylor","DEN","WR",25,2,5,0.4559,0.232,0.8678,0.429486961385325,139,0.0171500000000001,13,0.6358,NA,115,1,1.96243197309356,NA,1.4,NA
2552396,"Ben Koyack","JAC","TE",24,2,8,0.454033333333333,0.2952,0.6609,0.190480838931374,68,0.0397833333333334,11,0.3657,NA,50.5,7.5,5.19526974275454,NA,0,NA
2556814,"Max McCaffrey","JAC","WR",23,1,8,0.45,0.09,0.45,0.259807621135332,140,0.02375,13,0.36,NA,NA,NA,2.98725076227726,NA,0,NA
2553867,"Mack Brown","MIN","RB",NA,NA,9,0.43625,0.25,0.7511,0.339352692637026,87,0.0505833333333333,19,0.5011,NA,NA,NA,4.09563847081717,NA,0,NA
2556841,"Byron Marshall","WAS","WR",23,1,5,0.4275,0.2703,0.5847,0.277892965006313,141,0.00716666666666665,13,0.3144,NA,NA,NA,3.0605353015656,NA,0.2,NA
2533028,"James Hanna","DAL","TE",28,5,6,0.426,0.32,0.5572,0.13276796802442,69,0.02435,11,0.2372,NA,64.7,5.6,4.17834984043677,NA,0,NA
2555215,"Leonte Carroo","MIA","WR",23,1,1,0.425,0.31125,0.589,0.135580603332483,142,0.0126666666666667,13,0.27775,NA,116.8,8.7,4.77948122092876,NA,0,NA
2558208,"Chad Williams","ARI","WR",23,0,8,0.415666666666667,0.31,0.5636,0.183020035333111,143,0.0186666666666667,13,0.2536,NA,111.5,7.5,4.34377490161254,NA,0,NA
2558194,"Josh Reynolds","LAR","WR",22,0,8,0.409,0.13,0.5575,0.238210341225285,144,0.03005,13,0.4275,NA,125,13.2,6.98174999329701,NA,0,NA
2553552,"Khari Lee","BUF","TE",NA,NA,6,0.4025,0.2885,0.5165,0.201525432638166,70,0.0152166666666666,11,0.228,NA,NA,NA,2.97665912602918,NA,0,NA
2495347,"Lee Smith","OAK","TE",30,6,10,0.4008,0.322,0.4778,0.0890320167130904,71,0.0295833333333334,11,0.1558,NA,49.8,8.5,5.35622362328045,NA,0,NA
2553439,"Mike Davis","SEA","RB",24,2,6,0.397333333333333,0.084,0.5104,0.242245054989089,88,0.0329333333333333,19,0.4264,NA,83.6,5.8,4.88445735554296,NA,5.9,NA
2558258,"Shelton Gibson","PHI","WR",22,0,10,0.385,0.076,0.388,0.222336081942031,145,0.02205,13,0.312,NA,NA,NA,2.83541043754824,NA,0,NA
2495472,"Jordan Todman","HOU","RB",27,6,7,0.374,0.114,0.6786,0.289403697281151,89,0.0266,19,0.5646,NA,95,16,9.06180889910207,NA,0,NA
2557886,"Jeremy Sprinkle","WAS","TE",23,0,5,0.373766666666667,0.112566666666667,0.627666666666667,0.279256691952046,72,0.0121833333333333,11,0.5151,NA,68.5,10.5,6.79426152154997,NA,6.7,NA
2556473,"Jace Billingsley","DET","WR",24,1,7,0.3729,0.2822,0.4613,0.100365830838986,146,0.0239,13,0.1791,NA,NA,NA,2.34116859604742,NA,0,NA
2495620,"Clark Harris","CIN","TE",33,10,6,0.368666666666667,0.35,0.3948,0.032331615074619,73,0.0169166666666667,11,0.0448,NA,NA,NA,2.01592853729305,NA,0,NA
2557987,"Matthew Dayes","CLE","RB",NA,0,9,0.3548,0.226,0.5014,0.161160479026342,90,0.0174666666666667,19,0.2754,NA,NA,NA,3.28242599257578,NA,0.5,NA
2534241,"Derek Carrier","LAR","TE",27,5,8,0.3545,0.1465,0.545,0.215155525144022,74,0.00925000000000004,11,0.3985,NA,65.5,5.5,4.36736167375279,NA,0,NA
2558129,"Isaiah McKenzie","DEN","WR",22,0,5,0.353,0.0532,0.6,0.288557273344478,147,0.0136666666666667,13,0.5468,NA,126.8,9.8,5.57692715152491,NA,0,NA
2508123,"T.J. Yates","HOU","QB",30,6,7,0.3512,0.0918,0.63904,0.309737673954375,32,0.0195666666666667,9,0.54724,NA,NA,NA,4.29634513076448,NA,0,NA
2553554,"Matt Lengel","CLE","TE",NA,NA,9,0.349,0.034,0.4564,0.269520561986156,75,0.00869999999999993,11,0.4224,NA,NA,NA,3.36275479778828,NA,0,NA
2531049,"Chris Matthews","BAL","WR",28,4,10,0.345,0,0.483,0.345,148,0.0181666666666667,13,0.483,NA,NA,NA,3.33246312210373,NA,0,NA
2552478,"Blake Bell","MIN","TE",26,2,9,0.3415,0.2795,0.43,0.0793252797032573,76,0.0037666666666667,11,0.1505,NA,NA,NA,2.28277192280022,NA,0,NA
2556803,"C.J. Ham","MIN","RB",24,1,9,0.34,0.096,0.5742,0.241566760958539,91,0.0145166666666667,19,0.4782,NA,NA,NA,3.64937464016998,NA,0.8,NA
2552468,"Maxx Williams","BAL","TE",23,2,10,0.3391,0.0721,0.6992,0.365978892833999,77,0.0153333333333333,11,0.6271,NA,65.5,16.5,9.73436720504648,NA,0.6,NA
2495443,"Ryan Mallett","BAL","QB",29,6,10,0.3387,0.15,0.6171,0.25058618477482,33,0.0168166666666667,9,0.4671,NA,NA,NA,4.09655838147609,NA,0,NA
2558023,"Eric Saubert","ATL","TE",23,0,5,0.336366666666667,0.221466666666667,0.486966666666667,0.155199173107763,78,0.0317833333333333,11,0.2655,NA,NA,NA,2.7136054563768,NA,0,NA
2553617,"Terrell Watson","PIT","RB",24,2,9,0.334666666666667,0.085,0.7165,0.3818699604141,92,0.02285,19,0.6315,NA,90,17,9.6717965937002,NA,NA,NA
2550246,"Bernard Reedy","TB","WR",26,3,1,0.333666666666667,0,0.456,0.233056216394243,149,0.0275666666666666,14,0.456,NA,NA,NA,2.87885003814659,NA,0,NA
2533349,"Austin Davis","SEA","QB",28,5,6,0.324566666666667,0.129,0.6187,0.254964606694079,34,0.0153666666666666,9,0.4897,NA,NA,NA,4.11134669356079,NA,0,NA
2556773,"Hunter Sharp","DEN","WR",23,1,5,0.32,0.32,0.32,0,150,0.0359,14,0,NA,NA,NA,1.93447112179436,NA,0,NA
2506895,"Kellen Clemens","LAC","QB",34,11,9,0.3192,0.0032,0.56528,0.295995351314848,35,0.0266166666666666,9,0.56208,NA,31.2,1.3,3.91844465401779,NA,1.02,NA
2550235,"Roosevelt Nix","PIT","RB",NA,NA,9,0.3163,0.12,0.5485,0.244415527329996,93,0.0102166666666667,19,0.4285,NA,89.5,13.5,7.96166702527542,NA,0,NA
2553318,"James OShaughnessy","FA","TE",NA,NA,NA,0.311166666666667,0.1301,0.5629,0.310770949950817,79,0.0165833333333333,11,0.4328,NA,NA,NA,3.59698622589586,NA,1.2,NA
2555432,"Andy Janovich","DEN","RB",24,1,5,0.307333333333333,0.14,0.55575,0.245204336557628,94,0.00831666666666664,19,0.41575,NA,85.7,3.1,3.81392504329815,NA,0,NA
2539303,"Zach Line","NO","RB",27,4,5,0.304833333333333,0.14625,0.57325,0.223148978636844,95,0.0132333333333333,19,0.427,NA,75.3,6.9,5.27977700880127,NA,0.2,NA
81284,"Chase Daniel","NO","QB",31,8,5,0.2992,0.102,0.6056,0.245870600113149,36,0.0167166666666667,9,0.5036,NA,NA,NA,4.0806312874398,NA,0,NA
2540211,"Gavin Escobar","BAL","TE",26,4,10,0.298,0,0.5458,0.327529642424417,80,0.00770000000000004,12,0.5458,NA,65.5,1.5,2.89048174364837,NA,0,NA
2540225,"Tommy Bohanon","JAC","RB",27,4,8,0.2932,0.0624,0.568,0.284343454294274,96,0.0119500000000001,19,0.5056,NA,80.7,4.3,4.38202757206404,NA,0.3,NA
2543750,"Jeff Janis","GB","WR",26,3,8,0.2922,0.07685,0.50425,0.228052581656073,151,0.02615,14,0.4274,NA,NA,NA,2.85857455601201,NA,0,NA
2556478,"Ben Braunecker","CHI","TE",23,1,9,0.291166666666667,0.1426,0.4702,0.166784042002425,81,0.00645000000000007,12,0.3276,NA,NA,NA,2.77938763490953,NA,0,NA
2556528,"D.J. Foster","ARI","RB",NA,1,8,0.29,0.029,0.261,0.205060966544099,97,0.0210833333333333,20,0.232,NA,NA,NA,3.4827738277978,NA,2.6,NA
2558049,"Michael Roberts","DET","TE",23,0,7,0.289433333333333,0.232933333333333,0.3534,0.0617728365330048,82,0.0142333333333333,12,0.120466666666667,NA,NA,NA,2.18310416127353,NA,0,NA
2539287,"Landry Jones","PIT","QB",28,4,9,0.285966666666667,0.123,0.5309,0.217496534838297,37,0.00814166666666671,9,0.4079,NA,NA,NA,3.98479663739149,NA,NA,NA
2541096,"Ifeanyi Momah","ARI","TE",28,4,8,0.28,0.028,0.252,0.197989898732233,83,0.0264499999999999,12,0.224,NA,NA,NA,2.95658335955109,NA,0,NA
2555263,"Kevin Hogan","CLE","QB",25,1,9,0.279,0,0.4215,0.201563637593689,38,0.0042416666666667,9,0.4215,NA,NA,NA,3.93098257807704,NA,0,NA
2558125,"Patrick Mahomes","KC","QB",NA,0,10,0.27665,0.16282,0.4658,0.205327275343535,39,0.00929166666666664,9,0.30298,NA,NA,NA,3.94369442966303,NA,NA,NA
2558091,"Noah Brown","DAL","WR",NA,0,6,0.276,0.0896,0.304,0.128074978040209,152,0.0206166666666666,14,0.2144,NA,NA,NA,2.4534502369828,NA,1.4,NA
2539275,"Mike Glennon","CHI","QB",28,4,9,0.272866666666667,0.142,0.4347,0.149997355532245,40,0.0201083333333333,9,0.2927,NA,NA,NA,3.75681519854292,NA,0,NA
2559163,"Justin Davis","LAR","RB",NA,0,8,0.2725,0.1701,0.4534,0.180049993057484,98,0.0157083333333334,20,0.2833,NA,82.3,2.3,3.34605768060143,NA,NA,NA
2535535,"Phillip Supernaw","TEN","TE",27,5,8,0.2704,0.166,0.4142,0.142120723330554,84,0.0338833333333333,12,0.2482,NA,NA,NA,2.63934230104907,NA,0,NA
2543565,"Andre Williams","LAC","RB",25,3,9,0.265333333333333,0,0.4692,0.27188968351153,99,0.0192083333333333,20,0.4692,NA,84,6,5.03190055744728,NA,0.2,NA
2505982,"Matt Schaub","ATL","QB",36,13,5,0.26185,0.0488,0.42764,0.215140958443528,41,0.0220366666666667,9,0.37884,NA,NA,NA,3.9768405747946,NA,0,NA
2535988,"Brittan Golden","ARI","WR",29,5,8,0.2561,0.1544,0.3279,0.0946601817027625,153,0.00926666666666665,14,0.1735,NA,NA,NA,2.31804844576043,NA,0,NA
497320,"Andre Roberts","ATL","WR",29,7,5,0.254666666666667,0.183,0.321,0.0690099026710418,154,0.0195833333333334,14,0.138,NA,NA,NA,2.21410964897188,NA,NA,NA
2550289,"David Fluellen","TEN","RB",25,3,8,0.24825,0.185,0.3341,0.0928740186130294,100,0.00441666666666668,20,0.1491,NA,NA,NA,2.97078834815902,NA,0,NA
2550633,"Senorise Perry","MIA","RB",26,3,1,0.244,0.063,0.4522,0.23035624584543,101,0.000833333333333325,20,0.3892,NA,NA,NA,3.59821342165899,NA,0,NA
81294,"Brian Hoyer","NE","QB",32,8,9,0.243666666666667,0.099,0.3889,0.153847218586059,42,0.00881999999999997,9,0.2899,NA,NA,NA,3.76981827987519,NA,0,NA
2553660,"Akeem Hunt","KC","RB",24,2,10,0.243666666666667,0.11375,0.44725,0.187003654153246,102,0.00733333333333333,20,0.3335,NA,94,20,10.4241259777769,NA,0.3,NA
2508101,"James Develin","NE","RB",29,7,9,0.242666666666667,0.17775,0.333,0.0910382703409213,103,0.013,20,0.15525,NA,69.5,7.5,5.21771807156103,NA,0,NA
2556190,"Jakeem Grant","MIA","WR",25,1,1,0.239,0.197,0.29,0.052,155,0.02675,14,0.093,NA,NA,NA,2.14518295952215,NA,NA,NA
2552660,"Randall Telfer","CLE","TE",25,2,9,0.2367,0.1638,0.3394,0.091566642397764,85,0.000433333333333341,12,0.1756,NA,NA,NA,2.35228185973399,NA,0,NA
2558956,"Jacob Hollister","NE","TE",24,0,9,0.236333333333333,0.066,0.2543,0.120403142262429,86,0.00623333333333334,12,0.1883,NA,54.7,14.8,8.27387418875524,NA,NA,NA
2535943,"Sean McGrath","LAC","TE",30,5,9,0.2362,0.184,0.3008,0.0662057399324258,87,0.0225666666666667,12,0.1168,NA,NA,NA,2.20827544680904,NA,1,NA
2543497,"AJ McCarron","CIN","QB",27,3,6,0.23596,0.08352,0.4224,0.192381412823589,43,0.00254333333333331,9,0.33888,NA,NA,NA,3.89996921115258,NA,0,NA
2507282,"Matt Moore","MIA","QB",33,10,1,0.233733333333333,0.144,0.314,0.086189001618536,44,0.00482333333333337,9,0.17,NA,NA,NA,3.54129968434908,NA,15.28,NA
2559242,"Cooper Rush","DAL","QB",NA,0,6,0.2331,0.085,0.4593,0.194755713651744,45,0.00909000000000004,9,0.3743,NA,NA,NA,3.90798851634454,NA,NA,NA
2555331,"Cody Core","CIN","WR",23,1,6,0.231166666666667,0.10575,0.34725,0.128097879243439,156,0.0387,14,0.2415,NA,NA,NA,2.45354303611008,NA,0,NA
2543551,"KaDeem Carey","FA","RB",25,3,NA,0.23,0.023,0.207,0.162634559672906,104,0.000750000000000001,20,0.184,NA,NA,NA,3.28915322690006,NA,0,NA
2539980,"Kerwynn Williams","ARI","RB",26,4,8,0.229333333333333,0.11,0.366,0.129309963524342,105,0.00191666666666668,20,0.256,NA,71.9,4.3,4.02826584846011,NA,1.8,NA
2543695,"Jay Prosch","HOU","RB",25,3,7,0.229166666666667,0.13,0.38625,0.126537214552347,106,0.0147333333333333,20,0.25625,NA,84,7.8,5.41841933059587,NA,0,NA
2555227,"Jonathan Williams","NO","RB",23,1,5,0.225666666666667,0,0.3979,0.229990398350308,107,0.0359,20,0.3979,NA,NA,NA,3.59654381027621,NA,0,NA
497123,"Colt McCoy","WAS","QB",31,7,5,0.22472,0.05472,0.43288,0.216633773913488,46,0.01303,9,0.37816,NA,NA,NA,3.98188262452433,NA,0,NA
2550206,"Ryan Hewitt","CIN","TE",26,3,6,0.224,0.19,0.2716,0.0588897274573418,88,0.0598666666666667,12,0.0816,NA,NA,NA,2.16673304843064,NA,0,NA
2539228,"EJ Manuel","OAK","QB",27,4,10,0.2233,0.1138,0.33444,0.128622030254022,47,0.0243266666666667,9,0.22064,NA,NA,NA,3.68461909982163,NA,0,NA
2540259,"MarQueis Gray","MIA","TE",27,4,1,0.203266666666667,0.0904,0.273666666666667,0.113664564985458,89,0.0952666666666667,12,0.183266666666667,NA,69.5,6.5,4.52819591867747,NA,0,NA
2534871,"Derrick Coleman","ATL","RB",27,5,5,0.2032,0.08,0.29,0.11983822428591,108,0.0308666666666667,20,0.21,NA,83.9,5,4.28594893940049,NA,0,NA
2539335,"Geno Smith","NYG","QB",27,4,8,0.20008,0.0624,0.39968,0.194560509867753,48,0.02218,9,0.33728,NA,NA,NA,3.90732920700182,NA,0,NA
2495748,"Drew Stanton","ARI","QB",33,10,8,0.197866666666667,0.074,0.4186,0.19366452092902,49,0.0434,9,0.3446,NA,28.9,1.6,4.18169629174533,NA,0,NA
2559176,"Tanner Gentry","CHI","WR",NA,0,9,0.193333333333333,0,0.29,0.167431578064991,157,0.00553333333333333,14,0.29,NA,NA,NA,2.61292911232779,NA,NA,NA
2555413,"Trevor Davis","GB","WR",24,1,8,0.1916,0.0895,0.3553,0.163125411876875,158,0.00943333333333338,14,0.2658,NA,123.7,4.2,2.84095588995631,NA,0,NA
2552654,"Geremy Davis","FA","WR",25,2,NA,0.184,0.1632,0.2048,0.0367695526217005,159,0.0383333333333333,14,0.0416,NA,NA,NA,2.08346689112796,NA,0,NA
2550223,"Freddie Martino","TB","WR",26,3,1,0.180333333333333,0,0.3787,0.2705,160,0.0823583333333333,14,0.3787,NA,NA,NA,3.03057789305142,NA,0,NA
2555220,"Derek Watt","LAC","RB",25,1,9,0.176333333333333,0.09125,0.3115,0.14793973998445,109,0.0146666666666667,20,0.22025,NA,80,1,2.75409445952214,NA,1.7,NA
2557850,"DeAngelo Henderson","DEN","RB",25,0,5,0.168333333333333,0.0375,0.19,0.0895707355483177,110,0.0164833333333333,20,0.1525,NA,NA,NA,2.95571321691195,NA,0,NA
2556492,"Joe Callahan","GB","QB",24,1,8,0.157933333333333,0.0288,0.33104,0.21153537135272,50,0.0098583333333333,9,0.30224,NA,NA,NA,3.96466254624215,NA,0,NA
2552636,"Michael Burton","DET","RB",25,2,7,0.155,0.111,0.199,0.0777817459305202,111,0.0128,20,0.088,NA,NA,NA,2.90191202510456,NA,0,NA
2532842,"Nick Foles","PHI","QB",28,5,10,0.151,0.0912,0.22828,0.0714316456481299,51,0.00778499999999999,9,0.13708,NA,NA,NA,3.49145606725147,NA,0,NA
2555218,"Dan Vitale","CLE","RB",NA,1,9,0.1487,0.098,0.2216,0.0649592179755883,112,0.0216,20,0.1236,NA,NA,NA,2.84339409368512,NA,0,NA
2555426,"Cardale Jones","LAC","QB",25,1,9,0.14515,0.013,0.37742,0.257009902532957,52,0.00640333333333332,9,0.36442,NA,NA,NA,4.11825476997019,NA,0,NA
2552576,"Sean Mannion","LAR","QB",25,2,8,0.14128,0.0424,0.27288,0.118355194224842,53,0.0234983333333334,9,0.23048,NA,NA,NA,3.64994241079491,NA,0,NA
2506562,"Matt Cassel","TEN","QB",35,12,8,0.136213333333333,0.046,0.1667,0.0597131476309866,54,0.0377833333333333,10,0.1207,NA,NA,NA,3.45187632618559,NA,0,NA
2556762,"Elijhaa Penny","ARI","RB",24,1,8,0.1357,0.016,0.3448,0.220209445755626,113,0.0177,20,0.3288,NA,NA,NA,3.55190665953931,NA,0,NA
2559248,"Ricky Seals-Jones","ARI","TE",22,0,8,0.125,0.025,0.225,0.176776695296637,90,0.0795,12,0.2,NA,NA,NA,2.83612876068251,NA,NA,NA
2495340,"Anthony Sherman","KC","RB",29,6,10,0.1185,0.08175,0.14775,0.0344499637155106,114,0.00628333333333334,20,0.066,NA,NA,NA,2.70415957965444,NA,1.1,NA
2552464,"Jalston Fowler","TEN","RB",NA,NA,8,0.1175,0.05625,0.19625,0.0669731289398965,115,0.0340333333333333,20,0.14,NA,87,1,2.56934155397094,NA,0,NA
2507029,"Eric Weems","TEN","WR",32,10,8,0.111,0.03,0.1875,0.0784601809837321,161,0.0346,14,0.1575,NA,NA,NA,2.25240360109315,NA,0,NA
2539289,"Kenjon Barner","PHI","RB",28,4,10,0.106933333333333,0.03525,0.15975,0.0726000459136678,116,0.0769333333333333,20,0.1245,NA,81.3,23.4,11.5196561842903,NA,8.6,NA
2539308,"Matt Barkley","ARI","QB",27,4,8,0.09935,0.01412,0.2195,0.124543794171635,55,0.01397,10,0.20538,NA,NA,NA,3.67084467856814,NA,0,NA
252,"Chad Henne","JAC","QB",32,9,8,0.09751,0.04,0.14868,0.0588734914881052,56,0.026485,10,0.10868,NA,NA,NA,3.44904035073285,NA,0,NA
2507883,"Jeff Cumberland","FA","TE",30,7,NA,0.091,0.0182,0.1638,0.128693434175952,91,0.091,12,0.1456,NA,NA,NA,2.56309833658041,NA,0.2,NA
2557896,"Stacy Coley","MIN","WR",NA,0,9,0.08495,0.01,0.2313,0.160520870917149,162,0.040525,14,0.2213,NA,NA,NA,2.5849258853447,NA,0,NA
1037347,"Joe Webb","BUF","QB",31,7,6,0.07325,0.01,0.1538,0.102087217613176,57,0.0225,10,0.1438,NA,NA,NA,3.59499660622052,NA,0,NA
2556232,"Jake Rudock","DET","QB",24,1,7,0.0688,0.028,0.11952,0.0610992634980161,58,0.04045,10,0.09152,NA,NA,NA,3.45655799332622,NA,0,NA
2552431,"Vince Mayle","BAL","WR",NA,NA,10,0.06785,0.0195,0.110125,0.0481233874188701,163,0.05735,14,0.090625,NA,NA,NA,2.12947434103891,NA,0,NA
2550400,"Keith Smith","DAL","RB",25,3,6,0.06,0.06,0.06,NA,117,0.06,20,0,NA,NA,NA,NA,NA,0,NA
2553457,"Trevor Siemian","DEN","QB",NA,NA,5,0.0327,0,0.05608,0.0305831326060624,59,0.0147,11,0.05608,NA,33.2,1.4,3.61557897267766,NA,0,NA
2555387,"Cody Kessler","CLE","QB",24,1,9,0.024,-0.30264,0.32196,0.343305665551852,60,0.018,11,0.6246,NA,31.3,1.7,4.57976108055386,NA,0,NA
2556517,"Ed Eagan","NYG","WR",24,1,8,0.021,0,0.0168,0.0121243556529821,164,0.021,15,0.0168,NA,NA,NA,1.98360083835023,NA,0,NA
2541185,"Ryan Griffin","TB","QB",28,4,1,0.012,0.0024,0.0216,0.0169705627484771,61,0.012,11,0.0192,NA,NA,NA,3.30751137091053,NA,0,NA
184,"Donnie Avery","FA","WR",33,9,NA,0,0,0,NA,165,0,15,0,NA,NA,NA,NA,NA,NA,NA
206,"Andre Caldwell","FA","WR",32,9,NA,0,0,0,NA,165,0,15,0,NA,NA,NA,NA,NA,NA,NA
222,"Harry Douglas","TEN","WR",33,9,8,0,0,0,0,165,0,15,0,NA,NA,NA,1.93447112179436,NA,0,NA
230,"Jerome Felton","FA","RB",31,9,NA,0,0,0,NA,118,0,0,0,NA,NA,NA,NA,NA,0,NA
262,"Chris Johnson","FA","RB",32,9,NA,0,0,0,0,118,0,20,0,NA,NA,NA,2.5469409234587,NA,0,NA
264,"Josh Johnson","HOU","QB",31,9,7,0,0,0,0,62,0,11,0,NA,NA,NA,3.25019255084125,NA,0,NA
768,"Steve Johnson","FA","WR",31,9,NA,0,0,0,NA,165,0,15,0,NA,NA,NA,NA,NA,0,NA
927,"Justin Forsett","FA","RB",32,9,NA,0,0,0,NA,118,0,0,0,NA,NA,NA,NA,NA,0,NA
1060,"Gary Barnidge","FA","TE",32,9,NA,0,0,0,NA,92,0,12,0,NA,NA,NA,NA,NA,0,NA
1990,"Eddie Royal","FA","WR",31,9,NA,0,0,0,NA,165,0,15,0,NA,NA,NA,NA,NA,0,NA
4383,"Tim Hightower","FA","RB",31,9,NA,0,0,0,NA,118,0,0,0,NA,NA,NA,NA,NA,0,NA
4433,"Marcel Reece","FA","RB",32,9,NA,0,0,0,NA,118,0,0,0,NA,NA,NA,NA,NA,0,NA
4487,"Matthew Slater","NE","WR",32,9,9,0,0,0,NA,165,0,15,0,NA,NA,NA,NA,NA,0,NA
71345,"Rashad Jennings","FA","RB",32,8,NA,0,0,0,NA,118,0,0,0,NA,NA,NA,NA,NA,0,NA
71417,"Jordan Norwood","FA","WR",31,8,NA,0,0,0,NA,165,0,15,0,NA,NA,NA,NA,NA,0,NA
71435,"John Phillips","NO","TE",30,8,5,0,0,0,NA,92,0,12,0,NA,NA,NA,NA,NA,0,NA
79589,"David Johnson","FA","TE",30,8,NA,0,0,0,NA,92,0,12,0,NA,NA,NA,NA,NA,0,NA
79629,"Cedric Peerman","CIN","RB",31,8,6,0,0,0,0,118,0,20,0,NA,NA,NA,2.5469409234587,NA,0,NA
79858,"Mark Sanchez","CHI","QB",31,8,9,0,0,0,0,62,0,12,0,NA,NA,NA,3.25019255084125,NA,0,NA
81288,"Brandon Gibson","NE","WR",30,8,9,0,0,0,NA,165,0,15,0,NA,NA,NA,NA,NA,NA,NA
89766,"Brandon Myers","FA","TE",32,8,NA,0,0,0,NA,92,0,12,0,NA,NA,NA,NA,NA,0,NA
89798,"Antone Smith","FA","RB",32,8,NA,0,0,0,NA,118,0,0,0,NA,NA,NA,NA,NA,0,NA
163982,"Will Johnson","NYG","RB",28,6,8,0,0,0,NA,118,0,0,0,NA,NA,NA,NA,NA,NA,NA
238457,"Zach Miller","CHI","TE",33,8,9,0,0,0,0,92,0,12,0,NA,NA,NA,1.83234043677772,NA,0,NA
238498,"Julian Edelman","NE","WR",31,8,9,0,0,0,0,165,0,15,0,NA,NA,NA,1.93447112179436,NA,0,NA
497095,"Sam Bradford","MIN","QB",30,7,9,0,0,0,0,62,0,11,0,NA,NA,NA,3.25019255084125,NA,0,NA
497135,"Tim Tebow","FA","QB",30,7,NA,0,0,0,NA,62,0,11,0,NA,NA,NA,NA,NA,NA,NA
497188,"Ryan Mathews","FA","RB",30,7,NA,0,0,0,NA,118,0,0,0,NA,NA,NA,NA,NA,0,NA
497190,"Dexter McCluster","FA","WR",29,7,NA,0,0,0,NA,165,0,15,0,NA,NA,NA,NA,NA,0,NA
497204,"C.J. Spiller","KC","RB",30,7,10,0,0,0,0,118,0,21,0,NA,NA,NA,2.5469409234587,NA,0,NA
497206,"James Starks","FA","RB",31,7,NA,0,0,0,NA,118,0,0,0,NA,NA,NA,NA,NA,0,NA
497226,"Jim Dray","FA","TE",31,7,NA,0,0,0,NA,92,0,12,0,NA,NA,NA,NA,NA,0,NA
497242,"Clay Harbor","NO","TE",30,7,5,0,0,0,NA,92,0,12,0,NA,NA,NA,NA,NA,0,NA
497254,"Dennis Pitta","FA","TE",32,7,NA,0,0,0,NA,92,0,12,0,NA,NA,NA,NA,NA,0,NA
497286,"Marcus Easley","BUF","WR",30,7,6,0,0,0,0,165,0,15,0,NA,NA,NA,1.93447112179436,NA,NA,NA
1037885,"Marc Mariani","FA","WR",30,7,NA,0,0,0,NA,165,0,15,0,NA,NA,NA,NA,NA,0,NA
2495159,"Dwayne Harris","NYG","WR",30,6,8,0,0,0,0,165,0,15,0,NA,NA,NA,1.93447112179436,NA,0,NA
2495186,"Colin Kaepernick","FA","QB",30,6,NA,0,0,0,NA,62,0,11,0,NA,NA,NA,NA,NA,0,NA
2495258,"Matt Asiata","FA","RB",30,6,NA,0,0,0,NA,118,0,0,0,NA,NA,NA,NA,NA,0,NA
2495259,"Dan Bailey","DAL","K",29,6,6,0,0,0,0,29,0,8,0,NA,NA,NA,2.3129600352209,NA,0,NA
2495461,"Shaun Draughn","FA","RB",30,6,NA,0,0,0,NA,118,0,0,0,NA,NA,NA,NA,NA,0,NA
2495467,"Taiwan Jones","BUF","RB",29,6,6,0,0,0,0,118,0,0,0,NA,NA,NA,2.5469409234587,NA,0,NA
2495470,"Stevan Ridley","FA","RB",28,6,NA,0,0,0,0,118,0,0,0,NA,NA,NA,2.5469409234587,NA,0,NA
2495893,"Brandon Marshall","NYG","WR",33,11,8,0,0,0,0,165,0,15,0,NA,NA,NA,1.93447112179436,NA,0,NA
2495979,"DeAngelo Williams","FA","RB",34,11,NA,0,0,0,NA,118,0,0,0,NA,NA,NA,NA,NA,0,NA
2499277,"David Ausberry","FA","TE",30,6,NA,0,0,0,NA,92,0,12,0,NA,NA,NA,NA,NA,NA,NA
2504162,"Shayne Graham","FA","K",NA,NA,NA,0,0,0,NA,29,0,7,0,NA,NA,NA,NA,NA,NA,NA
2504257,"Sebastian Janikowski","OAK","K",39,17,10,0,0,0,0,29,0,7,0,NA,NA,NA,2.3129600352209,NA,NA,NA
2504833,"Shaun Hill","FA","QB",NA,NA,NA,0,0,0,NA,62,0,11,0,NA,NA,NA,NA,NA,0,NA
2505245,"Carson Palmer","ARI","QB",38,14,8,0,0,0,0,62,0,11,0,NA,NA,NA,3.25019255084125,NA,0,NA
2505354,"Tony Romo","FA","QB",37,14,NA,0,0,0,NA,62,0,11,0,NA,NA,NA,NA,NA,0,NA
2505587,"Anquan Boldin","FA","WR",37,14,NA,0,0,0,NA,165,0,15,0,NA,NA,NA,NA,NA,0,NA
2506053,"Luke McCown","FA","QB",36,13,NA,0,0,0,NA,62,0,11,0,NA,NA,NA,NA,NA,0,NA
2506147,"John Kuhn","FA","RB",35,11,NA,0,0,0,0,118,0,0,0,NA,NA,NA,2.5469409234587,NA,0,NA
2506363,"Aaron Rodgers","GB","QB",34,12,8,0,0,0,0,62,0,11,0,NA,NA,NA,3.25019255084125,NA,0,NA
2506400,"Vincent Jackson","FA","WR",34,12,NA,0,0,0,NA,165,0,15,0,NA,NA,NA,NA,NA,0,NA
2506467,"Darren Sproles","PHI","RB",34,12,10,0,0,0,0,118,0,0,0,NA,NA,NA,2.5469409234587,NA,0,NA
2507170,"Zach Miller","FA","TE",32,10,NA,0,0,0,NA,92,0,12,0,NA,NA,NA,NA,NA,NA,NA
2507225,"Nick Folk","FA","K",33,10,NA,0,0,0,0,29,0,7,0,NA,NA,NA,2.3129600352209,NA,0,NA
2507401,"Dan Carpenter","FA","K",32,9,NA,0,0,0,NA,29,0,7,0,NA,NA,NA,NA,NA,0,NA
2507405,"Matthew Mulligan","DET","TE",32,9,7,0,0,0,NA,92,0,12,0,NA,NA,NA,NA,NA,NA,NA
2507486,"Kellen Davis","FA","TE",32,9,NA,0,0,0,NA,92,0,12,0,NA,NA,NA,NA,NA,0,NA
2507855,"Victor Cruz","FA","WR",31,7,NA,0,0,0,NA,165,0,15,0,NA,NA,NA,NA,NA,0,NA
2508097,"Andrew Hawkins","FA","WR",31,6,NA,0,0,0,NA,165,0,15,0,NA,NA,NA,NA,NA,0,NA
2530598,"Jeremy Ross","FA","WR",29,6,NA,0,0,0,NA,165,0,15,0,NA,NA,NA,NA,NA,0,NA
2530690,"DuJuan Harris","FA","RB",29,6,NA,0,0,0,NA,118,0,0,0,NA,NA,NA,NA,NA,0,NA
2531332,"Terrelle Pryor","WAS","WR",28,6,5,0,0,0,0,165,0,15,0,NA,84.9,7.1,3.79568845589255,NA,0,NA
2532853,"Ladarius Green","FA","TE",27,5,NA,0,0,0,NA,92,0,12,0,NA,NA,NA,NA,NA,0,NA
2532917,"Kellen Moore","FA","QB",28,5,NA,0,0,0,0,62,0,11,0,NA,NA,NA,3.25019255084125,NA,0,NA
2532956,"Ryan Tannehill","MIA","QB",29,5,1,0,0,0,NA,62,0,11,0,NA,NA,NA,NA,NA,0,NA
2532970,"Brandon Weeden","TEN","QB",34,5,8,0,0,0,0,62,0,11,0,NA,NA,NA,3.25019255084125,NA,0,NA
2533033,"Robert Griffin","FA","QB",27,5,NA,0,0,0,NA,62,0,11,0,NA,NA,NA,NA,NA,0,NA
2533038,"Justin Blackmon","FA","WR",27,5,NA,0,0,0,NA,165,0,15,0,NA,NA,NA,NA,NA,NA,NA
2533353,"Cory Harkey","FA","TE",27,5,NA,0,0,0,NA,92,0,12,0,NA,NA,NA,NA,NA,0,NA
2533437,"Ronnie Hillman","FA","RB",26,5,NA,0,0,0,NA,118,0,0,0,NA,NA,NA,NA,NA,0,NA
2534437,"Austin Johnson","FA","RB",28,4,NA,0,0,0,NA,118,0,0,0,NA,NA,NA,NA,NA,0,NA
2534571,"Bobby Rainey","BAL","RB",30,5,10,0,0,0,0,118,0,0,0,NA,NA,NA,2.5469409234587,NA,0,NA
2534770,"Jonathan Grimes","FA","RB",28,5,NA,0,0,0,NA,118,0,0,0,NA,NA,NA,NA,NA,0,NA
2534789,"Daryl Richardson","FA","RB",27,5,NA,0,0,0,NA,118,0,0,0,NA,NA,NA,NA,NA,0,NA
2534870,"Alex Tanney","FA","QB",30,5,NA,0,0,0,NA,62,0,11,0,NA,NA,NA,NA,NA,0,NA
2534889,"Matt Simms","FA","QB",29,5,NA,0,0,0,NA,62,0,11,0,NA,NA,NA,NA,NA,0,NA
2535138,"Greg Scruggs","NE","TE",27,5,9,0,0,0,NA,92,0,12,0,NA,NA,NA,NA,NA,NA,NA
2535696,"Joe Banyard","BUF","RB",29,5,6,0,0,0,0,118,0,0,0,NA,NA,NA,2.5469409234587,NA,0,NA
2535724,"Dominique Jones","FA","TE",30,5,NA,0,0,0,NA,92,0,12,0,NA,NA,NA,NA,NA,NA,NA
2535876,"Griff Whalen","FA","WR",27,5,NA,0,0,0,0,165,0,15,0,NA,NA,NA,1.93447112179436,NA,0,NA
2536071,"Cooper Helfet","OAK","TE",28,6,10,0,0,0,NA,92,0,12,0,NA,NA,NA,NA,NA,0,NA
2536342,"Brandon Bostick","FA","TE",28,5,NA,0,0,0,NA,92,0,12,0,NA,NA,NA,NA,NA,NA,NA
2537931,"Josh Gordon","CLE","WR",26,5,9,0,0,0,NA,165,0,15,0,NA,NA,NA,NA,NA,0,NA
2537933,"Larry Donnell","FA","TE",29,5,NA,0,0,0,NA,92,0,12,0,NA,NA,NA,NA,NA,0,NA
2539203,"Cobi Hamilton","FA","WR",27,4,NA,0,0,0,NA,165,0,15,0,NA,NA,NA,NA,NA,0,NA
2539227,"Dustin Hopkins","WAS","K",27,4,5,0,0,0,0,29,0,7,0,NA,NA,NA,2.3129600352209,NA,0,NA
2539250,"Quinton Patton","FA","WR",27,4,NA,0,0,0,NA,165,0,15,0,NA,NA,NA,NA,NA,0,NA
2539260,"Denard Robinson","FA","RB",27,4,NA,0,0,0,NA,118,0,0,0,NA,NA,NA,NA,NA,0,NA
2539315,"Stepfan Taylor","FA","RB",26,4,NA,0,0,0,NA,118,0,0,0,NA,NA,NA,NA,NA,0,NA
2539637,"Caleb Sturgis","PHI","K",28,4,10,0,0,0,0,29,0,7,0,NA,NA,NA,2.3129600352209,NA,0,NA
2539961,"Ryan Nassib","FA","QB",27,4,NA,0,0,0,0,62,0,11,0,NA,NA,NA,3.25019255084125,NA,0,NA
2539995,"Mychal Rivera","JAC","TE",27,4,8,0,0,0,NA,92,0,12,0,NA,NA,NA,NA,NA,0,NA
2540005,"Marlon Brown","DEN","WR",26,4,5,0,0,0,NA,165,0,15,0,NA,NA,NA,NA,NA,0,NA
2540148,"Tyler Eifert","CIN","TE",27,4,6,0,0,0,0,92,0,12,0,NA,NA,NA,1.83234043677772,NA,0,NA
2540157,"Stedman Bailey","FA","WR",27,4,NA,0,0,0,NA,165,0,15,0,NA,NA,NA,NA,NA,NA,NA
2540160,"Jordan Reed","WAS","TE",27,4,5,0,0,0,0,92,0,12,0,NA,18.1,6.5,4.20548606435345,NA,0,NA
2540173,"Tyler Bray","KC","QB",26,4,10,0,0,0,NA,62,0,11,0,NA,NA,NA,NA,NA,0,NA
2540178,"Knile Davis","FA","RB",26,4,NA,0,0,0,NA,118,0,0,0,NA,NA,NA,NA,NA,0,NA
2540181,"Josh Boyce","FA","WR",26,4,NA,0,0,0,NA,165,0,15,0,NA,NA,NA,NA,NA,0,NA
2540204,"Spencer Ware","KC","RB",26,4,10,0,0,0,NA,118,0,0,0,NA,NA,NA,NA,NA,0,NA
2540224,"Mike James","DET","RB",26,4,7,0,0,0,0,118,0,0,0,NA,NA,NA,2.5469409234587,NA,0,NA
2540261,"Corey Fuller","NO","WR",27,4,5,0,0,0,NA,165,0,15,0,NA,NA,NA,NA,NA,0,NA
2541316,"Ryan Griffin","HOU","TE",27,4,7,0,0,0,0,92,0,12,0,NA,NA,NA,1.83234043677772,NA,0,NA
2541512,"Brian Leonhardt","OAK","TE",27,4,10,0,0,0,NA,92,0,12,0,NA,NA,NA,NA,NA,NA,NA
2541828,"Frankie Hammond","FA","WR",NA,NA,NA,0,0,0,NA,165,0,15,0,NA,NA,NA,NA,NA,0,NA
2541883,"Eric Rogers","FA","WR",26,4,NA,0,0,0,NA,165,0,15,0,NA,NA,NA,NA,NA,0,NA
2541910,"George Winn","NYG","RB",27,4,8,0,0,0,0,118,0,0,0,NA,NA,NA,2.5469409234587,NA,0,NA
2541940,"Rashad Ross","FA","WR",27,4,NA,0,0,0,NA,165,0,15,0,NA,NA,NA,NA,NA,0,NA
2542022,"Khiry Robinson","FA","RB",28,4,NA,0,0,0,NA,118,0,0,0,NA,NA,NA,NA,NA,0,NA
2542060,"Jordan Gay","FA","K",NA,NA,NA,0,0,0,NA,29,0,7,0,NA,NA,NA,NA,NA,0,NA
2542065,"Matt McGloin","FA","QB",28,4,NA,0,0,0,0,62,0,11,0,NA,NA,NA,3.25019255084125,NA,0,NA
2543481,"Jace Amaro","FA","TE",25,3,NA,0,0,0,NA,92,0,12,0,NA,NA,NA,NA,NA,0,NA
2543496,"Odell Beckham","NYG","WR",25,3,8,0,0,0,0,165,0,15,0,NA,NA,NA,1.93447112179436,NA,0,NA
2543502,"Tre Mason","FA","RB",24,3,NA,0,0,0,NA,118,0,0,0,NA,NA,NA,NA,NA,NA,NA
2543509,"Allen Robinson","JAC","WR",24,3,8,0,0,0,0,165,0,15,0,NA,NA,NA,1.93447112179436,NA,0,NA
2543570,"Storm Johnson","FA","RB",25,3,NA,0,0,0,NA,118,0,0,0,NA,NA,NA,NA,NA,0,NA
2543583,"Devonta Freeman","ATL","RB",25,3,5,0,0,0,0,118,0,0,0,NA,79.5,4.4,3.77310055688886,NA,0,NA
2543587,"Aaron Murray","FA","QB",27,3,NA,0,0,0,NA,62,0,11,0,NA,NA,NA,NA,NA,0,NA
2543596,"Dri Archer","FA","RB",26,3,NA,0,0,0,NA,118,0,0,0,NA,NA,NA,NA,NA,NA,NA
2543603,"Jeremy Hill","CIN","RB",25,3,6,0,0,0,0,118,0,0,0,NA,NA,NA,2.5469409234587,NA,0,NA
2543605,"Zach Mettenberger","FA","QB",26,3,NA,0,0,0,NA,62,0,11,0,NA,NA,NA,NA,NA,0,NA
2543619,"Walt Powell","FA","WR",26,3,NA,0,0,0,NA,165,0,15,0,NA,NA,NA,NA,NA,0,NA
2543655,"Tyler Gaffney","JAC","RB",26,3,8,0,0,0,0,118,0,0,0,NA,NA,NA,2.5469409234587,NA,0,NA
2543682,"Bishop Sankey","MIN","RB",25,3,9,0,0,0,0,118,0,0,0,NA,NA,NA,2.5469409234587,NA,0,NA
2543689,"Kevin Norwood","NYG","WR",28,3,8,0,0,0,NA,165,0,15,0,NA,NA,NA,NA,NA,0,NA
2543704,"Lorenzo Taliaferro","FA","RB",26,3,NA,0,0,0,NA,118,0,0,0,NA,NA,NA,NA,NA,0,NA
2543746,"Josh Huff","FA","WR",26,3,NA,0,0,0,NA,165,0,15,0,NA,NA,NA,NA,NA,0,NA
2543751,"David Fales","MIA","QB",27,3,1,0,0,0,0,62,0,11,0,NA,NA,NA,3.25019255084125,NA,0,NA
2543774,"Jared Abbrederis","FA","WR",27,3,NA,0,0,0,0,165,0,15,0,NA,NA,NA,1.93447112179436,NA,0,NA
2543781,"Zach Hocker","FA","K",26,3,NA,0,0,0,NA,29,0,7,0,NA,NA,NA,NA,NA,NA,NA
2543794,"Crockett Gillmore","FA","TE",26,3,NA,0,0,0,NA,92,0,12,0,NA,NA,NA,NA,NA,0,NA
2550182,"Isaiah Burse","LAC","WR",26,3,9,0,0,0,NA,165,0,15,0,NA,NA,NA,NA,NA,0,NA
2550183,"Jeremy Butler","BUF","WR",26,3,6,0,0,0,NA,165,0,15,0,NA,NA,NA,NA,NA,0,NA
2550216,"Jonathan Krause","FA","WR",NA,NA,NA,0,0,0,NA,165,0,15,0,NA,NA,NA,NA,NA,0,NA
2550243,"Justin Perillo","FA","TE",26,3,NA,0,0,0,NA,92,0,12,0,NA,NA,NA,NA,NA,0,NA
2550252,"Connor Shaw","FA","QB",26,3,NA,0,0,0,0,62,0,11,0,NA,NA,NA,3.25019255084125,NA,0,NA
2550263,"Juwan Thompson","FA","RB",25,3,NA,0,0,0,NA,118,0,0,0,NA,NA,NA,NA,NA,0,NA
2550272,"Albert Wilson","KC","WR",25,3,10,0,0,0,0,165,0,15,0,NA,95,10.9,5.47979203766105,NA,0,NA
2550353,"Allen Hurns","JAC","WR",26,3,8,0,0,0,0,165,0,15,0,NA,75.4,13.3,6.54343640509379,NA,0,NA
2550359,"Seantavius Jones","FA","WR",25,3,NA,0,0,0,NA,165,0,15,0,NA,NA,NA,NA,NA,0,NA
2550376,"Stephen Morris","FA","QB",25,3,NA,0,0,0,NA,62,0,11,0,NA,NA,NA,NA,NA,0,NA
2550454,"Asante Cleveland","LAC","TE",25,3,9,0,0,0,NA,92,0,12,0,NA,NA,NA,NA,NA,0,NA
2550459,"Javontee Herndon","FA","WR",26,3,NA,0,0,0,NA,165,0,15,0,NA,NA,NA,NA,NA,0,NA
2550474,"Antonio Andrews","FA","RB",25,3,NA,0,0,0,NA,118,0,20,0,NA,NA,NA,NA,NA,0,NA
2550540,"George Atkinson","FA","RB",25,3,NA,0,0,0,NA,118,0,20,0,NA,NA,NA,NA,NA,NA,NA
2550542,"Kapri Bibbs","FA","RB",24,3,NA,0,0,0,NA,118,0,20,0,NA,NA,NA,NA,NA,0,NA
2550546,"Philly Brown","FA","WR",26,3,NA,0,0,0,0,165,0,15,0,NA,NA,NA,1.93447112179436,NA,0,NA
2550596,"Darrin Reaves","FA","RB",24,3,NA,0,0,0,NA,118,0,20,0,NA,NA,NA,NA,NA,0,NA
2550608,"RaShaun Allen","SEA","TE",27,3,6,0,0,0,0,92,0,12,0,NA,NA,NA,1.83234043677772,NA,0,NA
2550636,"Cairo Santos","FA","K",26,3,NA,0,0,0,0,29,0,7,0,NA,NA,NA,2.3129600352209,NA,NA,NA
2550738,"Fitzgerald Toussaint","FA","RB",27,3,NA,0,0,0,NA,118,0,20,0,NA,NA,NA,NA,NA,0,NA
2550767,"C.J. Goodwin","ATL","WR",NA,NA,5,0,0,0,NA,165,0,15,0,NA,NA,NA,NA,NA,1.5,NA
2551357,"Glenn Winston","CLE","RB",28,3,9,0,0,0,NA,118,0,20,0,NA,NA,NA,NA,NA,NA,NA
2551359,"Jerome Cunningham","FA","TE",26,3,NA,0,0,0,NA,92,0,12,0,NA,NA,NA,NA,NA,NA,NA
2552033,"Jameis Winston","TB","QB",23,2,1,0,0,0,0,62,0,11,0,NA,NA,NA,3.25019255084125,NA,0,NA
2552371,"Garrett Grayson","FA","QB",26,2,NA,0,0,0,NA,62,0,11,0,NA,NA,NA,NA,NA,0,NA
2552376,"David Cobb","FA","RB",24,2,NA,0,0,0,NA,118,0,20,0,NA,NA,NA,NA,NA,0,NA
2552379,"Jeremy Langford","BAL","RB",26,2,10,0,0,0,NA,118,0,20,0,NA,NA,NA,NA,NA,0,NA
2552380,"Karlos Williams","FA","RB",24,2,NA,0,0,0,NA,118,0,20,0,NA,NA,NA,NA,NA,NA,NA
2552382,"Malcolm Brown","LAR","RB",24,2,8,0,0,0,0,118,0,20,0,NA,NA,NA,2.5469409234587,NA,0,NA
2552401,"MyCole Pruitt","FA","TE",25,2,NA,0,0,0,NA,92,0,12,0,NA,NA,NA,NA,NA,0,NA
2552411,"Dezmin Lewis","FA","WR",25,2,NA,0,0,0,NA,165,0,15,0,NA,NA,NA,NA,NA,0,NA
2552420,"Keith Mumphery","FA","WR",25,2,NA,0,0,0,NA,165,0,15,0,NA,NA,NA,NA,NA,0,NA
2552421,"Kenny Bell","BAL","WR",25,2,10,0,0,0,NA,165,0,15,0,NA,NA,NA,NA,NA,0,NA
2552425,"Rashad Greene","JAC","WR",25,2,8,0,0,0,0,165,0,15,0,NA,NA,NA,1.93447112179436,NA,0,NA
2552429,"Ty Montgomery","GB","RB",24,2,8,0,0,0,0,118,0,20,0,NA,43.7,10.7,6.28676537317554,NA,0,NA
2552462,"Gerald Christian","FA","TE",26,2,NA,0,0,0,NA,92,0,12,0,NA,NA,NA,NA,NA,0,NA
2552479,"DaRon Brown","KC","WR",26,2,10,0,0,0,NA,165,0,15,0,NA,NA,NA,NA,NA,0,NA
2552491,"Dorial Green-Beckham","FA","WR",24,2,NA,0,0,0,NA,165,0,15,0,NA,NA,NA,NA,NA,0,NA
2552580,"A.J. Derby","DEN","TE",26,2,5,0,0,0,0,92,0,12,0,NA,28.3,3.3,2.7687452483601,NA,0,NA
2552647,"Marcus Murphy","FA","RB",26,2,NA,0,0,0,NA,118,0,20,0,NA,NA,NA,NA,NA,0,NA
2552650,"Mario Alford","FA","WR",NA,NA,NA,0,0,0,NA,165,0,15,0,NA,NA,NA,NA,NA,0,NA
2552652,"Chris Conley","KC","WR",25,2,10,0,0,0,0,165,0,15,0,NA,NA,NA,1.93447112179436,NA,0,NA
2553112,"Jason Myers","FA","K",NA,NA,NA,0,0,0,0,29,0,7,0,NA,NA,NA,2.3129600352209,NA,NA,NA
2553292,"Kennard Backman","FA","TE",24,2,NA,0,0,0,NA,92,0,12,0,NA,NA,NA,NA,NA,0,NA
2553432,"Kevin White","CHI","WR",24,2,9,0,0,0,NA,165,0,15,0,NA,NA,NA,NA,NA,0,NA
2553435,"David Johnson","ARI","RB",26,2,8,0,0,0,0,118,0,20,0,NA,NA,NA,2.5469409234587,NA,0,NA
2553511,"John Crockett","FA","RB",25,2,NA,0,0,0,NA,118,0,20,0,NA,NA,NA,NA,NA,0,NA
2553568,"Cameron Meredith","CHI","WR",NA,NA,9,0,0,0,NA,165,0,15,0,NA,NA,NA,NA,NA,0,NA
2553600,"Jameill Showers","DAL","QB",NA,NA,6,0,0,0,NA,62,0,11,0,NA,NA,NA,NA,NA,0,NA
2553648,"Andrew Franks","FA","K",24,2,NA,0,0,0,0,29,0,7,0,NA,NA,NA,2.3129600352209,NA,NA,NA
2553652,"Chris Harper","FA","WR",NA,NA,NA,0,0,0,NA,165,0,15,0,NA,NA,NA,NA,NA,0,NA
2553667,"Matt LaCosse","FA","TE",NA,NA,NA,0,0,0,NA,92,0,12,0,NA,NA,NA,NA,NA,0,NA
2553668,"Jordan Leslie","CLE","WR",NA,NA,9,0,0,0,0,165,0,15,0,NA,NA,NA,1.93447112179436,NA,0,NA
2553682,"Wes Saxton","WAS","TE",24,2,5,0,0,0,NA,92,0,12,0,NA,NA,NA,NA,NA,0,NA
2553716,"Rannell Hall","CLE","WR",24,2,9,0,0,0,NA,165,0,15,0,NA,NA,NA,NA,NA,0,NA
2553725,"Bradley Marquez","LAR","WR",NA,NA,8,0,0,0,NA,165,0,15,0,NA,NA,NA,NA,NA,0,NA
2553791,"E.J. Bibbs","FA","TE",26,2,NA,0,0,0,NA,92,0,12,0,NA,NA,NA,NA,NA,0,NA
2553830,"Will Tye","FA","TE",NA,NA,NA,0,0,0,NA,92,0,12,0,NA,NA,NA,NA,NA,0,NA
2553835,"Mike Meyer","FA","K",NA,NA,NA,0,0,0,NA,29,0,7,0,NA,NA,NA,NA,NA,NA,NA
2553876,"Donteea Dye","FA","WR",NA,NA,NA,0,0,0,NA,165,0,15,0,NA,NA,NA,NA,NA,0,NA
2555216,"Malcolm Mitchell","NE","WR",24,1,9,0,0,0,NA,165,0,15,0,NA,NA,NA,NA,NA,0,NA
2555219,"Daniel Lasco","NO","RB",25,1,5,0,0,0,0,118,0,20,0,NA,NA,NA,2.5469409234587,NA,0,NA
2555224,"Ezekiel Elliott","DAL","RB",22,1,6,0,0,0,0,118,0,20,0,NA,NA,NA,2.5469409234587,NA,0,NA
2555229,"Kenneth Dixon","BAL","RB",23,1,10,0,0,0,NA,118,0,20,0,NA,NA,NA,NA,NA,0,NA
2555234,"Tyler Ervin","HOU","RB",24,1,7,0,0,0,0,118,0,20,0,NA,NA,NA,2.5469409234587,NA,0,NA
2555262,"Jeff Driskel","CIN","QB",24,1,6,0,0,0,0,62,0,11,0,NA,NA,NA,3.25019255084125,NA,0,NA
2555332,"Connor Cook","OAK","QB",24,1,10,0,0,0,0,62,0,11,0,NA,NA,NA,3.25019255084125,NA,0,NA
2555346,"Will Fuller","HOU","WR",23,1,7,0,0,0,0,165,0,15,0,NA,65.6,15.9,7.69571780314593,NA,0,NA
2555350,"Kolby Listenbee","FA","WR",23,1,NA,0,0,0,NA,165,0,15,0,NA,NA,NA,NA,NA,0,NA
2555356,"Keenan Reynolds","FA","WR",24,1,NA,0,0,0,NA,165,0,15,0,NA,NA,NA,NA,NA,0,NA
2555365,"Brandon Allen","LAR","QB",25,1,8,0,0,0,0,62,0,11,0,NA,NA,NA,3.25019255084125,NA,0,NA
2555370,"Jordan Payton","FA","WR",24,1,NA,0,0,0,NA,165,0,15,0,NA,NA,NA,NA,NA,0,NA
2555408,"Roberto Aguayo","FA","K",23,1,NA,0,0,0,NA,29,0,7,0,NA,NA,NA,NA,NA,0,NA
2555417,"C.J. Prosise","SEA","RB",23,1,6,0,0,0,0,118,0,20,0,NA,NA,NA,2.5469409234587,NA,0,NA
2555427,"Nate Sudfeld","PHI","QB",24,1,10,0,0,0,0,62,0,11,0,NA,NA,NA,3.25019255084125,NA,0,NA
2555459,"Keith Marshall","WAS","RB",23,1,5,0,0,0,0,118,0,20,0,NA,NA,NA,2.5469409234587,NA,0,NA
2555462,"Kelvin Taylor","FA","RB",24,1,NA,0,0,0,NA,118,0,20,0,NA,NA,NA,NA,NA,0,NA
2555465,"Demarcus Ayers","FA","WR",23,1,NA,0,0,0,NA,165,0,15,0,NA,NA,NA,NA,NA,0,NA
2555471,"Kenny Lawler","FA","WR",23,1,NA,0,0,0,NA,165,0,15,0,NA,NA,NA,NA,NA,0,NA
2555483,"Thomas Duarte","MIA","TE",22,1,1,0,0,0,NA,92,0,12,0,NA,NA,NA,NA,NA,0,NA
2555486,"Temarrick Hemingway","LAR","TE",24,1,8,0,0,0,NA,92,0,12,0,NA,NA,NA,NA,NA,0,NA
2555487,"Beau Sandland","FA","TE",24,1,NA,0,0,0,NA,92,0,12,0,NA,NA,NA,NA,NA,0,NA
2556118,"Dwayne Washington","DET","RB",NA,1,7,0,0,0,0,118,0,20,0,NA,68.5,5.3,4.1321955306441,NA,0,NA
2556144,"Daniel Braverman","FA","WR",24,1,NA,0,0,0,NA,165,0,15,0,NA,NA,NA,NA,NA,0,NA
2556185,"Devin Lucien","FA","WR",24,1,NA,0,0,0,0,165,0,15,0,NA,NA,NA,1.93447112179436,NA,0,NA
2556212,"Devin Fuller","ATL","WR",23,1,5,0,0,0,NA,165,0,15,0,NA,NA,NA,NA,NA,0,NA
2556261,"Moritz Boehringer","FA","WR",NA,1,NA,0,0,0,NA,165,0,15,0,NA,NA,NA,NA,NA,0,NA
2556273,"Darius Jackson","CLE","RB",24,1,9,0,0,0,NA,118,0,20,0,NA,NA,NA,NA,NA,0,NA
2556375,"Rico Gathers","DAL","TE",23,1,6,0,0,0,NA,92,0,12,0,NA,NA,NA,NA,NA,0,NA
2556379,"Zac Brooks","FA","RB",24,1,NA,0,0,0,NA,118,0,20,0,NA,NA,NA,NA,NA,0,NA
2556392,"Mekale McKay","FA","WR",24,1,NA,0,0,0,NA,165,0,15,0,NA,NA,NA,NA,NA,NA,NA
2556414,"Rob Kelley","WAS","RB",25,1,5,0,0,0,0,118,0,20,0,NA,NA,NA,2.5469409234587,NA,0,NA
2556415,"Joe Kerridge","GB","RB",25,1,8,0,0,0,0,118,0,20,0,NA,NA,NA,2.5469409234587,NA,0.3,NA
2556444,"Joshua Perkins","FA","TE",24,1,NA,0,0,0,NA,92,0,12,0,NA,NA,NA,NA,NA,0,NA
2556454,"Brandon Wilds","FA","RB",24,1,NA,0,0,0,NA,118,0,20,0,NA,NA,NA,NA,NA,0,NA
2556477,"Trevone Boykin","FA","QB",24,1,NA,0,0,0,NA,62,0,11,0,NA,NA,NA,NA,NA,0,NA
2556493,"Tra Carson","CIN","RB",25,1,6,0,0,0,NA,118,0,20,0,NA,NA,NA,NA,NA,0,NA
2556508,"Alan Cross","TB","RB",24,1,1,0,0,0,NA,118,0,20,0,NA,NA,NA,NA,NA,0,NA
2556508,"Alan Cross","TB","TE",24,1,1,0,0,0,0,92,0,12,0,NA,NA,NA,1.83234043677772,NA,0,NA
2556541,"Aaron Green","FA","RB",25,1,NA,0,0,0,NA,118,0,20,0,NA,NA,NA,NA,NA,0,NA
2556544,"Glenn Gronkowski","FA","RB",24,1,NA,0,0,0,NA,118,0,20,0,NA,NA,NA,NA,NA,0,NA
2556563,"Don Jackson","FA","RB",24,1,NA,0,0,0,NA,118,0,20,0,NA,NA,NA,NA,NA,0,NA
2556569,"Andy Jones","FA","WR",NA,1,NA,0,0,0,0,165,0,15,0,NA,NA,NA,1.93447112179436,NA,0,NA
2556577,"Marshall Koehn","FA","K",25,1,NA,0,0,0,0,29,0,7,0,NA,NA,NA,2.3129600352209,NA,0,NA
2556603,"Tre Madden","SEA","RB",24,1,6,0,0,0,0,118,0,20,0,NA,NA,NA,2.5469409234587,NA,0,NA
2556606,"Jalin Marshall","FA","WR",NA,1,NA,0,0,0,NA,165,0,15,0,NA,NA,NA,NA,NA,0,NA
2556636,"Marquez North","FA","WR",22,1,NA,0,0,0,NA,165,0,15,0,NA,NA,NA,NA,NA,0,NA
2556656,"Jhurell Pressley","FA","RB",25,1,NA,0,0,0,NA,118,0,20,0,NA,NA,NA,NA,NA,0,NA
2556676,"Rashawn Scott","MIA","WR",25,1,1,0,0,0,0,165,0,15,0,NA,NA,NA,1.93447112179436,NA,0,NA
2556687,"Joel Stave","FA","QB",25,1,NA,0,0,0,NA,62,0,11,0,NA,NA,NA,NA,NA,0,NA
2556728,"Brandon Burks","FA","RB",24,1,NA,0,0,0,NA,118,0,20,0,NA,NA,NA,NA,NA,0,NA
2556743,"Chris Hubert","ARI","WR",24,1,8,0,0,0,NA,165,0,15,0,NA,NA,NA,NA,NA,0,NA
2556801,"Kenneth Farrow","LAC","RB",24,1,9,0,0,0,NA,118,0,20,0,NA,NA,NA,NA,NA,0,NA
2556818,"Ryan OMalley","OAK","TE",24,2017,10,0,0,0,NA,92,0,12,0,NA,NA,NA,NA,NA,0,NA
2556827,"Dom Williams","PHI","WR",27,1,10,0,0,0,0,165,0,15,0,NA,NA,NA,1.93447112179436,NA,0,NA
2556851,"Keyarris Garrett","FA","WR",25,1,NA,0,0,0,NA,165,0,15,0,NA,NA,NA,NA,NA,0,NA
2556854,"Devon Johnson","FA","RB",24,1,NA,0,0,0,NA,118,0,20,0,NA,NA,NA,NA,NA,0,NA
2556882,"Jake Lampman","FA","WR",24,1,NA,0,0,0,NA,165,0,15,0,NA,NA,NA,NA,NA,0,NA
2557531,"Troymaine Pope","FA","RB",24,1,NA,0,0,0,NA,118,0,20,0,NA,NA,NA,NA,NA,0,NA
2557859,"Jake Butt","DEN","TE",22,0,5,0,0,0,NA,92,0,12,0,NA,NA,NA,NA,NA,0,NA
2557869,"Chad Kelly","DEN","QB",23,0,5,0,0,0,NA,62,0,11,0,NA,NA,NA,NA,NA,0,NA
2557897,"Davis Webb","NYG","QB",22,0,8,0,0,0,0,62,0,11,0,NA,NA,NA,3.25019255084125,NA,0,NA
2557977,"Jeremy McNichols","FA","RB",22,0,NA,0,0,0,NA,118,0,20,0,NA,NA,NA,NA,NA,0,NA
2557991,"Dalvin Cook","MIN","RB",22,0,9,0,0,0,0,118,0,20,0,NA,NA,NA,2.5469409234587,NA,0,NA
2558003,"Carlos Henderson","DEN","WR",23,0,5,0,0,0,NA,165,0,15,0,NA,NA,NA,NA,NA,0,NA
2558011,"Bucky Hodges","FA","TE",22,0,NA,0,0,0,NA,92,0,12,0,NA,NA,NA,NA,NA,0,NA
2558016,"Brad Kaaya","FA","QB",22,0,NA,0,0,0,NA,62,0,11,0,NA,NA,NA,NA,NA,0,NA
2558047,"Rodney Adams","MIN","WR",23,0,9,0,0,0,0,165,0,15,0,NA,NA,NA,1.93447112179436,NA,0,NA
2558063,"Deshaun Watson","HOU","QB",22,0,7,0,0,0,NA,62,0,11,0,NA,NA,NA,NA,NA,0,NA
2558071,"Isaiah Ford","MIA","WR",21,0,1,0,0,0,NA,165,0,15,0,NA,NA,NA,NA,NA,0,NA
2558095,"Malachi Dupre","FA","WR",22,0,NA,0,0,0,NA,165,0,15,0,NA,NA,NA,NA,NA,0,NA
2558113,"Elijah Hood","FA","RB",NA,0,NA,0,0,0,NA,118,0,20,0,NA,NA,NA,NA,NA,0,NA
2558116,"Aaron Jones","GB","RB",23,0,8,0,0,0,0,118,0,20,0,NA,NA,NA,2.5469409234587,NA,0,NA
2558167,"Joshua Dobbs","PIT","QB",22,0,9,0,0,0,0,62,0,11,0,NA,NA,NA,3.25019255084125,NA,0,NA
2558196,"Sam Rogers","FA","RB",22,0,NA,0,0,0,NA,118,0,20,0,NA,NA,NA,NA,NA,0,NA
2558254,"Robert Davis","FA","WR",22,0,NA,0,0,0,NA,165,0,15,0,NA,NA,NA,NA,NA,0,NA
2558273,"T.J. Logan","ARI","RB",23,0,8,0,0,0,NA,118,0,20,0,NA,NA,NA,NA,NA,0,NA
2558786,"Brandon Wilson","CIN","RB",23,0,6,0,0,0,NA,118,0,20,0,NA,NA,NA,NA,NA,1,NA
2558832,"Mo Alie-Cox","FA","TE",24,1,NA,0,0,0,NA,92,0,12,0,NA,NA,NA,NA,NA,0,NA
2558850,"Donnel Pumphrey","PHI","RB",23,0,10,0,0,0,NA,118,0,20,0,NA,NA,NA,NA,NA,0,NA
2558856,"David Moore","FA","WR",22,0,NA,0,0,0,NA,165,0,15,0,NA,NA,NA,NA,NA,0,NA
2558860,"Marquez Williams","FA","RB",NA,0,NA,0,0,0,NA,118,0,20,0,NA,NA,NA,NA,NA,0,NA
2558861,"Khalfani Muhammad","TEN","RB",23,0,8,0,0,0,NA,118,0,20,0,NA,NA,NA,NA,NA,0,NA
2558864,"Mason Schreck","CIN","TE",NA,0,6,0,0,0,NA,92,0,12,0,NA,NA,NA,NA,NA,0,NA
2558865,"Chris Carson","SEA","RB",23,0,6,0,0,0,0,118,0,20,0,NA,NA,NA,2.5469409234587,NA,0,NA
2558906,"Quincy Adeboyejo","FA","WR",NA,NA,NA,0,0,0,NA,165,0,15,0,NA,NA,NA,NA,NA,NA,NA
2558929,"Cethan Carter","CIN","TE",24,0,6,0,0,0,0,92,NA,12,0,NA,NA,NA,1.83234043677772,NA,NA,NA
2558950,"Keon Hatcher","OAK","WR",23,0,10,0,0,0,NA,165,0,15,0,NA,NA,NA,NA,NA,NA,NA
2558975,"Taquan Mizzell","CHI","RB",24,0,9,0,0,0,0,118,0,20,0,NA,NA,NA,2.5469409234587,NA,NA,NA
2559101,"Travin Dural","NO","WR",NA,0,5,0,0,0,NA,165,0,15,0,NA,NA,NA,NA,NA,NA,NA
2559103,"Devine Redding","FA","RB",NA,NA,NA,0,0,0,NA,118,0,20,0,NA,NA,NA,NA,NA,NA,NA
2559170,"Amba Etta-Tawo","FA","WR",24,0,NA,0,0,0,NA,165,0,15,0,NA,NA,NA,NA,NA,NA,NA
2559205,"Younghoe Koo","FA","K",23,0,NA,0,0,0,0,29,NA,7,0,NA,NA,NA,2.3129600352209,NA,0,NA
2559235,"Brandon Reilly","BUF","WR",24,0,6,0,0,0,NA,165,0,15,0,NA,NA,NA,NA,NA,NA,NA
2559246,"Artavis Scott","FA","WR",NA,0,NA,0,0,0,NA,165,0,15,0,NA,NA,NA,NA,NA,NA,NA
2559252,"Kyle Sloter","MIN","QB",23,0,9,0,0,0,0,62,NA,11,0,NA,NA,NA,3.25019255084125,NA,NA,NA
2559362,"Dare Ogunbowale","FA","RB",NA,0,NA,0,0,0,NA,118,NA,20,0,NA,NA,NA,NA,NA,NA,NA
2559394,"Lance Lenoir","FA","WR",22,0,NA,0,0,0,NA,165,NA,15,0,NA,NA,NA,NA,NA,NA,NA
