"playerId","player","team","position","age","exp","bye","points","lower","upper","sdPts","positionRank","dropoff","tier","ptSpread","overallECR","positionECR","sdRank","risk","sleeper","actualPoints","salary"
2532975,"Russell Wilson","SEA","QB",27,3,9,19.8707,18.02544,21.4586,1.88352515955234,1,2.693075,1,3.43316,NA,2.2,1,6.20714258070659,NA,NA,NA
2506363,"Aaron Rodgers","GB","QB",32,10,7,17.78315,16.652,18.84538,1.19354796998976,2,1.632725,2,2.19338,NA,3.4,1.1,5.9309458353723,NA,NA,NA
2532820,"Kirk Cousins","WAS","QB",27,3,8,16.5721,15.0036,18.31492,1.84576084763619,3,1.141325,2,3.31132,NA,3.3,1,6.16476732967648,NA,NA,NA
2506109,"Ben Roethlisberger","PIT","QB",33,11,11,15.72875,12.0616,19.3521,4.00596000770518,4,2.439575,2,7.2905,NA,1.5,0.8,7.592671766522,NA,NA,NA
2506340,"Alex Smith","KC","QB",31,10,9,15.1328,13.01124,18.1014,3.02999685808418,5,3.722025,3,5.09016,NA,5.4,0.8,6.49754567093324,NA,NA,NA
2508061,"Antonio Brown","PIT","WR",27,5,11,14.658,14.1746,15.107,0.508306993853124,1,2.35475,1,0.932399999999999,NA,1.2,0.6,2.61813628597736,NA,NA,NA
100016,"Chiefs","KC","DST",NA,NA,9,12.9033333333333,11.882,13.722,1.2308669031757,1,1.6,1,1.84,NA,1.7,0.7,3.41429719081368,NA,NA,NA
2495450,"A.J. Green","CIN","WR",27,4,7,12.338,11.0321,13.4215,1.38596031689223,2,0.38025,2,2.3894,NA,2.8,0.7,4.11250394097238,NA,NA,NA
2540165,"DeAndre Hopkins","HOU","WR",23,2,9,12.2685,10.171,14.4872,2.52089316182446,3,1.532125,2,4.3162,NA,2.3,0.7,5.83084880315603,NA,NA,NA
100013,"Texans","HOU","DST",NA,NA,9,11.6866666666667,10.908,12.54,1.0327310072489,2,2.53333333333333,2,1.632,NA,3,0.6,2.7364548459376,NA,NA,NA
2530747,"Doug Baldwin","SEA","WR",27,4,9,11.647,9.9714,13.521,1.92502709937635,4,2.005625,2,3.5496,NA,4.6,1.2,5.75646192717786,NA,NA,NA
2543465,"Teddy Bridgewater","MIN","QB",23,1,5,11.44555,9.3994,14.33526,2.96645773215576,6,0.709175000000002,4,4.93586,NA,7.5,0.8,6.42624855800215,NA,NA,NA
2543497,"AJ McCarron","CIN","QB",25,1,7,11.376,10.5648,12.1872,1.43401255224632,7,5.61935833333334,4,1.6224,NA,6.1,1.6,8.69089629142924,NA,NA,NA
100030,"Seahawks","SEA","DST",NA,NA,9,10.92,10.352,11.472,0.700856618717409,3,3.81833333333333,2,1.12,NA,1.5,0.5,1.83368721932424,NA,NA,NA
81294,"Brian Hoyer","HOU","QB",30,6,9,10.09675,9.4011,10.655,0.701837291210244,8,8.81548333333333,4,1.2539,NA,6.6,0.8,3.88512296074347,NA,NA,NA
2540160,"Jordan Reed","WAS","TE",25,2,8,9.9245,8.5906,11.71,1.91962522383928,1,2.23775,1,3.1194,NA,1.1,0.2,4.27393696653877,NA,NA,NA
2540168,"Eddie Lacy","GB","RB",24,2,7,9.85025,7.0833,12.769,3.28292454731042,1,0.0958749999999995,1,5.6857,NA,3.6,1.8,6.35964675584883,NA,NA,NA
80429,"Jeremy Maclin","KC","WR",27,6,9,9.82575,7.8328,12.3995,2.76195753346547,5,0.498750000000001,3,4.5667,NA,4.6,0.9,6.52694587996866,NA,NA,NA
2539322,"Christine Michael","FA","RB",25,2,NA,9.764,6.8212,12.774,3.23110053490551,2,0.174958333333334,1,5.9528,NA,6.6,3.6,8.43581401269325,NA,NA,NA
2507164,"Adrian Peterson","MIN","RB",30,8,5,9.74475,7.48,11.7333,2.48240412705103,3,0.387833333333335,1,4.2533,NA,1.6,1,4.74211248946819,NA,NA,NA
2507183,"James Jones","GB","WR",31,8,7,9.457,7.682,12.2864,3.0437995991852,6,0.899625,3,4.6044,NA,9,2.1,8.94035046635806,NA,NA,NA
2550268,"Charcandrick West","KC","RB",24,1,9,9.43333333333333,8.988,9.996,0.679288843816335,4,1.12170833333333,1,1.008,NA,4.2,2.1,4.51639635160651,NA,NA,NA
2507374,"Steven Hauschka","SEA","K",NA,NA,9,9.39953804347826,8.52468478260869,10.2507608695652,0.954359126303143,1,1.02546552619353,1,1.72607608695652,NA,2,1.1,2.70961825053781,NA,NA,NA
2543603,"Jeremy Hill","CIN","RB",23,1,7,9.2805,6.7116,11.821,2.74326587604386,5,2.01879166666667,1,5.1094,NA,3.6,2.2,6.37544846075075,NA,NA,NA
1581,"DeSean Jackson","WAS","WR",29,7,8,9.197,6.773,12.0634,2.95936412088813,7,1.334,3,5.2904,NA,6.5,0.9,6.82582928683596,NA,NA,NA
2533058,"Vontaze Burfict","CIN","LB",25,3,7,9.15,9.15,9.15,NA,1,0.925000000000001,1,0,NA,NA,NA,NA,NA,NA,NA
2506353,"Derrick Johnson","KC","LB",33,10,9,8.75,8.75,8.75,NA,2,1.075,1,0,NA,NA,NA,NA,NA,NA,NA
2540148,"Tyler Eifert","CIN","TE",25,2,7,8.57075,6.8749,10.702,2.15134428904348,2,2.12125,1,3.8271,NA,2.1,0.5,5.96316060755575,NA,NA,NA
2539227,"Dustin Hopkins","WAS","K",25,2,8,8.40608108108108,7.37324324324324,9.53279279279279,1.1662978709132,2,0.10919324848104,1,2.15954954954955,NA,5.3,1.2,4.44633034152339,NA,NA,NA
2507232,"Mason Crosby","GB","K",31,8,7,8.34206395348837,7.75047674418605,8.8393023255814,0.612403922884837,3,0.171751575893385,2,1.08882558139535,NA,4.6,1.5,5.90190299062249,NA,NA,NA
2550545,"Chris Boswell","PIT","K",26,1,11,8.25171171171171,7.42302702702703,9.40702702702703,1.42747958971753,4,0.244240484090229,2,1.984,NA,3,1,3.13485990413501,NA,NA,NA
2532968,"Blair Walsh","MIN","K",25,3,5,8.08891304347826,7.11008695652174,8.97608695652174,1.02673214179224,5,0.438029210079131,2,1.866,NA,5.6,1.2,4.00587987074056,NA,NA,NA
2550636,"Cairo Santos","KC","K",24,1,9,7.92602941176471,6.22682352941176,10.5420588235294,2.80801408622176,6,0.582315336512735,2,4.31523529411765,NA,1.9,1.1,8.55950134796704,NA,NA,NA
2495448,"Randall Cobb","GB","WR",25,4,7,7.91775,6.47305,8.98405,1.48908117643062,8,0.1115,3,2.511,NA,8.8,1.5,5.59308849869267,NA,NA,NA
2532887,"Jermaine Kearse","SEA","WR",25,3,9,7.80825,6.0896,10.2195,2.52858502922089,9,0.343125,3,4.1299,NA,14.6,2,7.99473313785438,NA,NA,NA
2552608,"Stefon Diggs","MIN","WR",22,0,5,7.80425,5.8277,11.0434,3.50213290962332,10,1.0855,3,5.2157,NA,13.6,1.9,9.3031763196467,NA,NA,NA
2495762,"Lawrence Timmons","PIT","LB",29,8,11,7.7,7.7,7.7,NA,3,0.475,0,0,NA,NA,NA,NA,NA,NA,NA
2532966,"Bobby Wagner","SEA","LB",25,3,9,7.65,7.65,7.65,NA,4,0.875,0,0,NA,NA,NA,NA,NA,NA,NA
100032,"Redskins","WAS","DST",NA,NA,8,7.38666666666667,5.608,9,2.15000775192401,4,0.718333333333334,3,3.392,NA,7,1.1,6.33858152809841,NA,NA,NA
2506194,"Nick Novak","HOU","K",NA,NA,9,7.37573825503356,6.58295302013423,8.45451006711409,1.10600311819953,7,0.0640483595631745,3,1.87155704697987,NA,7.6,1.2,4.25604829745901,NA,NA,NA
2543600,"Alfred Blue","HOU","RB",24,1,9,7.34275,6.5327,8.451,1.13271219498453,6,0.283916666666667,2,1.9183,NA,7.4,1.9,4.66338514978535,NA,NA,NA
2506386,"Mike Nugent","CIN","K",33,10,7,7.31168989547038,6.73951219512195,7.78921951219512,0.61750356769215,8,NA,3,1.04970731707317,NA,6.2,1.6,6.98585899701469,NA,NA,NA
2507167,"Reggie Nelson","CIN","DB",32,8,7,7.2,7.2,7.2,NA,1,0.0499999999999998,1,0,NA,NA,NA,NA,NA,NA,NA
2543571,"Bashaud Breeland","WAS","DB",23,1,8,7.2,7.2,7.2,NA,1,0.2,1,0,NA,NA,NA,NA,NA,NA,NA
2540204,"Spencer Ware","KC","RB",24,2,9,7.18066666666667,5.26,8.6536,2.33202086897466,7,0.406291666666665,2,3.3936,NA,8.5,2.5,6.38181514791478,NA,NA,NA
2543572,"Martavis Bryant","PIT","WR",24,1,11,7.126,6.0322,8.099,1.15735215038466,11,1.020625,4,2.0668,NA,6.8,1.1,4.42860700889633,NA,NA,NA
2506108,"DeAngelo Hall","WAS","DB",32,11,8,7.1,7.1,7.1,NA,3,0.4,1,0,NA,NA,NA,NA,NA,NA,NA
2550738,"Fitzgerald Toussaint","BAL","RB",25,1,9,6.937,2.8722,9.8722,5.01217088695108,8,0.587375,2,7,NA,9.8,4.4,10.8805922168294,NA,NA,NA
2530794,"Ron Parker","KC","DB",28,4,9,6.9,6.9,6.9,NA,4,0.425000000000001,1,0,NA,NA,NA,NA,NA,NA,NA
100011,"Packers","GB","DST",NA,NA,7,6.81666666666667,6.76,9.6,1.77974717305577,5,0.393333333333334,3,2.84,NA,6.9,1.2,6.06047817071777,NA,NA,NA
2540258,"Travis Kelce","KC","TE",26,2,9,6.80275,5.2223,9.125,2.43910302843757,3,0.887124999999999,2,3.9027,NA,3.1,0.5,6.3674685764499,NA,NA,NA
2495252,"K.J. Wright","SEA","LB",26,4,9,6.8,6.8,6.8,NA,5,0.0750000000000011,0,0,NA,NA,NA,NA,NA,NA,NA
2543486,"Ryan Shazier","PIT","LB",23,1,11,6.75,6.75,6.75,NA,6,0.325,0,0,NA,NA,NA,NA,NA,NA,NA
2543459,"Anthony Barr","MIN","LB",23,1,5,6.7,6.7,6.7,NA,7,0.9,0,0,NA,NA,NA,NA,NA,NA,NA
2533457,"Alfred Morris","WAS","RB",27,3,8,6.61175,5.2119,7.637,1.44325751340501,9,0.669875,2,2.4251,NA,8.1,2.4,5.51423563804106,NA,NA,NA
100006,"Bengals","CIN","DST",NA,NA,7,6.52,6.788,11.38,2.90422680473363,6,0.195,3,4.592,NA,5.8,0.9,6.91782576069414,NA,NA,NA
2495488,"J.J. Watt","HOU","DL",26,4,9,6.5,6.5,6.5,NA,1,1.975,1,0,NA,NA,NA,NA,NA,NA,NA
2525323,"Andrew Sendejo","MIN","DB",28,5,5,6.5,6.5,6.5,NA,5,0.199999999999999,0,0,NA,NA,NA,NA,NA,NA,NA
496727,"Morgan Burnett","GB","DB",26,5,7,6.45,6.45,6.45,NA,6,0.375,0,0,NA,NA,NA,NA,NA,NA,NA
100027,"Steelers","PIT","DST",NA,NA,11,6.32666666666667,4.624,8.16,2.22803351261451,7,0.00333333333333297,3,3.536,NA,4.7,1,6.12519587934556,NA,NA,NA
100020,"Vikings","MIN","DST",NA,NA,5,6.32333333333333,5.316,7.34,1.26516138627976,8,NA,3,2.024,NA,5.5,1.6,6.57347940506862,NA,NA,NA
2346,"Pierre Garcon","WAS","WR",29,7,8,6.3115,5.6848,6.909,0.661872847808902,12,0.51275,4,1.2242,NA,10.3,2,5.16843790776397,NA,NA,NA
2533060,"Dre Kirkpatrick","CIN","DB",26,3,7,6.15,6.15,6.15,NA,7,0.2,0,0,NA,NA,NA,NA,NA,NA,NA
2552312,"Eric Kendricks","MIN","LB",23,0,5,6.15,6.15,6.15,NA,8,0.849999999999999,0,0,NA,NA,NA,NA,NA,NA,NA
2506369,"Heath Miller","PIT","TE",33,10,11,6.09625,4.2035,9.184,3.28991989517475,4,0.41825,2,4.9805,NA,4.4,1,9.83564140369779,NA,NA,NA
2540156,"Giovani Bernard","CIN","RB",24,2,7,6.0875,4.85,7.347,1.42964739242467,10,0.447875,2,2.497,NA,7.6,1.8,4.79612383706461,NA,NA,NA
2552488,"Marcus Peters","KC","DB",22,0,9,6,6,6,NA,8,0.175,0,0,NA,NA,NA,NA,NA,NA,NA
2506088,"Will Allen","PIT","DB",33,11,11,5.9,5.9,5.9,NA,9,0.175000000000001,0,0,NA,NA,NA,NA,NA,NA,NA
2539291,"Markus Wheaton","PIT","WR",24,2,11,5.89925,4.6314,7.1985,1.38622229458338,13,0.351499999999999,4,2.5671,NA,14.1,2.3,6.76180946738707,NA,NA,NA
2495472,"Jordan Todman","PIT","RB",25,4,11,5.79625,1.3275,11.494,5.89834916876465,11,0.593750000000001,2,10.1665,NA,13.6,4,11.1571328372349,NA,NA,NA
2506345,"Adam Jones","CIN","DB",32,10,7,5.75,5.75,5.75,NA,11,0.0999999999999996,0,0,NA,NA,NA,NA,NA,NA,NA
2495438,"Kyle Rudolph","MIN","TE",26,4,5,5.735,4.064,8.622,3.17820179766274,5,0.514500000000001,2,4.558,NA,5.2,0.8,8.76957293838876,NA,NA,NA
494257,"Kam Chancellor","SEA","DB",27,5,9,5.7,5.7,5.7,NA,12,0.2,0,0,NA,NA,NA,NA,NA,NA,NA
2506313,"Nate Washington","HOU","WR",32,10,9,5.69825,4.797,6.8261,1.1399995248537,14,0.3385,5,2.0291,NA,16,2.3,6.38901592880297,NA,NA,NA
2550313,"Richard Rodgers","GB","TE",23,1,7,5.621,4.5958,6.459,1.04180164458819,6,1.718625,2,1.8632,NA,5.2,1,6.67698104244381,NA,NA,NA
2495611,"Dashon Goldson","WAS","DB",31,8,8,5.6,5.6,5.6,NA,13,0.225000000000001,0,0,NA,NA,NA,NA,NA,NA,NA
497206,"James Starks","GB","RB",29,5,7,5.483,4.059,7.0806,1.63973046565587,12,0.959833333333333,3,3.0216,NA,10.5,1.3,4.38450307781689,NA,NA,NA
2495493,"Justin Houston","KC","LB",26,4,9,5.45,5.45,5.45,NA,9,0.350000000000001,0,0,NA,NA,NA,NA,NA,NA,NA
2532948,"Harrison Smith","MIN","DB",26,3,5,5.4,5.4,5.4,NA,14,0.175000000000001,0,0,NA,NA,NA,NA,NA,NA,NA
2532884,"Marvin Jones","CIN","WR",25,3,7,5.39725,4.65295,6.17275,0.843605012234202,15,0.561208333333334,5,1.5198,NA,12.6,1.6,4.78136223763061,NA,NA,NA
2508080,"Earl Thomas","SEA","DB",26,5,9,5.35,5.35,5.35,NA,15,0.274999999999999,0,0,NA,NA,NA,NA,NA,NA,NA
2552430,"Tyler Lockett","SEA","WR",23,0,9,5.32225,3.9225,6.6374,1.4622741136098,16,1.09295833333333,5,2.7149,NA,10.7,1.3,5.22138766033629,NA,NA,NA
80421,"Brian Cushing","HOU","LB",28,6,9,5.15,5.15,5.15,NA,10,0.125,0,0,NA,NA,NA,NA,NA,NA,NA
238227,"Mike Mitchell","PIT","DB",28,6,11,5.1,5.1,5.1,NA,16,0.15,0,0,NA,NA,NA,NA,NA,NA,NA
496949,"Perry Riley","WAS","LB",27,5,8,5.05,5.05,5.05,NA,11,0.0750000000000002,0,0,NA,NA,NA,NA,NA,NA,NA
2505552,"Terence Newman","MIN","DB",37,12,5,5.05,5.05,5.05,NA,17,0.225,0,0,NA,NA,NA,NA,NA,NA,NA
2495190,"Ryan Kerrigan","WAS","LB",27,4,8,5,5,5,NA,12,0.0749999999999993,0,0,NA,NA,NA,NA,NA,NA,NA
2506881,"Chad Greenway","MIN","LB",32,9,5,4.95,4.95,4.95,NA,13,0.0499999999999998,0,0,NA,NA,NA,NA,NA,NA,NA
2552635,"Matt Jones","WAS","RB",23,0,8,4.922,4.6244,5.2196,0.526087445202791,13,0.955458333333333,3,0.595199999999998,NA,11.5,4.3,6.97812265496564,NA,NA,NA
79605,"Josh Mauga","KC","LB",NA,NA,9,4.9,4.9,4.9,NA,14,0.0250000000000004,0,0,NA,NA,NA,NA,NA,NA,NA
2532940,"Keenan Robinson","WAS","LB",26,3,8,4.9,4.9,4.9,NA,14,0.225000000000001,0,0,NA,NA,NA,NA,NA,NA,NA
496735,"Kareem Jackson","HOU","DB",27,5,9,4.85,4.85,4.85,NA,18,0.15,0,0,NA,NA,NA,NA,NA,NA,NA
2507843,"Vincent Rey","CIN","LB",NA,NA,7,4.85,4.85,4.85,NA,16,0.425,0,0,NA,NA,NA,NA,NA,NA,NA
71255,"Chase Coffman","FA","TE",29,6,NA,4.82,4.82,4.82,NA,7,1.941125,3,0,NA,8.7,0.9,6.79720212151648,NA,NA,NA
2495872,"Johnathan Joseph","HOU","DB",31,9,9,4.8,4.8,4.8,NA,19,0.249999999999999,0,0,NA,NA,NA,NA,NA,NA,NA
2532869,"George Iloka","CIN","DB",25,3,7,4.6,4.6,4.6,NA,20,0.100000000000001,0,0,NA,NA,NA,NA,NA,NA,NA
2533006,"Jaye Howard","KC","DL",27,3,9,4.55,4.55,4.55,NA,2,0.149999999999999,1,0,NA,NA,NA,NA,NA,NA,NA
80431,"Clay Matthews","GB","LB",29,6,7,4.5,4.5,4.5,NA,17,0.175000000000001,0,0,NA,NA,NA,NA,NA,NA,NA
496790,"Everson Griffen","MIN","DL",28,5,5,4.5,4.5,4.5,NA,3,0.35,0,0,NA,NA,NA,NA,NA,NA,NA
2495617,"Leon Hall","CIN","DB",31,8,7,4.5,4.5,4.5,NA,21,0.0250000000000004,0,0,NA,NA,NA,NA,NA,NA,NA
2533340,"Kelcie McCray","SEA","DB",27,3,9,4.5,4.5,4.5,NA,21,0.125,0,0,NA,NA,NA,NA,NA,NA,NA
2540155,"Xavier Rhodes","MIN","DB",25,2,5,4.45,4.45,4.45,NA,23,0.149999999999999,0,0,NA,NA,NA,NA,NA,NA,NA
2505010,"Julius Peppers","GB","LB",35,13,7,4.35,4.35,4.35,NA,18,0.125,0,0,NA,NA,NA,NA,NA,NA,NA
2552415,"Jamison Crowder","WAS","WR",22,0,8,4.34983333333333,3.6973,4.8837,0.784748738981678,17,0.307083333333334,6,1.1864,NA,19.8,2.6,6.34781895755308,NA,NA,NA
2495507,"Richard Sherman","SEA","DB",27,4,9,4.3,4.3,4.3,NA,24,0.350000000000001,0,0,NA,NA,NA,NA,NA,NA,NA
496723,"Eric Berry","KC","DB",27,5,9,4.3,4.3,4.3,NA,25,0.774999999999999,0,0,NA,NA,NA,NA,NA,NA,NA
496780,"Carlos Dunlap","CIN","DL",26,5,7,4.3,4.3,4.3,NA,4,0.35,0,0,NA,NA,NA,NA,NA,NA,NA
2533049,"Whitney Mercilus","HOU","LB",25,3,9,4.3,4.3,4.3,NA,19,0.275,0,0,NA,NA,NA,NA,NA,NA,NA
2540013,"Will Compton","WAS","LB",26,2,8,4.15,4.15,4.15,NA,20,0.35,0,0,NA,NA,NA,NA,NA,NA,NA
2540011,"Chris Thompson","WAS","RB",25,2,8,4.12433333333333,2.1904,6.532,2.90087337423289,14,0.454208333333333,3,4.3416,NA,17.7,2,6.27287131319218,NA,NA,NA
2543495,"Davante Adams","GB","WR",23,1,7,4.10875,2.749,5.3915,1.42095845001417,18,0.322875,6,2.6425,NA,17,2.5,7.14551534693066,NA,NA,NA
2495116,"Allen Bailey","KC","DL",26,4,9,4,4,4,NA,5,0.125,0,0,NA,NA,NA,NA,NA,NA,NA
2507763,"Mike Wallace","MIN","WR",29,6,5,3.97675,3.8465,4.1052,0.140060403635955,19,0.472625,6,0.258699999999999,NA,19.1,1.4,3.385047044314,NA,NA,NA
496802,"Linval Joseph","MIN","DL",27,5,5,3.9,3.9,3.9,NA,6,0.0749999999999997,0,0,NA,NA,NA,NA,NA,NA,NA
2504844,"James Harrison","PIT","LB",37,13,11,3.9,3.9,3.9,NA,21,0.275,0,0,NA,NA,NA,NA,NA,NA,NA
2533435,"Dontari Poe","KC","DL",25,3,9,3.85,3.85,3.85,NA,7,0.15,0,0,NA,NA,NA,NA,NA,NA,NA
2534796,"Bryce Brown","SEA","RB",24,3,9,3.80875,2.653,4.8275,1.18341578351257,15,0.2975,4,2.1745,NA,14.4,1.7,4.47061819309761,NA,NA,NA
1330,"Cliff Avril","SEA","DL",29,7,9,3.8,3.8,3.8,NA,8,0.275,0,0,NA,NA,NA,NA,NA,NA,NA
79852,"Rey Maualuga","CIN","LB",28,6,7,3.7,3.7,3.7,NA,22,0.2,0,0,NA,NA,NA,NA,NA,NA,NA
1681,"Tyvon Branch","KC","DB",29,7,9,3.6,3.6,3.6,NA,26,0.175,0,0,NA,NA,NA,NA,NA,NA,NA
2508109,"Cameron Heyward","PIT","DL",26,4,11,3.6,3.6,3.6,NA,9,0.175,0,0,NA,NA,NA,NA,NA,NA,NA
2550272,"Albert Wilson","KC","WR",23,1,9,3.595,3.11135,3.97805,0.49734746405305,20,0.277625,7,0.866700000000001,NA,21.2,3.4,7.23713355042319,NA,NA,NA
2506883,"Tamba Hali","KC","LB",32,9,9,3.55,3.55,3.55,NA,23,0.25,0,0,NA,NA,NA,NA,NA,NA,NA
2534770,"Jonathan Grimes","HOU","RB",26,3,9,3.5315,2.5742,4.526,1.05401881703633,16,0.23875,4,1.9518,NA,15.3,1.9,4.59699524169514,NA,NA,NA
2543715,"Jerick McKinnon","MIN","RB",23,1,5,3.491,1.7698,4.941,1.75343966724455,17,0.455,4,3.1712,NA,14.5,2.1,5.42260696680426,NA,NA,NA
2539937,"Shamarko Thomas","PIT","DB",24,2,11,3.45,3.45,3.45,NA,27,0.0750000000000002,0,0,NA,NA,NA,NA,NA,NA,NA
2540150,"Sharrif Floyd","MIN","DL",23,2,5,3.45,3.45,3.45,NA,10,0.0500000000000003,0,0,NA,NA,NA,NA,NA,NA,NA
2552490,"Benardrick McKinney","HOU","LB",23,0,9,3.45,3.45,3.45,NA,24,0.35,0,0,NA,NA,NA,NA,NA,NA,NA
2495341,"Cecil Shorts","HOU","WR",28,4,9,3.41325,1.7105,4.6144,1.75747302018172,21,0.320625,7,2.9039,NA,19.3,2.9,8.31724238891171,NA,NA,NA
2495503,"Rahim Moore","HOU","DB",25,4,9,3.4,3.4,3.4,NA,28,0.175000000000001,0,0,NA,NA,NA,NA,NA,NA,NA
2507784,"Michael Johnson","CIN","DL",28,6,7,3.4,3.4,3.4,NA,11,0.0500000000000003,0,0,NA,NA,NA,NA,NA,NA,NA
2543483,"Stephon Tuitt","PIT","DL",22,1,11,3.4,3.4,3.4,NA,11,0.1,0,0,NA,NA,NA,NA,NA,NA,NA
2532861,"Casey Hayward","GB","DB",26,3,7,3.35,3.35,3.35,NA,29,0.399999999999999,0,0,NA,NA,NA,NA,NA,NA,NA
2507617,"Michael Bennett","SEA","DL",30,6,9,3.3,3.3,3.3,NA,13,0.0249999999999999,0,0,NA,NA,NA,NA,NA,NA,NA
2552733,"Michael Bennett","JAC","DL",NA,NA,8,3.3,3.3,3.3,NA,13,0.175,0,0,NA,NA,NA,NA,NA,NA,NA
2495723,"Brian Robison","MIN","DL",32,8,5,3.25,3.25,3.25,NA,15,0.35,0,0,NA,NA,NA,NA,NA,NA,NA
2533040,"Mohamed Sanu","CIN","WR",26,3,7,3.2215,2.64025,3.73815,0.596330585050496,22,0.432,7,1.0979,NA,20.4,1.3,3.91030602243558,NA,NA,NA
2532871,"Bruce Irvin","SEA","LB",25,3,9,3.15,3.15,3.15,NA,26,0.65,0,0,NA,NA,NA,NA,NA,NA,NA
2532798,"Brandon Boykin","PIT","DB",25,3,11,3.1,3.1,3.1,NA,30,0.3,0,0,NA,NA,NA,NA,NA,NA,NA
2533037,"Chris Polk","HOU","RB",26,3,9,3.0945,1.953,3.8516,1.18481545679767,18,0.74625,4,1.8986,NA,14.2,1.5,4.23625583808268,NA,NA,NA
496825,"Arthur Moats","PIT","LB",27,5,11,3.05,3.05,3.05,NA,27,1.1,0,0,NA,NA,NA,NA,NA,NA,NA
496762,"Geno Atkins","CIN","DL",27,5,7,3,3,3,NA,16,0.275,0,0,NA,NA,NA,NA,NA,NA,NA
2541316,"Ryan Griffin","HOU","TE",25,2,9,2.98475,2.811,3.1103,0.177229371155009,8,0.24025,3,0.2993,NA,8,0.5,3.18948153704086,NA,NA,NA
2507141,"Pierre Thomas","WAS","RB",31,8,8,2.9775,1.294,4.991,2.05116836624073,19,1.2605,4,3.697,NA,15.1,2.5,6.14487307820612,NA,NA,NA
2552463,"Jaelen Strong","HOU","WR",21,0,9,2.96375,2.0695,4.181,1.29805864659498,23,0.624625,7,2.1115,NA,19.9,2.4,6.79388211754067,NA,NA,NA
729,"Husain Abdullah","KC","DB",30,7,9,2.8,2.8,2.8,NA,31,0.275,0,0,NA,NA,NA,NA,NA,NA,NA
2532826,"Mike Daniels","GB","DL",26,3,7,2.8,2.8,2.8,NA,17,0.225,0,0,NA,NA,NA,NA,NA,NA,NA
2534834,"Jeremy Lane","SEA","DB",25,3,9,2.8,2.8,2.8,NA,32,0.55,0,0,NA,NA,NA,NA,NA,NA,NA
2541199,"Luke Willson","SEA","TE",25,2,9,2.773,2.773,2.773,NA,9,0.593666666666667,3,0,NA,NA,NA,NA,NA,NA,NA
2536071,"Cooper Helfet","SEA","TE",26,4,9,2.716,1.7504,3.712,1.22776544991297,10,1.27616666666667,3,1.9616,NA,7,0.6,5.12006098605455,NA,NA,NA
2532822,"Jared Crick","HOU","DL",26,3,9,2.65,2.65,2.65,NA,18,0.225000000000001,0,0,NA,NA,NA,NA,NA,NA,NA
2532978,"Jarius Wright","MIN","WR",26,3,5,2.61525,2.1377,3.069,0.535888903287488,24,0.80125,8,0.9313,NA,22.8,1.1,3.48768069554326,NA,NA,NA
2495851,"Jason Hatcher","WAS","DL",33,9,8,2.5,2.5,2.5,NA,19,0.225,0,0,NA,NA,NA,NA,NA,NA,NA
1344,"Ahtyba Rubin","SEA","DL",29,7,9,2.35,2.35,2.35,NA,20,0.25,0,0,NA,NA,NA,NA,NA,NA,NA
2532928,"Eddie Pleasant","HOU","DB",27,3,9,2.25,2.25,2.25,NA,33,NA,0,0,NA,NA,NA,NA,NA,NA,NA
2506925,"Domata Peko","CIN","DL",31,9,7,2.2,2.2,2.2,NA,21,0.25,0,0,NA,NA,NA,NA,NA,NA,NA
2541147,"Charles Johnson","MIN","WR",26,2,5,2.063,1.6334,2.4926,0.759432682994352,25,0.569666666666667,8,0.8592,NA,26,3,6.97171640749245,NA,NA,NA
81841,"Terrance Knighton","WAS","DL",29,6,8,2,2,2,NA,22,0.125,0,0,NA,NA,NA,NA,NA,NA,NA
2533048,"Nick Perry","FA","LB",25,3,NA,1.95,1.95,1.95,NA,29,0.0250000000000001,0,0,NA,NA,NA,NA,NA,NA,NA
2495853,"A.J. Hawk","CIN","LB",31,9,7,1.95,1.95,1.95,NA,30,0.225,0,0,NA,NA,NA,NA,NA,NA,NA
2540137,"Jarvis Jones","PIT","LB",26,2,11,1.9,1.9,1.9,NA,31,0.675,0,0,NA,NA,NA,NA,NA,NA,NA
2552629,"Frank Clark","SEA","DL",22,0,9,1.9,1.9,1.9,NA,23,0.2,0,0,NA,NA,NA,NA,NA,NA,NA
2507275,"Mike DeVito","KC","DL",31,8,9,1.85,1.85,1.85,NA,24,0.325,0,0,NA,NA,NA,NA,NA,NA,NA
2506871,"Fred Jackson","SEA","RB",34,9,9,1.719,0.646,2.9408,1.34434767328495,20,0.106166666666667,5,2.2948,NA,17,1.6,4.48861727545138,NA,NA,NA
2539303,"Zach Line","MIN","RB",25,2,5,1.715,1.455,1.975,0.459619407771256,21,0.340666666666667,5,0.52,NA,NA,NA,3.60135808656241,NA,NA,NA
2552586,"Tyler Kroft","CIN","TE",23,0,7,1.64266666666667,1.5256,1.7336,0.141779171013705,11,0.482666666666667,4,0.208,NA,10.5,0.9,4.95787683873735,NA,NA,NA
2495802,"Jason Avant","KC","WR",32,9,9,1.565,1.119,2.095,0.636533581203694,26,0.204666666666667,9,0.976,NA,NA,NA,3.80082653536989,NA,NA,NA
2495276,"Akeem Dent","HOU","LB",28,4,9,1.55,1.55,1.55,NA,32,0.8,0,0,NA,NA,NA,NA,NA,NA,NA
2495677,"Brandon Mebane","SEA","DL",30,8,9,1.55,1.55,1.55,NA,25,0.0999999999999999,0,0,NA,NA,NA,NA,NA,NA,NA
2506147,"John Kuhn","GB","RB",33,9,7,1.51066666666667,0.8796,2.03,0.758604859813944,22,0.445333333333334,5,1.1504,NA,19,1.6,3.99445356606732,NA,NA,NA
1720,"Letroy Guion","GB","DL",28,7,7,1.5,1.5,1.5,NA,26,0.25,0,0,NA,NA,NA,NA,NA,NA,NA
2543759,"Ryan Grant","WAS","WR",25,1,8,1.42166666666667,0.446,2.258,1.17198905000573,27,0.145916666666667,9,1.812,NA,NA,NA,5.4222390407046,NA,NA,NA
2532970,"Brandon Weeden","HOU","QB",32,3,9,1.41653333333333,0.28072,2.85832,1.74188497132656,9,0.7405,5,2.5776,NA,NA,NA,6.51609695269139,NA,NA,NA
2539325,"Datone Jones","GB","DL",25,2,7,1.4,1.4,1.4,NA,27,0.325,0,0,NA,NA,NA,NA,NA,NA,NA
80427,"Darrius Heyward-Bey","PIT","WR",28,6,11,1.299,0.6836,1.942,0.788766758934478,28,0.132416666666667,9,1.2584,NA,25.7,0.9,3.53943675582664,NA,NA,NA
2552652,"Chris Conley","KC","WR",23,0,9,1.2525,0.8585,1.6905,0.457902828119679,29,0.183833333333333,9,0.832,NA,26.5,0.5,2.37626506330368,NA,NA,NA
2495258,"Matt Asiata","MIN","RB",28,4,5,1.238,0.6032,1.808,0.765958223403862,23,0.361166666666667,5,1.2048,NA,19,1,3.29402767272577,NA,NA,NA
497258,"Andrew Quarless","GB","TE",27,5,7,1.237,1.1146,1.3594,0.216374675043084,12,0.182,5,0.2448,NA,9,0.6,3.69903255506079,NA,NA,NA
497123,"Colt McCoy","WAS","QB",29,5,8,1.146,0.1312,2.5456,1.72370647153162,10,0.9806,5,2.4144,NA,NA,NA,6.47530084371572,NA,NA,NA
79631,"B.J. Raji","GB","DL",29,6,7,1.1,1.1,1.1,NA,28,0.0999999999999999,0,0,NA,NA,NA,NA,NA,NA,NA
2543721,"C.J. Fiedorowicz","HOU","TE",24,1,9,1.083,0.6832,1.62,0.656541697076431,13,0.312833333333333,5,0.9368,NA,10,1.4,7.95388521251897,NA,NA,NA
2543774,"Jared Abbrederis","GB","WR",25,1,7,1.08066666666667,0.5596,1.614,0.659534937159006,30,0.0540833333333333,9,1.0544,NA,NA,NA,3.87047693275781,NA,NA,NA
81306,"Brandon Tate","CIN","WR",28,6,7,1.05666666666667,0.104,2.336,1.5640439039021,31,0.333916666666667,9,2.232,NA,NA,NA,6.60942019753723,NA,NA,NA
2507590,"Steve McLendon","PIT","DL",29,6,11,1.05,1.05,1.05,NA,29,0.3,0,0,NA,NA,NA,NA,NA,NA,NA
2552633,"Jesse James","PIT","TE",21,0,11,1.027,0.3442,1.7202,0.860294716942979,14,0.595833333333333,5,1.376,NA,NA,NA,5.13761489773699,NA,NA,NA
2543750,"Jeff Janis","GB","WR",24,1,7,0.9965,0.4897,1.5033,0.895904291763356,32,0.582,9,1.0136,NA,NA,NA,4.58622688726071,NA,NA,NA
2505916,"Vince Wilfork","HOU","DL",34,11,9,0.95,0.95,0.95,NA,30,0.4,0,0,NA,NA,NA,NA,NA,NA,NA
2552320,"Ramik Wilson","KC","LB",23,0,9,0.9,0.9,0.9,NA,33,0.3,0,0,NA,NA,NA,NA,NA,NA,NA
163982,"Will Johnson","PIT","RB",26,4,11,0.892666666666667,0.2816,1.5376,0.788416979353777,24,0.147666666666667,5,1.256,NA,21,1.4,3.78406145790991,NA,NA,NA
2553660,"Akeem Hunt","NYG","RB",22,0,11,0.861,0.3086,1.2846,0.670718271705789,25,0.2485,5,0.976,NA,NA,NA,3.9575464861451,NA,NA,NA
2507737,"Darrel Young","WAS","RB",28,6,8,0.629,0.2754,1.0354,0.488562176186409,26,0.0639999999999999,6,0.76,NA,NA,NA,3.65019339609057,NA,NA,NA
2550285,"Brock Coyle","SEA","LB",25,1,9,0.6,0.6,0.6,NA,34,NA,0,0,NA,NA,NA,NA,NA,NA,NA
2543695,"Jay Prosch","HOU","RB",23,1,9,0.596,0.4632,0.7288,0.234759451353934,27,0.0811666666666667,6,0.2656,NA,NA,NA,3.2219505117715,NA,NA,NA
496865,"Cam Thomas","PIT","DL",29,5,11,0.55,0.55,0.55,NA,31,0,0,0,NA,NA,NA,NA,NA,NA,NA
2552602,"Christian Covington","HOU","DL",22,0,9,0.55,0.55,0.55,NA,31,NA,0,0,NA,NA,NA,NA,NA,NA,NA
2534871,"Derrick Coleman","SEA","RB",25,3,9,0.534,0.5068,0.5612,0.0480832611206853,28,0.0435,6,0.0544,NA,NA,NA,2.90697063836017,NA,NA,NA
497234,"Garrett Graham","HOU","TE",29,5,9,0.513333333333333,0.134,0.942,0.516171806023279,15,0.1725,6,0.808,NA,NA,NA,4.17061291922648,NA,NA,NA
2539265,"Rex Burkhead","CIN","RB",25,2,7,0.495666666666667,0.0534,1.0774,0.707655518831962,29,0.0593333333333333,6,1.024,NA,NA,NA,4.01987092832183,NA,NA,NA
2553511,"John Crockett","GB","RB",23,0,7,0.485333333333333,0.1872,0.7792,0.370115297351154,30,0.128166666666667,6,0.592,NA,NA,NA,3.45033725560003,NA,NA,NA
2552420,"Keith Mumphery","HOU","WR",23,0,9,0.449,0.136,0.7496,0.384438551656828,35,0.07925,10,0.6136,NA,NA,NA,3.03745767043981,NA,NA,NA
2495340,"Anthony Sherman","KC","RB",27,4,9,0.387333333333333,0.2924,0.5164,0.158307717226083,31,0.0795,6,0.224,NA,NA,NA,3.09295303487003,NA,NA,NA
2541828,"Frankie Hammond","KC","WR",NA,NA,9,0.38,0.116,0.604,0.317056777249754,36,0.0368333333333333,10,0.488,NA,NA,NA,2.83341894449365,NA,NA,NA
2552650,"Mario Alford","CIN","WR",NA,NA,7,0.3595,0.1279,0.5911,0.409414826307011,37,0.0743333333333334,10,0.4632,NA,NA,NA,3.11308831839095,NA,NA,NA
2541187,"Demetrius Harris","KC","TE",24,2,9,0.349,0.1134,0.5774,0.290418663312123,17,0.0344166666666667,6,0.464,NA,NA,NA,3.53623569896754,NA,NA,NA
2507182,"Matt Spaeth","PIT","TE",31,8,11,0.332666666666667,0.074,0.6404,0.369596176026394,18,0.0497500000000001,6,0.5664,NA,NA,NA,3.75872832883521,NA,NA,NA
79629,"Cedric Peerman","CIN","RB",29,6,7,0.327,0.006,0.7668,0.540607991061915,32,0.093,6,0.7608,NA,NA,NA,3.73801061670448,NA,NA,NA
2541785,"Adam Thielen","MIN","WR",25,1,5,0.326833333333333,0.1432,0.4692,0.222478276093045,38,0.140083333333333,10,0.326,NA,24,0.8,2.5164909790576,NA,NA,NA
2550356,"Marcel Jensen","FA","TE",25,1,NA,0.2965,0.0593,0.5337,0.419314321243623,19,0.0553333333333333,6,0.4744,NA,NA,NA,3.89843871505867,NA,NA,NA
2540178,"Knile Davis","KC","RB",24,2,9,0.288666666666667,0.1072,0.5312,0.296150862455832,33,0.164,6,0.424,NA,NA,NA,3.32553661385156,NA,NA,NA
2552559,"C.J. Uzomah","CIN","TE",22,0,7,0.269333333333333,0.016,0.6144,0.423463497049431,20,0.158333333333333,6,0.5984,NA,NA,NA,3.91009809920918,NA,NA,NA
2540145,"Cordarrelle Patterson","MIN","WR",24,2,5,0.2435,0.1338,0.3582,0.140667160346685,39,0.1785,11,0.2244,NA,NA,NA,2.29929361134933,NA,NA,NA
2552401,"MyCole Pruitt","MIN","TE",23,0,5,0.213,0.0312,0.464,0.309219986417437,21,0.2085,6,0.4328,NA,NA,NA,3.58906832377844,NA,NA,NA
2504833,"Shaun Hill","MIN","QB",NA,NA,5,0.206066666666667,-0.02784,0.4984,0.352387305862929,11,0.08225,5,0.52624,NA,NA,NA,3.39779242695231,NA,NA,NA
2552477,"Aaron Ripkowski","GB","RB",NA,NA,7,0.179333333333333,0.042,0.3364,0.188895032579825,34,0.139333333333333,7,0.2944,NA,NA,NA,3.14456319846977,NA,NA,NA
2495192,"Greg Little","FA","WR",26,4,NA,0.13,0.13,0.13,NA,40,0.13,11,0,NA,NA,NA,NA,NA,NA,NA
81284,"Chase Daniel","KC","QB",29,6,9,0.124733333333333,-0.0224,0.30576,0.217832075997391,12,0.0118166666666667,6,0.32816,NA,NA,NA,3.09582417419417,NA,NA,NA
2504531,"Michael Vick","PIT","QB",35,14,11,0.1229,0.02458,0.22122,0.173806846815653,13,0.0674333333333333,6,0.19664,NA,NA,NA,2.99702294925054,NA,NA,NA
2495863,"Tarvaris Jackson","SEA","QB",32,9,9,0.102933333333333,0.0128,0.21184,0.130871743830872,14,0.0969333333333333,6,0.19904,NA,NA,NA,2.90066818070486,NA,NA,NA
2532926,"Isaiah Pead","FA","RB",26,3,NA,0.07,0.07,0.07,NA,36,0.065,0,0,NA,NA,NA,NA,NA,NA,NA
2527672,"Will Tukuafu","SEA","RB",31,5,9,0.01,0.01,0.01,NA,37,0.01,0,0,NA,NA,NA,NA,NA,NA,NA
2506410,"Alex Smith","WAS","TE",33,10,8,0.009,0.0018,0.0162,0.0127279220613579,23,0.009,7,0.0144,NA,NA,NA,2.75591132159355,NA,NA,NA
2539287,"Landry Jones","PIT","QB",26,2,11,0.008,-0.1096,0.108,0.141237388817551,15,0.006,6,0.2176,NA,NA,NA,2.92393071541619,NA,NA,NA
2495425,"Scott Tolzien","GB","QB",28,4,7,0.004,-0.0224,0.0352,0.0374699879903904,16,0.004,6,0.0576,NA,NA,NA,2.69105637264747,NA,NA,NA
497250,"Anthony McCoy","SEA","TE",28,5,9,0,0,0,NA,24,0,7,0,NA,NA,NA,NA,NA,NA,NA
2495143,"Andy Dalton","CIN","QB",28,4,7,0,0,0,NA,17,0,6,0,NA,NA,NA,NA,NA,NA,NA
2495663,"Marshawn Lynch","SEA","RB",29,8,9,0,0,0,NA,38,0,0,0,NA,NA,NA,NA,NA,NA,NA
2495979,"DeAngelo Williams","PIT","RB",32,9,11,0,0,0,NA,38,0,0,0,NA,NA,NA,NA,NA,NA,NA
2532835,"Rhett Ellison","MIN","TE",27,3,5,0,0,0,NA,24,0,7,0,NA,NA,NA,NA,NA,NA,NA
2533033,"Robert Griffin","WAS","QB",25,3,8,0,0,0,0,17,0,6,0,NA,NA,NA,2.6069663910419,NA,NA,NA
2535716,"Saalim Hakim","FA","WR",25,3,NA,0,0,0,NA,41,0.0365,12,0,NA,NA,NA,NA,NA,NA,NA
2541429,"B.J. Daniels","FA","WR",26,2,NA,0,0,0,0,41,0.073,12,0,NA,NA,NA,1.87333943557759,NA,NA,NA
2543587,"Aaron Murray","KC","QB",25,1,9,0,0,0,NA,17,0,6,0,NA,NA,NA,NA,NA,NA,NA
2543596,"Dri Archer","FA","RB",24,1,NA,0,0,0,NA,38,NA,0,0,NA,NA,NA,NA,NA,NA,NA
2543784,"Keith Wenning","CIN","QB",24,1,7,0,0,0,NA,17,0,6,0,NA,NA,NA,NA,NA,NA,NA
2552588,"Brett Hundley","GB","QB",22,0,7,0,0,0,NA,17,NA,6,0,NA,NA,NA,NA,NA,NA,NA
2553292,"Kennard Backman","GB","TE",22,0,7,0,0,0,NA,24,NA,7,0,NA,NA,NA,NA,NA,NA,NA
2552470,"Sammie Coates","PIT","WR",22,0,11,-0.073,-0.208,0.0328,0.163239088456166,43,NA,12,0.2408,NA,NA,NA,2.36764365843748,NA,NA,NA
