"playerId","player","team","position","age","exp","bye","points","lower","upper","sdPts","positionRank","dropoff","tier","ptSpread","overallECR","positionECR","sdRank","risk","sleeper","actualPoints","salary"
2495455,"Cam Newton","CAR","QB",26,4,5,18.5138,16.29596,21.3406,2.85637021876833,1,1.97315,1,5.04464,NA,2.7,0.9,6.93073731441733,NA,NA,NA
2532975,"Russell Wilson","SEA","QB",27,3,9,16.6106,14.34172,19.367,2.7856152115227,2,0.205449999999999,1,5.02528,NA,3.1,1.2,7.82388556912673,NA,NA,NA
2553435,"David Johnson","ARI","RB",24,0,9,16.60175,13.6191,19.719,3.27995308655475,1,7.88075,1,6.0999,NA,1,0,4.72137790135481,NA,NA,NA
2504211,"Tom Brady","NE","QB",38,15,4,16.4707,15.4082,17.27216,1.09626144691857,3,0.465325,1,1.86396,NA,3.5,0.9,5.43483986337835,NA,NA,NA
2505245,"Carson Palmer","ARI","QB",36,12,9,16.3396,13.4258,18.89532,3.04460652739671,4,0.978875,1,5.46952,NA,1.1,0.3,5.18415297814038,NA,NA,NA
2506363,"Aaron Rodgers","GB","QB",32,10,7,15.67115,14.367,16.77518,1.42668023396976,5,1.280925,2,2.40818,NA,5.2,1.2,6.66894139660676,NA,NA,NA
2506340,"Alex Smith","KC","QB",31,10,9,15.0503,14.23276,15.7156,0.847969394101776,6,2.039275,2,1.48284,NA,7.4,0.9,5.22381912712491,NA,NA,NA
2501863,"Peyton Manning","DEN","QB",39,17,7,13.73015,12.75022,14.847,1.14175226005177,7,6.24646666666666,3,2.09678,NA,6.4,1.1,6.10902346242572,NA,NA,NA
100026,"Cardinals","ARI","DST",NA,NA,9,12.58,11.168,14.288,2.05260809703168,1,1.83666666666667,1,3.12,NA,2.1,1.2,5.00847055498623,NA,NA,NA
2506109,"Ben Roethlisberger","PIT","QB",33,11,11,12.2919,8.6846,15.70168,3.78886671358776,8,10.6326,3,7.01708,NA,6.5,1,8.04101674629803,NA,NA,NA
497328,"Demaryius Thomas","DEN","WR",28,5,7,11.88525,9.3607,13.798,2.59039963133104,1,1.11575,1,4.4373,NA,2.9,1.8,5.97487057250284,NA,NA,NA
100016,"Chiefs","KC","DST",NA,NA,9,11.1866666666667,6.112,11.712,3.88988431704595,2,1.17166666666667,2,5.6,NA,5.8,1.3,7.55511535169669,NA,NA,NA
2530747,"Doug Baldwin","SEA","WR",27,4,9,10.9635,9.4522,12.524,1.67051558907223,2,0.456375,1,3.0718,NA,4.1,1.9,5.13995586358963,NA,NA,NA
497322,"Emmanuel Sanders","DEN","WR",28,5,7,10.5755,8.6431,12.4915,2.1012498661511,3,0.625625000000001,1,3.8484,NA,6.8,1.8,5.48743266962433,NA,NA,NA
497240,"Rob Gronkowski","NE","TE",26,5,4,10.5635,9.342,12.1822,1.69301968880065,1,2.36175,1,2.8402,NA,1.1,0.4,4.70391339039481,NA,NA,NA
2508061,"Antonio Brown","PIT","WR",27,5,11,10.43875,6.03775,13.90675,4.59455497482255,4,1.047625,1,7.869,NA,5.2,6.7,11.9777641728858,NA,NA,NA
100009,"Broncos","DEN","DST",NA,NA,7,10.3,5.6,10.32,3.27159492195066,3,1.31,2,4.72,NA,1.5,0.8,4.97850201012558,NA,NA,NA
100030,"Seahawks","SEA","DST",NA,NA,9,9.73,6.192,7.8,1.04643840398436,4,2.455,2,1.608,NA,4.3,1.1,3.44701892462695,NA,NA,NA
2550325,"Chandler Catanzaro","ARI","K",24,1,9,9.46548913043478,8.615,10.2222826086957,0.887175118256642,1,0.11949338231441,1,1.60728260869565,NA,2.9,1.3,4.21611492057881,NA,NA,NA
238498,"Julian Edelman","NE","WR",29,6,4,9.461,7.20155,11.95505,2.59623056885683,5,0.161125,1,4.7535,NA,3,1.5,5.73543097281885,NA,NA,NA
71309,"Graham Gano","CAR","K",28,6,5,9.41119808306709,7.818,11.464856230032,2.18586679795502,2,0.867312112676586,1,3.64685623003195,NA,4.4,1.4,9.23291004235645,NA,NA,NA
2507183,"James Jones","GB","WR",31,8,7,9.32125,6.917,11.8285,2.77626059955953,6,0.103124999999999,1,4.9115,NA,11.5,2,6.32358117608912,NA,NA,NA
2506922,"Stephen Gostkowski","NE","K",31,9,4,9.28079341317365,7.807,11.287245508982,2.13494119464355,3,1.48794735325347,1,3.48024550898204,NA,1.3,0.8,4.511850828999,NA,NA,NA
2543847,"John Brown","ARI","WR",25,1,9,9.2785,7.1389,11.6375,2.45792015736883,7,0.429750000000002,2,4.4986,NA,9.3,2,6.00635482009615,NA,NA,NA
2532841,"Michael Floyd","ARI","WR",26,3,9,9.15775,6.9187,12.747,3.91214096329192,8,1.143,2,5.8283,NA,4,2.2,7.61898642168954,NA,NA,NA
71353,"Rashad Johnson","ARI","DB",29,6,9,9,9,9,NA,1,0.75,1,0,NA,NA,NA,NA,NA,NA,NA
2533056,"Luke Kuechly","CAR","LB",24,3,5,9,9,9,NA,1,0.275,1,0,NA,NA,NA,NA,NA,NA,NA
2540269,"C.J. Anderson","DEN","RB",24,2,7,8.819,6.1162,12.325,3.59028188308383,2,0.394333333333334,2,6.2088,NA,4.5,1.6,6.23942876943769,NA,NA,NA
2539311,"Jamie Collins","NE","LB",25,2,4,8.8,8.8,8.8,NA,2,0.324999999999998,1,0,NA,NA,NA,NA,NA,NA,NA
496727,"Morgan Burnett","GB","DB",26,5,7,8.7,8.7,8.7,NA,2,1.175,1,0,NA,NA,NA,NA,NA,NA,NA
2506353,"Derrick Johnson","KC","LB",33,10,9,8.65,8.65,8.65,NA,3,0.450000000000001,0,0,NA,NA,NA,NA,NA,NA,NA
2540168,"Eddie Lacy","GB","RB",24,2,7,8.623,6.2176,11.218,2.90395293809433,3,0.525083333333333,2,5.0004,NA,6.6,1.9,5.96667736370231,NA,NA,NA
2506106,"Larry Fitzgerald","ARI","WR",32,11,9,8.53975,6.8095,10.0022,1.76115215602363,9,1.304625,2,3.1927,NA,5.8,1.9,5.2302752325515,NA,NA,NA
2495700,"Greg Olsen","CAR","TE",30,8,5,8.50275,7.062,10.6413,2.19384067713831,2,1.340625,2,3.5793,NA,2,0.4,5.62676535143926,NA,NA,NA
2543486,"Ryan Shazier","PIT","LB",23,1,11,8.3,8.3,8.3,NA,4,0.300000000000001,0,0,NA,NA,NA,NA,NA,NA,NA
100027,"Steelers","PIT","DST",NA,NA,11,8.25,9.07,12.59,2.23177806542974,5,1.96333333333333,2,3.52,NA,6.7,1,4.48338113639951,NA,NA,NA
2550268,"Charcandrick West","KC","RB",24,1,9,8.22633333333333,6.8732,9.97,2.11212696903698,4,0.432333333333333,2,3.0968,NA,10.4,1.9,5.3738722321408,NA,NA,NA
2495762,"Lawrence Timmons","PIT","LB",29,8,11,8.1,8.1,8.1,NA,5,0.35,0,0,NA,NA,NA,NA,NA,NA,NA
949,"Jonathan Stewart","CAR","RB",28,7,5,7.9695,7.346,8.6654,0.715523817446584,5,0.399749999999999,2,1.3194,NA,4.9,2.1,4.48901230986351,NA,NA,NA
2540258,"Travis Kelce","KC","TE",26,2,9,7.90075,6.1109,10.526,2.8088934209044,3,2.627125,2,4.4151,NA,2.9,0.5,7.12621685426149,NA,NA,NA
2532966,"Bobby Wagner","SEA","LB",25,3,9,7.9,7.9,7.9,NA,6,0.6,0,0,NA,NA,NA,NA,NA,NA,NA
2550636,"Cairo Santos","KC","K",24,1,9,7.80697852760736,6.68754601226994,8.79199386503067,1.14499028753115,4,0.0408248564908567,2,2.10444785276074,NA,5.5,1,2.78431605988849,NA,NA,NA
2543769,"Deone Bucannon","ARI","DB",23,1,9,7.8,7.8,7.8,NA,3,0.95,1,0,NA,NA,NA,NA,NA,NA,NA
2541556,"Brandon McManus","DEN","K",24,1,7,7.77871359223301,6.29263106796116,9.53359223300971,1.78327205334226,5,0.159975074581713,2,3.24096116504855,NA,4.8,1.1,5.63594814421374,NA,NA,NA
2507232,"Mason Crosby","GB","K",31,8,7,7.75359375,6.6888125,8.80125,1.15939306758159,6,0.280807358490256,2,2.1124375,NA,7.3,1.3,5.10858523275233,NA,NA,NA
2533437,"Ronnie Hillman","DEN","RB",24,3,7,7.6185,5.7322,9.242,1.92018289059489,6,0.153666666666667,2,3.5098,NA,8.8,2.2,5.47124494118352,NA,NA,NA
2532961,"Danny Trevathan","DEN","LB",25,3,7,7.6,7.6,7.6,NA,7,0.625,0,0,NA,NA,NA,NA,NA,NA,NA
2495663,"Marshawn Lynch","SEA","RB",29,8,9,7.521,2.6372,10.824,5.0169117991051,7,0.215833333333333,2,8.1868,NA,5.3,4.4,9.55749603655689,NA,NA,NA
2543572,"Martavis Bryant","PIT","WR",24,1,11,7.48975,5.78005,10.09305,2.72459038205746,10,0.746999999999999,2,4.313,NA,7.2,1.9,6.19034174362947,NA,NA,NA
2507374,"Steven Hauschka","SEA","K",NA,NA,9,7.48388328530259,6.03458213256484,8.663,1.46457576106606,7,0.0221937875856986,2,2.62841786743516,NA,2.7,0.9,3.07306496895424,NA,NA,NA
2550545,"Chris Boswell","PIT","K",26,1,11,7.4616894977169,6.19405479452055,9.078,1.95416599284482,8,NA,2,2.88394520547945,NA,7.1,1,5.43720980225694,NA,NA,NA
2495979,"DeAngelo Williams","PIT","RB",32,9,11,7.40866666666667,2.5692,11.1932,5.8539512581959,8,0.317333333333333,2,8.624,NA,10.5,6.9,12.1930902049443,NA,NA,NA
2506088,"Will Allen","PIT","DB",33,11,11,7.25,7.25,7.25,NA,4,0.825,0,0,NA,NA,NA,NA,NA,NA,NA
2540204,"Spencer Ware","KC","RB",24,2,9,7.20166666666667,5.839,8.359,1.63653852179939,9,0.660166666666666,2,2.52,NA,7.6,2.5,5.49996569283731,NA,NA,NA
2506352,"Thomas Davis","CAR","LB",32,10,5,7,7,7,NA,8,0.300000000000001,0,0,NA,NA,NA,NA,NA,NA,NA
2539322,"Christine Michael","FA","RB",25,2,NA,6.981,4.2888,10.906,4.02871741376831,10,0.978750000000001,2,6.6172,NA,10.8,3.4,8.01410266696899,NA,NA,NA
2495448,"Randall Cobb","GB","WR",25,4,7,6.9805,5.8074,7.9852,1.23985630887884,11,0.901125,3,2.1778,NA,9.4,1.7,4.54730366111805,NA,NA,NA
2495252,"K.J. Wright","SEA","LB",26,4,9,6.95,6.95,6.95,NA,9,1.075,0,0,NA,NA,NA,NA,NA,NA,NA
2507166,"Ted Ginn","CAR","WR",30,8,5,6.505,5.69,7.1984,0.828145719866578,12,0.91225,3,1.5084,NA,10.6,1.4,3.89178379205986,NA,NA,NA
2530794,"Ron Parker","KC","DB",28,4,9,6.45,6.45,6.45,NA,6,0.125000000000001,0,0,NA,NA,NA,NA,NA,NA,NA
2532898,"Brandon Marshall","DEN","LB",26,3,7,6.45,6.45,6.45,NA,10,1.35,0,0,NA,NA,NA,NA,NA,NA,NA
2550313,"Richard Rodgers","GB","TE",23,1,7,6.4235,4.5046,9.122,2.80049061177978,4,2.4885,2,4.6174,NA,5.3,0.9,8.57516184564395,NA,NA,NA
494323,"T.J. Ward","DEN","DB",29,5,7,6.4,6.4,6.4,NA,7,0.199999999999999,0,0,NA,NA,NA,NA,NA,NA,NA
100011,"Packers","GB","DST",NA,NA,7,6.3,5.06,7.78,1.77763888346312,6,0.36,2,2.72,NA,7.9,0.3,1.36387396757497,NA,NA,NA
100004,"Panthers","CAR","DST",NA,NA,5,6.27333333333333,5.416,10.52,3.55304564188716,7,0.666666666666667,2,5.104,NA,3.4,1,6.04961090961242,NA,NA,NA
238227,"Mike Mitchell","PIT","DB",28,6,11,6.25,6.25,6.25,NA,8,0.125,0,0,NA,NA,NA,NA,NA,NA,NA
2552488,"Marcus Peters","KC","DB",22,0,9,6.15,6.15,6.15,NA,9,0.15,0,0,NA,NA,NA,NA,NA,NA,NA
2505936,"Steven Jackson","FA","RB",32,11,NA,6.102,4.356,7.9544,1.93534906412254,11,0.660875000000001,2,3.5984,NA,11.3,2.9,6.04510229972177,NA,NA,NA
1302,"Aqib Talib","DEN","DB",29,7,7,6.1,6.1,6.1,NA,10,0.199999999999999,0,0,NA,NA,NA,NA,NA,NA,NA
2543773,"James White","NE","RB",23,1,4,5.9025,4.346,7.429,1.74902591938103,12,1.468625,3,3.083,NA,3.5,2.1,5.26274968833787,NA,NA,NA
80680,"Jerraud Powers","ARI","DB",28,6,9,5.9,5.9,5.9,NA,11,0.0750000000000002,0,0,NA,NA,NA,NA,NA,NA,NA
2540164,"Tony Jefferson","ARI","DB",23,2,9,5.9,5.9,5.9,NA,11,0.4,0,0,NA,NA,NA,NA,NA,NA,NA
494257,"Kam Chancellor","SEA","DB",27,5,9,5.75,5.75,5.75,NA,13,0.55,0,0,NA,NA,NA,NA,NA,NA,NA
2532887,"Jermaine Kearse","SEA","WR",25,3,9,5.65375,4.919,6.1915,0.789940662328507,13,0.33,4,1.2725,NA,18,1.7,4.09896257043788,NA,NA,NA
100021,"Patriots","NE","DST",NA,NA,4,5.60666666666667,4.844,9.804,3.51778339299053,8,NA,2,4.96,NA,4.4,1.3,7.11402714497765,NA,NA,NA
2539296,"Kawann Short","CAR","DL",26,2,5,5.55,5.55,5.55,NA,1,0.925,1,0,NA,NA,NA,NA,NA,NA,NA
2552430,"Tyler Lockett","SEA","WR",23,0,9,5.53175,4.504,6.6057,1.12888599217695,14,0.665999999999999,4,2.1017,NA,14.1,2.5,5.09072205275558,NA,NA,NA
2540159,"Kevin Minter","ARI","LB",25,2,9,5.3,5.3,5.3,NA,11,0.5,0,0,NA,NA,NA,NA,NA,NA,NA
2508080,"Earl Thomas","SEA","DB",26,5,9,5.25,5.25,5.25,NA,14,0.15,0,0,NA,NA,NA,NA,NA,NA,NA
2532920,"Josh Norman","CAR","DB",28,3,5,5.15,5.15,5.15,NA,15,0.125,0,0,NA,NA,NA,NA,NA,NA,NA
2539291,"Markus Wheaton","PIT","WR",24,2,11,5.11575,3.3426,7.6055,2.56387381059729,15,0.571,4,4.2629,NA,17.3,3,6.92943810679571,NA,NA,NA
71251,"Patrick Chung","NE","DB",28,6,4,5.05,5.05,5.05,NA,16,0.0999999999999996,0,0,NA,NA,NA,NA,NA,NA,NA
2543505,"Bradley Roby","DEN","DB",23,1,7,5,5,5,NA,17,0.15,0,0,NA,NA,NA,NA,NA,NA,NA
497206,"James Starks","GB","RB",29,5,7,4.97975,4.128,6.0397,1.07059185344681,13,1.164625,3,1.9117,NA,10.2,2,4.67447847887406,NA,NA,NA
744,"Calais Campbell","ARI","DL",29,7,9,4.9,4.9,4.9,NA,2,0.625,1,0,NA,NA,NA,NA,NA,NA,NA
79605,"Josh Mauga","KC","LB",NA,NA,9,4.9,4.9,4.9,NA,12,0.25,0,0,NA,NA,NA,NA,NA,NA,NA
2532861,"Casey Hayward","GB","DB",26,3,7,4.9,4.9,4.9,NA,18,0.15,0,0,NA,NA,NA,NA,NA,NA,NA
494261,"Kurt Coleman","CAR","DB",27,5,5,4.8,4.8,4.8,NA,19,0.124999999999999,0,0,NA,NA,NA,NA,NA,NA,NA
494307,"Darian Stewart","DEN","DB",27,5,7,4.7,4.7,4.7,NA,20,0.0499999999999998,0,0,NA,NA,NA,NA,NA,NA,NA
2495202,"Von Miller","DEN","LB",26,4,7,4.7,4.7,4.7,NA,13,0.15,0,0,NA,NA,NA,NA,NA,NA,NA
2495507,"Richard Sherman","SEA","DB",27,4,9,4.65,4.65,4.65,NA,21,0.0750000000000002,0,0,NA,NA,NA,NA,NA,NA,NA
2540162,"Logan Ryan","NE","DB",24,2,4,4.65,4.65,4.65,NA,21,0.2,0,0,NA,NA,NA,NA,NA,NA,NA
80429,"Jeremy Maclin","KC","WR",27,6,9,4.61575,1.26635,7.31215,3.38332549670685,16,0.148125,4,6.0458,NA,17.3,6.1,10.2802733353893,NA,NA,NA
2504844,"James Harrison","PIT","LB",37,13,11,4.6,4.6,4.6,NA,14,0.199999999999999,0,0,NA,NA,NA,NA,NA,NA,NA
496723,"Eric Berry","KC","DB",27,5,9,4.5,4.5,4.5,NA,23,0.175,0,0,NA,NA,NA,NA,NA,NA,NA
2495493,"Justin Houston","KC","LB",26,4,9,4.5,4.5,4.5,NA,15,0.325,0,0,NA,NA,NA,NA,NA,NA,NA
2552458,"Devin Funchess","CAR","WR",21,0,5,4.47375,4.1005,4.712,0.39069116106374,17,0.0534999999999997,5,0.611499999999999,NA,19.3,1.6,3.61936026668262,NA,NA,NA
2550546,"Philly Brown","CAR","WR",24,1,5,4.4615,3.336,5.6358,1.23483291717274,18,0.221875,5,2.2998,NA,21.6,1.1,4.05179758790431,NA,NA,NA
2550613,"Malcolm Butler","NE","DB",25,1,4,4.4,4.4,4.4,NA,24,0.175000000000001,0,0,NA,NA,NA,NA,NA,NA,NA
2550272,"Albert Wilson","KC","WR",23,1,9,4.379,3.90785,4.95075,0.578485234614218,19,0.318958333333334,5,1.0429,NA,15.3,2.7,4.70574760293628,NA,NA,NA
2495228,"Jabaal Sheard","NE","DL",26,4,4,4.35,4.35,4.35,NA,3,0.199999999999999,1,0,NA,NA,NA,NA,NA,NA,NA
2533057,"Donta Hightower","NE","LB",25,3,4,4.3,4.3,4.3,NA,16,0.475,0,0,NA,NA,NA,NA,NA,NA,NA
2533340,"Kelcie McCray","SEA","DB",27,3,9,4.25,4.25,4.25,NA,25,0.0749999999999993,0,0,NA,NA,NA,NA,NA,NA,NA
1330,"Cliff Avril","SEA","DL",29,7,9,4.2,4.2,4.2,NA,4,0.125,0,0,NA,NA,NA,NA,NA,NA,NA
494287,"Devin McCourty","NE","DB",28,5,4,4.2,4.2,4.2,NA,26,0.0499999999999998,0,0,NA,NA,NA,NA,NA,NA,NA
2530510,"Chris Harris","DEN","DB",26,4,7,4.15,4.15,4.15,NA,27,0.100000000000001,0,0,NA,NA,NA,NA,NA,NA,NA
2539937,"Shamarko Thomas","PIT","DB",24,2,11,4.15,4.15,4.15,NA,27,0.275,0,0,NA,NA,NA,NA,NA,NA,NA
2506369,"Heath Miller","PIT","TE",33,10,11,4.12375,3.169,5.2895,1.18927411334253,5,0.589958333333334,3,2.1205,NA,4.4,0.8,5.24010102147298,NA,NA,NA
2649,"Danny Amendola","NE","WR",30,7,4,4.10025,3.8063,4.3824,0.316387289040926,20,0.142458333333333,6,0.5761,NA,16.1,1.5,3.46356639000278,NA,NA,NA
2495116,"Allen Bailey","KC","DL",26,4,9,4.1,4.1,4.1,NA,5,0.0750000000000002,0,0,NA,NA,NA,NA,NA,NA,NA
80431,"Clay Matthews","GB","LB",29,6,7,4.05,4.05,4.05,NA,17,0.5,0,0,NA,NA,NA,NA,NA,NA,NA
2508109,"Cameron Heyward","PIT","DL",26,4,11,4.05,4.05,4.05,NA,6,0.0499999999999998,0,0,NA,NA,NA,NA,NA,NA,NA
2543774,"Jared Abbrederis","GB","WR",25,1,7,4.01983333333333,1.4089,6.1489,3.14083151145255,21,0.380833333333333,6,4.74,NA,20.3,3.7,8.07662695196892,NA,NA,NA
2533006,"Jaye Howard","KC","DL",27,3,9,4,4,4,NA,7,0.15,0,0,NA,NA,NA,NA,NA,NA,NA
2543483,"Stephon Tuitt","PIT","DL",22,1,11,4,4,4,NA,7,0.425,0,0,NA,NA,NA,NA,NA,NA,NA
2506893,"Roman Harper","CAR","DB",33,9,5,3.95,3.95,3.95,NA,30,0.225,0,0,NA,NA,NA,NA,NA,NA,NA
497302,"Brandon LaFell","NE","WR",29,5,4,3.89575,2.9955,4.5628,0.950438188416269,22,0.770625,6,1.5673,NA,14.8,1.9,4.42239849553729,NA,NA,NA
2539217,"Andre Ellington","ARI","RB",26,2,9,3.888,2.4746,4.999,1.44981010250768,14,0.258208333333334,4,2.5244,NA,17,1.9,4.87802484579438,NA,NA,NA
1037374,"Sam Shields","GB","DB",28,5,7,3.8,3.8,3.8,NA,31,0.275,0,0,NA,NA,NA,NA,NA,NA,NA
2495825,"Owen Daniels","DEN","TE",33,9,7,3.74625,3.185,4.2385,0.575924980647075,6,0.628583333333334,3,1.0535,NA,5.3,0.9,4.4760030584351,NA,NA,NA
2532797,"Brandon Bolden","NE","RB",25,3,4,3.74225,2.639,4.4717,1.17433396016636,15,0.401958333333333,4,1.8327,NA,15.3,2,4.75214561234224,NA,NA,NA
2533026,"Derek Wolfe","DEN","DL",25,3,7,3.7,3.7,3.7,NA,9,0.3,0,0,NA,NA,NA,NA,NA,NA,NA
2532798,"Brandon Boykin","PIT","DB",25,3,11,3.65,3.65,3.65,NA,32,0.425,0,0,NA,NA,NA,NA,NA,NA,NA
2505010,"Julius Peppers","GB","LB",35,13,7,3.6,3.6,3.6,NA,18,0.15,0,0,NA,NA,NA,NA,NA,NA,NA
2550738,"Fitzgerald Toussaint","BAL","RB",25,1,9,3.51733333333333,1.4036,6.298,3.38267369595906,16,0.710583333333334,4,4.8944,NA,10.1,2.9,7.12865032961206,NA,NA,NA
2506883,"Tamba Hali","KC","LB",32,9,9,3.5,3.5,3.5,NA,19,0.125,0,0,NA,NA,NA,NA,NA,NA,NA
2533538,"Chandler Jones","NE","DL",25,3,4,3.45,3.45,3.45,NA,10,0.125,0,0,NA,NA,NA,NA,NA,NA,NA
2532871,"Bruce Irvin","SEA","LB",25,3,9,3.4,3.4,3.4,NA,20,0.100000000000001,0,0,NA,NA,NA,NA,NA,NA,NA
1681,"Tyvon Branch","KC","DB",29,7,9,3.4,3.4,3.4,NA,33,0.35,0,0,NA,NA,NA,NA,NA,NA,NA
2506004,"Jerricho Cotchery","CAR","WR",33,11,5,3.38225,1.9252,4.3075,1.56751722478574,23,0.861375,6,2.3823,NA,22.6,1.1,4.38331761053749,NA,NA,NA
496825,"Arthur Moats","PIT","LB",27,5,11,3.35,3.35,3.35,NA,21,0.275,0,0,NA,NA,NA,NA,NA,NA,NA
2532873,"Malik Jackson","DEN","DL",25,3,7,3.35,3.35,3.35,NA,11,0.0750000000000002,0,0,NA,NA,NA,NA,NA,NA,NA
2541199,"Luke Willson","SEA","TE",25,2,9,3.32133333333333,2.3952,4.088,1.11290850177961,7,0.486,3,1.6928,NA,8,1,5.83159809980244,NA,NA,NA
2505940,"Jared Allen","CAR","DL",33,11,5,3.3,3.3,3.3,NA,12,0.0499999999999998,0,0,NA,NA,NA,NA,NA,NA,NA
776,"Jerod Mayo","NE","LB",29,7,4,3.25,3.25,3.25,NA,22,0.8,0,0,NA,NA,NA,NA,NA,NA,NA
2507617,"Michael Bennett","SEA","DL",30,6,9,3.25,3.25,3.25,NA,13,0.0750000000000002,0,0,NA,NA,NA,NA,NA,NA,NA
2552733,"Michael Bennett","JAC","DL",NA,NA,8,3.25,3.25,3.25,NA,13,0.25,0,0,NA,NA,NA,NA,NA,NA,NA
2495472,"Jordan Todman","PIT","RB",25,4,11,3.16325,1.1651,5.324,2.32297702313217,17,1.030625,4,4.1589,NA,14.1,1.6,5.29065359207573,NA,NA,NA
2495920,"Rob Ninkovich","NE","DL",31,9,4,3.1,3.1,3.1,NA,15,0.275,0,0,NA,NA,NA,NA,NA,NA,NA
2534834,"Jeremy Lane","SEA","DB",25,3,9,3.05,3.05,3.05,NA,34,4.44089209850063e-16,0,0,NA,NA,NA,NA,NA,NA,NA
729,"Husain Abdullah","KC","DB",30,7,9,3.05,3.05,3.05,NA,35,NA,0,0,NA,NA,NA,NA,NA,NA,NA
2495826,"Vernon Davis","DEN","TE",31,9,7,2.914,1.6752,4.528,1.64303702534869,8,0.349166666666666,3,2.8528,NA,9.3,1.7,9.37120458396332,NA,NA,NA
2540137,"Jarvis Jones","PIT","LB",26,2,11,2.9,2.9,2.9,NA,23,1.025,0,0,NA,NA,NA,NA,NA,NA,NA
2533435,"Dontari Poe","KC","DL",25,3,9,2.9,2.9,2.9,NA,16,0.2,0,0,NA,NA,NA,NA,NA,NA,NA
2552652,"Chris Conley","KC","WR",23,0,9,2.868,2.0716,3.684,0.911858541660931,24,0.770625,7,1.6124,NA,21.2,3.6,5.77370460630744,NA,NA,NA
2540928,"Darren Fells","ARI","TE",29,3,9,2.75666666666667,2.292,3.164,0.558957362715023,9,0.679666666666667,4,0.872,NA,10,0.8,4.07863003095692,NA,NA,NA
2543484,"Kony Ealy","CAR","DL",24,1,5,2.75,2.75,2.75,NA,17,0.15,0,0,NA,NA,NA,NA,NA,NA,NA
2533436,"Brock Osweiler","DEN","QB",25,3,7,2.67546666666667,0.31968,5.84928,3.88338245004704,9,2.2669,4,5.5296,NA,NA,NA,10.012834685912,NA,NA,NA
1344,"Ahtyba Rubin","SEA","DL",29,7,9,2.65,2.65,2.65,NA,18,0.1,0,0,NA,NA,NA,NA,NA,NA,NA
2532826,"Mike Daniels","GB","DL",26,3,7,2.55,2.55,2.55,NA,19,0.0500000000000003,0,0,NA,NA,NA,NA,NA,NA,NA
2506908,"Frostee Rucker","ARI","DL",32,9,9,2.55,2.55,2.55,NA,20,0.175,0,0,NA,NA,NA,NA,NA,NA,NA
2507428,"Mike Tolbert","CAR","RB",30,7,5,2.45025,1.372,3.3403,1.0909874350025,18,0.86675,5,1.9683,NA,19,0.8,3.72545669701656,NA,NA,NA
2530474,"Mario Addison","CAR","DL",28,4,5,2.45,2.45,2.45,NA,21,0.25,0,0,NA,NA,NA,NA,NA,NA,NA
2495573,"Scott Chandler","NE","TE",30,8,4,2.373,1.483,2.9806,0.932049354916359,10,0.746333333333334,4,1.4976,NA,NA,NA,5.24038710797093,NA,NA,NA
2539329,"Star Lotulelei","CAR","DL",26,2,5,2.3,2.3,2.3,NA,22,0.225,0,0,NA,NA,NA,NA,NA,NA,NA
80427,"Darrius Heyward-Bey","PIT","WR",28,6,11,2.17375,0.6675,3.747,1.67405383724658,25,0.31225,7,3.0795,NA,23.8,2.1,5.30698181630504,NA,NA,NA
2552629,"Frank Clark","SEA","DL",22,0,9,2.1,2.1,2.1,NA,23,0.2,0,0,NA,NA,NA,NA,NA,NA,NA
2532955,"Alameda Taamu","ARI","DL",25,3,9,2.05,2.05,2.05,NA,24,0.325,0,0,NA,NA,NA,NA,NA,NA,NA
2552656,"J.J. Nelson","ARI","WR",23,0,9,2.021,0.8284,3.426,1.68737162474661,26,0.419833333333333,7,2.5976,NA,24,0,3.60350207994948,NA,NA,NA
2533048,"Nick Perry","FA","LB",25,3,NA,2,2,2,NA,25,0.725,0,0,NA,NA,NA,NA,NA,NA,NA
2552375,"Cameron Artis-Payne","CAR","RB",23,0,5,1.815,0.414,3.484,1.70797150639777,19,0.601333333333333,5,3.07,NA,17.2,1.5,4.74986853603768,NA,NA,NA
497238,"Jermaine Gresham","ARI","TE",27,5,9,1.781,1.5132,2.092,0.317853215599066,11,0.382833333333334,5,0.5788,NA,9.1,1.4,5.83099565204664,NA,NA,NA
2495677,"Brandon Mebane","SEA","DL",30,8,9,1.75,1.75,1.75,NA,25,0.0750000000000002,0,0,NA,NA,NA,NA,NA,NA,NA
2539982,"A.J. Klein","CAR","LB",24,2,5,1.75,1.75,1.75,NA,26,0.975,0,0,NA,NA,NA,NA,NA,NA,NA
2495802,"Jason Avant","KC","WR",32,9,9,1.702,1.2332,2.1932,0.601956809081848,27,0.274708333333334,8,0.96,NA,NA,NA,3.59376170362901,NA,NA,NA
2539270,"Sylvester Williams","DEN","DL",27,2,7,1.7,1.7,1.7,NA,26,0.175,0,0,NA,NA,NA,NA,NA,NA,NA
2507275,"Mike DeVito","KC","DL",31,8,9,1.65,1.65,1.65,NA,27,0.3,0,0,NA,NA,NA,NA,NA,NA,NA
2550198,"Bennie Fowler","DEN","WR",24,1,7,1.50033333333333,1.146,1.8108,0.426216298765467,29,0.212875,8,0.6648,NA,NA,NA,3.24351075025115,NA,NA,NA
497224,"Ed Dickson","CAR","TE",28,5,5,1.47233333333333,0.9996,2.002,0.638511028356859,12,0.167083333333333,5,1.0024,NA,NA,NA,4.15859370627545,NA,NA,NA
1720,"Letroy Guion","GB","DL",28,7,7,1.4,1.4,1.4,NA,28,0.0999999999999999,0,0,NA,NA,NA,NA,NA,NA,NA
206,"Andre Caldwell","DEN","WR",30,7,7,1.35425,0.9728,1.8005,0.453765082393963,30,0.205166666666666,8,0.8277,NA,NA,NA,3.29841549425645,NA,NA,NA
2506871,"Fred Jackson","SEA","RB",34,9,9,1.352,0.4694,2.277,0.999347787309303,20,0.325958333333334,6,1.8076,NA,16.8,2.6,5.10328671958662,NA,NA,NA
2495288,"Virgil Green","DEN","TE",27,4,7,1.324,0.7776,2.08,0.931948496430999,13,0.141,5,1.3024,NA,10.5,1.5,7.32868285870918,NA,NA,NA
79631,"B.J. Raji","GB","DL",29,6,7,1.3,1.3,1.3,NA,29,0.0250000000000001,0,0,NA,NA,NA,NA,NA,NA,NA
2539325,"Datone Jones","GB","DL",25,2,7,1.3,1.3,1.3,NA,29,0.15,0,0,NA,NA,NA,NA,NA,NA,NA
497258,"Andrew Quarless","GB","TE",27,5,7,1.2865,1.2757,1.2973,0.0190918830920367,14,0.24525,6,0.0216000000000001,NA,NA,NA,1.87581328681456,NA,NA,NA
2543688,"Ed Stinson","ARI","DL",25,1,9,1.25,1.25,1.25,NA,31,0.3,0,0,NA,NA,NA,NA,NA,NA,NA
2541966,"Jaron Brown","ARI","WR",25,2,9,1.22066666666667,0.5716,1.714,0.789608341732364,31,0.197166666666667,8,1.1424,NA,NA,NA,3.96775133240234,NA,NA,NA
71255,"Chase Coffman","FA","TE",29,6,NA,1.0795,0.3119,1.8471,1.35693791309698,15,0.112833333333333,6,1.5352,NA,8.4,1.1,6.64737296383193,NA,NA,NA
2532900,"Keshawn Martin","NE","WR",25,3,4,1.0775,0.39,1.7042,0.731689597210912,32,0.375583333333333,8,1.3142,NA,24.5,2.5,4.69491571372581,NA,NA,NA
2506147,"John Kuhn","GB","RB",33,9,7,1.07533333333333,0.7548,1.35,0.385026406020851,21,0.138791666666667,6,0.5952,NA,NA,NA,3.38549806720201,NA,NA,NA
2507590,"Steve McLendon","PIT","DL",29,6,11,1.05,1.05,1.05,NA,32,0.25,0,0,NA,NA,NA,NA,NA,NA,NA
2536071,"Cooper Helfet","SEA","TE",26,4,9,1.003,0.3638,1.4758,0.782826289798701,16,0.0999999999999999,6,1.112,NA,7.4,1,5.22336277475432,NA,NA,NA
2534796,"Bryce Brown","SEA","RB",24,3,9,0.97675,0.374,1.5901,0.67608351308597,22,0.0955833333333331,6,1.2161,NA,17,1.3,3.81662439390351,NA,NA,NA
2543750,"Jeff Janis","GB","WR",24,1,7,0.9695,0.4411,1.4979,0.934088057947429,33,0.5535,9,1.0568,NA,NA,NA,4.2556995024457,NA,NA,NA
2552633,"Jesse James","PIT","TE",21,0,11,0.930333333333333,0.3642,1.4282,0.681227079125113,17,0.101,6,1.064,NA,NA,NA,4.31601758481698,NA,NA,NA
2539980,"Kerwynn Williams","ARI","RB",24,2,9,0.896333333333334,0.4038,1.3078,0.591633614100258,23,0.144166666666667,6,0.904,NA,NA,NA,3.69485345071609,NA,NA,NA
2543628,"Troy Niklas","ARI","TE",23,1,9,0.875666666666667,0.182,1.6036,0.891592021797713,18,0.327333333333333,6,1.4216,NA,NA,NA,5.09128740936965,NA,NA,NA
2539315,"Stepfan Taylor","ARI","RB",24,2,9,0.866,0.308,1.2824,0.681812290883642,24,0.298083333333333,6,0.9744,NA,NA,NA,3.82987903574018,NA,NA,NA
2505988,"Antonio Smith","DEN","DL",34,11,7,0.85,0.85,0.85,NA,33,0.1,0,0,NA,NA,NA,NA,NA,NA,NA
2552320,"Ramik Wilson","KC","LB",23,0,9,0.8,0.8,0.8,NA,27,0.125,0,0,NA,NA,NA,NA,NA,NA,NA
2541187,"Demetrius Harris","KC","TE",24,2,9,0.783,0.1886,1.571,0.84403554427524,20,0.591166666666667,6,1.3824,NA,NA,NA,4.91602483226538,NA,NA,NA
496865,"Cam Thomas","PIT","DL",29,5,11,0.75,0.75,0.75,NA,34,NA,0,0,NA,NA,NA,NA,NA,NA,NA
496963,"Sean Weatherspoon","ARI","LB",28,5,9,0.75,0.75,0.75,NA,28,0.15,0,0,NA,NA,NA,NA,NA,NA,NA
2539287,"Landry Jones","PIT","QB",26,2,11,0.643133333333333,0.37072,0.984,0.410954806923259,10,0.500033333333333,4,0.61328,NA,8.9,0.2,2.6280800779372,NA,NA,NA
163982,"Will Johnson","PIT","RB",26,4,11,0.638333333333333,0.233,0.961,0.488935919455028,25,0.151583333333333,6,0.728,NA,NA,NA,3.54108299416563,NA,NA,NA
2550285,"Brock Coyle","SEA","LB",25,1,9,0.6,0.6,0.6,NA,29,NA,0,0,NA,NA,NA,NA,NA,NA,NA
2534871,"Derrick Coleman","SEA","RB",25,3,9,0.4975,0.4195,0.5755,0.137885822331377,26,0.0700000000000001,6,0.156,NA,NA,NA,3.01545158741141,NA,NA,NA
2553511,"John Crockett","GB","RB",23,0,7,0.476,0.2056,0.6856,0.327609523671092,27,0.1065,7,0.48,NA,NA,NA,3.299527099274,NA,NA,NA
2541828,"Frankie Hammond","KC","WR",NA,NA,9,0.434333333333333,0.116,0.7264,0.38571535273221,35,0.1955,9,0.6104,NA,NA,NA,3.16279233800053,NA,NA,NA
2543590,"Cody Latimer","DEN","WR",23,1,7,0.397666666666667,0.1926,0.6326,0.282500147492587,36,0.355666666666667,9,0.44,NA,NA,NA,2.95708436564295,NA,NA,NA
2550263,"Juwan Thompson","DEN","RB",23,1,7,0.379,0.1294,0.6814,0.363446006994161,28,0.0343333333333333,7,0.552,NA,NA,NA,3.35318548392214,NA,NA,NA
2495340,"Anthony Sherman","KC","RB",27,4,9,0.36,0.216,0.52,0.19313207915828,29,0.112166666666667,7,0.304,NA,NA,NA,3.09817245241548,NA,NA,NA
2540178,"Knile Davis","KC","RB",24,2,9,0.329333333333333,0.0956,0.6476,0.390539797374523,30,0.226166666666667,7,0.552,NA,NA,NA,3.39375333241049,NA,NA,NA
2507182,"Matt Spaeth","PIT","TE",31,8,11,0.313666666666667,0.062,0.6148,0.361718583063316,22,0.278666666666667,7,0.5528,NA,NA,NA,3.13851484820163,NA,NA,NA
2506546,"Derek Anderson","CAR","QB",32,10,5,0.174,0.0612,0.2724,0.135631854665488,11,0.0632,4,0.2112,NA,NA,NA,3.64248911133797,NA,NA,NA
2552477,"Aaron Ripkowski","GB","RB",NA,NA,7,0.166333333333333,0.028,0.3312,0.198015992620125,31,0.141333333333333,8,0.3032,NA,NA,NA,3.10548519303127,NA,NA,NA
2495748,"Drew Stanton","ARI","QB",31,8,9,0.1122,0.06052,0.17092,0.0706634275987232,12,0.00756666666666669,4,0.1104,NA,NA,NA,3.53205718121918,NA,NA,NA
81284,"Chase Daniel","KC","QB",29,6,9,0.1094,-0.0444,0.29656,0.225007288770831,13,0.0109333333333333,4,0.34096,NA,NA,NA,3.79440754524609,NA,NA,NA
2495863,"Tarvaris Jackson","SEA","QB",32,9,9,0.0998666666666667,0.0088,0.21008,0.132453966846348,14,0.0513333333333333,4,0.20128,NA,NA,NA,3.63708740621114,NA,NA,NA
2543801,"Jimmy Garoppolo","NE","QB",24,1,4,0.0970666666666667,-0.04384,0.2736,0.212866656227163,15,0.0970666666666667,4,0.31744,NA,NA,NA,3.77377116007884,NA,NA,NA
2535966,"Brenton Bersin","CAR","WR",25,2,5,0.08,0.08,0.08,NA,37,0.078,10,0,NA,NA,NA,NA,NA,NA,NA
2539327,"Joseph Fauria","FA","TE",25,2,NA,0.07,0.07,0.07,NA,25,0.07,8,0,NA,NA,NA,NA,NA,NA,NA
2532926,"Isaiah Pead","FA","RB",26,3,NA,0.04,0.04,0.04,NA,32,0.035,8,0,NA,NA,NA,NA,NA,NA,NA
2527672,"Will Tukuafu","SEA","RB",31,5,9,0.01,0.01,0.01,NA,33,0.01,0,0,NA,NA,NA,NA,NA,NA,NA
2543689,"Kevin Norwood","CAR","WR",26,1,5,0.004,0.000800000000000001,0.0072,0.00565685424949238,39,0.004,10,0.0064,NA,NA,NA,2.40533549897529,NA,NA,NA
4487,"Matthew Slater","NE","WR",30,7,4,0,0,0,NA,40,0,10,0,NA,NA,NA,NA,NA,NA,NA
71247,"James Casey","FA","TE",31,6,NA,0,0,0,NA,26,0,0,0,NA,NA,NA,NA,NA,NA,NA
1037347,"Joe Webb","CAR","QB",29,5,5,0,0,0,0,16,0,4,0,NA,NA,NA,3.411945012111,NA,NA,NA
2495215,"Christian Ponder","FA","QB",27,4,NA,0,0,0,NA,16,0,4,0,NA,NA,NA,NA,NA,NA,NA
2504531,"Michael Vick","PIT","QB",35,14,11,0,0,0,0,16,0,4,0,NA,NA,NA,3.411945012111,NA,NA,NA
2535716,"Saalim Hakim","FA","WR",25,3,NA,0,0,0,NA,40,0.031,10,0,NA,NA,NA,NA,NA,NA,NA
2540037,"Fozzy Whittaker","CAR","RB",26,3,5,0,0,0,NA,34,0,0,0,NA,19.3,1,3.32980199141869,NA,NA,NA
2543495,"Davante Adams","GB","WR",23,1,7,0,0,0,NA,40,0.062,10,0,NA,18.1,3.4,7.00901297636375,NA,NA,NA
2543587,"Aaron Murray","KC","QB",25,1,9,0,0,0,NA,16,0,4,0,NA,NA,NA,NA,NA,NA,NA
2543596,"Dri Archer","FA","RB",24,1,NA,0,0,0,NA,34,0,0,0,NA,NA,NA,NA,NA,NA,NA
2552588,"Brett Hundley","GB","QB",22,0,7,0,0,0,NA,16,0.00426666666666667,4,0,NA,NA,NA,NA,NA,NA,NA
2552634,"Joey Iosefa","TB","RB",NA,NA,6,0,0,0,NA,34,NA,0,0,NA,NA,NA,NA,NA,NA,NA
2553292,"Kennard Backman","GB","TE",22,0,7,0,0,0,NA,26,NA,8,0,NA,NA,NA,NA,NA,NA,NA
2553457,"Trevor Siemian","DEN","QB",NA,NA,7,0,0,0,0,16,0.0756,4,0,NA,NA,NA,3.411945012111,NA,NA,NA
2495425,"Scott Tolzien","GB","QB",28,4,7,-0.00853333333333333,-0.04688,0.0312,0.0488922625098628,22,0.134133333333333,4,0.07808,NA,NA,NA,3.49505102468677,NA,NA,NA
2552470,"Sammie Coates","PIT","WR",22,0,11,-0.062,-0.208,0.0592,0.175419497205983,44,NA,10,0.2672,NA,NA,NA,2.74367255874832,NA,NA,NA
2539308,"Matt Barkley","ARI","QB",25,2,9,-0.142666666666667,-0.3424,0,0.24710591521316,23,NA,5,0.3424,NA,NA,NA,3.83197031351956,NA,NA,NA
